0 0.286796 0.249006 0.00019798
1 0.302077 0.251608 0.0002826
2 0.398068 0.259345 0.00116782
3 0.403325 0.269058 0.00176838
4 0.415707 0.284283 0.00322453
5 0.415707 0.276505 0.00316597
6 0.421272 0.277885 0.0033169
7 0.440059 0.276954 0.00359125
8 0.440059 0.27295 0.00278126
9 0.445088 0.274509 0.00454125
10 0.445088 0.27581 0.00361394
11 0.445088 0.28232 0.00408042
12 0.445088 0.27642 0.00359756
13 0.445088 0.280524 0.00466645
14 0.445088 0.283763 0.00500778
15 0.445088 0.290681 0.00603986
16 0.44714 0.286625 0.00540943
17 0.44714 0.280847 0.00458341
18 0.44714 0.285464 0.00547934
19 0.448804 0.283978 0.00595007
20 0.448804 0.285061 0.00551082
21 0.448804 0.28174 0.00481627
22 0.448804 0.283743 0.00491314
23 0.465754 0.29017 0.0049892
24 0.47071 0.292799 0.00579805
25 0.47071 0.302391 0.00697562
26 0.49135 0.299346 0.00729108
27 0.49135 0.285635 0.0063461
28 0.49135 0.292531 0.00694556
29 0.49135 0.301847 0.00829901
30 0.49135 0.30099 0.00759889
31 0.49135 0.314854 0.00899387
32 0.495558 0.319144 0.00986495
33 0.498009 0.331039 0.00889914
34 0.532018 0.333363 0.00862355
35 0.539361 0.332252 0.0101781
36 0.562123 0.345766 0.0111025
37 0.608974 0.347852 0.0129528
38 0.608974 0.351191 0.012144
39 0.608974 0.354255 0.0122813
40 0.608974 0.362202 0.0135316
41 0.608974 0.354232 0.0137933
42 0.618319 0.365443 0.0138351
43 0.621628 0.377336 0.0148954
44 0.636277 0.383264 0.015134
45 0.636277 0.383048 0.0180354
46 0.636277 0.382658 0.0174128
47 0.636277 0.403893 0.0191451
48 0.636706 0.413336 0.0199536
49 0.641035 0.428934 0.0197322
50 0.658763 0.44626 0.0211424
51 0.658763 0.445281 0.0190034
52 0.658763 0.458267 0.0201356
53 0.658763 0.473296 0.0186312
54 0.675253 0.491763 0.0197736
55 0.675253 0.494514 0.0198296
56 0.675253 0.512209 0.0163879
57 0.675253 0.517791 0.0131974
58 0.697622 0.526009 0.0134002
59 0.697622 0.515851 0.0150613
60 0.697622 0.539412 0.0110474
61 0.697622 0.541733 0.0104944
62 0.697622 0.546194 0.012168
63 0.698418 0.544279 0.0107445
64 0.698418 0.551551 0.0117271
65 0.702546 0.563133 0.0100605
66 0.702546 0.566201 0.00904972
67 0.704736 0.559559 0.0129949
68 0.704736 0.550466 0.0127758
69 0.707529 0.563276 0.0134927
70 0.712153 0.571526 0.0129853
71 0.736119 0.577226 0.0134855
72 0.742602 0.59421 0.0128669
73 0.742602 0.592671 0.0106212
74 0.742602 0.609151 0.00904506
75 0.742602 0.609136 0.0106617
76 0.742602 0.612795 0.0102062
77 0.742602 0.616201 0.00870481
78 0.75368 0.625421 0.0107217
79 0.75368 0.638421 0.00757318
80 0.755163 0.635258 0.00928465
81 0.755163 0.629303 0.0125222
82 0.768192 0.627115 0.0118517
83 0.768192 0.630623 0.0120902
84 0.768192 0.63054 0.0116771
85 0.768192 0.644794 0.0118894
86 0.768192 0.643087 0.0105122
87 0.768192 0.641241 0.0104797
88 0.768192 0.649338 0.00779189
89 0.768196 0.65852 0.00798377
90 0.768196 0.664818 0.00634677
91 0.768196 0.668168 0.00502447
92 0.768196 0.667865 0.00570018
93 0.772117 0.680257 0.00448941
94 0.772117 0.677475 0.004867
95 0.772117 0.680623 0.00614211
96 0.772117 0.685635 0.00555867
97 0.772117 0.677169 0.00562195
98 0.773019 0.667418 0.00725714
99 0.773019 0.673536 0.00611834
100 0.773019 0.681586 0.00529681
101 0.773019 0.684792 0.0035063
102 0.773019 0.691993 0.00373137
103 0.779987 0.684926 0.00486842
104 0.779987 0.680913 0.00454922
105 0.780001 0.683525 0.00478924
106 0.78183 0.682332 0.00605483
107 0.78183 0.68838 0.00643533
108 0.78183 0.689858 0.00508629
109 0.78183 0.683764 0.00671312
110 0.78183 0.70242 0.00420139
111 0.78183 0.708846 0.00340409
112 0.783856 0.705268 0.00503514
113 0.783856 0.701571 0.0049304
114 0.783856 0.692104 0.00540083
115 0.783856 0.679292 0.00633559
116 0.783856 0.684786 0.00596378
117 0.785614 0.690486 0.00552321
118 0.791141 0.693422 0.00634539
119 0.791141 0.699298 0.00461599
120 0.791141 0.688942 0.00440758
121 0.791141 0.693837 0.00472656
122 0.791141 0.678466 0.00711846
123 0.791508 0.680022 0.00659531
124 0.791508 0.668213 0.00685624
125 0.791508 0.684604 0.00625453
126 0.792188 0.692412 0.00573516
127 0.792188 0.70721 0.00504777
128 0.792188 0.692937 0.00568451
129 0.796047 0.67881 0.00588212
130 0.798911 0.696469 0.00555865
131 0.798911 0.691243 0.00611866
132 0.803425 0.69875 0.00529628
133 0.803425 0.707774 0.00478563
134 0.803425 0.691866 0.00681789
135 0.805754 0.691952 0.0081917
136 0.805754 0.697806 0.00620646
137 0.805754 0.697724 0.00622982
138 0.805754 0.706599 0.00504324
139 0.805754 0.715021 0.00480691
140 0.811067 0.708918 0.00641352
141 0.811067 0.71035 0.00594457
142 0.811067 0.700644 0.00608894
143 0.81866 0.715775 0.00515113
144 0.81866 0.716642 0.00504327
145 0.81866 0.71776 0.0047633
146 0.81866 0.721034 0.00567179
147 0.81866 0.719468 0.00566337
148 0.81866 0.721262 0.00778193
149 0.81866 0.721435 0.0063465
150 0.81866 0.722619 0.00606367
151 0.821455 0.721999 0.00622229
152 0.821455 0.739402 0.00477031
153 0.821455 0.723214 0.00851572
154 0.821455 0.712028 0.0083029
155 0.821455 0.709198 0.00781374
156 0.821455 0.719613 0.00538243
157 0.821455 0.733322 0.00528803
158 0.821455 0.742736 0.00428097
159 0.824983 0.745979 0.00449268
160 0.825403 0.739228 0.00571646
161 0.825403 0.741169 0.00581312
162 0.825403 0.723471 0.00865956
163 0.825403 0.723638 0.00854541
164 0.826519 0.726342 0.00844395
165 0.826519 0.728177 0.00901936
166 0.826519 0.724414 0.0111711
167 0.826519 0.731953 0.00805383
168 0.826519 0.730091 0.00813509
169 0.826519 0.73613 0.0069779
170 0.826519 0.732511 0.00798672
171 0.830631 0.730672 0.0069174
172 0.830631 0.740457 0.00551122
173 0.830631 0.746657 0.0054889
174 0.830631 0.759626 0.00321474
175 0.830631 0.75086 0.00505991
176 0.830631 0.740075 0.00690824
177 0.830631 0.743387 0.00662959
178 0.830631 0.73712 0.00705656
179 0.830631 0.740922 0.00605475
180 0.839772 0.75161 0.00481695
181 0.839772 0.748872 0.00528327
182 0.839772 0.741328 0.0052189
183 0.839772 0.738481 0.00598762
184 0.839772 0.748056 0.00478526
185 0.839772 0.746522 0.00608397
186 0.839772 0.743767 0.0055522
187 0.839772 0.759395 0.00412995
188 0.839772 0.754312 0.00497996
189 0.839772 0.749944 0.0048801
190 0.839772 0.751472 0.00609833
191 0.839772 0.75861 0.00511176
192 0.839772 0.755161 0.00495178
193 0.839772 0.755772 0.00464976
194 0.839772 0.749972 0.00563878
195 0.839772 0.742829 0.00642416
196 0.839772 0.749578 0.00637533
197 0.845898 0.76185 0.00457701
198 0.845898 0.756569 0.00475693
199 0.845898 0.746947 0.00567243
200 0.845898 0.741882 0.00744766
201 0.845898 0.743562 0.00635418
202 0.845898 0.749266 0.00616451
203 0.845898 0.752889 0.0060533
204 0.845898 0.753799 0.00602025
205 0.845898 0.750229 0.00632016
206 0.845898 0.754275 0.00501085
207 0.845898 0.752091 0.0054706
208 0.845898 0.750593 0.00493167
209 0.845898 0.750007 0.00532706
210 0.845898 0.746285 0.00585012
211 0.845898 0.74449 0.00622879
212 0.845898 0.744558 0.00578186
213 0.845898 0.73715 0.00762411
214 0.845898 0.73457 0.00858751
215 0.845898 0.747496 0.0061001
216 0.845898 0.742752 0.0075222
217 0.845898 0.743813 0.0076748
218 0.845898 0.737061 0.00677326
219 0.845898 0.735004 0.00587588
220 0.845898 0.741539 0.00546902
221 0.845898 0.737909 0.00576415
222 0.845898 0.742543 0.00660761
223 0.845898 0.741598 0.00726902
224 0.845898 0.753043 0.00603173
225 0.845898 0.741713 0.00644341
226 0.845898 0.751785 0.0060913
227 0.845898 0.742877 0.00778786
228 0.845898 0.741691 0.0073818
229 0.845898 0.74635 0.00743926
230 0.845898 0.75013 0.0052348
231 0.845898 0.742433 0.00785497
232 0.845898 0.743513 0.00880647
233 0.845898 0.736349 0.0096432
234 0.845898 0.746517 0.007917
235 0.845898 0.754589 0.00617781
236 0.845898 0.752127 0.00628969
237 0.847593 0.740733 0.00575397
238 0.847593 0.739081 0.00537921
239 0.847593 0.7499 0.00627321
240 0.847593 0.753427 0.00469915
241 0.847593 0.762013 0.00484476
242 0.847593 0.766096 0.0041315
243 0.847593 0.764215 0.00548392
244 0.847593 0.752121 0.00768936
245 0.847593 0.764544 0.00518958
246 0.847593 0.751668 0.00717282
247 0.847593 0.755013 0.00623002
248 0.847593 0.755105 0.00550118
249 0.847593 0.755068 0.00696251
250 0.847593 0.753942 0.00635027
251 0.847593 0.748007 0.00715221
252 0.847593 0.757642 0.00586412
253 0.847593 0.758761 0.00419776
254 0.847593 0.760008 0.00480556
255 0.847593 0.767134 0.00413116
256 0.847593 0.757706 0.00573074
257 0.850982 0.767692 0.00533216
258 0.850982 0.764885 0.00531208
259 0.850982 0.761719 0.00566187
260 0.850982 0.765597 0.00535609
261 0.850982 0.761518 0.00679125
262 0.850982 0.766802 0.00545818
263 0.850982 0.766313 0.00450806
264 0.850982 0.767382 0.00558151
265 0.850982 0.765446 0.00463974
266 0.850982 0.761936 0.0059681
267 0.850982 0.774744 0.00327878
268 0.850982 0.756692 0.00664093
269 0.854194 0.766346 0.00511431
270 0.854194 0.755401 0.00704803
271 0.854194 0.756123 0.0061819
272 0.854194 0.766659 0.00510453
273 0.854194 0.764476 0.00488989
274 0.854194 0.756375 0.00568735
275 0.854194 0.775258 0.00344673
276 0.854194 0.769907 0.0037836
277 0.854194 0.767445 0.00380716
278 0.854194 0.772196 0.00410554
279 0.854194 0.770675 0.00414467
280 0.854194 0.769778 0.00482576
281 0.854194 0.771104 0.00358031
282 0.854194 0.771604 0.00509656
283 0.854194 0.77065 0.00599435
284 0.854194 0.773232 0.00534497
285 0.855515 0.777732 0.00405453
286 0.855515 0.768342 0.00394548
287 0.855515 0.763735 0.00554186
288 0.855515 0.767241 0.00504404
289 0.855515 0.771543 0.00410577
290 0.855515 0.773188 0.00402649
291 0.855515 0.773321 0.00466927
292 0.855515 0.768786 0.00614889
293 0.855515 0.780992 0.00538902
294 0.855515 0.776468 0.00453758
295 0.855515 0.775539 0.00384651
296 0.855515 0.770891 0.00514381
297 0.855648 0.769837 0.00388015
298 0.855648 0.770227 0.00388337
299 0.855648 0.773018 0.00346393
300 0.855648 0.761144 0.00492331
301 0.855648 0.767585 0.00463236
302 0.855648 0.762152 0.0065121
303 0.855648 0.76866 0.00413087
304 0.855648 0.768066 0.00416594
305 0.855648 0.767098 0.00414854
306 0.855648 0.766012 0.00449363
307 0.855648 0.76584 0.00567638
308 0.855648 0.765911 0.00427419
309 0.855648 0.771539 0.00361102
310 0.855648 0.767154 0.0057089
311 0.855648 0.773124 0.00510374
312 0.857971 0.781923 0.00378897
313 0.857971 0.771762 0.0058985
314 0.857971 0.755963 0.00612654
315 0.857971 0.751925 0.00631465
316 0.857971 0.748858 0.00805087
317 0.857971 0.763321 0.00517245
318 0.857971 0.766019 0.00432865
319 0.857971 0.779304 0.00307024
320 0.858833 0.773964 0.0052065
321 0.858833 0.766243 0.00586255
322 0.858833 0.767902 0.00548279
323 0.858833 0.769923 0.00519978
324 0.858833 0.773102 0.00487203
325 0.858833 0.770111 0.00501498
326 0.858833 0.763802 0.00461884
327 0.858833 0.765418 0.00571599
328 0.858833 0.768483 0.00543244
329 0.858833 0.775461 0.00444671
330 0.858833 0.763068 0.00771456
331 0.858833 0.766761 0.006386
332 0.858833 0.773334 0.00607808
333 0.858833 0.767681 0.00687441
334 0.858833 0.771844 0.00621649
335 0.858853 0.769524 0.00554686
336 0.858853 0.772003 0.0057239
337 0.858853 0.7579 0.00668701
338 0.858853 0.760092 0.00578587
339 0.858853 0.750219 0.00846764
340 0.858853 0.761235 0.00783019
341 0.860626 0.759879 0.00675359
342 0.860626 0.760918 0.00712006
343 0.860626 0.752611 0.00895878
344 0.860626 0.757233 0.00899983
345 0.860626 0.761287 0.00723228
346 0.860626 0.770526 0.00580206
347 0.860626 0.773318 0.00710913
348 0.860626 0.765566 0.00730182
349 0.860626 0.76139 0.0078191
350 0.860626 0.749803 0.00942848
351 0.860626 0.745964 0.00916853
352 0.86402 0.754256 0.00737694
353 0.86402 0.750534 0.00719264
354 0.86402 0.756396 0.00847345
355 0.86402 0.762193 0.00717293
356 0.86402 0.764663 0.00596382
357 0.86402 0.775332 0.00548627
358 0.86402 0.767095 0.00554778
359 0.86402 0.75401 0.00908437
360 0.86402 0.770852 0.00540857
361 0.86402 0.754574 0.00773033
362 0.86402 0.747025 0.0107858
363 0.86402 0.760354 0.00831754
364 0.86402 0.763686 0.00984582
365 0.86402 0.774158 0.00671103
366 0.86402 0.77897 0.00497067
367 0.86402 0.770484 0.00440617
368 0.86402 0.766822 0.00527302
369 0.86402 0.780783 0.00362744
370 0.86402 0.775695 0.0042861
371 0.86402 0.771103 0.0078602
372 0.86402 0.76696 0.00773688
373 0.86402 0.771428 0.00490187
374 0.86402 0.781735 0.00374099
375 0.86402 0.770445 0.00615505
376 0.86402 0.759064 0.00711402
377 0.86402 0.754414 0.00734136
378 0.86402 0.752403 0.00896366
379 0.86402 0.752447 0.00937381
380 0.86402 0.758621 0.0091404
381 0.86402 0.763964 0.0061913
382 0.86402 0.766016 0.00523719
383 0.86402 0.772575 0.00465269
384 0.86402 0.76679 0.00577292
385 0.86402 0.769557 0.00674171
386 0.86402 0.772217 0.00531087
387 0.86402 0.765874 0.00560968
388 0.86402 0.771217 0.00590213
389 0.86402 0.76674 0.00646372
390 0.86402 0.764701 0.00518237
391 0.86402 0.775706 0.00587626
392 0.86402 0.774593 0.00696184
393 0.86402 0.781017 0.00567137
394 0.86402 0.778228 0.00588753
395 0.86402 0.784024 0.00429361
396 0.86402 0.770371 0.00590006
397 0.86402 0.761856 0.0071731
398 0.86402 0.774021 0.00490365
399 0.86402 0.77337 0.00657814
400 0.86402 0.781636 0.00442932
401 0.86402 0.769882 0.00602068
402 0.86402 0.770632 0.00456591
403 0.86402 0.769153 0.00493357
404 0.86402 0.759762 0.00750676
405 0.86402 0.77642 0.00526393
406 0.86402 0.767923 0.00736554
407 0.86402 0.771583 0.00661297
408 0.86402 0.763483 0.0078116
409 0.86402 0.769968 0.00625907
410 0.86402 0.766939 0.00765357
411 0.86402 0.774246 0.0061349
412 0.86402 0.763561 0.00733802
413 0.86402 0.762941 0.00712561
414 0.86402 0.767754 0.00590297
415 0.86402 0.768084 0.00635844
416 0.86402 0.768027 0.00571109
417 0.86402 0.767846 0.00693704
418 0.86402 0.779475 0.00492764
419 0.86402 0.759846 0.00900927
420 0.866956 0.758258 0.00765016
421 0.866956 0.769007 0.00593954
422 0.866956 0.766825 0.00541891
423 0.867633 0.769063 0.00527957
424 0.867633 0.759178 0.00741523
425 0.867633 0.770564 0.00786135
426 0.867633 0.774154 0.00703267
427 0.867633 0.769972 0.00713853
428 0.867633 0.771197 0.00542481
429 0.867633 0.773003 0.00587949
430 0.867633 0.763209 0.00745546
431 0.867633 0.770735 0.00706795
432 0.867633 0.766129 0.00793051
433 0.867633 0.767774 0.00623697
434 0.867633 0.77606 0.00609257
435 0.867633 0.764994 0.00866463
436 0.867985 0.770959 0.00666517
437 0.867985 0.759354 0.0081902
438 0.867985 0.756466 0.00993708
439 0.867985 0.761587 0.00836197
440 0.867985 0.757675 0.00685936
441 0.867985 0.749313 0.010124
442 0.870347 0.76278 0.00872037
443 0.870347 0.7714 0.00767584
444 0.870347 0.76262 0.00844334
445 0.870347 0.773093 0.00719964
446 0.870347 0.77191 0.00671886
447 0.870347 0.775435 0.00550363
448 0.870347 0.775874 0.00620839
449 0.870347 0.782806 0.00485462
450 0.870347 0.771035 0.00619617
451 0.870347 0.773654 0.0057616
452 0.870347 0.767032 0.00582329
453 0.870347 0.756974 0.010454
454 0.870347 0.753248 0.0129721
455 0.870347 0.759939 0.00999067
456 0.870347 0.762007 0.00889371
457 0.870347 0.748911 0.011981
458 0.870347 0.757862 0.00939553
459 0.870347 0.763085 0.0100396
460 0.870347 0.760464 0.0107162
461 0.870347 0.7696 0.00777862
462 0.870347 0.770103 0.00856575
463 0.870347 0.754583 0.0125512
464 0.870347 0.759385 0.0107226
465 0.870347 0.763402 0.0103682
466 0.870347 0.765205 0.00820572
467 0.870347 0.767027 0.0104478
468 0.870347 0.765492 0.00979412
469 0.870347 0.764685 0.00880686
470 0.870347 0.748754 0.0102989
471 0.870347 0.754912 0.0090468
472 0.870347 0.757874 0.00829272
473 0.870347 0.765768 0.00619788
474 0.870347 0.768257 0.0065352
475 0.870347 0.758959 0.00889754
476 0.870347 0.762767 0.00726363
477 0.870347 0.754852 0.00964624
478 0.870347 0.754429 0.00940172
479 0.870347 0.743064 0.0105313
480 0.870347 0.734289 0.0135028
481 0.870347 0.754817 0.00948375
482 0.870347 0.751176 0.0123276
483 0.870347 0.752583 0.00974616
484 0.870347 0.758948 0.00880321
485 0.870347 0.760636 0.0096728
486 0.870347 0.780814 0.00529943
487 0.870347 0.776212 0.00650623
488 0.870347 0.771188 0.0066733
489 0.870347 0.76887 0.00706291
490 0.870347 0.761818 0.00566025
491 0.870347 0.75834 0.00735321
492 0.870347 0.766317 0.00799919
493 0.870347 0.756027 0.00989211
494 0.870878 0.753935 0.00957294
495 0.870878 0.763337 0.00732996
496 0.870878 0.778633 0.00550677
497 0.870878 0.770621 0.00656409
498 0.870878 0.768425 0.00740207
499 0.870878 0.761057 0.0093294
500 0.870878 0.758332 0.00984431
501 0.870878 0.77248 0.00784586
502 0.870878 0.784226 0.00813642
503 0.870878 0.790738 0.00699458
504 0.870878 0.787145 0.00439342
505 0.870878 0.78976 0.00442182
506 0.870878 0.791066 0.00596469
507 0.870878 0.794337 0.00395949
508 0.870878 0.803261 0.00419147
509 0.870878 0.790777 0.0045703
510 0.870878 0.787996 0.00471706
511 0.870897 0.788489 0.00516826
512 0.870897 0.783567 0.00677874
513 0.870897 0.782938 0.00669091
514 0.870897 0.768882 0.00764029
515 0.870897 0.777279 0.00603871
516 0.870897 0.778023 0.00677841
517 0.870897 0.7776 0.00813661
518 0.870897 0.772845 0.00809102
519 0.870897 0.774601 0.00687656
520 0.870897 0.765193 0.00914702
521 0.870897 0.773833 0.00715798
522 0.870897 0.787534 0.0055651
523 0.870897 0.78554 0.00635212
524 0.870897 0.784273 0.00634745
525 0.870897 0.770931 0.00800142
526 0.870897 0.776668 0.00689839
527 0.871132 0.7865 0.00613369
528 0.871132 0.785606 0.00668988
529 0.871132 0.784468 0.00769559
530 0.871132 0.785475 0.00643421
531 0.871265 0.782165 0.00617413
532 0.87264 0.778968 0.00838482
533 0.87264 0.769746 0.00923595
534 0.87264 0.775211 0.00627095
535 0.87264 0.769986 0.00723989
536 0.87264 0.772744 0.00825519
537 0.87264 0.767438 0.00668695
538 0.87264 0.753171 0.0100135
539 0.87264 0.761866 0.00895312
540 0.87264 0.758628 0.00917259
541 0.87264 0.771702 0.0064034
542 0.87264 0.767436 0.00743273
543 0.87264 0.77346 0.00612823
544 0.87264 0.785564 0.0049382
545 0.87264 0.778242 0.00628481
546 0.87264 0.770423 0.00706508
547 0.87264 0.773385 0.00661289
548 0.87264 0.779432 0.00519105
549 0.87264 0.77251 0.0055296
550 0.87264 0.774567 0.00653057
551 0.87264 0.763383 0.00843462
552 0.87264 0.771195 0.00619519
553 0.87264 0.768891 0.00780106
554 0.87264 0.775078 0.00699727
555 0.87264 0.770484 0.00778983
556 0.87264 0.76536 0.00827502
557 0.87264 0.775381 0.00709721
558 0.87264 0.776023 0.00703926
559 0.87264 0.766313 0.00881993
560 0.87264 0.765145 0.00903631
561 0.87264 0.769723 0.00606162
562 0.87264 0.766097 0.00851581
563 0.87264 0.765337 0.010619
564 0.87264 0.766589 0.0100869
565 0.87264 0.773735 0.00696028
566 0.87264 0.767537 0.00918794
567 0.87484 0.776462 0.00838721
568 0.87484 0.78463 0.00669925
569 0.87484 0.789526 0.00417663
570 0.87484 0.783513 0.00747555
571 0.87484 0.794378 0.00485835
572 0.87484 0.788545 0.00774422
573 0.87484 0.791764 0.00457175
574 0.87512 0.781578 0.00551362
575 0.87512 0.772937 0.00635906
576 0.87512 0.766553 0.0104468
577 0.87512 0.756344 0.0114969
578 0.87512 0.749984 0.0113291
579 0.87512 0.769517 0.00901433
580 0.87512 0.762728 0.00999681
581 0.87512 0.757132 0.0110813
582 0.87512 0.763732 0.0072724
583 0.87512 0.759155 0.0114264
584 0.87512 0.776779 0.00956774
585 0.87512 0.77938 0.00668849
586 0.87512 0.765883 0.0115321
587 0.87512 0.751521 0.0122624
588 0.87512 0.772561 0.00641191
589 0.87512 0.775324 0.00661684
590 0.87512 0.759237 0.0094728
591 0.87512 0.769399 0.0072942
592 0.87512 0.766315 0.00763483
593 0.87512 0.766349 0.00903829
594 0.87512 0.767093 0.00809031
595 0.87512 0.774487 0.00835844
596 0.87512 0.775109 0.00817923
597 0.87512 0.756272 0.0116945
598 0.87512 0.771782 0.00811402
599 0.87512 0.762901 0.00945478
600 0.87512 0.757698 0.0109219
601 0.87512 0.763342 0.00976574
602 0.87512 0.75876 0.00873311
603 0.87512 0.765062 0.00873204
604 0.87512 0.776382 0.00870533
605 0.87512 0.77185 0.00855467
606 0.87512 0.766438 0.0101023
607 0.87512 0.762477 0.00950416
608 0.87512 0.753206 0.0128991
609 0.87512 0.754729 0.0124042
610 0.87512 0.76355 0.00866479
611 0.87512 0.76075 0.00776586
612 0.87512 0.757193 0.00928155
613 0.87512 0.763917 0.00784616
614 0.87512 0.761874 0.00868766
615 0.87512 0.761026 0.0102974
616 0.87512 0.766886 0.009883
617 0.87512 0.766834 0.0105111
618 0.87512 0.774279 0.00807894
619 0.87512 0.768047 0.00924707
620 0.87512 0.763303 0.00914517
621 0.87512 0.766969 0.00861155
622 0.87512 0.768965 0.00887082
623 0.875509 0.774532 0.00795624
624 0.875509 0.773497 0.00868182
625 0.875509 0.773146 0.0079434
626 0.875509 0.780407 0.00742138
627 0.875509 0.777456 0.00735148
628 0.875509 0.781273 0.0065012
629 0.875509 0.77873 0.00625608
630 0.875509 0.777963 0.00607774
631 0.875509 0.775197 0.00864146
632 0.875509 0.757858 0.0139488
633 0.875509 0.765125 0.0127143
634 0.875509 0.767569 0.0119416
635 0.875509 0.769377 0.00986593
636 0.875509 0.773748 0.00732469
637 0.877908 0.782756 0.00823151
638 0.877908 0.773758 0.00970099
639 0.877908 0.779611 0.00796315
640 0.877908 0.777671 0.00816085
641 0.877908 0.774154 0.00799684
642 0.877908 0.776818 0.00800289
643 0.877908 0.781571 0.00587135
644 0.877908 0.768858 0.00886314
645 0.877908 0.766512 0.00951524
646 0.877908 0.76966 0.00990282
647 0.877908 0.757661 0.010754
648 0.877908 0.753424 0.0115212
649 0.877908 0.756242 0.0080795
650 0.877908 0.757914 0.00874699
651 0.877908 0.757041 0.0111812
652 0.877908 0.742716 0.0115497
653 0.877908 0.750712 0.00999893
654 0.877908 0.764486 0.0070712
655 0.877908 0.771586 0.00647147
656 0.877908 0.773411 0.00630998
657 0.877908 0.775788 0.00747043
658 0.877908 0.772327 0.00838264
659 0.877908 0.777323 0.00866471
660 0.877908 0.756519 0.0127451
661 0.877908 0.764406 0.00900001
662 0.877908 0.770049 0.00996917
663 0.877908 0.777746 0.00723773
664 0.877908 0.776022 0.00657638
665 0.877908 0.775005 0.00632854
666 0.877908 0.772741 0.00817054
667 0.877908 0.761752 0.00997446
668 0.877908 0.760598 0.00788279
669 0.877908 0.775079 0.00714296
670 0.877908 0.773597 0.00637491
671 0.877908 0.765063 0.00850163
672 0.877908 0.773591 0.0074976
673 0.877908 0.759512 0.00903405
674 0.877908 0.765405 0.00982803
675 0.877908 0.75984 0.00880395
676 0.877908 0.760583 0.00912553
677 0.877908 0.763037 0.00823047
678 0.877908 0.756402 0.00954801
679 0.877908 0.762576 0.0109262
680 0.877908 0.765535 0.0110402
681 0.877908 0.758319 0.0157952
682 0.877908 0.758197 0.0131124
683 0.877908 0.767769 0.00831263
684 0.877908 0.758866 0.00993929
685 0.877908 0.765615 0.00911697
686 0.877908 0.761255 0.00808552
687 0.877908 0.767866 0.00778688
688 0.877908 0.759625 0.00950971
689 0.877908 0.750958 0.0096961
690 0.877908 0.757575 0.00906734
691 0.877908 0.754766 0.00985001
692 0.877908 0.752553 0.0106136
693 0.877908 0.760704 0.0105039
694 0.877908 0.759643 0.00925873
695 0.877908 0.771349 0.00646038
696 0.877908 0.764305 0.00638374
697 0.877908 0.765414 0.00819666
698 0.877908 0.769087 0.0067511
699 0.877908 0.756455 0.00937711
700 0.877908 0.76474 0.00773239
701 0.877908 0.750631 0.00901201
702 0.877908 0.758998 0.00874655
703 0.877908 0.76923 0.00736944
704 0.877908 0.756356 0.0097306
705 0.877908 0.753054 0.0100338
706 0.877908 0.746174 0.0120668
707 0.877908 0.742562 0.0136754
708 0.877908 0.764021 0.0110895
709 0.877908 0.761719 0.0108225
710 0.877908 0.763207 0.00940389
711 0.877908 0.773157 0.00701391
712 0.877908 0.754677 0.0107664
713 0.877908 0.771603 0.00680734
714 0.877908 0.762703 0.00870632
715 0.877908 0.765542 0.00813439
716 0.877908 0.780989 0.00839459
717 0.877908 0.788234 0.00811741
718 0.877908 0.768053 0.0104443
719 0.877908 0.781353 0.00757429
720 0.877908 0.776844 0.00663204
721 0.877908 0.774169 0.00647418
722 0.877908 0.769705 0.00706713
723 0.877908 0.774953 0.00706774
724 0.877908 0.763223 0.00854175
725 0.877908 0.756465 0.00819978
726 0.877908 0.758661 0.00819953
727 0.877908 0.764493 0.00592581
728 0.877908 0.765049 0.00624751
729 0.877908 0.77788 0.00453284
730 0.878141 0.761433 0.00765267
731 0.878141 0.761325 0.00818307
732 0.878141 0.76826 0.00879903
733 0.878141 0.773074 0.00819808
734 0.878141 0.775803 0.00805781
735 0.878141 0.770625 0.00850954
736 0.878141 0.76621 0.00869891
737 0.878141 0.762304 0.00877358
738 0.878141 0.771079 0.00703972
739 0.878141 0.778666 0.0060924
740 0.878141 0.767675 0.00684824
741 0.878141 0.780259 0.00703413
742 0.878141 0.77986 0.00643048
743 0.878141 0.770413 0.0096245
744 0.878141 0.764637 0.00965984
745 0.878141 0.772055 0.00738119
746 0.878689 0.768535 0.00857975
747 0.878689 0.767741 0.00838206
748 0.878689 0.767237 0.00796469
749 0.878689 0.776599 0.00676435
750 0.878689 0.773566 0.00709188
751 0.878689 0.770993 0.00856209
752 0.878689 0.763073 0.0104564
753 0.878689 0.764277 0.00929604
754 0.878689 0.763494 0.0106807
755 0.878689 0.7544 0.0115999
756 0.878689 0.769007 0.00868673
757 0.878689 0.770674 0.00743196
758 0.878689 0.772917 0.0085352
759 0.878689 0.765662 0.0100764
760 0.878689 0.763146 0.0096846
761 0.878689 0.771906 0.00879632
762 0.878689 0.760639 0.0120793
763 0.878689 0.760008 0.0113578
764 0.878689 0.746854 0.0138893
765 0.878689 0.761929 0.0091791
766 0.878689 0.760535 0.00965052
767 0.878689 0.762059 0.00835195
768 0.878689 0.748436 0.0136731
769 0.878689 0.765091 0.00784402
770 0.878689 0.763558 0.00897186
771 0.878689 0.76361 0.0109521
772 0.878689 0.762562 0.00813293
773 0.878689 0.755114 0.0123305
774 0.878689 0.757759 0.0111498
775 0.878689 0.76046 0.00838797
776 0.878689 0.753032 0.0116222
777 0.878689 0.75191 0.00999453
778 0.878689 0.752059 0.0112126
779 0.878689 0.736686 0.0129879
780 0.878689 0.734878 0.0110676
781 0.878689 0.738887 0.0117829
782 0.878689 0.747456 0.0102741
783 0.878689 0.742435 0.0115999
784 0.878689 0.767841 0.0090332
785 0.878689 0.751028 0.0125444
786 0.878689 0.756552 0.0124258
787 0.878689 0.763117 0.00981905
788 0.878689 0.764002 0.00940095
789 0.878689 0.758712 0.0104752
790 0.878689 0.763085 0.0109011
791 0.878689 0.761515 0.00936316
792 0.878689 0.763474 0.0105273
793 0.878689 0.769277 0.00727922
794 0.878689 0.751365 0.0112428
795 0.878689 0.757542 0.0107463
796 0.878689 0.771164 0.00798465
797 0.878689 0.767787 0.00890089
798 0.878689 0.777459 0.00756248
799 0.878689 0.769927 0.00883614
800 0.878689 0.768152 0.00764639
801 0.878689 0.774469 0.00692111
802 0.878689 0.770811 0.00841279
803 0.878689 0.770981 0.00736487
804 0.878689 0.768973 0.00853187
805 0.878689 0.762833 0.0139063
806 0.878689 0.761157 0.0138777
807 0.878689 0.755245 0.0127844
808 0.878689 0.77132 0.00802649
809 0.878689 0.781152 0.00541618
810 0.878689 0.773878 0.0061968
811 0.878689 0.771251 0.0072565
812 0.878689 0.779687 0.00633262
813 0.878689 0.78339 0.00610615
814 0.878689 0.773627 0.00659739
815 0.878689 0.780168 0.00718327
816 0.878689 0.772029 0.00754188
817 0.878689 0.776617 0.00647997
818 0.878689 0.788088 0.00448392
819 0.878689 0.768517 0.00682954
820 0.878689 0.770104 0.00652913
821 0.878689 0.760822 0.00791454
822 0.878689 0.752637 0.0111246
823 0.878689 0.760901 0.0110753
824 0.878689 0.759322 0.00936016
825 0.878689 0.778518 0.00714128
826 0.878689 0.76872 0.00968376
827 0.878689 0.762397 0.00858411
828 0.878689 0.756034 0.00895692
829 0.878689 0.760795 0.00766704
830 0.878689 0.762421 0.00776956
831 0.878689 0.76015 0.00949057
832 0.878689 0.770931 0.00810959
833 0.87899 0.775864 0.00728739
834 0.87899 0.770236 0.00768698
835 0.87899 0.773231 0.00968579
836 0.87899 0.779364 0.00777976
837 0.87899 0.766653 0.00975112
838 0.87899 0.761979 0.0115286
839 0.87899 0.757683 0.011873
840 0.87899 0.761665 0.0112835
841 0.87899 0.769102 0.00987008
842 0.87899 0.775874 0.007065
843 0.87899 0.787425 0.00698391
844 0.87899 0.787109 0.00519105
845 0.87899 0.780748 0.00711197
846 0.87899 0.763802 0.0109812
847 0.87899 0.768075 0.00777946
848 0.87899 0.775158 0.00604996
849 0.87899 0.773283 0.00710424
850 0.87899 0.770832 0.00646109
851 0.87899 0.773838 0.00621415
852 0.87899 0.764984 0.00696311
853 0.87899 0.759704 0.00838481
854 0.87899 0.73209 0.0106824
855 0.87899 0.739515 0.0110262
856 0.87899 0.75677 0.00790223
857 0.87899 0.760512 0.00721154
858 0.87899 0.75524 0.0104066
859 0.87899 0.757354 0.0109309
860 0.87899 0.773389 0.00920159
861 0.87899 0.781472 0.00711098
862 0.87899 0.775125 0.00781374
863 0.87899 0.773032 0.00777759
864 0.87899 0.788092 0.00497306
865 0.87899 0.780387 0.00625102
866 0.87899 0.782948 0.00582223
867 0.87899 0.782521 0.00643142
868 0.87899 0.781207 0.00654583
869 0.87899 0.785119 0.00639721
870 0.87899 0.776818 0.00714849
871 0.87899 0.778786 0.00685349
872 0.87899 0.779537 0.00630875
873 0.87899 0.771091 0.00786748
874 0.87899 0.766692 0.00870537
875 0.87899 0.769448 0.00855864
876 0.87899 0.761756 0.010091
877 0.87899 0.759995 0.0110634
878 0.87899 0.753433 0.0121784
879 0.87899 0.749226 0.0128828
880 0.87899 0.762295 0.0087766
881 0.87899 0.770706 0.00855914
882 0.87899 0.779244 0.00550693
883 0.87899 0.766317 0.00618122
884 0.87899 0.771242 0.00676618
885 0.87899 0.780191 0.0058711
886 0.87899 0.776024 0.0063872
887 0.87899 0.758279 0.00914242
888 0.87899 0.776288 0.00701298
889 0.87899 0.773763 0.00758982
890 0.87899 0.77552 0.00750425
891 0.87899 0.783909 0.00555565
892 0.87899 0.778929 0.0073236
893 0.87899 0.781383 0.00766126
894 0.87899 0.767645 0.0093795
895 0.87899 0.773785 0.00777936
896 0.87899 0.775924 0.00655694
897 0.87899 0.767136 0.0101756
898 0.87899 0.754239 0.0118593
899 0.87899 0.750708 0.0155111
900 0.87899 0.749522 0.0150084
901 0.87899 0.757988 0.0101783
902 0.87899 0.761144 0.0112985
903 0.87899 0.76304 0.00939992
904 0.87899 0.756227 0.0126574
905 0.87899 0.75165 0.0118223
906 0.87899 0.75277 0.0106468
907 0.87899 0.771013 0.00756803
908 0.87899 0.777186 0.00622241
909 0.87899 0.788219 0.00448999
910 0.87899 0.78686 0.0042268
911 0.87899 0.783878 0.00519937
912 0.87899 0.786901 0.00612929
913 0.87899 0.783491 0.00546251
914 0.87899 0.777587 0.00628168
915 0.87899 0.778385 0.00603672
916 0.87899 0.764048 0.00891079
917 0.87899 0.760356 0.0103676
918 0.87899 0.759771 0.00934984
919 0.87916 0.76325 0.00781078
920 0.87916 0.767585 0.00839479
921 0.87916 0.769627 0.00991707
922 0.87916 0.774146 0.00800203
923 0.87916 0.760815 0.0087361
924 0.87916 0.757406 0.00984602
925 0.87916 0.76151 0.00873828
926 0.87916 0.757961 0.0110224
927 0.87916 0.757109 0.0121771
928 0.87916 0.757469 0.0134655
929 0.87916 0.763893 0.0108414
930 0.87916 0.751319 0.0105088
931 0.87916 0.746631 0.0147647
932 0.87916 0.75709 0.0115035
933 0.87916 0.75231 0.0113467
934 0.87916 0.747054 0.0138148
935 0.87916 0.744831 0.012554
936 0.87916 0.745136 0.0136528
937 0.87916 0.753013 0.012334
938 0.87916 0.75518 0.0104659
939 0.87916 0.763494 0.00936878
940 0.87916 0.7616 0.00896207
941 0.87916 0.764101 0.00879946
942 0.87916 0.765396 0.00849091
943 0.87916 0.763245 0.00941394
944 0.87916 0.763364 0.0108453
945 0.87916 0.760945 0.00958118
946 0.87916 0.77004 0.00802139
947 0.87916 0.777352 0.00714708
948 0.87916 0.776327 0.00681071
949 0.87916 0.77216 0.00655509
950 0.87916 0.781299 0.00668766
951 0.87916 0.787775 0.00564592
952 0.87916 0.788679 0.00564563
953 0.87916 0.786578 0.005877
954 0.87916 0.782985 0.00634587
955 0.87916 0.779388 0.00667552
956 0.87916 0.77903 0.00621444
957 0.87916 0.782848 0.00580869
958 0.87916 0.77641 0.00713186
959 0.87916 0.768264 0.00898657
960 0.87916 0.774318 0.00786845
961 0.87916 0.768145 0.00778611
962 0.87916 0.769617 0.00756512
963 0.87916 0.763039 0.00912212
964 0.87916 0.775068 0.00737198
965 0.87916 0.777465 0.00708915
966 0.87916 0.77104 0.0077069
967 0.87916 0.779106 0.00765935
968 0.87916 0.784658 0.0090024
969 0.87916 0.788626 0.00721786
970 0.87916 0.777838 0.00862378
971 0.87916 0.767371 0.00709939
972 0.87916 0.772368 0.0074568
973 0.87916 0.763354 0.00877905
974 0.879246 0.763838 0.00882527
975 0.879246 0.766374 0.00796812
976 0.879246 0.764743 0.00849712
977 0.879246 0.764366 0.00982511
978 0.879246 0.777362 0.0057922
979 0.879246 0.786644 0.00491435
980 0.879246 0.777846 0.00539266
981 0.879246 0.77258 0.00750177
982 0.879246 0.765466 0.0101866
983 0.879246 0.764907 0.00814358
984 0.879246 0.773095 0.00729626
985 0.879246 0.772031 0.00844475
986 0.879246 0.772792 0.00800437
987 0.879246 0.776596 0.00742459
988 0.879246 0.76352 0.0115179
989 0.879246 0.772421 0.00890816
990 0.879246 0.773384 0.00715833
991 0.879246 0.76637 0.00961524
992 0.879246 0.761916 0.0100287
993 0.879246 0.759843 0.0102471
994 0.879246 0.772921 0.00932597
995 0.879246 0.769913 0.00756908
996 0.879246 0.764442 0.0095548
997 0.879246 0.759835 0.0118489
998 0.879246 0.773004 0.00737216
999 0.879246 0.769558 0.00673391
1000 0.879246 0.765017 0.00757249
