0 0.283849 0.250973 4.00942e-05
1 0.283849 0.251171 6.08306e-05
2 0.304003 0.25272 0.000137281
3 0.325962 0.255862 0.000338521
4 0.325962 0.256491 0.000390662
5 0.347435 0.258286 0.000885136
6 0.568554 0.265537 0.00198986
7 0.568554 0.271252 0.00306272
8 0.568554 0.278521 0.00464475
9 0.568554 0.276897 0.00473447
10 0.568554 0.281927 0.00663625
11 0.568554 0.291609 0.00747984
12 0.568554 0.293569 0.00962126
13 0.571115 0.309118 0.0129745
14 0.571115 0.313654 0.0139642
15 0.571115 0.326107 0.0162425
16 0.571115 0.328732 0.0161689
17 0.580479 0.335146 0.0172108
18 0.580479 0.326997 0.0160289
19 0.580479 0.332857 0.0173997
20 0.602596 0.339953 0.0178387
21 0.602596 0.343636 0.0178724
22 0.602596 0.358955 0.0174746
23 0.602596 0.359564 0.0188446
24 0.602596 0.364303 0.0180173
25 0.619428 0.353277 0.0182283
26 0.619428 0.358834 0.0183371
27 0.633212 0.374631 0.0203111
28 0.633212 0.377674 0.0203307
29 0.648541 0.391512 0.0213555
30 0.648541 0.409894 0.0211494
31 0.660107 0.403299 0.0220005
32 0.766955 0.400829 0.0238598
33 0.766955 0.382964 0.0242729
34 0.766955 0.387285 0.0280595
35 0.766955 0.401841 0.0276269
36 0.766955 0.391093 0.0277128
37 0.766955 0.394126 0.0266109
38 0.779958 0.417948 0.030914
39 0.779958 0.421832 0.0312954
40 0.779958 0.43135 0.032085
41 0.844147 0.455833 0.0338261
42 0.844147 0.465714 0.032975
43 0.844147 0.452064 0.0367048
44 0.864996 0.476464 0.0398723
45 0.864996 0.465602 0.0420314
46 0.864996 0.469214 0.0418456
47 0.864996 0.473657 0.0412171
48 0.936523 0.494923 0.0456953
49 0.936523 0.48386 0.0451812
50 0.936523 0.513167 0.0455766
51 0.936523 0.528355 0.0538554
52 0.936523 0.549987 0.0481374
53 0.936523 0.570851 0.0463504
54 0.936523 0.553239 0.0525963
55 0.936523 0.596467 0.0506618
56 0.936775 0.610053 0.0467795
57 0.936775 0.599805 0.0451902
58 0.936775 0.616085 0.0495334
59 0.945031 0.622638 0.0509152
60 0.945031 0.623701 0.0514719
61 0.945031 0.622897 0.051289
62 0.945031 0.61211 0.0531766
63 0.946038 0.623795 0.0510221
64 0.946038 0.630676 0.0498969
65 0.950405 0.649057 0.0481144
66 0.954108 0.668092 0.0502528
67 0.956596 0.689702 0.0471816
68 0.956596 0.672559 0.0517849
69 0.956596 0.687084 0.0450809
70 0.956596 0.688114 0.0443075
71 0.956596 0.710117 0.0422498
72 0.956596 0.716709 0.0396478
73 0.956596 0.706639 0.0493911
74 0.956596 0.680761 0.0490424
75 0.956596 0.682953 0.0410011
76 0.956596 0.710301 0.0382214
77 0.956596 0.70905 0.0434425
78 0.958529 0.706368 0.0477381
79 0.958529 0.712243 0.0412199
80 0.958529 0.701495 0.0499236
81 0.963372 0.678309 0.0492461
82 0.963372 0.673314 0.0467437
83 0.963372 0.675928 0.0415872
84 0.963372 0.681416 0.0430893
85 0.963372 0.691868 0.0451567
86 0.963372 0.673602 0.0509373
87 0.963372 0.695426 0.0521479
88 0.96378 0.706376 0.0533274
89 0.96378 0.704289 0.0492901
90 0.96378 0.677024 0.0496999
91 0.96378 0.677845 0.0514157
92 0.96378 0.697422 0.0512142
93 0.96378 0.706505 0.0398492
94 0.96378 0.679859 0.0457375
95 0.96378 0.676144 0.048225
96 0.96378 0.681478 0.0536175
97 0.964319 0.654212 0.0483893
98 0.964319 0.64865 0.0525515
99 0.964319 0.663006 0.0608866
100 0.964821 0.663611 0.0600656
101 0.964821 0.68332 0.052479
102 0.964821 0.69954 0.0516492
103 0.964821 0.710877 0.0412327
104 0.964821 0.747136 0.0403105
105 0.964976 0.747833 0.0453028
106 0.964976 0.725877 0.0421181
107 0.964976 0.75139 0.0405344
108 0.964976 0.792533 0.0364171
109 0.964976 0.743971 0.0499707
110 0.964976 0.722767 0.0512544
111 0.964976 0.749037 0.0398245
112 0.964976 0.753985 0.0445052
113 0.964976 0.776515 0.0418967
114 0.964976 0.773806 0.0440572
115 0.964976 0.768953 0.0391684
116 0.964976 0.728896 0.0527857
117 0.964976 0.730004 0.0470334
118 0.964976 0.742361 0.0413026
119 0.964976 0.734828 0.0433738
120 0.964976 0.753608 0.038574
121 0.964976 0.745289 0.0377756
122 0.96511 0.750332 0.0416989
123 0.96511 0.777472 0.0324214
124 0.96511 0.765769 0.0412352
125 0.96511 0.769538 0.0436275
126 0.96511 0.749473 0.0487708
127 0.96511 0.758743 0.0444989
128 0.96511 0.764375 0.0464386
129 0.96511 0.765708 0.0440728
130 0.96511 0.768351 0.0399504
131 0.96511 0.751827 0.0417323
132 0.96511 0.746025 0.0420896
133 0.96511 0.742127 0.0439322
134 0.96511 0.726196 0.0479432
135 0.96511 0.759836 0.045809
136 0.96511 0.747973 0.0548771
137 0.96511 0.745742 0.0506567
138 0.96511 0.767941 0.0482653
139 0.96511 0.749081 0.0460111
140 0.96511 0.760934 0.0448604
141 0.96511 0.780187 0.0384444
142 0.96511 0.771936 0.0412882
143 0.96511 0.774019 0.0374055
144 0.96511 0.750263 0.0424866
145 0.96511 0.735734 0.0476676
146 0.96511 0.752785 0.0437325
147 0.96511 0.775028 0.0388731
148 0.96511 0.76616 0.0370843
149 0.96511 0.76551 0.0361197
150 0.96511 0.77013 0.0437272
151 0.96511 0.794309 0.0294176
152 0.96511 0.772598 0.0308049
153 0.96511 0.786644 0.0338842
154 0.96511 0.778013 0.0393691
155 0.96511 0.760684 0.0434631
156 0.96511 0.746593 0.0418553
157 0.96511 0.751833 0.0441574
158 0.96511 0.785147 0.0420996
159 0.96511 0.77047 0.0494266
160 0.96511 0.741913 0.046187
161 0.96511 0.742663 0.0496365
162 0.96511 0.76152 0.0449548
163 0.96511 0.767936 0.0355687
164 0.96511 0.76147 0.0383067
165 0.96511 0.75761 0.0398226
166 0.96511 0.7535 0.0447012
167 0.96511 0.761239 0.0459722
168 0.96511 0.755952 0.0472269
169 0.96511 0.728261 0.0513038
170 0.96511 0.737729 0.0467331
171 0.96511 0.726298 0.0483922
172 0.96511 0.714843 0.0552772
173 0.96511 0.699353 0.0545975
174 0.96511 0.703611 0.0535073
175 0.96511 0.694362 0.0489322
176 0.96511 0.700537 0.0523228
177 0.96511 0.723185 0.0508356
178 0.96511 0.718823 0.05899
179 0.96511 0.696625 0.0563727
180 0.96511 0.700723 0.0505701
181 0.96511 0.705012 0.0585389
182 0.96511 0.698742 0.0604498
183 0.96511 0.694571 0.0576867
184 0.96511 0.686959 0.0573973
185 0.96511 0.696781 0.0559008
186 0.96511 0.702864 0.0588472
187 0.96511 0.691756 0.0554601
188 0.96511 0.75432 0.045523
189 0.96511 0.743002 0.0357677
190 0.96511 0.751365 0.0368419
191 0.96511 0.767403 0.0314754
192 0.96511 0.756985 0.039752
193 0.96511 0.747716 0.0428249
194 0.96511 0.724466 0.0482349
195 0.96511 0.739206 0.0438252
196 0.96511 0.774584 0.0405619
197 0.96511 0.762378 0.0356087
198 0.96511 0.754342 0.0432992
199 0.96511 0.766772 0.0376468
200 0.96511 0.753199 0.0453059
201 0.96511 0.779439 0.0320505
202 0.96511 0.772236 0.0351327
203 0.96511 0.788967 0.0290098
204 0.96511 0.783352 0.0337628
205 0.96511 0.800258 0.0306245
206 0.96511 0.799004 0.0329314
207 0.96511 0.809787 0.030546
208 0.96511 0.799818 0.0385981
209 0.96511 0.805519 0.0304567
210 0.96511 0.802706 0.0294266
211 0.96511 0.810197 0.0298012
212 0.96511 0.760938 0.0377266
213 0.96511 0.737943 0.0436555
214 0.96511 0.726164 0.0447278
215 0.96511 0.734604 0.0453607
216 0.96511 0.766258 0.0438925
217 0.96511 0.783637 0.0399207
218 0.96511 0.76993 0.0386446
219 0.96511 0.75647 0.045357
220 0.96511 0.764135 0.0384798
221 0.96511 0.80693 0.0281307
222 0.96511 0.799475 0.0314389
223 0.96511 0.799784 0.0331035
224 0.96511 0.824476 0.0220406
225 0.96511 0.805849 0.0297717
226 0.96511 0.777595 0.0375596
227 0.96511 0.774101 0.0428733
228 0.96511 0.759402 0.0466103
229 0.96511 0.739762 0.0498855
230 0.96511 0.764427 0.0449437
231 0.96511 0.774466 0.0411665
232 0.96511 0.763985 0.0347253
233 0.96511 0.774036 0.038207
234 0.96511 0.761518 0.0445806
235 0.96511 0.769498 0.0357369
236 0.96511 0.771771 0.0342844
237 0.96511 0.77382 0.0359977
238 0.96511 0.78781 0.0332862
239 0.96511 0.795764 0.0316655
240 0.96511 0.807101 0.0302707
241 0.96511 0.801533 0.0319311
242 0.96511 0.783897 0.0330664
243 0.96511 0.792141 0.0328718
244 0.96511 0.800099 0.0307838
245 0.96511 0.797337 0.0337439
246 0.96511 0.80135 0.0326033
247 0.96511 0.778085 0.0371019
248 0.96511 0.765097 0.0442283
249 0.96511 0.758352 0.0472629
250 0.96511 0.765395 0.0378203
251 0.96511 0.761359 0.0410629
252 0.96511 0.770471 0.0390086
253 0.96511 0.770802 0.0346445
254 0.96511 0.771494 0.03263
255 0.96511 0.780592 0.0327919
256 0.96511 0.772945 0.0334922
257 0.96511 0.788636 0.0330832
258 0.96511 0.785816 0.0299878
259 0.96511 0.77226 0.0333263
260 0.96511 0.775542 0.0361886
261 0.96511 0.813282 0.0339621
262 0.96511 0.797543 0.0406661
263 0.96511 0.811586 0.0315903
264 0.96511 0.784457 0.0394968
265 0.96511 0.78769 0.0416507
266 0.96511 0.747458 0.0428513
267 0.96511 0.781649 0.0364169
268 0.96511 0.789181 0.0315827
269 0.96511 0.813201 0.0289829
270 0.96511 0.793758 0.0312635
271 0.96511 0.798323 0.0228995
272 0.96511 0.79233 0.0360199
273 0.96511 0.785177 0.0324102
274 0.96511 0.777533 0.0313117
275 0.96511 0.748656 0.0446738
276 0.96511 0.739921 0.0442202
277 0.96511 0.739078 0.0431851
278 0.96511 0.738755 0.0441144
279 0.96511 0.749439 0.0474339
280 0.96511 0.751663 0.0423306
281 0.96511 0.802518 0.027917
282 0.96511 0.783685 0.040813
283 0.96511 0.789912 0.033049
284 0.965168 0.762326 0.0411888
285 0.965168 0.750725 0.0484539
286 0.965168 0.732283 0.0549345
287 0.965168 0.744058 0.0498658
288 0.965168 0.751051 0.0433505
289 0.965168 0.771783 0.0407581
290 0.965168 0.730268 0.0521212
291 0.965168 0.695147 0.0485855
292 0.965168 0.697118 0.0536759
293 0.965168 0.69859 0.0586847
294 0.965168 0.705614 0.0598498
295 0.965168 0.74291 0.0487212
296 0.965168 0.732024 0.0438785
297 0.965168 0.748096 0.0422687
298 0.965168 0.754115 0.0467629
299 0.965168 0.737064 0.0453891
300 0.965168 0.748416 0.0473254
301 0.965168 0.750345 0.0417551
302 0.965168 0.74559 0.041745
303 0.965168 0.75859 0.0345581
304 0.965168 0.747687 0.0391388
305 0.965168 0.767581 0.0369843
306 0.965168 0.779401 0.031781
307 0.965168 0.803304 0.0305522
308 0.965168 0.793924 0.0342654
309 0.965168 0.787108 0.0347293
310 0.965168 0.765665 0.0380437
311 0.965168 0.749897 0.0389927
312 0.965168 0.761308 0.0456652
313 0.965168 0.735179 0.0526315
314 0.965168 0.739675 0.0547107
315 0.965168 0.727502 0.0464436
316 0.965168 0.742203 0.0414925
317 0.965168 0.746881 0.0441249
318 0.965168 0.751863 0.0450316
319 0.965168 0.74207 0.048005
320 0.965168 0.766512 0.0449376
321 0.965168 0.789948 0.0333233
322 0.965168 0.807342 0.0335533
323 0.965168 0.797604 0.0316834
324 0.965168 0.797587 0.035236
325 0.965168 0.787151 0.0433763
326 0.965168 0.772007 0.0383842
327 0.965168 0.782735 0.0341794
328 0.965168 0.80577 0.0329409
329 0.965168 0.770651 0.0311434
330 0.965168 0.769969 0.0381118
331 0.965168 0.803718 0.0266033
332 0.965168 0.78275 0.0297564
333 0.965168 0.740507 0.0442885
334 0.965168 0.763253 0.0365443
335 0.965168 0.756649 0.0419992
336 0.965168 0.737481 0.0445959
337 0.965168 0.74016 0.0451414
338 0.965168 0.747855 0.0453213
339 0.965168 0.755666 0.0452553
340 0.965168 0.740095 0.0527071
341 0.965168 0.703373 0.0656133
342 0.965168 0.711476 0.0667402
343 0.965168 0.695689 0.0699768
344 0.965168 0.722546 0.0572104
345 0.965168 0.74668 0.0481334
346 0.965168 0.751353 0.047976
347 0.965168 0.750971 0.0556237
348 0.965168 0.761478 0.040933
349 0.965168 0.782589 0.036385
350 0.965168 0.75855 0.0424752
351 0.965168 0.744174 0.0478083
352 0.965168 0.72399 0.0531344
353 0.965168 0.728226 0.0569528
354 0.965168 0.720838 0.061632
355 0.965168 0.728641 0.0614516
356 0.965168 0.743582 0.0521061
357 0.965168 0.735534 0.0523048
358 0.965168 0.735312 0.0536889
359 0.965168 0.747247 0.0489591
360 0.965168 0.750446 0.0454271
361 0.965168 0.755484 0.0486483
362 0.965168 0.740512 0.0494966
363 0.965168 0.721296 0.0578272
364 0.965168 0.714942 0.0552692
365 0.965168 0.722684 0.0524998
366 0.965168 0.728734 0.0524966
367 0.965168 0.736229 0.0498169
368 0.965168 0.744213 0.0454657
369 0.965168 0.763513 0.0428294
370 0.965168 0.772732 0.0398366
371 0.965168 0.796271 0.0362728
372 0.965168 0.780672 0.0458879
373 0.965168 0.787981 0.0372224
374 0.965168 0.770646 0.0383961
375 0.965168 0.757243 0.0445664
376 0.965168 0.761894 0.0405154
377 0.965168 0.750743 0.0416653
378 0.965168 0.773111 0.0349887
379 0.965168 0.794869 0.0265028
380 0.965168 0.779901 0.039817
381 0.965168 0.757 0.0477254
382 0.965168 0.724071 0.0530022
383 0.965168 0.748785 0.0418863
384 0.965168 0.762835 0.0369542
385 0.965168 0.766738 0.0365834
386 0.965168 0.749464 0.0456246
387 0.965168 0.73387 0.0482705
388 0.965168 0.770026 0.0429966
389 0.965168 0.75473 0.0438234
390 0.965168 0.758675 0.0458894
391 0.965168 0.737674 0.0520568
392 0.965168 0.758149 0.0440482
393 0.965168 0.794479 0.0289291
394 0.965168 0.81223 0.0273519
395 0.965168 0.825689 0.0203952
396 0.965168 0.794809 0.0294008
397 0.965168 0.801642 0.033836
398 0.965168 0.764601 0.0390311
399 0.965168 0.791418 0.0350679
400 0.965168 0.798522 0.03011
401 0.965168 0.802453 0.032579
402 0.965168 0.786413 0.0389566
403 0.965168 0.764407 0.0416314
404 0.965168 0.774349 0.040058
405 0.965168 0.773796 0.0341878
406 0.965168 0.792681 0.0319226
407 0.965168 0.797397 0.031226
408 0.965168 0.804767 0.0377885
409 0.965168 0.781224 0.046901
410 0.965168 0.801406 0.0321302
411 0.9653 0.778213 0.0381725
412 0.9653 0.759175 0.0446147
413 0.9653 0.779362 0.0410289
414 0.9653 0.78277 0.0326003
415 0.9653 0.797917 0.0298511
416 0.9653 0.800994 0.0251137
417 0.9653 0.799575 0.0275228
418 0.9653 0.787476 0.0324234
419 0.9653 0.755472 0.040221
420 0.9653 0.776942 0.0454493
421 0.9653 0.767619 0.0377757
422 0.9653 0.774011 0.0357873
423 0.9653 0.746369 0.0512378
424 0.9653 0.759735 0.0463127
425 0.9653 0.741125 0.0514514
426 0.9653 0.749144 0.0440614
427 0.9653 0.737687 0.0531579
428 0.9653 0.741161 0.0555589
429 0.9653 0.72663 0.0559869
430 0.9653 0.760341 0.0489908
431 0.9653 0.750125 0.0589534
432 0.9653 0.751054 0.056657
433 0.9653 0.755805 0.0519118
434 0.9653 0.754858 0.0424819
435 0.9653 0.771557 0.0359768
436 0.9653 0.777495 0.0353447
437 0.965505 0.78844 0.0346847
438 0.965505 0.803973 0.0343622
439 0.965505 0.815866 0.028134
440 0.965505 0.813446 0.0289518
441 0.965505 0.802174 0.0305781
442 0.965505 0.802799 0.0264954
443 0.965505 0.831017 0.0211591
444 0.965505 0.815995 0.0245997
445 0.965505 0.814253 0.0269227
446 0.965505 0.801344 0.0313745
447 0.965505 0.80703 0.0282664
448 0.965505 0.796626 0.0306699
449 0.965505 0.803946 0.0237023
450 0.965505 0.810566 0.0270546
451 0.965505 0.796552 0.032511
452 0.965505 0.784772 0.0344901
453 0.965505 0.805239 0.028988
454 0.965505 0.783261 0.0367874
455 0.965505 0.794785 0.0319545
456 0.965505 0.812407 0.0276091
457 0.965505 0.802289 0.0343989
458 0.965505 0.758054 0.0434319
459 0.965505 0.771436 0.0423217
460 0.965505 0.76371 0.0372969
461 0.965505 0.74024 0.0434356
462 0.965505 0.735817 0.0517131
463 0.965505 0.77577 0.0385626
464 0.965505 0.827082 0.020999
465 0.965505 0.778103 0.0335476
466 0.965505 0.797341 0.0350958
467 0.965505 0.775106 0.0328666
468 0.965505 0.775535 0.0357936
469 0.965505 0.774835 0.0328416
470 0.965505 0.777608 0.0370255
471 0.965505 0.779468 0.0395709
472 0.965505 0.780791 0.0358337
473 0.965505 0.77891 0.0337621
474 0.965505 0.734356 0.0431944
475 0.965505 0.753324 0.0368694
476 0.965505 0.735792 0.0447204
477 0.965505 0.729837 0.0493961
478 0.965505 0.755186 0.0352744
479 0.965505 0.764297 0.0418862
480 0.965505 0.74129 0.0427178
481 0.965505 0.785678 0.0307626
482 0.965505 0.787441 0.0280978
483 0.965505 0.792002 0.0287403
484 0.965505 0.768315 0.0400561
485 0.965505 0.774794 0.0339051
486 0.965505 0.795348 0.0269264
487 0.965505 0.80503 0.0254153
488 0.965505 0.798831 0.0248197
489 0.965505 0.79354 0.0253972
490 0.965505 0.80925 0.0272907
491 0.965505 0.789514 0.0338107
492 0.965505 0.776042 0.0327289
493 0.965505 0.780533 0.0322551
494 0.965505 0.78213 0.0339555
495 0.965505 0.77711 0.0402495
496 0.965505 0.785764 0.0306781
497 0.965508 0.761378 0.037422
498 0.965508 0.744589 0.0387889
499 0.965508 0.718408 0.0442176
500 0.965508 0.736822 0.0414942
501 0.965508 0.715248 0.0515429
502 0.965508 0.731654 0.0477939
503 0.965508 0.748237 0.0464614
504 0.965508 0.751026 0.0357177
505 0.965508 0.747946 0.046396
506 0.965508 0.741646 0.0497421
507 0.965508 0.701441 0.0510602
508 0.965508 0.707311 0.0610916
509 0.965508 0.694936 0.054063
510 0.965508 0.72176 0.0506264
511 0.965508 0.753727 0.0509551
512 0.965508 0.751661 0.0424414
513 0.965508 0.750557 0.0347825
514 0.965508 0.762908 0.0426535
515 0.965508 0.766727 0.0379738
516 0.965508 0.77175 0.0366834
517 0.965508 0.787582 0.0317904
518 0.965508 0.753723 0.0405361
519 0.965508 0.741042 0.0484655
520 0.965508 0.762139 0.0370534
521 0.96551 0.747382 0.046615
522 0.96551 0.742713 0.044831
523 0.96551 0.759112 0.0332796
524 0.96551 0.753894 0.0399009
525 0.96551 0.752739 0.0397759
526 0.96551 0.751396 0.0418606
527 0.96551 0.764983 0.0380185
528 0.96551 0.738876 0.0392931
529 0.96551 0.765881 0.0386433
530 0.96551 0.777725 0.0415996
531 0.96551 0.779859 0.0256617
532 0.96551 0.805063 0.0279756
533 0.96551 0.788518 0.0256313
534 0.965655 0.781063 0.0350304
535 0.965655 0.773824 0.0303606
536 0.965655 0.783867 0.0318356
537 0.965655 0.789337 0.0321146
538 0.965655 0.770953 0.0414303
539 0.965655 0.772759 0.0329325
540 0.965655 0.780536 0.0328289
541 0.965655 0.756823 0.0426263
542 0.965655 0.772961 0.0358272
543 0.965655 0.758164 0.0381006
544 0.965655 0.752149 0.0430118
545 0.965655 0.745739 0.0473508
546 0.965655 0.73806 0.0463056
547 0.965749 0.7489 0.0473528
548 0.965803 0.738268 0.0511283
549 0.965803 0.759688 0.0435061
550 0.965803 0.794882 0.0291618
551 0.965803 0.769487 0.0358157
552 0.965803 0.784316 0.0330833
553 0.965803 0.781664 0.0271411
554 0.965803 0.778369 0.0302488
555 0.965803 0.757805 0.032944
556 0.965803 0.745643 0.042107
557 0.965803 0.733556 0.046644
558 0.965803 0.758115 0.0376056
559 0.965803 0.779266 0.0440721
560 0.965803 0.779844 0.0359471
561 0.965803 0.762636 0.0437859
562 0.965839 0.769223 0.0463718
563 0.965839 0.756431 0.0490632
564 0.965839 0.752694 0.0441072
565 0.965839 0.740928 0.0393539
566 0.965839 0.765884 0.0403762
567 0.965839 0.758325 0.0437084
568 0.965839 0.751309 0.0405193
569 0.965847 0.739912 0.0460734
570 0.965847 0.743105 0.0406722
571 0.965847 0.729832 0.0458958
572 0.965905 0.738506 0.039388
573 0.965905 0.75899 0.0305315
574 0.965905 0.79331 0.0308438
575 0.965905 0.812427 0.0273367
576 0.965905 0.810765 0.0361478
577 0.965905 0.804804 0.0332595
578 0.965905 0.796817 0.0373511
579 0.965905 0.791833 0.0401456
580 0.965905 0.796764 0.0368471
581 0.965905 0.791497 0.0373049
582 0.965905 0.815686 0.0288245
583 0.965905 0.80072 0.0319024
584 0.965905 0.751135 0.0426705
585 0.965905 0.754994 0.0521587
586 0.965905 0.7428 0.0462225
587 0.965905 0.75874 0.0477007
588 0.965905 0.771152 0.0401377
589 0.965905 0.74625 0.0442641
590 0.965905 0.751532 0.0363374
591 0.965989 0.73649 0.0404412
592 0.965989 0.742307 0.0450148
593 0.965989 0.726254 0.0431232
594 0.96601 0.732331 0.0513673
595 0.96601 0.747038 0.0448539
596 0.96601 0.784337 0.040956
597 0.96601 0.804324 0.0283165
598 0.96601 0.774186 0.0397166
599 0.966081 0.784266 0.0329535
600 0.966081 0.785729 0.0310332
601 0.966081 0.769063 0.0330005
602 0.966081 0.774152 0.0368218
603 0.966081 0.760042 0.0393642
604 0.966081 0.788203 0.0344348
605 0.966081 0.788418 0.0350096
606 0.966081 0.771596 0.035084
607 0.966081 0.777559 0.034231
608 0.966081 0.799403 0.0268825
609 0.966081 0.811769 0.0249089
610 0.966081 0.835803 0.0202238
611 0.966081 0.799026 0.0273169
612 0.966081 0.76154 0.0397874
613 0.966081 0.764851 0.0339201
614 0.966081 0.774301 0.0276044
615 0.966081 0.79218 0.0322132
616 0.966081 0.785166 0.0359356
617 0.966081 0.743247 0.041903
618 0.966081 0.756938 0.0386252
619 0.966081 0.794872 0.026822
620 0.966081 0.773506 0.0315121
621 0.966081 0.786306 0.0261112
622 0.966081 0.775305 0.0289416
623 0.966094 0.746289 0.0397831
624 0.966094 0.771661 0.0341596
625 0.966154 0.75147 0.0420433
626 0.966154 0.760764 0.0452654
627 0.966154 0.754198 0.0433592
628 0.966154 0.747928 0.0439767
629 0.966154 0.773108 0.0377776
630 0.966154 0.751688 0.0416407
631 0.966154 0.736683 0.0498603
632 0.966154 0.748961 0.0454042
633 0.966154 0.737822 0.044551
634 0.966154 0.769218 0.0339026
635 0.966154 0.762519 0.0366177
636 0.966154 0.798303 0.0274745
637 0.966154 0.797619 0.0267634
638 0.966154 0.793857 0.0276995
639 0.966154 0.805666 0.0236942
640 0.966154 0.799026 0.0302477
641 0.966154 0.787629 0.0310694
642 0.966154 0.76073 0.0370281
643 0.966154 0.734563 0.0418647
644 0.966154 0.733952 0.0426678
645 0.966154 0.71095 0.0438624
646 0.966154 0.722949 0.044689
647 0.966154 0.747923 0.0419168
648 0.966154 0.721163 0.0471985
649 0.966154 0.734841 0.0499534
650 0.966154 0.717666 0.0529945
651 0.966154 0.728056 0.0498208
652 0.966154 0.745029 0.0477793
653 0.966154 0.733519 0.0505202
654 0.966154 0.741989 0.0496446
655 0.966154 0.71771 0.0515334
656 0.966154 0.719231 0.0468864
657 0.966154 0.735305 0.0460324
658 0.966198 0.748628 0.0501556
659 0.966198 0.750151 0.0439046
660 0.966198 0.774006 0.0398745
661 0.966198 0.767118 0.0374695
662 0.966198 0.706049 0.0437786
663 0.966198 0.71376 0.047654
664 0.966198 0.714337 0.0518671
665 0.966198 0.700779 0.0521957
666 0.966198 0.717536 0.0458276
667 0.966198 0.73646 0.0444581
668 0.966198 0.742882 0.0438032
669 0.966198 0.750317 0.0418854
670 0.966198 0.760301 0.0379935
671 0.966198 0.772139 0.0322807
672 0.966198 0.785821 0.0345188
673 0.966198 0.779267 0.0344263
674 0.966198 0.783666 0.0336288
675 0.966198 0.779785 0.0334974
676 0.966198 0.788417 0.0301263
677 0.966198 0.757058 0.0378213
678 0.966198 0.748117 0.0387372
679 0.966198 0.778392 0.0341428
680 0.966198 0.779025 0.031689
681 0.966198 0.762213 0.0371985
682 0.966198 0.733383 0.0388341
683 0.966198 0.794554 0.0268911
684 0.966198 0.79877 0.0276626
685 0.966198 0.747604 0.0338896
686 0.966198 0.756345 0.0403889
687 0.966198 0.738432 0.0403146
688 0.966198 0.763011 0.0410556
689 0.966198 0.76844 0.0402339
690 0.966198 0.761306 0.0425832
691 0.966198 0.760535 0.039635
692 0.966198 0.736524 0.0408752
693 0.966198 0.760876 0.0412111
694 0.966198 0.771789 0.0393102
695 0.966198 0.761406 0.0473685
696 0.966198 0.761855 0.0399418
697 0.966198 0.783363 0.0346227
698 0.966198 0.769602 0.0398
699 0.966198 0.788364 0.0336399
700 0.966198 0.812332 0.0320818
701 0.966198 0.805836 0.0374315
702 0.966198 0.823782 0.0256677
703 0.966198 0.805109 0.0322922
704 0.966198 0.75804 0.0403838
705 0.966198 0.771287 0.0397863
706 0.966198 0.760698 0.0441593
707 0.966198 0.782783 0.0388684
708 0.966198 0.764855 0.0403024
709 0.966198 0.782241 0.0346871
710 0.966198 0.796561 0.0290316
711 0.966198 0.802282 0.0273799
712 0.966198 0.758487 0.0395709
713 0.966198 0.724021 0.0444098
714 0.966198 0.737426 0.0476622
715 0.966198 0.7484 0.044287
716 0.966198 0.76847 0.0455606
717 0.966198 0.774354 0.0359956
718 0.966198 0.760548 0.0419389
719 0.966212 0.751397 0.0385747
720 0.966212 0.756398 0.0402618
721 0.966212 0.744917 0.0396311
722 0.966212 0.756563 0.0373026
723 0.966212 0.770754 0.0381448
724 0.966212 0.786929 0.0287924
725 0.966212 0.77498 0.0347346
726 0.966212 0.761347 0.0438432
727 0.966212 0.774728 0.0441689
728 0.966212 0.815696 0.0317508
729 0.966212 0.820231 0.0267943
730 0.966212 0.81501 0.0249251
731 0.966212 0.82329 0.0276283
732 0.966212 0.819446 0.0236622
733 0.966212 0.824654 0.0220093
734 0.966212 0.83908 0.018944
735 0.966212 0.837265 0.0216604
736 0.966212 0.840263 0.0198852
737 0.966212 0.832776 0.0182132
738 0.966212 0.827938 0.0222354
739 0.966212 0.784889 0.0312425
740 0.966212 0.786497 0.0325188
741 0.966228 0.772288 0.0368736
742 0.966228 0.771351 0.0372779
743 0.966228 0.800126 0.0355611
744 0.966228 0.789587 0.0360029
745 0.966228 0.823966 0.0252687
746 0.966307 0.816641 0.0313794
747 0.966307 0.825815 0.0242201
748 0.966307 0.805861 0.0355759
749 0.966307 0.811574 0.0300276
750 0.966307 0.826318 0.021345
751 0.966307 0.83337 0.0233618
752 0.966307 0.82939 0.0227136
753 0.966307 0.829092 0.0186138
754 0.966307 0.823478 0.0192552
755 0.966307 0.801433 0.0285508
756 0.966307 0.810293 0.0280775
757 0.966307 0.80606 0.0266549
758 0.966307 0.814124 0.0327889
759 0.966307 0.787027 0.032787
760 0.966307 0.795867 0.0337352
761 0.966307 0.806481 0.0342888
762 0.966307 0.788417 0.033864
763 0.966307 0.788859 0.0320008
764 0.966307 0.80482 0.0332371
765 0.966307 0.788431 0.0350902
766 0.966307 0.791327 0.0387894
767 0.966307 0.796897 0.0322934
768 0.966307 0.799996 0.0322637
769 0.966307 0.811799 0.0344276
770 0.966307 0.79473 0.036791
771 0.966307 0.784303 0.0415562
772 0.966307 0.772766 0.0326129
773 0.966307 0.764062 0.034018
774 0.966307 0.755858 0.0399269
775 0.966307 0.753981 0.0393529
776 0.966307 0.774334 0.0353766
777 0.966307 0.791797 0.027119
778 0.966307 0.815411 0.0268419
779 0.966307 0.799375 0.0385595
780 0.966307 0.799496 0.0392292
781 0.966307 0.839843 0.0249368
782 0.966307 0.807851 0.0278407
783 0.966307 0.837137 0.0142077
784 0.966307 0.815468 0.0212851
785 0.966307 0.826396 0.020419
786 0.966307 0.806217 0.0261453
787 0.966307 0.824172 0.0220246
788 0.966307 0.790605 0.0265126
789 0.966307 0.807097 0.025036
790 0.966307 0.795749 0.0317431
791 0.966307 0.795724 0.0346911
792 0.966307 0.810935 0.033727
793 0.966307 0.801855 0.0351708
794 0.966324 0.818061 0.0295455
795 0.966324 0.784182 0.0428751
796 0.966324 0.807659 0.0380718
797 0.966324 0.791136 0.0334607
798 0.966324 0.783072 0.0324001
799 0.966339 0.766506 0.0340441
800 0.966339 0.784953 0.0345071
801 0.966339 0.79564 0.0391461
802 0.966339 0.792675 0.0333682
803 0.966339 0.770586 0.0346146
804 0.966339 0.795499 0.0306339
805 0.966339 0.813682 0.031783
806 0.966339 0.809656 0.0202717
807 0.966339 0.79461 0.0224667
808 0.966339 0.775128 0.0320297
809 0.966339 0.789353 0.0293036
810 0.966339 0.806061 0.0328347
811 0.966339 0.804255 0.0295726
812 0.966339 0.817392 0.0252496
813 0.966339 0.819627 0.0247844
814 0.966339 0.822406 0.0233661
815 0.966339 0.807477 0.0292391
816 0.966339 0.792405 0.0356458
817 0.966339 0.791493 0.0360364
818 0.966339 0.78592 0.0366925
819 0.966339 0.814528 0.0284199
820 0.966339 0.813875 0.023479
821 0.966339 0.783167 0.0394665
822 0.966339 0.761885 0.0387335
823 0.966339 0.776612 0.0305021
824 0.966339 0.771908 0.032948
825 0.966339 0.809455 0.0239817
826 0.966339 0.799246 0.0319055
827 0.966339 0.819294 0.0261657
828 0.966339 0.804207 0.0303708
829 0.966339 0.790916 0.038091
830 0.966339 0.785452 0.0356467
831 0.966339 0.764317 0.0399671
832 0.966339 0.759914 0.035032
833 0.966339 0.787368 0.0363064
834 0.966339 0.790837 0.0319765
835 0.966339 0.797624 0.030926
836 0.966339 0.810375 0.0289145
837 0.966339 0.818067 0.0237695
838 0.966339 0.804794 0.0318275
839 0.966339 0.808265 0.0238541
840 0.966339 0.802946 0.0267986
841 0.966339 0.786269 0.0291398
842 0.966339 0.765826 0.0374572
843 0.966361 0.778838 0.0357657
844 0.966361 0.799462 0.0303108
845 0.966361 0.810861 0.0256056
846 0.966361 0.827861 0.0199772
847 0.966361 0.801995 0.0286893
848 0.966361 0.784838 0.0245143
849 0.966361 0.776768 0.0320293
850 0.966361 0.776208 0.0344646
851 0.966361 0.75343 0.0411086
852 0.966361 0.786845 0.0320885
853 0.966361 0.781434 0.0314196
854 0.966361 0.786105 0.0346673
855 0.966361 0.784523 0.0287225
856 0.966361 0.792111 0.0278975
857 0.966361 0.812552 0.0247893
858 0.966361 0.812898 0.0254249
859 0.966361 0.82356 0.0202688
860 0.966361 0.81702 0.0224868
861 0.966361 0.803231 0.0357985
862 0.966361 0.805311 0.0286459
863 0.966361 0.788576 0.0234069
864 0.966361 0.812059 0.0264573
865 0.966361 0.824288 0.0282341
866 0.966361 0.823275 0.0228304
867 0.966361 0.80455 0.0263513
868 0.966361 0.808398 0.0256473
869 0.966361 0.816104 0.0248112
870 0.966361 0.785356 0.0284425
871 0.966361 0.767851 0.0347412
872 0.966361 0.772538 0.0345014
873 0.966361 0.771144 0.0338578
874 0.966361 0.801911 0.0271326
875 0.966361 0.803578 0.0344313
876 0.966361 0.808684 0.0333615
877 0.966361 0.797567 0.0326671
878 0.966361 0.806248 0.0310321
879 0.966361 0.796389 0.03144
880 0.966361 0.802939 0.0265753
881 0.966361 0.813653 0.0277502
882 0.966361 0.796372 0.0270137
883 0.966361 0.814225 0.0256029
884 0.966361 0.82336 0.0276584
885 0.966361 0.804537 0.0253813
886 0.966361 0.829146 0.0231438
887 0.966361 0.824756 0.0224109
888 0.966361 0.788409 0.0309654
889 0.966361 0.775651 0.0389336
890 0.966361 0.798484 0.0270422
891 0.966361 0.780028 0.0354183
892 0.966361 0.801382 0.0282724
893 0.966361 0.802125 0.0295486
894 0.966361 0.798891 0.0331554
895 0.966361 0.762378 0.0422181
896 0.966361 0.779543 0.0316643
897 0.966361 0.781288 0.0330795
898 0.966361 0.810939 0.0254822
899 0.966361 0.787706 0.0360721
900 0.966361 0.786241 0.0335562
901 0.966361 0.792881 0.0300524
902 0.966361 0.795462 0.0242544
903 0.966361 0.806371 0.0239239
904 0.966361 0.810631 0.0252558
905 0.966361 0.828935 0.0208066
906 0.966361 0.8317 0.0231469
907 0.966361 0.813651 0.0267343
908 0.966361 0.829886 0.0225607
909 0.966361 0.849399 0.017463
910 0.966361 0.840488 0.0167255
911 0.966361 0.828768 0.0189513
912 0.966361 0.853384 0.0170082
913 0.966361 0.858954 0.0132272
914 0.966361 0.830969 0.024767
915 0.966361 0.842971 0.0208162
916 0.966361 0.860912 0.0158025
917 0.966361 0.846645 0.0157419
918 0.966361 0.847905 0.0168111
919 0.966361 0.841685 0.0176187
920 0.966361 0.829264 0.0215976
921 0.966361 0.822878 0.0269735
922 0.966361 0.827722 0.0210463
923 0.966361 0.823976 0.0204495
924 0.966361 0.802722 0.030177
925 0.966361 0.796199 0.0372098
926 0.966361 0.808787 0.0283598
927 0.966361 0.816834 0.0298012
928 0.966361 0.812434 0.0312892
929 0.966361 0.828239 0.0239187
930 0.966361 0.839579 0.019289
931 0.966361 0.850291 0.0198065
932 0.966361 0.838221 0.0204621
933 0.966361 0.821137 0.0240163
934 0.966361 0.836609 0.0233272
935 0.966361 0.823416 0.0220168
936 0.966361 0.812299 0.0266956
937 0.966361 0.812648 0.023214
938 0.966361 0.79233 0.0311224
939 0.966361 0.80514 0.0265407
940 0.966361 0.783713 0.0282095
941 0.966361 0.798714 0.0228253
942 0.966361 0.813746 0.0227273
943 0.966361 0.802165 0.0238185
944 0.966361 0.784544 0.0302636
945 0.966361 0.789851 0.0254797
946 0.966361 0.795389 0.0283436
947 0.966361 0.80146 0.0293639
948 0.966361 0.806035 0.0345057
949 0.966361 0.777645 0.0428142
950 0.966361 0.800219 0.0321532
951 0.966361 0.836285 0.0226831
952 0.966361 0.83118 0.025802
953 0.966361 0.827833 0.029512
954 0.966364 0.8065 0.0364581
955 0.966364 0.806741 0.0321194
956 0.966364 0.831565 0.0291253
957 0.966364 0.804493 0.0352775
958 0.966364 0.813585 0.0287115
959 0.966364 0.824214 0.0258591
960 0.966364 0.814853 0.0285195
961 0.966364 0.825242 0.0240511
962 0.966364 0.815685 0.0206858
963 0.966364 0.809358 0.0215297
964 0.966364 0.788964 0.0268183
965 0.966364 0.795548 0.0342265
966 0.966364 0.753268 0.0445021
967 0.966364 0.756575 0.0345391
968 0.966364 0.785688 0.0274904
969 0.966364 0.782009 0.031063
970 0.966364 0.809566 0.0244648
971 0.966364 0.792127 0.0316731
972 0.966364 0.799254 0.0309299
973 0.966364 0.797527 0.0302415
974 0.966364 0.797233 0.032625
975 0.966364 0.787796 0.0380546
976 0.966364 0.78095 0.0381218
977 0.966364 0.792317 0.0290035
978 0.966364 0.795037 0.0310559
979 0.966364 0.772014 0.0316279
980 0.966364 0.7808 0.0294407
981 0.966364 0.773255 0.0310383
982 0.966364 0.762979 0.0395872
983 0.966364 0.762153 0.0359057
984 0.966364 0.79043 0.0296602
985 0.966364 0.811929 0.0212615
986 0.966364 0.823992 0.0214803
987 0.966364 0.823469 0.020872
988 0.966364 0.800238 0.026893
989 0.966364 0.771884 0.0352775
990 0.966364 0.810977 0.0294951
991 0.966364 0.820545 0.0249364
992 0.966364 0.823824 0.0234972
993 0.966364 0.83641 0.0219637
994 0.966364 0.842824 0.0215037
995 0.966364 0.826168 0.0300982
996 0.966364 0.810946 0.0324864
997 0.966364 0.8236 0.0331862
998 0.966364 0.780984 0.0386451
999 0.966364 0.790644 0.0285378
1000 0.966364 0.817843 0.0271699
