0 0.38817 0.253558 0.000318812
1 0.38817 0.256508 0.000425771
2 0.38817 0.259904 0.000706299
3 0.38817 0.264319 0.00107888
4 0.399466 0.268525 0.00145824
5 0.400575 0.27762 0.00220601
6 0.402474 0.282493 0.00290636
7 0.430614 0.290796 0.003595
8 0.430614 0.287108 0.00355355
9 0.430614 0.294861 0.00440941
10 0.461367 0.295298 0.00466266
11 0.461367 0.292176 0.00458242
12 0.461367 0.287968 0.00447077
13 0.461367 0.290097 0.00464536
14 0.461367 0.302741 0.00592179
15 0.471385 0.305514 0.00622906
16 0.471385 0.30406 0.00674017
17 0.471385 0.30155 0.0070568
18 0.471385 0.309489 0.00769054
19 0.471385 0.307825 0.00760127
20 0.471385 0.316041 0.00862018
21 0.471385 0.319848 0.00848358
22 0.471385 0.317844 0.00866233
23 0.472094 0.320889 0.00906807
24 0.472094 0.32022 0.00882261
25 0.620796 0.32997 0.0108502
26 0.620796 0.335165 0.0117088
27 0.635773 0.342896 0.0123344
28 0.635773 0.345059 0.0136785
29 0.66684 0.355293 0.0174544
30 0.66684 0.343318 0.0175377
31 0.66684 0.340547 0.0163276
32 0.66684 0.336914 0.0160915
33 0.66684 0.352125 0.0186278
34 0.66684 0.344504 0.0180561
35 0.684666 0.356002 0.021738
36 0.695224 0.350277 0.0221555
37 0.695224 0.344807 0.0230047
38 0.695224 0.345988 0.0227455
39 0.695224 0.359033 0.024236
40 0.731884 0.363406 0.0269509
41 0.731884 0.351442 0.0259616
42 0.731884 0.365931 0.0261925
43 0.731884 0.381849 0.027794
44 0.731884 0.387289 0.0278333
45 0.743346 0.405011 0.0278059
46 0.743346 0.389528 0.0252745
47 0.743346 0.386081 0.0257141
48 0.743487 0.40731 0.0299359
49 0.743487 0.417021 0.0292981
50 0.743487 0.423261 0.0296361
51 0.743487 0.43706 0.0319537
52 0.743487 0.435014 0.0278887
53 0.744774 0.45104 0.0283338
54 0.744774 0.439584 0.0294906
55 0.744774 0.452773 0.0293574
56 0.744774 0.471277 0.031057
57 0.744774 0.465679 0.0271062
58 0.744774 0.46989 0.0298229
59 0.75037 0.487706 0.0289169
60 0.75037 0.473732 0.0283062
61 0.75037 0.502249 0.0295303
62 0.75037 0.510047 0.0261519
63 0.75037 0.515334 0.0292417
64 0.75037 0.516978 0.0252052
65 0.75037 0.53453 0.0209081
66 0.75037 0.522635 0.0260094
67 0.75037 0.542046 0.0228498
68 0.75037 0.526347 0.0249974
69 0.75037 0.519131 0.0237809
70 0.75037 0.499116 0.0236974
71 0.75037 0.504885 0.0238129
72 0.751374 0.511045 0.0262835
73 0.751374 0.512132 0.0229025
74 0.753193 0.522123 0.0219861
75 0.753193 0.530745 0.024518
76 0.753193 0.53231 0.0229515
77 0.75895 0.518116 0.0228182
78 0.75895 0.508136 0.0252285
79 0.75895 0.520969 0.0213593
80 0.75895 0.527786 0.0233508
81 0.75895 0.536059 0.0201978
82 0.75895 0.510807 0.024296
83 0.75895 0.509879 0.0247195
84 0.75895 0.520578 0.0242183
85 0.75895 0.517712 0.0243652
86 0.75895 0.51821 0.0253062
87 0.75895 0.521522 0.0262576
88 0.75895 0.520226 0.0257415
89 0.75895 0.520861 0.0246885
90 0.75895 0.539009 0.0247601
91 0.75895 0.49998 0.0223496
92 0.75895 0.503425 0.0268248
93 0.75895 0.524331 0.0273876
94 0.75895 0.51735 0.0259218
95 0.75895 0.543916 0.0222899
96 0.75895 0.519572 0.0238576
97 0.75895 0.512639 0.0228336
98 0.75895 0.535219 0.0250799
99 0.75895 0.515775 0.0251492
100 0.75895 0.52685 0.0255525
101 0.75895 0.510216 0.0250619
102 0.75895 0.497075 0.0247528
103 0.75895 0.494019 0.0249993
104 0.75895 0.491412 0.0269628
105 0.75895 0.506055 0.0269679
106 0.75895 0.496723 0.0285523
107 0.75895 0.499716 0.0257158
108 0.75895 0.494833 0.0246836
109 0.75895 0.510162 0.0275908
110 0.75895 0.49723 0.0283657
111 0.75895 0.500535 0.027584
112 0.75895 0.52092 0.0292571
113 0.75895 0.494461 0.0269782
114 0.75895 0.507663 0.0264723
115 0.75895 0.515421 0.0285822
116 0.75895 0.510771 0.029422
117 0.75895 0.50591 0.0283521
118 0.75895 0.51895 0.026904
119 0.75895 0.53057 0.0257964
120 0.75895 0.525905 0.0254619
121 0.75895 0.524395 0.0260223
122 0.75895 0.493825 0.0261866
123 0.75895 0.531789 0.0289757
124 0.75895 0.517278 0.0307464
125 0.75895 0.516971 0.0262277
126 0.75895 0.523228 0.0233289
127 0.75895 0.496662 0.0252623
128 0.75895 0.498156 0.0262203
129 0.75895 0.506396 0.0280169
130 0.75895 0.490069 0.0252009
131 0.75895 0.489913 0.0262396
132 0.75895 0.501875 0.0261662
133 0.75895 0.506396 0.0226293
134 0.75895 0.492808 0.0214583
135 0.75895 0.51801 0.0243799
136 0.75895 0.491587 0.0244829
137 0.75895 0.511492 0.0244575
138 0.75895 0.485903 0.0251493
139 0.75895 0.49987 0.025617
140 0.75895 0.507121 0.027965
141 0.75895 0.498054 0.0263372
142 0.75895 0.49923 0.0240704
143 0.75895 0.511432 0.0244115
144 0.75895 0.512305 0.0269418
145 0.75895 0.49546 0.0290484
146 0.75895 0.508653 0.0287519
147 0.75895 0.49973 0.0240276
148 0.75895 0.482207 0.0260161
149 0.75895 0.497363 0.025119
150 0.75895 0.507 0.0262183
151 0.75895 0.507197 0.0269988
152 0.75895 0.508244 0.0308572
153 0.759863 0.497511 0.027603
154 0.759863 0.491542 0.0268063
155 0.759863 0.501091 0.024457
156 0.759863 0.512344 0.0248497
157 0.759863 0.500194 0.023147
158 0.759863 0.513944 0.0238908
159 0.759863 0.511657 0.0234134
160 0.759863 0.504705 0.0253135
161 0.759863 0.503442 0.0257802
162 0.759863 0.524436 0.027606
163 0.759863 0.51196 0.0252955
164 0.759863 0.508651 0.0262449
165 0.759863 0.52436 0.0260641
166 0.759863 0.529419 0.0249594
167 0.759863 0.530001 0.0252089
168 0.759863 0.529596 0.026875
169 0.759863 0.50143 0.0224369
170 0.759863 0.492509 0.0262032
171 0.759863 0.502228 0.025991
172 0.759863 0.522049 0.0273049
173 0.759863 0.514785 0.0274457
174 0.759863 0.500339 0.0260433
175 0.759863 0.516745 0.0294676
176 0.759863 0.520614 0.0301189
177 0.759863 0.521775 0.0266655
178 0.759863 0.497973 0.0317105
179 0.759863 0.52562 0.0263614
180 0.759863 0.50127 0.0233127
181 0.759863 0.544798 0.0252432
182 0.759876 0.526763 0.0257242
183 0.759876 0.500582 0.0233126
184 0.759876 0.484811 0.0229805
185 0.759876 0.502798 0.0244638
186 0.759876 0.508496 0.0240294
187 0.759876 0.509058 0.0238576
188 0.759876 0.494799 0.0239903
189 0.759876 0.508042 0.0242928
190 0.759876 0.489722 0.0271581
191 0.759876 0.495177 0.0279922
192 0.759876 0.512839 0.0273778
193 0.759876 0.486895 0.0269698
194 0.759876 0.49479 0.029164
195 0.759876 0.494997 0.0284439
196 0.759876 0.51882 0.0310455
197 0.759876 0.518397 0.0276602
198 0.759876 0.529964 0.0303074
199 0.759876 0.525527 0.0285095
200 0.759876 0.53567 0.0280143
201 0.759876 0.538825 0.0242569
202 0.759876 0.527397 0.0229855
203 0.759876 0.521265 0.0211943
204 0.759876 0.514545 0.0297683
205 0.759876 0.54384 0.0244357
206 0.759876 0.523139 0.0233496
207 0.759876 0.526485 0.0258562
208 0.759876 0.520062 0.0272421
209 0.759876 0.511357 0.0235208
210 0.759876 0.522921 0.0229548
211 0.759876 0.537552 0.0253094
212 0.759876 0.543946 0.023903
213 0.759876 0.519985 0.0217974
214 0.759876 0.540001 0.0250455
215 0.759876 0.545034 0.0254798
216 0.759876 0.549095 0.0238013
217 0.759876 0.537503 0.0243424
218 0.759876 0.532943 0.0241621
219 0.759876 0.533675 0.0269426
220 0.759876 0.551507 0.0267245
221 0.759876 0.529921 0.0268091
222 0.759876 0.510108 0.0241285
223 0.759876 0.47436 0.0273276
224 0.759876 0.482816 0.0272116
225 0.759876 0.497228 0.0269786
226 0.759876 0.517297 0.0269365
227 0.759876 0.51623 0.0292447
228 0.759876 0.516683 0.0234787
229 0.759876 0.507049 0.026713
230 0.759876 0.521241 0.0279949
231 0.759876 0.513744 0.026085
232 0.759876 0.546988 0.0249471
233 0.759876 0.545019 0.0244609
234 0.759876 0.527013 0.0261541
235 0.759876 0.506119 0.0270968
236 0.759876 0.488715 0.0250544
237 0.759876 0.48853 0.0269175
238 0.759876 0.490279 0.0272671
239 0.759876 0.497777 0.0273086
240 0.759876 0.496073 0.0258716
241 0.759876 0.518373 0.0228968
242 0.759876 0.529997 0.0272374
243 0.759876 0.536092 0.0266569
244 0.759876 0.515025 0.0276362
245 0.759876 0.518137 0.022988
246 0.759876 0.534655 0.0275828
247 0.759876 0.511381 0.0258101
248 0.759876 0.502576 0.0238331
249 0.759876 0.51983 0.0234119
250 0.759876 0.540526 0.0251281
251 0.759876 0.538271 0.0279213
252 0.759876 0.533111 0.0278727
253 0.759876 0.524306 0.0273432
254 0.759876 0.525428 0.0281885
255 0.759876 0.514115 0.0293051
256 0.759876 0.520219 0.025331
257 0.759876 0.534663 0.0264836
258 0.759876 0.523361 0.0281974
259 0.759876 0.531182 0.0264572
260 0.759876 0.537413 0.0267429
261 0.759876 0.533816 0.0257464
262 0.759876 0.508582 0.0279298
263 0.759876 0.507377 0.0287067
264 0.759876 0.490366 0.0279923
265 0.759876 0.511728 0.0287803
266 0.759876 0.534345 0.0239789
267 0.759876 0.524847 0.0249613
268 0.761519 0.530606 0.0263866
269 0.761519 0.52096 0.0257429
270 0.761519 0.518817 0.0270559
271 0.761519 0.523814 0.0258758
272 0.761519 0.511563 0.024741
273 0.761519 0.509926 0.0306716
274 0.761519 0.511694 0.0262204
275 0.761519 0.513594 0.0286952
276 0.761519 0.512616 0.0301479
277 0.761519 0.531719 0.0315849
278 0.761519 0.509982 0.0258966
279 0.761519 0.504079 0.0240613
280 0.761519 0.505521 0.0254803
281 0.761519 0.527259 0.0256157
282 0.761519 0.52121 0.0252736
283 0.761519 0.540783 0.0248236
284 0.761519 0.528092 0.0279284
285 0.761519 0.50805 0.0256548
286 0.761519 0.527697 0.0256277
287 0.761519 0.516978 0.0294692
288 0.761519 0.497137 0.0268341
289 0.761519 0.510751 0.0281559
290 0.761519 0.504434 0.0291674
291 0.761519 0.464474 0.026536
292 0.761519 0.513432 0.0260868
293 0.761519 0.505907 0.024988
294 0.761519 0.504165 0.0250376
295 0.761519 0.507419 0.0237939
296 0.761519 0.514388 0.0251678
297 0.761519 0.519641 0.0269545
298 0.761519 0.495378 0.0283006
299 0.761519 0.505565 0.0217205
300 0.761519 0.485378 0.023452
301 0.761519 0.494213 0.0248073
302 0.761519 0.505124 0.0271859
303 0.761519 0.505654 0.027962
304 0.761519 0.512144 0.0259858
305 0.761519 0.522481 0.028244
306 0.762279 0.522784 0.0276544
307 0.762279 0.516511 0.0275642
308 0.762279 0.520401 0.0284933
309 0.762279 0.527082 0.0299914
310 0.762279 0.523237 0.0300013
311 0.762279 0.512614 0.0232222
312 0.762279 0.49396 0.0252261
313 0.762279 0.493892 0.0285095
314 0.762279 0.504178 0.0291301
315 0.762279 0.523024 0.0259036
316 0.762279 0.505829 0.0264224
317 0.762279 0.504188 0.0250506
318 0.762279 0.506964 0.0282542
319 0.762279 0.505302 0.026294
320 0.762279 0.511851 0.0253317
321 0.762279 0.511267 0.0258454
322 0.762279 0.512997 0.0260856
323 0.762279 0.531868 0.0279969
324 0.762279 0.528504 0.0261911
325 0.762279 0.530742 0.0230991
326 0.762279 0.534625 0.0240741
327 0.762279 0.521407 0.0259226
328 0.762279 0.534952 0.0261153
329 0.762279 0.520272 0.0237159
330 0.762279 0.520646 0.0239549
331 0.762279 0.519298 0.0232159
332 0.762279 0.498827 0.0225863
333 0.762279 0.509789 0.0231256
334 0.762279 0.489227 0.0241954
335 0.762279 0.489969 0.0222617
336 0.762279 0.491663 0.0256577
337 0.762279 0.513429 0.0259864
338 0.762279 0.494887 0.0241593
339 0.762279 0.503071 0.0267581
340 0.762279 0.49375 0.0243387
341 0.762279 0.516036 0.0286902
342 0.762279 0.517106 0.0288978
343 0.762279 0.521521 0.0266431
344 0.762279 0.534795 0.0244402
345 0.762279 0.533066 0.024759
346 0.762279 0.547948 0.0261663
347 0.762279 0.528121 0.0274581
348 0.762279 0.53371 0.0276332
349 0.762279 0.519709 0.0250255
350 0.762279 0.517718 0.0227998
351 0.762279 0.484317 0.0246705
352 0.762279 0.500282 0.0255059
353 0.762279 0.511322 0.0241299
354 0.762279 0.523101 0.0222051
355 0.762279 0.515907 0.0238224
356 0.762279 0.507129 0.0239094
357 0.762279 0.50584 0.0248038
358 0.762279 0.494696 0.0259393
359 0.762279 0.50748 0.0270014
360 0.762279 0.508666 0.0251856
361 0.762279 0.50758 0.0260379
362 0.762279 0.493905 0.0239199
363 0.762279 0.510576 0.0273354
364 0.762279 0.501427 0.0249494
365 0.762279 0.530202 0.023743
366 0.762279 0.536304 0.0239555
367 0.762279 0.51507 0.020522
368 0.762279 0.506906 0.024764
369 0.762279 0.518954 0.0281485
370 0.762279 0.511977 0.0282185
371 0.762279 0.522072 0.025227
372 0.762279 0.525892 0.0246466
373 0.762279 0.520048 0.0242115
374 0.762279 0.514764 0.0264991
375 0.762279 0.522474 0.0273115
376 0.762279 0.503782 0.0240563
377 0.762279 0.490297 0.0221211
378 0.762279 0.505019 0.0256569
379 0.762279 0.502937 0.0260023
380 0.762279 0.503901 0.0290933
381 0.762279 0.495782 0.0282962
382 0.762279 0.505243 0.0274467
383 0.762279 0.512031 0.0278917
384 0.762279 0.507945 0.0275937
385 0.762279 0.51405 0.0288858
386 0.763918 0.535033 0.0269389
387 0.763918 0.528793 0.0251755
388 0.763918 0.509798 0.0275335
389 0.763918 0.521657 0.0287456
390 0.763918 0.52205 0.0237736
391 0.763918 0.530803 0.0194734
392 0.763918 0.532807 0.0214791
393 0.763918 0.52739 0.0214066
394 0.763918 0.51229 0.0253223
395 0.763918 0.519875 0.0228773
396 0.763918 0.540236 0.0250941
397 0.763918 0.5401 0.026563
398 0.763918 0.549081 0.0233621
399 0.763918 0.52161 0.0271293
400 0.764204 0.507461 0.0252567
401 0.764204 0.501005 0.0230136
402 0.764204 0.499128 0.0237693
403 0.764204 0.532135 0.0264888
404 0.764204 0.510479 0.0227176
405 0.764204 0.499973 0.0245266
406 0.764204 0.498822 0.0247906
407 0.764204 0.505758 0.0248549
408 0.764204 0.528329 0.0215586
409 0.764204 0.538678 0.0241431
410 0.764204 0.532173 0.0236872
411 0.764204 0.529767 0.0240713
412 0.764204 0.51603 0.0249786
413 0.764204 0.514303 0.0246728
414 0.764204 0.517963 0.0223906
415 0.764204 0.515883 0.0248267
416 0.764204 0.518243 0.0257838
417 0.764204 0.529335 0.0233208
418 0.764204 0.533769 0.024493
419 0.764204 0.528063 0.0230545
420 0.764204 0.53898 0.0254021
421 0.764204 0.515412 0.0234821
422 0.764204 0.525429 0.02388
423 0.764204 0.52382 0.0233866
424 0.764204 0.515661 0.0239124
425 0.764204 0.52957 0.0271654
426 0.764204 0.524475 0.0269586
427 0.764204 0.523401 0.0279096
428 0.764204 0.514586 0.0248407
429 0.764204 0.527643 0.020368
430 0.764204 0.531393 0.0259121
431 0.764204 0.53665 0.0256356
432 0.764204 0.551364 0.0255943
433 0.764204 0.531701 0.0293747
434 0.764204 0.512725 0.029172
435 0.764204 0.5446 0.0281621
436 0.764204 0.54073 0.0225954
437 0.764204 0.542631 0.0248398
438 0.764204 0.534526 0.024552
439 0.764204 0.534978 0.0243705
440 0.764204 0.532426 0.0269932
441 0.764204 0.531238 0.0250828
442 0.764204 0.543457 0.024745
443 0.764204 0.542951 0.0249154
444 0.764204 0.535923 0.0221289
445 0.764204 0.515106 0.0217812
446 0.764204 0.535336 0.0245951
447 0.764204 0.543561 0.0240732
448 0.764457 0.538602 0.0243243
449 0.764457 0.526934 0.0246471
450 0.764457 0.544719 0.0219415
451 0.764457 0.561487 0.0223228
452 0.764457 0.541667 0.0226222
453 0.764457 0.549495 0.0192058
454 0.764457 0.525505 0.0243871
455 0.764457 0.537979 0.0226908
456 0.764457 0.536008 0.0207298
457 0.764457 0.518468 0.0214977
458 0.764457 0.481325 0.0213846
459 0.764457 0.509558 0.0225532
460 0.764457 0.518132 0.023795
461 0.764457 0.498417 0.0269959
462 0.764457 0.480626 0.0266973
463 0.764457 0.506006 0.0251379
464 0.764457 0.497248 0.0226131
465 0.764457 0.520403 0.0230927
466 0.764457 0.535627 0.0246277
467 0.764457 0.518492 0.025084
468 0.764457 0.53113 0.0263599
469 0.764457 0.524321 0.0272497
470 0.764457 0.546731 0.0252017
471 0.764457 0.529658 0.021568
472 0.764457 0.508057 0.0207708
473 0.764457 0.515499 0.0251249
474 0.764457 0.523031 0.0256107
475 0.764457 0.544948 0.0202814
476 0.764457 0.545233 0.0232927
477 0.764457 0.516747 0.0248801
478 0.764457 0.505567 0.0269135
479 0.764457 0.541631 0.0238296
480 0.764457 0.544781 0.0208699
481 0.764457 0.550253 0.0216581
482 0.764457 0.540007 0.0222919
483 0.764457 0.547831 0.0194682
484 0.764457 0.556939 0.0211629
485 0.764457 0.547466 0.0199218
486 0.764457 0.547941 0.0229336
487 0.764457 0.535559 0.0221584
488 0.764457 0.532978 0.0220286
489 0.764457 0.554175 0.0220029
490 0.764457 0.534936 0.0220966
491 0.764457 0.518344 0.025533
492 0.764457 0.503854 0.0248425
493 0.764457 0.511231 0.0254993
494 0.764457 0.509824 0.0249175
495 0.764457 0.519177 0.0264962
496 0.764457 0.52588 0.0250182
497 0.764457 0.535256 0.0263762
498 0.764457 0.526164 0.0278393
499 0.764457 0.528898 0.0294879
500 0.765482 0.539457 0.0259396
501 0.765482 0.540836 0.0253006
502 0.765482 0.549976 0.0283584
503 0.765482 0.564912 0.0257084
504 0.765482 0.522382 0.0242313
505 0.765482 0.525923 0.0264619
506 0.765482 0.55727 0.0260736
507 0.765482 0.541882 0.0248758
508 0.765482 0.534853 0.0242031
509 0.765482 0.522905 0.0211875
510 0.765482 0.560436 0.0190519
511 0.765482 0.566431 0.0172893
512 0.765482 0.535397 0.0219183
513 0.765482 0.531371 0.0225486
514 0.765482 0.541629 0.022154
515 0.765482 0.557107 0.0217645
516 0.765482 0.537143 0.021309
517 0.765482 0.524081 0.0242885
518 0.765482 0.529056 0.0207981
519 0.765482 0.52887 0.0229971
520 0.765482 0.531199 0.0252756
521 0.765482 0.509825 0.0226547
522 0.765482 0.520171 0.0225863
523 0.765482 0.521422 0.0239147
524 0.765482 0.530076 0.0238293
525 0.765482 0.517572 0.022704
526 0.765482 0.509357 0.0215675
527 0.765482 0.515395 0.0251625
528 0.765482 0.524667 0.0251702
529 0.765482 0.530951 0.0214745
530 0.765482 0.544015 0.0270947
531 0.765482 0.539957 0.0252603
532 0.765482 0.533419 0.0269785
533 0.765482 0.529745 0.0239536
534 0.765482 0.531575 0.0232527
535 0.765482 0.5296 0.0233537
536 0.765482 0.537392 0.0252895
537 0.765482 0.517388 0.0230281
538 0.765482 0.531931 0.0251403
539 0.765482 0.53905 0.0248434
540 0.765482 0.531035 0.0273152
541 0.765482 0.533388 0.0269272
542 0.765482 0.537227 0.025508
543 0.765482 0.551213 0.0234604
544 0.765482 0.545356 0.0213008
545 0.765482 0.53089 0.0201796
546 0.765482 0.538592 0.0194838
547 0.765482 0.550092 0.021082
548 0.765482 0.544985 0.0244885
549 0.765482 0.523118 0.026271
550 0.765482 0.540469 0.0239982
551 0.765482 0.546543 0.0232102
552 0.765482 0.54211 0.0237702
553 0.765482 0.514261 0.0259428
554 0.765482 0.541727 0.0227318
555 0.765482 0.546363 0.0254407
556 0.765482 0.548202 0.0226336
557 0.765482 0.527967 0.0202794
558 0.765482 0.552089 0.0225473
559 0.765482 0.551758 0.0217887
560 0.765482 0.544261 0.0228243
561 0.765482 0.548077 0.0227952
562 0.765482 0.553917 0.0240469
563 0.765482 0.544041 0.0228809
564 0.765482 0.5416 0.0222081
565 0.765482 0.545722 0.0226591
566 0.765482 0.562022 0.0217803
567 0.765482 0.553591 0.0231635
568 0.765482 0.535675 0.0235807
569 0.765482 0.550808 0.0255596
570 0.765482 0.547829 0.0217578
571 0.765482 0.562031 0.0206662
572 0.765482 0.530428 0.0214245
573 0.765482 0.547654 0.0207437
574 0.765482 0.53922 0.0191895
575 0.765482 0.53326 0.0259378
576 0.765482 0.548831 0.0236764
577 0.765482 0.530254 0.0237947
578 0.765482 0.539659 0.0233541
579 0.765482 0.547351 0.0256134
580 0.765482 0.539847 0.0277361
581 0.765482 0.533846 0.025626
582 0.765482 0.504497 0.023672
583 0.765482 0.546815 0.0220035
584 0.765482 0.530976 0.0233548
585 0.765482 0.541604 0.0244642
586 0.765482 0.533726 0.0249145
587 0.765482 0.521917 0.0256949
588 0.765482 0.527768 0.0238005
589 0.765482 0.530732 0.0200785
590 0.765482 0.539167 0.0207869
591 0.765482 0.576298 0.0205092
592 0.765482 0.551684 0.0186646
593 0.765482 0.530837 0.0217532
594 0.765482 0.524994 0.0197298
595 0.765482 0.514365 0.0206801
596 0.765482 0.531928 0.0215258
597 0.765482 0.545051 0.0217495
598 0.765482 0.535796 0.0206402
599 0.765482 0.550635 0.0167463
600 0.765482 0.553888 0.0173473
601 0.765482 0.546245 0.017816
602 0.765482 0.544596 0.023217
603 0.765482 0.563069 0.0196498
604 0.765482 0.552259 0.0233266
605 0.765482 0.543378 0.0211639
606 0.765482 0.540131 0.0214044
607 0.765482 0.569812 0.0224378
608 0.765482 0.561386 0.0207452
609 0.765482 0.566157 0.0212049
610 0.765482 0.559773 0.0224917
611 0.765482 0.537169 0.0248489
612 0.765482 0.556701 0.0238056
613 0.765482 0.555402 0.0240899
614 0.765482 0.55413 0.0216903
615 0.765482 0.535218 0.0223079
616 0.765482 0.541613 0.0219884
617 0.765482 0.538051 0.0218638
618 0.765482 0.535871 0.022188
619 0.765482 0.539709 0.0224475
620 0.765482 0.525329 0.0237032
621 0.765482 0.517002 0.0242385
622 0.765482 0.539416 0.0237028
623 0.765482 0.53245 0.0233801
624 0.765482 0.530336 0.0246344
625 0.765482 0.538291 0.0230094
626 0.765482 0.537423 0.0230601
627 0.765482 0.535239 0.0232419
628 0.765482 0.536494 0.0242004
629 0.765482 0.538509 0.0225345
630 0.765482 0.548148 0.0219957
631 0.765482 0.551934 0.0245294
632 0.765482 0.54522 0.0201193
633 0.765482 0.542431 0.0228297
634 0.765482 0.525171 0.0233172
635 0.765482 0.531942 0.0228849
636 0.765482 0.542746 0.0221998
637 0.765482 0.551855 0.0232565
638 0.765482 0.552232 0.023535
639 0.765482 0.52986 0.0207874
640 0.765482 0.524097 0.0207921
641 0.765482 0.525775 0.0235087
642 0.765482 0.537084 0.0227103
643 0.765482 0.536229 0.0235952
644 0.765482 0.542508 0.023963
645 0.765482 0.542365 0.0234232
646 0.765482 0.519395 0.0235423
647 0.765482 0.531723 0.0237269
648 0.765482 0.544029 0.0210449
649 0.765482 0.547419 0.0269606
650 0.765482 0.536941 0.0244761
651 0.765482 0.531749 0.0239133
652 0.765482 0.521268 0.0279988
653 0.765482 0.540329 0.0243576
654 0.765482 0.552975 0.0261674
655 0.765482 0.54595 0.0264433
656 0.765482 0.554998 0.0249622
657 0.765482 0.569882 0.022525
658 0.765482 0.552372 0.0238885
659 0.765482 0.549522 0.0249129
660 0.765482 0.551034 0.0223861
661 0.765482 0.548705 0.0196493
662 0.765482 0.522394 0.0245625
663 0.765482 0.533542 0.0222338
664 0.765482 0.50679 0.0236575
665 0.765482 0.505117 0.0260062
666 0.765482 0.526954 0.0278278
667 0.765482 0.533388 0.0265436
668 0.765482 0.526965 0.0253625
669 0.765482 0.519604 0.0248714
670 0.765482 0.549601 0.0248187
671 0.765482 0.542281 0.0230647
672 0.765482 0.531051 0.0243279
673 0.765482 0.540872 0.0256086
674 0.765482 0.5332 0.0246133
675 0.765482 0.5395 0.0245649
676 0.765482 0.517192 0.0241191
677 0.765482 0.521755 0.0264632
678 0.765482 0.516551 0.0252531
679 0.765482 0.510741 0.026341
680 0.765482 0.526674 0.02536
681 0.765482 0.539872 0.0256546
682 0.765482 0.534163 0.0250033
683 0.765482 0.525608 0.0235925
684 0.765482 0.523136 0.0238182
685 0.765482 0.53448 0.0259079
686 0.765482 0.523238 0.0271257
687 0.765482 0.51668 0.0292694
688 0.765482 0.507726 0.0276911
689 0.765482 0.499322 0.0262727
690 0.765482 0.508156 0.027987
691 0.765482 0.506878 0.0250357
692 0.765482 0.521943 0.0269835
693 0.765482 0.531045 0.0267317
694 0.765482 0.538693 0.0248336
695 0.765482 0.536663 0.0261104
696 0.765482 0.516878 0.0245709
697 0.765482 0.520274 0.0257562
698 0.765482 0.544264 0.0228709
699 0.765482 0.524229 0.0202655
700 0.765482 0.54488 0.0214125
701 0.765482 0.547185 0.0232455
702 0.765482 0.547511 0.0247914
703 0.765482 0.538738 0.0259815
704 0.765508 0.542273 0.0254462
705 0.765508 0.561318 0.0239648
706 0.765508 0.537292 0.0254174
707 0.765508 0.53894 0.0243003
708 0.765508 0.530056 0.0233439
709 0.765508 0.529761 0.0235314
710 0.765508 0.556304 0.0256045
711 0.765508 0.542633 0.0262227
712 0.765508 0.547619 0.0248159
713 0.765508 0.563078 0.0223383
714 0.765508 0.538749 0.022124
715 0.765508 0.530185 0.0247017
716 0.765508 0.550913 0.0234441
717 0.765508 0.544944 0.0226537
718 0.765508 0.541011 0.0235798
719 0.765508 0.536015 0.0241691
720 0.765508 0.526438 0.0234537
721 0.765508 0.534117 0.0226001
722 0.765508 0.53597 0.0235311
723 0.765508 0.523432 0.025999
724 0.765508 0.542305 0.0254932
725 0.765508 0.515105 0.0247084
726 0.765508 0.531186 0.0237846
727 0.765508 0.53004 0.0238989
728 0.765508 0.528661 0.026005
729 0.765508 0.507726 0.0277496
730 0.765508 0.524207 0.0241908
731 0.765508 0.528479 0.0277949
732 0.765508 0.528261 0.0251327
733 0.765508 0.531534 0.0245205
734 0.765508 0.52402 0.0228849
735 0.765508 0.536367 0.0246546
736 0.765508 0.536323 0.023992
737 0.765508 0.556615 0.0241678
738 0.765508 0.551189 0.0211633
739 0.765508 0.545912 0.0225312
740 0.765508 0.541713 0.0236793
741 0.765508 0.559732 0.0230089
742 0.765508 0.556664 0.0253874
743 0.765636 0.554736 0.0282135
744 0.765636 0.520444 0.03028
745 0.765636 0.550107 0.0231833
746 0.765636 0.551983 0.0211581
747 0.765636 0.567482 0.0215918
748 0.765636 0.561164 0.0225072
749 0.765636 0.565743 0.0212925
750 0.765636 0.538829 0.0225594
751 0.765636 0.528843 0.0206393
752 0.765636 0.53387 0.0181057
753 0.765636 0.546636 0.022048
754 0.765636 0.549675 0.0227041
755 0.765636 0.544458 0.0224598
756 0.765636 0.547487 0.0255764
757 0.765636 0.546717 0.0250102
758 0.765636 0.527163 0.0226866
759 0.765704 0.540851 0.022469
760 0.765704 0.552799 0.0191547
761 0.765704 0.5299 0.0221183
762 0.765704 0.52948 0.022653
763 0.765704 0.526492 0.0181163
764 0.765704 0.530579 0.0211176
765 0.765704 0.526703 0.023154
766 0.765704 0.536988 0.0227605
767 0.765704 0.54402 0.0238591
768 0.765704 0.561138 0.0244428
769 0.765704 0.566951 0.0219263
770 0.765704 0.577513 0.0200528
771 0.765704 0.56074 0.019353
772 0.765704 0.530505 0.0205843
773 0.765704 0.538482 0.0200696
774 0.765704 0.535871 0.0230118
775 0.765704 0.562223 0.023397
776 0.765704 0.551539 0.0246013
777 0.765704 0.548464 0.0237688
778 0.765704 0.550469 0.0228361
779 0.765704 0.546236 0.0226596
780 0.765704 0.53822 0.022146
781 0.765704 0.548984 0.0235166
782 0.765704 0.536829 0.0248982
783 0.765704 0.56609 0.0219085
784 0.765704 0.557064 0.0216471
785 0.765704 0.553238 0.0206809
786 0.765704 0.532382 0.0206599
787 0.765704 0.556889 0.0234333
788 0.765705 0.541809 0.0248612
789 0.765705 0.546204 0.0219447
790 0.765705 0.555644 0.0233832
791 0.765705 0.545301 0.0219031
792 0.765705 0.561718 0.0217944
793 0.765705 0.560304 0.0213789
794 0.765705 0.538213 0.0253907
795 0.765705 0.534734 0.0219033
796 0.765705 0.566123 0.0215004
797 0.765705 0.572773 0.0201432
798 0.765705 0.565862 0.0242173
799 0.765705 0.551983 0.0252389
800 0.765705 0.531253 0.0231867
801 0.765705 0.533109 0.0209601
802 0.765705 0.536093 0.0218623
803 0.765705 0.549041 0.0232079
804 0.765705 0.546872 0.0222849
805 0.765705 0.561523 0.0234769
806 0.765705 0.549856 0.0237088
807 0.765705 0.545549 0.0247825
808 0.765705 0.541051 0.0229457
809 0.765705 0.513567 0.0241184
810 0.765705 0.520017 0.0242352
811 0.765705 0.531472 0.0258297
812 0.765705 0.557269 0.0220493
813 0.765705 0.529951 0.0232938
814 0.765705 0.517308 0.021973
815 0.765705 0.535088 0.0281172
816 0.765705 0.527078 0.0259051
817 0.765705 0.540007 0.0266935
818 0.765705 0.532473 0.0274104
819 0.765705 0.539569 0.0271501
820 0.765705 0.53704 0.0268885
821 0.765705 0.564338 0.0237358
822 0.765705 0.554704 0.0247338
823 0.765788 0.550521 0.0262248
824 0.765788 0.568557 0.0195107
825 0.765788 0.552748 0.0239248
826 0.765788 0.547706 0.0240104
827 0.765788 0.55219 0.0229989
828 0.765788 0.555453 0.0196192
829 0.765788 0.543942 0.0221554
830 0.765788 0.537404 0.0242384
831 0.765788 0.523782 0.0239724
832 0.765788 0.544469 0.0219693
833 0.765788 0.542477 0.0220373
834 0.765788 0.543774 0.0245269
835 0.765788 0.535832 0.0243224
836 0.765788 0.507162 0.02582
837 0.765788 0.507995 0.020437
838 0.765788 0.511808 0.0212189
839 0.765788 0.525005 0.0244732
840 0.765788 0.496662 0.0240398
841 0.765788 0.50415 0.0247987
842 0.765788 0.497104 0.0220271
843 0.765788 0.513977 0.0218655
844 0.765788 0.504987 0.0239565
845 0.765788 0.501286 0.023742
846 0.765788 0.49393 0.0247321
847 0.765788 0.491526 0.0262152
848 0.765788 0.516906 0.0255726
849 0.765788 0.52741 0.0260125
850 0.765788 0.527095 0.0245722
851 0.765788 0.532942 0.0253366
852 0.765788 0.544738 0.0252624
853 0.765788 0.517188 0.028007
854 0.765788 0.500203 0.0256094
855 0.765788 0.493811 0.0229338
856 0.765788 0.527105 0.024038
857 0.765788 0.507617 0.0215931
858 0.765788 0.530157 0.0243086
859 0.765788 0.531774 0.0221136
860 0.765788 0.521493 0.0266309
861 0.765788 0.546528 0.0239523
862 0.765788 0.51996 0.0247995
863 0.765788 0.523678 0.028876
864 0.765788 0.527756 0.0261945
865 0.765788 0.535764 0.0247771
866 0.765788 0.558821 0.0240402
867 0.765788 0.53085 0.0260416
868 0.765788 0.520856 0.026457
869 0.765788 0.529787 0.0234273
870 0.765788 0.542086 0.0233309
871 0.765788 0.55634 0.0233753
872 0.765788 0.553679 0.0247079
873 0.765788 0.512869 0.0220794
874 0.765788 0.513655 0.0217246
875 0.765788 0.543527 0.0243034
876 0.765788 0.531889 0.0237044
877 0.765788 0.553121 0.0235683
878 0.765788 0.559576 0.0214266
879 0.765788 0.529927 0.0243066
880 0.765788 0.53116 0.0217445
881 0.765788 0.528448 0.0246265
882 0.765788 0.540348 0.0259532
883 0.765788 0.522846 0.0291954
884 0.765788 0.526435 0.0283119
885 0.765788 0.512804 0.0283423
886 0.765788 0.524066 0.0273814
887 0.765788 0.545782 0.0245272
888 0.765788 0.519884 0.0243789
889 0.765788 0.518167 0.0260704
890 0.765788 0.508081 0.0247814
891 0.765788 0.518489 0.0241361
892 0.765788 0.53392 0.0222589
893 0.765788 0.530575 0.0260822
894 0.765788 0.520667 0.0259173
895 0.765788 0.535768 0.0240736
896 0.765788 0.522133 0.0219517
897 0.765788 0.536739 0.0209709
898 0.765788 0.528972 0.0239125
899 0.765788 0.535194 0.0229749
900 0.765788 0.531752 0.0264
901 0.765788 0.549328 0.0243179
902 0.765788 0.548518 0.024538
903 0.765788 0.5331 0.0224619
904 0.765788 0.529269 0.0246424
905 0.765788 0.520712 0.0253313
906 0.765788 0.526996 0.0227369
907 0.765788 0.520572 0.0240827
908 0.765788 0.507895 0.0251929
909 0.765788 0.500554 0.0270948
910 0.765788 0.530595 0.0265451
911 0.765788 0.516492 0.0234384
912 0.765788 0.539156 0.0249698
913 0.765788 0.533189 0.0230556
914 0.765788 0.531769 0.0212047
915 0.765788 0.553314 0.0211091
916 0.765788 0.555051 0.0210784
917 0.765788 0.556964 0.0216942
918 0.765788 0.561464 0.0211744
919 0.765788 0.560788 0.0222898
920 0.765788 0.550879 0.0233609
921 0.765788 0.558134 0.0222604
922 0.765788 0.534153 0.025266
923 0.765788 0.553379 0.0249603
924 0.765788 0.551133 0.0225768
925 0.765788 0.537465 0.0211424
926 0.765788 0.536966 0.0205272
927 0.765788 0.566699 0.0220499
928 0.765788 0.564659 0.0239714
929 0.765788 0.561536 0.0239371
930 0.765788 0.560613 0.0219727
931 0.765788 0.551361 0.0224611
932 0.765788 0.554496 0.0224686
933 0.765788 0.580776 0.0187523
934 0.765788 0.56204 0.0191115
935 0.765788 0.571785 0.0219169
936 0.765788 0.56607 0.0190991
937 0.765788 0.567195 0.0193307
938 0.765788 0.541675 0.0221864
939 0.765788 0.540657 0.0242211
940 0.765788 0.52772 0.0239611
941 0.765788 0.538426 0.0254339
942 0.765788 0.545337 0.0240877
943 0.765788 0.533135 0.0245317
944 0.765788 0.554567 0.0263578
945 0.765788 0.53928 0.0244306
946 0.765788 0.525749 0.0252641
947 0.765788 0.537104 0.0251195
948 0.765788 0.554099 0.0225733
949 0.765788 0.544431 0.0230413
950 0.765788 0.540992 0.0270215
951 0.765788 0.556558 0.0259374
952 0.765788 0.553858 0.0258786
953 0.765788 0.546986 0.0242263
954 0.765788 0.534504 0.0222752
955 0.765788 0.531745 0.0248006
956 0.765788 0.50977 0.0243656
957 0.765788 0.517605 0.0238667
958 0.765788 0.514283 0.025592
959 0.765788 0.506576 0.0277483
960 0.765788 0.519282 0.0285452
961 0.765788 0.539406 0.0274176
962 0.765788 0.523672 0.0235238
963 0.765788 0.513215 0.0247242
964 0.765788 0.510908 0.0228647
965 0.765788 0.524589 0.025885
966 0.765788 0.515871 0.0244795
967 0.765788 0.540694 0.0234514
968 0.765788 0.526079 0.0219015
969 0.765788 0.517956 0.0226509
970 0.765788 0.543553 0.0219876
971 0.765788 0.530638 0.0234094
972 0.765788 0.544254 0.0223853
973 0.765788 0.540826 0.0229767
974 0.765788 0.544879 0.0212908
975 0.765788 0.53943 0.0186274
976 0.765788 0.544435 0.0210397
977 0.765788 0.558311 0.0195366
978 0.765788 0.558239 0.0209625
979 0.765788 0.56347 0.0210781
980 0.765788 0.56316 0.0224316
981 0.765788 0.541088 0.0245352
982 0.765788 0.531743 0.0255546
983 0.765788 0.54568 0.0254587
984 0.765788 0.541072 0.0205142
985 0.765788 0.549595 0.0216486
986 0.765788 0.557689 0.0247498
987 0.765788 0.559734 0.0231269
988 0.765788 0.555979 0.023217
989 0.765788 0.561864 0.0213354
990 0.765788 0.563073 0.0174526
991 0.765788 0.554155 0.019036
992 0.765788 0.562443 0.0215335
993 0.765788 0.534656 0.0204983
994 0.765788 0.540833 0.0230662
995 0.765788 0.534865 0.0269511
996 0.765788 0.542554 0.0234149
997 0.765788 0.526971 0.0238566
998 0.765788 0.552765 0.0239638
999 0.765788 0.543906 0.0239129
1000 0.765788 0.538949 0.023161
