0 0.442058 0.254562 0.000715275
1 0.442058 0.255361 0.00120744
2 0.442058 0.260046 0.00150395
3 0.442058 0.268931 0.00246879
4 0.442058 0.275354 0.002861
5 0.442058 0.28142 0.00423373
6 0.442058 0.279839 0.00398945
7 0.442058 0.278358 0.00518186
8 0.52493 0.287926 0.00622619
9 0.52493 0.283628 0.0061289
10 0.52493 0.29121 0.00643408
11 0.52493 0.302503 0.00742477
12 0.52493 0.298441 0.00777611
13 0.531772 0.303193 0.00870266
14 0.531772 0.303816 0.0103943
15 0.531772 0.306215 0.0118107
16 0.531772 0.309921 0.0112004
17 0.531772 0.325213 0.0118831
18 0.532408 0.331158 0.0131625
19 0.54504 0.333887 0.0148055
20 0.54504 0.329289 0.0134453
21 0.54504 0.332992 0.0139614
22 0.54504 0.34202 0.0153545
23 0.54504 0.350334 0.0147373
24 0.54504 0.360677 0.0161399
25 0.54504 0.381743 0.0166235
26 0.54504 0.394494 0.0135582
27 0.54845 0.41137 0.0140484
28 0.54845 0.41375 0.012398
29 0.55444 0.417595 0.011911
30 0.55444 0.416171 0.0109484
31 0.555729 0.428412 0.011587
32 0.555729 0.429936 0.0115012
33 0.556349 0.431206 0.00991968
34 0.570247 0.420789 0.0104473
35 0.607461 0.430783 0.0125466
36 0.607461 0.439678 0.0124514
37 0.607461 0.444293 0.0111074
38 0.61568 0.44729 0.0115485
39 0.61568 0.460012 0.0102345
40 0.648197 0.478364 0.00926816
41 0.652954 0.486346 0.00924207
42 0.661663 0.493982 0.00910692
43 0.665598 0.50143 0.00962709
44 0.682685 0.51304 0.00811398
45 0.682685 0.513266 0.00961869
46 0.71996 0.525279 0.00979326
47 0.71996 0.503012 0.0107908
48 0.71996 0.528668 0.0106405
49 0.720683 0.535494 0.0119695
50 0.721758 0.543042 0.0101893
51 0.721758 0.529215 0.0133428
52 0.721758 0.540139 0.0124284
53 0.73462 0.543003 0.0111162
54 0.73462 0.545394 0.0121767
55 0.73462 0.542871 0.0114827
56 0.73462 0.544353 0.0141737
57 0.73462 0.535916 0.0139298
58 0.73462 0.531344 0.0136369
59 0.73462 0.548877 0.0135109
60 0.73462 0.557858 0.0135904
61 0.73462 0.555741 0.0131416
62 0.73462 0.555058 0.0144693
63 0.73462 0.56606 0.0126552
64 0.73462 0.555327 0.0123104
65 0.73462 0.579271 0.0131257
66 0.73462 0.56261 0.0129069
67 0.73462 0.55996 0.0111117
68 0.73462 0.556596 0.0121258
69 0.73462 0.558269 0.0128782
70 0.73462 0.544186 0.0108073
71 0.73462 0.554434 0.0124367
72 0.73462 0.545058 0.0130007
73 0.73462 0.548268 0.0137507
74 0.735585 0.55282 0.0124164
75 0.735585 0.540144 0.0127859
76 0.735585 0.537963 0.013596
77 0.735585 0.569153 0.0140822
78 0.735585 0.558277 0.0128473
79 0.735585 0.564831 0.0134243
80 0.735585 0.558197 0.0139801
81 0.735585 0.574441 0.0137254
82 0.735585 0.573379 0.0117994
83 0.735585 0.560458 0.0133934
84 0.735585 0.539535 0.014556
85 0.735585 0.545674 0.0163908
86 0.736057 0.558049 0.0147554
87 0.736057 0.555604 0.0149033
88 0.742724 0.570529 0.0121426
89 0.742724 0.559626 0.0127119
90 0.742724 0.560595 0.0152908
91 0.742724 0.585804 0.0132918
92 0.742724 0.568136 0.0124969
93 0.742724 0.569711 0.0181522
94 0.760004 0.554181 0.0160344
95 0.760004 0.564474 0.0121099
96 0.760004 0.576084 0.0106121
97 0.760004 0.573367 0.0105509
98 0.760004 0.563886 0.0128763
99 0.760004 0.557885 0.0137153
100 0.760004 0.561623 0.0150949
101 0.760004 0.560311 0.0145491
102 0.760004 0.571265 0.0151324
103 0.760004 0.552152 0.0154445
104 0.760004 0.552117 0.0150797
105 0.760004 0.546541 0.0174072
106 0.760004 0.571064 0.0148619
107 0.760004 0.577949 0.0117869
108 0.760004 0.592528 0.0118526
109 0.760004 0.591175 0.0112875
110 0.760004 0.599384 0.0100296
111 0.760004 0.590263 0.0129878
112 0.760004 0.585207 0.0130096
113 0.760004 0.564489 0.0158856
114 0.760004 0.580219 0.0144877
115 0.760004 0.570781 0.0128127
116 0.760004 0.576335 0.0146264
117 0.760004 0.584542 0.0117267
118 0.760004 0.575527 0.0144122
119 0.760004 0.577735 0.0134387
120 0.760004 0.574705 0.013156
121 0.760004 0.581821 0.0130168
122 0.760004 0.583942 0.0123805
123 0.760004 0.590139 0.0115827
124 0.760004 0.590699 0.0106039
125 0.760004 0.592478 0.0131994
126 0.760004 0.575733 0.0137388
127 0.760004 0.573458 0.0171438
128 0.760004 0.556144 0.0162404
129 0.760004 0.56948 0.0138494
130 0.760004 0.566876 0.0142287
131 0.760004 0.579607 0.014281
132 0.760004 0.582504 0.0130556
133 0.760004 0.593877 0.0131933
134 0.760004 0.603994 0.0113827
135 0.769566 0.591561 0.0128443
136 0.769566 0.596549 0.0141696
137 0.769566 0.594472 0.0154204
138 0.769566 0.582011 0.0137427
139 0.769566 0.589701 0.013619
140 0.769566 0.573171 0.0160957
141 0.769566 0.583097 0.0139784
142 0.769566 0.585228 0.0142488
143 0.769566 0.59979 0.0121033
144 0.769566 0.581255 0.0138123
145 0.769566 0.574475 0.0139935
146 0.769566 0.573699 0.0151155
147 0.769566 0.578654 0.013943
148 0.769566 0.578631 0.0146685
149 0.769566 0.573575 0.018023
150 0.769566 0.579727 0.0180077
151 0.769566 0.560839 0.0201426
152 0.769566 0.579756 0.0186687
153 0.769566 0.573071 0.0188579
154 0.769566 0.552325 0.0206766
155 0.769566 0.550109 0.0181134
156 0.769566 0.562469 0.0169829
157 0.769566 0.564165 0.0139284
158 0.769566 0.566829 0.0150515
159 0.769566 0.564772 0.0144473
160 0.769566 0.567903 0.0150691
161 0.769566 0.554708 0.0155062
162 0.769566 0.552111 0.0176608
163 0.769566 0.573705 0.0170152
164 0.769566 0.583123 0.0156685
165 0.769566 0.567316 0.0151154
166 0.769566 0.574126 0.0167899
167 0.769566 0.566941 0.0148566
168 0.769566 0.554036 0.0135161
169 0.769566 0.559986 0.0156107
170 0.769566 0.571365 0.0165777
171 0.771199 0.560369 0.0168369
172 0.771199 0.571913 0.017269
173 0.771199 0.575533 0.0148434
174 0.771199 0.575733 0.014489
175 0.771199 0.571597 0.0175392
176 0.771199 0.564506 0.0153719
177 0.771199 0.562704 0.0162152
178 0.771199 0.564041 0.0167754
179 0.771199 0.57391 0.0165576
180 0.771199 0.555643 0.01495
181 0.771199 0.56286 0.0175706
182 0.771199 0.566208 0.0159145
183 0.771199 0.57077 0.0158793
184 0.771199 0.564565 0.0157548
185 0.77133 0.585875 0.0115694
186 0.77133 0.579018 0.015531
187 0.77133 0.55804 0.0157731
188 0.77133 0.575581 0.0155916
189 0.77133 0.577368 0.0164422
190 0.77133 0.576899 0.0148893
191 0.775807 0.576171 0.015894
192 0.775807 0.576703 0.0157849
193 0.775807 0.580339 0.0161764
194 0.775807 0.587214 0.0166428
195 0.775807 0.575723 0.0153864
196 0.775807 0.579482 0.0161005
197 0.775807 0.592263 0.0155241
198 0.775807 0.574708 0.0179815
199 0.775807 0.576124 0.0161169
200 0.775807 0.5599 0.0171166
201 0.775807 0.563552 0.0170029
202 0.775807 0.590708 0.0154357
203 0.775807 0.604143 0.0144804
204 0.775807 0.610729 0.0131226
205 0.775807 0.596715 0.0139948
206 0.775807 0.606405 0.0117839
207 0.775807 0.586237 0.0155761
208 0.775807 0.573569 0.0151666
209 0.775807 0.568177 0.0155291
210 0.775807 0.572962 0.0180527
211 0.775807 0.567529 0.0150698
212 0.775807 0.556889 0.0165378
213 0.775807 0.579349 0.0130891
214 0.775807 0.585048 0.0147331
215 0.775807 0.579051 0.0108538
216 0.775807 0.598665 0.0120403
217 0.775807 0.608027 0.0116999
218 0.775807 0.602027 0.011402
219 0.775807 0.594208 0.0128301
220 0.775807 0.595186 0.0117752
221 0.775807 0.592932 0.0136332
222 0.775807 0.597584 0.0161121
223 0.775807 0.587094 0.0144109
224 0.775807 0.590353 0.015954
225 0.775807 0.579131 0.014854
226 0.775807 0.57927 0.0148616
227 0.775807 0.557498 0.0184572
228 0.775807 0.560766 0.0168862
229 0.775807 0.572075 0.0158498
230 0.775807 0.560267 0.0168998
231 0.775807 0.555163 0.0201525
232 0.775807 0.555416 0.0190117
233 0.775807 0.572933 0.0180708
234 0.775807 0.584424 0.0156585
235 0.775807 0.585428 0.0147261
236 0.775807 0.588988 0.0142728
237 0.775807 0.578789 0.0154675
238 0.775807 0.596716 0.0130233
239 0.775807 0.595716 0.0135731
240 0.775807 0.585203 0.0141083
241 0.775807 0.603503 0.0113098
242 0.775807 0.596199 0.0118062
243 0.775807 0.594097 0.0114249
244 0.775807 0.611178 0.0112777
245 0.775807 0.591173 0.0105663
246 0.775807 0.576374 0.0140075
247 0.775807 0.596289 0.0146436
248 0.775807 0.588765 0.0140123
249 0.776722 0.582198 0.0159314
250 0.776722 0.593342 0.0144296
251 0.776722 0.602323 0.0123442
252 0.776722 0.599601 0.0122287
253 0.776722 0.580782 0.0139202
254 0.776722 0.588188 0.0147562
255 0.776722 0.577744 0.0170014
256 0.776722 0.570515 0.0162028
257 0.776722 0.57759 0.0154878
258 0.776722 0.578237 0.0145787
259 0.776722 0.568656 0.0186653
260 0.776722 0.58994 0.0163192
261 0.776722 0.584432 0.0156887
262 0.776722 0.581602 0.016445
263 0.776722 0.594451 0.0157526
264 0.776722 0.586388 0.0136467
265 0.776722 0.587445 0.0155285
266 0.776722 0.573938 0.0156709
267 0.776722 0.582745 0.017194
268 0.776722 0.561729 0.0193611
269 0.776722 0.575056 0.0197655
270 0.776722 0.580494 0.018484
271 0.776722 0.586268 0.0172718
272 0.776722 0.572377 0.0195229
273 0.776722 0.578722 0.0168679
274 0.776722 0.573979 0.0180808
275 0.777424 0.574675 0.0179233
276 0.777424 0.571806 0.0157224
277 0.777424 0.570821 0.0185044
278 0.777424 0.576572 0.0176223
279 0.777424 0.584345 0.0173038
280 0.777424 0.56025 0.0186445
281 0.777424 0.58333 0.0150396
282 0.777424 0.571334 0.0166773
283 0.777424 0.575237 0.0172485
284 0.777424 0.582119 0.0169525
285 0.777424 0.559 0.0182376
286 0.777424 0.56006 0.0149704
287 0.777424 0.573987 0.0140288
288 0.777424 0.582321 0.0142212
289 0.777424 0.574475 0.0140891
290 0.777424 0.576047 0.0147777
291 0.777424 0.600416 0.0151154
292 0.777424 0.60971 0.0121986
293 0.777424 0.597142 0.0133806
294 0.777424 0.586924 0.0145802
295 0.777424 0.584115 0.0146716
296 0.777424 0.58499 0.0152411
297 0.777424 0.582685 0.0152655
298 0.777424 0.576271 0.0162454
299 0.777424 0.582745 0.0151688
300 0.777424 0.575834 0.0160946
301 0.777424 0.578793 0.0153597
302 0.777424 0.582792 0.0152441
303 0.777424 0.598266 0.0173072
304 0.777424 0.589434 0.0173676
305 0.777424 0.583422 0.0154494
306 0.777424 0.574766 0.0151313
307 0.777424 0.572368 0.0162078
308 0.777424 0.562355 0.0172584
309 0.777424 0.556349 0.0144777
310 0.777424 0.576187 0.0165065
311 0.777424 0.565097 0.0173599
312 0.777424 0.590411 0.0126136
313 0.777424 0.588637 0.0126873
314 0.777424 0.598538 0.0139405
315 0.777424 0.591469 0.0148053
316 0.777424 0.610289 0.0133135
317 0.777424 0.596958 0.0145904
318 0.777424 0.589458 0.0151012
319 0.777424 0.581338 0.0158492
320 0.777424 0.572785 0.0184519
321 0.777424 0.558667 0.0219505
322 0.777424 0.577126 0.0195932
323 0.777424 0.569829 0.018244
324 0.778411 0.571678 0.0174015
325 0.778411 0.580292 0.0150672
326 0.778411 0.580816 0.014593
327 0.778411 0.567752 0.0134864
328 0.778411 0.556292 0.0146332
329 0.778411 0.568076 0.0168343
330 0.778411 0.562371 0.0176818
331 0.778411 0.560687 0.0186093
332 0.778411 0.563051 0.0178435
333 0.778411 0.575611 0.0179395
334 0.778411 0.556292 0.0158926
335 0.778411 0.55534 0.0170231
336 0.778411 0.569284 0.019536
337 0.778411 0.544113 0.0220246
338 0.778411 0.560708 0.0227059
339 0.778411 0.567782 0.0228065
340 0.778411 0.568903 0.0179966
341 0.778411 0.589106 0.018132
342 0.778411 0.579201 0.0173461
343 0.778411 0.593467 0.0146088
344 0.778411 0.569062 0.0176078
345 0.778411 0.591419 0.0144066
346 0.778411 0.604596 0.0124228
347 0.778411 0.598733 0.0119249
348 0.778411 0.589458 0.0167159
349 0.778411 0.573074 0.0162098
350 0.778411 0.576484 0.0165605
351 0.778411 0.56446 0.0203832
352 0.778411 0.579038 0.0161354
353 0.778411 0.593241 0.0152807
354 0.778411 0.602129 0.0160716
355 0.778411 0.590847 0.0146025
356 0.778411 0.583805 0.0135693
357 0.778411 0.570729 0.0159379
358 0.778411 0.561906 0.01598
359 0.778411 0.571217 0.0181825
360 0.778411 0.559964 0.0184648
361 0.778411 0.563125 0.0177572
362 0.778411 0.567893 0.0152078
363 0.778411 0.572546 0.0148659
364 0.778618 0.556316 0.0191344
365 0.778618 0.57475 0.0177606
366 0.778618 0.579533 0.0151841
367 0.778618 0.584642 0.0131262
368 0.778618 0.578381 0.0130749
369 0.778618 0.575776 0.014002
370 0.778618 0.581414 0.0141913
371 0.778618 0.594839 0.0129703
372 0.778618 0.582754 0.0156993
373 0.778618 0.577718 0.0144261
374 0.778618 0.578074 0.0150231
375 0.778618 0.578091 0.0162794
376 0.778618 0.570182 0.0151381
377 0.778618 0.571655 0.0158554
378 0.778618 0.550732 0.0176317
379 0.778618 0.565269 0.0170771
380 0.778618 0.566618 0.0185662
381 0.778618 0.586473 0.0182554
382 0.778618 0.578325 0.0165156
383 0.778618 0.572216 0.0159253
384 0.778618 0.589485 0.0158361
385 0.778618 0.580317 0.016554
386 0.778618 0.571531 0.016747
387 0.778618 0.556109 0.0158324
388 0.778618 0.566277 0.0171994
389 0.778618 0.568888 0.0168975
390 0.778618 0.573587 0.0158017
391 0.778618 0.569808 0.0160906
392 0.778618 0.58033 0.0141869
393 0.778618 0.581442 0.0137839
394 0.778618 0.594102 0.0135931
395 0.778618 0.603199 0.0122381
396 0.778618 0.609476 0.0126233
397 0.778618 0.598365 0.0168912
398 0.778618 0.586506 0.0148074
399 0.778618 0.583071 0.0160552
400 0.778618 0.588634 0.0154598
401 0.778618 0.581424 0.0150759
402 0.778618 0.58589 0.0146439
403 0.778618 0.576539 0.0177701
404 0.778618 0.57355 0.0166409
405 0.778618 0.5683 0.0167401
406 0.778618 0.556224 0.0148489
407 0.778618 0.564707 0.0130568
408 0.778618 0.578437 0.0149548
409 0.778618 0.571175 0.0150764
410 0.778618 0.573074 0.0139421
411 0.778618 0.555138 0.0159896
412 0.778618 0.559824 0.0155815
413 0.778618 0.562698 0.0150002
414 0.778618 0.561107 0.0158344
415 0.778618 0.56329 0.0164868
416 0.778618 0.573612 0.0157342
417 0.778618 0.579588 0.0143313
418 0.778618 0.585391 0.0141454
419 0.778618 0.593747 0.0151198
420 0.778618 0.604944 0.0189028
421 0.778618 0.607178 0.0145871
422 0.778618 0.601423 0.0136687
423 0.778618 0.6035 0.0151472
424 0.778618 0.60601 0.0127832
425 0.778643 0.596414 0.0145481
426 0.778643 0.596359 0.0115398
427 0.778643 0.612138 0.00993795
428 0.778643 0.595402 0.0109015
429 0.778643 0.591784 0.0126067
430 0.778643 0.598187 0.0137219
431 0.778643 0.600737 0.015427
432 0.778643 0.593259 0.0154779
433 0.778643 0.596025 0.0150022
434 0.778643 0.591981 0.0141741
435 0.778643 0.594845 0.0144829
436 0.778643 0.578264 0.0167265
437 0.778643 0.592376 0.0144296
438 0.778643 0.585148 0.016684
439 0.778643 0.59524 0.0157619
440 0.779097 0.602294 0.0149095
441 0.779097 0.59816 0.0132015
442 0.779097 0.587344 0.0153986
443 0.779097 0.588141 0.0168535
444 0.779097 0.602155 0.0166896
445 0.779097 0.586506 0.0139683
446 0.779097 0.586502 0.016917
447 0.779097 0.584527 0.0168138
448 0.779097 0.57148 0.0182525
449 0.779097 0.575685 0.0174916
450 0.779097 0.596724 0.0146009
451 0.779097 0.582614 0.0165739
452 0.779097 0.595547 0.0158539
453 0.779097 0.583784 0.0146623
454 0.779097 0.568378 0.0142798
455 0.779097 0.574141 0.0162451
456 0.779097 0.577922 0.0141061
457 0.779097 0.593712 0.0139356
458 0.779097 0.594062 0.0135787
459 0.779097 0.583494 0.015114
460 0.779097 0.587495 0.01343
461 0.779097 0.583516 0.0134899
462 0.779097 0.594943 0.0123444
463 0.779097 0.601367 0.0127556
464 0.779097 0.580428 0.0135644
465 0.779097 0.581133 0.014746
466 0.779097 0.578563 0.0159947
467 0.780256 0.571969 0.0179895
468 0.780256 0.566045 0.0178764
469 0.780256 0.587643 0.0152983
470 0.780256 0.600884 0.0142457
471 0.780256 0.597772 0.0140043
472 0.780256 0.587424 0.0176555
473 0.780256 0.587885 0.0152659
474 0.780256 0.597131 0.0126163
475 0.780256 0.593767 0.0142721
476 0.780256 0.589616 0.0145198
477 0.780256 0.584904 0.0160675
478 0.780256 0.5656 0.0181234
479 0.780256 0.574763 0.0165362
480 0.780256 0.560532 0.0166067
481 0.780256 0.564696 0.0162988
482 0.780256 0.576349 0.0145299
483 0.780256 0.598932 0.0131671
484 0.780256 0.584163 0.0121442
485 0.780256 0.593851 0.010427
486 0.780256 0.591162 0.0137658
487 0.780256 0.594134 0.0147282
488 0.780256 0.570665 0.0167756
489 0.780256 0.576411 0.0147146
490 0.780256 0.581045 0.0149201
491 0.780256 0.565045 0.015856
492 0.780256 0.570509 0.0163162
493 0.780256 0.584062 0.0187467
494 0.780256 0.594543 0.0139454
495 0.780256 0.593127 0.0135743
496 0.780256 0.591003 0.0153884
497 0.780256 0.577065 0.0153816
498 0.780256 0.598481 0.0140803
499 0.780256 0.608532 0.0122199
500 0.780256 0.603598 0.0138827
501 0.780256 0.612132 0.0126667
502 0.780256 0.611153 0.0122095
503 0.780256 0.617439 0.0130464
504 0.780256 0.599551 0.0140825
505 0.780256 0.588555 0.0164593
506 0.780256 0.584564 0.0153256
507 0.780256 0.593618 0.0142887
508 0.780256 0.580687 0.0163365
509 0.780256 0.586911 0.0147218
510 0.780256 0.585037 0.0168752
511 0.780256 0.575775 0.0171792
512 0.780256 0.580083 0.0158521
513 0.780256 0.604153 0.0131238
514 0.780256 0.584091 0.0143095
515 0.780256 0.577765 0.0168311
516 0.780256 0.581388 0.0155158
517 0.780256 0.584519 0.014384
518 0.780256 0.581368 0.0150717
519 0.780256 0.57369 0.0166184
520 0.780256 0.561026 0.0185107
521 0.780256 0.580978 0.0147639
522 0.780256 0.587642 0.0165137
523 0.780256 0.596609 0.0135076
524 0.780256 0.583889 0.0147322
525 0.780256 0.598727 0.0142159
526 0.780256 0.591355 0.0152643
527 0.780256 0.598176 0.0138169
528 0.780256 0.602748 0.0146337
529 0.780256 0.592667 0.0121582
530 0.780256 0.596311 0.0126577
531 0.780256 0.607853 0.0120379
532 0.780256 0.593913 0.012979
533 0.780256 0.573097 0.0158738
534 0.780256 0.587402 0.0169273
535 0.780256 0.582493 0.0167234
536 0.780256 0.574964 0.0183717
537 0.780256 0.585486 0.016922
538 0.780256 0.592152 0.0154652
539 0.780256 0.601692 0.0159196
540 0.780256 0.587242 0.0177922
541 0.780256 0.590864 0.0166306
542 0.780256 0.593618 0.0175603
543 0.780256 0.594822 0.015333
544 0.780256 0.570621 0.0162492
545 0.780256 0.560132 0.0180193
546 0.780256 0.564877 0.0190681
547 0.780256 0.54832 0.020714
548 0.780256 0.562676 0.0175305
549 0.780256 0.55867 0.0205486
550 0.780256 0.573962 0.0185743
551 0.780256 0.574613 0.0177591
552 0.780256 0.56222 0.0194404
553 0.780256 0.582708 0.0171423
554 0.780256 0.596048 0.0157857
555 0.780256 0.593172 0.0163216
556 0.780355 0.591135 0.0141149
557 0.780355 0.605147 0.0125902
558 0.780355 0.588357 0.0170958
559 0.780355 0.591914 0.0148738
560 0.780355 0.581373 0.0156761
561 0.780355 0.577275 0.015868
562 0.780355 0.574997 0.0139759
563 0.780355 0.588035 0.0133468
564 0.780355 0.596754 0.0138331
565 0.780355 0.607569 0.0128292
566 0.780355 0.591864 0.0145281
567 0.780355 0.588742 0.0174073
568 0.780355 0.592348 0.0150554
569 0.780355 0.599825 0.0154483
570 0.780355 0.580655 0.0153664
571 0.780355 0.571535 0.0181883
572 0.780355 0.566061 0.0178515
573 0.780355 0.576346 0.0193659
574 0.780355 0.590854 0.0166223
575 0.780355 0.588813 0.0172308
576 0.780355 0.587748 0.0193772
577 0.780355 0.565776 0.0187661
578 0.780355 0.557389 0.0195732
579 0.780355 0.556423 0.0191902
580 0.780355 0.569818 0.0177954
581 0.780355 0.583369 0.0159496
582 0.780402 0.580884 0.0161062
583 0.780402 0.565665 0.0173842
584 0.780402 0.563655 0.0145959
585 0.780402 0.571754 0.013968
586 0.780402 0.574391 0.0139731
587 0.780402 0.596579 0.0148306
588 0.780402 0.591127 0.0182242
589 0.780402 0.57351 0.0171814
590 0.780402 0.587795 0.0171263
591 0.780402 0.587749 0.0157753
592 0.780402 0.569496 0.0165085
593 0.780402 0.570115 0.0167011
594 0.780402 0.565687 0.0170238
595 0.780402 0.583106 0.0176332
596 0.780402 0.575468 0.0202704
597 0.780402 0.575574 0.0186955
598 0.780402 0.567484 0.0195211
599 0.780402 0.575105 0.0178087
600 0.780402 0.569351 0.015217
601 0.780402 0.582754 0.0134458
602 0.780402 0.569174 0.0157655
603 0.780402 0.575461 0.0142428
604 0.780402 0.551895 0.0172018
605 0.780402 0.564834 0.0180526
606 0.780402 0.587881 0.0167232
607 0.780402 0.578827 0.0159081
608 0.780402 0.59782 0.0139451
609 0.780402 0.587471 0.0153884
610 0.780402 0.573984 0.0157916
611 0.780402 0.55648 0.0143368
612 0.780402 0.558474 0.0146136
613 0.780402 0.559413 0.0140293
614 0.780402 0.5693 0.0162127
615 0.780402 0.566455 0.0159376
616 0.780402 0.575089 0.0133439
617 0.780402 0.546577 0.0157804
618 0.780402 0.557732 0.0183601
619 0.780402 0.547512 0.0192825
620 0.780402 0.551358 0.0197873
621 0.780402 0.539691 0.0219555
622 0.780402 0.545006 0.0197406
623 0.780402 0.541366 0.0186974
624 0.780402 0.555219 0.0206935
625 0.780402 0.556682 0.0198139
626 0.780402 0.567156 0.0172581
627 0.780402 0.574833 0.016157
628 0.780402 0.570425 0.0158003
629 0.780402 0.561165 0.0182248
630 0.780402 0.56232 0.0166352
631 0.780402 0.58159 0.0166342
632 0.780402 0.585925 0.0123124
633 0.780402 0.585367 0.0139175
634 0.780402 0.586734 0.0151167
635 0.780402 0.562133 0.0181953
636 0.780402 0.580333 0.0165883
637 0.780402 0.591618 0.0144387
638 0.780402 0.597531 0.0144987
639 0.780402 0.605758 0.0151298
640 0.780402 0.608603 0.012034
641 0.780402 0.596204 0.0135855
642 0.780402 0.600701 0.0126176
643 0.780402 0.58886 0.0129008
644 0.780402 0.594958 0.0137399
645 0.780402 0.591556 0.0121182
646 0.780402 0.585025 0.0118355
647 0.780402 0.580227 0.0150975
648 0.780402 0.582328 0.0169099
649 0.780402 0.564448 0.0151825
650 0.780402 0.574478 0.016437
651 0.780402 0.572289 0.0159842
652 0.780402 0.58918 0.016465
653 0.780402 0.5822 0.0171041
654 0.780402 0.57641 0.0179869
655 0.780402 0.580334 0.0167079
656 0.780402 0.58305 0.0167175
657 0.780402 0.581522 0.0171624
658 0.780402 0.598749 0.0150688
659 0.780402 0.587665 0.0158066
660 0.780402 0.601631 0.0157265
661 0.780402 0.591763 0.0161641
662 0.780402 0.579217 0.0184708
663 0.780402 0.57815 0.0169078
664 0.780402 0.581589 0.0168014
665 0.780402 0.59157 0.016436
666 0.780402 0.595073 0.0146525
667 0.780402 0.582557 0.0138547
668 0.780402 0.582556 0.0155088
669 0.780402 0.595614 0.0125241
670 0.780402 0.591393 0.0148341
671 0.780411 0.595557 0.0151506
672 0.780411 0.589291 0.0138345
673 0.780411 0.591215 0.0127503
674 0.780411 0.597865 0.0130934
675 0.780411 0.585935 0.0126433
676 0.780411 0.595603 0.0123086
677 0.780411 0.605415 0.0133376
678 0.780411 0.587034 0.0122181
679 0.780411 0.581248 0.0160537
680 0.780411 0.58663 0.0152645
681 0.780411 0.590676 0.0164867
682 0.780411 0.591836 0.0136008
683 0.780411 0.592259 0.0149461
684 0.780411 0.595273 0.0159984
685 0.780411 0.578943 0.0186765
686 0.780411 0.584731 0.018039
687 0.780411 0.60039 0.0122177
688 0.780411 0.585173 0.0148258
689 0.780411 0.596207 0.0114605
690 0.780411 0.589749 0.0134796
691 0.780411 0.586706 0.015178
692 0.780411 0.586293 0.0175252
693 0.780411 0.586898 0.0174377
694 0.780429 0.590084 0.016622
695 0.780429 0.580708 0.0180206
696 0.780429 0.563962 0.0188956
697 0.780429 0.577281 0.0159613
698 0.780429 0.596284 0.013298
699 0.780429 0.582089 0.0130762
700 0.780429 0.57183 0.0145823
701 0.780429 0.567842 0.0175685
702 0.780429 0.572831 0.0142649
703 0.780429 0.589664 0.0168962
704 0.780429 0.575258 0.0188063
705 0.780493 0.591518 0.0150543
706 0.780493 0.6069 0.0139457
707 0.780493 0.613568 0.0136598
708 0.780493 0.596623 0.0149367
709 0.780493 0.590785 0.0182261
710 0.780493 0.588758 0.0180766
711 0.780493 0.583907 0.0168302
712 0.780493 0.597047 0.0143244
713 0.780493 0.600326 0.015589
714 0.780493 0.599792 0.0143945
715 0.780493 0.608718 0.0135423
716 0.780493 0.608423 0.0145604
717 0.780493 0.605597 0.0145371
718 0.780493 0.614134 0.0133948
719 0.780493 0.609895 0.0136171
720 0.780493 0.605251 0.0170121
721 0.780493 0.59606 0.0169153
722 0.780493 0.595244 0.0157479
723 0.780493 0.598969 0.0160701
724 0.780493 0.605805 0.0133533
725 0.780493 0.59673 0.0153363
726 0.780493 0.608588 0.0139393
727 0.780493 0.605697 0.0143178
728 0.780493 0.588065 0.014221
729 0.780493 0.578796 0.0152535
730 0.780493 0.5882 0.0178184
731 0.780493 0.590492 0.0166093
732 0.780493 0.59527 0.0142909
733 0.780493 0.584985 0.0166814
734 0.780493 0.571143 0.0168786
735 0.780493 0.560277 0.0198633
736 0.780493 0.567037 0.0173323
737 0.780493 0.576634 0.0181978
738 0.780493 0.557461 0.0175538
739 0.780493 0.567624 0.018557
740 0.780493 0.574102 0.0152768
741 0.780493 0.559877 0.01671
742 0.780493 0.571898 0.0162881
743 0.780493 0.565846 0.01592
744 0.780493 0.575891 0.0143844
745 0.780493 0.595117 0.0157839
746 0.780493 0.575618 0.0170205
747 0.780493 0.578367 0.0153451
748 0.780493 0.592818 0.016412
749 0.780493 0.577865 0.0152609
750 0.780493 0.56747 0.016482
751 0.780493 0.572018 0.0164965
752 0.780493 0.587369 0.0155336
753 0.780493 0.596004 0.0123706
754 0.780493 0.583325 0.0138771
755 0.780493 0.565202 0.0169312
756 0.780493 0.566365 0.0179891
757 0.780493 0.562801 0.0170933
758 0.780493 0.578535 0.0159196
759 0.780493 0.58043 0.0149259
760 0.780493 0.573655 0.0140677
761 0.780493 0.56048 0.0172219
762 0.780493 0.561447 0.0172062
763 0.780493 0.544476 0.0177728
764 0.780493 0.559997 0.0185369
765 0.780493 0.566306 0.0201746
766 0.780493 0.568117 0.0209903
767 0.780493 0.564447 0.0177828
768 0.780493 0.587349 0.0164956
769 0.780493 0.59578 0.0136981
770 0.780493 0.591902 0.0163668
771 0.780493 0.588388 0.0148663
772 0.780493 0.594574 0.017378
773 0.780493 0.585645 0.0153648
774 0.780493 0.591507 0.0148534
775 0.780493 0.569763 0.0128874
776 0.780493 0.585678 0.0146033
777 0.780493 0.589156 0.0132199
778 0.780493 0.600779 0.0128599
779 0.780493 0.58894 0.0142626
780 0.780493 0.581877 0.0148223
781 0.780493 0.579182 0.0142235
782 0.780493 0.595339 0.0135691
783 0.780493 0.599836 0.0147036
784 0.780493 0.590282 0.0145367
785 0.780493 0.596369 0.0133382
786 0.780493 0.601404 0.0130118
787 0.780493 0.586181 0.0145418
788 0.780493 0.584472 0.0160133
789 0.780493 0.598894 0.0156713
790 0.780493 0.581161 0.0153336
791 0.780493 0.578333 0.0179168
792 0.780493 0.5783 0.0162176
793 0.780493 0.581066 0.014016
794 0.780493 0.593482 0.0126255
795 0.780493 0.592519 0.0134918
796 0.780493 0.578683 0.017104
797 0.780493 0.582314 0.0154837
798 0.780493 0.594953 0.015135
799 0.780493 0.590932 0.0155186
800 0.780493 0.594818 0.0134302
801 0.780493 0.580508 0.0185678
802 0.780493 0.590564 0.0157239
803 0.780493 0.587347 0.0161822
804 0.780493 0.585666 0.0148473
805 0.780493 0.592816 0.0173186
806 0.780493 0.594518 0.0172638
807 0.780493 0.576227 0.0177557
808 0.780493 0.582815 0.0199427
809 0.780493 0.569466 0.0177802
810 0.780493 0.56613 0.017459
811 0.780493 0.575967 0.0158678
812 0.780493 0.568429 0.0174505
813 0.780493 0.57303 0.0178566
814 0.780493 0.564906 0.017629
815 0.780493 0.557921 0.0159766
816 0.780493 0.561215 0.0176052
817 0.780493 0.571699 0.015362
818 0.780493 0.569762 0.0173153
819 0.780493 0.584556 0.0149912
820 0.780493 0.587091 0.0160793
821 0.780493 0.583423 0.0144074
822 0.780493 0.580747 0.0144585
823 0.780493 0.592176 0.0155439
824 0.780493 0.57621 0.0144005
825 0.780493 0.576649 0.0139833
826 0.780493 0.584574 0.0124782
827 0.780493 0.568156 0.0145501
828 0.780493 0.578417 0.0144803
829 0.780493 0.569765 0.0157513
830 0.780493 0.551981 0.0154916
831 0.780493 0.562706 0.0163496
832 0.780493 0.556967 0.0159387
833 0.780493 0.571746 0.0163037
834 0.780493 0.560039 0.0176753
835 0.780493 0.566222 0.0196598
836 0.780493 0.589355 0.0148222
837 0.780493 0.573355 0.0166756
838 0.780493 0.572332 0.0167336
839 0.780493 0.572452 0.017378
840 0.780493 0.579849 0.0172395
841 0.780493 0.578165 0.0168116
842 0.780493 0.576475 0.0147875
843 0.780493 0.563381 0.0153337
844 0.780493 0.583049 0.0153411
845 0.780493 0.602387 0.0116655
846 0.780493 0.580879 0.0133591
847 0.780493 0.575448 0.0146702
848 0.780493 0.58427 0.018599
849 0.780493 0.598004 0.0175739
850 0.780493 0.607367 0.0141535
851 0.780493 0.598273 0.0149331
852 0.780493 0.595089 0.0139432
853 0.780493 0.583934 0.0145397
854 0.780493 0.581144 0.0123084
855 0.780493 0.578812 0.0155659
856 0.780493 0.575848 0.016277
857 0.780493 0.57982 0.0149187
858 0.780493 0.580257 0.0143336
859 0.780493 0.568896 0.0168071
860 0.780493 0.572996 0.0151731
861 0.780493 0.569384 0.0171708
862 0.780493 0.575945 0.0168198
863 0.780493 0.594881 0.0142295
864 0.780493 0.580812 0.0149375
865 0.780493 0.583558 0.0148043
866 0.780493 0.597725 0.0121753
867 0.780493 0.586042 0.0130628
868 0.780493 0.604731 0.012954
869 0.780493 0.593694 0.0142845
870 0.780493 0.591689 0.015641
871 0.780493 0.600871 0.01102
872 0.780493 0.585574 0.0161138
873 0.780493 0.58671 0.0173034
874 0.780493 0.578805 0.0143019
875 0.780493 0.600096 0.0140202
876 0.780993 0.582425 0.01488
877 0.780993 0.59143 0.0163041
878 0.780993 0.5542 0.0178675
879 0.780993 0.575967 0.017706
880 0.780993 0.590812 0.0155338
881 0.780993 0.586677 0.015943
882 0.780993 0.58901 0.0141723
883 0.780993 0.600306 0.0139499
884 0.780994 0.603536 0.0140689
885 0.780994 0.604454 0.0109053
886 0.780994 0.573392 0.0143157
887 0.780994 0.589055 0.0156167
888 0.780994 0.595153 0.0144834
889 0.780994 0.57979 0.0157572
890 0.781004 0.582425 0.0181104
891 0.781004 0.581272 0.0149521
892 0.781004 0.576373 0.0180493
893 0.781004 0.558938 0.0180905
894 0.781004 0.562303 0.0172551
895 0.781039 0.556456 0.0208597
896 0.781039 0.576338 0.0175893
897 0.781039 0.570953 0.0148568
898 0.781039 0.579434 0.0156316
899 0.781039 0.57131 0.0148683
900 0.781039 0.560492 0.0169175
901 0.781039 0.572598 0.013344
902 0.781039 0.573186 0.0145034
903 0.781039 0.576442 0.0132279
904 0.781039 0.578159 0.0164466
905 0.781039 0.57633 0.0156206
906 0.781039 0.572388 0.0172972
907 0.781039 0.572571 0.0162405
908 0.781039 0.565441 0.0157414
909 0.781039 0.570911 0.0166077
910 0.781039 0.565186 0.0186162
911 0.781039 0.55925 0.0209539
912 0.781049 0.548404 0.0226309
913 0.781049 0.560287 0.0202686
914 0.781049 0.571081 0.0173867
915 0.781049 0.561397 0.0168005
916 0.781049 0.554419 0.017644
917 0.781049 0.552654 0.0197016
918 0.781049 0.5743 0.0179285
919 0.781049 0.569242 0.0185754
920 0.781049 0.567891 0.0176185
921 0.781049 0.574313 0.0129319
922 0.781049 0.583061 0.015291
923 0.781049 0.587846 0.013812
924 0.781049 0.589016 0.0142433
925 0.781049 0.59065 0.0132819
926 0.781049 0.586174 0.0143342
927 0.781049 0.58356 0.0148323
928 0.781049 0.586534 0.0164068
929 0.781049 0.577655 0.0142964
930 0.781049 0.565892 0.0169144
931 0.781049 0.586505 0.0159674
932 0.781049 0.57438 0.0159665
933 0.781049 0.572718 0.0160947
934 0.781049 0.55995 0.016798
935 0.781049 0.571922 0.0170542
936 0.781049 0.574436 0.0130862
937 0.781049 0.584142 0.0151602
938 0.781049 0.5818 0.0169864
939 0.781049 0.585444 0.0175056
940 0.781049 0.595639 0.0146047
941 0.781049 0.592512 0.0153067
942 0.781049 0.598835 0.0164139
943 0.781049 0.59438 0.0165804
944 0.781049 0.598251 0.0143752
945 0.781049 0.591785 0.0174125
946 0.781049 0.598807 0.0166292
947 0.781049 0.597563 0.0170805
948 0.781049 0.582829 0.0168503
949 0.781049 0.588999 0.0158979
950 0.781049 0.579453 0.0140751
951 0.781049 0.58579 0.0138096
952 0.781049 0.595913 0.0111733
953 0.781049 0.59421 0.0130834
954 0.781049 0.596024 0.0118689
955 0.781049 0.590032 0.0134706
956 0.781049 0.592937 0.0124328
957 0.781049 0.595156 0.0122383
958 0.781049 0.593969 0.0146335
959 0.781049 0.591173 0.0128767
960 0.781049 0.58883 0.0145126
961 0.781049 0.589996 0.0151351
962 0.781049 0.594185 0.0134362
963 0.781049 0.591312 0.0154196
964 0.781049 0.581042 0.0143047
965 0.781049 0.571836 0.0154046
966 0.781049 0.575776 0.0144231
967 0.781049 0.583217 0.0149843
968 0.781049 0.561862 0.0196728
969 0.781049 0.572312 0.0159627
970 0.781049 0.583354 0.0174683
971 0.781049 0.583417 0.0151931
972 0.781049 0.59039 0.0134952
973 0.781049 0.604047 0.0134278
974 0.781049 0.606645 0.0125968
975 0.781049 0.58432 0.0150991
976 0.781049 0.584704 0.0149516
977 0.781049 0.592186 0.0138623
978 0.781049 0.594926 0.0133426
979 0.781049 0.575717 0.0128527
980 0.781049 0.575036 0.0140288
981 0.781049 0.586984 0.0136909
982 0.781049 0.573986 0.0175355
983 0.781049 0.562304 0.0189515
984 0.781049 0.577389 0.0183833
985 0.781049 0.597327 0.0173502
986 0.781049 0.592386 0.0150716
987 0.781049 0.575166 0.0159928
988 0.781049 0.581329 0.0147498
989 0.781049 0.580474 0.015129
990 0.781049 0.574605 0.0175323
991 0.781049 0.571797 0.0171178
992 0.781049 0.574183 0.0181988
993 0.781049 0.590365 0.0151825
994 0.781049 0.595502 0.0162888
995 0.781049 0.601664 0.0155344
996 0.781049 0.596665 0.0147736
997 0.781049 0.600259 0.0164768
998 0.781049 0.602407 0.0128656
999 0.781049 0.581617 0.0159196
1000 0.781049 0.565116 0.0173411
