0 0.344566 0.250256 0.000160061
1 0.377016 0.252777 0.000320498
2 0.377016 0.252963 0.000317315
3 0.377016 0.253372 0.000362767
4 0.377016 0.253685 0.00036862
5 0.377016 0.253176 0.000481961
6 0.377016 0.253796 0.000362463
7 0.377016 0.255972 0.000374334
8 0.378769 0.258012 0.000633757
9 0.378769 0.259729 0.000716141
10 0.378769 0.264171 0.000840255
11 0.378769 0.263896 0.000915562
12 0.378769 0.265461 0.00139276
13 0.385114 0.270719 0.0019579
14 0.667529 0.282274 0.00487947
15 0.667529 0.276359 0.00618856
16 0.667529 0.284758 0.0068567
17 0.667529 0.283619 0.00955471
18 0.667529 0.294736 0.0129332
19 0.689553 0.308794 0.0159893
20 0.689553 0.314178 0.018858
21 0.689553 0.331558 0.023274
22 0.690515 0.350257 0.0301897
23 0.690515 0.347136 0.0276262
24 0.694231 0.365782 0.0308777
25 0.694231 0.382155 0.0315111
26 0.734212 0.395206 0.0359364
27 0.734212 0.405761 0.0363708
28 0.734212 0.407192 0.0374317
29 0.759733 0.391326 0.0352697
30 0.759733 0.396259 0.032446
31 0.759733 0.428428 0.0353287
32 0.760178 0.458962 0.0385731
33 0.760178 0.46078 0.0400919
34 0.760178 0.472561 0.0378849
35 0.774101 0.485736 0.0370226
36 0.774101 0.50726 0.0346104
37 0.774101 0.5224 0.0347009
38 0.774101 0.540738 0.0285901
39 0.774101 0.559996 0.0264932
40 0.774101 0.564684 0.0296064
41 0.774101 0.572507 0.0287944
42 0.774101 0.583682 0.0235767
43 0.774101 0.590684 0.0283022
44 0.774101 0.602076 0.0293654
45 0.774101 0.595459 0.0272196
46 0.774101 0.602645 0.026314
47 0.774453 0.612185 0.0251538
48 0.774453 0.613023 0.0228882
49 0.774453 0.629554 0.0173038
50 0.774453 0.637466 0.0179079
51 0.774453 0.629714 0.0186345
52 0.783562 0.637327 0.0186064
53 0.783562 0.632453 0.0176743
54 0.783562 0.630748 0.0205108
55 0.783562 0.618313 0.0191035
56 0.783562 0.60492 0.0242168
57 0.783562 0.598202 0.0243221
58 0.783562 0.590592 0.0259034
59 0.783562 0.600237 0.0255066
60 0.783562 0.623995 0.0192283
61 0.783562 0.629766 0.0207782
62 0.783562 0.649732 0.0162265
63 0.783562 0.640068 0.015154
64 0.783562 0.639043 0.014003
65 0.783562 0.6442 0.0133424
66 0.783562 0.638449 0.0167367
67 0.783562 0.647729 0.0178591
68 0.783562 0.631275 0.0180688
69 0.783562 0.63723 0.0182078
70 0.783562 0.635683 0.0193008
71 0.783562 0.620417 0.0191931
72 0.783562 0.626495 0.0165815
73 0.783562 0.634958 0.0183436
74 0.783562 0.626006 0.0211045
75 0.783562 0.621665 0.021519
76 0.783562 0.604472 0.022395
77 0.783562 0.617451 0.0227142
78 0.783562 0.632854 0.0214766
79 0.790587 0.633517 0.0218039
80 0.790587 0.647849 0.0180378
81 0.790587 0.647963 0.0174484
82 0.806337 0.645975 0.017073
83 0.806337 0.630301 0.0226313
84 0.806337 0.640431 0.0220636
85 0.806337 0.624794 0.019761
86 0.806337 0.640515 0.0231248
87 0.806337 0.637513 0.0221659
88 0.806337 0.654093 0.0186529
89 0.806337 0.647991 0.0205557
90 0.806337 0.673778 0.0183892
91 0.806337 0.661667 0.020607
92 0.807802 0.661018 0.0159283
93 0.809038 0.663785 0.0143153
94 0.809038 0.682724 0.0126996
95 0.809038 0.682452 0.0132822
96 0.809038 0.664559 0.0225219
97 0.814302 0.687717 0.017865
98 0.814302 0.67369 0.0206858
99 0.814302 0.692289 0.0132532
100 0.814302 0.668834 0.0197026
101 0.814302 0.658925 0.022227
102 0.817834 0.658228 0.0234104
103 0.817834 0.651299 0.0252813
104 0.817834 0.653833 0.0271316
105 0.82356 0.613313 0.0360682
106 0.82356 0.62784 0.0332105
107 0.82356 0.634292 0.0320309
108 0.824671 0.636196 0.0305846
109 0.824671 0.630865 0.0285431
110 0.824671 0.644649 0.0256677
111 0.824671 0.625863 0.0274535
112 0.824671 0.649188 0.0217904
113 0.824671 0.646482 0.0238332
114 0.824671 0.636858 0.0253168
115 0.824671 0.642984 0.02375
116 0.824671 0.642891 0.0188506
117 0.824671 0.630801 0.0233402
118 0.824671 0.64545 0.0204041
119 0.824677 0.637284 0.025415
120 0.824677 0.626992 0.0293065
121 0.824677 0.631112 0.0287424
122 0.824677 0.635567 0.0251515
123 0.824677 0.650775 0.0259012
124 0.824677 0.637953 0.0250617
125 0.824677 0.632657 0.0304361
126 0.824677 0.63092 0.0325974
127 0.829518 0.647551 0.0238829
128 0.829518 0.656779 0.0234437
129 0.829518 0.657892 0.02262
130 0.830776 0.657002 0.0220134
131 0.830776 0.639138 0.0237704
132 0.830776 0.649189 0.0221845
133 0.830776 0.641148 0.0250226
134 0.830776 0.648609 0.0286165
135 0.830776 0.664793 0.0258063
136 0.830776 0.657183 0.0291556
137 0.830776 0.645472 0.032945
138 0.845221 0.648664 0.0308996
139 0.845221 0.680078 0.0228705
140 0.845221 0.681391 0.020208
141 0.845221 0.686529 0.0178517
142 0.845221 0.688385 0.0197353
143 0.845221 0.687594 0.0196794
144 0.845221 0.695438 0.0163735
145 0.845221 0.691482 0.0176122
146 0.845221 0.691475 0.0158039
147 0.845221 0.705232 0.0131262
148 0.845221 0.710007 0.0134149
149 0.845221 0.698063 0.0193216
150 0.845221 0.686289 0.0212627
151 0.845221 0.690144 0.0198192
152 0.845221 0.693735 0.0199148
153 0.845221 0.699106 0.0191155
154 0.845221 0.683005 0.0196041
155 0.848374 0.682348 0.0186019
156 0.848374 0.686596 0.0182896
157 0.848374 0.698793 0.0202791
158 0.848374 0.708555 0.0130445
159 0.848374 0.687704 0.0211044
160 0.85743 0.706152 0.0178246
161 0.85743 0.726257 0.0135632
162 0.85743 0.708177 0.0169447
163 0.85743 0.718319 0.0144989
164 0.85743 0.700487 0.0197183
165 0.85743 0.701584 0.0170196
166 0.85743 0.701465 0.0184688
167 0.85743 0.707469 0.0168102
168 0.858342 0.702816 0.0201305
169 0.860933 0.686575 0.0240473
170 0.860933 0.69248 0.024335
171 0.860933 0.697656 0.0262067
172 0.860933 0.697647 0.0235525
173 0.860933 0.684424 0.0272695
174 0.860933 0.693227 0.0277023
175 0.860933 0.702084 0.0240958
176 0.860933 0.708155 0.0244737
177 0.860933 0.724956 0.0187597
178 0.860933 0.709902 0.0194268
179 0.860933 0.701556 0.0195753
180 0.860933 0.71805 0.0219858
181 0.860933 0.701463 0.022515
182 0.860933 0.684225 0.0278456
183 0.860933 0.676401 0.0305036
184 0.860933 0.674636 0.0249541
185 0.860933 0.695193 0.0197893
186 0.865416 0.700383 0.0173464
187 0.865416 0.695071 0.0202028
188 0.865416 0.69342 0.0222015
189 0.865416 0.703513 0.017211
190 0.865416 0.701109 0.016211
191 0.865416 0.680644 0.0201596
192 0.865429 0.682133 0.0204986
193 0.865429 0.712597 0.020209
194 0.865429 0.689393 0.0287404
195 0.865429 0.679461 0.0280935
196 0.865429 0.663994 0.0294026
197 0.865429 0.689721 0.0241095
198 0.865429 0.684631 0.0225778
199 0.865429 0.689501 0.0213205
200 0.865429 0.693256 0.0241535
201 0.865429 0.699997 0.0253508
202 0.865429 0.710447 0.0216307
203 0.865429 0.718616 0.018928
204 0.865429 0.738656 0.0125938
205 0.865429 0.728513 0.0142302
206 0.865429 0.726635 0.0108262
207 0.865429 0.725201 0.0127762
208 0.865429 0.723452 0.0161318
209 0.865429 0.708118 0.0170426
210 0.865429 0.706344 0.0204749
211 0.865429 0.704233 0.0210458
212 0.865429 0.703895 0.02197
213 0.865429 0.713359 0.0197836
214 0.865429 0.702653 0.0207589
215 0.865429 0.704723 0.0255822
216 0.865429 0.714962 0.0223046
217 0.865429 0.713383 0.0216209
218 0.865429 0.709085 0.0193052
219 0.865429 0.692885 0.0226658
220 0.865429 0.715764 0.0195828
221 0.865429 0.697584 0.0260029
222 0.865429 0.707444 0.0214213
223 0.865429 0.697514 0.0217822
224 0.865429 0.697006 0.0234803
225 0.865429 0.727299 0.016164
226 0.865429 0.691284 0.024143
227 0.865429 0.698824 0.0250544
228 0.865429 0.716697 0.0207117
229 0.865429 0.713391 0.0212367
230 0.865429 0.700998 0.0253245
231 0.865429 0.719154 0.0229865
232 0.865429 0.726202 0.01898
233 0.865429 0.726837 0.0191404
234 0.865429 0.72455 0.019227
235 0.865429 0.700819 0.0237589
236 0.865429 0.708961 0.019258
237 0.865429 0.708753 0.018603
238 0.865429 0.701837 0.0199375
239 0.865429 0.707132 0.0212148
240 0.865429 0.699845 0.0227986
241 0.865429 0.697485 0.0265989
242 0.866909 0.718287 0.01839
243 0.866909 0.708721 0.0239063
244 0.866909 0.706893 0.0225285
245 0.866909 0.69498 0.0218435
246 0.866909 0.711917 0.0212731
247 0.866909 0.708907 0.0248165
248 0.866909 0.70735 0.0188745
249 0.866909 0.729907 0.0161785
250 0.866909 0.706602 0.0209463
251 0.866909 0.687567 0.0252249
252 0.866909 0.688807 0.0270475
253 0.866909 0.69084 0.0251565
254 0.866909 0.710441 0.0232211
255 0.866909 0.718976 0.0210867
256 0.866909 0.712645 0.0214727
257 0.866909 0.70096 0.0254923
258 0.866909 0.718616 0.0189614
259 0.866909 0.6966 0.025613
260 0.866909 0.70754 0.026425
261 0.866909 0.721277 0.0189271
262 0.866909 0.717869 0.0209449
263 0.866909 0.714015 0.0192278
264 0.866909 0.714616 0.0223356
265 0.866909 0.707715 0.0202593
266 0.866909 0.720624 0.0189996
267 0.866909 0.739792 0.0134278
268 0.866909 0.726743 0.0171865
269 0.866909 0.728567 0.0169977
270 0.866909 0.725789 0.0189048
271 0.866909 0.698605 0.0247618
272 0.866909 0.723502 0.0213626
273 0.866909 0.728936 0.0183673
274 0.866909 0.709902 0.0214128
275 0.866909 0.712846 0.0195356
276 0.866909 0.696705 0.0245541
277 0.866909 0.690867 0.0227699
278 0.866909 0.704942 0.0188375
279 0.866909 0.714596 0.018726
280 0.866909 0.706311 0.0231853
281 0.866909 0.71391 0.0202812
282 0.866909 0.716588 0.0195409
283 0.866909 0.703152 0.017362
284 0.866909 0.707761 0.0165274
285 0.866909 0.715844 0.0183183
286 0.866909 0.709517 0.0142773
287 0.866909 0.723654 0.0158085
288 0.866909 0.706976 0.0200416
289 0.866909 0.718922 0.0185932
290 0.866909 0.715574 0.0145618
291 0.866909 0.702593 0.0204505
292 0.866909 0.697083 0.022879
293 0.866909 0.696811 0.0247376
294 0.866909 0.713655 0.0204992
295 0.866909 0.704756 0.0231982
296 0.866909 0.719721 0.0152102
297 0.866909 0.716354 0.017288
298 0.866909 0.71763 0.0190787
299 0.866909 0.691599 0.0223664
300 0.866909 0.70881 0.0166182
301 0.866909 0.690179 0.0215116
302 0.866909 0.717083 0.0163947
303 0.866909 0.711004 0.0155033
304 0.866909 0.7238 0.0176415
305 0.866909 0.715485 0.0195793
306 0.866909 0.697371 0.021374
307 0.866909 0.713312 0.0162658
308 0.866909 0.721517 0.0173328
309 0.866909 0.711864 0.0200784
310 0.866909 0.701874 0.0227358
311 0.866909 0.721148 0.0179799
312 0.866909 0.710391 0.0176985
313 0.866909 0.714275 0.0160379
314 0.866909 0.722711 0.0175915
315 0.866909 0.718135 0.017378
316 0.866909 0.711436 0.0162778
317 0.866909 0.708802 0.0158414
318 0.866909 0.721495 0.0165517
319 0.866909 0.723113 0.0179086
320 0.866909 0.709841 0.0222621
321 0.866909 0.708117 0.0224922
322 0.866909 0.68236 0.0288016
323 0.866909 0.696751 0.0243564
324 0.866909 0.690235 0.0234359
325 0.866909 0.686234 0.019717
326 0.866909 0.694891 0.0205113
327 0.866909 0.694462 0.0222933
328 0.866909 0.706159 0.0204738
329 0.866909 0.706916 0.019632
330 0.866909 0.721865 0.0194068
331 0.866909 0.691041 0.0219642
332 0.866909 0.670124 0.02237
333 0.866909 0.675693 0.0238312
334 0.866909 0.690037 0.0179426
335 0.866909 0.71502 0.0142224
336 0.866909 0.70248 0.0204431
337 0.866909 0.70309 0.0244912
338 0.866909 0.723909 0.0181301
339 0.866909 0.717453 0.0223353
340 0.866909 0.682235 0.0269555
341 0.866909 0.700284 0.0241442
342 0.866909 0.690272 0.0232613
343 0.866909 0.702281 0.0179611
344 0.866909 0.719648 0.0142695
345 0.866909 0.723738 0.0168229
346 0.866909 0.713777 0.0189142
347 0.866909 0.719813 0.0175111
348 0.866909 0.720081 0.0142363
349 0.866909 0.732038 0.0159989
350 0.866909 0.725667 0.0158538
351 0.866909 0.712756 0.0178232
352 0.866909 0.721924 0.0176447
353 0.866909 0.728867 0.0168304
354 0.866909 0.717198 0.0158772
355 0.866909 0.717075 0.0176679
356 0.866909 0.708626 0.0239745
357 0.866909 0.711955 0.0207727
358 0.866909 0.719218 0.0184761
359 0.866909 0.726763 0.0184426
360 0.866909 0.730726 0.0175257
361 0.866909 0.729982 0.0151302
362 0.866909 0.729914 0.015584
363 0.866909 0.715655 0.018247
364 0.866909 0.705017 0.0241888
365 0.866909 0.694035 0.024888
366 0.866909 0.704051 0.0192874
367 0.866909 0.72891 0.0168155
368 0.866909 0.709145 0.0215559
369 0.866909 0.73063 0.018032
370 0.866909 0.730291 0.0156097
371 0.866909 0.723388 0.0179859
372 0.866909 0.703065 0.0205863
373 0.866909 0.690398 0.0211992
374 0.866909 0.706394 0.0201505
375 0.866909 0.704402 0.02292
376 0.866909 0.715085 0.0193363
377 0.866909 0.717156 0.0198814
378 0.866909 0.70543 0.0192034
379 0.866909 0.727875 0.0119205
380 0.866909 0.742157 0.0110923
381 0.866909 0.734017 0.0138295
382 0.866909 0.722564 0.0174594
383 0.866909 0.712704 0.0196251
384 0.866909 0.702554 0.0255606
385 0.866909 0.727224 0.0169856
386 0.866909 0.738244 0.016346
387 0.866909 0.746059 0.015116
388 0.866909 0.749825 0.0129713
389 0.866909 0.735482 0.0168217
390 0.866909 0.739399 0.01513
391 0.866909 0.733824 0.0160408
392 0.866909 0.727022 0.0167358
393 0.866909 0.731376 0.0150489
394 0.866909 0.729454 0.0154403
395 0.866909 0.717208 0.0172711
396 0.866909 0.711264 0.0164271
397 0.866909 0.718608 0.0138867
398 0.866909 0.707496 0.0177472
399 0.866909 0.698163 0.0189111
400 0.866909 0.708382 0.0195822
401 0.866909 0.700961 0.0211183
402 0.866909 0.710531 0.0186076
403 0.866909 0.702302 0.0219597
404 0.866909 0.712472 0.0197764
405 0.866909 0.709508 0.0196272
406 0.866909 0.696254 0.019929
407 0.866909 0.723232 0.0151485
408 0.866909 0.733484 0.0129616
409 0.866909 0.744267 0.0127603
410 0.866909 0.744749 0.0139909
411 0.866909 0.732659 0.0165757
412 0.866909 0.714111 0.0203789
413 0.866909 0.706857 0.0227389
414 0.866909 0.725889 0.0190643
415 0.866909 0.723504 0.018159
416 0.866909 0.731999 0.0139307
417 0.866909 0.720359 0.0165396
418 0.866909 0.716021 0.0164526
419 0.866909 0.711843 0.017903
420 0.866909 0.698761 0.0211266
421 0.866909 0.70282 0.0236203
422 0.866909 0.698588 0.0212485
423 0.866909 0.710889 0.0206119
424 0.866909 0.720712 0.0169527
425 0.866909 0.717524 0.0182913
426 0.866909 0.712938 0.02255
427 0.866909 0.68058 0.0255593
428 0.866909 0.709554 0.0204955
429 0.866909 0.73412 0.0145621
430 0.866909 0.723169 0.0162711
431 0.866909 0.713818 0.0193132
432 0.866909 0.722753 0.0194838
433 0.866909 0.686916 0.0289201
434 0.866909 0.693566 0.0270273
435 0.866909 0.685608 0.0275348
436 0.866909 0.698159 0.02726
437 0.866909 0.718852 0.0231083
438 0.866909 0.713673 0.018117
439 0.866909 0.714234 0.0162425
440 0.866909 0.717994 0.0171101
441 0.866909 0.71426 0.0203678
442 0.866909 0.722616 0.0170619
443 0.866909 0.719217 0.0183771
444 0.866909 0.720234 0.019166
445 0.866909 0.728747 0.0170408
446 0.866909 0.73376 0.0139011
447 0.866909 0.751035 0.0124295
448 0.866909 0.741482 0.0149375
449 0.866909 0.733463 0.0148283
450 0.866909 0.733252 0.0140548
451 0.866909 0.738881 0.0150318
452 0.866909 0.714139 0.0241047
453 0.866909 0.724396 0.0193038
454 0.866909 0.727912 0.0151242
455 0.866909 0.733181 0.0116037
456 0.866909 0.722421 0.016705
457 0.866909 0.739956 0.0100983
458 0.866909 0.729857 0.0192743
459 0.866909 0.720673 0.016735
460 0.866909 0.72177 0.0206304
461 0.866909 0.722316 0.0204374
462 0.866909 0.720124 0.0214587
463 0.866909 0.721407 0.0218221
464 0.866909 0.713517 0.0240892
465 0.866909 0.72701 0.0197361
466 0.866909 0.729664 0.0158993
467 0.866909 0.723905 0.0154584
468 0.866909 0.750816 0.0143104
469 0.866909 0.744556 0.0140566
470 0.866909 0.73795 0.0171337
471 0.866909 0.720375 0.0207056
472 0.866909 0.708924 0.0206339
473 0.866909 0.708136 0.0208392
474 0.866909 0.709932 0.023194
475 0.866909 0.731779 0.0208011
476 0.866909 0.747948 0.0133526
477 0.866909 0.740355 0.0193793
478 0.866909 0.750089 0.018424
479 0.866909 0.763253 0.0124536
480 0.866909 0.754891 0.0130031
481 0.866909 0.754887 0.0129124
482 0.866909 0.743611 0.0127485
483 0.866909 0.722288 0.0169645
484 0.866909 0.736126 0.0163648
485 0.866909 0.730584 0.0176555
486 0.866909 0.724178 0.0177249
487 0.866909 0.701375 0.0231098
488 0.866909 0.71658 0.0210416
489 0.866909 0.704362 0.0232558
490 0.866909 0.702045 0.026921
491 0.866909 0.721886 0.0199875
492 0.866909 0.740391 0.0161027
493 0.866909 0.739318 0.0170568
494 0.866909 0.715822 0.0173602
495 0.866909 0.727178 0.0176791
496 0.866909 0.74106 0.0153203
497 0.866909 0.728398 0.0175993
498 0.866909 0.71933 0.0176986
499 0.866909 0.709764 0.0223791
500 0.866909 0.698478 0.0208841
501 0.866909 0.685624 0.022918
502 0.866909 0.707449 0.0187471
503 0.866909 0.720941 0.0157786
504 0.866909 0.716127 0.0170915
505 0.866909 0.710035 0.0201955
506 0.866909 0.708587 0.0207611
507 0.866909 0.71241 0.0208917
508 0.866909 0.681722 0.028315
509 0.866909 0.7044 0.0193798
510 0.866909 0.712396 0.0199777
511 0.866909 0.73498 0.0156509
512 0.866909 0.732988 0.0154325
513 0.866909 0.736345 0.0124138
514 0.866909 0.73466 0.0146564
515 0.866909 0.72702 0.0160045
516 0.866909 0.736955 0.0157749
517 0.866909 0.737226 0.0183532
518 0.866909 0.727929 0.0196417
519 0.866909 0.719842 0.0237771
520 0.866909 0.717842 0.0240885
521 0.866909 0.714547 0.0194469
522 0.866909 0.708938 0.0197352
523 0.866909 0.729755 0.0154673
524 0.866909 0.711817 0.0210533
525 0.866909 0.696662 0.0268054
526 0.866909 0.694594 0.025026
527 0.866909 0.679939 0.0283147
528 0.866909 0.690129 0.026538
529 0.866909 0.688297 0.0244465
530 0.866909 0.699876 0.0273641
531 0.866909 0.729839 0.0206395
532 0.866909 0.731029 0.0144349
533 0.866909 0.716753 0.0197948
534 0.866909 0.720855 0.0178449
535 0.866909 0.739857 0.0150829
536 0.866909 0.736855 0.0171524
537 0.866909 0.721513 0.0197853
538 0.866909 0.741612 0.0121028
539 0.866909 0.715193 0.019235
540 0.866909 0.710958 0.0225818
541 0.866909 0.728912 0.0188624
542 0.866909 0.749896 0.016793
543 0.866909 0.739577 0.0171469
544 0.866909 0.738889 0.0175745
545 0.866909 0.743292 0.014275
546 0.866909 0.74147 0.0151009
547 0.866909 0.762197 0.00787387
548 0.866909 0.743533 0.0159842
549 0.866909 0.732268 0.0170649
550 0.866909 0.72301 0.0201558
551 0.866909 0.738405 0.0173732
552 0.866909 0.72378 0.0216856
553 0.866909 0.712426 0.0211182
554 0.866909 0.725194 0.0190851
555 0.866909 0.720003 0.0185234
556 0.866909 0.72599 0.0154523
557 0.866909 0.721392 0.0179542
558 0.866909 0.736311 0.0157237
559 0.866909 0.73129 0.0149941
560 0.866909 0.732342 0.0107984
561 0.866909 0.727524 0.0153007
562 0.866909 0.731452 0.013596
563 0.866909 0.750671 0.0146458
564 0.866909 0.741681 0.014589
565 0.866909 0.749396 0.0132196
566 0.866909 0.738102 0.0161493
567 0.867077 0.73953 0.0148171
568 0.867077 0.706233 0.0173246
569 0.867077 0.732028 0.0141755
570 0.867077 0.736115 0.0118988
571 0.867077 0.734937 0.0148482
572 0.867077 0.726997 0.013978
573 0.867077 0.734268 0.0130743
574 0.867077 0.732668 0.00961819
575 0.867287 0.72782 0.0146957
576 0.867287 0.731902 0.0121546
577 0.867287 0.73983 0.0113761
578 0.867287 0.749278 0.0115385
579 0.867307 0.752972 0.00909827
580 0.867307 0.724162 0.0138728
581 0.867307 0.730056 0.0168261
582 0.867307 0.730435 0.0174147
583 0.867307 0.725313 0.0180192
584 0.867307 0.716481 0.0201503
585 0.867307 0.714297 0.0209964
586 0.867307 0.72873 0.016011
587 0.867307 0.727906 0.0188503
588 0.867307 0.732795 0.0123713
589 0.867307 0.742575 0.0125374
590 0.867307 0.742037 0.0130422
591 0.867307 0.726741 0.0185273
592 0.867307 0.73897 0.0160473
593 0.867307 0.748146 0.0146095
594 0.867307 0.732481 0.01532
595 0.867307 0.739572 0.0148024
596 0.867307 0.735328 0.0171089
597 0.867307 0.721188 0.0185367
598 0.867307 0.712663 0.0238472
599 0.867307 0.725301 0.0178674
600 0.867307 0.724652 0.0173955
601 0.867307 0.73127 0.0199488
602 0.867307 0.716001 0.0230163
603 0.867307 0.717806 0.0204765
604 0.867307 0.700514 0.0224435
605 0.867307 0.724038 0.0207145
606 0.867307 0.728559 0.0209545
607 0.867307 0.728882 0.0190313
608 0.867307 0.722799 0.0183163
609 0.867307 0.726128 0.0168248
610 0.867307 0.708355 0.0205911
611 0.867307 0.695282 0.0231946
612 0.867307 0.697176 0.0278681
613 0.867307 0.688928 0.0299277
614 0.867307 0.706466 0.0256696
615 0.867307 0.711302 0.0240802
616 0.867307 0.736793 0.0174352
617 0.867307 0.708674 0.0211489
618 0.867307 0.699507 0.0238574
619 0.867307 0.716432 0.0209033
620 0.867307 0.706427 0.0213011
621 0.867307 0.71424 0.0184534
622 0.867307 0.718432 0.0182552
623 0.867307 0.710609 0.0202061
624 0.867307 0.706776 0.0191479
625 0.867307 0.700785 0.0201933
626 0.867307 0.71699 0.0154258
627 0.867307 0.713889 0.0175602
628 0.867307 0.709407 0.0180129
629 0.867307 0.709701 0.0190462
630 0.867307 0.718983 0.0187607
631 0.867307 0.727634 0.0199563
632 0.867307 0.719594 0.0189689
633 0.867307 0.709449 0.0220799
634 0.867307 0.693849 0.0283026
635 0.867307 0.705519 0.0222007
636 0.867307 0.698679 0.0215036
637 0.867307 0.698267 0.0206115
638 0.867307 0.688602 0.02325
639 0.867307 0.695035 0.0238016
640 0.867307 0.682544 0.0275909
641 0.867307 0.674158 0.0297715
642 0.867307 0.700308 0.0240575
643 0.867307 0.705039 0.0232979
644 0.867307 0.689199 0.0277518
645 0.867307 0.695448 0.0207328
646 0.867307 0.714704 0.020826
647 0.867307 0.711326 0.0200445
648 0.867307 0.726209 0.0169979
649 0.867307 0.708727 0.0225182
650 0.86745 0.719249 0.0210934
651 0.86745 0.723491 0.0213665
652 0.86745 0.724587 0.0191293
653 0.86745 0.727927 0.0156117
654 0.867516 0.725816 0.0144763
655 0.867516 0.718201 0.017588
656 0.867516 0.729018 0.0157532
657 0.867516 0.718624 0.0144354
658 0.867516 0.707339 0.0187854
659 0.867516 0.715255 0.0204125
660 0.867516 0.714516 0.0211455
661 0.867516 0.712901 0.020036
662 0.867516 0.690892 0.0237269
663 0.867516 0.68774 0.0241878
664 0.867516 0.696343 0.0229986
665 0.867516 0.729523 0.0194195
666 0.867516 0.726857 0.0177488
667 0.867516 0.7254 0.0161932
668 0.867516 0.723021 0.0168124
669 0.867516 0.71051 0.018485
670 0.867516 0.727693 0.0161313
671 0.867516 0.713753 0.0182129
672 0.867516 0.727526 0.0172284
673 0.867516 0.731366 0.0147071
674 0.867518 0.748699 0.0138868
675 0.86752 0.750799 0.0124617
676 0.86752 0.735026 0.013773
677 0.86752 0.724417 0.0172455
678 0.86752 0.717243 0.0216223
679 0.86752 0.71599 0.0220291
680 0.86752 0.718208 0.0209945
681 0.86752 0.709671 0.0204272
682 0.86752 0.723487 0.0175717
683 0.86752 0.720109 0.0189756
684 0.86752 0.71429 0.0232575
685 0.86752 0.72317 0.0180817
686 0.86752 0.704444 0.0197558
687 0.86752 0.710981 0.0210256
688 0.86752 0.718702 0.0166024
689 0.86752 0.725174 0.0136315
690 0.86752 0.715854 0.0169913
691 0.86752 0.726653 0.0154344
692 0.86752 0.719109 0.0151569
693 0.867539 0.724467 0.0165448
694 0.867539 0.729569 0.0149694
695 0.867539 0.733445 0.0172221
696 0.867539 0.724241 0.0142433
697 0.867539 0.732996 0.0108747
698 0.867539 0.719347 0.0172632
699 0.867539 0.721191 0.0195249
700 0.867539 0.710782 0.0184803
701 0.867539 0.722533 0.0179818
702 0.867539 0.736761 0.014469
703 0.867539 0.718647 0.0159375
704 0.867539 0.698188 0.0185278
705 0.867539 0.703758 0.0189889
706 0.867539 0.683945 0.0239845
707 0.867539 0.686272 0.0199426
708 0.867539 0.687921 0.0195955
709 0.867539 0.696345 0.0178444
710 0.867539 0.702049 0.0192581
711 0.867539 0.700232 0.0194319
712 0.867539 0.697293 0.0202252
713 0.867542 0.698774 0.021105
714 0.867542 0.685234 0.0258928
715 0.867542 0.673912 0.0297412
716 0.867542 0.689286 0.0279896
717 0.867542 0.680811 0.026017
718 0.867542 0.70057 0.0240816
719 0.867542 0.703483 0.0235085
720 0.867542 0.702414 0.0223779
721 0.867542 0.703899 0.0243537
722 0.867542 0.70032 0.0204717
723 0.867542 0.708932 0.0213278
724 0.867542 0.726496 0.0173973
725 0.867542 0.727744 0.0216543
726 0.867542 0.722249 0.0190419
727 0.867542 0.731378 0.0150698
728 0.867542 0.694786 0.0231009
729 0.867643 0.700277 0.0204347
730 0.867643 0.696476 0.0246644
731 0.867643 0.716197 0.0200973
732 0.867643 0.70148 0.0234231
733 0.867643 0.695731 0.01926
734 0.867643 0.691971 0.0223121
735 0.867643 0.703885 0.0238967
736 0.867643 0.690225 0.0270157
737 0.867643 0.68596 0.0282592
738 0.867643 0.679039 0.0289313
739 0.867643 0.695974 0.0254272
740 0.867643 0.694669 0.0260854
741 0.867643 0.709884 0.0193714
742 0.867643 0.70285 0.0202797
743 0.867643 0.718738 0.0189741
744 0.867643 0.712383 0.0196843
745 0.867643 0.722485 0.0163871
746 0.867643 0.72356 0.0165643
747 0.867643 0.708323 0.0156242
748 0.867643 0.717835 0.0133534
749 0.867651 0.713568 0.0172221
750 0.867651 0.696912 0.0209446
751 0.867651 0.71902 0.0181247
752 0.867651 0.70735 0.0173384
753 0.867651 0.70666 0.0189447
754 0.867651 0.693433 0.020701
755 0.867651 0.709147 0.0188306
756 0.867651 0.730439 0.0154485
757 0.867651 0.73193 0.0152589
758 0.867666 0.719438 0.0181628
759 0.867666 0.738887 0.015199
760 0.867666 0.743165 0.0155179
761 0.867666 0.740919 0.0140047
762 0.867666 0.73254 0.0172001
763 0.867666 0.729413 0.0156898
764 0.867666 0.714815 0.0215277
765 0.867666 0.690709 0.0235461
766 0.867666 0.705802 0.0228648
767 0.867666 0.746459 0.0130772
768 0.867666 0.730649 0.0175931
769 0.867666 0.728986 0.016509
770 0.867666 0.731581 0.0133161
771 0.867666 0.725584 0.0129817
772 0.867666 0.71458 0.0180146
773 0.867666 0.71478 0.018162
774 0.867666 0.714435 0.020728
775 0.867666 0.732434 0.0165548
776 0.867666 0.740532 0.0142846
777 0.867666 0.740887 0.0143542
778 0.867666 0.703121 0.0231962
779 0.867666 0.70742 0.0195256
780 0.867666 0.723299 0.0183296
781 0.867666 0.733764 0.0145218
782 0.867666 0.742869 0.012936
783 0.867666 0.737075 0.0156189
784 0.867666 0.73717 0.015064
785 0.867666 0.737837 0.0180995
786 0.867666 0.727328 0.0193832
787 0.867666 0.714844 0.0191142
788 0.867666 0.722947 0.0234147
789 0.867666 0.724569 0.0224666
790 0.867666 0.731318 0.0188076
791 0.867666 0.747156 0.0161899
792 0.867666 0.754282 0.0162793
793 0.867666 0.736997 0.0150177
794 0.867666 0.739402 0.0140329
795 0.867666 0.716443 0.0190922
796 0.867666 0.726001 0.0186517
797 0.867666 0.715032 0.0198435
798 0.867666 0.724199 0.0175281
799 0.867666 0.73391 0.0130035
800 0.867666 0.725775 0.0159309
801 0.867666 0.718678 0.0150603
802 0.867666 0.700708 0.0191108
803 0.867666 0.713552 0.0172085
804 0.867666 0.698467 0.0217878
805 0.867666 0.710478 0.0200652
806 0.867666 0.709271 0.0184977
807 0.867666 0.727117 0.0154085
808 0.867666 0.711517 0.0217893
809 0.867666 0.713009 0.0196543
810 0.867666 0.722322 0.0187452
811 0.867666 0.723568 0.0151403
812 0.867666 0.703403 0.0226651
813 0.867666 0.686865 0.0291747
814 0.867666 0.696703 0.0305242
815 0.867666 0.70989 0.0277814
816 0.867666 0.708375 0.022189
817 0.867666 0.725772 0.0175119
818 0.867666 0.697334 0.0218339
819 0.867666 0.721857 0.0157665
820 0.867666 0.722784 0.0171363
821 0.867666 0.726251 0.0178015
822 0.867666 0.722195 0.0184437
823 0.867666 0.723943 0.0163979
824 0.867666 0.713903 0.0181633
825 0.867666 0.719102 0.0163375
826 0.867666 0.714259 0.0159642
827 0.867666 0.700261 0.0167983
828 0.867666 0.717309 0.0153014
829 0.867666 0.710968 0.0172796
830 0.867666 0.72845 0.0139061
831 0.867666 0.735729 0.014707
832 0.867666 0.727738 0.0162293
833 0.867666 0.717352 0.0198272
834 0.867666 0.721919 0.0171259
835 0.867666 0.754783 0.0079909
836 0.867666 0.741578 0.0121324
837 0.867666 0.730658 0.0174135
838 0.867666 0.725237 0.0210097
839 0.867666 0.735725 0.0139514
840 0.867666 0.729226 0.0158541
841 0.867666 0.734809 0.0130139
842 0.867666 0.724892 0.0189299
843 0.867666 0.7172 0.0189462
844 0.867666 0.748063 0.0125226
845 0.867666 0.730199 0.0162574
846 0.867666 0.758322 0.0110101
847 0.867666 0.719399 0.0170822
848 0.867666 0.737348 0.0138757
849 0.867666 0.745293 0.00945457
850 0.867666 0.717061 0.0155825
851 0.867666 0.728373 0.0129772
852 0.867666 0.721337 0.0168609
853 0.867821 0.740307 0.0159392
854 0.867821 0.735811 0.0172377
855 0.867821 0.728451 0.0222144
856 0.867821 0.723427 0.0255224
857 0.867821 0.717527 0.0251175
858 0.867821 0.742503 0.0187268
859 0.867821 0.744729 0.0190353
860 0.867821 0.736499 0.0157279
861 0.867821 0.728766 0.0160253
862 0.867821 0.738597 0.0161048
863 0.867821 0.732836 0.0176821
864 0.867821 0.740417 0.014286
865 0.867821 0.745501 0.0119168
866 0.867821 0.734389 0.0181231
867 0.867821 0.72743 0.0187318
868 0.867821 0.730664 0.0193516
869 0.867821 0.724178 0.0188408
870 0.867821 0.723707 0.0180524
871 0.867821 0.703499 0.020347
872 0.867821 0.696045 0.0208126
873 0.867821 0.698272 0.0227019
874 0.867821 0.72757 0.0177888
875 0.867821 0.737824 0.0142014
876 0.867821 0.730935 0.0180425
877 0.867821 0.731962 0.0213168
878 0.867821 0.721752 0.0225509
879 0.867821 0.708428 0.0240148
880 0.867821 0.718448 0.0195989
881 0.867821 0.722958 0.0153063
882 0.867821 0.718152 0.0190833
883 0.867821 0.71035 0.0198142
884 0.867821 0.727853 0.017909
885 0.867821 0.732126 0.0164779
886 0.867821 0.726947 0.0159576
887 0.867866 0.726366 0.0131799
888 0.867866 0.714577 0.0187637
889 0.867866 0.711472 0.0227828
890 0.867866 0.698985 0.0243218
891 0.867866 0.713623 0.0188083
892 0.867866 0.703025 0.0209862
893 0.867866 0.726368 0.0170091
894 0.867866 0.745651 0.0125889
895 0.867866 0.755217 0.0127609
896 0.867866 0.737865 0.0145491
897 0.867866 0.727845 0.0173062
898 0.867866 0.734799 0.016075
899 0.867866 0.713249 0.0226427
900 0.867866 0.717315 0.0175838
901 0.867866 0.726922 0.0165381
902 0.867866 0.742983 0.013447
903 0.867866 0.740612 0.0144656
904 0.867866 0.726315 0.0206928
905 0.867866 0.733653 0.016319
906 0.867866 0.734546 0.0156478
907 0.867866 0.720939 0.0192683
908 0.867866 0.744289 0.0123464
909 0.867866 0.736653 0.01646
910 0.867866 0.733066 0.0155461
911 0.867866 0.723576 0.0175799
912 0.867866 0.725462 0.0172766
913 0.867866 0.728056 0.0188642
914 0.867866 0.724608 0.0157601
915 0.867866 0.723344 0.018126
916 0.867866 0.720617 0.0208068
917 0.867866 0.714181 0.0193276
918 0.867866 0.724508 0.0183291
919 0.867866 0.72213 0.0203768
920 0.867866 0.71205 0.0231518
921 0.867866 0.704344 0.0213312
922 0.867866 0.723846 0.0187355
923 0.867866 0.727623 0.0161995
924 0.867866 0.721315 0.0166138
925 0.867866 0.742941 0.0125658
926 0.867866 0.732972 0.0180929
927 0.867866 0.72339 0.0177648
928 0.867866 0.706613 0.0220436
929 0.867866 0.70793 0.0220787
930 0.867866 0.726574 0.0180534
931 0.867866 0.722062 0.0190889
932 0.867866 0.722366 0.0170031
933 0.867866 0.713851 0.0234115
934 0.867866 0.712207 0.0220857
935 0.867866 0.719306 0.0184005
936 0.867866 0.74103 0.0133588
937 0.867866 0.736248 0.0136754
938 0.867866 0.73064 0.0141246
939 0.867866 0.735634 0.0148148
940 0.867866 0.731109 0.0188743
941 0.867866 0.721295 0.0203498
942 0.867866 0.726409 0.0199387
943 0.867866 0.732551 0.0192931
944 0.867866 0.729217 0.0197426
945 0.867866 0.722575 0.0218866
946 0.867866 0.72574 0.0204276
947 0.867866 0.725584 0.0169409
948 0.867866 0.740811 0.0116449
949 0.867866 0.718368 0.0159147
950 0.867866 0.70292 0.0217897
951 0.867866 0.70425 0.0162272
952 0.867866 0.709128 0.0183246
953 0.867866 0.710372 0.0172626
954 0.867866 0.72287 0.017858
955 0.867866 0.712068 0.0188369
956 0.867866 0.732957 0.0162594
957 0.867866 0.707622 0.0226307
958 0.867866 0.728432 0.0198659
959 0.867866 0.736417 0.0170354
960 0.867866 0.739701 0.0151737
961 0.86787 0.740581 0.0165375
962 0.86787 0.715476 0.0197201
963 0.86787 0.700069 0.0240246
964 0.86787 0.704036 0.023555
965 0.86787 0.714374 0.0194463
966 0.86787 0.700952 0.0277624
967 0.86787 0.687026 0.031698
968 0.86787 0.685876 0.0288236
969 0.86787 0.702927 0.02187
970 0.86787 0.713391 0.0223797
971 0.86787 0.715006 0.0212661
972 0.86787 0.715805 0.0211453
973 0.86787 0.717413 0.0227457
974 0.86787 0.721831 0.0168005
975 0.86787 0.741427 0.0165216
976 0.86787 0.721595 0.0207386
977 0.86787 0.733807 0.0162821
978 0.86787 0.741047 0.01463
979 0.86787 0.737497 0.0178609
980 0.86787 0.735419 0.0160987
981 0.86787 0.727701 0.0213242
982 0.86787 0.722958 0.0225341
983 0.86787 0.717933 0.0214499
984 0.86787 0.71416 0.0216133
985 0.86787 0.708865 0.0245278
986 0.86787 0.693942 0.0242593
987 0.86787 0.720109 0.0204103
988 0.86787 0.7216 0.0208246
989 0.86787 0.711602 0.0177402
990 0.86787 0.736545 0.0147963
991 0.86787 0.721609 0.0171586
992 0.86787 0.725091 0.0168009
993 0.86787 0.730951 0.0194652
994 0.86787 0.713676 0.0231215
995 0.867871 0.718565 0.0215795
996 0.867871 0.743426 0.0164159
997 0.867871 0.737185 0.0156196
998 0.867871 0.708206 0.0222358
999 0.867871 0.724183 0.0211205
1000 0.867871 0.720128 0.018345
