0 0.250031 0.249697 6.35904e-06
1 0.262014 0.25014 1.50873e-06
2 0.262014 0.250025 3.43598e-06
3 0.267359 0.250479 5.42155e-06
4 0.290647 0.250187 4.5892e-05
5 0.290647 0.251246 6.44807e-05
6 0.379815 0.254427 0.000327415
7 0.379815 0.250217 0.00052767
8 0.383377 0.254734 0.000634217
9 0.516244 0.254518 0.00117625
10 0.516244 0.257269 0.0011818
11 0.536306 0.262672 0.00250781
12 0.536306 0.25907 0.00207083
13 0.536306 0.257795 0.00177066
14 0.536306 0.256606 0.0015838
15 0.536306 0.258489 0.00186662
16 0.536306 0.25919 0.00200374
17 0.536306 0.258243 0.00173244
18 0.536306 0.256367 0.00165879
19 0.536306 0.255682 0.00177216
20 0.536306 0.255758 0.00159911
21 0.536306 0.260891 0.0028892
22 0.536306 0.259134 0.00228623
23 0.536306 0.261219 0.00271845
24 0.536306 0.256319 0.00161579
25 0.536306 0.254574 0.00167943
26 0.536306 0.257727 0.00208031
27 0.536306 0.25942 0.00221729
28 0.536306 0.258172 0.00216891
29 0.536306 0.259556 0.00229066
30 0.539125 0.264013 0.00309264
31 0.539125 0.264436 0.00364247
32 0.539125 0.262499 0.00319302
33 0.539125 0.26699 0.00354834
34 0.539125 0.266283 0.00338581
35 0.539125 0.263831 0.00272094
36 0.539125 0.265985 0.00367811
37 0.539125 0.266212 0.00393902
38 0.539125 0.267003 0.00312793
39 0.539125 0.269043 0.00391793
40 0.539125 0.26733 0.00352773
41 0.539125 0.265105 0.00277971
42 0.539125 0.263743 0.00265482
43 0.556911 0.26502 0.00326467
44 0.556911 0.262395 0.00277961
45 0.556911 0.262798 0.00294375
46 0.556911 0.260646 0.00258515
47 0.556911 0.264638 0.00297687
48 0.556911 0.263236 0.002383
49 0.556911 0.266722 0.00351567
50 0.556911 0.263351 0.00237825
51 0.556911 0.261896 0.00291218
52 0.556911 0.268959 0.00382824
53 0.556911 0.266529 0.00326884
54 0.556911 0.273478 0.00480471
55 0.556911 0.265641 0.00312784
56 0.556911 0.269198 0.00276183
57 0.556911 0.27878 0.00393126
58 0.556911 0.274894 0.00410625
59 0.556911 0.276628 0.00419805
60 0.556911 0.271352 0.00317699
61 0.58187 0.286255 0.00645064
62 0.58187 0.285938 0.0056218
63 0.58187 0.289486 0.00705101
64 0.58187 0.281837 0.00503278
65 0.58187 0.288101 0.00528034
66 0.58187 0.299301 0.00724387
67 0.58187 0.29442 0.00700516
68 0.594047 0.282794 0.00512925
69 0.594047 0.289781 0.00599471
70 0.594047 0.284837 0.00458669
71 0.594047 0.287488 0.00516609
72 0.594047 0.288968 0.00577759
73 0.594047 0.29013 0.00627295
74 0.594047 0.294996 0.00627746
75 0.594047 0.278481 0.00410088
76 0.594047 0.281698 0.0053622
77 0.594047 0.28085 0.0051154
78 0.594047 0.286536 0.00535922
79 0.594047 0.29408 0.00767531
80 0.594047 0.279502 0.00374073
81 0.594047 0.278853 0.0042596
82 0.594047 0.288855 0.00509523
83 0.594047 0.290977 0.00605803
84 0.594047 0.298714 0.00814339
85 0.594047 0.292862 0.00600519
86 0.594047 0.301016 0.00733071
87 0.594047 0.291819 0.0058648
88 0.594047 0.296446 0.00665774
89 0.594047 0.288758 0.00494341
90 0.594047 0.292973 0.00574401
91 0.594047 0.298828 0.00701785
92 0.594047 0.296399 0.00620652
93 0.594047 0.290152 0.00507956
94 0.594047 0.304235 0.00660693
95 0.594047 0.311097 0.00708958
96 0.594047 0.290329 0.0048551
97 0.594047 0.296998 0.00635232
98 0.594047 0.307425 0.0081379
99 0.594047 0.297675 0.00762707
100 0.594047 0.303323 0.0076717
101 0.594047 0.299942 0.00556934
102 0.594047 0.298665 0.00548961
103 0.594047 0.299847 0.00686497
104 0.594047 0.298065 0.00626816
105 0.594047 0.307395 0.00762538
106 0.594047 0.299392 0.00618923
107 0.594047 0.306515 0.00600125
108 0.594047 0.300045 0.00661377
109 0.594047 0.303645 0.00722994
110 0.594047 0.311484 0.0072494
111 0.594047 0.320688 0.00867153
112 0.594047 0.317349 0.00722866
113 0.594047 0.308471 0.00670157
114 0.594047 0.316161 0.00767227
115 0.594047 0.311384 0.00783995
116 0.594047 0.31308 0.00837058
117 0.594047 0.316547 0.00848398
118 0.594047 0.31505 0.00751572
119 0.594047 0.310829 0.00793879
120 0.594047 0.320048 0.00780624
121 0.594047 0.334727 0.00920923
122 0.594047 0.325865 0.0085697
123 0.594047 0.316957 0.00712414
124 0.594047 0.325999 0.00906062
125 0.608983 0.3351 0.0106436
126 0.608983 0.323019 0.00824921
127 0.608983 0.334864 0.0090968
128 0.608983 0.336436 0.00986259
129 0.608983 0.323725 0.00842296
130 0.608983 0.325475 0.00830825
131 0.608983 0.322299 0.00762449
132 0.608983 0.329093 0.00768258
133 0.608983 0.328891 0.00820155
134 0.608983 0.330558 0.00968534
135 0.608983 0.323615 0.00792363
136 0.608983 0.30532 0.00631564
137 0.608983 0.305441 0.00630955
138 0.608983 0.326259 0.00874474
139 0.608983 0.321949 0.00831865
140 0.608983 0.321875 0.00720949
141 0.608983 0.313389 0.00593207
142 0.608983 0.312727 0.00682345
143 0.608983 0.332273 0.0095723
144 0.608983 0.304563 0.00581203
145 0.608983 0.326202 0.00901631
146 0.608983 0.332443 0.00899203
147 0.608983 0.334854 0.00975901
148 0.608983 0.336933 0.00839488
149 0.608983 0.341992 0.0088624
150 0.608983 0.344581 0.0100144
151 0.608983 0.348659 0.0100523
152 0.612787 0.338233 0.010069
153 0.612787 0.344127 0.0103001
154 0.612787 0.352271 0.0124219
155 0.612787 0.359512 0.0124044
156 0.612787 0.344263 0.0102065
157 0.620522 0.337574 0.00925851
158 0.620522 0.337828 0.00861589
159 0.620522 0.33406 0.00893793
160 0.620522 0.343809 0.00942236
161 0.627478 0.341592 0.0105451
162 0.627478 0.356288 0.0118004
163 0.627478 0.336246 0.00935491
164 0.628091 0.345307 0.0110456
165 0.628091 0.339381 0.0100387
166 0.628091 0.342832 0.0108052
167 0.628091 0.345142 0.0112666
168 0.628091 0.347952 0.0122958
169 0.635877 0.348992 0.0115147
170 0.635877 0.356674 0.011066
171 0.635877 0.357119 0.0117162
172 0.635877 0.350407 0.0118147
173 0.635877 0.345703 0.0109775
174 0.635877 0.34499 0.011386
175 0.635877 0.343942 0.0120869
176 0.635877 0.346675 0.0123704
177 0.635877 0.362095 0.0138074
178 0.635877 0.354151 0.0125161
179 0.635877 0.348385 0.011809
180 0.635877 0.356241 0.0131702
181 0.646726 0.347396 0.0132985
182 0.646726 0.324881 0.0101132
183 0.646726 0.330156 0.0107575
184 0.646726 0.338582 0.0129222
185 0.646726 0.33643 0.0122141
186 0.646726 0.332358 0.0125065
187 0.646726 0.32193 0.00985981
188 0.646726 0.343067 0.0122874
189 0.646726 0.348658 0.0124945
190 0.646726 0.32327 0.00967935
191 0.646726 0.323042 0.00980755
192 0.646726 0.329026 0.0113695
193 0.646726 0.319868 0.0102724
194 0.646726 0.325666 0.0120096
195 0.646726 0.32272 0.0117146
196 0.646726 0.332575 0.0130066
197 0.646726 0.321813 0.0104107
198 0.646726 0.334369 0.0116743
199 0.646726 0.33178 0.00994922
200 0.646726 0.34211 0.0113312
201 0.646726 0.341056 0.0110707
202 0.646726 0.343564 0.0127883
203 0.657999 0.343446 0.0128789
204 0.664122 0.338358 0.0113699
205 0.675059 0.346626 0.0137708
206 0.675059 0.34012 0.0130869
207 0.675059 0.33787 0.0127188
208 0.675059 0.340189 0.0136023
209 0.675059 0.324469 0.0108156
210 0.675059 0.339379 0.0130296
211 0.675059 0.328357 0.0116066
212 0.675059 0.314634 0.0110888
213 0.675059 0.323125 0.0122379
214 0.675059 0.324183 0.00947917
215 0.675059 0.325669 0.0107645
216 0.675059 0.336908 0.0112583
217 0.675059 0.347376 0.0138004
218 0.685074 0.342504 0.0130937
219 0.685074 0.328746 0.0106113
220 0.685074 0.348831 0.0136733
221 0.685074 0.316956 0.00866707
222 0.685074 0.322494 0.0119645
223 0.685074 0.328859 0.0116904
224 0.685074 0.337219 0.0116627
225 0.685074 0.344653 0.0148396
226 0.685074 0.332519 0.0108113
227 0.685074 0.365822 0.0148913
228 0.685074 0.350118 0.0122797
229 0.685074 0.35483 0.0122633
230 0.685074 0.341606 0.0134272
231 0.685074 0.338031 0.013299
232 0.685074 0.333012 0.0117663
233 0.685074 0.34109 0.0134265
234 0.685074 0.322408 0.0102391
235 0.685074 0.324058 0.0106229
236 0.685074 0.336357 0.012413
237 0.685074 0.328928 0.0127332
238 0.685074 0.323692 0.0118306
239 0.685074 0.315973 0.0120406
240 0.685074 0.320378 0.010427
241 0.685074 0.328705 0.0131184
242 0.685074 0.326176 0.011738
243 0.685074 0.335536 0.013862
244 0.685074 0.31634 0.0103109
245 0.685074 0.332376 0.0149437
246 0.685074 0.333419 0.0141694
247 0.685074 0.331812 0.0119627
248 0.68895 0.330779 0.0130082
249 0.68895 0.325398 0.0125103
250 0.68895 0.31676 0.0131856
251 0.68895 0.311826 0.00978717
252 0.68895 0.31366 0.0103065
253 0.68895 0.311262 0.0114353
254 0.68895 0.308127 0.00898104
255 0.68895 0.305233 0.00964519
256 0.68895 0.321723 0.0115179
257 0.68895 0.320528 0.0115192
258 0.68895 0.336958 0.014555
259 0.68895 0.32782 0.0123909
260 0.68895 0.340232 0.0144769
261 0.68895 0.324236 0.0117824
262 0.68895 0.329097 0.0116131
263 0.68895 0.329317 0.0118646
264 0.68895 0.332838 0.0105768
265 0.68895 0.347844 0.011492
266 0.68895 0.344002 0.0137095
267 0.68895 0.328497 0.0105879
268 0.68895 0.344591 0.0118488
269 0.68895 0.343089 0.0134872
270 0.68895 0.346501 0.0142126
271 0.68895 0.345685 0.0127403
272 0.68895 0.364835 0.0170977
273 0.68895 0.344165 0.0120441
274 0.692861 0.341822 0.0134467
275 0.692861 0.341998 0.0132215
276 0.692861 0.341367 0.01502
277 0.692861 0.319242 0.0102611
278 0.692861 0.315831 0.00929637
279 0.692861 0.325322 0.0114277
280 0.692861 0.331997 0.0129831
281 0.692861 0.32488 0.0134105
282 0.692861 0.317212 0.0129366
283 0.692861 0.296967 0.00852532
284 0.692861 0.318153 0.0102109
285 0.692861 0.317617 0.0108203
286 0.692861 0.322676 0.0109878
287 0.692861 0.331842 0.0121771
288 0.692861 0.326406 0.0116505
289 0.692861 0.32896 0.0131286
290 0.692861 0.318143 0.0112284
291 0.692861 0.338044 0.012154
292 0.692861 0.330269 0.0109419
293 0.692861 0.344222 0.0128782
294 0.692861 0.341624 0.0129841
295 0.692861 0.342673 0.0128389
296 0.692861 0.339649 0.0122298
297 0.692861 0.328346 0.0101731
298 0.692861 0.345433 0.0126432
299 0.694463 0.342753 0.0128789
300 0.694463 0.343484 0.0137278
301 0.694463 0.348029 0.0148583
302 0.694463 0.34568 0.0158162
303 0.694463 0.336924 0.0118949
304 0.694463 0.332653 0.0111433
305 0.694463 0.329371 0.0129224
306 0.694463 0.322181 0.0101505
307 0.694463 0.318757 0.010194
308 0.694463 0.310125 0.0081492
309 0.694463 0.309291 0.00925645
310 0.694463 0.326688 0.0109556
311 0.694463 0.326671 0.00965621
312 0.694463 0.341078 0.0142989
313 0.694463 0.3375 0.0125012
314 0.694463 0.332852 0.012324
315 0.694463 0.33987 0.0124233
316 0.694463 0.33906 0.010654
317 0.694463 0.332051 0.00989634
318 0.694463 0.346234 0.0134155
319 0.694463 0.341668 0.0134168
320 0.694463 0.358414 0.0148484
321 0.694463 0.338516 0.0126329
322 0.694463 0.336739 0.012612
323 0.694463 0.340755 0.013119
324 0.694463 0.349743 0.0139753
325 0.694463 0.347472 0.0149196
326 0.694463 0.346649 0.014298
327 0.694463 0.333964 0.0118418
328 0.694463 0.340102 0.0104245
329 0.694463 0.348025 0.0124979
330 0.694463 0.348683 0.0123459
331 0.694463 0.334139 0.0121413
332 0.694463 0.353599 0.0149393
333 0.694463 0.347172 0.014523
334 0.694463 0.346498 0.0135407
335 0.694463 0.338113 0.0116806
336 0.694463 0.341082 0.0131847
337 0.694463 0.340477 0.0137504
338 0.694463 0.326983 0.0119793
339 0.694463 0.34216 0.0123075
340 0.694463 0.336872 0.0106577
341 0.694463 0.348218 0.0116926
342 0.694463 0.341676 0.0108388
343 0.694463 0.347165 0.011565
344 0.694463 0.343999 0.0118138
345 0.694463 0.343334 0.0134441
346 0.694463 0.329244 0.0117322
347 0.694463 0.337975 0.0140282
348 0.694463 0.327918 0.0127418
349 0.694463 0.328955 0.0142809
350 0.694463 0.329446 0.0120614
351 0.694463 0.32322 0.013366
352 0.694463 0.310855 0.00917397
353 0.694463 0.312114 0.0107432
354 0.694463 0.322156 0.0124086
355 0.694463 0.318403 0.0105139
356 0.694463 0.313219 0.00950979
357 0.694463 0.319347 0.0131395
358 0.694463 0.317053 0.0107732
359 0.694463 0.307802 0.00921401
360 0.694463 0.296539 0.00808795
361 0.694463 0.313516 0.0110133
362 0.694463 0.320756 0.0117959
363 0.694463 0.335252 0.0133738
364 0.694463 0.329306 0.0134115
365 0.694463 0.316582 0.0112838
366 0.694463 0.315784 0.0118394
367 0.694463 0.319544 0.011888
368 0.694463 0.338558 0.0157715
369 0.694463 0.330605 0.0122225
370 0.694463 0.314986 0.0112654
371 0.694463 0.311401 0.00986943
372 0.694463 0.323038 0.0111144
373 0.694463 0.337224 0.0122647
374 0.694463 0.350175 0.0141185
375 0.694463 0.35352 0.0131598
376 0.694463 0.339484 0.0137585
377 0.694463 0.34506 0.0141938
378 0.699472 0.329791 0.0125656
379 0.699472 0.336734 0.0135589
380 0.699472 0.314895 0.00996168
381 0.699472 0.327069 0.0120232
382 0.699472 0.321726 0.0108595
383 0.699472 0.343265 0.0153825
384 0.699472 0.346677 0.0180116
385 0.699472 0.341633 0.0134774
386 0.699472 0.348954 0.0156457
387 0.699472 0.319129 0.011129
388 0.699472 0.332736 0.0129595
389 0.699472 0.333817 0.0132804
390 0.699472 0.329394 0.0117376
391 0.699472 0.331102 0.0130694
392 0.699472 0.344271 0.012739
393 0.699472 0.341238 0.0128959
394 0.699472 0.337941 0.0147691
395 0.699472 0.342465 0.0157636
396 0.699472 0.342606 0.015147
397 0.699472 0.335063 0.015399
398 0.699472 0.339423 0.0149011
399 0.699472 0.334488 0.0134807
400 0.699472 0.320033 0.0122275
401 0.699472 0.332687 0.0151065
402 0.699472 0.345113 0.0145905
403 0.699472 0.331108 0.0104992
404 0.699472 0.334062 0.0108488
405 0.699472 0.337592 0.0129662
406 0.699472 0.323986 0.0104861
407 0.699472 0.344642 0.0135406
408 0.699472 0.342525 0.0143989
409 0.699472 0.347731 0.0146668
410 0.699472 0.355222 0.0167723
411 0.704547 0.333299 0.0112481
412 0.704547 0.335537 0.0130037
413 0.704547 0.335482 0.0130961
414 0.704547 0.322232 0.010322
415 0.709747 0.328059 0.0131843
416 0.709747 0.340648 0.0139655
417 0.709747 0.333614 0.0108827
418 0.709747 0.336865 0.0129282
419 0.709747 0.334488 0.0120271
420 0.709747 0.32995 0.0117145
421 0.709747 0.326735 0.0118915
422 0.709747 0.318506 0.0101476
423 0.709747 0.316143 0.012023
424 0.712423 0.330592 0.0141824
425 0.712423 0.354521 0.0149609
426 0.712423 0.329168 0.0120347
427 0.712423 0.338499 0.0137602
428 0.712423 0.336929 0.0121959
429 0.716143 0.354934 0.0160103
430 0.716143 0.366864 0.0152017
431 0.716143 0.353225 0.0185843
432 0.716143 0.350167 0.0163132
433 0.716143 0.34869 0.0145655
434 0.716143 0.337068 0.0131281
435 0.716143 0.341132 0.0168262
436 0.716143 0.33361 0.0159419
437 0.716143 0.334708 0.0163198
438 0.716143 0.35153 0.0172255
439 0.716143 0.343691 0.0148625
440 0.716143 0.342908 0.0138512
441 0.716143 0.358942 0.015975
442 0.716143 0.353107 0.0156424
443 0.716143 0.325816 0.0113968
444 0.716143 0.33105 0.0132786
445 0.716143 0.323033 0.0113147
446 0.716143 0.332322 0.0140258
447 0.716143 0.322434 0.0121997
448 0.716758 0.332531 0.0148934
449 0.716758 0.339426 0.0165294
450 0.725107 0.320358 0.011935
451 0.725107 0.320292 0.0110586
452 0.733031 0.336686 0.0163969
453 0.733031 0.353337 0.0196946
454 0.733031 0.33666 0.0146662
455 0.733031 0.333701 0.0128821
456 0.733031 0.346978 0.0156475
457 0.733031 0.347281 0.0138748
458 0.733031 0.344621 0.014028
459 0.733031 0.344275 0.0139437
460 0.733031 0.356643 0.0131339
461 0.733031 0.33997 0.012482
462 0.733031 0.343891 0.0138301
463 0.733031 0.356154 0.0141939
464 0.733031 0.357782 0.0165135
465 0.733031 0.321616 0.0125501
466 0.733031 0.33604 0.0146515
467 0.733031 0.328258 0.012713
468 0.733031 0.327078 0.011071
469 0.733031 0.323301 0.0123417
470 0.733031 0.344519 0.0163692
471 0.733031 0.336739 0.013352
472 0.73438 0.343287 0.0155068
473 0.73438 0.335974 0.0128035
474 0.73438 0.328008 0.0117308
475 0.73438 0.332096 0.0126618
476 0.73438 0.336745 0.0134994
477 0.73438 0.355828 0.0157562
478 0.73438 0.348005 0.0142082
479 0.73438 0.334278 0.0147665
480 0.73438 0.327347 0.0127736
481 0.73438 0.353485 0.0159741
482 0.73438 0.342291 0.016765
483 0.73438 0.323201 0.0129347
484 0.73438 0.317439 0.013176
485 0.73438 0.319477 0.0126175
486 0.73438 0.309958 0.0120853
487 0.73438 0.326012 0.012927
488 0.73438 0.314108 0.0118405
489 0.73438 0.319541 0.0106897
490 0.73438 0.314309 0.0125249
491 0.73438 0.324794 0.0134087
492 0.73438 0.331392 0.0135749
493 0.73438 0.337829 0.0154695
494 0.73438 0.339579 0.0141682
495 0.73438 0.326731 0.0135991
496 0.73438 0.333771 0.0139777
497 0.73438 0.329654 0.0128569
498 0.73438 0.327124 0.013345
499 0.73438 0.331918 0.0163124
500 0.73438 0.31643 0.012782
501 0.73844 0.326712 0.0148035
502 0.73844 0.321216 0.0149367
503 0.73844 0.331114 0.0145506
504 0.73844 0.315348 0.0115322
505 0.73844 0.323097 0.0149845
506 0.73844 0.323283 0.0131864
507 0.73844 0.320645 0.0135018
508 0.73844 0.328885 0.0155342
509 0.73844 0.314887 0.0115113
510 0.73844 0.329487 0.0133142
511 0.738797 0.325212 0.0148274
512 0.738797 0.32876 0.0142109
513 0.738797 0.315896 0.0102634
514 0.738797 0.327857 0.012596
515 0.738797 0.338588 0.0155305
516 0.738797 0.322381 0.0120321
517 0.738797 0.316358 0.0120559
518 0.738797 0.310085 0.0122324
519 0.738797 0.303342 0.0101901
520 0.738797 0.29486 0.00816722
521 0.738797 0.302888 0.0103821
522 0.738797 0.291389 0.00852448
523 0.738797 0.300388 0.00968283
524 0.738797 0.30617 0.0111877
525 0.738797 0.329471 0.016193
526 0.738797 0.323668 0.0140497
527 0.738797 0.334514 0.0164874
528 0.738797 0.330913 0.0140486
529 0.738797 0.34336 0.015576
530 0.738797 0.331098 0.0151616
531 0.779938 0.320208 0.0146895
532 0.779938 0.322444 0.0163763
533 0.779938 0.317079 0.013846
534 0.779938 0.317557 0.0152756
535 0.779938 0.328017 0.0160014
536 0.779938 0.308398 0.0120779
537 0.779938 0.325572 0.0138803
538 0.779938 0.337769 0.0165147
539 0.779938 0.326488 0.0144212
540 0.779938 0.320493 0.0158039
541 0.779938 0.310282 0.0137041
542 0.779938 0.306524 0.0130798
543 0.779938 0.307429 0.0122109
544 0.779938 0.313758 0.0160273
545 0.779938 0.305947 0.0119132
546 0.779938 0.299805 0.010151
547 0.779938 0.306652 0.0115307
548 0.779938 0.330227 0.0143316
549 0.779938 0.322882 0.0151093
550 0.779938 0.303086 0.0106864
551 0.779938 0.30373 0.0121466
552 0.779938 0.306163 0.0104788
553 0.779938 0.304388 0.0115917
554 0.779938 0.300234 0.00962985
555 0.779938 0.305418 0.0120291
556 0.779938 0.314745 0.0126712
557 0.779938 0.330922 0.0147481
558 0.779938 0.340448 0.0184637
559 0.779938 0.347049 0.0210117
560 0.779938 0.339513 0.0175278
561 0.779938 0.334694 0.0175628
562 0.779938 0.331695 0.0146158
563 0.779938 0.313853 0.0139015
564 0.779938 0.313329 0.013949
565 0.779938 0.331003 0.0163301
566 0.779938 0.331056 0.0154797
567 0.779938 0.331535 0.0150499
568 0.779938 0.325352 0.0171028
569 0.779938 0.322063 0.0149061
570 0.779938 0.327335 0.0178393
571 0.779938 0.31915 0.0166583
572 0.779938 0.296966 0.0108063
573 0.779938 0.304861 0.0141773
574 0.779938 0.331073 0.0195098
575 0.779938 0.31934 0.0147891
576 0.779938 0.312432 0.0152591
577 0.779938 0.327367 0.0179246
578 0.779938 0.311597 0.0137568
579 0.784201 0.304207 0.0131954
580 0.784201 0.320077 0.0151834
581 0.784201 0.311618 0.0126948
582 0.784201 0.315536 0.0137803
583 0.784201 0.326884 0.0173689
584 0.784201 0.31225 0.0142621
585 0.784201 0.319233 0.0162331
586 0.784201 0.314164 0.0147015
587 0.784201 0.322039 0.0158033
588 0.784201 0.318377 0.015621
589 0.784201 0.324726 0.0172891
590 0.784201 0.323299 0.0168748
591 0.784201 0.337505 0.019879
592 0.784201 0.322474 0.015357
593 0.784201 0.33452 0.0180548
594 0.784201 0.324296 0.0178415
595 0.784201 0.333511 0.0204397
596 0.784201 0.326389 0.0176545
597 0.784201 0.312894 0.0138079
598 0.784201 0.310753 0.0141307
599 0.784201 0.311677 0.0137145
600 0.784201 0.320187 0.0161009
601 0.784201 0.310344 0.0143771
602 0.784201 0.299505 0.013071
603 0.784201 0.308135 0.0151517
604 0.784201 0.313273 0.0160449
605 0.784201 0.313124 0.0141818
606 0.784201 0.312744 0.0162755
607 0.784201 0.291522 0.0109504
608 0.784201 0.319396 0.0169239
609 0.784201 0.320751 0.0164978
610 0.784201 0.325183 0.0196635
611 0.784201 0.31017 0.0151787
612 0.784201 0.320757 0.0169928
613 0.784201 0.317913 0.0181803
614 0.784201 0.317424 0.0176442
615 0.784201 0.299174 0.0124946
616 0.784201 0.295377 0.0120018
617 0.784201 0.314296 0.0150933
618 0.784201 0.315731 0.0139249
619 0.784201 0.319136 0.0149754
620 0.784201 0.32041 0.0151731
621 0.784201 0.342706 0.0193241
622 0.784201 0.342182 0.0175983
623 0.784201 0.337254 0.0168708
624 0.784201 0.325426 0.0172209
625 0.784201 0.34569 0.017992
626 0.784201 0.340472 0.0183298
627 0.784201 0.348101 0.0209196
628 0.784201 0.341613 0.0171752
629 0.784201 0.340766 0.0169593
630 0.784201 0.3292 0.0196815
631 0.784201 0.346669 0.0221067
632 0.784201 0.34411 0.0235839
633 0.784201 0.341832 0.0202648
634 0.784201 0.339762 0.0173043
635 0.784201 0.330802 0.0164338
636 0.784201 0.319111 0.014969
637 0.784201 0.33946 0.018921
638 0.784201 0.347945 0.0200062
639 0.784201 0.320471 0.0179393
640 0.784201 0.320737 0.0164768
641 0.784201 0.325347 0.0188961
642 0.784201 0.319504 0.0162147
643 0.784201 0.312139 0.0157379
644 0.784201 0.321026 0.0185432
645 0.784201 0.313434 0.0155841
646 0.784201 0.324888 0.0188621
647 0.784201 0.322956 0.0179731
648 0.784201 0.324018 0.0163662
649 0.784201 0.31852 0.0172718
650 0.784201 0.305186 0.0134472
651 0.784201 0.316978 0.0156864
652 0.784201 0.310199 0.0141039
653 0.784201 0.316337 0.0144528
654 0.784201 0.30833 0.0132516
655 0.784201 0.315765 0.0141298
656 0.784201 0.313473 0.0166082
657 0.784201 0.323143 0.0161324
658 0.784201 0.320037 0.0148099
659 0.784201 0.338233 0.0187806
660 0.784201 0.314065 0.0145589
661 0.784201 0.310348 0.0151835
662 0.784201 0.33125 0.0211263
663 0.784201 0.342948 0.0209085
664 0.784201 0.347561 0.0218173
665 0.784201 0.3296 0.017137
666 0.784201 0.340683 0.0185635
667 0.784201 0.337817 0.017965
668 0.784201 0.339734 0.0170705
669 0.784201 0.342578 0.0215613
670 0.784201 0.335019 0.0187031
671 0.784201 0.333695 0.0176212
672 0.784201 0.340555 0.019584
673 0.784201 0.328609 0.0163904
674 0.784201 0.328796 0.0179517
675 0.784201 0.325057 0.0157926
676 0.784201 0.323803 0.0151284
677 0.784201 0.317335 0.0145577
678 0.784201 0.313738 0.0149845
679 0.784201 0.311304 0.0132741
680 0.784201 0.347649 0.0221481
681 0.784201 0.329931 0.0184906
682 0.784201 0.321245 0.0169911
683 0.784201 0.321426 0.0138148
684 0.784201 0.310102 0.0141101
685 0.784201 0.305783 0.0170928
686 0.784201 0.281336 0.00970576
687 0.784201 0.305697 0.0147866
688 0.784201 0.308835 0.0120636
689 0.784201 0.317516 0.0151687
690 0.784201 0.324707 0.0157202
691 0.784201 0.305227 0.0133515
692 0.784201 0.310677 0.0148647
693 0.784201 0.321242 0.0176092
694 0.784201 0.331528 0.0202675
695 0.784201 0.319238 0.015202
696 0.784201 0.338869 0.0181378
697 0.784201 0.341017 0.0198227
698 0.784201 0.324434 0.0173741
699 0.784201 0.330749 0.0187618
700 0.784201 0.326373 0.0163252
701 0.784201 0.3099 0.0140688
702 0.784201 0.320904 0.0162439
703 0.784201 0.339295 0.0217266
704 0.784201 0.303238 0.0146151
705 0.784201 0.308581 0.0125973
706 0.784201 0.316466 0.0147047
707 0.784201 0.311523 0.0142389
708 0.784201 0.302364 0.0129154
709 0.784201 0.292673 0.00991851
710 0.784201 0.324789 0.0187129
711 0.784201 0.317257 0.016987
712 0.784201 0.337476 0.0220355
713 0.784201 0.33125 0.0175574
714 0.784201 0.324577 0.0175219
715 0.784201 0.334377 0.0190102
716 0.784201 0.318426 0.0157752
717 0.784201 0.32881 0.0187401
718 0.784201 0.308222 0.01499
719 0.784201 0.309492 0.0150033
720 0.784201 0.326539 0.0181546
721 0.784201 0.329172 0.01834
722 0.784201 0.316221 0.0163605
723 0.784201 0.312951 0.0134479
724 0.784201 0.306314 0.0110275
725 0.784201 0.323924 0.0163886
726 0.784201 0.339435 0.0213391
727 0.790775 0.334394 0.0217549
728 0.790775 0.304867 0.0128337
729 0.790775 0.324176 0.0168166
730 0.790775 0.321575 0.0163698
731 0.790775 0.307419 0.0144981
732 0.790775 0.297682 0.0108335
733 0.790775 0.317391 0.017277
734 0.790775 0.319784 0.0160074
735 0.790775 0.329703 0.0171805
736 0.790775 0.320646 0.0178844
737 0.790775 0.321434 0.0173694
738 0.790775 0.320959 0.0151772
739 0.790775 0.311355 0.0147052
740 0.790775 0.322066 0.0181582
741 0.790775 0.31793 0.0166249
742 0.790775 0.307229 0.0134703
743 0.790775 0.307206 0.0126197
744 0.790775 0.309006 0.0143616
745 0.790775 0.307044 0.0118808
746 0.790775 0.289075 0.00976043
747 0.790775 0.297901 0.0101091
748 0.790775 0.309045 0.0136141
749 0.790775 0.307247 0.0150516
750 0.790775 0.315141 0.0153486
751 0.790775 0.324212 0.0182267
752 0.790775 0.328829 0.0193101
753 0.790775 0.324173 0.0157471
754 0.790775 0.334502 0.0170119
755 0.790775 0.33558 0.0191117
756 0.790775 0.318628 0.0168868
757 0.790775 0.312918 0.0144393
758 0.790775 0.327858 0.017294
759 0.790775 0.325888 0.0149255
760 0.790775 0.321718 0.0136174
761 0.790775 0.319577 0.0126516
762 0.790775 0.317791 0.0163191
763 0.790775 0.331758 0.0183432
764 0.790775 0.340726 0.0208109
765 0.790775 0.341823 0.0195877
766 0.790775 0.338222 0.0183963
767 0.790775 0.327482 0.0152493
768 0.790775 0.33822 0.0177815
769 0.790775 0.327436 0.0157756
770 0.790775 0.324251 0.015504
771 0.790775 0.334129 0.0195433
772 0.790775 0.325225 0.0167743
773 0.790775 0.327937 0.0189063
774 0.790775 0.324888 0.0179616
775 0.790775 0.323798 0.0145885
776 0.790775 0.338614 0.0169399
777 0.790775 0.329646 0.0152314
778 0.790775 0.32953 0.0170583
779 0.790775 0.340985 0.0178994
780 0.790775 0.344488 0.0192587
781 0.790775 0.341209 0.016128
782 0.790775 0.334007 0.0144259
783 0.790775 0.337347 0.0204436
784 0.790775 0.321612 0.0172307
785 0.790775 0.305557 0.0125977
786 0.790775 0.325946 0.0195107
787 0.790775 0.307942 0.0148129
788 0.790775 0.309201 0.0143944
789 0.790775 0.3432 0.0227281
790 0.790775 0.314931 0.0157704
791 0.790775 0.33865 0.0203889
792 0.790775 0.3249 0.0150902
793 0.790775 0.31625 0.0167056
794 0.790775 0.323791 0.01727
795 0.790775 0.304268 0.0141913
796 0.790775 0.320036 0.0173134
797 0.790775 0.329653 0.0200107
798 0.790775 0.333647 0.0199652
799 0.790775 0.322335 0.016427
800 0.790775 0.331343 0.0173071
801 0.790775 0.325288 0.0198801
802 0.790775 0.345296 0.023309
803 0.790775 0.325793 0.0169361
804 0.790775 0.317124 0.0152656
805 0.790775 0.335225 0.0193793
806 0.790775 0.335844 0.0163584
807 0.790775 0.342538 0.0203312
808 0.790775 0.332893 0.015827
809 0.790775 0.33416 0.0177706
810 0.790775 0.359283 0.023035
811 0.790775 0.371774 0.0246142
812 0.790775 0.344033 0.017668
813 0.790775 0.354458 0.0213761
814 0.790775 0.346903 0.0189865
815 0.790775 0.35599 0.0204176
816 0.790775 0.346701 0.0183096
817 0.790775 0.333595 0.016018
818 0.790775 0.350316 0.0185101
819 0.790775 0.339325 0.0174934
820 0.790775 0.331743 0.017673
821 0.790775 0.33027 0.0180092
822 0.790775 0.332919 0.0180563
823 0.790775 0.31571 0.0150289
824 0.790775 0.330481 0.0181914
825 0.790775 0.31801 0.0162238
826 0.790775 0.314098 0.0168156
827 0.790775 0.31257 0.0144673
828 0.790775 0.328636 0.0176667
829 0.790775 0.345952 0.0218141
830 0.790775 0.342103 0.0193303
831 0.790775 0.329649 0.016735
832 0.790775 0.339838 0.0178937
833 0.790775 0.318042 0.0152827
834 0.790775 0.329945 0.0179729
835 0.790775 0.334894 0.0201275
836 0.790775 0.31244 0.0152558
837 0.790775 0.325449 0.0175842
838 0.790775 0.323607 0.0166383
839 0.790775 0.318651 0.0174389
840 0.790775 0.31632 0.0153282
841 0.790775 0.307226 0.0130838
842 0.790775 0.304957 0.0128272
843 0.790775 0.318095 0.0143989
844 0.790775 0.316706 0.0145855
845 0.790775 0.327868 0.017658
846 0.790775 0.325814 0.0190803
847 0.790775 0.328419 0.0167384
848 0.790775 0.330129 0.016752
849 0.790775 0.326592 0.0187629
850 0.790775 0.329883 0.0189589
851 0.790775 0.332516 0.0187493
852 0.790775 0.329164 0.0152172
853 0.790775 0.31948 0.0148692
854 0.790775 0.328331 0.0161415
855 0.790775 0.337957 0.0170954
856 0.790775 0.32938 0.0177041
857 0.790775 0.321442 0.0150084
858 0.790775 0.305546 0.0111172
859 0.790775 0.31148 0.012651
860 0.790775 0.316388 0.0138495
861 0.790775 0.323118 0.0138739
862 0.790775 0.337232 0.0183681
863 0.790775 0.325195 0.0159493
864 0.790775 0.331795 0.0162823
865 0.790775 0.327784 0.0143395
866 0.790775 0.312339 0.0120688
867 0.790775 0.322246 0.0158765
868 0.790775 0.314555 0.0146865
869 0.790775 0.299398 0.0109916
870 0.790775 0.306422 0.0117352
871 0.790775 0.305066 0.0121038
872 0.790775 0.292233 0.00874393
873 0.790775 0.300105 0.0122665
874 0.790775 0.304632 0.0128902
875 0.790775 0.319392 0.0166573
876 0.790775 0.304437 0.0127419
877 0.790775 0.301345 0.0134319
878 0.790775 0.307675 0.0132047
879 0.790775 0.322036 0.0194458
880 0.790775 0.302631 0.0136769
881 0.790775 0.312843 0.0148647
882 0.790775 0.312716 0.0122743
883 0.790775 0.321467 0.0147073
884 0.790775 0.325773 0.0154637
885 0.790775 0.325585 0.0182
886 0.790775 0.296855 0.0116161
887 0.790775 0.308242 0.0148295
888 0.790775 0.314121 0.0150753
889 0.790775 0.321826 0.0178598
890 0.790775 0.317123 0.0143207
891 0.790775 0.308287 0.0138579
892 0.790775 0.319845 0.0158199
893 0.790775 0.342562 0.0188933
894 0.790775 0.323039 0.0142662
895 0.790775 0.331991 0.0169518
896 0.790775 0.330553 0.0166613
897 0.790775 0.316649 0.0138264
898 0.790775 0.332857 0.018993
899 0.790775 0.321201 0.0158593
900 0.790775 0.328826 0.0144425
901 0.790775 0.331319 0.0150271
902 0.790775 0.342573 0.0180905
903 0.790775 0.336295 0.0162176
904 0.790775 0.332119 0.017173
905 0.790775 0.342135 0.021765
906 0.790775 0.34393 0.0216847
907 0.790775 0.342871 0.0207751
908 0.790775 0.340524 0.0182011
909 0.790775 0.32866 0.0186567
910 0.790775 0.345428 0.0212812
911 0.790775 0.315894 0.01462
912 0.790775 0.319774 0.0159549
913 0.790775 0.331297 0.0153326
914 0.790775 0.331245 0.0182208
915 0.790775 0.323287 0.0148805
916 0.790775 0.343032 0.020167
917 0.790775 0.322732 0.0157071
918 0.790775 0.323657 0.0161921
919 0.790775 0.306318 0.0129228
920 0.790775 0.31818 0.0135499
921 0.790775 0.309754 0.0129682
922 0.790775 0.328977 0.015285
923 0.790775 0.324114 0.015743
924 0.790775 0.321629 0.0134136
925 0.790775 0.34092 0.0159701
926 0.790775 0.344444 0.0162849
927 0.790775 0.338887 0.0170935
928 0.790775 0.351426 0.0184936
929 0.790775 0.354015 0.0198191
930 0.790775 0.358095 0.0201095
931 0.790775 0.3372 0.0155912
932 0.790775 0.346156 0.0189095
933 0.790775 0.333704 0.0170524
934 0.790775 0.332421 0.0144615
935 0.790775 0.336465 0.0181053
936 0.790775 0.321283 0.0150298
937 0.790775 0.316842 0.0143878
938 0.790775 0.325072 0.0146567
939 0.790775 0.320079 0.0146281
940 0.790775 0.343795 0.0179307
941 0.790775 0.323383 0.0120361
942 0.790775 0.328747 0.0142575
943 0.790775 0.317631 0.0132736
944 0.790775 0.31711 0.0134104
945 0.790775 0.313105 0.0135046
946 0.790775 0.318356 0.0141106
947 0.790775 0.311162 0.0146494
948 0.790775 0.30219 0.0114243
949 0.790775 0.315643 0.0145046
950 0.790775 0.325847 0.0176506
951 0.790775 0.307007 0.0132112
952 0.790775 0.303764 0.0138856
953 0.790775 0.308271 0.0132826
954 0.790775 0.305403 0.0131992
955 0.790775 0.306845 0.0163186
956 0.790775 0.308235 0.0149197
957 0.790775 0.302979 0.013739
958 0.790775 0.307428 0.0163887
959 0.790775 0.309631 0.0143623
960 0.790775 0.313443 0.0160333
961 0.790775 0.31715 0.0178527
962 0.790775 0.306213 0.0149753
963 0.790775 0.303144 0.0158093
964 0.790775 0.282557 0.00991267
965 0.790775 0.290994 0.012305
966 0.790775 0.284124 0.00959869
967 0.790775 0.28077 0.00982296
968 0.790775 0.300445 0.0144966
969 0.790775 0.321544 0.0196619
970 0.790775 0.310091 0.0156109
971 0.790775 0.306161 0.0165614
972 0.790775 0.311205 0.0166605
973 0.790775 0.326086 0.0203365
974 0.790775 0.323048 0.0175416
975 0.790775 0.305272 0.0143139
976 0.790775 0.307484 0.0156469
977 0.790775 0.319915 0.0174741
978 0.790775 0.311962 0.0174315
979 0.790775 0.318168 0.0164058
980 0.790775 0.317342 0.0162932
981 0.790775 0.324907 0.0172205
982 0.790775 0.301233 0.0133711
983 0.790775 0.305632 0.0141515
984 0.790775 0.31022 0.0160254
985 0.790775 0.328151 0.0196794
986 0.790775 0.315467 0.014934
987 0.790775 0.33468 0.0229376
988 0.790775 0.31664 0.0174343
989 0.790775 0.306703 0.0145288
990 0.790775 0.320518 0.0198116
991 0.790775 0.290948 0.0119604
992 0.790775 0.294889 0.0131201
993 0.790775 0.303495 0.0136578
994 0.790775 0.31103 0.0150186
995 0.790775 0.318364 0.0174019
996 0.790775 0.319995 0.0157194
997 0.790775 0.301801 0.0142781
998 0.790775 0.297772 0.0131256
999 0.790775 0.295511 0.010481
1000 0.790775 0.302437 0.0142528
