0 0.277879 0.248379 0.000188718
1 0.510892 0.251387 0.00141602
2 0.510892 0.256349 0.00223495
3 0.510892 0.261351 0.00219024
4 0.510892 0.265858 0.00264737
5 0.510892 0.269838 0.00359627
6 0.510892 0.279746 0.00518355
7 0.510892 0.289323 0.00648798
8 0.579698 0.295143 0.00896105
9 0.579698 0.300759 0.0108113
10 0.592946 0.312778 0.0130752
11 0.592946 0.311589 0.0142714
12 0.593571 0.321157 0.0154763
13 0.767496 0.328744 0.0221823
14 0.767496 0.336173 0.021571
15 0.767496 0.330486 0.0200397
16 0.767496 0.339104 0.0255389
17 0.767496 0.368295 0.0287893
18 0.767496 0.361324 0.0321087
19 0.769136 0.363244 0.0334373
20 0.769136 0.367647 0.0377824
21 0.78673 0.371366 0.0370978
22 0.78673 0.383743 0.03962
23 0.78673 0.403521 0.0454862
24 0.804348 0.41689 0.0455771
25 0.804348 0.451613 0.0481322
26 0.80778 0.451462 0.0494798
27 0.80778 0.462702 0.0471196
28 0.80778 0.483309 0.047359
29 0.80778 0.500097 0.0480986
30 0.810175 0.49964 0.0498104
31 0.810175 0.516513 0.045264
32 0.810175 0.521951 0.0450915
33 0.810175 0.526548 0.0478816
34 0.810175 0.54719 0.0449904
35 0.810175 0.553478 0.0426268
36 0.810175 0.55048 0.0411938
37 0.810175 0.552522 0.0397817
38 0.813129 0.558517 0.0366516
39 0.813129 0.574504 0.0380776
40 0.813129 0.574222 0.0428427
41 0.813129 0.58302 0.0394174
42 0.818242 0.608734 0.032584
43 0.818242 0.615045 0.0323926
44 0.818242 0.60685 0.0389213
45 0.818242 0.612736 0.0320664
46 0.818242 0.593925 0.0326362
47 0.823861 0.620208 0.0313169
48 0.823861 0.623553 0.0352776
49 0.829644 0.630784 0.0293968
50 0.829954 0.657906 0.0253166
51 0.829954 0.688275 0.018582
52 0.829954 0.681198 0.018592
53 0.829954 0.67141 0.0180898
54 0.829954 0.672059 0.0181743
55 0.829954 0.687104 0.0152216
56 0.829954 0.696248 0.0141965
57 0.829954 0.697119 0.0121791
58 0.829954 0.678292 0.0158391
59 0.829954 0.667512 0.0196829
60 0.829954 0.666532 0.0197943
61 0.839432 0.662312 0.0173199
62 0.839432 0.68061 0.0176072
63 0.839432 0.671163 0.0205497
64 0.839432 0.691233 0.0180262
65 0.839432 0.694912 0.013294
66 0.839432 0.700864 0.0144764
67 0.839432 0.69447 0.0131734
68 0.839432 0.686216 0.0179506
69 0.839432 0.684633 0.0158884
70 0.839432 0.67741 0.0176779
71 0.839432 0.675294 0.0200796
72 0.839432 0.688267 0.0175833
73 0.839432 0.693459 0.0137174
74 0.839432 0.695284 0.0152548
75 0.839432 0.689903 0.0143428
76 0.839432 0.703222 0.0106401
77 0.839432 0.704169 0.0121917
78 0.839432 0.708782 0.0132636
79 0.839432 0.705986 0.0118968
80 0.839432 0.711808 0.00953014
81 0.839432 0.703978 0.0111228
82 0.839432 0.697729 0.0142473
83 0.839432 0.682737 0.0173991
84 0.839432 0.687091 0.0159823
85 0.839432 0.686063 0.0190375
86 0.839432 0.686997 0.0176913
87 0.839432 0.66803 0.0217925
88 0.839432 0.672189 0.020097
89 0.839432 0.696942 0.0154861
90 0.839432 0.703375 0.0156225
91 0.839432 0.703883 0.0144942
92 0.839432 0.68681 0.0184226
93 0.839432 0.687052 0.023039
94 0.840832 0.681054 0.0206901
95 0.840832 0.678611 0.0227508
96 0.840832 0.678709 0.0237354
97 0.840832 0.655099 0.0312687
98 0.840832 0.648534 0.0304748
99 0.840832 0.663785 0.0257222
100 0.840832 0.679587 0.0246716
101 0.840832 0.671902 0.028589
102 0.840832 0.680411 0.0221122
103 0.840832 0.693364 0.0184414
104 0.840832 0.689639 0.0192916
105 0.840832 0.701036 0.0170185
106 0.847231 0.710001 0.0147728
107 0.847231 0.697619 0.0128994
108 0.847231 0.700077 0.0126175
109 0.847231 0.687144 0.0160847
110 0.847231 0.69369 0.0181917
111 0.847231 0.7033 0.0174623
112 0.847231 0.686477 0.016692
113 0.847231 0.695735 0.0161804
114 0.847231 0.701645 0.0165521
115 0.847231 0.690413 0.0186232
116 0.847231 0.689473 0.0181029
117 0.847231 0.675395 0.0211496
118 0.847231 0.676524 0.0205158
119 0.847231 0.689138 0.0181786
120 0.847231 0.69605 0.0159391
121 0.847231 0.693863 0.0195504
122 0.851687 0.696106 0.0170598
123 0.851687 0.688688 0.0157562
124 0.854803 0.674428 0.0172745
125 0.855545 0.674049 0.018278
126 0.855545 0.672281 0.0175823
127 0.855545 0.684446 0.0164129
128 0.855545 0.68068 0.0171588
129 0.855545 0.669191 0.0223917
130 0.858892 0.651677 0.0274463
131 0.858892 0.668874 0.0281953
132 0.858892 0.673885 0.0278964
133 0.858892 0.687162 0.0215609
134 0.859566 0.682781 0.0243069
135 0.859566 0.681977 0.0211546
136 0.859566 0.683984 0.0178941
137 0.859566 0.685664 0.0170538
138 0.859566 0.674139 0.0223478
139 0.859566 0.680352 0.0203556
140 0.860054 0.682888 0.0183791
141 0.860054 0.667122 0.0235225
142 0.860054 0.674535 0.0206633
143 0.860054 0.674167 0.0238493
144 0.860054 0.662297 0.0240886
145 0.860054 0.681042 0.0203218
146 0.860054 0.674317 0.0217111
147 0.860054 0.684419 0.0198668
148 0.860054 0.677532 0.0171107
149 0.860054 0.683111 0.0155177
150 0.860054 0.686318 0.0161058
151 0.860054 0.684763 0.0209036
152 0.860054 0.680075 0.0225282
153 0.860054 0.674252 0.0239923
154 0.860054 0.704616 0.0206706
155 0.860054 0.716 0.0179072
156 0.860054 0.703681 0.0136657
157 0.860054 0.700398 0.0177165
158 0.860054 0.690103 0.0208186
159 0.860054 0.718651 0.0141678
160 0.860054 0.717089 0.0162204
161 0.860054 0.728243 0.0154706
162 0.860054 0.716629 0.0114154
163 0.860054 0.721382 0.0129958
164 0.860054 0.721475 0.0129408
165 0.860054 0.727876 0.0118014
166 0.860054 0.73117 0.0117752
167 0.860054 0.729643 0.0103752
168 0.860054 0.716908 0.0150829
169 0.860262 0.707553 0.0158543
170 0.860262 0.701236 0.0192149
171 0.860262 0.705617 0.0159697
172 0.860262 0.703122 0.0177147
173 0.860262 0.700176 0.0156591
174 0.860262 0.706004 0.0154178
175 0.860262 0.68605 0.0195805
176 0.860262 0.69391 0.0189956
177 0.860262 0.691285 0.0216113
178 0.861506 0.695804 0.020026
179 0.861506 0.689794 0.0209195
180 0.861506 0.686328 0.0239724
181 0.861506 0.674631 0.0270478
182 0.861506 0.682471 0.0219964
183 0.861506 0.690107 0.0178508
184 0.861506 0.688278 0.0201317
185 0.861506 0.700499 0.0186711
186 0.861506 0.699707 0.021452
187 0.861506 0.687061 0.0237015
188 0.861506 0.71205 0.0140317
189 0.861506 0.704403 0.0191611
190 0.861506 0.694568 0.0202093
191 0.861506 0.691801 0.0231648
192 0.861506 0.686944 0.0217882
193 0.861506 0.688811 0.0227938
194 0.861506 0.697576 0.0197116
195 0.861506 0.691265 0.0208533
196 0.861506 0.687315 0.021619
197 0.861506 0.676487 0.0247491
198 0.861506 0.666403 0.0281121
199 0.861506 0.667431 0.0292638
200 0.861506 0.692181 0.0255499
201 0.861506 0.695601 0.0221517
202 0.861506 0.69171 0.0207152
203 0.861506 0.688169 0.0203581
204 0.861506 0.684507 0.0233646
205 0.861506 0.699467 0.0191494
206 0.861506 0.681634 0.0245054
207 0.861506 0.689551 0.0220798
208 0.861506 0.69225 0.0226934
209 0.861506 0.698436 0.017031
210 0.861506 0.6973 0.0176671
211 0.861506 0.693188 0.0190128
212 0.861506 0.673315 0.0230817
213 0.861506 0.686199 0.0229761
214 0.861506 0.704429 0.0188054
215 0.861506 0.704652 0.0179332
216 0.861506 0.696423 0.0180148
217 0.861506 0.697257 0.01609
218 0.862042 0.687929 0.0171542
219 0.862042 0.699445 0.0144765
220 0.862042 0.696566 0.0131935
221 0.862042 0.703301 0.0153939
222 0.862042 0.69103 0.0208926
223 0.862042 0.673083 0.0231355
224 0.862042 0.693989 0.0207973
225 0.862042 0.705923 0.0169241
226 0.862042 0.704298 0.0175618
227 0.862042 0.714323 0.0178865
228 0.862042 0.708005 0.0149619
229 0.862042 0.707413 0.0190869
230 0.862042 0.72448 0.0142417
231 0.862042 0.704346 0.0173063
232 0.862042 0.707041 0.0157644
233 0.862042 0.70668 0.0147607
234 0.862042 0.715143 0.0148977
235 0.862042 0.720265 0.0160645
236 0.862042 0.727051 0.0141116
237 0.862042 0.722303 0.0146531
238 0.862042 0.713796 0.0157409
239 0.862042 0.729461 0.0114959
240 0.862042 0.716584 0.0135156
241 0.862042 0.711888 0.0144898
242 0.862042 0.717554 0.0109361
243 0.862042 0.729979 0.010544
244 0.862042 0.724286 0.00977587
245 0.862042 0.7008 0.0166528
246 0.862042 0.712494 0.0159144
247 0.862042 0.723141 0.0104303
248 0.862042 0.710099 0.0142357
249 0.862042 0.730933 0.0118922
250 0.862042 0.727789 0.0100244
251 0.862042 0.714724 0.0167574
252 0.862042 0.709933 0.0145785
253 0.862042 0.704168 0.0174359
254 0.862042 0.716372 0.0131481
255 0.862042 0.704686 0.0143601
256 0.862042 0.696627 0.0155922
257 0.862042 0.69026 0.0153394
258 0.862042 0.68651 0.0170306
259 0.862042 0.698612 0.015504
260 0.862042 0.702202 0.0174069
261 0.862042 0.708389 0.0175986
262 0.862042 0.711003 0.0164893
263 0.862042 0.712709 0.0161669
264 0.863357 0.690741 0.0205477
265 0.863357 0.714535 0.0138057
266 0.863357 0.701541 0.0164839
267 0.863357 0.683124 0.0239794
268 0.863357 0.674108 0.0272285
269 0.863357 0.698239 0.0234163
270 0.863357 0.709188 0.0197024
271 0.863357 0.709477 0.0173852
272 0.863357 0.696683 0.0224564
273 0.863357 0.697494 0.0214487
274 0.863357 0.703439 0.0191444
275 0.863357 0.71056 0.0197324
276 0.863357 0.704355 0.0205304
277 0.863357 0.712527 0.0162291
278 0.863357 0.709807 0.0151002
279 0.863357 0.706832 0.0174643
280 0.863357 0.698996 0.018517
281 0.863357 0.700569 0.0197453
282 0.863357 0.691351 0.0216769
283 0.863357 0.672382 0.0237481
284 0.863357 0.675139 0.0224459
285 0.863357 0.67651 0.0230114
286 0.863357 0.690652 0.0219507
287 0.863357 0.686771 0.0214259
288 0.863357 0.687688 0.0186571
289 0.863357 0.682732 0.0212737
290 0.863357 0.688856 0.0188153
291 0.863357 0.683591 0.0188063
292 0.863357 0.710761 0.0154295
293 0.863357 0.711962 0.0176592
294 0.863357 0.700138 0.0198538
295 0.863357 0.70649 0.0164638
296 0.863357 0.710649 0.014835
297 0.863357 0.710099 0.0156033
298 0.863357 0.719237 0.0112209
299 0.863357 0.721068 0.0105549
300 0.863357 0.717345 0.0136197
301 0.863357 0.704457 0.0163893
302 0.863357 0.696922 0.0175545
303 0.863357 0.697796 0.0171861
304 0.863357 0.702672 0.0153707
305 0.863357 0.688393 0.0165637
306 0.863357 0.716419 0.0127055
307 0.863357 0.706088 0.0142678
308 0.863357 0.707196 0.0147606
309 0.863357 0.721769 0.0147782
310 0.863357 0.708852 0.0182642
311 0.863357 0.712069 0.0139897
312 0.863357 0.705872 0.0134937
313 0.863357 0.699314 0.0155406
314 0.863357 0.70071 0.0156379
315 0.863357 0.690085 0.0188384
316 0.863357 0.703942 0.0149324
317 0.863357 0.702832 0.01708
318 0.863357 0.692719 0.0162579
319 0.863357 0.703829 0.0167308
320 0.863357 0.69918 0.0157873
321 0.863357 0.696492 0.0185249
322 0.863357 0.703323 0.0162709
323 0.863357 0.7206 0.0143421
324 0.863357 0.715622 0.0144241
325 0.863357 0.720277 0.0132832
326 0.863357 0.7228 0.0132085
327 0.863357 0.715129 0.0157265
328 0.863357 0.696097 0.0249309
329 0.863357 0.70779 0.0224978
330 0.863357 0.693029 0.0246571
331 0.863357 0.699941 0.0183448
332 0.863357 0.689649 0.01965
333 0.863357 0.702395 0.0194458
334 0.863357 0.715061 0.0186236
335 0.863357 0.705378 0.0186869
336 0.863357 0.697554 0.0188579
337 0.863357 0.699779 0.0197812
338 0.863357 0.707337 0.0232338
339 0.863357 0.707469 0.021085
340 0.863357 0.7053 0.0230738
341 0.863357 0.708998 0.0230087
342 0.870677 0.687821 0.0291555
343 0.870677 0.694752 0.0254796
344 0.870677 0.676807 0.0288558
345 0.870677 0.712496 0.0196019
346 0.870677 0.718423 0.0184135
347 0.870677 0.711059 0.0196373
348 0.870677 0.712572 0.0162497
349 0.870677 0.700314 0.0169791
350 0.870677 0.701535 0.0171576
351 0.870677 0.694356 0.0201267
352 0.870677 0.722115 0.0146516
353 0.870677 0.703991 0.0164904
354 0.870677 0.695285 0.0209178
355 0.870677 0.701168 0.0153397
356 0.870677 0.699738 0.0152957
357 0.870677 0.68242 0.0197338
358 0.870677 0.68988 0.0239775
359 0.870677 0.698789 0.0223595
360 0.870677 0.697322 0.0213456
361 0.870677 0.707237 0.0183538
362 0.870677 0.705693 0.0181889
363 0.870677 0.709016 0.0158938
364 0.870677 0.707464 0.0156562
365 0.870677 0.717796 0.0144885
366 0.870677 0.727664 0.0141136
367 0.870677 0.732485 0.0115594
368 0.870677 0.704741 0.017307
369 0.870677 0.695046 0.0162445
370 0.870677 0.697805 0.0156638
371 0.870677 0.690041 0.0190031
372 0.870677 0.688225 0.0244062
373 0.870677 0.711975 0.0160773
374 0.870677 0.714645 0.020613
375 0.870677 0.692879 0.0225564
376 0.870677 0.70888 0.0156848
377 0.870677 0.698817 0.0160259
378 0.870677 0.7097 0.0146711
379 0.870677 0.702809 0.0140403
380 0.870677 0.684661 0.015365
381 0.870677 0.687758 0.0170691
382 0.870677 0.709973 0.0151291
383 0.870677 0.706868 0.0180665
384 0.870677 0.717274 0.0166037
385 0.870677 0.706312 0.0168268
386 0.870677 0.723373 0.0153408
387 0.870677 0.71147 0.0169814
388 0.870677 0.709354 0.0184522
389 0.870677 0.708384 0.0160739
390 0.870677 0.717523 0.0174664
391 0.870677 0.732403 0.0141599
392 0.870677 0.731244 0.0136503
393 0.870677 0.746596 0.0111074
394 0.870677 0.719502 0.0182361
395 0.870677 0.722297 0.0169659
396 0.870677 0.69467 0.0190446
397 0.870677 0.695397 0.0180919
398 0.870677 0.693915 0.0187181
399 0.870677 0.707236 0.0157315
400 0.870677 0.715863 0.0154533
401 0.870677 0.712075 0.0158572
402 0.870677 0.724465 0.0108557
403 0.870677 0.708599 0.016619
404 0.870677 0.724603 0.0124852
405 0.870677 0.720595 0.0133128
406 0.870677 0.721012 0.015567
407 0.870677 0.71521 0.0151939
408 0.870677 0.710735 0.0149392
409 0.870677 0.709981 0.0165796
410 0.870677 0.717127 0.0151781
411 0.870677 0.716883 0.0130215
412 0.870677 0.689362 0.0172965
413 0.870677 0.680555 0.0214627
414 0.870677 0.695391 0.0203988
415 0.870677 0.703048 0.0209236
416 0.870677 0.70379 0.0203388
417 0.870677 0.709183 0.0233635
418 0.870677 0.708164 0.0236522
419 0.870677 0.717247 0.0212379
420 0.87147 0.713688 0.0232578
421 0.87147 0.720325 0.0165488
422 0.87147 0.723479 0.016464
423 0.87147 0.714773 0.0174565
424 0.87147 0.723016 0.0138137
425 0.87147 0.714774 0.015717
426 0.87147 0.724808 0.0162137
427 0.87147 0.721537 0.0188964
428 0.87147 0.714552 0.0193273
429 0.87147 0.71102 0.0186228
430 0.87147 0.717687 0.0145273
431 0.87147 0.703987 0.0160007
432 0.87147 0.699085 0.0170277
433 0.87147 0.702984 0.0162443
434 0.87147 0.689659 0.0197342
435 0.87147 0.688852 0.0205106
436 0.87147 0.69909 0.0209525
437 0.87147 0.717771 0.0194795
438 0.87147 0.729309 0.0188268
439 0.87147 0.724719 0.0204778
440 0.87147 0.732513 0.0194604
441 0.87147 0.739171 0.0153224
442 0.87147 0.720471 0.0146088
443 0.87147 0.704235 0.0187759
444 0.87147 0.696951 0.018934
445 0.87147 0.692453 0.019833
446 0.87147 0.700011 0.0173076
447 0.87147 0.688644 0.0220328
448 0.87147 0.684671 0.0219475
449 0.87147 0.689216 0.0202335
450 0.87147 0.700402 0.0189947
451 0.87147 0.712426 0.0146895
452 0.87147 0.707612 0.0171765
453 0.87147 0.709488 0.0181156
454 0.87147 0.706848 0.0193648
455 0.87147 0.703269 0.0207733
456 0.87147 0.68411 0.026238
457 0.87147 0.719852 0.0184666
458 0.87147 0.715995 0.0197367
459 0.87147 0.698535 0.0218817
460 0.87147 0.686985 0.0201095
461 0.87147 0.704613 0.0171963
462 0.87147 0.709049 0.0191594
463 0.87147 0.706085 0.0180752
464 0.877597 0.710569 0.0187756
465 0.877597 0.712779 0.0202341
466 0.877597 0.720576 0.0217303
467 0.877597 0.706466 0.0216581
468 0.877597 0.696532 0.0229137
469 0.877597 0.704037 0.0231795
470 0.877597 0.726024 0.0201844
471 0.881736 0.729365 0.0174011
472 0.881736 0.717056 0.018285
473 0.881736 0.71748 0.0184674
474 0.881736 0.71626 0.0190354
475 0.881736 0.70519 0.02249
476 0.881736 0.709582 0.0190967
477 0.881736 0.700063 0.0211097
478 0.881736 0.691718 0.0240485
479 0.881736 0.70406 0.0230032
480 0.885345 0.707101 0.0231551
481 0.885345 0.709163 0.0201938
482 0.887621 0.711137 0.0177933
483 0.887621 0.712198 0.0160992
484 0.887621 0.715637 0.0158786
485 0.887621 0.726712 0.0141013
486 0.887621 0.730645 0.0146153
487 0.887621 0.706063 0.0206324
488 0.887621 0.688836 0.0230568
489 0.887621 0.706456 0.0225395
490 0.887621 0.715608 0.0214604
491 0.887621 0.718578 0.0226699
492 0.888032 0.737364 0.0189291
493 0.888032 0.736167 0.0204292
494 0.888032 0.744081 0.0192984
495 0.888032 0.738338 0.0183685
496 0.888032 0.74064 0.0156638
497 0.888032 0.738233 0.0150177
498 0.888032 0.735184 0.0189792
499 0.888032 0.737541 0.0197284
500 0.888032 0.734785 0.0199079
501 0.888032 0.725348 0.0173689
502 0.888032 0.713058 0.0233797
503 0.888032 0.713828 0.0246635
504 0.89019 0.709724 0.0252973
505 0.89019 0.706465 0.0278409
506 0.89019 0.719749 0.0189977
507 0.89019 0.726173 0.0160117
508 0.89019 0.722812 0.0181832
509 0.89019 0.718076 0.0187862
510 0.892067 0.700479 0.0220626
511 0.892067 0.695271 0.0273284
512 0.892067 0.697661 0.0240453
513 0.892067 0.689234 0.022523
514 0.898834 0.689878 0.0228969
515 0.898834 0.697756 0.0189048
516 0.898834 0.720197 0.018612
517 0.898834 0.736482 0.0150856
518 0.898834 0.728608 0.0172214
519 0.898834 0.731039 0.0171861
520 0.898834 0.733504 0.0165038
521 0.898834 0.720847 0.0180389
522 0.898834 0.714239 0.0220408
523 0.898834 0.710803 0.0175101
524 0.898834 0.70932 0.0182634
525 0.898834 0.716585 0.0198616
526 0.898834 0.713741 0.017927
527 0.898834 0.709019 0.0201674
528 0.898834 0.715435 0.0235918
529 0.898834 0.728581 0.0236673
530 0.898834 0.728032 0.0192284
531 0.898834 0.71815 0.0211361
532 0.898834 0.722556 0.0175506
533 0.898834 0.726645 0.0170991
534 0.898834 0.72502 0.0184667
535 0.898834 0.724309 0.0228192
536 0.898834 0.713728 0.0245993
537 0.898834 0.715517 0.0212867
538 0.898834 0.707706 0.0246955
539 0.900237 0.71209 0.0258873
540 0.900237 0.695508 0.0308695
541 0.900237 0.71645 0.0256798
542 0.900237 0.709023 0.0273646
543 0.900237 0.712457 0.0247841
544 0.900237 0.729369 0.0202105
545 0.900237 0.736172 0.0197706
546 0.900237 0.732137 0.023984
547 0.900237 0.719659 0.0220398
548 0.900237 0.729749 0.0192484
549 0.900237 0.740434 0.0174265
550 0.900237 0.706073 0.0229465
551 0.900237 0.712838 0.021053
552 0.900237 0.72407 0.02146
553 0.900237 0.723221 0.0211108
554 0.900237 0.722539 0.0208023
555 0.900237 0.724364 0.0232796
556 0.902222 0.73813 0.0184832
557 0.902222 0.730859 0.0212113
558 0.902222 0.720419 0.0210243
559 0.902222 0.720476 0.0247924
560 0.902222 0.704303 0.0267214
561 0.902222 0.713578 0.0262776
562 0.902222 0.727984 0.0229702
563 0.902222 0.715286 0.0224
564 0.902222 0.706718 0.0257387
565 0.902222 0.709523 0.0259231
566 0.902222 0.726778 0.0200977
567 0.902222 0.727128 0.0187071
568 0.902222 0.738407 0.0180946
569 0.903338 0.735937 0.0154039
570 0.903338 0.745476 0.0150966
571 0.903338 0.727746 0.0193821
572 0.903338 0.727627 0.0197365
573 0.903338 0.731591 0.0186375
574 0.903338 0.725177 0.0194085
575 0.903338 0.72388 0.0238369
576 0.905926 0.725106 0.0173475
577 0.905926 0.733518 0.0176201
578 0.905926 0.733211 0.0192504
579 0.905926 0.73352 0.0189693
580 0.905926 0.70424 0.0250235
581 0.905926 0.701464 0.025593
582 0.905926 0.706412 0.0241452
583 0.905926 0.71168 0.0267665
584 0.905926 0.709796 0.026674
585 0.905926 0.726782 0.023865
586 0.905926 0.750461 0.016554
587 0.905926 0.742581 0.0186778
588 0.905926 0.76076 0.0148629
589 0.905926 0.75676 0.0163869
590 0.905926 0.771533 0.0148328
591 0.905926 0.771863 0.0149108
592 0.905926 0.762605 0.012933
593 0.905926 0.761899 0.0153088
594 0.905926 0.754814 0.0144117
595 0.905926 0.750394 0.016133
596 0.905926 0.743484 0.0187532
597 0.905926 0.736056 0.0171227
598 0.905926 0.736615 0.0186599
599 0.905926 0.744244 0.019111
600 0.905926 0.745387 0.0173579
601 0.905926 0.767156 0.0145191
602 0.905926 0.762215 0.0145788
603 0.905926 0.747954 0.017633
604 0.905926 0.756899 0.0147113
605 0.905926 0.759773 0.0150555
606 0.905926 0.758261 0.014754
607 0.905926 0.734246 0.0187212
608 0.905926 0.730014 0.0183804
609 0.905926 0.735976 0.0171016
610 0.905926 0.72192 0.0201572
611 0.905926 0.729683 0.0193804
612 0.905926 0.735233 0.0176613
613 0.905926 0.751298 0.0142841
614 0.905926 0.73367 0.0148307
615 0.905926 0.711413 0.0208885
616 0.905926 0.698277 0.026567
617 0.905926 0.712344 0.0255437
618 0.905926 0.729245 0.0220843
619 0.905926 0.735465 0.016295
620 0.906532 0.738052 0.0182469
621 0.906532 0.727148 0.021476
622 0.906532 0.698834 0.0234038
623 0.906532 0.711257 0.0238797
624 0.906532 0.701578 0.0256335
625 0.906532 0.717307 0.0234734
626 0.907104 0.723329 0.0264771
627 0.907104 0.720744 0.0270386
628 0.907104 0.719952 0.0306934
629 0.907104 0.72766 0.0230837
630 0.907104 0.718341 0.0250332
631 0.907104 0.720357 0.0301571
632 0.907104 0.706142 0.0273799
633 0.907104 0.722625 0.0175048
634 0.907104 0.712581 0.0200316
635 0.907104 0.73427 0.0145214
636 0.907104 0.709936 0.0202798
637 0.907634 0.726334 0.022222
638 0.907634 0.710938 0.0276646
639 0.907634 0.718988 0.0278983
640 0.907634 0.706478 0.0325086
641 0.907634 0.714717 0.0354267
642 0.907634 0.709333 0.0338513
643 0.907634 0.717201 0.0315468
644 0.907634 0.722577 0.0288145
645 0.907634 0.695036 0.0319855
646 0.907634 0.702501 0.031163
647 0.907634 0.701527 0.0321031
648 0.907634 0.701868 0.0285716
649 0.907634 0.701617 0.030169
650 0.907634 0.706427 0.0285825
651 0.907634 0.702129 0.0329631
652 0.907634 0.708365 0.0308911
653 0.907634 0.715613 0.0284734
654 0.907634 0.698831 0.0331817
655 0.907634 0.671473 0.0390506
656 0.907634 0.694493 0.0321069
657 0.907634 0.697254 0.033601
658 0.907634 0.707857 0.0287335
659 0.907634 0.725036 0.0266838
660 0.907634 0.71946 0.0231633
661 0.907634 0.708398 0.026084
662 0.907634 0.73497 0.0235436
663 0.907634 0.718841 0.0221117
664 0.907634 0.721682 0.0205383
665 0.907634 0.71229 0.0236092
666 0.907634 0.726506 0.0247754
667 0.907634 0.729605 0.0214225
668 0.907634 0.719949 0.02126
669 0.907634 0.7438 0.0186908
670 0.907634 0.716536 0.0251051
671 0.907634 0.709349 0.0236138
672 0.907634 0.715302 0.0234653
673 0.907634 0.70062 0.029399
674 0.907634 0.72003 0.020783
675 0.907634 0.696299 0.0271794
676 0.907634 0.704414 0.0251221
677 0.907634 0.716538 0.0236205
678 0.907634 0.72277 0.0196615
679 0.907634 0.722824 0.0158202
680 0.907634 0.730364 0.0176214
681 0.907634 0.72485 0.0189791
682 0.907634 0.726028 0.02172
683 0.907634 0.724497 0.0219167
684 0.907634 0.726018 0.0230949
685 0.907634 0.730207 0.0237407
686 0.907634 0.731998 0.0241625
687 0.907634 0.75163 0.0175988
688 0.907634 0.750059 0.0169649
689 0.907634 0.755621 0.0155695
690 0.908565 0.748449 0.0183375
691 0.908565 0.734412 0.0217189
692 0.908565 0.739825 0.018407
693 0.908565 0.744101 0.0181215
694 0.908565 0.733588 0.0195069
695 0.908565 0.736829 0.0177367
696 0.908565 0.740859 0.0211478
697 0.908565 0.741356 0.0179492
698 0.908565 0.730002 0.0178401
699 0.908565 0.741532 0.020014
700 0.908565 0.756046 0.0166993
701 0.908565 0.740236 0.0173956
702 0.908565 0.745125 0.0153552
703 0.908565 0.739722 0.0135148
704 0.908565 0.747246 0.0131208
705 0.908565 0.74537 0.0168523
706 0.908565 0.754674 0.0191828
707 0.908565 0.750497 0.0185891
708 0.908565 0.753872 0.0189811
709 0.908565 0.745199 0.0169133
710 0.908565 0.744316 0.0172257
711 0.908565 0.739538 0.0171134
712 0.908565 0.735085 0.0210624
713 0.908565 0.721122 0.023958
714 0.908565 0.744661 0.0206485
715 0.908565 0.753403 0.0148315
716 0.908565 0.735203 0.0204551
717 0.908565 0.734633 0.0210183
718 0.908565 0.74348 0.0211702
719 0.908565 0.75815 0.0192515
720 0.908565 0.739884 0.0205818
721 0.908565 0.743069 0.0182
722 0.908565 0.740619 0.0190103
723 0.908565 0.7323 0.021718
724 0.908565 0.73633 0.0239252
725 0.908565 0.751928 0.0210482
726 0.908565 0.743354 0.0215879
727 0.908565 0.754548 0.0180916
728 0.908565 0.748269 0.0200938
729 0.908565 0.736518 0.0227534
730 0.908565 0.743709 0.0236237
731 0.908565 0.741134 0.0208805
732 0.908565 0.742882 0.022216
733 0.908565 0.738633 0.0236956
734 0.908565 0.721526 0.0236159
735 0.908565 0.727376 0.0224911
736 0.908565 0.733243 0.0211925
737 0.908565 0.71999 0.0235236
738 0.908565 0.724579 0.0218056
739 0.908565 0.734565 0.0191381
740 0.908565 0.731554 0.0181131
741 0.908565 0.74032 0.0180488
742 0.908565 0.750123 0.0168973
743 0.908565 0.758389 0.0129075
744 0.908565 0.747468 0.0126403
745 0.908565 0.74503 0.0121536
746 0.908565 0.752009 0.0134805
747 0.908565 0.751682 0.0141322
748 0.908565 0.748893 0.0168054
749 0.908565 0.7552 0.0168746
750 0.908565 0.75044 0.0183625
751 0.908565 0.755561 0.0158882
752 0.908565 0.745324 0.0207672
753 0.908565 0.744865 0.0186369
754 0.908565 0.726873 0.0231385
755 0.908565 0.724512 0.022952
756 0.908565 0.73773 0.0193577
757 0.908565 0.710189 0.0245874
758 0.908565 0.692152 0.0326073
759 0.908565 0.722051 0.0242324
760 0.908565 0.729216 0.025481
761 0.908565 0.729438 0.0229955
762 0.908565 0.722598 0.0275324
763 0.908565 0.704883 0.02867
764 0.908565 0.721897 0.020494
765 0.908565 0.710548 0.0220165
766 0.908565 0.710259 0.0222442
767 0.908565 0.713752 0.0238241
768 0.908565 0.708591 0.0223886
769 0.908565 0.707554 0.0237253
770 0.908565 0.733277 0.0190609
771 0.908565 0.732676 0.0200468
772 0.908565 0.718924 0.0226326
773 0.908565 0.717247 0.0238556
774 0.908565 0.727912 0.0231106
775 0.908565 0.744383 0.0173196
776 0.908565 0.74517 0.0176526
777 0.908565 0.734438 0.0160624
778 0.908565 0.739335 0.0176039
779 0.908565 0.725688 0.0229902
780 0.908565 0.710493 0.0285642
781 0.908565 0.717283 0.0249079
782 0.908565 0.730566 0.022002
783 0.908565 0.726426 0.0215537
784 0.908565 0.731435 0.0196755
785 0.908565 0.741805 0.0176258
786 0.908565 0.753196 0.0166092
787 0.908565 0.744541 0.0166423
788 0.908565 0.733834 0.017536
789 0.908565 0.726376 0.0201892
790 0.908565 0.725856 0.020072
791 0.908565 0.714716 0.0244834
792 0.908565 0.707048 0.0273642
793 0.908565 0.729452 0.0251361
794 0.908565 0.720967 0.0252425
795 0.908565 0.718397 0.0251706
796 0.908565 0.709133 0.0275735
797 0.908565 0.708569 0.0250544
798 0.908565 0.731608 0.024224
799 0.908565 0.750883 0.0173468
800 0.908565 0.743549 0.0166023
801 0.908565 0.745653 0.0195109
802 0.908565 0.755919 0.013413
803 0.908565 0.751668 0.0124641
804 0.908565 0.754126 0.011133
805 0.908565 0.74748 0.0114481
806 0.908565 0.744558 0.0159911
807 0.908565 0.747939 0.0133889
808 0.908565 0.751799 0.0158175
809 0.908565 0.757317 0.0134124
810 0.908565 0.754476 0.0143148
811 0.910387 0.739726 0.0161037
812 0.910387 0.735745 0.0181583
813 0.910387 0.711284 0.0192883
814 0.910387 0.731386 0.0184616
815 0.910387 0.725717 0.020879
816 0.910387 0.736528 0.0181536
817 0.910387 0.748315 0.0198576
818 0.910387 0.749439 0.0166689
819 0.910387 0.719815 0.0214034
820 0.910387 0.753587 0.0149264
821 0.910387 0.744232 0.0198636
822 0.910387 0.75839 0.0173898
823 0.910387 0.74111 0.0200446
824 0.910387 0.7415 0.0195772
825 0.910387 0.727126 0.0217709
826 0.910387 0.708373 0.025513
827 0.910387 0.696213 0.0286289
828 0.910387 0.718812 0.0228088
829 0.910387 0.731983 0.018905
830 0.910387 0.721264 0.0217122
831 0.910387 0.718785 0.0207147
832 0.910387 0.720985 0.0196204
833 0.910387 0.732918 0.0171599
834 0.910387 0.744524 0.0146115
835 0.910387 0.743102 0.0168344
836 0.910387 0.745977 0.0180912
837 0.910387 0.741891 0.0197622
838 0.910387 0.739333 0.0193746
839 0.910387 0.747194 0.0173164
840 0.910387 0.747994 0.0156536
841 0.910387 0.748449 0.0153789
842 0.910387 0.739752 0.0190019
843 0.910387 0.73652 0.0208965
844 0.910387 0.727333 0.0249261
845 0.910387 0.732393 0.0197815
846 0.910387 0.731331 0.021509
847 0.910387 0.727626 0.0236195
848 0.910387 0.737289 0.0236603
849 0.910387 0.730744 0.0246644
850 0.910387 0.731001 0.0219988
851 0.910387 0.736512 0.0224893
852 0.910387 0.727304 0.0219118
853 0.910387 0.725704 0.0215889
854 0.910387 0.72749 0.0194031
855 0.910387 0.727849 0.0196964
856 0.910387 0.734524 0.0235203
857 0.910387 0.708354 0.0259371
858 0.910387 0.717696 0.0265005
859 0.910387 0.707436 0.0318494
860 0.910387 0.712263 0.0277791
861 0.910387 0.711006 0.0289444
862 0.910387 0.726089 0.0252947
863 0.910387 0.7117 0.0287098
864 0.910387 0.719 0.0269408
865 0.910387 0.71563 0.0301746
866 0.910387 0.723858 0.0253554
867 0.910387 0.725392 0.0251801
868 0.910387 0.706831 0.0263714
869 0.910387 0.708122 0.0237027
870 0.910387 0.704992 0.0235324
871 0.910387 0.721464 0.0229467
872 0.910387 0.705597 0.0220328
873 0.910387 0.6995 0.0263339
874 0.910387 0.705054 0.0249348
875 0.910387 0.710937 0.0231648
876 0.910387 0.701923 0.0214718
877 0.910565 0.712112 0.0225719
878 0.911294 0.727298 0.0180455
879 0.911294 0.73599 0.0156986
880 0.911294 0.740988 0.0162941
881 0.911294 0.756235 0.0136424
882 0.911294 0.742291 0.0156213
883 0.911294 0.746486 0.0134039
884 0.911294 0.747914 0.0121888
885 0.911294 0.732846 0.0163604
886 0.911294 0.725422 0.0197534
887 0.911294 0.730364 0.0168155
888 0.911294 0.73662 0.0177895
889 0.911294 0.745134 0.0161491
890 0.911294 0.753838 0.0165469
891 0.911294 0.740177 0.0209988
892 0.911294 0.757972 0.0167358
893 0.911294 0.748244 0.020094
894 0.911294 0.758876 0.0188986
895 0.911294 0.744917 0.0225363
896 0.911294 0.721787 0.0238157
897 0.911294 0.729294 0.0280298
898 0.911294 0.707474 0.0339915
899 0.911294 0.71661 0.0342078
900 0.911294 0.721896 0.0290911
901 0.911294 0.707532 0.0250856
902 0.911294 0.683323 0.0274571
903 0.911294 0.704307 0.0240254
904 0.911294 0.728638 0.0167851
905 0.911294 0.746777 0.0156271
906 0.911294 0.755768 0.0141513
907 0.911294 0.752535 0.0158181
908 0.911294 0.749035 0.0168843
909 0.911294 0.744505 0.0179243
910 0.911294 0.755724 0.013533
911 0.911294 0.751849 0.0173601
912 0.911294 0.740403 0.0183318
913 0.911294 0.734789 0.0209386
914 0.911294 0.740803 0.0182636
915 0.911294 0.753716 0.0136942
916 0.911294 0.736479 0.0187761
917 0.911294 0.749906 0.0204261
918 0.911294 0.729474 0.0228749
919 0.911294 0.726663 0.019933
920 0.911294 0.734386 0.0183263
921 0.911294 0.720008 0.0214011
922 0.911294 0.716699 0.0250714
923 0.911294 0.714695 0.0270855
924 0.911294 0.729265 0.0203882
925 0.911294 0.732141 0.0187669
926 0.911294 0.736327 0.0169814
927 0.911294 0.749634 0.0176357
928 0.911294 0.760319 0.0152877
929 0.911294 0.752495 0.0155775
930 0.911294 0.743974 0.0203121
931 0.911294 0.745348 0.0189044
932 0.911294 0.737818 0.024704
933 0.911294 0.732813 0.023475
934 0.91261 0.719252 0.0286195
935 0.91261 0.70271 0.0254041
936 0.91261 0.702941 0.0270109
937 0.91261 0.717523 0.0287448
938 0.91261 0.729534 0.0241301
939 0.91261 0.724689 0.0211967
940 0.91261 0.703843 0.0247834
941 0.91261 0.721463 0.0212554
942 0.91261 0.739185 0.0209599
943 0.91261 0.735322 0.0169323
944 0.91261 0.728906 0.0162045
945 0.91261 0.725698 0.0184235
946 0.91261 0.718972 0.0225001
947 0.91261 0.742214 0.0216393
948 0.91261 0.732928 0.021499
949 0.91261 0.736719 0.0189536
950 0.91261 0.741043 0.0172246
951 0.91261 0.759522 0.01432
952 0.91261 0.748339 0.0151306
953 0.91261 0.738522 0.0202744
954 0.91261 0.730985 0.0226526
955 0.91261 0.738913 0.021732
956 0.91261 0.715668 0.02622
957 0.91261 0.711152 0.0238925
958 0.91261 0.708119 0.0240353
959 0.91261 0.689409 0.0287183
960 0.91261 0.709706 0.0271186
961 0.91261 0.723598 0.0234301
962 0.91261 0.709948 0.0240924
963 0.91261 0.697411 0.0263891
964 0.91261 0.7213 0.0207158
965 0.91261 0.715798 0.0223409
966 0.91261 0.711768 0.0247908
967 0.91261 0.72752 0.0259728
968 0.91261 0.723705 0.0296487
969 0.91261 0.731734 0.0289331
970 0.91261 0.742294 0.0231039
971 0.91261 0.744698 0.0243911
972 0.91261 0.728933 0.0289957
973 0.91261 0.733531 0.02922
974 0.91261 0.756232 0.0204126
975 0.91261 0.72902 0.0274824
976 0.91261 0.694267 0.0335948
977 0.91261 0.696119 0.0303639
978 0.913065 0.696346 0.0272961
979 0.913065 0.689103 0.0291258
980 0.913065 0.691534 0.0347577
981 0.913065 0.703393 0.0306578
982 0.913065 0.704753 0.0311777
983 0.913065 0.724217 0.0243474
984 0.913065 0.73117 0.0224776
985 0.913065 0.717557 0.0244005
986 0.913065 0.720471 0.025538
987 0.913065 0.724183 0.0280265
988 0.913065 0.723808 0.0273526
989 0.913571 0.725825 0.0232075
990 0.913571 0.725507 0.0239382
991 0.913571 0.734865 0.0193247
992 0.913571 0.736553 0.0167124
993 0.913571 0.72478 0.02304
994 0.913571 0.743265 0.0198753
995 0.913571 0.749097 0.0169315
996 0.913571 0.732021 0.0221599
997 0.913571 0.750658 0.0171632
998 0.913571 0.755514 0.0133903
999 0.913571 0.759205 0.0135758
1000 0.913571 0.74904 0.0197308
