0 0.573386 0.500313 0.000243242
1 0.577502 0.505168 0.000319456
2 0.577502 0.504676 0.000475049
3 0.627648 0.508621 0.000763353
4 0.661123 0.50812 0.00208373
5 0.661123 0.510963 0.00114451
6 0.674284 0.517317 0.00143287
7 0.674284 0.514897 0.00161541
8 0.696779 0.520249 0.00230344
9 0.696779 0.514231 0.00252266
10 0.75174 0.521323 0.00390682
11 0.75174 0.524661 0.00396206
12 0.764244 0.533106 0.00538867
13 0.764589 0.536756 0.00586643
14 0.764589 0.535512 0.00804748
15 0.765245 0.535868 0.010848
16 0.765245 0.541289 0.00846288
17 0.773941 0.554242 0.0106649
18 0.773941 0.548185 0.00937812
19 0.773941 0.538164 0.00839039
20 0.773941 0.54899 0.00997405
21 0.779993 0.555543 0.0121271
22 0.779993 0.546464 0.0117306
23 0.780424 0.551537 0.0123352
24 0.780424 0.56153 0.0112969
25 0.780424 0.559517 0.0109462
26 0.786887 0.556071 0.0105924
27 0.786887 0.564467 0.0108027
28 0.786887 0.560102 0.0102089
29 0.803123 0.560347 0.0128159
30 0.81893 0.571984 0.0131158
31 0.81893 0.565106 0.0118551
32 0.819253 0.579687 0.0129872
33 0.819253 0.570527 0.0129518
34 0.819253 0.577152 0.0145145
35 0.821473 0.574577 0.0139253
36 0.821473 0.593138 0.015086
37 0.822156 0.603409 0.0152344
38 0.822156 0.606784 0.0154514
39 0.828769 0.617086 0.018305
40 0.828769 0.619391 0.0182678
41 0.828769 0.627401 0.0145193
42 0.828769 0.643681 0.0155569
43 0.828769 0.646247 0.015378
44 0.828769 0.671403 0.0144854
45 0.828769 0.658415 0.017083
46 0.828769 0.670397 0.0163875
47 0.828769 0.652315 0.0178323
48 0.828769 0.670213 0.0143093
49 0.828769 0.667048 0.0131679
50 0.828769 0.665266 0.0125239
51 0.828769 0.665292 0.0127989
52 0.828769 0.665429 0.0136824
53 0.828769 0.683527 0.0132365
54 0.828769 0.69269 0.011955
55 0.828769 0.69234 0.0111847
56 0.828769 0.701038 0.0127121
57 0.831802 0.72109 0.0123169
58 0.831802 0.717861 0.0104128
59 0.831802 0.728758 0.00714431
60 0.831802 0.707588 0.0129109
61 0.831802 0.700643 0.0129823
62 0.831802 0.691194 0.0135553
63 0.835967 0.679508 0.0134332
64 0.835967 0.686403 0.0111662
65 0.84299 0.684795 0.0134112
66 0.84299 0.679273 0.0162164
67 0.84299 0.677073 0.015389
68 0.84299 0.674691 0.0128791
69 0.84299 0.64383 0.0155441
70 0.84299 0.650741 0.0176595
71 0.84299 0.662641 0.0152656
72 0.844481 0.681417 0.0130215
73 0.844481 0.673575 0.0140939
74 0.844481 0.660933 0.0186115
75 0.844481 0.65318 0.0171689
76 0.844481 0.653111 0.0150799
77 0.844481 0.662006 0.0138627
78 0.844481 0.667846 0.0147201
79 0.844481 0.668967 0.0146612
80 0.844481 0.669067 0.0157757
81 0.844481 0.649501 0.0143884
82 0.844481 0.670321 0.0141503
83 0.844749 0.663476 0.0146205
84 0.844749 0.65588 0.0159101
85 0.844749 0.681868 0.0136855
86 0.844749 0.678202 0.0157739
87 0.844749 0.68705 0.0156842
88 0.844749 0.670406 0.018359
89 0.844749 0.649786 0.019201
90 0.844749 0.679901 0.0167349
91 0.845136 0.696542 0.0134887
92 0.845136 0.692484 0.0134121
93 0.845136 0.678377 0.0188104
94 0.845136 0.665135 0.0200187
95 0.845136 0.687373 0.0143269
96 0.845255 0.682216 0.0173882
97 0.845255 0.6677 0.0165564
98 0.845255 0.674586 0.0164413
99 0.845255 0.683036 0.01767
100 0.846193 0.693005 0.017046
101 0.846193 0.672198 0.0199995
102 0.846193 0.659604 0.0196649
103 0.846193 0.69386 0.0170583
104 0.846193 0.69414 0.0150341
105 0.846193 0.669091 0.017981
106 0.846193 0.690747 0.0135759
107 0.846193 0.688469 0.0155484
108 0.846193 0.66825 0.0172714
109 0.846193 0.685369 0.0174724
110 0.846193 0.696479 0.013341
111 0.846193 0.689325 0.0171079
112 0.846193 0.676761 0.0183382
113 0.846193 0.66879 0.0191233
114 0.846193 0.680127 0.0122827
115 0.846193 0.704184 0.0104086
116 0.846193 0.694321 0.0136739
117 0.846193 0.690407 0.0160421
118 0.846193 0.690218 0.0150731
119 0.846193 0.696631 0.0126103
120 0.846193 0.705248 0.0136294
121 0.846193 0.697742 0.0153805
122 0.846193 0.697683 0.0151023
123 0.846193 0.692485 0.017655
124 0.846193 0.6846 0.0184647
125 0.846193 0.668224 0.0216534
126 0.846193 0.665809 0.0228424
127 0.846193 0.675406 0.0183276
128 0.846193 0.689979 0.0185964
129 0.846193 0.707247 0.0164436
130 0.846193 0.717411 0.0146579
131 0.846193 0.72458 0.0119798
132 0.846193 0.708381 0.0176259
133 0.846193 0.710974 0.0153971
134 0.846193 0.705049 0.0175597
135 0.846802 0.716451 0.0143545
136 0.846802 0.704912 0.0168324
137 0.846802 0.686571 0.0179745
138 0.846802 0.707882 0.0137171
139 0.846802 0.690158 0.0156528
140 0.846802 0.684915 0.0166464
141 0.846802 0.678569 0.0137966
142 0.846802 0.672934 0.017963
143 0.846802 0.671679 0.0171322
144 0.846802 0.684186 0.0193203
145 0.846802 0.67711 0.0183494
146 0.846802 0.674716 0.0221191
147 0.846802 0.673137 0.0227572
148 0.846802 0.669119 0.0205876
149 0.846802 0.677937 0.0220851
150 0.846802 0.659014 0.0229088
151 0.846802 0.673943 0.0198483
152 0.846802 0.684348 0.0176779
153 0.846802 0.695741 0.0159104
154 0.846802 0.707872 0.0128108
155 0.846802 0.697015 0.0180682
156 0.846802 0.72066 0.0118913
157 0.846802 0.711381 0.012752
158 0.846802 0.696426 0.0146549
159 0.846802 0.705038 0.0150368
160 0.846802 0.702757 0.0155844
161 0.846802 0.694884 0.0172514
162 0.846802 0.69906 0.0123541
163 0.846802 0.691271 0.0156617
164 0.846802 0.698285 0.0154947
165 0.846802 0.689356 0.0146354
166 0.846802 0.666154 0.0185637
167 0.846802 0.69422 0.0161103
168 0.846802 0.690568 0.015991
169 0.846802 0.683482 0.0154532
170 0.846802 0.668165 0.0170472
171 0.846802 0.664296 0.0173782
172 0.846802 0.648062 0.0167779
173 0.846802 0.662883 0.018794
174 0.846802 0.664223 0.0207309
175 0.846802 0.67192 0.0214928
176 0.846802 0.679769 0.0170803
177 0.846802 0.673131 0.0211438
178 0.846802 0.678248 0.0195848
179 0.846802 0.68811 0.0176896
180 0.846802 0.691465 0.0147169
181 0.846802 0.681053 0.015755
182 0.846832 0.697216 0.0137366
183 0.846832 0.710908 0.0136087
184 0.846832 0.696123 0.016819
185 0.846832 0.702654 0.016456
186 0.846832 0.685207 0.0166273
187 0.846899 0.697188 0.017371
188 0.846899 0.711235 0.0133668
189 0.847466 0.69987 0.0152507
190 0.847466 0.70369 0.0141642
191 0.847466 0.701389 0.0146609
192 0.847466 0.692898 0.0170005
193 0.847466 0.710055 0.0153093
194 0.847466 0.713637 0.016891
195 0.847466 0.709029 0.0164466
196 0.847466 0.722767 0.0124904
197 0.847466 0.719473 0.0142781
198 0.847466 0.725292 0.0103721
199 0.847466 0.717538 0.0156909
200 0.847466 0.709776 0.0197159
201 0.847466 0.719198 0.0145052
202 0.847466 0.711805 0.0151361
203 0.847466 0.704627 0.0169426
204 0.847466 0.70718 0.0134742
205 0.847466 0.701012 0.0165556
206 0.853226 0.72 0.0149648
207 0.853226 0.694907 0.0172069
208 0.853226 0.701385 0.0177929
209 0.853226 0.72412 0.0127372
210 0.853226 0.686673 0.0194517
211 0.853226 0.689986 0.0208026
212 0.853226 0.698885 0.0149475
213 0.853226 0.692371 0.0161013
214 0.853226 0.684126 0.016549
215 0.853226 0.690464 0.017388
216 0.853226 0.678085 0.017018
217 0.853226 0.669766 0.0217646
218 0.853226 0.680228 0.018321
219 0.853226 0.689638 0.018078
220 0.853226 0.69272 0.0187149
221 0.853226 0.6848 0.0197776
222 0.853226 0.683641 0.0181606
223 0.853226 0.693885 0.0154548
224 0.853226 0.682594 0.0181331
225 0.853226 0.668175 0.0190134
226 0.853226 0.679351 0.0189822
227 0.853226 0.671247 0.019177
228 0.853226 0.6892 0.0162618
229 0.853226 0.68896 0.0151683
230 0.853226 0.695123 0.0161801
231 0.853226 0.680778 0.017196
232 0.853226 0.706399 0.0157449
233 0.853226 0.705446 0.0155759
234 0.853226 0.692226 0.018331
235 0.853226 0.699118 0.0151073
236 0.853226 0.681049 0.0168018
237 0.853226 0.659983 0.0198587
238 0.853226 0.675197 0.0186281
239 0.853226 0.689412 0.0177941
240 0.853226 0.68784 0.0179365
241 0.853226 0.693752 0.0190446
242 0.853226 0.685147 0.0183665
243 0.853226 0.690573 0.0145612
244 0.853226 0.665276 0.0225766
245 0.853226 0.679369 0.0197285
246 0.853226 0.675608 0.0186616
247 0.853226 0.662263 0.0229817
248 0.853226 0.66761 0.0239002
249 0.853226 0.673716 0.0207256
250 0.853226 0.66024 0.0239095
251 0.853226 0.683206 0.0166715
252 0.853226 0.696652 0.017259
253 0.853226 0.681059 0.0180712
254 0.853226 0.69466 0.018253
255 0.853226 0.689389 0.0167897
256 0.853226 0.680501 0.0175566
257 0.853226 0.678194 0.0197459
258 0.853226 0.671514 0.0203532
259 0.853226 0.673026 0.0198043
260 0.853226 0.686213 0.0178342
261 0.853226 0.69004 0.0207203
262 0.853226 0.694584 0.0140713
263 0.853226 0.672651 0.0208829
264 0.853226 0.681689 0.0148058
265 0.853226 0.671096 0.0204604
266 0.853226 0.677174 0.0156567
267 0.853226 0.669793 0.0178394
268 0.853226 0.670737 0.017784
269 0.853226 0.67941 0.0184066
270 0.853226 0.671185 0.0173399
271 0.853226 0.676946 0.0151472
272 0.853226 0.678434 0.0187189
273 0.853226 0.684498 0.0176919
274 0.853226 0.685169 0.0175144
275 0.853226 0.681434 0.0181251
276 0.853226 0.668636 0.0198408
277 0.853226 0.672904 0.0184182
278 0.853226 0.687612 0.01728
279 0.853226 0.67467 0.0180533
280 0.853226 0.685211 0.0147958
281 0.853226 0.671924 0.0158796
282 0.853226 0.692102 0.0147561
283 0.853226 0.675153 0.0195347
284 0.853226 0.686025 0.0179447
285 0.853226 0.680814 0.0232541
286 0.853226 0.687482 0.020687
287 0.853226 0.692958 0.0208579
288 0.853226 0.700877 0.0176766
289 0.853226 0.692658 0.0165531
290 0.853226 0.676664 0.0210171
291 0.853226 0.688872 0.018665
292 0.853226 0.707097 0.0140315
293 0.853226 0.692269 0.0169398
294 0.853226 0.708451 0.0145377
295 0.853226 0.715458 0.0149627
296 0.853226 0.708464 0.0176174
297 0.853226 0.729939 0.0149509
298 0.853226 0.715617 0.0163021
299 0.853226 0.697221 0.0164746
300 0.853226 0.704468 0.0177513
301 0.853226 0.713892 0.0164013
302 0.853226 0.709223 0.0178956
303 0.853226 0.710923 0.0178
304 0.853226 0.711472 0.014657
305 0.853226 0.689184 0.0191598
306 0.853226 0.690317 0.016093
307 0.853226 0.677953 0.0189917
308 0.853226 0.695499 0.0179024
309 0.853226 0.681635 0.0157567
310 0.853226 0.679228 0.0177923
311 0.853226 0.645171 0.0234921
312 0.853226 0.652644 0.0247323
313 0.853226 0.673175 0.0198566
314 0.853226 0.659509 0.0231168
315 0.853226 0.661139 0.0185731
316 0.853226 0.653187 0.0220812
317 0.853226 0.675691 0.019739
318 0.853226 0.659142 0.0208484
319 0.853226 0.65756 0.0227558
320 0.853226 0.674682 0.0216088
321 0.853226 0.688611 0.0173263
322 0.853226 0.69378 0.0163196
323 0.853226 0.683614 0.0183089
324 0.853226 0.688383 0.0202241
325 0.853226 0.688021 0.0154862
326 0.853226 0.691648 0.0167351
327 0.853226 0.684012 0.0165544
328 0.853226 0.705007 0.0128036
329 0.853226 0.711564 0.0183769
330 0.853226 0.689373 0.0164989
331 0.853226 0.709115 0.013024
332 0.853226 0.685613 0.0145739
333 0.853226 0.691444 0.017907
334 0.853226 0.702159 0.0142741
335 0.853226 0.693461 0.0168251
336 0.853226 0.678689 0.0193776
337 0.853226 0.681871 0.0182289
338 0.853226 0.677338 0.0156092
339 0.853226 0.685342 0.0187391
340 0.853226 0.688413 0.0169105
341 0.853226 0.689385 0.0137419
342 0.853226 0.672098 0.0172492
343 0.853226 0.686635 0.0133634
344 0.853226 0.677313 0.014278
345 0.853226 0.687085 0.0141886
346 0.853226 0.674821 0.0176232
347 0.853226 0.703386 0.0142834
348 0.853226 0.698714 0.0132882
349 0.853226 0.691567 0.0145301
350 0.853226 0.67963 0.0179098
351 0.853226 0.676239 0.0186477
352 0.853226 0.673193 0.0187181
353 0.853226 0.69402 0.0154017
354 0.853226 0.688068 0.0180078
355 0.853226 0.679509 0.0189284
356 0.853226 0.692658 0.0207545
357 0.853226 0.6873 0.0156144
358 0.853226 0.676852 0.0197222
359 0.853226 0.68293 0.0188259
360 0.853226 0.675153 0.0220911
361 0.853226 0.683788 0.0189391
362 0.853226 0.673332 0.0178084
363 0.853226 0.674099 0.0192657
364 0.853226 0.697805 0.0165983
365 0.853226 0.708521 0.0159179
366 0.853226 0.696922 0.0153338
367 0.853617 0.679331 0.0210876
368 0.853617 0.677984 0.0184017
369 0.853617 0.667181 0.0170457
370 0.853617 0.666612 0.0176378
371 0.853617 0.657406 0.0205058
372 0.853617 0.658846 0.0204759
373 0.853617 0.670661 0.0153756
374 0.853617 0.67195 0.0199349
375 0.853617 0.648121 0.0184606
376 0.853617 0.67669 0.019945
377 0.853617 0.686059 0.0152599
378 0.853617 0.674642 0.0187855
379 0.853617 0.684243 0.0185931
380 0.853617 0.655782 0.0216421
381 0.853617 0.664937 0.0200756
382 0.853617 0.695549 0.0148499
383 0.853617 0.682724 0.0189114
384 0.853617 0.675633 0.0183683
385 0.853617 0.666206 0.0185869
386 0.853617 0.662715 0.019584
387 0.853617 0.669907 0.0205312
388 0.853617 0.670719 0.0175535
389 0.853617 0.670586 0.0160772
390 0.853617 0.650338 0.020227
391 0.853617 0.683035 0.0171714
392 0.853617 0.672657 0.0173991
393 0.853617 0.679357 0.0173932
394 0.853617 0.68481 0.0196692
395 0.853617 0.650698 0.0194499
396 0.853617 0.668811 0.0198701
397 0.853617 0.68098 0.0148545
398 0.853617 0.668035 0.0162025
399 0.853617 0.668289 0.0177489
400 0.853617 0.662151 0.0161349
401 0.853617 0.678481 0.0158581
402 0.853617 0.685331 0.0142962
403 0.853617 0.670965 0.0177895
404 0.853617 0.657881 0.0199603
405 0.853617 0.679375 0.0179048
406 0.853617 0.696494 0.0158373
407 0.853617 0.698703 0.0171092
408 0.853617 0.675997 0.0179325
409 0.853617 0.681904 0.0172663
410 0.853617 0.685756 0.0162088
411 0.853617 0.679647 0.0152711
412 0.853617 0.68398 0.0184192
413 0.853617 0.673773 0.019192
414 0.853617 0.68092 0.0197814
415 0.853617 0.667413 0.0226378
416 0.853617 0.674352 0.0188608
417 0.853617 0.67248 0.0207829
418 0.853617 0.670795 0.0202651
419 0.853617 0.685781 0.0164969
420 0.853617 0.683396 0.0183161
421 0.853617 0.707309 0.0161985
422 0.853617 0.688026 0.0151189
423 0.853617 0.687259 0.0165474
424 0.853617 0.683107 0.018604
425 0.853617 0.675042 0.0190574
426 0.853617 0.659541 0.0190582
427 0.853617 0.668015 0.0181842
428 0.853617 0.667792 0.0188024
429 0.853617 0.666236 0.0226449
430 0.853804 0.639006 0.0282659
431 0.853804 0.666972 0.0207286
432 0.853804 0.678613 0.018406
433 0.853804 0.690487 0.017765
434 0.853804 0.69642 0.0171353
435 0.853804 0.717802 0.0127179
436 0.853804 0.695092 0.0132324
437 0.853804 0.683919 0.0173127
438 0.853804 0.683708 0.0147923
439 0.853804 0.707269 0.016236
440 0.853804 0.681285 0.0181842
441 0.853804 0.677812 0.0190011
442 0.853804 0.680067 0.0189095
443 0.853804 0.664097 0.0202501
444 0.853804 0.655915 0.0225791
445 0.853804 0.660421 0.0221223
446 0.853804 0.675702 0.0183506
447 0.853804 0.686635 0.0197481
448 0.853804 0.67584 0.0182828
449 0.853804 0.667151 0.0186855
450 0.853804 0.708162 0.0173942
451 0.853804 0.697433 0.0185348
452 0.853804 0.686152 0.0244164
453 0.853804 0.701945 0.0166928
454 0.853804 0.696091 0.0171099
455 0.853804 0.698639 0.0168862
456 0.853804 0.699978 0.0162159
457 0.853804 0.697313 0.0194039
458 0.853804 0.703502 0.0173095
459 0.853804 0.687615 0.0175953
460 0.853804 0.702445 0.015896
461 0.853804 0.7061 0.0143757
462 0.853978 0.683767 0.0184392
463 0.853978 0.679389 0.017084
464 0.853978 0.682294 0.0181993
465 0.853978 0.679435 0.0198218
466 0.853978 0.683905 0.0234468
467 0.853978 0.704939 0.0170184
468 0.853978 0.676917 0.0197408
469 0.853978 0.679457 0.0192135
470 0.853978 0.681259 0.0200366
471 0.853978 0.696224 0.0192458
472 0.853978 0.684342 0.0172831
473 0.853978 0.698673 0.014569
474 0.853978 0.677542 0.018883
475 0.853978 0.677683 0.0187189
476 0.853978 0.689078 0.015838
477 0.853978 0.697763 0.0152033
478 0.853978 0.702932 0.0180059
479 0.853978 0.695213 0.0205941
480 0.853978 0.67801 0.0198715
481 0.853978 0.662299 0.0194965
482 0.853978 0.639043 0.0196044
483 0.853978 0.643059 0.0224419
484 0.853978 0.661041 0.0204144
485 0.853978 0.666428 0.022759
486 0.853978 0.670763 0.0219906
487 0.853978 0.647959 0.0237318
488 0.853978 0.660541 0.0215211
489 0.853978 0.678817 0.0176876
490 0.853978 0.698216 0.0181731
491 0.853978 0.68641 0.0169562
492 0.853978 0.674067 0.0242718
493 0.853978 0.681326 0.019344
494 0.853978 0.678241 0.0191008
495 0.853978 0.701114 0.0152819
496 0.853978 0.697613 0.0156636
497 0.853978 0.68281 0.0145392
498 0.853978 0.68125 0.0180441
499 0.853978 0.706922 0.0150414
500 0.853978 0.691518 0.0150119
501 0.853978 0.695214 0.0170426
502 0.853978 0.682409 0.0191709
503 0.853978 0.696965 0.014827
504 0.853978 0.682611 0.0153651
505 0.853978 0.671685 0.0182011
506 0.853978 0.657182 0.0198335
507 0.853978 0.655959 0.0177827
508 0.853978 0.659833 0.0183334
509 0.853978 0.656793 0.0220961
510 0.853978 0.645717 0.0238155
511 0.853978 0.667504 0.0193372
512 0.853978 0.687117 0.01851
513 0.853978 0.674772 0.0167365
514 0.853978 0.689609 0.0152095
515 0.853978 0.705441 0.0158492
516 0.853978 0.690654 0.0206365
517 0.853978 0.691263 0.0169483
518 0.853978 0.691115 0.0168679
519 0.853978 0.68823 0.0169593
520 0.853978 0.687954 0.0162205
521 0.853978 0.681474 0.0178627
522 0.853978 0.661963 0.0205719
523 0.853978 0.656693 0.0189879
524 0.853978 0.665478 0.0223128
525 0.853978 0.672333 0.0211295
526 0.853978 0.689502 0.0191899
527 0.853978 0.675661 0.023658
528 0.853978 0.688267 0.0178858
529 0.853978 0.691842 0.01684
530 0.853978 0.682937 0.0179766
531 0.853978 0.685449 0.01818
532 0.853978 0.672354 0.0216144
533 0.853978 0.68892 0.0184653
534 0.853978 0.681916 0.0182267
535 0.853978 0.701114 0.0176811
536 0.853978 0.677791 0.0204817
537 0.853978 0.680103 0.0157862
538 0.853978 0.680551 0.0161569
539 0.853978 0.67442 0.0189563
540 0.853978 0.690486 0.0154044
541 0.853978 0.70607 0.0134252
542 0.853978 0.706114 0.0124256
543 0.853978 0.678425 0.0186968
544 0.853978 0.67131 0.0180799
545 0.853978 0.683077 0.0198703
546 0.853978 0.667165 0.0225227
547 0.853978 0.682082 0.0190138
548 0.853978 0.672482 0.0203626
549 0.853978 0.673791 0.0185383
550 0.853978 0.679286 0.0183639
551 0.853978 0.69533 0.0176873
552 0.853978 0.668805 0.0204365
553 0.853978 0.67083 0.0171867
554 0.853978 0.688425 0.0177884
555 0.853978 0.674949 0.0201893
556 0.853978 0.692011 0.0171798
557 0.853978 0.67466 0.0191652
558 0.853978 0.692734 0.0187482
559 0.853978 0.696957 0.018889
560 0.853978 0.704074 0.017532
561 0.853978 0.692757 0.0198008
562 0.853978 0.707266 0.0150613
563 0.853978 0.713097 0.0173032
564 0.853978 0.704081 0.0158288
565 0.853978 0.698177 0.0156082
566 0.853978 0.712841 0.0158178
567 0.853978 0.714983 0.0156314
568 0.853978 0.711054 0.0142047
569 0.853978 0.704678 0.016614
570 0.853978 0.681752 0.0169624
571 0.853978 0.680294 0.021814
572 0.853978 0.671187 0.019378
573 0.853978 0.697908 0.0150888
574 0.853978 0.689331 0.0171033
575 0.853978 0.689274 0.0170726
576 0.853978 0.710665 0.0153974
577 0.853978 0.701948 0.0168165
578 0.853978 0.695737 0.0155609
579 0.853978 0.690732 0.0183482
580 0.853978 0.689944 0.0180985
581 0.853978 0.678421 0.0195303
582 0.853978 0.688713 0.0184162
583 0.853978 0.701749 0.0169924
584 0.853978 0.688153 0.0173908
585 0.853978 0.69422 0.0172166
586 0.853978 0.662819 0.0182245
587 0.853978 0.680283 0.0183628
588 0.853978 0.673193 0.0191472
589 0.853978 0.684544 0.0180669
590 0.853978 0.68274 0.0182341
591 0.853978 0.707807 0.0150883
592 0.853978 0.682587 0.0171857
593 0.853978 0.702519 0.0159173
594 0.853978 0.690509 0.0185804
595 0.853978 0.710222 0.0168445
596 0.853978 0.69039 0.0190154
597 0.853978 0.675136 0.0171365
598 0.853978 0.684114 0.0194769
599 0.853978 0.69273 0.0161774
600 0.853978 0.675992 0.0195422
601 0.853978 0.680449 0.0209067
602 0.853978 0.689343 0.0180691
603 0.853978 0.716656 0.0153719
604 0.853978 0.696744 0.0163744
605 0.853978 0.689329 0.0205562
606 0.853978 0.677382 0.0195289
607 0.853978 0.677261 0.0201306
608 0.853978 0.694688 0.0169911
609 0.853978 0.685281 0.0194749
610 0.853978 0.669064 0.0184915
611 0.853978 0.675842 0.0250967
612 0.853978 0.669336 0.0251732
613 0.853978 0.699236 0.0195256
614 0.853978 0.670512 0.0193297
615 0.853978 0.663212 0.0235388
616 0.853978 0.662998 0.0245164
617 0.855433 0.661028 0.0247664
618 0.855433 0.670834 0.0228134
619 0.855433 0.663941 0.0244958
620 0.855433 0.663623 0.0235431
621 0.855433 0.679078 0.0222637
622 0.855433 0.681248 0.0192147
623 0.855433 0.679323 0.0175957
624 0.855433 0.687239 0.0187392
625 0.855433 0.693093 0.0192082
626 0.855433 0.709534 0.0154995
627 0.855433 0.674559 0.0196539
628 0.855433 0.691282 0.0161139
629 0.855433 0.679663 0.0184942
630 0.855433 0.657675 0.0191149
631 0.855433 0.682454 0.0184556
632 0.855433 0.673876 0.0195606
633 0.855433 0.677191 0.0170434
634 0.855433 0.680682 0.0198711
635 0.855433 0.664327 0.021116
636 0.855433 0.673086 0.0187646
637 0.855433 0.707625 0.0153893
638 0.855433 0.698563 0.0192565
639 0.855433 0.672055 0.0190181
640 0.855433 0.686124 0.0177241
641 0.855433 0.69051 0.019777
642 0.855433 0.690213 0.0183236
643 0.855433 0.695132 0.0192048
644 0.855433 0.694572 0.0171605
645 0.855433 0.707428 0.0165615
646 0.855433 0.700346 0.0155072
647 0.855433 0.694677 0.0183392
648 0.855433 0.691128 0.0170246
649 0.855433 0.6989 0.0188221
650 0.855433 0.687917 0.0185639
651 0.855433 0.692151 0.0180715
652 0.855433 0.688815 0.0195426
653 0.855433 0.709553 0.0160852
654 0.855433 0.709297 0.0153155
655 0.855433 0.700596 0.0150871
656 0.855433 0.704261 0.0194606
657 0.855433 0.6859 0.0183364
658 0.855433 0.690983 0.0187302
659 0.855433 0.679088 0.0206991
660 0.855433 0.686086 0.020568
661 0.855433 0.697892 0.0177523
662 0.855433 0.68295 0.0182773
663 0.855433 0.68894 0.0178222
664 0.855433 0.685583 0.0171431
665 0.855433 0.676206 0.0181123
666 0.855433 0.681158 0.0185269
667 0.855433 0.693018 0.0153334
668 0.855433 0.671432 0.0193118
669 0.855433 0.69432 0.0196852
670 0.855433 0.700986 0.0172032
671 0.855433 0.7024 0.0153993
672 0.855433 0.694791 0.0176714
673 0.855433 0.688109 0.0175172
674 0.855433 0.687192 0.0185507
675 0.855433 0.673487 0.0185868
676 0.855433 0.675279 0.020354
677 0.855433 0.667624 0.0195636
678 0.855433 0.681654 0.0187757
679 0.855433 0.679713 0.0181421
680 0.855433 0.674157 0.0258157
681 0.855433 0.671127 0.0206489
682 0.855433 0.662485 0.021656
683 0.855433 0.656249 0.0220762
684 0.855433 0.656176 0.0222255
685 0.855433 0.644821 0.0233415
686 0.855433 0.661189 0.0214669
687 0.855433 0.679314 0.0201327
688 0.855433 0.661534 0.0199413
689 0.855433 0.670864 0.0189925
690 0.855433 0.687979 0.0175784
691 0.855433 0.708287 0.0149409
692 0.855433 0.693913 0.018313
693 0.855433 0.701703 0.0164154
694 0.855433 0.687392 0.0179002
695 0.855433 0.688385 0.0198911
696 0.855433 0.690009 0.0187941
697 0.855433 0.688045 0.0159249
698 0.855433 0.69899 0.0168852
699 0.855433 0.694852 0.0183288
700 0.855433 0.707775 0.0191055
701 0.855433 0.683256 0.0217642
702 0.855433 0.705826 0.0175847
703 0.855433 0.692878 0.0158939
704 0.855433 0.711277 0.0151316
705 0.855433 0.706026 0.0151031
706 0.855433 0.715349 0.0133643
707 0.855433 0.708797 0.0162821
708 0.855433 0.701125 0.0159875
709 0.855433 0.697097 0.0175772
710 0.855433 0.703944 0.0181197
711 0.855433 0.714139 0.0163794
712 0.855433 0.713738 0.018124
713 0.855433 0.688748 0.0194862
714 0.855433 0.685671 0.0213297
715 0.855433 0.669157 0.0228156
716 0.855433 0.690844 0.0169744
717 0.855433 0.665978 0.0219658
718 0.855433 0.653452 0.0193278
719 0.855433 0.680725 0.0208136
720 0.855433 0.679694 0.0201802
721 0.855433 0.697388 0.0189158
722 0.855433 0.707571 0.016066
723 0.855433 0.704699 0.0175666
724 0.855433 0.702161 0.0138482
725 0.855433 0.702585 0.0155472
726 0.855433 0.679721 0.0171485
727 0.855433 0.69122 0.018371
728 0.855433 0.702876 0.0189211
729 0.855433 0.691562 0.0189064
730 0.855433 0.725731 0.0143971
731 0.855433 0.673655 0.0242479
732 0.855433 0.665305 0.027176
733 0.855433 0.679551 0.0203335
734 0.855433 0.71039 0.0206666
735 0.855433 0.708633 0.0183933
736 0.855433 0.721208 0.0135327
737 0.855433 0.719182 0.0132596
738 0.855433 0.697423 0.0169156
739 0.855433 0.676809 0.0184169
740 0.855433 0.688404 0.0177573
741 0.855568 0.689757 0.0193026
742 0.855568 0.69264 0.0196756
743 0.855568 0.705482 0.013721
744 0.855568 0.709366 0.0146206
745 0.855568 0.702505 0.0161926
746 0.855568 0.696839 0.0155838
747 0.855568 0.688906 0.01472
748 0.855568 0.686899 0.015456
749 0.855568 0.702952 0.0130296
750 0.855568 0.707013 0.0151363
751 0.855568 0.70287 0.015056
752 0.855568 0.689836 0.019248
753 0.855568 0.683869 0.0185577
754 0.855568 0.693302 0.0158898
755 0.855568 0.687534 0.0160826
756 0.855568 0.680818 0.0174376
757 0.855568 0.673056 0.0188264
758 0.855568 0.690292 0.0151466
759 0.855568 0.68645 0.019369
760 0.855568 0.676432 0.0209862
761 0.855568 0.673819 0.0219229
762 0.855568 0.702755 0.0167683
763 0.855568 0.677268 0.02088
764 0.855568 0.684945 0.0199041
765 0.855568 0.714597 0.0153685
766 0.855568 0.697066 0.0170894
767 0.855568 0.68422 0.0183178
768 0.855568 0.693868 0.0184463
769 0.855568 0.6708 0.0174308
770 0.855568 0.683926 0.0135487
771 0.855568 0.702473 0.0156475
772 0.855568 0.678415 0.0192332
773 0.855568 0.702807 0.0152086
774 0.855568 0.705876 0.0162988
775 0.855568 0.699255 0.0167514
776 0.855568 0.712288 0.0147031
777 0.855568 0.707708 0.0154051
778 0.855568 0.705468 0.0171015
779 0.855568 0.705525 0.0145105
780 0.855568 0.715166 0.0127626
781 0.855568 0.694441 0.0184459
782 0.855568 0.695045 0.0177925
783 0.855568 0.693976 0.0171392
784 0.855568 0.682684 0.0181203
785 0.855568 0.689835 0.0164204
786 0.855568 0.696062 0.0167507
787 0.855568 0.695496 0.0153827
788 0.855568 0.703004 0.0138531
789 0.855568 0.712637 0.0169864
790 0.855568 0.706287 0.015397
791 0.855568 0.705301 0.0167801
792 0.855568 0.69156 0.0181253
793 0.855568 0.67568 0.0189515
794 0.855568 0.667892 0.0204855
795 0.855568 0.675344 0.0184828
796 0.855568 0.673566 0.0222289
797 0.855568 0.689406 0.0181842
798 0.855568 0.671883 0.0198722
799 0.855568 0.678956 0.0177088
800 0.855568 0.69852 0.0159638
801 0.855568 0.692037 0.0159035
802 0.855568 0.710157 0.0142914
803 0.855568 0.697464 0.0165876
804 0.855568 0.702391 0.0140678
805 0.855568 0.69034 0.0135672
806 0.855568 0.682168 0.0170364
807 0.855568 0.694968 0.0165409
808 0.855568 0.710124 0.015453
809 0.855568 0.68001 0.0200008
810 0.855568 0.694102 0.0173667
811 0.855568 0.69198 0.0184512
812 0.855568 0.706517 0.0159865
813 0.855568 0.709919 0.0135067
814 0.855568 0.699178 0.0176149
815 0.855568 0.70677 0.0151338
816 0.855568 0.694063 0.0171887
817 0.855568 0.698934 0.014733
818 0.855568 0.694393 0.0174882
819 0.855568 0.70413 0.0158582
820 0.855568 0.689708 0.0209958
821 0.855568 0.714543 0.0169719
822 0.855568 0.710829 0.0164515
823 0.855568 0.687947 0.0195367
824 0.855568 0.685234 0.017228
825 0.855568 0.706071 0.016021
826 0.855568 0.681143 0.0200767
827 0.855568 0.682068 0.0175691
828 0.855568 0.682242 0.0193395
829 0.855568 0.693882 0.0159542
830 0.855568 0.672047 0.020326
831 0.855568 0.666651 0.0173925
832 0.855568 0.677874 0.0176097
833 0.855568 0.693526 0.0184595
834 0.855568 0.697406 0.0173394
835 0.855568 0.687187 0.0165264
836 0.855568 0.673122 0.0201995
837 0.855568 0.695263 0.0178448
838 0.855568 0.69335 0.0171912
839 0.855568 0.706841 0.0151615
840 0.855568 0.71223 0.0138941
841 0.855568 0.686948 0.019382
842 0.855568 0.700547 0.0173554
843 0.855568 0.702787 0.0175339
844 0.855568 0.707834 0.0175089
845 0.855568 0.694484 0.0182583
846 0.855568 0.692205 0.0176688
847 0.855568 0.686113 0.0198575
848 0.855568 0.666936 0.0265802
849 0.855568 0.699838 0.0193987
850 0.855568 0.698204 0.022239
851 0.855568 0.677522 0.0198796
852 0.855568 0.687294 0.020552
853 0.855568 0.702379 0.0166995
854 0.855568 0.690995 0.0161014
855 0.855568 0.687019 0.0209624
856 0.855568 0.670399 0.0208292
857 0.855568 0.704246 0.017092
858 0.855568 0.691431 0.0186758
859 0.855568 0.684401 0.0203542
860 0.855568 0.683482 0.0179391
861 0.855568 0.678798 0.0176871
862 0.855568 0.69307 0.0171406
863 0.855568 0.70614 0.0178076
864 0.855568 0.70456 0.0152979
865 0.855568 0.701606 0.0170211
866 0.855568 0.695675 0.0164554
867 0.855568 0.693795 0.0177522
868 0.855568 0.674288 0.0201202
869 0.855568 0.686505 0.0131265
870 0.855568 0.672806 0.0193046
871 0.855568 0.681672 0.0183162
872 0.855568 0.677217 0.0182084
873 0.855568 0.672237 0.0198703
874 0.855568 0.683393 0.0174793
875 0.855568 0.679635 0.0160901
876 0.855568 0.658028 0.0217456
877 0.855568 0.666009 0.0202039
878 0.855568 0.68616 0.018367
879 0.855568 0.68858 0.0185481
880 0.855568 0.670605 0.0219497
881 0.855568 0.676755 0.0172706
882 0.855568 0.680005 0.020228
883 0.855568 0.663898 0.0218604
884 0.855568 0.676383 0.0236287
885 0.855568 0.678684 0.0207638
886 0.855568 0.682703 0.0223457
887 0.855568 0.655049 0.0200044
888 0.855568 0.674816 0.0179086
889 0.855568 0.681759 0.0192497
890 0.855568 0.692067 0.0182191
891 0.855568 0.705331 0.0179404
892 0.855568 0.695956 0.0199653
893 0.855568 0.708845 0.0139615
894 0.855568 0.697793 0.0166803
895 0.855568 0.697043 0.0256881
896 0.855568 0.691844 0.021505
897 0.855568 0.697392 0.0186358
898 0.855568 0.703453 0.01712
899 0.855568 0.703079 0.018281
900 0.855568 0.681744 0.0192463
901 0.855568 0.686045 0.0167608
902 0.855568 0.696425 0.0160961
903 0.855568 0.705468 0.0162132
904 0.855568 0.691431 0.0170728
905 0.855568 0.700174 0.0177982
906 0.855568 0.66446 0.0245051
907 0.855568 0.681237 0.021024
908 0.855568 0.692193 0.0183641
909 0.855568 0.682278 0.0190539
910 0.855568 0.693896 0.0171359
911 0.855568 0.682479 0.0194308
912 0.855568 0.682306 0.0216224
913 0.855568 0.669831 0.0182489
914 0.855568 0.685483 0.019157
915 0.855568 0.686844 0.0206141
916 0.855568 0.670739 0.0248412
917 0.855568 0.688004 0.0181597
918 0.855568 0.682408 0.0218148
919 0.855568 0.701428 0.0183161
920 0.855568 0.678981 0.0213087
921 0.855568 0.703553 0.0167889
922 0.855568 0.682832 0.0160357
923 0.855568 0.69421 0.0118116
924 0.855568 0.679901 0.0137111
925 0.855568 0.68233 0.0180363
926 0.855568 0.680946 0.0163873
927 0.855568 0.687782 0.0156973
928 0.855568 0.680969 0.0195462
929 0.855568 0.683107 0.0166605
930 0.855568 0.695491 0.0179876
931 0.855568 0.675775 0.0181924
932 0.855568 0.664089 0.0227969
933 0.855568 0.665099 0.0236315
934 0.855568 0.654866 0.0216898
935 0.855568 0.663746 0.0216476
936 0.855568 0.672964 0.0209824
937 0.855568 0.66852 0.0207446
938 0.855568 0.674224 0.0191669
939 0.855568 0.67496 0.020266
940 0.855568 0.669779 0.0169769
941 0.855568 0.679775 0.0163876
942 0.855568 0.691236 0.0158419
943 0.855568 0.660679 0.0207645
944 0.855568 0.647963 0.0226878
945 0.855568 0.668157 0.0192519
946 0.855568 0.686463 0.0204171
947 0.855568 0.700876 0.0161617
948 0.855568 0.68921 0.0208812
949 0.855568 0.685373 0.0201792
950 0.855568 0.680602 0.0179471
951 0.855568 0.699678 0.015042
952 0.855568 0.678281 0.0198555
953 0.855568 0.66058 0.0227776
954 0.855568 0.676556 0.0214804
955 0.855568 0.693898 0.0159878
956 0.855568 0.707664 0.0141922
957 0.855568 0.685533 0.0161629
958 0.855568 0.673534 0.0189499
959 0.855568 0.68364 0.0208379
960 0.855568 0.692452 0.0174236
961 0.855568 0.715693 0.0134151
962 0.855568 0.731583 0.0104728
963 0.855568 0.705464 0.0146316
964 0.855568 0.700786 0.0148492
965 0.855568 0.683994 0.0166049
966 0.855568 0.672697 0.0189771
967 0.855568 0.672199 0.0171595
968 0.855568 0.700034 0.0158077
969 0.855568 0.706105 0.0189167
970 0.855568 0.684701 0.0219381
971 0.855568 0.6936 0.0214454
972 0.855568 0.695097 0.0168117
973 0.855568 0.691318 0.0162342
974 0.855568 0.668199 0.0220451
975 0.855568 0.688026 0.0235239
976 0.855568 0.696176 0.0172376
977 0.855568 0.701561 0.0188493
978 0.855568 0.693649 0.0189269
979 0.855568 0.692876 0.015467
980 0.855568 0.68828 0.0173915
981 0.855568 0.677176 0.0173467
982 0.855568 0.693669 0.0166422
983 0.855568 0.684308 0.0178406
984 0.855568 0.680718 0.019836
985 0.855568 0.69136 0.0178209
986 0.855568 0.681317 0.0171561
987 0.855568 0.687588 0.0186529
988 0.855568 0.683655 0.0203584
989 0.855568 0.677161 0.0190009
990 0.855568 0.678841 0.0197605
991 0.855568 0.677163 0.0199833
992 0.855568 0.669982 0.0195878
993 0.855568 0.668854 0.0198016
994 0.855568 0.692227 0.0140819
995 0.855568 0.699337 0.0173867
996 0.855568 0.688581 0.0214229
997 0.855568 0.689966 0.0211911
998 0.855568 0.688091 0.0214774
999 0.855568 0.691292 0.0200827
1000 0.855568 0.710379 0.0153082
