0 0.60412 0.502794 0.000463188
1 0.60412 0.503686 0.000592935
2 0.60412 0.510761 0.000743665
3 0.631636 0.514404 0.00106166
4 0.631636 0.518793 0.00133933
5 0.631636 0.52441 0.00152215
6 0.631636 0.528911 0.00171791
7 0.662594 0.528099 0.001895
8 0.662594 0.529861 0.00196448
9 0.662594 0.523058 0.00183085
10 0.662594 0.524227 0.00189629
11 0.662594 0.528178 0.00224623
12 0.662594 0.526832 0.0023539
13 0.662594 0.524086 0.0023351
14 0.702393 0.529683 0.00243028
15 0.702393 0.527024 0.00290476
16 0.702393 0.533524 0.00310415
17 0.702393 0.526195 0.00258865
18 0.718678 0.528471 0.00307857
19 0.718678 0.531445 0.0034451
20 0.748842 0.533002 0.00494489
21 0.748842 0.533199 0.00561857
22 0.750455 0.54476 0.00758735
23 0.750455 0.542943 0.00834653
24 0.76535 0.544255 0.00880079
25 0.767472 0.552572 0.01076
26 0.767472 0.562617 0.0101876
27 0.767472 0.571032 0.0116304
28 0.767472 0.570788 0.0121421
29 0.770846 0.56943 0.011751
30 0.770846 0.571222 0.0114775
31 0.774233 0.57289 0.0132522
32 0.774233 0.588134 0.0131102
33 0.783536 0.58992 0.0125108
34 0.784556 0.595421 0.013481
35 0.794052 0.591114 0.0129854
36 0.794052 0.615121 0.013927
37 0.794052 0.615894 0.0155787
38 0.794638 0.627428 0.0139518
39 0.794638 0.647766 0.0124892
40 0.794638 0.646355 0.0128501
41 0.826737 0.670709 0.0112201
42 0.826737 0.692612 0.0102012
43 0.826737 0.685981 0.0122669
44 0.84116 0.698242 0.0105704
45 0.857959 0.683833 0.0110315
46 0.857959 0.694352 0.0110772
47 0.881528 0.703367 0.0109562
48 0.881528 0.715826 0.0096136
49 0.881528 0.712278 0.00958861
50 0.881528 0.716046 0.00822778
51 0.881528 0.7203 0.00905672
52 0.881528 0.725887 0.00964552
53 0.881528 0.734486 0.00881724
54 0.887183 0.737086 0.00800436
55 0.887183 0.739297 0.00778829
56 0.887183 0.735518 0.00819985
57 0.887183 0.748657 0.00655018
58 0.887183 0.750584 0.00778325
59 0.887707 0.762402 0.00698837
60 0.891418 0.768877 0.00698345
61 0.891418 0.761791 0.00808149
62 0.891418 0.75885 0.00909569
63 0.892192 0.75565 0.00942863
64 0.89374 0.765373 0.00843223
65 0.89374 0.769815 0.00828408
66 0.902964 0.768867 0.00819011
67 0.902964 0.766079 0.00950285
68 0.902964 0.775547 0.00769939
69 0.902964 0.777932 0.00814243
70 0.902964 0.774341 0.00895659
71 0.903909 0.777054 0.00840085
72 0.903909 0.781579 0.00845854
73 0.903909 0.777602 0.00654572
74 0.903909 0.757992 0.00837479
75 0.903909 0.770302 0.00711457
76 0.903909 0.772822 0.00807035
77 0.90909 0.767214 0.00878913
78 0.90909 0.777362 0.00732858
79 0.90909 0.778127 0.0075323
80 0.910219 0.764936 0.00858299
81 0.910219 0.786318 0.00717971
82 0.910219 0.775864 0.00915209
83 0.910219 0.767035 0.00868901
84 0.910219 0.774621 0.00852278
85 0.910219 0.778667 0.00891101
86 0.910219 0.779627 0.00894532
87 0.911288 0.791002 0.00908106
88 0.911288 0.785927 0.00904474
89 0.923615 0.7908 0.00863076
90 0.923615 0.789185 0.00819005
91 0.923615 0.787295 0.00827532
92 0.923615 0.789665 0.00704355
93 0.923615 0.78545 0.00908282
94 0.923615 0.790068 0.00720567
95 0.923615 0.789513 0.00755291
96 0.923615 0.769503 0.0116186
97 0.92374 0.777357 0.0111488
98 0.92374 0.783557 0.0101497
99 0.92374 0.778574 0.00982937
100 0.924417 0.765463 0.0121835
101 0.930036 0.776907 0.011505
102 0.930036 0.777821 0.0100254
103 0.930036 0.779275 0.0110984
104 0.930036 0.770466 0.0119503
105 0.930036 0.783322 0.0132285
106 0.930036 0.785266 0.0103949
107 0.938952 0.778243 0.0127108
108 0.938952 0.790766 0.00947738
109 0.938952 0.783447 0.0109381
110 0.938952 0.782009 0.0124829
111 0.938952 0.78838 0.0117228
112 0.939782 0.775865 0.0153667
113 0.939782 0.780451 0.0132932
114 0.939782 0.786822 0.0127329
115 0.955467 0.80357 0.00965483
116 0.955467 0.804583 0.0106501
117 0.955467 0.810473 0.0107213
118 0.955467 0.810084 0.011285
119 0.955467 0.804008 0.0136652
120 0.955467 0.792101 0.0176572
121 0.955916 0.809685 0.0128854
122 0.955916 0.809608 0.0141475
123 0.955916 0.799353 0.0127158
124 0.955916 0.808187 0.0129029
125 0.957504 0.806446 0.0106895
126 0.957504 0.800465 0.0144032
127 0.958704 0.788595 0.0159033
128 0.958704 0.804713 0.014735
129 0.958704 0.801074 0.0150811
130 0.958704 0.807914 0.0136605
131 0.958704 0.823662 0.0121829
132 0.963621 0.835856 0.011665
133 0.963621 0.818259 0.0138142
134 0.963621 0.815355 0.0113851
135 0.963621 0.808749 0.0120645
136 0.963621 0.806355 0.0129311
137 0.963621 0.812965 0.0131903
138 0.964868 0.796673 0.0117127
139 0.964868 0.809802 0.0131435
140 0.964868 0.819385 0.0126391
141 0.964868 0.824194 0.0107036
142 0.967609 0.817926 0.0137065
143 0.967609 0.829354 0.0112121
144 0.967869 0.831013 0.0125223
145 0.967869 0.834742 0.0112093
146 0.967869 0.814072 0.0144697
147 0.967869 0.821561 0.0133102
148 0.967869 0.80492 0.0133419
149 0.967869 0.797378 0.0151364
150 0.967869 0.795107 0.0158635
151 0.971218 0.804418 0.0162559
152 0.975829 0.805934 0.0145678
153 0.975829 0.794176 0.0139952
154 0.975829 0.792722 0.0162063
155 0.975829 0.789606 0.0151022
156 0.975829 0.786838 0.0151879
157 0.975829 0.79647 0.0176773
158 0.975829 0.79635 0.0171701
159 0.975829 0.815654 0.0155182
160 0.977764 0.803272 0.015973
161 0.977788 0.813141 0.0136941
162 0.977788 0.797619 0.014127
163 0.977788 0.80221 0.0144469
164 0.977788 0.81074 0.0135145
165 0.977788 0.810506 0.0139398
166 0.977788 0.823004 0.0136338
167 0.977788 0.814185 0.0127253
168 0.977788 0.810192 0.0129424
169 0.978483 0.802086 0.0122173
170 0.978483 0.794461 0.0136025
171 0.978483 0.799082 0.0141861
172 0.978483 0.806998 0.0148517
173 0.978483 0.804209 0.0150554
174 0.978483 0.813411 0.0129382
175 0.978483 0.800566 0.0161196
176 0.978483 0.801324 0.0137229
177 0.978483 0.79661 0.0155686
178 0.978483 0.802728 0.0149011
179 0.978483 0.782203 0.0147806
180 0.978483 0.81156 0.012645
181 0.978483 0.809638 0.0143003
182 0.978483 0.811247 0.0132673
183 0.978483 0.802168 0.0151217
184 0.983365 0.805479 0.0155168
185 0.983365 0.808014 0.0132355
186 0.983365 0.80038 0.0140574
187 0.983365 0.792953 0.0141774
188 0.983365 0.791879 0.0133729
189 0.983365 0.79188 0.0141384
190 0.983365 0.802028 0.0149008
191 0.983365 0.77845 0.0158749
192 0.983365 0.789699 0.0155284
193 0.983365 0.7954 0.0151998
194 0.983365 0.799952 0.012779
195 0.983365 0.787571 0.0154168
196 0.983365 0.789558 0.0149039
197 0.983365 0.792987 0.0172109
198 0.983365 0.777357 0.016437
199 0.983365 0.78558 0.0184478
200 0.983365 0.788586 0.0152215
201 0.983365 0.792255 0.0142353
202 0.983365 0.77496 0.0165049
203 0.983365 0.788111 0.0162452
204 0.983365 0.793795 0.0152348
205 0.983365 0.790736 0.0173821
206 0.983365 0.787344 0.0186385
207 0.983365 0.797424 0.0125449
208 0.983365 0.808352 0.0153639
209 0.983365 0.780539 0.0151192
210 0.983365 0.798971 0.0165995
211 0.983365 0.80283 0.0151247
212 0.983365 0.801739 0.0157132
213 0.983365 0.800718 0.0144332
214 0.983365 0.790251 0.0153669
215 0.983365 0.795428 0.017175
216 0.983365 0.793048 0.0161095
217 0.983365 0.804465 0.0149768
218 0.983365 0.800183 0.0176873
219 0.983365 0.802486 0.0156625
220 0.983365 0.802947 0.0151943
221 0.983365 0.787819 0.0161642
222 0.983365 0.788884 0.0162168
223 0.983365 0.812818 0.0174955
224 0.983365 0.800604 0.0166837
225 0.983365 0.807186 0.0163427
226 0.983365 0.804266 0.0192168
227 0.983365 0.800929 0.0146272
228 0.983365 0.799716 0.0180311
229 0.983365 0.801909 0.0163435
230 0.983365 0.797587 0.014416
231 0.983365 0.806042 0.0158534
232 0.983365 0.810257 0.0126454
233 0.983365 0.80535 0.0150157
234 0.983365 0.812727 0.0151743
235 0.983365 0.82574 0.0135876
236 0.983365 0.828398 0.0128263
237 0.983365 0.820612 0.0134081
238 0.983365 0.799633 0.0140585
239 0.983365 0.7849 0.0163758
240 0.983365 0.792048 0.0138514
241 0.983365 0.7987 0.0167272
242 0.983365 0.8094 0.0150285
243 0.983365 0.809881 0.0139651
244 0.983365 0.82277 0.0142097
245 0.983365 0.808118 0.0164475
246 0.983365 0.801531 0.0186286
247 0.983365 0.808985 0.0151298
248 0.983365 0.810248 0.0151294
249 0.983365 0.808721 0.0143026
250 0.983365 0.805243 0.0141871
251 0.983365 0.810909 0.0168869
252 0.983583 0.821267 0.0157745
253 0.983583 0.815971 0.0130882
254 0.983583 0.810332 0.0133491
255 0.983583 0.826763 0.0107095
256 0.983583 0.813918 0.0151934
257 0.983583 0.802097 0.0147952
258 0.983583 0.814639 0.0127389
259 0.983583 0.807168 0.0122068
260 0.983583 0.803428 0.0144561
261 0.983583 0.777351 0.0180684
262 0.983583 0.782629 0.0202713
263 0.983583 0.802764 0.015235
264 0.983583 0.817851 0.0124014
265 0.983583 0.81392 0.0121895
266 0.983583 0.81857 0.0119561
267 0.983583 0.81163 0.0138761
268 0.983652 0.82156 0.0155094
269 0.983652 0.838884 0.0137574
270 0.983652 0.825507 0.0138975
271 0.983652 0.823242 0.0152751
272 0.983652 0.805916 0.016504
273 0.983652 0.803648 0.0132978
274 0.983652 0.808252 0.0135985
275 0.983652 0.824424 0.0131923
276 0.983652 0.797141 0.0118358
277 0.983652 0.79612 0.0160051
278 0.983652 0.793165 0.0175999
279 0.983652 0.791263 0.0181726
280 0.983652 0.784676 0.0175778
281 0.983652 0.800978 0.0162434
282 0.983652 0.798842 0.0175403
283 0.9837 0.790301 0.0165271
284 0.9837 0.797034 0.0148141
285 0.9837 0.785715 0.0181185
286 0.9837 0.775949 0.0181282
287 0.9837 0.78944 0.0162226
288 0.9837 0.779183 0.0153062
289 0.9837 0.79678 0.0170384
290 0.9837 0.811984 0.0162056
291 0.9837 0.820993 0.0146301
292 0.9837 0.826639 0.0139358
293 0.9837 0.812422 0.0151563
294 0.9837 0.796926 0.0163608
295 0.9837 0.794929 0.0144885
296 0.9837 0.799165 0.0152227
297 0.9837 0.795964 0.0161071
298 0.9837 0.817621 0.0143319
299 0.9837 0.808369 0.014446
300 0.9837 0.810418 0.0146464
301 0.9837 0.813186 0.0157385
302 0.984864 0.80962 0.0165533
303 0.984864 0.798211 0.0158876
304 0.984864 0.802379 0.0141984
305 0.984864 0.788724 0.0166428
306 0.984864 0.801256 0.0166878
307 0.984864 0.805614 0.0150944
308 0.984864 0.806698 0.0154145
309 0.984864 0.782089 0.0145662
310 0.984864 0.779326 0.0159472
311 0.984864 0.793279 0.0175119
312 0.984864 0.792962 0.0183003
313 0.984864 0.798223 0.0139512
314 0.984864 0.802755 0.0148701
315 0.984864 0.798954 0.0143053
316 0.984864 0.775288 0.0146142
317 0.984864 0.798993 0.0166315
318 0.984864 0.790512 0.0173879
319 0.984864 0.78314 0.0182709
320 0.984864 0.781761 0.0199045
321 0.984864 0.791828 0.0170352
322 0.984864 0.808029 0.0141247
323 0.984864 0.7875 0.0209852
324 0.984864 0.806708 0.0158303
325 0.984864 0.811797 0.015774
326 0.984864 0.823033 0.0149968
327 0.984864 0.806515 0.017216
328 0.984864 0.812316 0.0154486
329 0.985004 0.80843 0.0182266
330 0.985004 0.845472 0.0126891
331 0.985004 0.818707 0.0177567
332 0.985004 0.809686 0.0169449
333 0.985004 0.804107 0.0195023
334 0.985004 0.817622 0.0161579
335 0.985004 0.826054 0.0136087
336 0.985004 0.810999 0.016419
337 0.985004 0.815428 0.0147327
338 0.985004 0.819456 0.0155588
339 0.985004 0.804682 0.0164219
340 0.985004 0.794754 0.0172027
341 0.985004 0.807887 0.0156364
342 0.985004 0.800735 0.0153759
343 0.985004 0.789783 0.0177351
344 0.985004 0.797075 0.0175053
345 0.985004 0.794834 0.0181101
346 0.985004 0.802112 0.0169727
347 0.985004 0.819548 0.0161102
348 0.985004 0.81877 0.0157421
349 0.985004 0.818069 0.0157088
350 0.985004 0.830197 0.013128
351 0.985004 0.812717 0.0161551
352 0.985004 0.806472 0.0145001
353 0.985004 0.814298 0.0149877
354 0.985455 0.810077 0.0142777
355 0.985455 0.805967 0.0143085
356 0.985502 0.827547 0.0134126
357 0.985502 0.827917 0.0133286
358 0.985502 0.815913 0.0162012
359 0.985502 0.82267 0.0152464
360 0.985502 0.815792 0.017306
361 0.985502 0.809076 0.0163839
362 0.985502 0.810774 0.0154752
363 0.985502 0.803443 0.0162789
364 0.985502 0.818506 0.014995
365 0.985502 0.817935 0.0137234
366 0.985502 0.797496 0.0184111
367 0.985502 0.792701 0.0171492
368 0.985502 0.78369 0.0177212
369 0.985502 0.799134 0.0146107
370 0.985502 0.813129 0.0150029
371 0.985502 0.820385 0.01456
372 0.985502 0.829219 0.0141963
373 0.985502 0.825215 0.0143434
374 0.985502 0.803583 0.0173804
375 0.985502 0.792579 0.0180904
376 0.985502 0.804347 0.0159844
377 0.985917 0.788982 0.0164923
378 0.985917 0.782866 0.0172048
379 0.985917 0.791672 0.0172851
380 0.985917 0.804184 0.0189657
381 0.986278 0.803234 0.0181643
382 0.986278 0.810332 0.0159631
383 0.986278 0.78273 0.0167023
384 0.986278 0.793106 0.0139777
385 0.986278 0.804427 0.0153008
386 0.986278 0.802383 0.0161549
387 0.986278 0.803398 0.0167391
388 0.986278 0.79088 0.0169749
389 0.986278 0.791253 0.018806
390 0.986378 0.790032 0.0193109
391 0.986378 0.794867 0.0160845
392 0.986378 0.810334 0.0164675
393 0.986378 0.791778 0.0176681
394 0.986378 0.785331 0.0176455
395 0.986378 0.784682 0.016233
396 0.986378 0.769196 0.0184526
397 0.986378 0.797046 0.0164098
398 0.986378 0.794221 0.0182734
399 0.986378 0.79571 0.0152478
400 0.986378 0.788329 0.0179711
401 0.986378 0.790817 0.0181363
402 0.986378 0.797745 0.0163959
403 0.986378 0.802115 0.0160265
404 0.986378 0.808522 0.0163725
405 0.986378 0.797588 0.0164126
406 0.986378 0.814578 0.014441
407 0.986425 0.797319 0.0157127
408 0.986425 0.812832 0.0146243
409 0.986425 0.797276 0.0148822
410 0.986425 0.776712 0.0167299
411 0.986425 0.799844 0.0170716
412 0.986425 0.797869 0.0167739
413 0.986425 0.802156 0.0150517
414 0.986425 0.809682 0.0182092
415 0.986435 0.803855 0.0177946
416 0.986435 0.80208 0.0153312
417 0.986435 0.808983 0.0137988
418 0.986435 0.805767 0.0130775
419 0.986435 0.795898 0.0186869
420 0.986435 0.805099 0.0147854
421 0.986435 0.817194 0.0154611
422 0.986435 0.811789 0.0146961
423 0.986435 0.815199 0.0147326
424 0.986435 0.801829 0.0154542
425 0.986435 0.789762 0.0125741
426 0.986435 0.779512 0.0128518
427 0.986435 0.781743 0.0175339
428 0.986435 0.817093 0.0152214
429 0.986435 0.809631 0.0147074
430 0.986435 0.821835 0.0109311
431 0.986435 0.817281 0.0103062
432 0.986435 0.809155 0.0128836
433 0.986459 0.812291 0.0137945
434 0.986459 0.800342 0.0132074
435 0.986459 0.819357 0.0123984
436 0.986459 0.786787 0.0160174
437 0.986459 0.793913 0.0157042
438 0.986459 0.816334 0.0151227
439 0.986459 0.80928 0.0141194
440 0.986459 0.811226 0.014218
441 0.986459 0.803932 0.0146539
442 0.986459 0.800385 0.0158438
443 0.986578 0.799856 0.0147831
444 0.986578 0.782316 0.014146
445 0.986578 0.793938 0.01666
446 0.986578 0.786958 0.0183625
447 0.986578 0.791133 0.0164595
448 0.986578 0.807254 0.0156566
449 0.986578 0.799777 0.0152382
450 0.986578 0.804726 0.0179363
451 0.986578 0.792854 0.017474
452 0.986578 0.798012 0.0161104
453 0.986578 0.80735 0.0151415
454 0.986578 0.794824 0.0155508
455 0.986578 0.78234 0.0147783
456 0.986578 0.793679 0.0173892
457 0.986578 0.783424 0.0160018
458 0.986578 0.790385 0.0149065
459 0.986578 0.810393 0.013713
460 0.986578 0.789621 0.0143585
461 0.986578 0.804068 0.0144751
462 0.986578 0.803998 0.0159795
463 0.986578 0.794826 0.0162842
464 0.986578 0.800439 0.015435
465 0.986578 0.793766 0.014141
466 0.986771 0.802736 0.0164075
467 0.987642 0.811125 0.0150724
468 0.987642 0.810946 0.0133357
469 0.987642 0.791544 0.0164836
470 0.987642 0.798756 0.0181176
471 0.987642 0.795449 0.0163088
472 0.987642 0.808482 0.0183676
473 0.987642 0.805283 0.0180622
474 0.987642 0.795795 0.0172167
475 0.987642 0.774933 0.01784
476 0.987642 0.786786 0.0155135
477 0.987642 0.78447 0.0188712
478 0.987642 0.788578 0.0165184
479 0.987642 0.809463 0.0160271
480 0.987642 0.791697 0.0168081
481 0.987642 0.809666 0.0183422
482 0.987642 0.805526 0.0174618
483 0.987642 0.820263 0.0154004
484 0.987642 0.814337 0.0135441
485 0.987642 0.825647 0.0146249
486 0.987642 0.80238 0.0137912
487 0.987642 0.797723 0.0114994
488 0.987642 0.807411 0.0136387
489 0.987642 0.792087 0.0157585
490 0.987642 0.790492 0.0149819
491 0.987642 0.790245 0.0161944
492 0.987642 0.791477 0.0134637
493 0.987642 0.808055 0.0130687
494 0.987642 0.817606 0.0140684
495 0.987642 0.806051 0.0151726
496 0.987642 0.80117 0.0134696
497 0.987642 0.788104 0.0145442
498 0.987642 0.799017 0.0185285
499 0.987642 0.813012 0.0164637
500 0.987642 0.803674 0.0188223
501 0.987642 0.805919 0.0157692
502 0.987642 0.803033 0.0115589
503 0.987642 0.792248 0.0149263
504 0.987642 0.809111 0.0151194
505 0.987642 0.813426 0.0158307
506 0.987686 0.808894 0.0148988
507 0.987686 0.813178 0.0149057
508 0.987686 0.808524 0.0144203
509 0.987686 0.778602 0.0173974
510 0.987686 0.782932 0.0159034
511 0.987686 0.793096 0.0134862
512 0.987686 0.789686 0.0150027
513 0.987686 0.778682 0.0191032
514 0.987686 0.791816 0.0194195
515 0.987686 0.785664 0.0179392
516 0.987686 0.787946 0.0149928
517 0.987686 0.797066 0.0141864
518 0.987686 0.78941 0.0140263
519 0.987686 0.798114 0.0151472
520 0.987686 0.786841 0.01613
521 0.987686 0.782427 0.0197722
522 0.987686 0.783193 0.0169023
523 0.987686 0.79587 0.0155269
524 0.987686 0.796671 0.0152102
525 0.987686 0.793768 0.0151363
526 0.987686 0.804412 0.0148477
527 0.987686 0.790234 0.0149036
528 0.987686 0.80706 0.0155917
529 0.987686 0.796075 0.0145368
530 0.987686 0.805143 0.0130413
531 0.987686 0.806215 0.0129673
532 0.987686 0.80999 0.013786
533 0.987686 0.802514 0.0136006
534 0.987686 0.808093 0.0125279
535 0.987686 0.818315 0.0142069
536 0.987686 0.801582 0.0131476
537 0.987686 0.811631 0.0116183
538 0.987686 0.812652 0.0151913
539 0.987686 0.793255 0.0153878
540 0.987686 0.801874 0.0161595
541 0.987686 0.793947 0.014957
542 0.987686 0.797713 0.0131498
543 0.987686 0.796213 0.0150731
544 0.987686 0.778278 0.0148729
545 0.987686 0.780666 0.0162983
546 0.987686 0.765738 0.0166869
547 0.987686 0.796204 0.0160208
548 0.987686 0.811809 0.0145898
549 0.987686 0.790944 0.0140411
550 0.987686 0.776663 0.0155756
551 0.987686 0.798611 0.0156012
552 0.987686 0.817691 0.0111931
553 0.987686 0.821174 0.013456
554 0.987686 0.795827 0.013729
555 0.987686 0.769455 0.0161847
556 0.987686 0.803019 0.0167983
557 0.987686 0.816617 0.0158207
558 0.987686 0.813937 0.0135492
559 0.987686 0.808681 0.0149774
560 0.987686 0.796606 0.0150912
561 0.987819 0.795117 0.0167687
562 0.987819 0.797745 0.0150762
563 0.987819 0.804921 0.0143763
564 0.987819 0.806612 0.0153372
565 0.987819 0.798127 0.0158794
566 0.987819 0.813958 0.011945
567 0.987819 0.787612 0.0153516
568 0.987819 0.792019 0.0139221
569 0.987819 0.782577 0.0175487
570 0.987819 0.791423 0.0145528
571 0.987819 0.789212 0.0155973
572 0.987819 0.806226 0.014819
573 0.987819 0.815308 0.0146716
574 0.987819 0.81427 0.0144822
575 0.987819 0.812975 0.0146717
576 0.987819 0.808432 0.01611
577 0.988132 0.816265 0.0144693
578 0.988132 0.825121 0.0161248
579 0.988132 0.809804 0.0110039
580 0.988132 0.802426 0.0153899
581 0.988132 0.79562 0.0173382
582 0.988132 0.797374 0.0148584
583 0.988132 0.794863 0.0168451
584 0.988132 0.791011 0.0161384
585 0.988132 0.799545 0.0139225
586 0.988132 0.78696 0.0145272
587 0.988132 0.795789 0.0129267
588 0.988132 0.809498 0.0133959
589 0.988132 0.814951 0.0130733
590 0.988132 0.820472 0.0129245
591 0.988132 0.806864 0.0142497
592 0.988132 0.823491 0.0130436
593 0.988132 0.810304 0.013779
594 0.988132 0.797727 0.0137092
595 0.988132 0.797651 0.0128208
596 0.988132 0.790272 0.0154587
597 0.988132 0.789929 0.0146811
598 0.988132 0.792057 0.0129668
599 0.988132 0.793045 0.0149064
600 0.988132 0.806838 0.0152109
601 0.988132 0.805284 0.0135556
602 0.988132 0.7954 0.0156589
603 0.988132 0.7899 0.0154185
604 0.988132 0.785202 0.0171373
605 0.988132 0.8048 0.0143903
606 0.988132 0.798277 0.0130857
607 0.988132 0.809821 0.0125528
608 0.988132 0.809595 0.0149376
609 0.988132 0.799025 0.0161117
610 0.988132 0.796255 0.0163247
611 0.988132 0.772386 0.0152655
612 0.988132 0.793883 0.0150397
613 0.988132 0.808131 0.0144139
614 0.988132 0.801462 0.0137183
615 0.988132 0.809017 0.0129767
616 0.988132 0.806069 0.0131595
617 0.988344 0.80431 0.015115
618 0.988344 0.80101 0.0142827
619 0.988344 0.79979 0.0159788
620 0.988344 0.80159 0.0124246
621 0.988344 0.803693 0.0143583
622 0.988344 0.799048 0.0168536
623 0.988344 0.797089 0.0154333
624 0.988344 0.809608 0.0147333
625 0.988344 0.805883 0.0148251
626 0.988344 0.798301 0.0140545
627 0.988344 0.797393 0.0136265
628 0.988344 0.786019 0.0155883
629 0.988344 0.783822 0.0157016
630 0.988344 0.781425 0.0166111
631 0.988344 0.782472 0.0162259
632 0.988344 0.771808 0.0132114
633 0.988344 0.788423 0.0149256
634 0.988344 0.80127 0.0143637
635 0.988344 0.796529 0.0139335
636 0.988344 0.799697 0.0149395
637 0.988344 0.787158 0.0131109
638 0.988344 0.791435 0.0160373
639 0.988344 0.796512 0.0154409
640 0.988344 0.786901 0.0147847
641 0.988344 0.786739 0.0163477
642 0.988344 0.821375 0.0124433
643 0.988344 0.81694 0.013282
644 0.988344 0.806408 0.0136768
645 0.988344 0.80063 0.0157061
646 0.988344 0.797905 0.0134377
647 0.988344 0.801618 0.0128822
648 0.988344 0.813995 0.0156651
649 0.988344 0.814524 0.0140501
650 0.988344 0.803735 0.0123612
651 0.988344 0.809834 0.0126635
652 0.988344 0.812673 0.0135923
653 0.988344 0.804271 0.0119197
654 0.988344 0.810338 0.0116372
655 0.988344 0.821106 0.0120527
656 0.988344 0.813472 0.0121188
657 0.988344 0.811159 0.0129308
658 0.988344 0.806265 0.0130157
659 0.988344 0.80521 0.013973
660 0.988344 0.816777 0.0156478
661 0.988344 0.796723 0.0154265
662 0.988344 0.798435 0.0142323
663 0.988344 0.790762 0.0145638
664 0.988344 0.807275 0.0155174
665 0.988344 0.801103 0.0153332
666 0.988344 0.800978 0.0158647
667 0.988344 0.803133 0.0150113
668 0.988344 0.803661 0.0136981
669 0.988344 0.81023 0.0133741
670 0.988344 0.81681 0.016803
671 0.988344 0.801618 0.0145445
672 0.988344 0.81159 0.0155163
673 0.988344 0.800363 0.0133529
674 0.988344 0.797907 0.0148569
675 0.988344 0.816062 0.0130015
676 0.988344 0.810086 0.0155096
677 0.988344 0.802285 0.0154011
678 0.988344 0.792726 0.0136163
679 0.988344 0.807557 0.0150944
680 0.988344 0.796442 0.0135438
681 0.988344 0.806925 0.0152025
682 0.988344 0.802158 0.0136008
683 0.988344 0.807942 0.0142886
684 0.988344 0.803451 0.0146063
685 0.988344 0.797526 0.0137503
686 0.988344 0.800587 0.0167607
687 0.988344 0.803928 0.0165769
688 0.988344 0.815307 0.0118361
689 0.988344 0.818258 0.011482
690 0.988344 0.812871 0.0149984
691 0.988344 0.810753 0.0127025
692 0.988344 0.812574 0.0118895
693 0.988344 0.79833 0.0131291
694 0.988344 0.798794 0.0132968
695 0.988344 0.803823 0.0151084
696 0.988344 0.806104 0.0151174
697 0.988344 0.811787 0.012812
698 0.988344 0.805617 0.0143719
699 0.988344 0.811072 0.0128511
700 0.988344 0.798402 0.0132847
701 0.988344 0.818318 0.0141802
702 0.988344 0.804234 0.0141212
703 0.988344 0.805053 0.0153787
704 0.988344 0.783916 0.0173825
705 0.988344 0.793306 0.0162969
706 0.988344 0.789389 0.0140105
707 0.988344 0.793256 0.0145186
708 0.988344 0.803127 0.0130371
709 0.988344 0.792286 0.0166736
710 0.988344 0.811776 0.0138955
711 0.988344 0.798604 0.01611
712 0.988344 0.800144 0.0168007
713 0.988344 0.799244 0.0167334
714 0.988344 0.810176 0.0165259
715 0.988344 0.808051 0.0173466
716 0.988344 0.809546 0.0146909
717 0.988344 0.804741 0.0162537
718 0.988344 0.798165 0.0145321
719 0.988344 0.815338 0.0142788
720 0.988344 0.813688 0.0184884
721 0.988344 0.816079 0.016789
722 0.988344 0.8157 0.0147178
723 0.988344 0.826324 0.0157674
724 0.988344 0.819445 0.0137931
725 0.988344 0.795663 0.0162258
726 0.988344 0.794971 0.0141869
727 0.988344 0.805595 0.01577
728 0.988344 0.801496 0.01494
729 0.988344 0.783785 0.0158686
730 0.988344 0.787407 0.0151975
731 0.988344 0.791965 0.015466
732 0.988344 0.79871 0.0134718
733 0.988344 0.800275 0.0151573
734 0.988344 0.808903 0.0130422
735 0.988344 0.810327 0.0139492
736 0.988344 0.814588 0.0152449
737 0.988344 0.802505 0.0152564
738 0.988344 0.815842 0.0141225
739 0.988344 0.807244 0.0129522
740 0.988344 0.780586 0.0160338
741 0.988344 0.791131 0.0158942
742 0.988344 0.80307 0.0166562
743 0.988344 0.81454 0.0163403
744 0.988344 0.812432 0.0163046
745 0.988344 0.792471 0.016432
746 0.988344 0.806706 0.0160325
747 0.988344 0.801659 0.0153058
748 0.988344 0.795999 0.0156496
749 0.988344 0.817376 0.012912
750 0.988344 0.802797 0.0154023
751 0.988378 0.795465 0.0137582
752 0.988378 0.799564 0.0136445
753 0.988378 0.815233 0.0133138
754 0.988378 0.796121 0.0136639
755 0.988378 0.803718 0.0138435
756 0.988378 0.805857 0.0159241
757 0.988378 0.796709 0.0161707
758 0.988378 0.792552 0.0144156
759 0.988378 0.79961 0.0176175
760 0.988378 0.795793 0.018484
761 0.988378 0.8037 0.0135785
762 0.988378 0.798689 0.0168477
763 0.988378 0.798795 0.0142527
764 0.988378 0.80508 0.0150374
765 0.988378 0.807947 0.0115909
766 0.988378 0.817086 0.0118247
767 0.988378 0.80913 0.0141394
768 0.988378 0.806197 0.0126055
769 0.988378 0.794321 0.015163
770 0.988378 0.810162 0.0124093
771 0.988378 0.819572 0.0104682
772 0.988378 0.821138 0.0126468
773 0.988378 0.798317 0.0143541
774 0.988378 0.802694 0.0149823
775 0.988378 0.789225 0.0161542
776 0.988378 0.800083 0.0156578
777 0.988378 0.797044 0.0167426
778 0.988378 0.782736 0.0158327
779 0.988378 0.795786 0.0152521
780 0.988378 0.789222 0.0173437
781 0.988378 0.800752 0.014858
782 0.988378 0.78129 0.0172103
783 0.988378 0.798747 0.0164668
784 0.988378 0.803637 0.0169437
785 0.988378 0.801557 0.0158803
786 0.988422 0.797183 0.0145649
787 0.988422 0.823095 0.0137252
788 0.988422 0.796484 0.0154088
789 0.988422 0.787923 0.0130401
790 0.988422 0.793532 0.0144457
791 0.988422 0.793441 0.0139501
792 0.988422 0.788194 0.0157063
793 0.988422 0.795089 0.0146167
794 0.988422 0.780803 0.016958
795 0.988491 0.780632 0.0187899
796 0.988491 0.792246 0.0157237
797 0.988491 0.791361 0.0157141
798 0.988491 0.788379 0.0153309
799 0.988491 0.782793 0.0145354
800 0.988491 0.784019 0.0137816
801 0.988491 0.777998 0.0155945
802 0.988491 0.801624 0.0132851
803 0.988491 0.809398 0.0126117
804 0.988491 0.796171 0.0145284
805 0.988491 0.804069 0.0129685
806 0.988491 0.786963 0.0138003
807 0.988491 0.794348 0.0154185
808 0.988491 0.812415 0.0143599
809 0.988491 0.799861 0.0140043
810 0.988491 0.802357 0.0132891
811 0.988491 0.809254 0.013223
812 0.988491 0.81275 0.0128238
813 0.988491 0.795395 0.0160785
814 0.988491 0.777779 0.0148275
815 0.988491 0.783126 0.0206011
816 0.988491 0.785612 0.0163281
817 0.988491 0.791457 0.0151097
818 0.988491 0.798548 0.0143792
819 0.988491 0.785727 0.0158478
820 0.988491 0.787563 0.0147613
821 0.988491 0.789686 0.0166818
822 0.988491 0.7943 0.0143949
823 0.988491 0.796254 0.0163697
824 0.988491 0.809858 0.0155807
825 0.988491 0.795673 0.0190258
826 0.988491 0.803799 0.0170981
827 0.988491 0.805803 0.015939
828 0.988491 0.809355 0.0151255
829 0.988491 0.79553 0.0164533
830 0.988491 0.793884 0.0158351
831 0.988491 0.800315 0.0132118
832 0.989054 0.803844 0.0146082
833 0.989054 0.801747 0.0144469
834 0.989054 0.805642 0.0154983
835 0.989054 0.812321 0.0148603
836 0.989054 0.794847 0.0136849
837 0.989054 0.805865 0.0126396
838 0.989054 0.817007 0.0129032
839 0.989054 0.819594 0.0107884
840 0.989054 0.832559 0.0137468
841 0.989054 0.804211 0.0131115
842 0.989054 0.803097 0.012218
843 0.989054 0.816458 0.0123848
844 0.989054 0.823494 0.011826
845 0.989054 0.828621 0.0125151
846 0.989054 0.808473 0.0153398
847 0.989054 0.804887 0.0148046
848 0.989054 0.796286 0.0153352
849 0.989054 0.810041 0.0145402
850 0.989054 0.816213 0.0132305
851 0.989054 0.805709 0.0149334
852 0.989054 0.792283 0.0133861
853 0.989054 0.809224 0.0145448
854 0.989054 0.806762 0.0128323
855 0.989054 0.805249 0.0160258
856 0.989054 0.799827 0.0151597
857 0.989054 0.780553 0.0137282
858 0.989054 0.797151 0.01409
859 0.989054 0.782969 0.0150573
860 0.989054 0.804819 0.0148357
861 0.989054 0.795211 0.0145887
862 0.989054 0.796711 0.0143283
863 0.989054 0.792377 0.0145852
864 0.989054 0.790214 0.0170004
865 0.989054 0.796057 0.0180791
866 0.989054 0.809823 0.0152024
867 0.989054 0.820388 0.0131714
868 0.989054 0.816148 0.0163888
869 0.989054 0.804546 0.0141082
870 0.989054 0.801512 0.0134977
871 0.989054 0.797203 0.014453
872 0.989054 0.807528 0.0133044
873 0.989054 0.810438 0.0109701
874 0.989054 0.827765 0.0129022
875 0.989054 0.81545 0.0104201
876 0.989054 0.800765 0.0128391
877 0.989054 0.782456 0.0161589
878 0.989054 0.805836 0.0161946
879 0.989054 0.807366 0.0142194
880 0.989054 0.796272 0.0140791
881 0.989054 0.799106 0.014871
882 0.989054 0.807358 0.0151402
883 0.989054 0.782343 0.0152299
884 0.989054 0.786588 0.0167741
885 0.989054 0.796384 0.015113
886 0.989054 0.815025 0.0139261
887 0.989054 0.820022 0.0125125
888 0.989054 0.823755 0.0145844
889 0.989054 0.823746 0.0136194
890 0.989054 0.805687 0.0152935
891 0.989054 0.797542 0.0121224
892 0.989054 0.792272 0.0153265
893 0.989062 0.804169 0.015535
894 0.989062 0.811811 0.0137907
895 0.989062 0.809823 0.0147589
896 0.989062 0.802594 0.0164798
897 0.989062 0.789815 0.0156628
898 0.989775 0.805754 0.0147421
899 0.989775 0.788976 0.0161046
900 0.989775 0.816534 0.0148231
901 0.989775 0.800635 0.0160692
902 0.989775 0.794607 0.0138145
903 0.989775 0.795906 0.015739
904 0.989775 0.788975 0.0170752
905 0.989775 0.801264 0.0145241
906 0.989775 0.777565 0.0141323
907 0.989775 0.77682 0.0162244
908 0.989775 0.795398 0.0133113
909 0.989775 0.787397 0.0136863
910 0.989775 0.803687 0.0154881
911 0.989775 0.800355 0.0170573
912 0.989775 0.791636 0.0184047
913 0.989775 0.80768 0.0157878
914 0.989775 0.819718 0.013213
915 0.989775 0.81106 0.0121615
916 0.989775 0.80889 0.0146159
917 0.989775 0.815229 0.0129812
918 0.989775 0.817121 0.0111586
919 0.989775 0.803905 0.0110738
920 0.989775 0.793507 0.0151276
921 0.989775 0.79225 0.0161913
922 0.989775 0.792062 0.0141801
923 0.989775 0.821584 0.0130103
924 0.989775 0.809904 0.0128645
925 0.989775 0.802169 0.0162931
926 0.989775 0.797193 0.017698
927 0.989775 0.796142 0.018009
928 0.989775 0.801337 0.0151144
929 0.989775 0.803661 0.014978
930 0.989775 0.804529 0.0157159
931 0.989775 0.795926 0.0142532
932 0.989775 0.788916 0.0127173
933 0.989775 0.822926 0.0124901
934 0.989775 0.822765 0.0117914
935 0.989775 0.816835 0.0117584
936 0.989775 0.803998 0.0145617
937 0.989775 0.803374 0.0106751
938 0.989775 0.794108 0.0131643
939 0.989775 0.783744 0.0149803
940 0.989775 0.788211 0.0152264
941 0.989775 0.7882 0.0159685
942 0.989775 0.791304 0.016197
943 0.989775 0.822369 0.0120957
944 0.989775 0.796275 0.0156133
945 0.989775 0.79225 0.0164228
946 0.989775 0.78835 0.0152652
947 0.989775 0.807122 0.0134668
948 0.989775 0.808522 0.0138557
949 0.989775 0.806197 0.0138586
950 0.989775 0.802407 0.0143235
951 0.989775 0.806496 0.0138094
952 0.989775 0.814916 0.0147839
953 0.989775 0.815782 0.0149398
954 0.989775 0.799867 0.0149247
955 0.989775 0.798284 0.0143818
956 0.989775 0.81915 0.0129107
957 0.989775 0.817863 0.0140405
958 0.989775 0.798246 0.013769
959 0.989775 0.815182 0.0161263
960 0.989775 0.827693 0.0170907
961 0.989775 0.807829 0.017844
962 0.989775 0.802246 0.0157826
963 0.989775 0.813948 0.0159004
964 0.989775 0.802181 0.0147642
965 0.989775 0.804728 0.013787
966 0.989775 0.812262 0.0140536
967 0.989775 0.817314 0.0126839
968 0.989775 0.827983 0.0117483
969 0.989775 0.834773 0.0132129
970 0.989775 0.817436 0.0153014
971 0.989775 0.804684 0.014836
972 0.989775 0.795939 0.0154708
973 0.989775 0.794187 0.0143682
974 0.989775 0.790028 0.0202437
975 0.989775 0.798627 0.0184977
976 0.989775 0.817884 0.0149855
977 0.989775 0.811621 0.0139098
978 0.989775 0.803686 0.0160993
979 0.989775 0.828534 0.0144005
980 0.989775 0.827132 0.0130649
981 0.989775 0.802109 0.0157034
982 0.989775 0.805033 0.0138768
983 0.989775 0.799324 0.0139556
984 0.989775 0.7868 0.0143576
985 0.989775 0.803428 0.0170706
986 0.989775 0.790086 0.0146082
987 0.989775 0.777019 0.0151925
988 0.989775 0.780341 0.0150376
989 0.989775 0.781706 0.0152089
990 0.989775 0.774968 0.0165323
991 0.989775 0.765958 0.0166807
992 0.989775 0.781116 0.0161921
993 0.989775 0.786223 0.015513
994 0.989775 0.796945 0.0156787
995 0.989775 0.790442 0.0161409
996 0.98982 0.796107 0.0171757
997 0.98982 0.78655 0.0148639
998 0.98982 0.801836 0.016211
999 0.98982 0.79949 0.0143674
1000 0.98982 0.809646 0.0182714
