0 0.336721 0.250565 0.000245846
1 0.336721 0.253913 0.000414675
2 0.336721 0.256567 0.000417463
3 0.355397 0.258151 0.000773127
4 0.356873 0.260897 0.00108801
5 0.36298 0.260792 0.00134651
6 0.387231 0.267439 0.00181467
7 0.463091 0.273369 0.00344701
8 0.463091 0.285618 0.00438833
9 0.589763 0.286972 0.00561886
10 0.589763 0.286932 0.00600106
11 0.589763 0.29107 0.00756175
12 0.589763 0.29255 0.00771577
13 0.589763 0.290748 0.00764371
14 0.589763 0.291764 0.00859512
15 0.598771 0.300982 0.00972796
16 0.598771 0.304409 0.0111047
17 0.603929 0.313631 0.0120691
18 0.61554 0.323365 0.0144198
19 0.61554 0.321344 0.0144832
20 0.631248 0.325333 0.0176875
21 0.637377 0.328653 0.0191955
22 0.657714 0.339118 0.0209741
23 0.657714 0.34268 0.0217367
24 0.657714 0.34446 0.021948
25 0.657714 0.349912 0.024784
26 0.688173 0.335769 0.0220984
27 0.688173 0.350083 0.0230767
28 0.688173 0.348419 0.022657
29 0.688173 0.362052 0.0259533
30 0.688173 0.381496 0.0269136
31 0.698563 0.365078 0.0290828
32 0.698563 0.379977 0.0290628
33 0.698563 0.381089 0.0306379
34 0.7013 0.399951 0.0331289
35 0.7013 0.391718 0.0331149
36 0.712837 0.409466 0.0348037
37 0.712837 0.403035 0.0331703
38 0.715245 0.437916 0.032491
39 0.715245 0.42782 0.0304993
40 0.715245 0.430197 0.0302006
41 0.715245 0.456656 0.0265795
42 0.715245 0.457706 0.0273425
43 0.715884 0.476407 0.0269653
44 0.715884 0.477762 0.0242023
45 0.715884 0.476398 0.0274834
46 0.733038 0.480596 0.0233226
47 0.733038 0.496639 0.0220971
48 0.733038 0.490959 0.0245854
49 0.733038 0.505687 0.0216497
50 0.733038 0.502692 0.0249358
51 0.733038 0.510945 0.0207944
52 0.733038 0.523494 0.0194175
53 0.733721 0.53434 0.0144722
54 0.733721 0.540154 0.0148632
55 0.733721 0.54793 0.0172544
56 0.734124 0.552921 0.0163894
57 0.734124 0.548647 0.016557
58 0.734124 0.554651 0.0163937
59 0.734124 0.551599 0.0143836
60 0.734124 0.548008 0.0175362
61 0.734124 0.54733 0.0194434
62 0.734124 0.547368 0.0161659
63 0.734124 0.564243 0.0137858
64 0.734124 0.562234 0.0139445
65 0.734851 0.557171 0.0114006
66 0.734851 0.572574 0.0119061
67 0.734851 0.56331 0.0148913
68 0.734851 0.562576 0.0138956
69 0.735581 0.56615 0.0117692
70 0.735581 0.574504 0.0117045
71 0.735581 0.566989 0.0124024
72 0.735581 0.564244 0.0140795
73 0.735581 0.5526 0.0165726
74 0.735581 0.569286 0.0137016
75 0.735581 0.546516 0.01501
76 0.735581 0.547182 0.0131563
77 0.735581 0.561056 0.0139583
78 0.735581 0.563304 0.0119171
79 0.735581 0.558375 0.0156728
80 0.735581 0.570899 0.0150419
81 0.735581 0.569186 0.0116277
82 0.735581 0.561335 0.0141154
83 0.735581 0.549069 0.0153325
84 0.735581 0.547549 0.0150998
85 0.735581 0.554029 0.0158462
86 0.735581 0.576458 0.014469
87 0.735581 0.553751 0.0168646
88 0.735581 0.559775 0.0138878
89 0.735581 0.546803 0.0143039
90 0.741582 0.550574 0.0126564
91 0.741582 0.544273 0.0117229
92 0.741582 0.541436 0.0145094
93 0.741582 0.533438 0.0175988
94 0.741582 0.543307 0.0142307
95 0.741582 0.558256 0.0136672
96 0.741582 0.553658 0.0146417
97 0.743858 0.554789 0.0139706
98 0.743858 0.548845 0.0163648
99 0.743858 0.546146 0.0183378
100 0.743858 0.549401 0.0178541
101 0.743858 0.534955 0.0198748
102 0.743858 0.537424 0.0163418
103 0.746482 0.557088 0.0180544
104 0.746482 0.564878 0.0182354
105 0.746482 0.55587 0.0164044
106 0.746482 0.545065 0.0201815
107 0.746482 0.528954 0.0186734
108 0.746482 0.549949 0.0166918
109 0.746482 0.548367 0.0174099
110 0.746482 0.556169 0.0149812
111 0.746482 0.556631 0.0137536
112 0.746482 0.555795 0.0148763
113 0.746482 0.547523 0.0154967
114 0.747661 0.552028 0.016368
115 0.747661 0.545717 0.0168665
116 0.747661 0.543374 0.0177657
117 0.747661 0.547499 0.0167889
118 0.747661 0.536578 0.0220237
119 0.747661 0.546646 0.0198136
120 0.747661 0.534883 0.0207378
121 0.753117 0.544004 0.0204579
122 0.753117 0.545643 0.0184862
123 0.753117 0.549645 0.0162208
124 0.753117 0.564459 0.0166475
125 0.753117 0.550478 0.0174528
126 0.753117 0.567265 0.0149445
127 0.753117 0.56546 0.0135132
128 0.753117 0.562532 0.0131488
129 0.753117 0.554688 0.0154907
130 0.753117 0.552385 0.017887
131 0.765272 0.580274 0.0145399
132 0.765272 0.560365 0.0148347
133 0.765272 0.566379 0.0152408
134 0.765272 0.574258 0.0164552
135 0.765272 0.57834 0.0166018
136 0.765272 0.564397 0.0162246
137 0.765272 0.589568 0.0124336
138 0.765272 0.570745 0.015974
139 0.765272 0.569923 0.0141878
140 0.766591 0.54606 0.0189333
141 0.768861 0.549929 0.0146276
142 0.768861 0.559447 0.016678
143 0.768861 0.548602 0.0171037
144 0.768861 0.554779 0.0166387
145 0.768861 0.557934 0.0175428
146 0.768861 0.563188 0.0171508
147 0.768861 0.566196 0.014051
148 0.769093 0.565773 0.0179904
149 0.769093 0.569529 0.0169672
150 0.769093 0.569308 0.0164983
151 0.772091 0.567061 0.0141317
152 0.772091 0.550445 0.020345
153 0.772091 0.565543 0.0152099
154 0.772091 0.56601 0.0178031
155 0.772091 0.579491 0.0147125
156 0.772091 0.58234 0.0149158
157 0.772091 0.585551 0.015653
158 0.772091 0.57591 0.011538
159 0.772091 0.569835 0.0140469
160 0.772091 0.567785 0.0161489
161 0.772091 0.550603 0.0206728
162 0.772091 0.560202 0.018521
163 0.772091 0.551728 0.0222578
164 0.773059 0.562326 0.0168287
165 0.773059 0.564409 0.0211455
166 0.773059 0.577021 0.0168116
167 0.773059 0.574581 0.0140174
168 0.773059 0.574856 0.0157543
169 0.773059 0.574992 0.0184593
170 0.773771 0.575042 0.0194848
171 0.773771 0.562953 0.0193827
172 0.773771 0.56095 0.025093
173 0.773771 0.570571 0.0200715
174 0.773771 0.56717 0.0179489
175 0.773771 0.571106 0.0177135
176 0.773771 0.57374 0.0165425
177 0.773771 0.574831 0.019251
178 0.773771 0.55247 0.0191067
179 0.773771 0.560649 0.0172154
180 0.773771 0.56354 0.0226954
181 0.773771 0.535553 0.0215356
182 0.773771 0.536528 0.0277173
183 0.773771 0.534698 0.027757
184 0.773771 0.55143 0.0271819
185 0.773771 0.551987 0.0225301
186 0.773771 0.557318 0.0194344
187 0.773771 0.549853 0.0206475
188 0.773771 0.57885 0.0186254
189 0.77501 0.561978 0.0186052
190 0.77501 0.559887 0.0192291
191 0.77501 0.56976 0.0193067
192 0.77501 0.571007 0.0180318
193 0.77501 0.553194 0.0204412
194 0.77501 0.564871 0.0176659
195 0.77501 0.572342 0.0171407
196 0.77501 0.55749 0.0165126
197 0.77501 0.564483 0.0163568
198 0.77501 0.573004 0.0192371
199 0.77501 0.567242 0.0184747
200 0.77501 0.558894 0.0174686
201 0.77501 0.568623 0.018235
202 0.77501 0.578463 0.0157302
203 0.77501 0.580213 0.0148983
204 0.77501 0.566427 0.020052
205 0.77501 0.56305 0.0182878
206 0.77501 0.571137 0.017042
207 0.77501 0.565496 0.0204357
208 0.77501 0.57807 0.0164309
209 0.77501 0.556156 0.0184589
210 0.77501 0.579654 0.0170312
211 0.77501 0.591345 0.0141993
212 0.77501 0.584357 0.0155594
213 0.77501 0.580119 0.0152876
214 0.77501 0.578904 0.0141937
215 0.77501 0.573149 0.013191
216 0.77501 0.578827 0.0134035
217 0.777379 0.580192 0.0140703
218 0.782812 0.594028 0.0144692
219 0.782812 0.591657 0.0137204
220 0.782812 0.582131 0.0154773
221 0.782812 0.570675 0.016369
222 0.782812 0.562866 0.0167263
223 0.782812 0.561657 0.0197432
224 0.782812 0.563389 0.0174098
225 0.782812 0.560706 0.016163
226 0.782812 0.560641 0.0189081
227 0.782812 0.564552 0.0166052
228 0.782812 0.561688 0.0179844
229 0.782812 0.574837 0.0134362
230 0.782812 0.57592 0.0157066
231 0.78574 0.57245 0.014942
232 0.78574 0.581488 0.0169554
233 0.787557 0.579548 0.0214465
234 0.787557 0.566777 0.0180945
235 0.787557 0.576907 0.0157304
236 0.787557 0.583791 0.0192667
237 0.787557 0.567235 0.0205994
238 0.787557 0.582521 0.0186924
239 0.787557 0.582896 0.0158003
240 0.787557 0.575013 0.0165702
241 0.787557 0.583511 0.0175001
242 0.787557 0.56059 0.0203082
243 0.787557 0.568244 0.0163198
244 0.787557 0.582569 0.0165686
245 0.787557 0.565968 0.0190738
246 0.787557 0.578033 0.0187239
247 0.787557 0.556803 0.0214267
248 0.787557 0.587986 0.0151356
249 0.787557 0.593763 0.0133143
250 0.787557 0.587725 0.0165326
251 0.787557 0.59239 0.0161795
252 0.788808 0.58735 0.0152988
253 0.788808 0.585469 0.0144735
254 0.788808 0.574476 0.01486
255 0.788808 0.586713 0.0181391
256 0.788808 0.561677 0.0203816
257 0.788808 0.574269 0.0195394
258 0.788808 0.571696 0.0185409
259 0.792022 0.573145 0.0170375
260 0.792022 0.578514 0.0165694
261 0.792022 0.572887 0.0169222
262 0.792022 0.55792 0.0151203
263 0.792022 0.556451 0.0172447
264 0.792022 0.580854 0.0178037
265 0.792022 0.583028 0.0153858
266 0.792022 0.568214 0.0139401
267 0.792022 0.575615 0.0147084
268 0.792022 0.580636 0.0143337
269 0.792022 0.576369 0.0177432
270 0.792022 0.539562 0.0212354
271 0.792022 0.547581 0.0238728
272 0.792022 0.559275 0.0181755
273 0.792022 0.560533 0.0203375
274 0.792022 0.561673 0.0231262
275 0.792022 0.576991 0.0241794
276 0.792022 0.577295 0.0225672
277 0.792022 0.550645 0.022458
278 0.792022 0.569115 0.0191252
279 0.792022 0.582617 0.0165754
280 0.792022 0.560076 0.0184923
281 0.792022 0.570814 0.0196311
282 0.792022 0.563598 0.0212887
283 0.792022 0.558914 0.0179388
284 0.792022 0.55576 0.0184241
285 0.792022 0.563064 0.0218978
286 0.792022 0.562089 0.0229428
287 0.792022 0.566522 0.0199085
288 0.792022 0.553647 0.0242929
289 0.792022 0.567431 0.0234846
290 0.792022 0.563605 0.0180485
291 0.792022 0.559579 0.0202293
292 0.792022 0.551749 0.0199818
293 0.792022 0.552313 0.019731
294 0.792022 0.561812 0.0187655
295 0.792022 0.564302 0.017834
296 0.792022 0.551757 0.0216946
297 0.792022 0.568913 0.0189551
298 0.792022 0.569223 0.0197209
299 0.792022 0.565178 0.0191856
300 0.792022 0.571113 0.0202895
301 0.792022 0.556217 0.0217177
302 0.792022 0.541354 0.0287463
303 0.792022 0.56915 0.0200669
304 0.792022 0.562475 0.0209074
305 0.792022 0.526911 0.0236039
306 0.792022 0.530055 0.0239739
307 0.792022 0.539472 0.0245816
308 0.792022 0.552591 0.0224106
309 0.792022 0.573472 0.0202845
310 0.792022 0.572596 0.0217934
311 0.792022 0.582179 0.0217952
312 0.792022 0.585797 0.0202017
313 0.792022 0.590981 0.0143857
314 0.792022 0.578346 0.0139415
315 0.792022 0.571739 0.0163681
316 0.792022 0.596793 0.0166813
317 0.792022 0.593143 0.0140626
318 0.792022 0.578638 0.0168126
319 0.792022 0.558899 0.0166388
320 0.792022 0.552619 0.0186358
321 0.792022 0.568932 0.0190571
322 0.792022 0.584039 0.0178511
323 0.792022 0.574708 0.0181316
324 0.792022 0.55373 0.0195215
325 0.792022 0.561959 0.0200886
326 0.792022 0.56141 0.0189735
327 0.792022 0.556725 0.0208375
328 0.792022 0.56619 0.0179237
329 0.792022 0.564626 0.0195495
330 0.792022 0.56551 0.0178675
331 0.792022 0.561814 0.0207866
332 0.792022 0.550656 0.0199224
333 0.792022 0.554954 0.0231958
334 0.792022 0.562173 0.0237038
335 0.792022 0.559894 0.0190074
336 0.792022 0.560064 0.0184458
337 0.792022 0.575132 0.019205
338 0.792022 0.55725 0.0230747
339 0.792022 0.547686 0.0193734
340 0.792022 0.558798 0.0217363
341 0.792022 0.561096 0.0185176
342 0.792022 0.563774 0.0177948
343 0.792022 0.594057 0.01354
344 0.793542 0.585094 0.0167411
345 0.793542 0.582222 0.0150637
346 0.793542 0.564731 0.0178472
347 0.793542 0.57587 0.016229
348 0.793542 0.565509 0.0204525
349 0.793542 0.587325 0.0151751
350 0.793542 0.588066 0.0168502
351 0.793542 0.576974 0.0170596
352 0.793542 0.544258 0.0203914
353 0.793542 0.560539 0.018832
354 0.793542 0.568528 0.0180543
355 0.793542 0.58479 0.0185715
356 0.793542 0.565765 0.0203061
357 0.793542 0.568421 0.0194684
358 0.793542 0.557114 0.021002
359 0.793542 0.549794 0.0218077
360 0.793542 0.555806 0.0207593
361 0.793542 0.548589 0.0237139
362 0.793542 0.526852 0.0245945
363 0.793542 0.536191 0.0219292
364 0.793542 0.551932 0.0207839
365 0.793542 0.538843 0.0260624
366 0.793542 0.541961 0.0214044
367 0.793542 0.545912 0.0222719
368 0.793542 0.562627 0.0221602
369 0.793542 0.558356 0.0223951
370 0.793542 0.540533 0.0223247
371 0.793542 0.577672 0.015815
372 0.793542 0.565792 0.0188041
373 0.793542 0.586093 0.0143182
374 0.793542 0.586508 0.0138382
375 0.793542 0.594915 0.0133538
376 0.793542 0.59138 0.0179236
377 0.793542 0.581574 0.0210872
378 0.793542 0.589751 0.0179474
379 0.793542 0.589827 0.0171014
380 0.793542 0.587575 0.0163083
381 0.793542 0.594244 0.0137332
382 0.793542 0.575619 0.020357
383 0.793542 0.58906 0.0164919
384 0.793542 0.60576 0.0133019
385 0.793542 0.592978 0.0111155
386 0.793542 0.587677 0.0138192
387 0.793542 0.591913 0.0142984
388 0.793542 0.600115 0.0122737
389 0.793542 0.57399 0.0128833
390 0.793542 0.572718 0.0134951
391 0.793542 0.581692 0.0143713
392 0.793542 0.581935 0.0155995
393 0.793542 0.58823 0.0153471
394 0.793542 0.551603 0.0171622
395 0.793542 0.563905 0.017014
396 0.793542 0.565898 0.0164583
397 0.793542 0.55987 0.0152258
398 0.793542 0.570533 0.0149429
399 0.793542 0.552311 0.0196394
400 0.793542 0.546851 0.0193935
401 0.793542 0.573751 0.0186345
402 0.793542 0.575398 0.0170259
403 0.793542 0.571199 0.0160873
404 0.793542 0.568202 0.0182179
405 0.793542 0.56504 0.0163599
406 0.793542 0.573564 0.0166471
407 0.793542 0.573227 0.0187556
408 0.793542 0.566664 0.0181173
409 0.793542 0.547246 0.0213335
410 0.793542 0.555578 0.0185481
411 0.793542 0.552614 0.02325
412 0.793542 0.569397 0.0205576
413 0.793542 0.550683 0.0207218
414 0.793542 0.563816 0.021472
415 0.793542 0.57015 0.0172797
416 0.793542 0.573798 0.0183816
417 0.793542 0.570253 0.0162797
418 0.793542 0.573566 0.0143557
419 0.793542 0.560475 0.020209
420 0.793542 0.560524 0.0201944
421 0.793542 0.53901 0.0225004
422 0.793542 0.554161 0.0164404
423 0.793542 0.547883 0.0185361
424 0.793542 0.551886 0.0208796
425 0.793542 0.56594 0.0217568
426 0.793542 0.55696 0.0209858
427 0.793542 0.533665 0.0240393
428 0.793542 0.528016 0.0234606
429 0.793542 0.539515 0.0246888
430 0.793542 0.54659 0.0233757
431 0.793542 0.56187 0.0181241
432 0.793542 0.568374 0.0202366
433 0.793542 0.554537 0.0211254
434 0.793542 0.555967 0.0249318
435 0.793542 0.566708 0.0233672
436 0.793542 0.564006 0.0223837
437 0.793542 0.554018 0.0214758
438 0.793542 0.55091 0.0209249
439 0.793542 0.566797 0.0150599
440 0.793542 0.57816 0.0169013
441 0.793542 0.564602 0.0200239
442 0.793542 0.537632 0.0183068
443 0.793542 0.529524 0.020934
444 0.793542 0.534418 0.0224058
445 0.793542 0.532841 0.0213181
446 0.793542 0.538976 0.0220838
447 0.793542 0.548678 0.0238007
448 0.793542 0.544175 0.0231712
449 0.793542 0.553955 0.0197513
450 0.793542 0.556038 0.0212221
451 0.793542 0.544832 0.019904
452 0.793542 0.538873 0.025667
453 0.793542 0.555947 0.0236818
454 0.793542 0.554033 0.0213576
455 0.793542 0.550041 0.0209193
456 0.793542 0.567644 0.0201036
457 0.793542 0.563545 0.0231348
458 0.793542 0.588196 0.021353
459 0.793542 0.577498 0.018071
460 0.793542 0.552725 0.0177391
461 0.793542 0.565893 0.0191563
462 0.793542 0.552624 0.0207347
463 0.793542 0.555399 0.016871
464 0.793542 0.535293 0.0231096
465 0.793542 0.535747 0.0204539
466 0.793542 0.54879 0.0187685
467 0.793542 0.545464 0.0153762
468 0.793542 0.538531 0.0228995
469 0.793542 0.549447 0.0201954
470 0.793542 0.555801 0.0236241
471 0.793542 0.573722 0.0198027
472 0.793542 0.561884 0.0189133
473 0.793542 0.564182 0.0181809
474 0.793542 0.551929 0.019658
475 0.793542 0.564186 0.020829
476 0.793542 0.544516 0.0219803
477 0.793542 0.53935 0.0207143
478 0.793542 0.536099 0.0209728
479 0.793542 0.560796 0.0185558
480 0.793542 0.552317 0.0236369
481 0.793542 0.552638 0.0193597
482 0.793542 0.524735 0.0245961
483 0.793542 0.530413 0.0235461
484 0.793542 0.551289 0.0242132
485 0.793542 0.564538 0.0193053
486 0.793542 0.549518 0.0218868
487 0.793542 0.549705 0.0207444
488 0.793542 0.557093 0.0216161
489 0.793542 0.566891 0.0235289
490 0.793542 0.555247 0.0249573
491 0.793542 0.547892 0.0275381
492 0.793542 0.586398 0.0233244
493 0.793542 0.581172 0.0182248
494 0.793542 0.580669 0.0182363
495 0.793542 0.582119 0.0185254
496 0.793542 0.557141 0.016908
497 0.793542 0.551249 0.0191104
498 0.793542 0.551887 0.0203186
499 0.793542 0.537333 0.0263568
500 0.793542 0.559034 0.0214813
501 0.793542 0.574167 0.0166442
502 0.793542 0.574369 0.0163926
503 0.793542 0.576151 0.0152863
504 0.793542 0.57544 0.0177514
505 0.793542 0.557961 0.0209494
506 0.793542 0.578297 0.0180358
507 0.793542 0.561173 0.0200845
508 0.793542 0.563927 0.0183689
509 0.793542 0.556814 0.0239085
510 0.793542 0.553297 0.0219895
511 0.793542 0.560566 0.0221542
512 0.793542 0.547662 0.0236225
513 0.793542 0.543195 0.0218892
514 0.793542 0.540838 0.0245202
515 0.793542 0.525005 0.0267083
516 0.793542 0.531989 0.0230732
517 0.793542 0.524473 0.0249691
518 0.793542 0.534496 0.021343
519 0.793542 0.53443 0.0201717
520 0.793542 0.532506 0.0208225
521 0.793542 0.537471 0.0249542
522 0.793542 0.548932 0.0213277
523 0.793542 0.537818 0.0204616
524 0.793542 0.54346 0.0192425
525 0.793542 0.559273 0.016155
526 0.793542 0.566109 0.018046
527 0.793542 0.572433 0.019175
528 0.793542 0.565812 0.0178066
529 0.793542 0.551655 0.0196913
530 0.793542 0.544899 0.0220808
531 0.793542 0.539639 0.021162
532 0.793542 0.555629 0.0190264
533 0.793542 0.560402 0.0180705
534 0.793542 0.545332 0.0177103
535 0.793542 0.548551 0.0201731
536 0.793542 0.558401 0.021265
537 0.793542 0.573955 0.0172656
538 0.793542 0.555719 0.0181529
539 0.793542 0.541264 0.0195059
540 0.793542 0.572706 0.0198569
541 0.793542 0.586346 0.0168215
542 0.793542 0.56843 0.0153606
543 0.793542 0.553226 0.0169953
544 0.793542 0.539656 0.0218576
545 0.793542 0.530547 0.0209748
546 0.793542 0.543164 0.0201924
547 0.793542 0.536801 0.0214959
548 0.793542 0.562304 0.018396
549 0.793542 0.561595 0.0164099
550 0.793542 0.555785 0.0202393
551 0.793542 0.554052 0.0224855
552 0.793542 0.569075 0.0189751
553 0.793542 0.575131 0.0219156
554 0.793542 0.570079 0.017641
555 0.793542 0.569489 0.0141611
556 0.793542 0.579468 0.0163391
557 0.793542 0.573308 0.0171667
558 0.793542 0.55809 0.0168779
559 0.793542 0.561565 0.020538
560 0.793542 0.565039 0.0193372
561 0.793542 0.58076 0.016569
562 0.793542 0.567319 0.0156891
563 0.793542 0.582665 0.0158041
564 0.793542 0.56414 0.0179278
565 0.793542 0.560457 0.0155861
566 0.793542 0.564098 0.0139654
567 0.793542 0.582062 0.0185625
568 0.793542 0.581155 0.0165869
569 0.793542 0.580687 0.0171785
570 0.793542 0.567801 0.0225869
571 0.793542 0.580522 0.018913
572 0.793903 0.571192 0.0207024
573 0.793903 0.548574 0.0236932
574 0.793903 0.567087 0.0232007
575 0.793903 0.562986 0.0219006
576 0.793903 0.548187 0.0260302
577 0.793903 0.541138 0.0279625
578 0.793903 0.538268 0.0261567
579 0.793903 0.536934 0.0263619
580 0.793903 0.533444 0.0244239
581 0.793903 0.547642 0.0252197
582 0.793903 0.559671 0.0235584
583 0.793903 0.540584 0.0244935
584 0.793903 0.552907 0.0258193
585 0.794957 0.542427 0.0216936
586 0.794957 0.559195 0.0237141
587 0.794957 0.570897 0.0198992
588 0.794957 0.570844 0.0222409
589 0.794957 0.555894 0.0187619
590 0.794957 0.566767 0.0184915
591 0.794957 0.562209 0.0173965
592 0.794957 0.567203 0.0178927
593 0.794957 0.55368 0.0223002
594 0.794957 0.535927 0.0223408
595 0.794957 0.557157 0.020174
596 0.794957 0.562772 0.0200409
597 0.794957 0.562595 0.0201302
598 0.794957 0.548374 0.0213797
599 0.794957 0.550945 0.0171968
600 0.794957 0.572194 0.0168802
601 0.794957 0.558169 0.0214693
602 0.794957 0.557761 0.0195418
603 0.794957 0.578494 0.0203643
604 0.794957 0.590189 0.0195418
605 0.794957 0.581051 0.0182387
606 0.794957 0.589903 0.0189635
607 0.794957 0.584365 0.0196272
608 0.794957 0.561305 0.0195837
609 0.794957 0.569777 0.0212277
610 0.794957 0.558288 0.0221916
611 0.794957 0.552192 0.0233701
612 0.794957 0.558741 0.0222817
613 0.794957 0.554375 0.0203024
614 0.794957 0.556206 0.0172853
615 0.794957 0.562675 0.0174254
616 0.794957 0.552242 0.0214387
617 0.794957 0.537549 0.0216301
618 0.794957 0.54583 0.0219153
619 0.794957 0.542741 0.0261764
620 0.794957 0.554756 0.0189353
621 0.794957 0.575748 0.01799
622 0.794957 0.569085 0.0189546
623 0.794957 0.574272 0.0197004
624 0.794957 0.569604 0.0165775
625 0.794957 0.548665 0.018493
626 0.794957 0.561886 0.0195762
627 0.794957 0.565072 0.0174311
628 0.794957 0.569193 0.0158146
629 0.794957 0.567587 0.0175449
630 0.794957 0.562431 0.0192164
631 0.794957 0.561116 0.0192584
632 0.794957 0.570197 0.0207438
633 0.796061 0.564104 0.0188472
634 0.796061 0.565287 0.0235683
635 0.796061 0.578297 0.0183112
636 0.796061 0.599121 0.0147911
637 0.796061 0.574454 0.017385
638 0.796061 0.579732 0.0185348
639 0.796061 0.597147 0.0162071
640 0.796061 0.579854 0.013769
641 0.796061 0.57395 0.0153049
642 0.796061 0.575084 0.0147979
643 0.796061 0.598994 0.0163039
644 0.796061 0.582775 0.0176189
645 0.796061 0.563898 0.0220038
646 0.796061 0.555061 0.0217885
647 0.796061 0.559027 0.0196027
648 0.796061 0.561365 0.0198201
649 0.796061 0.568751 0.0150842
650 0.796061 0.555703 0.0200104
651 0.796061 0.556804 0.0215651
652 0.796061 0.56768 0.0177964
653 0.796061 0.560577 0.0161424
654 0.796061 0.545074 0.0191364
655 0.796061 0.561951 0.0194755
656 0.796061 0.560256 0.0168024
657 0.796061 0.562349 0.0196413
658 0.796061 0.548931 0.0191685
659 0.796061 0.546672 0.0176026
660 0.796061 0.549586 0.0210986
661 0.796061 0.544806 0.0204699
662 0.796061 0.54723 0.0209918
663 0.796061 0.551915 0.0165954
664 0.796061 0.546271 0.0180969
665 0.796061 0.579438 0.0199489
666 0.796061 0.562077 0.0179
667 0.796061 0.560665 0.0188784
668 0.796061 0.551239 0.0177806
669 0.796061 0.541822 0.0222577
670 0.796061 0.555884 0.0207736
671 0.796061 0.571484 0.0206542
672 0.796061 0.567569 0.0177232
673 0.796061 0.577407 0.0141647
674 0.796061 0.579867 0.0176743
675 0.796061 0.590609 0.0154607
676 0.796061 0.577761 0.0139416
677 0.796061 0.594337 0.0129941
678 0.796061 0.577098 0.015042
679 0.796061 0.556605 0.0172771
680 0.796061 0.552735 0.0199976
681 0.796061 0.535043 0.0236411
682 0.796061 0.550432 0.0198719
683 0.796061 0.554139 0.0215134
684 0.796061 0.554574 0.0222008
685 0.796061 0.5578 0.0212292
686 0.796061 0.559531 0.0246306
687 0.796061 0.556497 0.019803
688 0.796061 0.55775 0.0203425
689 0.796061 0.554486 0.0191215
690 0.796061 0.535675 0.0225677
691 0.796061 0.538497 0.0217277
692 0.796061 0.556252 0.0204132
693 0.796061 0.553112 0.0189077
694 0.796061 0.554976 0.0197464
695 0.796061 0.570118 0.0181605
696 0.796061 0.560604 0.0168575
697 0.796061 0.562495 0.0155106
698 0.796061 0.556201 0.0167411
699 0.796061 0.558159 0.0198438
700 0.796061 0.566433 0.0188247
701 0.796061 0.573677 0.0171841
702 0.796061 0.567583 0.0156662
703 0.796061 0.554533 0.0181672
704 0.796061 0.541436 0.0179457
705 0.796061 0.55622 0.0184116
706 0.796061 0.553559 0.0177001
707 0.796061 0.567205 0.0152432
708 0.796061 0.556742 0.0171662
709 0.796061 0.557524 0.0134599
710 0.796061 0.547155 0.0170755
711 0.796062 0.568608 0.0165768
712 0.796062 0.562838 0.0176286
713 0.796062 0.570814 0.0176782
714 0.796062 0.580241 0.0166386
715 0.796062 0.565877 0.0176966
716 0.796062 0.560142 0.0173723
717 0.796062 0.536188 0.0152458
718 0.796062 0.545686 0.0179525
719 0.796062 0.556695 0.0205054
720 0.796062 0.53108 0.0230242
721 0.796062 0.558635 0.0151556
722 0.796062 0.553209 0.0155102
723 0.796062 0.564988 0.0137655
724 0.796062 0.568031 0.0188342
725 0.796062 0.568633 0.0177994
726 0.796062 0.571583 0.0189989
727 0.796062 0.589791 0.0154009
728 0.796062 0.593042 0.0133969
729 0.796062 0.573976 0.0135983
730 0.796062 0.54112 0.0196883
731 0.796062 0.563419 0.0151895
732 0.796062 0.574921 0.0171993
733 0.796062 0.562493 0.016101
734 0.796062 0.568775 0.0187339
735 0.796062 0.556879 0.021006
736 0.796062 0.542804 0.0210092
737 0.796062 0.545118 0.0196559
738 0.796062 0.540007 0.0208187
739 0.796062 0.558097 0.0168436
740 0.796062 0.551537 0.0159766
741 0.796062 0.562401 0.0145013
742 0.796062 0.564874 0.0168039
743 0.796062 0.545091 0.0186853
744 0.796062 0.544508 0.0212963
745 0.796062 0.544472 0.0198766
746 0.796062 0.546629 0.0197533
747 0.796062 0.55562 0.0181137
748 0.796062 0.537063 0.0215257
749 0.796062 0.568267 0.0190582
750 0.796062 0.546771 0.0193423
751 0.796062 0.558485 0.0197824
752 0.796062 0.551092 0.0226099
753 0.796062 0.544362 0.0219376
754 0.796062 0.533556 0.0208976
755 0.796062 0.538896 0.0213907
756 0.796062 0.542632 0.0183159
757 0.796062 0.541397 0.0185357
758 0.796062 0.543019 0.0204273
759 0.796062 0.573299 0.0176344
760 0.796062 0.562282 0.0179174
761 0.796062 0.538937 0.0212955
762 0.796062 0.553046 0.0234625
763 0.796062 0.558723 0.0204434
764 0.796062 0.566511 0.0178256
765 0.796062 0.579888 0.0147817
766 0.796062 0.566132 0.0156873
767 0.796062 0.558007 0.0207359
768 0.796062 0.568937 0.0192123
769 0.796062 0.559694 0.0203445
770 0.796062 0.573787 0.0205893
771 0.796062 0.528714 0.0259613
772 0.796062 0.556602 0.0206809
773 0.796062 0.533899 0.0277528
774 0.796062 0.545953 0.0191407
775 0.796062 0.559695 0.0221654
776 0.796062 0.562983 0.0194927
777 0.796062 0.589807 0.0165045
778 0.796062 0.551583 0.0231046
779 0.796805 0.546094 0.0208231
780 0.796805 0.549149 0.0173165
781 0.796805 0.542598 0.0218949
782 0.796805 0.554233 0.0196517
783 0.796805 0.56087 0.0196079
784 0.796805 0.561351 0.0187155
785 0.796805 0.560348 0.0177594
786 0.796805 0.55947 0.0155758
787 0.796805 0.542835 0.0223576
788 0.796805 0.548392 0.023553
789 0.796805 0.553835 0.0210793
790 0.796805 0.540617 0.023126
791 0.796805 0.548271 0.0225137
792 0.796805 0.560884 0.0237075
793 0.796805 0.539199 0.0235433
794 0.796805 0.552097 0.0210196
795 0.796805 0.527243 0.020906
796 0.796805 0.551375 0.019775
797 0.796805 0.557008 0.0188501
798 0.796805 0.559477 0.0205317
799 0.796805 0.564698 0.0197787
800 0.796805 0.537708 0.0213877
801 0.796805 0.552208 0.0219451
802 0.796805 0.552191 0.0214373
803 0.796805 0.570988 0.0218068
804 0.796805 0.557255 0.0198069
805 0.796805 0.559878 0.0226246
806 0.796805 0.540939 0.0198763
807 0.796805 0.547376 0.0199208
808 0.796805 0.554844 0.0194624
809 0.796805 0.529204 0.0260158
810 0.796805 0.557485 0.0192465
811 0.796805 0.551885 0.0230139
812 0.796805 0.573432 0.0181808
813 0.796805 0.562635 0.0184379
814 0.796805 0.541627 0.0178419
815 0.796805 0.550336 0.0230865
816 0.796805 0.54948 0.0199464
817 0.796805 0.553073 0.024388
818 0.796805 0.55477 0.0238202
819 0.796805 0.566528 0.021452
820 0.796805 0.561877 0.0216619
821 0.796805 0.564039 0.0203362
822 0.796805 0.556969 0.0214008
823 0.796805 0.54973 0.0209385
824 0.796805 0.56889 0.016862
825 0.796805 0.55444 0.0198209
826 0.796805 0.562374 0.0180207
827 0.796805 0.54179 0.0187679
828 0.796805 0.541474 0.0179277
829 0.796805 0.549522 0.0192888
830 0.796805 0.550382 0.0171136
831 0.796805 0.557012 0.0199429
832 0.796805 0.573464 0.0157372
833 0.796805 0.56253 0.0189796
834 0.796805 0.558246 0.0165948
835 0.796805 0.558949 0.0167083
836 0.796805 0.575718 0.0166221
837 0.796805 0.55501 0.0176307
838 0.796805 0.564652 0.0188676
839 0.796805 0.570958 0.0178702
840 0.796805 0.56033 0.0196929
841 0.796805 0.56916 0.0202179
842 0.796805 0.564017 0.0201076
843 0.796805 0.571903 0.0202209
844 0.796805 0.569577 0.019245
845 0.796805 0.572296 0.0187116
846 0.796805 0.556951 0.0227389
847 0.796805 0.560228 0.021577
848 0.796805 0.566269 0.0220364
849 0.796805 0.571837 0.0215821
850 0.796805 0.559491 0.0226578
851 0.796805 0.544577 0.0259221
852 0.796805 0.569734 0.0251039
853 0.796805 0.557381 0.0258313
854 0.796805 0.538234 0.0264419
855 0.796805 0.546632 0.0249273
856 0.796805 0.553445 0.0212843
857 0.796805 0.553809 0.0182613
858 0.796805 0.540296 0.0191205
859 0.796805 0.549576 0.0210734
860 0.796805 0.542549 0.0225634
861 0.796805 0.563053 0.02559
862 0.796805 0.566913 0.0259897
863 0.796805 0.543975 0.0222668
864 0.796805 0.544123 0.0208664
865 0.796805 0.528292 0.022272
866 0.796805 0.530898 0.0249917
867 0.796805 0.543059 0.0233965
868 0.796805 0.543984 0.0199147
869 0.796805 0.544191 0.0190736
870 0.796805 0.553372 0.0191376
871 0.796805 0.541527 0.0220717
872 0.796805 0.545805 0.0211993
873 0.796805 0.574165 0.0167274
874 0.796805 0.570934 0.0156734
875 0.796805 0.570786 0.0190879
876 0.796805 0.570005 0.0160764
877 0.796805 0.559916 0.018223
878 0.796805 0.556445 0.0203052
879 0.796805 0.554243 0.0167213
880 0.796805 0.571391 0.018278
881 0.796805 0.555259 0.0180344
882 0.796805 0.563448 0.0151966
883 0.796805 0.547915 0.0149807
884 0.796805 0.56955 0.0162539
885 0.796805 0.562394 0.0162805
886 0.796805 0.580637 0.0171914
887 0.796805 0.562027 0.0159781
888 0.796805 0.563735 0.0191511
889 0.796805 0.566259 0.0191426
890 0.796805 0.562889 0.0168827
891 0.796805 0.54799 0.0193267
892 0.796805 0.559075 0.0177166
893 0.796805 0.55367 0.0195193
894 0.796805 0.546411 0.0186297
895 0.796805 0.554222 0.0190936
896 0.796805 0.540595 0.0239134
897 0.796805 0.549778 0.0202665
898 0.796805 0.539982 0.0218609
899 0.79744 0.568195 0.0195808
900 0.79744 0.555559 0.0205052
901 0.79744 0.56775 0.0239304
902 0.79744 0.569216 0.0194296
903 0.79744 0.578177 0.0229675
904 0.79744 0.551498 0.02288
905 0.79744 0.591701 0.0182373
906 0.79744 0.581166 0.0161811
907 0.79744 0.57428 0.0179097
908 0.79744 0.578612 0.0161425
909 0.79744 0.560338 0.0184077
910 0.79744 0.575784 0.0183106
911 0.797524 0.569322 0.0232708
912 0.797524 0.563115 0.0182441
913 0.797524 0.565137 0.0172047
914 0.797524 0.566626 0.0155736
915 0.797524 0.547652 0.0199193
916 0.797524 0.534791 0.0216567
917 0.797524 0.571567 0.0138892
918 0.797524 0.55077 0.0175329
919 0.797524 0.552446 0.0154366
920 0.797524 0.558068 0.0177688
921 0.797524 0.570929 0.0173594
922 0.797524 0.583304 0.0162692
923 0.797524 0.597461 0.0150411
924 0.797524 0.582522 0.0210897
925 0.797524 0.578338 0.0198258
926 0.797524 0.577215 0.0168436
927 0.797524 0.547346 0.0195533
928 0.797524 0.575854 0.016175
929 0.797524 0.572007 0.0155798
930 0.797524 0.57666 0.0154276
931 0.797524 0.562009 0.0166178
932 0.797524 0.571119 0.0167303
933 0.797524 0.574184 0.0183569
934 0.797524 0.56973 0.0199676
935 0.797524 0.569958 0.0251016
936 0.797524 0.559648 0.0213855
937 0.797524 0.563696 0.0203611
938 0.797524 0.555517 0.0227814
939 0.797524 0.567426 0.0222483
940 0.797524 0.553065 0.0217956
941 0.797524 0.533659 0.0201944
942 0.797524 0.556555 0.0222611
943 0.797524 0.581028 0.0226333
944 0.797524 0.558275 0.0208325
945 0.797524 0.566286 0.0199248
946 0.797524 0.577718 0.0155188
947 0.797524 0.576322 0.014967
948 0.797524 0.583665 0.0132631
949 0.797524 0.563624 0.0170855
950 0.797524 0.565806 0.0169698
951 0.797524 0.558474 0.0160651
952 0.797524 0.553669 0.0186732
953 0.797524 0.550288 0.0194441
954 0.797524 0.555171 0.0203627
955 0.797524 0.560997 0.018174
956 0.797524 0.545244 0.0187197
957 0.797524 0.539631 0.0187434
958 0.797524 0.535393 0.0189093
959 0.797524 0.575046 0.0181622
960 0.797524 0.550185 0.0211796
961 0.797524 0.553863 0.0191494
962 0.797524 0.564256 0.0183941
963 0.797524 0.554825 0.0169529
964 0.797524 0.552726 0.0182141
965 0.797524 0.553719 0.0214786
966 0.797524 0.557667 0.0165695
967 0.797524 0.558712 0.0163387
968 0.797524 0.577706 0.0183897
969 0.797524 0.587638 0.0163241
970 0.797524 0.570931 0.0205275
971 0.797524 0.554394 0.0212594
972 0.797524 0.567604 0.0213812
973 0.798049 0.553004 0.022792
974 0.798049 0.549078 0.0212737
975 0.798049 0.555219 0.0246201
976 0.798049 0.558209 0.0241607
977 0.798049 0.555601 0.0201884
978 0.798049 0.576052 0.0216667
979 0.798049 0.562718 0.0174684
980 0.798049 0.565086 0.0179386
981 0.798049 0.548412 0.0171692
982 0.798049 0.561793 0.0189736
983 0.798049 0.552814 0.0179823
984 0.798049 0.5619 0.0160451
985 0.798049 0.56301 0.016951
986 0.798049 0.550906 0.0214512
987 0.798049 0.540466 0.0205758
988 0.798049 0.548329 0.0216967
989 0.798049 0.561707 0.0199432
990 0.798049 0.552195 0.0210491
991 0.798049 0.560098 0.0204714
992 0.798049 0.57768 0.0223868
993 0.798049 0.555492 0.0207998
994 0.798049 0.54907 0.0173051
995 0.798049 0.553914 0.0160424
996 0.798049 0.578186 0.0136477
997 0.798049 0.553781 0.0221676
998 0.798049 0.560527 0.0212443
999 0.798049 0.562146 0.0192362
1000 0.798049 0.562701 0.0176197
