0 0.39078 0.247344 0.00114476
1 0.521948 0.261762 0.00305578
2 0.521948 0.267652 0.00331227
3 0.521948 0.272371 0.00572788
4 0.521948 0.284659 0.00714508
5 0.521948 0.286732 0.00738505
6 0.521948 0.297643 0.00991674
7 0.521948 0.306085 0.0109307
8 0.526017 0.31777 0.0121985
9 0.526017 0.308513 0.0113861
10 0.526017 0.313846 0.0128111
11 0.526017 0.312259 0.0116891
12 0.526017 0.316047 0.0128204
13 0.526017 0.326632 0.0131866
14 0.526017 0.3193 0.013668
15 0.5279 0.316134 0.0130313
16 0.528153 0.313903 0.0143226
17 0.52904 0.318874 0.0136816
18 0.52904 0.330373 0.0135153
19 0.529669 0.325275 0.0128445
20 0.529669 0.336096 0.0135325
21 0.529669 0.339037 0.0129194
22 0.547082 0.341488 0.0129824
23 0.547082 0.346873 0.0135207
24 0.547082 0.357396 0.0137471
25 0.547082 0.367487 0.0137926
26 0.547399 0.37297 0.0142055
27 0.547399 0.389797 0.013813
28 0.554724 0.405514 0.0128677
29 0.590994 0.401738 0.0137074
30 0.590994 0.41241 0.0122517
31 0.595139 0.42015 0.0123185
32 0.595139 0.415412 0.0121395
33 0.600166 0.424193 0.0132505
34 0.600166 0.435108 0.0129167
35 0.617967 0.442902 0.0139497
36 0.617967 0.458572 0.0134825
37 0.632204 0.470085 0.0126379
38 0.632204 0.473262 0.0134296
39 0.632204 0.486906 0.0124873
40 0.632204 0.494525 0.0114648
41 0.632204 0.495519 0.00982489
42 0.632204 0.514677 0.00854208
43 0.632357 0.522391 0.00840867
44 0.639684 0.52644 0.00879313
45 0.639684 0.528326 0.00855508
46 0.639684 0.5424 0.00671597
47 0.639684 0.539191 0.00729624
48 0.639684 0.544752 0.00641096
49 0.639684 0.531262 0.00913013
50 0.639736 0.533613 0.00830845
51 0.639736 0.527847 0.0101342
52 0.649048 0.535103 0.00849879
53 0.649048 0.557834 0.00600323
54 0.649048 0.570014 0.00420334
55 0.649048 0.56095 0.00587614
56 0.649048 0.565876 0.00450285
57 0.649048 0.558344 0.00495219
58 0.649048 0.554044 0.00668637
59 0.649048 0.546715 0.0077812
60 0.649048 0.561294 0.00531904
61 0.649048 0.559429 0.00697098
62 0.649048 0.562513 0.00542238
63 0.649048 0.561708 0.00677349
64 0.649048 0.563918 0.00660738
65 0.649048 0.563353 0.00659086
66 0.649048 0.561987 0.00704467
67 0.649048 0.567409 0.00554127
68 0.649048 0.5746 0.00365469
69 0.649048 0.577752 0.00445198
70 0.649048 0.590121 0.00270575
71 0.649048 0.587544 0.00266003
72 0.649048 0.577727 0.0035451
73 0.649048 0.577991 0.00388963
74 0.649048 0.58064 0.00405943
75 0.649048 0.583586 0.0031892
76 0.649048 0.574869 0.00336138
77 0.649048 0.566986 0.005892
78 0.65071 0.582109 0.00330795
79 0.65071 0.583908 0.00331189
80 0.65071 0.58627 0.00332465
81 0.65071 0.587316 0.00228391
82 0.651163 0.583399 0.00241781
83 0.651163 0.584475 0.00293739
84 0.651163 0.590332 0.00268587
85 0.651163 0.58157 0.00404782
86 0.651163 0.578458 0.00347506
87 0.653106 0.570989 0.00586613
88 0.653106 0.57265 0.00528575
89 0.653106 0.571013 0.00627112
90 0.653106 0.567649 0.00497518
91 0.653106 0.562021 0.00673473
92 0.653106 0.56295 0.00800774
93 0.653106 0.564362 0.00764232
94 0.653106 0.565548 0.00707298
95 0.653106 0.5589 0.00796212
96 0.653106 0.559453 0.00800355
97 0.653106 0.56434 0.00624621
98 0.653106 0.561985 0.00643517
99 0.653106 0.564351 0.00634685
100 0.653106 0.567905 0.00447558
101 0.653106 0.55731 0.00615458
102 0.653106 0.571004 0.00530579
103 0.653106 0.579012 0.00404277
104 0.653106 0.568304 0.00492218
105 0.653106 0.557661 0.00649174
106 0.653106 0.564652 0.00548981
107 0.653106 0.57228 0.00584416
108 0.653106 0.560594 0.00715113
109 0.653106 0.560659 0.00612428
110 0.653106 0.557152 0.00678009
111 0.653106 0.565938 0.00687736
112 0.653106 0.57004 0.00625241
113 0.653106 0.583011 0.00384444
114 0.653106 0.59405 0.00304786
115 0.653106 0.590613 0.00390671
116 0.654415 0.585389 0.00453033
117 0.654415 0.577744 0.00512653
118 0.655696 0.579907 0.00402673
119 0.655696 0.582524 0.00262824
120 0.655696 0.564232 0.00509622
121 0.655696 0.566539 0.00520853
122 0.655696 0.558633 0.00669908
123 0.655696 0.553906 0.00696357
124 0.655696 0.554492 0.00902165
125 0.655696 0.55734 0.00941874
126 0.655696 0.563593 0.00687408
127 0.655696 0.554299 0.00876761
128 0.655696 0.551243 0.00764058
129 0.655696 0.543884 0.00814656
130 0.655696 0.552839 0.00742591
131 0.656607 0.565603 0.00822603
132 0.656607 0.5603 0.0078839
133 0.656607 0.562061 0.0072211
134 0.656607 0.555239 0.00985131
135 0.656607 0.553112 0.010047
136 0.656607 0.56121 0.00973522
137 0.656607 0.553533 0.00894802
138 0.656607 0.554748 0.00864723
139 0.656607 0.559083 0.0072089
140 0.656607 0.555233 0.00702983
141 0.65828 0.55792 0.00806965
142 0.65828 0.556019 0.00776432
143 0.65828 0.56129 0.00648559
144 0.65828 0.549552 0.00721378
145 0.65828 0.550293 0.00879434
146 0.65828 0.561558 0.0065401
147 0.65828 0.570417 0.00579377
148 0.65828 0.570611 0.00585389
149 0.65828 0.569586 0.00494071
150 0.65828 0.569101 0.0068347
151 0.65828 0.568933 0.00605333
152 0.65828 0.570988 0.0050508
153 0.65828 0.57431 0.00627586
154 0.65828 0.583173 0.00474904
155 0.65828 0.584296 0.00356839
156 0.65828 0.589257 0.00279969
157 0.65828 0.584284 0.0036743
158 0.659132 0.584681 0.00422103
159 0.659132 0.58886 0.00424617
160 0.659132 0.58532 0.00495645
161 0.659132 0.579354 0.0058315
162 0.659132 0.582905 0.00541042
163 0.659132 0.578111 0.00574421
164 0.659132 0.584827 0.00419062
165 0.659132 0.575541 0.00632472
166 0.659132 0.583006 0.00531649
167 0.659132 0.575909 0.00660322
168 0.659132 0.583664 0.00456451
169 0.659132 0.581608 0.0053101
170 0.659132 0.586195 0.00431817
171 0.659132 0.584657 0.00460398
172 0.659132 0.578189 0.00644692
173 0.659132 0.571078 0.00751117
174 0.659132 0.572047 0.0082813
175 0.659132 0.575014 0.00690167
176 0.659132 0.569021 0.00741017
177 0.659132 0.566319 0.00815395
178 0.659132 0.569019 0.00913597
179 0.659132 0.587547 0.00544716
180 0.659132 0.583671 0.00539496
181 0.659132 0.585095 0.00546303
182 0.659132 0.585687 0.00548519
183 0.659132 0.599904 0.0030966
184 0.659132 0.589401 0.00475113
185 0.659132 0.588245 0.00450469
186 0.659132 0.576541 0.00510927
187 0.659132 0.590206 0.00362252
188 0.659132 0.594971 0.00357484
189 0.659132 0.600614 0.00310727
190 0.659132 0.597073 0.00271601
191 0.659132 0.609172 0.0021111
192 0.659132 0.605091 0.00329004
193 0.659132 0.605919 0.00250766
194 0.659132 0.605369 0.00257161
195 0.659132 0.602794 0.00223373
196 0.659132 0.609394 0.00118123
197 0.659132 0.601381 0.00273009
198 0.659132 0.599369 0.00359857
199 0.659132 0.585114 0.00428902
200 0.659132 0.5873 0.00427277
201 0.659132 0.589271 0.00480801
202 0.659132 0.586377 0.00505652
203 0.659132 0.57535 0.0068524
204 0.659132 0.584748 0.00564887
205 0.659132 0.598136 0.00328858
206 0.659132 0.599496 0.00251553
207 0.659132 0.601001 0.00218058
208 0.659577 0.605808 0.00204747
209 0.659577 0.601083 0.00286801
210 0.659577 0.603368 0.00220898
211 0.659577 0.595145 0.00364736
212 0.659577 0.594355 0.00421541
213 0.659577 0.599615 0.00229498
214 0.659577 0.591471 0.00407168
215 0.659577 0.584719 0.00549338
216 0.659577 0.588543 0.00433419
217 0.659577 0.583183 0.00524417
218 0.659577 0.584588 0.00507572
219 0.659577 0.59328 0.00354903
220 0.659577 0.587935 0.00583277
221 0.659577 0.593382 0.00452951
222 0.659577 0.596734 0.00335239
223 0.659577 0.599637 0.00291272
224 0.659577 0.606259 0.00188229
225 0.659577 0.605407 0.00216549
226 0.659577 0.596168 0.00287685
227 0.659577 0.590209 0.004304
228 0.659577 0.588431 0.00521273
229 0.659577 0.592807 0.00360869
230 0.659577 0.583115 0.00466412
231 0.659577 0.582663 0.00595149
232 0.659577 0.587706 0.0045942
233 0.659577 0.584832 0.0059931
234 0.659577 0.5934 0.00330841
235 0.659577 0.588827 0.00537157
236 0.659577 0.589128 0.00486968
237 0.659577 0.591786 0.00381031
238 0.659577 0.594395 0.00396148
239 0.659577 0.584643 0.00478455
240 0.659577 0.592836 0.00330118
241 0.659577 0.595678 0.00270855
242 0.659577 0.585472 0.00481884
243 0.659577 0.592122 0.00445111
244 0.659577 0.589802 0.00447499
245 0.659577 0.598804 0.0028603
246 0.659577 0.59682 0.00377543
247 0.659577 0.591301 0.00325266
248 0.659577 0.601419 0.00247747
249 0.659577 0.601569 0.00419466
250 0.659577 0.593214 0.00529987
251 0.659577 0.594287 0.0051697
252 0.659577 0.592722 0.00416274
253 0.659577 0.588032 0.00649742
254 0.659577 0.599062 0.00353422
255 0.659577 0.590162 0.00446589
256 0.659577 0.592429 0.00375943
257 0.659577 0.597584 0.00321097
258 0.659577 0.598086 0.00337435
259 0.659577 0.599291 0.00350765
260 0.659577 0.594076 0.00399968
261 0.659577 0.59945 0.00253509
262 0.659577 0.591648 0.00357606
263 0.659577 0.587001 0.00376279
264 0.659577 0.583948 0.00518794
265 0.659577 0.573351 0.00578079
266 0.659577 0.585561 0.00395411
267 0.659577 0.592993 0.00303225
268 0.659577 0.581865 0.00558986
269 0.659577 0.590568 0.00496818
270 0.659577 0.598604 0.00292279
271 0.659577 0.594585 0.00391205
272 0.659577 0.584366 0.00491743
273 0.659577 0.576817 0.00713269
274 0.659577 0.582078 0.00588588
275 0.659577 0.583168 0.006315
276 0.659577 0.584475 0.00551056
277 0.659577 0.587841 0.00410843
278 0.659577 0.585852 0.00521979
279 0.659577 0.597049 0.00320125
280 0.659577 0.581976 0.00386535
281 0.659577 0.581751 0.00464183
282 0.659577 0.585819 0.00460028
283 0.659577 0.580896 0.00479435
284 0.659577 0.591355 0.00440658
285 0.661096 0.582966 0.00566152
286 0.661096 0.5802 0.00466423
287 0.661096 0.588378 0.00449475
288 0.661096 0.587553 0.00462745
289 0.661096 0.595704 0.00230205
290 0.661096 0.594795 0.0032105
291 0.661096 0.595127 0.00282317
292 0.661096 0.580087 0.00508551
293 0.661096 0.580794 0.00639671
294 0.661096 0.582248 0.0063264
295 0.661096 0.587982 0.00490424
296 0.661096 0.587668 0.00462286
297 0.661096 0.587437 0.00471667
298 0.661096 0.585172 0.00523051
299 0.661096 0.587593 0.00387389
300 0.661096 0.570552 0.00610229
301 0.661096 0.583797 0.00461017
302 0.661096 0.584394 0.00458933
303 0.661096 0.581899 0.0058159
304 0.661096 0.571698 0.00638981
305 0.661096 0.572634 0.00771778
306 0.661096 0.572521 0.00574957
307 0.661096 0.580321 0.00462409
308 0.661096 0.583831 0.00446934
309 0.661096 0.589727 0.00419105
310 0.661096 0.590014 0.00319814
311 0.661096 0.589432 0.0030913
312 0.661096 0.573474 0.00520413
313 0.661096 0.574873 0.00484471
314 0.661096 0.573705 0.00579654
315 0.661096 0.577202 0.00565049
316 0.661096 0.577172 0.00511642
317 0.661096 0.582774 0.00497068
318 0.661096 0.577799 0.00670437
319 0.661096 0.585355 0.00544539
320 0.661096 0.591381 0.00426061
321 0.661096 0.589571 0.00424758
322 0.661096 0.596182 0.00253283
323 0.661096 0.592699 0.00332593
324 0.661096 0.591244 0.00310512
325 0.661096 0.589189 0.00512819
326 0.661096 0.582707 0.0060058
327 0.661096 0.577756 0.00548048
328 0.661096 0.58955 0.00407602
329 0.661096 0.587062 0.00569407
330 0.661096 0.583373 0.00645043
331 0.661096 0.589382 0.00388667
332 0.661096 0.581153 0.0062614
333 0.661096 0.582309 0.00724399
334 0.661096 0.573146 0.00760975
335 0.661096 0.58172 0.00584493
336 0.661096 0.57778 0.0071267
337 0.661096 0.579591 0.00509073
338 0.661096 0.586441 0.00466765
339 0.661096 0.594145 0.00331815
340 0.661096 0.58856 0.00368059
341 0.661096 0.586947 0.00510016
342 0.661096 0.58768 0.00394967
343 0.661096 0.58081 0.00387317
344 0.661096 0.591229 0.0026249
345 0.661096 0.592027 0.00321022
346 0.661096 0.594882 0.00312736
347 0.661096 0.580298 0.00557841
348 0.661096 0.582679 0.00482111
349 0.661096 0.573447 0.00624499
350 0.661096 0.568061 0.00670416
351 0.661096 0.568801 0.00778068
352 0.661096 0.57091 0.00764369
353 0.661096 0.569213 0.00722998
354 0.661096 0.574187 0.00709702
355 0.661096 0.579376 0.00666139
356 0.661096 0.580285 0.00659619
357 0.661096 0.57676 0.00586481
358 0.661096 0.578578 0.00605651
359 0.661096 0.568533 0.00792745
360 0.661096 0.570217 0.00715491
361 0.661096 0.571063 0.00762819
362 0.661096 0.56272 0.00815888
363 0.661096 0.562944 0.00902505
364 0.661096 0.574335 0.00626122
365 0.661096 0.573807 0.00745726
366 0.661096 0.585513 0.00579552
367 0.661096 0.581326 0.00661264
368 0.661096 0.586425 0.00415823
369 0.661339 0.582894 0.007427
370 0.661339 0.576632 0.00721352
371 0.661339 0.574637 0.00765046
372 0.661339 0.584317 0.00487959
373 0.661339 0.578245 0.00597706
374 0.662103 0.57394 0.00658918
375 0.662103 0.575684 0.00729309
376 0.662103 0.57372 0.00707544
377 0.662103 0.58105 0.00612257
378 0.662103 0.589447 0.00596445
379 0.662103 0.584212 0.00626146
380 0.662103 0.578653 0.00716915
381 0.662103 0.573187 0.00801633
382 0.662103 0.584364 0.00469663
383 0.662103 0.584277 0.00638146
384 0.662103 0.582833 0.00606211
385 0.662103 0.585147 0.00575765
386 0.662103 0.583071 0.00572033
387 0.662103 0.576765 0.00448898
388 0.662103 0.58233 0.00504315
389 0.662103 0.575931 0.0062686
390 0.662103 0.575013 0.00687891
391 0.662103 0.579744 0.00571325
392 0.662103 0.580863 0.00601578
393 0.662103 0.577465 0.00460998
394 0.662103 0.579417 0.00431856
395 0.662103 0.582794 0.00574684
396 0.662103 0.591351 0.00421557
397 0.662103 0.591132 0.00388252
398 0.662103 0.591264 0.00460725
399 0.662103 0.595264 0.00415218
400 0.662103 0.593602 0.00319796
401 0.662103 0.597967 0.0022168
402 0.663314 0.596444 0.00299572
403 0.663314 0.596298 0.00419911
404 0.663314 0.586163 0.00559638
405 0.663314 0.586445 0.00566905
406 0.663314 0.586634 0.00500368
407 0.663314 0.585164 0.005217
408 0.663314 0.584982 0.00624337
409 0.663314 0.582068 0.00673232
410 0.663314 0.582206 0.00659521
411 0.663314 0.581684 0.00535061
412 0.663314 0.579755 0.00487716
413 0.663314 0.581621 0.0050703
414 0.663314 0.593205 0.00331287
415 0.663314 0.597285 0.00289351
416 0.663314 0.588555 0.00438217
417 0.663314 0.598794 0.00423864
418 0.663314 0.598609 0.00321195
419 0.663314 0.600206 0.00295995
420 0.663314 0.589713 0.00404659
421 0.663314 0.584387 0.00502459
422 0.663314 0.586039 0.00485325
423 0.663314 0.585453 0.00477019
424 0.663314 0.586446 0.00436261
425 0.663314 0.579548 0.00491941
426 0.663314 0.577336 0.00648721
427 0.663314 0.583092 0.00672911
428 0.663314 0.575965 0.0084348
429 0.663314 0.570786 0.00722278
430 0.663314 0.581637 0.00539037
431 0.663314 0.593167 0.00439418
432 0.663314 0.591841 0.00502808
433 0.663314 0.58842 0.00477295
434 0.663314 0.594519 0.00438788
435 0.663314 0.59635 0.00385921
436 0.663314 0.602477 0.0036019
437 0.663314 0.600532 0.00465988
438 0.663314 0.605652 0.003717
439 0.663314 0.603894 0.0026838
440 0.663314 0.607425 0.00192045
441 0.663314 0.600743 0.00368609
442 0.663314 0.596401 0.00386753
443 0.663314 0.599422 0.00228873
444 0.663314 0.594216 0.00465439
445 0.663314 0.594261 0.00415706
446 0.663314 0.595085 0.00442071
447 0.663314 0.5982 0.00315557
448 0.663314 0.603349 0.00334568
449 0.664154 0.60712 0.00212304
450 0.664154 0.601281 0.00345162
451 0.664154 0.600626 0.00265937
452 0.664154 0.604382 0.00202513
453 0.664154 0.598424 0.00267438
454 0.664154 0.601683 0.00299012
455 0.664154 0.588495 0.00557182
456 0.664154 0.593724 0.00589374
457 0.664154 0.586832 0.00580462
458 0.664154 0.588505 0.00532321
459 0.664154 0.584884 0.00610136
460 0.664154 0.593944 0.00508103
461 0.664154 0.584738 0.00657315
462 0.664154 0.592182 0.00458639
463 0.664154 0.596653 0.00394125
464 0.664154 0.59558 0.0035169
465 0.664154 0.610062 0.00164552
466 0.664154 0.599767 0.00290389
467 0.664991 0.587558 0.0044287
468 0.664991 0.586626 0.00612295
469 0.664991 0.593498 0.00455415
470 0.664991 0.59189 0.00395622
471 0.664991 0.593772 0.00367019
472 0.664991 0.589697 0.00409946
473 0.664991 0.585324 0.00557495
474 0.664991 0.57959 0.00741771
475 0.664991 0.5913 0.00568947
476 0.664991 0.593364 0.00333555
477 0.664991 0.595303 0.00467579
478 0.664991 0.594669 0.00447689
479 0.664991 0.599078 0.00336483
480 0.664991 0.596779 0.00351474
481 0.664991 0.594499 0.00409292
482 0.664991 0.588742 0.00649171
483 0.664991 0.595284 0.00375266
484 0.664991 0.581577 0.0067675
485 0.664991 0.582836 0.00630693
486 0.664991 0.584219 0.00645887
487 0.664991 0.590292 0.00583267
488 0.664991 0.591539 0.00422469
489 0.664991 0.589175 0.0050105
490 0.664991 0.576471 0.00695294
491 0.664991 0.582843 0.00565741
492 0.664991 0.579826 0.00540077
493 0.664991 0.586166 0.00486616
494 0.664991 0.58778 0.00681838
495 0.664991 0.575989 0.00728129
496 0.664991 0.568235 0.00938297
497 0.664991 0.587367 0.00517958
498 0.664991 0.580023 0.00694068
499 0.664991 0.581662 0.00765299
500 0.664991 0.575775 0.00843897
501 0.664991 0.573952 0.00858883
502 0.664991 0.583055 0.00708191
503 0.664991 0.572968 0.00699415
504 0.664991 0.587206 0.00582185
505 0.664991 0.592107 0.00558192
506 0.664991 0.577844 0.00813911
507 0.664991 0.579964 0.00801059
508 0.664991 0.586737 0.00846955
509 0.664991 0.590868 0.00561185
510 0.664991 0.589817 0.00512684
511 0.664991 0.591296 0.00643968
512 0.664991 0.588709 0.00694746
513 0.664991 0.585323 0.00603157
514 0.664991 0.583072 0.00610482
515 0.664991 0.578121 0.00721663
516 0.664991 0.582616 0.00723344
517 0.664991 0.58467 0.00777988
518 0.664991 0.574842 0.0108953
519 0.664991 0.579474 0.00786058
520 0.664991 0.574868 0.00944174
521 0.664991 0.568567 0.0095173
522 0.664991 0.579315 0.00757616
523 0.664991 0.582791 0.005612
524 0.664991 0.590411 0.00524094
525 0.664991 0.590369 0.00452337
526 0.664991 0.599962 0.00311699
527 0.664991 0.596541 0.00467849
528 0.664991 0.603316 0.00301843
529 0.664991 0.592188 0.0052826
530 0.664991 0.590087 0.00470624
531 0.664991 0.588931 0.00456956
532 0.664991 0.580866 0.00666742
533 0.664991 0.589207 0.00476733
534 0.664991 0.583539 0.00706468
535 0.664991 0.596153 0.00578094
536 0.664991 0.597 0.00531591
537 0.664991 0.598364 0.00460681
538 0.664991 0.599013 0.00332401
539 0.664991 0.607867 0.00272064
540 0.664991 0.600944 0.00358949
541 0.664991 0.604668 0.00257033
542 0.664991 0.600996 0.00281008
543 0.664991 0.596627 0.00462709
544 0.664991 0.599622 0.00451256
545 0.664991 0.599872 0.00447571
546 0.664991 0.599805 0.00332099
547 0.664991 0.599231 0.00389422
548 0.664991 0.594236 0.00534549
549 0.664991 0.585232 0.00697196
550 0.664991 0.584381 0.00597798
551 0.664991 0.58376 0.00700205
552 0.664991 0.590853 0.00562546
553 0.664991 0.586546 0.00592096
554 0.664991 0.57848 0.00675595
555 0.664991 0.583697 0.00630807
556 0.664991 0.58228 0.00627035
557 0.665232 0.57886 0.00511808
558 0.665232 0.578406 0.00590583
559 0.665232 0.57908 0.00637365
560 0.665232 0.581363 0.00612018
561 0.665232 0.592777 0.00477391
562 0.665232 0.587436 0.0047909
563 0.665232 0.58898 0.00498048
564 0.665232 0.593506 0.00460483
565 0.665749 0.597737 0.00387518
566 0.665749 0.599079 0.00295431
567 0.665749 0.59164 0.00395092
568 0.665749 0.598493 0.00366885
569 0.665749 0.591454 0.00527287
570 0.665749 0.596475 0.00494986
571 0.665985 0.59987 0.00423023
572 0.665985 0.598829 0.00510044
573 0.665985 0.600506 0.00439424
574 0.665985 0.599795 0.00436396
575 0.665985 0.592451 0.00479222
576 0.665985 0.603033 0.00293531
577 0.665985 0.604583 0.00273226
578 0.665985 0.597745 0.00356699
579 0.665985 0.582917 0.00670472
580 0.665985 0.570303 0.00836002
581 0.665985 0.560546 0.00976028
582 0.665985 0.575293 0.00827212
583 0.665985 0.585727 0.00623071
584 0.665985 0.599605 0.00400561
585 0.665985 0.594661 0.00578103
586 0.665985 0.599288 0.00453122
587 0.665985 0.593578 0.0043988
588 0.665985 0.597004 0.00473325
589 0.665985 0.596304 0.00347503
590 0.665985 0.596147 0.003847
591 0.665985 0.598392 0.00348602
592 0.665985 0.596641 0.00407027
593 0.665985 0.592145 0.00538046
594 0.665985 0.593713 0.00432292
595 0.665985 0.593004 0.0045802
596 0.665985 0.591747 0.00515213
597 0.665985 0.585156 0.00698205
598 0.665985 0.59429 0.00514755
599 0.665985 0.599446 0.0040781
600 0.665985 0.588169 0.00730053
601 0.665985 0.595639 0.00580127
602 0.665985 0.602746 0.00478866
603 0.665985 0.599642 0.00479716
604 0.665985 0.590435 0.00572718
605 0.665985 0.591046 0.00550113
606 0.665985 0.583243 0.00602612
607 0.665985 0.585002 0.0063304
608 0.665985 0.590198 0.00579247
609 0.665985 0.595722 0.00444809
610 0.665985 0.586008 0.00702315
611 0.665985 0.586167 0.00667735
612 0.665985 0.583472 0.00677648
613 0.665985 0.587169 0.00581566
614 0.665985 0.571615 0.00762638
615 0.665985 0.57383 0.00731857
616 0.665985 0.585972 0.0051238
617 0.665985 0.581904 0.0056463
618 0.665985 0.580074 0.00624824
619 0.665985 0.568974 0.00913919
620 0.665985 0.584932 0.00584877
621 0.665985 0.586061 0.00735906
622 0.665985 0.59191 0.00458499
623 0.665985 0.590747 0.00406217
624 0.665985 0.588798 0.00490976
625 0.665985 0.597746 0.00438096
626 0.666457 0.593034 0.00543622
627 0.666457 0.589283 0.00578771
628 0.666457 0.5939 0.00435371
629 0.666457 0.598419 0.0044556
630 0.666457 0.596435 0.00642364
631 0.666457 0.598943 0.00546499
632 0.666457 0.598423 0.00393078
633 0.666457 0.583211 0.00537621
634 0.666457 0.584101 0.00661448
635 0.666457 0.594537 0.00476474
636 0.666457 0.600032 0.00250611
637 0.666457 0.589589 0.00372853
638 0.666457 0.597244 0.00305995
639 0.666457 0.595145 0.00301511
640 0.666457 0.59165 0.00422259
641 0.666457 0.591255 0.00399506
642 0.666457 0.593648 0.00519668
643 0.666457 0.594875 0.00426194
644 0.666457 0.587847 0.00458712
645 0.666457 0.587882 0.00445392
646 0.666457 0.583638 0.0078647
647 0.666457 0.586962 0.00715823
648 0.666457 0.587591 0.00702107
649 0.666457 0.588347 0.00605272
650 0.666457 0.583749 0.00741906
651 0.666457 0.59185 0.00486294
652 0.666457 0.596551 0.00346225
653 0.666457 0.584097 0.00581837
654 0.666457 0.58439 0.00608946
655 0.666457 0.584793 0.00729213
656 0.666457 0.588024 0.00584747
657 0.666457 0.589113 0.00598164
658 0.666457 0.593827 0.00472595
659 0.666457 0.595121 0.00356469
660 0.666457 0.595236 0.00388683
661 0.666457 0.60055 0.00342012
662 0.666457 0.605028 0.00327178
663 0.666457 0.601991 0.00394758
664 0.667646 0.602527 0.00519364
665 0.667646 0.59495 0.00558759
666 0.667646 0.588822 0.00666486
667 0.667646 0.588937 0.0053906
668 0.667646 0.593519 0.00442793
669 0.667646 0.604468 0.00345923
670 0.667646 0.594178 0.00477717
671 0.667646 0.595502 0.00339269
672 0.667646 0.596425 0.00362032
673 0.667646 0.588406 0.00529941
674 0.667646 0.59168 0.00580847
675 0.667646 0.590836 0.00489287
676 0.667646 0.59681 0.00402897
677 0.667646 0.590106 0.00604714
678 0.667646 0.590787 0.00491401
679 0.667646 0.592205 0.00507447
680 0.667646 0.596471 0.0046904
681 0.667646 0.595861 0.00436241
682 0.667646 0.595576 0.00416551
683 0.667646 0.592094 0.00454061
684 0.667646 0.599442 0.00448636
685 0.667646 0.591936 0.00440335
686 0.667646 0.597719 0.00457842
687 0.667646 0.598861 0.00332517
688 0.667646 0.600353 0.00354503
689 0.667646 0.596678 0.00507521
690 0.667646 0.593176 0.00422544
691 0.667646 0.588795 0.00491551
692 0.667646 0.583874 0.00708141
693 0.667646 0.598108 0.00323674
694 0.667646 0.59076 0.00389505
695 0.667646 0.592551 0.00495562
696 0.667646 0.595685 0.00463539
697 0.667646 0.590456 0.00531525
698 0.667646 0.591189 0.00428228
699 0.667646 0.600392 0.00352868
700 0.667646 0.587863 0.00545808
701 0.667646 0.583159 0.0068705
702 0.667646 0.587047 0.00571635
703 0.667646 0.585025 0.00483287
704 0.667646 0.589391 0.00350135
705 0.667646 0.587239 0.0055316
706 0.668057 0.595492 0.00388598
707 0.669013 0.586739 0.00495115
708 0.669013 0.595153 0.0041892
709 0.669013 0.594573 0.00469193
710 0.669013 0.594433 0.0047144
711 0.669013 0.584157 0.00554925
712 0.669013 0.58886 0.00575713
713 0.669013 0.588047 0.00542325
714 0.669013 0.594363 0.00426908
715 0.669013 0.601662 0.00326622
716 0.669013 0.591643 0.00488781
717 0.669013 0.601728 0.00549341
718 0.669013 0.599617 0.00548321
719 0.669013 0.583768 0.00620328
720 0.669013 0.58909 0.00548561
721 0.669013 0.584183 0.00726746
722 0.669013 0.587182 0.00567243
723 0.669013 0.60231 0.00434462
724 0.669013 0.600852 0.00438346
725 0.669013 0.591772 0.00650612
726 0.669013 0.596227 0.0035416
727 0.669013 0.5964 0.00312262
728 0.669013 0.59831 0.00508382
729 0.669013 0.606447 0.00373413
730 0.669013 0.597552 0.00436734
731 0.669013 0.604831 0.00354929
732 0.669013 0.598358 0.00413408
733 0.669013 0.603033 0.00404429
734 0.669013 0.605218 0.00326051
735 0.669013 0.594019 0.00457686
736 0.669013 0.600627 0.00358052
737 0.669013 0.601045 0.00298485
738 0.669013 0.592393 0.00532032
739 0.669013 0.597138 0.00397934
740 0.669013 0.587876 0.00583462
741 0.669013 0.597476 0.00447948
742 0.669013 0.590691 0.00476798
743 0.669266 0.592872 0.00481232
744 0.669266 0.594677 0.00474126
745 0.669266 0.598445 0.0034509
746 0.669266 0.587803 0.00484766
747 0.669266 0.593297 0.00457585
748 0.669266 0.59245 0.00498734
749 0.669266 0.594522 0.0041698
750 0.669266 0.594244 0.00520313
751 0.669266 0.565114 0.0117906
752 0.669266 0.566132 0.0122965
753 0.669266 0.57002 0.0103275
754 0.669266 0.587305 0.00772803
755 0.669266 0.58636 0.00733857
756 0.669266 0.593432 0.00720963
757 0.669266 0.598374 0.00416548
758 0.669266 0.607154 0.0032579
759 0.669266 0.595621 0.00536969
760 0.669266 0.609323 0.00260555
761 0.669266 0.604513 0.00305868
762 0.669266 0.597863 0.00461977
763 0.669266 0.595585 0.00520011
764 0.669266 0.595171 0.00562464
765 0.669266 0.597412 0.00512628
766 0.669266 0.595277 0.00541782
767 0.669266 0.5783 0.00772784
768 0.669266 0.589493 0.00715844
769 0.669565 0.588665 0.00737166
770 0.669565 0.586659 0.00832572
771 0.669565 0.581678 0.0080642
772 0.669565 0.590863 0.00636651
773 0.669565 0.59433 0.00532457
774 0.669565 0.593399 0.00550443
775 0.669565 0.590077 0.00436454
776 0.669565 0.588968 0.00595536
777 0.669565 0.587058 0.00588376
778 0.669565 0.58467 0.00726151
779 0.669565 0.589484 0.0055527
780 0.669565 0.589755 0.0050913
781 0.669565 0.583 0.00668725
782 0.670467 0.59326 0.00394603
783 0.670467 0.594706 0.00459173
784 0.670467 0.603472 0.00369397
785 0.670467 0.591303 0.00472882
786 0.670467 0.590037 0.00622872
787 0.670467 0.586233 0.00846805
788 0.670467 0.585631 0.00777837
789 0.670467 0.592585 0.00567499
790 0.670467 0.588849 0.00646254
791 0.670467 0.592099 0.0073356
792 0.670467 0.588364 0.00755178
793 0.670467 0.587679 0.00854811
794 0.670467 0.594105 0.00475397
795 0.670467 0.587328 0.00488549
796 0.670467 0.59766 0.00506846
797 0.670467 0.601813 0.00365909
798 0.670467 0.593934 0.00534975
799 0.670467 0.601569 0.00387078
800 0.670467 0.594561 0.00525528
801 0.670467 0.587786 0.00811965
802 0.670467 0.580706 0.00894146
803 0.670467 0.593092 0.0067443
804 0.670467 0.584606 0.00832362
805 0.670467 0.588459 0.00646087
806 0.670467 0.594018 0.00634264
807 0.670467 0.598121 0.00447854
808 0.670467 0.598498 0.00457501
809 0.670467 0.597892 0.00391102
810 0.670467 0.598171 0.00338191
811 0.670467 0.600988 0.00359967
812 0.670467 0.595761 0.00426251
813 0.670467 0.592122 0.00416249
814 0.670467 0.581217 0.00664397
815 0.670467 0.595282 0.00493422
816 0.670467 0.588999 0.00549706
817 0.670467 0.576889 0.00865518
818 0.670467 0.579386 0.00844428
819 0.670467 0.586864 0.00465954
820 0.670467 0.595116 0.00396775
821 0.670467 0.593516 0.00478207
822 0.670467 0.586801 0.00512338
823 0.670467 0.598021 0.00517616
824 0.670467 0.592647 0.0057505
825 0.670467 0.598648 0.00402397
826 0.670467 0.597522 0.00400512
827 0.670467 0.604307 0.00339785
828 0.670467 0.593989 0.00463524
829 0.670467 0.586901 0.00699381
830 0.670467 0.590772 0.00631954
831 0.670467 0.574419 0.00889893
832 0.670467 0.56428 0.00905824
833 0.670467 0.582461 0.00705281
834 0.670467 0.581734 0.00589295
835 0.670467 0.579581 0.00762402
836 0.670467 0.577776 0.00675017
837 0.670467 0.578105 0.00773652
838 0.670467 0.579813 0.00785234
839 0.670467 0.587324 0.00747875
840 0.670467 0.583977 0.00709209
841 0.670467 0.583379 0.00592932
842 0.670467 0.593327 0.00421234
843 0.670467 0.592382 0.00436929
844 0.670467 0.586864 0.00514167
845 0.670467 0.586538 0.00551354
846 0.670467 0.577555 0.00814752
847 0.670467 0.580887 0.0069124
848 0.670467 0.589206 0.0055718
849 0.670467 0.592746 0.00551649
850 0.670467 0.592987 0.00599421
851 0.670467 0.585552 0.00771413
852 0.670467 0.577825 0.0084489
853 0.670467 0.591407 0.00667969
854 0.670467 0.599375 0.00491612
855 0.670467 0.590861 0.00647272
856 0.670467 0.604663 0.00387918
857 0.670467 0.60061 0.00385764
858 0.670467 0.591958 0.00513373
859 0.670467 0.586029 0.00771024
860 0.670467 0.589174 0.00685025
861 0.670467 0.58046 0.00819237
862 0.670467 0.577533 0.00734112
863 0.670467 0.570029 0.00901776
864 0.670467 0.579078 0.00807288
865 0.670467 0.5743 0.00833072
866 0.670467 0.576377 0.00798019
867 0.670467 0.586196 0.00661464
868 0.670467 0.58558 0.00638135
869 0.670467 0.580413 0.00795696
870 0.670467 0.581042 0.00749334
871 0.670467 0.588529 0.00559533
872 0.670467 0.587271 0.00609077
873 0.670467 0.586657 0.00775657
874 0.670467 0.589006 0.0053692
875 0.670467 0.572781 0.00765816
876 0.670467 0.577245 0.00557636
877 0.670467 0.577151 0.00636021
878 0.670467 0.574246 0.00720846
879 0.670467 0.579984 0.00703285
880 0.670467 0.582586 0.00679623
881 0.670467 0.577375 0.00730487
882 0.670467 0.586835 0.00683345
883 0.670467 0.583071 0.006282
884 0.670467 0.580649 0.00748782
885 0.670467 0.587067 0.00722685
886 0.670467 0.594989 0.00440631
887 0.670467 0.607018 0.00389467
888 0.670467 0.590564 0.00691738
889 0.670467 0.591479 0.00712203
890 0.670467 0.573988 0.011688
891 0.670467 0.569788 0.0111905
892 0.670467 0.578375 0.0103764
893 0.670467 0.586394 0.00867175
894 0.670467 0.585593 0.00862364
895 0.670467 0.583154 0.00799984
896 0.670467 0.58471 0.00729205
897 0.670467 0.568457 0.00978379
898 0.670467 0.55761 0.0107209
899 0.670467 0.573567 0.00970545
900 0.670467 0.590699 0.00727498
901 0.670467 0.587372 0.00734493
902 0.670467 0.58975 0.00760929
903 0.670467 0.583504 0.0066848
904 0.670467 0.572349 0.00872542
905 0.670467 0.575764 0.00834091
906 0.670467 0.558999 0.0124645
907 0.670467 0.553796 0.012206
908 0.670467 0.559438 0.01056
909 0.670467 0.571796 0.00866257
910 0.670467 0.577466 0.00691983
911 0.670467 0.582389 0.00711211
912 0.670467 0.586632 0.0059802
913 0.670467 0.590384 0.00563516
914 0.670467 0.595674 0.00577383
915 0.670467 0.606181 0.00277574
916 0.670467 0.597768 0.00391546
917 0.670467 0.600155 0.00454596
918 0.670467 0.606893 0.00351751
919 0.670467 0.60614 0.00326964
920 0.670467 0.594539 0.00429019
921 0.670467 0.597837 0.00328039
922 0.670467 0.597891 0.00470187
923 0.670467 0.599239 0.00489763
924 0.670467 0.605161 0.00401955
925 0.670467 0.611442 0.00287845
926 0.670467 0.604008 0.00388944
927 0.670467 0.593321 0.00573626
928 0.670467 0.598888 0.00454748
929 0.670467 0.602113 0.00358219
930 0.670467 0.597401 0.00374249
931 0.670467 0.595342 0.00447597
932 0.670467 0.597864 0.00429769
933 0.670467 0.596841 0.00388237
934 0.670467 0.594529 0.00408273
935 0.670467 0.596912 0.00490935
936 0.670467 0.597983 0.00388265
937 0.670467 0.599583 0.00446544
938 0.670467 0.596143 0.00462413
939 0.670467 0.59755 0.00468558
940 0.670467 0.590291 0.00613872
941 0.670467 0.585877 0.00636323
942 0.670467 0.593552 0.00554204
943 0.670467 0.589533 0.00628038
944 0.670467 0.586816 0.00528304
945 0.670467 0.587167 0.00533739
946 0.670467 0.597329 0.00450719
947 0.670467 0.602698 0.0029628
948 0.670467 0.602436 0.00407333
949 0.670467 0.598355 0.00377638
950 0.670467 0.59862 0.00369872
951 0.670467 0.600914 0.00396962
952 0.670467 0.595692 0.0043581
953 0.670467 0.595252 0.00514021
954 0.670467 0.59892 0.00466773
955 0.670467 0.598543 0.003072
956 0.670467 0.587977 0.00520867
957 0.670467 0.601368 0.00360909
958 0.670467 0.606031 0.00261406
959 0.670467 0.602238 0.00249102
960 0.670467 0.589348 0.00327814
961 0.670467 0.580072 0.00545934
962 0.670467 0.583543 0.00461433
963 0.670467 0.587322 0.00499203
964 0.670467 0.58792 0.00579289
965 0.670467 0.585736 0.00512482
966 0.670467 0.586077 0.00480447
967 0.670467 0.592715 0.00570541
968 0.670467 0.587584 0.00628126
969 0.670467 0.580059 0.00634751
970 0.670467 0.584176 0.00536992
971 0.670467 0.579672 0.00688028
972 0.670467 0.567132 0.00805441
973 0.670467 0.571558 0.00732121
974 0.670467 0.570875 0.00676872
975 0.670467 0.574688 0.00648246
976 0.670467 0.580584 0.00626919
977 0.670467 0.589153 0.00421115
978 0.670467 0.59164 0.00461582
979 0.670467 0.589094 0.0050426
980 0.670467 0.58902 0.00531835
981 0.670467 0.591729 0.00561819
982 0.670467 0.595941 0.00350454
983 0.670467 0.590238 0.00484428
984 0.670467 0.590954 0.00493885
985 0.670467 0.590035 0.00656693
986 0.670467 0.577563 0.00909896
987 0.670467 0.578446 0.00837318
988 0.670467 0.580649 0.00779998
989 0.670467 0.557993 0.0114997
990 0.670467 0.568755 0.00963096
991 0.670467 0.572673 0.00843846
992 0.670467 0.572497 0.00860183
993 0.670467 0.572695 0.00830869
994 0.670467 0.56094 0.0103895
995 0.670467 0.577767 0.0090479
996 0.670467 0.571834 0.00885318
997 0.670467 0.586207 0.00655748
998 0.670467 0.591168 0.00504315
999 0.670467 0.592371 0.00403799
1000 0.670467 0.582602 0.00686225
