0 0.464662 0.251284 0.00138366
1 0.464662 0.254826 0.00128403
2 0.464662 0.262219 0.00155935
3 0.464662 0.268766 0.00256415
4 0.483596 0.275065 0.00404312
5 0.483596 0.284528 0.00437868
6 0.483596 0.288427 0.0058918
7 0.483596 0.292267 0.00706739
8 0.483596 0.289024 0.00635387
9 0.494589 0.292035 0.00802892
10 0.494589 0.292152 0.00843534
11 0.513481 0.298857 0.00981035
12 0.520034 0.304955 0.0100016
13 0.520034 0.308086 0.0105094
14 0.520034 0.319185 0.011793
15 0.526571 0.313049 0.0116043
16 0.539849 0.322038 0.0121796
17 0.539849 0.318681 0.0127639
18 0.539849 0.312152 0.0119946
19 0.547413 0.316242 0.0125111
20 0.548063 0.326692 0.0133044
21 0.548063 0.322256 0.0137184
22 0.553856 0.330512 0.0125204
23 0.553856 0.332766 0.0136352
24 0.553856 0.342179 0.0163909
25 0.555006 0.361314 0.0150454
26 0.587775 0.368348 0.0174987
27 0.619126 0.36631 0.0178681
28 0.619126 0.361812 0.0166284
29 0.619126 0.3735 0.0180058
30 0.660125 0.395827 0.0180675
31 0.670323 0.39438 0.0209488
32 0.671691 0.411664 0.0202297
33 0.681645 0.416908 0.0215436
34 0.681645 0.405071 0.0216685
35 0.690646 0.41911 0.0245639
36 0.690646 0.408413 0.0271456
37 0.690646 0.405158 0.0232662
38 0.690646 0.426867 0.0253739
39 0.699195 0.446152 0.0277451
40 0.700037 0.445484 0.0280447
41 0.712088 0.473725 0.0286652
42 0.712088 0.492881 0.0294833
43 0.716286 0.477443 0.03068
44 0.744425 0.494731 0.0306602
45 0.744425 0.493535 0.0290627
46 0.744425 0.500661 0.0299383
47 0.744425 0.503516 0.028443
48 0.744425 0.523681 0.0268404
49 0.744425 0.54348 0.0221375
50 0.744425 0.566647 0.0167787
51 0.744425 0.568785 0.0189116
52 0.744425 0.58191 0.0170728
53 0.744425 0.585504 0.0192214
54 0.744425 0.590767 0.0159586
55 0.748721 0.586992 0.0169129
56 0.748721 0.603629 0.0129422
57 0.757142 0.606463 0.0127139
58 0.757142 0.600789 0.0136915
59 0.757142 0.612091 0.0125347
60 0.757142 0.615092 0.0131692
61 0.757142 0.617597 0.0128313
62 0.765383 0.613593 0.0133419
63 0.765383 0.602316 0.0150697
64 0.765383 0.609379 0.0122847
65 0.768498 0.618192 0.0114073
66 0.782783 0.602398 0.0124085
67 0.782783 0.60159 0.0142351
68 0.782783 0.600955 0.0142467
69 0.782783 0.613278 0.0145373
70 0.782783 0.612402 0.0127484
71 0.782783 0.605769 0.0156461
72 0.782783 0.623378 0.0154761
73 0.782783 0.624065 0.0135374
74 0.790676 0.627902 0.0132761
75 0.790676 0.624289 0.01174
76 0.796337 0.633975 0.0140682
77 0.796337 0.645962 0.0117552
78 0.808516 0.637407 0.0151091
79 0.81111 0.645996 0.0158788
80 0.824049 0.65904 0.0154585
81 0.824355 0.642475 0.0195542
82 0.834241 0.662844 0.0179258
83 0.834241 0.685886 0.0161741
84 0.856786 0.709614 0.0135892
85 0.856786 0.720912 0.00957272
86 0.856786 0.73271 0.00976381
87 0.864022 0.749158 0.00793767
88 0.873757 0.746271 0.00914251
89 0.873757 0.753934 0.0091268
90 0.873757 0.75856 0.00702779
91 0.881435 0.763013 0.00860791
92 0.881435 0.766419 0.00805628
93 0.881435 0.760077 0.00901007
94 0.881435 0.78173 0.00568699
95 0.88664 0.777918 0.00723593
96 0.886916 0.781254 0.00862399
97 0.886916 0.768182 0.0107887
98 0.886916 0.789583 0.00628155
99 0.895375 0.789195 0.00590474
100 0.895375 0.78827 0.00722701
101 0.895375 0.801019 0.00646867
102 0.895375 0.808241 0.00587507
103 0.898202 0.815854 0.00398956
104 0.899122 0.811634 0.00423577
105 0.899122 0.814983 0.00432972
106 0.899122 0.815488 0.00568387
107 0.908137 0.823495 0.00457988
108 0.908137 0.816931 0.00435723
109 0.908137 0.820201 0.00523704
110 0.908137 0.82013 0.00341554
111 0.908137 0.831881 0.00349173
112 0.908137 0.811633 0.00578369
113 0.908137 0.80647 0.00788694
114 0.908137 0.821217 0.00531201
115 0.913133 0.811711 0.00782714
116 0.913133 0.807028 0.00777053
117 0.913133 0.809909 0.00683879
118 0.913133 0.813302 0.00793058
119 0.913133 0.813894 0.00589095
120 0.913133 0.813221 0.006621
121 0.913133 0.811321 0.00804815
122 0.913133 0.807546 0.00854966
123 0.913133 0.807625 0.00871244
124 0.913133 0.787164 0.0109106
125 0.913133 0.802707 0.00909556
126 0.913133 0.803534 0.0114933
127 0.913133 0.797441 0.00909797
128 0.913133 0.806829 0.00851483
129 0.913133 0.794479 0.0122315
130 0.913133 0.790538 0.0113251
131 0.913133 0.797586 0.0104578
132 0.913133 0.784656 0.0135682
133 0.914873 0.79791 0.0114508
134 0.915976 0.810188 0.0102152
135 0.916576 0.796717 0.0113201
136 0.916576 0.805715 0.0114228
137 0.917813 0.80197 0.0128221
138 0.917813 0.817693 0.0104773
139 0.920173 0.811226 0.0119499
140 0.923091 0.803498 0.0123993
141 0.929094 0.828469 0.00986326
142 0.929094 0.825999 0.00797143
143 0.929094 0.823188 0.00959129
144 0.929123 0.828735 0.00921074
145 0.929123 0.831545 0.00825789
146 0.929123 0.839055 0.00735787
147 0.929123 0.838942 0.00864116
148 0.929123 0.829875 0.0093119
149 0.929123 0.840214 0.00687763
150 0.930399 0.843259 0.00685634
151 0.930399 0.833929 0.0095669
152 0.930399 0.841355 0.00678447
153 0.930399 0.842788 0.0068821
154 0.932266 0.846031 0.00701716
155 0.932266 0.8394 0.00621432
156 0.932266 0.8415 0.00512975
157 0.932266 0.845062 0.00503926
158 0.932266 0.843162 0.00545009
159 0.932266 0.835894 0.0055725
160 0.932266 0.84483 0.00514072
161 0.932266 0.843402 0.0057453
162 0.932266 0.836123 0.00819208
163 0.932266 0.831234 0.0104125
164 0.932266 0.836386 0.008323
165 0.932266 0.838846 0.00774163
166 0.932266 0.839319 0.0084356
167 0.932266 0.842006 0.00584509
168 0.932926 0.838034 0.00708903
169 0.932926 0.843565 0.005364
170 0.932926 0.829812 0.00815805
171 0.932926 0.84687 0.00512376
172 0.932926 0.85029 0.00503543
173 0.932926 0.842527 0.00621153
174 0.934857 0.848653 0.00681338
175 0.934857 0.852829 0.0056904
176 0.934857 0.844765 0.00715497
177 0.934857 0.841785 0.00774215
178 0.934857 0.840209 0.00671513
179 0.934857 0.836697 0.00675121
180 0.934857 0.832895 0.00719353
181 0.934857 0.843308 0.00661302
182 0.934857 0.844285 0.00586905
183 0.934857 0.851716 0.00390856
184 0.934857 0.849864 0.00498773
185 0.934857 0.855708 0.00407006
186 0.934857 0.855459 0.00476923
187 0.934857 0.847311 0.00547548
188 0.934857 0.83641 0.00614806
189 0.934857 0.841051 0.00563343
190 0.934857 0.849217 0.00573687
191 0.934857 0.854805 0.00488464
192 0.934857 0.849189 0.00507967
193 0.934857 0.842379 0.00642247
194 0.934857 0.844623 0.00537513
195 0.934857 0.844357 0.00496468
196 0.934857 0.842197 0.00530899
197 0.934857 0.847586 0.00519998
198 0.934857 0.844207 0.00569282
199 0.934857 0.838542 0.00614213
200 0.934857 0.831482 0.00803108
201 0.934857 0.828207 0.00863097
202 0.934857 0.837232 0.0057137
203 0.934857 0.842501 0.0051399
204 0.934857 0.839822 0.00479619
205 0.934857 0.845946 0.00413268
206 0.934857 0.847634 0.00391944
207 0.934857 0.842983 0.00520433
208 0.934857 0.844047 0.00583637
209 0.934857 0.843964 0.00528524
210 0.934857 0.840523 0.00621248
211 0.934857 0.856794 0.00416178
212 0.934857 0.849012 0.00426859
213 0.934857 0.858639 0.00385555
214 0.934857 0.853883 0.00391529
215 0.934857 0.852265 0.00367009
216 0.934857 0.84916 0.00389298
217 0.934857 0.857001 0.00399383
218 0.934857 0.856063 0.00408054
219 0.934857 0.851147 0.00371253
220 0.934857 0.84992 0.00406289
221 0.934857 0.844776 0.00508551
222 0.934857 0.837996 0.00565786
223 0.934857 0.837919 0.00519868
224 0.934857 0.837133 0.00593753
225 0.934857 0.842374 0.00638201
226 0.934857 0.845315 0.00643847
227 0.934857 0.84121 0.00690783
228 0.934857 0.84274 0.00568509
229 0.934857 0.842086 0.00669423
230 0.934857 0.839867 0.00771227
231 0.934857 0.845551 0.00556604
232 0.934857 0.8548 0.00439355
233 0.934857 0.852824 0.00431857
234 0.934857 0.852372 0.00510108
235 0.934857 0.854143 0.00470534
236 0.934857 0.851067 0.00424631
237 0.934857 0.851884 0.00470722
238 0.934857 0.848157 0.00461687
239 0.934857 0.846318 0.00526435
240 0.934857 0.84944 0.00573608
241 0.934857 0.838826 0.00610843
242 0.934857 0.829838 0.00846593
243 0.934857 0.82583 0.00792775
244 0.934857 0.834634 0.00700622
245 0.934857 0.834708 0.00823702
246 0.934857 0.840113 0.00671868
247 0.934857 0.836628 0.00704699
248 0.934857 0.829292 0.0069773
249 0.934857 0.831878 0.00680139
250 0.934857 0.838604 0.00600379
251 0.934857 0.843753 0.00546741
252 0.934857 0.847819 0.00438653
253 0.934857 0.85105 0.00389227
254 0.934857 0.847757 0.00460084
255 0.934857 0.852656 0.00403297
256 0.934857 0.84481 0.00534783
257 0.934857 0.844529 0.00509573
258 0.934857 0.845527 0.00584513
259 0.934857 0.854967 0.00348875
260 0.934857 0.850464 0.00536574
261 0.934857 0.84582 0.00620956
262 0.934857 0.849742 0.00482288
263 0.934857 0.852768 0.00440953
264 0.934857 0.849085 0.00598284
265 0.934857 0.853542 0.00690402
266 0.934857 0.861393 0.0036707
267 0.934857 0.844292 0.00550373
268 0.934857 0.848801 0.00469021
269 0.934857 0.851058 0.00396164
270 0.934857 0.853352 0.00415932
271 0.934857 0.846088 0.00540279
272 0.934857 0.842555 0.00674834
273 0.934857 0.849699 0.00735559
274 0.934857 0.857115 0.00528683
275 0.934857 0.84773 0.00499189
276 0.934857 0.858123 0.00348798
277 0.934857 0.861299 0.00303287
278 0.934857 0.847985 0.00516304
279 0.934857 0.836668 0.00652018
280 0.934857 0.842598 0.00669327
281 0.934882 0.839045 0.00615009
282 0.934882 0.8406 0.00533622
283 0.934882 0.840383 0.00511243
284 0.93513 0.849818 0.00547189
285 0.93513 0.847881 0.00455343
286 0.93513 0.842117 0.00567338
287 0.93513 0.837739 0.00800562
288 0.93513 0.830992 0.00697
289 0.93513 0.83219 0.00664649
290 0.93513 0.829354 0.00792365
291 0.93513 0.827935 0.00865181
292 0.93513 0.820174 0.00874922
293 0.93513 0.843523 0.0067291
294 0.93513 0.844516 0.00731827
295 0.93513 0.839706 0.00729367
296 0.93513 0.843677 0.0054827
297 0.93513 0.848267 0.00394981
298 0.93513 0.841903 0.00601168
299 0.93513 0.843266 0.00536845
300 0.93513 0.846573 0.00648841
301 0.935674 0.848462 0.00623431
302 0.935674 0.839932 0.00756991
303 0.935674 0.849556 0.00516142
304 0.935674 0.853738 0.00566818
305 0.935674 0.864079 0.00332813
306 0.935674 0.857453 0.00464196
307 0.935674 0.848242 0.00547961
308 0.935674 0.855552 0.00549071
309 0.935674 0.853379 0.0049974
310 0.935674 0.843703 0.00614399
311 0.935674 0.846656 0.00610579
312 0.935674 0.847414 0.00408651
313 0.935674 0.840153 0.00529331
314 0.935674 0.824179 0.00780922
315 0.935674 0.831195 0.00812292
316 0.935674 0.821636 0.00979017
317 0.935674 0.834277 0.00852597
318 0.936433 0.845221 0.00693929
319 0.936433 0.841833 0.00695889
320 0.936433 0.831664 0.00926178
321 0.936433 0.848534 0.00590875
322 0.936433 0.845756 0.00586301
323 0.936433 0.837545 0.00643773
324 0.936433 0.852324 0.00480459
325 0.936433 0.848549 0.00484119
326 0.936433 0.846355 0.00610504
327 0.936433 0.85518 0.006032
328 0.936433 0.857829 0.00469185
329 0.936433 0.854124 0.00518784
330 0.936433 0.858646 0.00425579
331 0.936433 0.858443 0.00569381
332 0.936433 0.855454 0.00585924
333 0.936433 0.849252 0.00626918
334 0.936433 0.831072 0.00882959
335 0.936433 0.841577 0.00604411
336 0.936433 0.835379 0.00821812
337 0.936433 0.842532 0.00643488
338 0.936433 0.849691 0.00487875
339 0.936433 0.846695 0.00607972
340 0.936433 0.836753 0.00790592
341 0.936433 0.850514 0.00615271
342 0.936433 0.844806 0.00555106
343 0.936433 0.845888 0.0060307
344 0.936433 0.85295 0.00460201
345 0.936433 0.8563 0.00446759
346 0.936433 0.8595 0.00292679
347 0.936433 0.861703 0.00291931
348 0.936433 0.856801 0.00347609
349 0.937037 0.862377 0.00322814
350 0.937037 0.859536 0.00366149
351 0.937037 0.864982 0.00323617
352 0.937037 0.862229 0.00280567
353 0.937037 0.865224 0.00278209
354 0.937037 0.856972 0.00380247
355 0.937037 0.856703 0.0037962
356 0.937037 0.860785 0.00420548
357 0.937037 0.846519 0.00878988
358 0.937037 0.849572 0.00621146
359 0.937037 0.848297 0.00682453
360 0.937037 0.856034 0.0061443
361 0.937037 0.849757 0.00638402
362 0.937037 0.854899 0.00459206
363 0.937037 0.845109 0.00620774
364 0.937037 0.843468 0.00579528
365 0.937037 0.850446 0.0052296
366 0.937037 0.856871 0.00475707
367 0.937037 0.85491 0.00485333
368 0.937037 0.859923 0.00430748
369 0.937037 0.847402 0.00649003
370 0.937037 0.851526 0.00512023
371 0.937037 0.849673 0.00554551
372 0.937037 0.87195 0.00377826
373 0.937037 0.859878 0.00506409
374 0.937037 0.85936 0.00442141
375 0.937037 0.856338 0.004142
376 0.937037 0.856387 0.00523533
377 0.937037 0.858091 0.00348855
378 0.937037 0.851057 0.00389916
379 0.937037 0.856273 0.00323672
380 0.937037 0.856917 0.00327552
381 0.937037 0.853368 0.00394774
382 0.937037 0.853674 0.00449735
383 0.937037 0.866906 0.00295346
384 0.937037 0.857724 0.00363873
385 0.937037 0.855518 0.00504268
386 0.937037 0.842876 0.00624675
387 0.937037 0.841999 0.00544575
388 0.937037 0.842424 0.00632039
389 0.937037 0.829148 0.00752859
390 0.937037 0.821231 0.00904088
391 0.937037 0.837008 0.00623326
392 0.937037 0.839634 0.00582336
393 0.937037 0.838487 0.0066877
394 0.937037 0.838856 0.00760873
395 0.937037 0.841421 0.0071206
396 0.937037 0.841713 0.00750679
397 0.937037 0.837413 0.0072445
398 0.937037 0.849148 0.00625445
399 0.937037 0.846206 0.00590484
400 0.937037 0.843661 0.00566205
401 0.937037 0.844327 0.00696937
402 0.937037 0.842244 0.00969981
403 0.937037 0.84486 0.00759913
404 0.937037 0.838204 0.00918887
405 0.937037 0.837037 0.00913952
406 0.937037 0.833604 0.00968531
407 0.937037 0.834484 0.00921291
408 0.937037 0.844472 0.00816799
409 0.937037 0.82863 0.00875169
410 0.937037 0.835443 0.0068954
411 0.937037 0.848769 0.0056553
412 0.937037 0.836929 0.0064289
413 0.937037 0.840965 0.00707261
414 0.937037 0.843338 0.00720808
415 0.937037 0.8302 0.00892916
416 0.937037 0.833832 0.00809204
417 0.937037 0.835709 0.0059274
418 0.937037 0.824588 0.00921974
419 0.937037 0.838675 0.0069889
420 0.937037 0.844906 0.00612044
421 0.937037 0.844655 0.00630833
422 0.937037 0.843815 0.00559127
423 0.937037 0.829168 0.00648889
424 0.937037 0.841588 0.00621028
425 0.937037 0.834327 0.00775028
426 0.937037 0.840355 0.00782526
427 0.937037 0.842279 0.00770239
428 0.937037 0.840353 0.00635617
429 0.937037 0.850288 0.00505861
430 0.937037 0.838712 0.00623987
431 0.937037 0.843571 0.00758038
432 0.937037 0.83854 0.00641345
433 0.937037 0.833078 0.00748478
434 0.937037 0.842981 0.00618559
435 0.937037 0.846808 0.00552679
436 0.937037 0.846133 0.00493109
437 0.937037 0.841713 0.00666716
438 0.937037 0.851686 0.00490029
439 0.937037 0.844126 0.00656995
440 0.937037 0.84463 0.00596833
441 0.937037 0.851664 0.00549356
442 0.937037 0.852897 0.00497016
443 0.937037 0.859878 0.00456381
444 0.937037 0.863115 0.00339073
445 0.937037 0.860672 0.00372244
446 0.937037 0.855422 0.00456864
447 0.937037 0.846903 0.00555078
448 0.937037 0.843981 0.00764997
449 0.937037 0.847316 0.00499127
450 0.937037 0.845823 0.00604678
451 0.937037 0.84474 0.00749633
452 0.937037 0.854156 0.00468647
453 0.937037 0.846664 0.00607049
454 0.937037 0.844226 0.00633805
455 0.937037 0.8465 0.00600301
456 0.937037 0.850033 0.00500774
457 0.937037 0.852381 0.00493498
458 0.937037 0.841676 0.00503605
459 0.937037 0.84187 0.00641585
460 0.937037 0.849451 0.00476709
461 0.937037 0.849076 0.00649744
462 0.937037 0.842587 0.00589136
463 0.937037 0.851751 0.00403698
464 0.937037 0.846399 0.00576797
465 0.937037 0.8369 0.00615245
466 0.937037 0.838748 0.00573343
467 0.937037 0.840213 0.0050549
468 0.937037 0.836685 0.00692427
469 0.937037 0.833018 0.00704717
470 0.937037 0.839734 0.0055863
471 0.937037 0.826789 0.00666094
472 0.937037 0.82941 0.0066696
473 0.937037 0.832873 0.00751167
474 0.937037 0.834993 0.00707897
475 0.937037 0.838472 0.00839764
476 0.937037 0.842569 0.00595659
477 0.937037 0.847 0.00636992
478 0.937037 0.844397 0.00658604
479 0.937037 0.854375 0.00501236
480 0.937037 0.858138 0.00495984
481 0.937037 0.862066 0.00462466
482 0.937037 0.865523 0.00337712
483 0.937037 0.854094 0.00433193
484 0.937037 0.853643 0.00432434
485 0.937037 0.849713 0.0052747
486 0.937037 0.846924 0.00562376
487 0.937037 0.854656 0.00516342
488 0.937037 0.845549 0.00562636
489 0.937037 0.847891 0.00519575
490 0.937119 0.84974 0.00448964
491 0.937119 0.853578 0.00463257
492 0.937119 0.854796 0.00384141
493 0.937119 0.853981 0.00473612
494 0.937119 0.863516 0.00322517
495 0.937119 0.854499 0.00431702
496 0.937119 0.844281 0.00651083
497 0.937119 0.842247 0.00729202
498 0.937119 0.84701 0.0053175
499 0.937119 0.852225 0.00583478
500 0.937119 0.843377 0.00649543
501 0.937119 0.846282 0.00681299
502 0.937119 0.831315 0.00852624
503 0.937119 0.848656 0.00636694
504 0.937119 0.853524 0.00524431
505 0.937119 0.855548 0.00487524
506 0.937119 0.856108 0.00541618
507 0.937119 0.864252 0.00431205
508 0.938724 0.860448 0.00402027
509 0.938724 0.86401 0.00374485
510 0.938724 0.86243 0.00525597
511 0.938724 0.867205 0.00408331
512 0.938724 0.866036 0.00395919
513 0.938724 0.873015 0.00213149
514 0.938724 0.868364 0.00304862
515 0.938724 0.864598 0.00359676
516 0.938724 0.85707 0.00394259
517 0.938724 0.854649 0.0042914
518 0.938724 0.8522 0.00579912
519 0.938724 0.853984 0.00408996
520 0.938724 0.851317 0.00439877
521 0.938724 0.858089 0.00324881
522 0.938724 0.854012 0.00462135
523 0.938724 0.83408 0.00856174
524 0.938724 0.841124 0.00538472
525 0.938724 0.839445 0.00521893
526 0.938724 0.84688 0.00451797
527 0.938724 0.834635 0.00589435
528 0.938724 0.849919 0.00432594
529 0.938724 0.850185 0.00434579
530 0.938724 0.862735 0.00380112
531 0.938724 0.849817 0.00554459
532 0.938724 0.848792 0.0058603
533 0.938724 0.8439 0.00601905
534 0.938724 0.843727 0.00673762
535 0.938724 0.848568 0.005929
536 0.938724 0.848721 0.00514777
537 0.938724 0.84497 0.00536798
538 0.938724 0.836423 0.00720178
539 0.938724 0.837406 0.00652846
540 0.938724 0.830016 0.00827773
541 0.938724 0.838761 0.00640671
542 0.938724 0.838106 0.00695759
543 0.938724 0.846061 0.00511752
544 0.938724 0.850772 0.00442091
545 0.938724 0.84834 0.00501541
546 0.938724 0.848816 0.00488414
547 0.938724 0.846026 0.00499464
548 0.938724 0.839488 0.00544625
549 0.938724 0.839215 0.00567681
550 0.938724 0.849919 0.0044607
551 0.938724 0.850243 0.00367346
552 0.938724 0.843262 0.0050221
553 0.938724 0.839904 0.00489704
554 0.938724 0.84228 0.00452163
555 0.938724 0.837539 0.0053025
556 0.938724 0.843487 0.00604401
557 0.938724 0.85428 0.0041588
558 0.938724 0.856066 0.0046403
559 0.938724 0.852817 0.00474382
560 0.938724 0.854429 0.00445363
561 0.938724 0.852785 0.00448339
562 0.938724 0.847387 0.00563169
563 0.938724 0.84714 0.00544773
564 0.938724 0.846328 0.00640701
565 0.938724 0.843883 0.0065559
566 0.938724 0.84273 0.00629489
567 0.938724 0.843896 0.0052715
568 0.938724 0.843472 0.0050603
569 0.938724 0.84723 0.00429066
570 0.938724 0.847236 0.00407444
571 0.938724 0.862289 0.00292314
572 0.938724 0.855855 0.00366113
573 0.938724 0.848065 0.00460778
574 0.938724 0.851695 0.00511103
575 0.938724 0.848593 0.00581946
576 0.938724 0.860167 0.00358107
577 0.938724 0.857557 0.00384128
578 0.938724 0.856941 0.00451001
579 0.938724 0.857726 0.00397242
580 0.938724 0.842506 0.00569462
581 0.938724 0.846096 0.00562165
582 0.938724 0.850884 0.00493512
583 0.938724 0.851695 0.00562306
584 0.938724 0.858083 0.0057484
585 0.938724 0.861779 0.00480027
586 0.938724 0.856046 0.00442583
587 0.938724 0.855814 0.00477615
588 0.938724 0.850408 0.00553624
589 0.938724 0.854325 0.00548977
590 0.938724 0.851564 0.00421136
591 0.938724 0.854448 0.00346423
592 0.938724 0.852307 0.00437558
593 0.938724 0.851606 0.00433601
594 0.938724 0.851518 0.00532129
595 0.938724 0.838848 0.00646487
596 0.938724 0.826051 0.00706751
597 0.938724 0.829811 0.00814227
598 0.938724 0.820115 0.00901591
599 0.938724 0.80822 0.00968113
600 0.938724 0.817425 0.00873392
601 0.938724 0.829802 0.00843051
602 0.938724 0.835333 0.00887077
603 0.938724 0.835244 0.00692988
604 0.938724 0.841558 0.00671419
605 0.938724 0.849184 0.00551007
606 0.938724 0.832627 0.00943102
607 0.938724 0.841934 0.00784275
608 0.938724 0.838181 0.00962767
609 0.938724 0.844731 0.00814813
610 0.938724 0.8446 0.00728904
611 0.938724 0.841503 0.00774735
612 0.938724 0.8413 0.00574659
613 0.938724 0.844954 0.00587131
614 0.938724 0.829535 0.00717304
615 0.938724 0.832803 0.00754669
616 0.938724 0.839209 0.00841369
617 0.938724 0.846904 0.00595242
618 0.938724 0.836719 0.00602449
619 0.938724 0.841649 0.00413516
620 0.938724 0.844677 0.00542418
621 0.938724 0.847592 0.00585599
622 0.938724 0.851025 0.00647543
623 0.938724 0.85192 0.00699185
624 0.938724 0.854953 0.00596531
625 0.938724 0.849307 0.00632011
626 0.938724 0.844342 0.00494183
627 0.938724 0.847536 0.00510238
628 0.938724 0.853805 0.00372574
629 0.938724 0.84326 0.00612445
630 0.938724 0.844451 0.00533003
631 0.938724 0.851559 0.00465979
632 0.938724 0.844081 0.00589103
633 0.938724 0.846771 0.00446704
634 0.938724 0.851476 0.00418046
635 0.938724 0.846996 0.00425443
636 0.938724 0.846752 0.00393209
637 0.938724 0.843759 0.00493569
638 0.938724 0.843887 0.00554494
639 0.938724 0.843842 0.00540563
640 0.938724 0.843208 0.00549906
641 0.938724 0.845448 0.00509631
642 0.938724 0.850126 0.00528663
643 0.938724 0.856297 0.00443368
644 0.938724 0.860513 0.00419045
645 0.938724 0.851993 0.00402423
646 0.938724 0.852131 0.00553057
647 0.938724 0.859125 0.00448554
648 0.938724 0.850238 0.00603125
649 0.938724 0.846979 0.00573504
650 0.938724 0.846225 0.00817055
651 0.938724 0.839599 0.00865366
652 0.938724 0.84558 0.00663822
653 0.938724 0.852456 0.00445141
654 0.938724 0.858682 0.00409354
655 0.938724 0.847767 0.00558323
656 0.938724 0.853558 0.00493758
657 0.938724 0.853128 0.00694959
658 0.938724 0.849039 0.00540532
659 0.938724 0.845315 0.00725631
660 0.938724 0.85246 0.00548914
661 0.938724 0.853144 0.00519156
662 0.938724 0.846116 0.00564836
663 0.938724 0.844294 0.00536557
664 0.938724 0.840681 0.00674924
665 0.938724 0.837931 0.00658998
666 0.938724 0.846453 0.00706374
667 0.938724 0.850183 0.00604102
668 0.938724 0.831739 0.00718733
669 0.938724 0.83601 0.00635719
670 0.938724 0.83282 0.00754382
671 0.938724 0.8322 0.00815167
672 0.938724 0.840696 0.00574944
673 0.938724 0.835534 0.00726327
674 0.938724 0.84965 0.00455674
675 0.938724 0.848477 0.0044429
676 0.938724 0.841454 0.00553825
677 0.938724 0.840021 0.00575562
678 0.938724 0.848704 0.00439716
679 0.938724 0.849228 0.00529523
680 0.938724 0.859009 0.00332707
681 0.938724 0.845832 0.00545964
682 0.938724 0.840142 0.0051749
683 0.938724 0.843235 0.00559414
684 0.938724 0.850402 0.0060835
685 0.938724 0.851194 0.00401983
686 0.938724 0.847738 0.0040442
687 0.938724 0.847794 0.00547389
688 0.938724 0.844136 0.00529081
689 0.938724 0.849104 0.0055577
690 0.938724 0.842357 0.00597329
691 0.938724 0.847905 0.00449593
692 0.938724 0.850627 0.00520992
693 0.938724 0.845863 0.00553584
694 0.938724 0.853353 0.0049355
695 0.938724 0.844779 0.00587173
696 0.938724 0.84093 0.00538441
697 0.938724 0.841906 0.00489664
698 0.938724 0.847548 0.00385571
699 0.938724 0.851358 0.0044924
700 0.938724 0.857039 0.00349402
701 0.938724 0.851675 0.00495941
702 0.938833 0.852183 0.00490544
703 0.938833 0.849847 0.00437967
704 0.938833 0.853588 0.00446288
705 0.938833 0.853768 0.00372487
706 0.938833 0.84532 0.00544018
707 0.93886 0.851352 0.0042541
708 0.93886 0.853022 0.00365422
709 0.93886 0.848868 0.00458797
710 0.93886 0.844662 0.00434988
711 0.93886 0.853678 0.00373497
712 0.93886 0.845862 0.00521935
713 0.93886 0.85355 0.00431249
714 0.93886 0.851012 0.00438805
715 0.93886 0.853016 0.00372048
716 0.93886 0.849523 0.00549193
717 0.93886 0.847007 0.00586018
718 0.93886 0.848742 0.00535643
719 0.93886 0.848041 0.00557606
720 0.93886 0.847227 0.00545497
721 0.93886 0.857571 0.00449972
722 0.93886 0.852267 0.00528416
723 0.93886 0.848999 0.00542628
724 0.93886 0.858343 0.0046773
725 0.93886 0.852904 0.00555261
726 0.93886 0.857053 0.00528788
727 0.93886 0.850487 0.00632719
728 0.93886 0.851336 0.00615648
729 0.93886 0.860193 0.00393629
730 0.93886 0.856728 0.00363617
731 0.93886 0.853904 0.00501844
732 0.93886 0.853886 0.00432138
733 0.93886 0.848993 0.00528078
734 0.93886 0.852232 0.00409422
735 0.93886 0.837115 0.00691505
736 0.93886 0.839533 0.00718289
737 0.93886 0.831885 0.00776295
738 0.93886 0.841692 0.00596256
739 0.93886 0.843942 0.00574206
740 0.93886 0.842233 0.0053892
741 0.93886 0.833428 0.00481615
742 0.93886 0.835823 0.00598105
743 0.93886 0.846635 0.00496329
744 0.939063 0.840935 0.00522101
745 0.939063 0.847028 0.00510643
746 0.939063 0.853259 0.00479393
747 0.939063 0.863737 0.00323128
748 0.939063 0.855561 0.00377554
749 0.939063 0.854524 0.00401687
750 0.939063 0.853648 0.0061626
751 0.939063 0.862503 0.00526835
752 0.939063 0.860245 0.00531179
753 0.939063 0.857007 0.00423299
754 0.939063 0.858464 0.00439836
755 0.939063 0.863259 0.00468255
756 0.939063 0.861083 0.00545113
757 0.939063 0.853833 0.00696517
758 0.939063 0.844769 0.0064774
759 0.939063 0.858682 0.00384645
760 0.939063 0.851425 0.00464313
761 0.939063 0.845984 0.00486959
762 0.939063 0.842577 0.00653761
763 0.939063 0.852831 0.00433237
764 0.939063 0.851647 0.00495545
765 0.939063 0.850914 0.00459443
766 0.939063 0.854046 0.0042092
767 0.939063 0.852793 0.00525054
768 0.939063 0.851153 0.00470303
769 0.939063 0.846835 0.00482783
770 0.939063 0.829398 0.0066303
771 0.939063 0.829515 0.00865842
772 0.939063 0.820519 0.00839428
773 0.939063 0.836112 0.00804696
774 0.939063 0.834858 0.00737496
775 0.939064 0.826493 0.00756292
776 0.939064 0.82479 0.00781981
777 0.939064 0.839495 0.00600224
778 0.939064 0.848224 0.00449624
779 0.939064 0.840744 0.00557858
780 0.939064 0.834802 0.00660961
781 0.939064 0.831152 0.00584021
782 0.939064 0.831768 0.0062875
783 0.939064 0.833808 0.00638559
784 0.939064 0.833286 0.00603778
785 0.939064 0.832909 0.00609231
786 0.939064 0.833225 0.00702006
787 0.939064 0.834016 0.00609307
788 0.939064 0.831346 0.00706203
789 0.939064 0.838483 0.00671161
790 0.939064 0.832187 0.00872504
791 0.939064 0.839962 0.00725643
792 0.939064 0.835214 0.00825614
793 0.939064 0.843131 0.00696442
794 0.939064 0.839993 0.00676764
795 0.939064 0.843289 0.00710506
796 0.939064 0.850448 0.00551808
797 0.939064 0.842648 0.00686158
798 0.939064 0.849499 0.00637759
799 0.939064 0.841413 0.00733092
800 0.939064 0.842635 0.00640786
801 0.939064 0.849063 0.00602919
802 0.939064 0.841738 0.00552092
803 0.939064 0.845243 0.00634657
804 0.939064 0.848627 0.00642716
805 0.939064 0.844782 0.00628245
806 0.939064 0.843063 0.00569882
807 0.939064 0.848054 0.0050539
808 0.939064 0.85797 0.00457577
809 0.939064 0.858216 0.00374492
810 0.939064 0.851113 0.00497441
811 0.939064 0.854374 0.00498166
812 0.939064 0.863034 0.0026194
813 0.939064 0.86272 0.00259781
814 0.939064 0.857991 0.00367239
815 0.939064 0.85745 0.00306408
816 0.939064 0.847655 0.00360208
817 0.939064 0.849848 0.00493691
818 0.939064 0.861485 0.00434109
819 0.939064 0.855924 0.00469594
820 0.939064 0.860495 0.00434607
821 0.939064 0.856231 0.00396841
822 0.939064 0.855938 0.00420631
823 0.939064 0.85574 0.00450694
824 0.939064 0.858359 0.00447005
825 0.939064 0.855529 0.0048958
826 0.939064 0.853833 0.00447266
827 0.939064 0.85255 0.00438556
828 0.939064 0.856546 0.00461999
829 0.939064 0.861787 0.0031957
830 0.939064 0.855356 0.00626125
831 0.939064 0.857929 0.00464341
832 0.939064 0.860096 0.00353312
833 0.939064 0.855379 0.00501671
834 0.939064 0.856139 0.00382852
835 0.939064 0.859704 0.00382583
836 0.939064 0.8668 0.00259419
837 0.939064 0.859718 0.00436424
838 0.939064 0.856529 0.00506928
839 0.939064 0.844229 0.00696939
840 0.939064 0.850816 0.00564863
841 0.939064 0.857085 0.00505909
842 0.939064 0.852837 0.00660451
843 0.939064 0.853919 0.0063011
844 0.939064 0.842963 0.00682864
845 0.939064 0.85384 0.00444648
846 0.939064 0.848959 0.00577521
847 0.939064 0.843667 0.00590556
848 0.939064 0.844894 0.00533331
849 0.939064 0.854785 0.00419368
850 0.939064 0.848614 0.0051955
851 0.939064 0.85782 0.00470229
852 0.939064 0.847864 0.00581954
853 0.939064 0.850756 0.00383863
854 0.939064 0.852848 0.00410954
855 0.939064 0.843504 0.00636144
856 0.939064 0.83614 0.00719438
857 0.939064 0.842625 0.00625118
858 0.939064 0.840787 0.00588477
859 0.939064 0.843894 0.00482516
860 0.939064 0.843695 0.00618433
861 0.939064 0.841122 0.00634039
862 0.939064 0.843151 0.00501365
863 0.939064 0.846695 0.00558515
864 0.939064 0.855696 0.00367909
865 0.939064 0.859377 0.00456845
866 0.939064 0.859521 0.004018
867 0.939064 0.8577 0.00413632
868 0.939064 0.85886 0.00391211
869 0.939064 0.854936 0.00458861
870 0.939064 0.849263 0.00595187
871 0.939064 0.851652 0.00492792
872 0.939064 0.85456 0.00373901
873 0.939064 0.849383 0.00412736
874 0.939064 0.84075 0.00659494
875 0.939064 0.853398 0.00488828
876 0.939064 0.858189 0.00429996
877 0.939064 0.857428 0.00538916
878 0.939064 0.854515 0.00467336
879 0.939064 0.846747 0.00663549
880 0.939064 0.843959 0.00640583
881 0.939064 0.841347 0.0062765
882 0.939064 0.853876 0.00446317
883 0.939064 0.866346 0.00448486
884 0.939064 0.84866 0.006499
885 0.939064 0.85218 0.00473414
886 0.939064 0.850618 0.00588054
887 0.939064 0.837578 0.0060499
888 0.939064 0.849908 0.00428656
889 0.939064 0.857755 0.00396114
890 0.939064 0.862006 0.00339952
891 0.939064 0.864119 0.00332608
892 0.939064 0.859794 0.00341513
893 0.939064 0.858185 0.00511123
894 0.939064 0.850582 0.00552381
895 0.939064 0.843006 0.00546523
896 0.939064 0.846816 0.00462319
897 0.939064 0.846934 0.00545052
898 0.939064 0.84799 0.0037007
899 0.939064 0.840778 0.00503791
900 0.939064 0.849957 0.00369593
901 0.939064 0.851158 0.00394019
902 0.939064 0.834152 0.00540935
903 0.939064 0.839086 0.00545381
904 0.939064 0.840021 0.00633935
905 0.939064 0.842118 0.00581721
906 0.939064 0.851173 0.00421907
907 0.939064 0.849726 0.00452363
908 0.939064 0.843133 0.00563446
909 0.939064 0.848591 0.00437839
910 0.939064 0.851335 0.00433444
911 0.939064 0.850671 0.00381108
912 0.939064 0.854852 0.00455842
913 0.939064 0.855523 0.00508248
914 0.939064 0.854378 0.0052563
915 0.939064 0.852437 0.00468147
916 0.939064 0.851842 0.00616542
917 0.939064 0.842961 0.00897277
918 0.939064 0.848026 0.00954146
919 0.939064 0.843709 0.00837591
920 0.939064 0.85324 0.00492764
921 0.939064 0.845571 0.00725404
922 0.939064 0.849549 0.00570847
923 0.939064 0.843683 0.00597252
924 0.939064 0.834943 0.00617203
925 0.939064 0.83762 0.00603026
926 0.939064 0.84733 0.00597939
927 0.939064 0.857354 0.00412428
928 0.939064 0.86474 0.00307285
929 0.939064 0.861603 0.00300951
930 0.939064 0.863854 0.00302659
931 0.939064 0.864035 0.00342593
932 0.939064 0.855265 0.00550887
933 0.939064 0.850453 0.00539945
934 0.939064 0.859146 0.00380151
935 0.939064 0.862189 0.00400166
936 0.939064 0.857831 0.00461989
937 0.939064 0.854097 0.00384541
938 0.939064 0.859185 0.0029745
939 0.939064 0.860321 0.00337283
940 0.939064 0.861065 0.00287252
941 0.939064 0.862739 0.00304163
942 0.939064 0.860791 0.00293092
943 0.939064 0.863279 0.0030808
944 0.939064 0.859826 0.00451927
945 0.939064 0.856425 0.00409374
946 0.939064 0.851397 0.00438944
947 0.939064 0.856468 0.0036168
948 0.939064 0.858182 0.00314626
949 0.939064 0.85505 0.0041999
950 0.939064 0.863139 0.00250372
951 0.939064 0.856679 0.00320162
952 0.939064 0.848126 0.00452007
953 0.939064 0.84115 0.00595976
954 0.939064 0.844671 0.00588175
955 0.939064 0.83987 0.00562211
956 0.939064 0.845679 0.00531833
957 0.939064 0.83723 0.00541459
958 0.939064 0.83131 0.00724485
959 0.939064 0.838898 0.00606713
960 0.939064 0.849946 0.00508619
961 0.939064 0.850354 0.00436038
962 0.939064 0.847095 0.00533506
963 0.939064 0.85149 0.00467495
964 0.939064 0.860481 0.0039278
965 0.939064 0.846154 0.00531309
966 0.939064 0.854917 0.00402268
967 0.939064 0.850583 0.00507385
968 0.939064 0.853952 0.00582808
969 0.939064 0.855416 0.00336154
970 0.939064 0.847704 0.0045248
971 0.939064 0.855594 0.00460667
972 0.939064 0.848475 0.00568326
973 0.939064 0.85559 0.00541656
974 0.939064 0.865855 0.00374279
975 0.939064 0.854162 0.00458608
976 0.939064 0.856446 0.00431906
977 0.939064 0.859272 0.00537296
978 0.939064 0.851636 0.00592042
979 0.939064 0.850765 0.00610098
980 0.939064 0.853725 0.00611757
981 0.939064 0.857578 0.00500964
982 0.939064 0.870652 0.00298417
983 0.939064 0.85975 0.00423289
984 0.939064 0.865532 0.00282491
985 0.939064 0.866812 0.0030123
986 0.939064 0.860363 0.00304628
987 0.939064 0.855709 0.00286156
988 0.939064 0.855556 0.00410241
989 0.939064 0.858874 0.00343361
990 0.939064 0.852863 0.0041118
991 0.939064 0.846319 0.00506911
992 0.939064 0.848009 0.00543625
993 0.939064 0.84008 0.00597471
994 0.939064 0.846773 0.00528056
995 0.939064 0.844438 0.0066112
996 0.939064 0.841636 0.00691587
997 0.939064 0.841633 0.00678494
998 0.939064 0.840491 0.00652878
999 0.939064 0.835385 0.00657863
1000 0.939064 0.842427 0.00590563
