0 0.525995 0.499934 6.20395e-05
1 0.55562 0.501764 0.000105617
2 0.625836 0.505347 0.000340179
3 0.625836 0.508444 0.000487494
4 0.625836 0.512998 0.000726414
5 0.625836 0.513882 0.000946636
6 0.625836 0.517863 0.00109437
7 0.632002 0.518616 0.00149048
8 0.637189 0.520516 0.00170746
9 0.637189 0.526703 0.00214007
10 0.637189 0.525255 0.00240106
11 0.637189 0.528698 0.00254128
12 0.637189 0.532133 0.00293329
13 0.637189 0.529249 0.00231484
14 0.659471 0.528435 0.00270959
15 0.659471 0.530447 0.00287885
16 0.659471 0.51958 0.00230255
17 0.659471 0.526382 0.00261438
18 0.659471 0.52888 0.0027876
19 0.659471 0.524142 0.00340414
20 0.659471 0.526592 0.00340292
21 0.659471 0.529955 0.00375965
22 0.659471 0.529603 0.00374073
23 0.659471 0.531964 0.00322767
24 0.659471 0.528777 0.00289066
25 0.659471 0.529035 0.00317667
26 0.659471 0.530393 0.00304239
27 0.659471 0.536302 0.00362283
28 0.659471 0.535706 0.00334749
29 0.659471 0.542519 0.00386576
30 0.669133 0.540136 0.00474925
31 0.669133 0.53691 0.00473253
32 0.669133 0.538539 0.00467238
33 0.669133 0.542628 0.00348281
34 0.669133 0.538937 0.00360885
35 0.669133 0.541712 0.00462118
36 0.669133 0.541389 0.00551986
37 0.670513 0.548447 0.00492616
38 0.670513 0.539733 0.00434844
39 0.670513 0.544817 0.00373098
40 0.670513 0.541342 0.00374083
41 0.695227 0.541874 0.00385773
42 0.704409 0.540788 0.00435444
43 0.704409 0.550329 0.00442342
44 0.704409 0.543154 0.00420165
45 0.704409 0.546379 0.00432256
46 0.704409 0.543789 0.00456547
47 0.737181 0.556634 0.0056049
48 0.737181 0.557113 0.00505732
49 0.737181 0.55986 0.00596946
50 0.76448 0.564713 0.0066703
51 0.76448 0.561003 0.00652153
52 0.797876 0.577771 0.00796202
53 0.797876 0.582162 0.00912234
54 0.797876 0.580854 0.00954697
55 0.797876 0.577619 0.0102671
56 0.797876 0.576885 0.0106083
57 0.797876 0.57879 0.0101618
58 0.797876 0.569101 0.00947511
59 0.797876 0.579736 0.0120739
60 0.797876 0.586124 0.0125267
61 0.797876 0.588572 0.0137663
62 0.797876 0.586244 0.0128069
63 0.797876 0.586195 0.0114712
64 0.822844 0.588975 0.0114524
65 0.822844 0.595653 0.0106733
66 0.822844 0.587719 0.012352
67 0.825418 0.595351 0.0146297
68 0.825418 0.600301 0.0126403
69 0.825418 0.594602 0.0147305
70 0.825418 0.609704 0.0150521
71 0.839567 0.622569 0.0154652
72 0.839567 0.61499 0.0128363
73 0.839567 0.61319 0.0141746
74 0.839567 0.626174 0.0148181
75 0.839567 0.630525 0.0146336
76 0.839567 0.643518 0.0139695
77 0.839567 0.649669 0.0141151
78 0.839567 0.6277 0.0143146
79 0.839567 0.624893 0.0155489
80 0.839567 0.654378 0.0159569
81 0.839567 0.645796 0.0135104
82 0.839567 0.646206 0.0162665
83 0.839567 0.627649 0.0171681
84 0.839567 0.645819 0.0150154
85 0.839567 0.65238 0.0120502
86 0.839567 0.647458 0.0119126
87 0.839567 0.648351 0.014651
88 0.848575 0.640312 0.016991
89 0.848575 0.645507 0.0176667
90 0.858014 0.652796 0.0145129
91 0.858014 0.655011 0.0152419
92 0.858014 0.653527 0.0169807
93 0.858014 0.656935 0.0186528
94 0.858014 0.663098 0.0144444
95 0.858014 0.651817 0.0160843
96 0.858014 0.66221 0.0141663
97 0.858014 0.660023 0.0171639
98 0.858014 0.658529 0.0190712
99 0.858014 0.663834 0.0145405
100 0.858014 0.678762 0.0147168
101 0.858014 0.663832 0.0184216
102 0.858014 0.665553 0.0153953
103 0.858014 0.644649 0.0193079
104 0.858014 0.664582 0.0183142
105 0.858014 0.678167 0.0159033
106 0.858014 0.681657 0.0128602
107 0.858014 0.674221 0.0153626
108 0.858014 0.682437 0.0163122
109 0.868105 0.651937 0.0173412
110 0.868105 0.633964 0.0207214
111 0.868105 0.656942 0.0192704
112 0.868105 0.666335 0.0177734
113 0.868556 0.649856 0.020533
114 0.87001 0.651238 0.019641
115 0.87001 0.658635 0.0190609
116 0.87001 0.67846 0.0183611
117 0.87001 0.67463 0.0177357
118 0.87001 0.654519 0.01786
119 0.87001 0.679864 0.0205394
120 0.87001 0.664361 0.0187113
121 0.87001 0.669373 0.0182957
122 0.87001 0.646173 0.0179915
123 0.87001 0.660042 0.0181309
124 0.87001 0.677862 0.0155405
125 0.87001 0.686756 0.0144208
126 0.87001 0.678179 0.0135386
127 0.87001 0.685562 0.017157
128 0.872697 0.678299 0.0187117
129 0.872697 0.648959 0.0199185
130 0.872697 0.656522 0.0194412
131 0.872697 0.671602 0.015823
132 0.872697 0.666781 0.0176994
133 0.872697 0.651772 0.0195853
134 0.872697 0.653772 0.0199387
135 0.872697 0.648472 0.0212809
136 0.875017 0.645765 0.0233465
137 0.875017 0.629965 0.0226914
138 0.875017 0.641524 0.0190363
139 0.875017 0.635072 0.0210224
140 0.875017 0.645228 0.0212505
141 0.875017 0.653069 0.0177548
142 0.875173 0.667916 0.0164372
143 0.875173 0.665256 0.0160884
144 0.875173 0.676395 0.0181581
145 0.875173 0.651586 0.0206073
146 0.875173 0.654382 0.017833
147 0.875173 0.669752 0.021021
148 0.875173 0.65921 0.0210845
149 0.875173 0.668615 0.0189706
150 0.875173 0.653226 0.0173474
151 0.875173 0.653221 0.0194657
152 0.875173 0.655533 0.0199661
153 0.875173 0.651862 0.0179963
154 0.875173 0.670297 0.0179021
155 0.875173 0.65857 0.0197251
156 0.875173 0.657384 0.0207374
157 0.875173 0.694455 0.0174475
158 0.875853 0.682299 0.0171388
159 0.875853 0.674235 0.0185728
160 0.875853 0.683838 0.0175288
161 0.889295 0.650586 0.020798
162 0.889295 0.656248 0.0180183
163 0.889295 0.654343 0.0221481
164 0.889295 0.683495 0.0175226
165 0.889295 0.687316 0.0175831
166 0.889295 0.67893 0.0158996
167 0.889295 0.658018 0.021073
168 0.889295 0.670758 0.0192554
169 0.889295 0.662669 0.0218136
170 0.889295 0.672516 0.0200189
171 0.889295 0.645991 0.0204542
172 0.889295 0.659355 0.0190128
173 0.889295 0.639886 0.0210481
174 0.889295 0.659907 0.0207352
175 0.889295 0.677547 0.0220349
176 0.889295 0.670785 0.020626
177 0.889295 0.670315 0.021219
178 0.889295 0.65738 0.0193626
179 0.889295 0.643116 0.0192906
180 0.889295 0.661214 0.0203506
181 0.889295 0.680775 0.0184387
182 0.889295 0.677116 0.0169855
183 0.889295 0.692573 0.0167829
184 0.889295 0.687546 0.0192102
185 0.889295 0.67297 0.0204443
186 0.889295 0.67024 0.0191172
187 0.889295 0.676956 0.0209302
188 0.889295 0.691407 0.0182136
189 0.889295 0.687182 0.0192824
190 0.889295 0.68567 0.019612
191 0.889295 0.663711 0.0221575
192 0.889295 0.665133 0.0185067
193 0.889295 0.650673 0.0207285
194 0.889295 0.642932 0.0227114
195 0.889295 0.641277 0.0208737
196 0.889295 0.635615 0.0211212
197 0.889295 0.640528 0.0208614
198 0.889295 0.655385 0.0200751
199 0.889295 0.659705 0.0174216
200 0.889295 0.667065 0.0183354
201 0.889295 0.64017 0.0181637
202 0.889295 0.655763 0.0213741
203 0.889295 0.648476 0.0213015
204 0.889295 0.649122 0.0220182
205 0.889295 0.648105 0.0182114
206 0.889295 0.648032 0.0190779
207 0.889295 0.672648 0.0222544
208 0.889295 0.660331 0.0222345
209 0.889295 0.661374 0.0177236
210 0.889295 0.659488 0.0179414
211 0.889295 0.6756 0.0196809
212 0.889295 0.656546 0.021259
213 0.889295 0.660042 0.0248241
214 0.889295 0.662205 0.0212583
215 0.889295 0.65508 0.021874
216 0.889295 0.650162 0.0234193
217 0.889295 0.656722 0.0184719
218 0.889295 0.654327 0.0208229
219 0.889295 0.658143 0.0210043
220 0.889295 0.635092 0.0233811
221 0.889295 0.628987 0.0226273
222 0.889295 0.634857 0.0253025
223 0.889295 0.648714 0.0214253
224 0.889295 0.638396 0.0229795
225 0.889295 0.639753 0.0254143
226 0.889295 0.626569 0.0233924
227 0.892429 0.633086 0.02247
228 0.892429 0.620764 0.0250234
229 0.892429 0.655214 0.0230843
230 0.892429 0.649046 0.0216576
231 0.892429 0.646794 0.0219078
232 0.892429 0.648325 0.023694
233 0.892429 0.643156 0.023845
234 0.892429 0.616837 0.0213543
235 0.892429 0.625979 0.0239205
236 0.892429 0.616235 0.0233907
237 0.892429 0.611667 0.024642
238 0.892429 0.631136 0.0263685
239 0.892429 0.632454 0.0231156
240 0.892429 0.610538 0.0249366
241 0.892429 0.62136 0.0280289
242 0.892429 0.63125 0.0253152
243 0.892429 0.587316 0.0263547
244 0.892429 0.610955 0.0286418
245 0.892429 0.615633 0.0247409
246 0.892429 0.613904 0.0244605
247 0.892429 0.608646 0.025141
248 0.894575 0.623742 0.0238958
249 0.894575 0.605267 0.0233962
250 0.894575 0.615168 0.0248213
251 0.895826 0.622925 0.0251611
252 0.895826 0.641205 0.023049
253 0.895826 0.612606 0.0275836
254 0.895826 0.635171 0.025594
255 0.895826 0.633547 0.0239276
256 0.895826 0.652152 0.0243664
257 0.895826 0.648641 0.0262205
258 0.895826 0.653248 0.0268614
259 0.895826 0.6534 0.0252973
260 0.895826 0.636881 0.0249616
261 0.895826 0.659943 0.0249425
262 0.895826 0.661831 0.026136
263 0.895826 0.661209 0.0217442
264 0.895826 0.660984 0.0226672
265 0.895826 0.630222 0.0212732
266 0.895826 0.644277 0.022327
267 0.895826 0.633428 0.026914
268 0.895826 0.624968 0.0271352
269 0.895826 0.620509 0.0287779
270 0.895826 0.628165 0.0255171
271 0.895826 0.630011 0.0265757
272 0.895826 0.605756 0.0245366
273 0.897628 0.604107 0.0260836
274 0.897628 0.617739 0.0232789
275 0.897628 0.626266 0.0257377
276 0.897628 0.613328 0.0264177
277 0.897628 0.60848 0.0234327
278 0.897628 0.606323 0.0262038
279 0.897628 0.609859 0.0277275
280 0.897628 0.611696 0.0292018
281 0.897628 0.603441 0.027477
282 0.897628 0.600001 0.027092
283 0.897628 0.605357 0.0230174
284 0.897628 0.624097 0.0218398
285 0.897628 0.639632 0.023368
286 0.897628 0.635074 0.0254568
287 0.897628 0.621469 0.0230284
288 0.897628 0.605648 0.0235354
289 0.897628 0.614807 0.0222743
290 0.897628 0.608993 0.0245939
291 0.897628 0.634827 0.0288714
292 0.897628 0.624298 0.0245531
293 0.897628 0.638123 0.0249283
294 0.897628 0.658056 0.0223629
295 0.897628 0.652955 0.0269713
296 0.897628 0.638914 0.0248058
297 0.897628 0.621846 0.0257575
298 0.897628 0.635282 0.0252209
299 0.897628 0.634948 0.0271115
300 0.897628 0.623182 0.0253719
301 0.897628 0.625647 0.0269282
302 0.897628 0.644095 0.0237419
303 0.897628 0.627457 0.0268539
304 0.897628 0.630832 0.0282602
305 0.897628 0.632859 0.0235419
306 0.897628 0.618269 0.024163
307 0.897628 0.644332 0.0213981
308 0.897628 0.636397 0.0253159
309 0.897628 0.636479 0.0240601
310 0.897628 0.608306 0.0251056
311 0.897628 0.613699 0.0262818
312 0.897628 0.592073 0.0259727
313 0.897628 0.609148 0.0261691
314 0.897628 0.632387 0.0224425
315 0.897628 0.62655 0.0227748
316 0.897628 0.614317 0.0221046
317 0.897628 0.640897 0.022385
318 0.897628 0.648098 0.0215118
319 0.897628 0.646016 0.0249443
320 0.897628 0.641033 0.0246931
321 0.897628 0.623072 0.0250476
322 0.897628 0.649798 0.0232483
323 0.897628 0.653289 0.022008
324 0.897628 0.640173 0.0267973
325 0.897628 0.648601 0.0290377
326 0.897628 0.644204 0.027429
327 0.897628 0.644338 0.0245122
328 0.897628 0.634758 0.0261892
329 0.897628 0.642889 0.0239623
330 0.897628 0.637999 0.0236131
331 0.897628 0.621579 0.0241215
332 0.897628 0.632281 0.0248858
333 0.897628 0.63275 0.0252677
334 0.897628 0.630783 0.0232076
335 0.897628 0.623937 0.0277353
336 0.899982 0.632777 0.0286039
337 0.899982 0.643873 0.0280943
338 0.899982 0.628691 0.0251582
339 0.899982 0.619279 0.0245991
340 0.899982 0.631655 0.0278715
341 0.899982 0.649352 0.0302257
342 0.899982 0.637982 0.0262683
343 0.899982 0.602807 0.0250761
344 0.899982 0.619428 0.0292429
345 0.899982 0.610817 0.0265367
346 0.899982 0.605534 0.0284241
347 0.899982 0.606854 0.0287008
348 0.899982 0.614482 0.0310294
349 0.899982 0.627576 0.0271656
350 0.899982 0.618274 0.0309208
351 0.899982 0.619662 0.0254463
352 0.899982 0.609821 0.0269837
353 0.899982 0.609223 0.0283504
354 0.899982 0.614235 0.0243013
355 0.899982 0.641721 0.0274815
356 0.899982 0.640897 0.022983
357 0.899982 0.63672 0.0236344
358 0.899982 0.626008 0.0255051
359 0.899982 0.613509 0.0240863
360 0.899982 0.639677 0.0247626
361 0.899982 0.647532 0.0263695
362 0.899982 0.61878 0.0221789
363 0.899982 0.628464 0.0242953
364 0.899982 0.648234 0.0194706
365 0.899982 0.647334 0.0244443
366 0.899982 0.635418 0.0255781
367 0.899982 0.624014 0.0217364
368 0.899982 0.636517 0.024604
369 0.899982 0.632773 0.0242807
370 0.899982 0.621645 0.0233289
371 0.899982 0.613628 0.0249594
372 0.899982 0.620232 0.0265912
373 0.899982 0.614653 0.0273865
374 0.899982 0.615137 0.02761
375 0.899982 0.629518 0.0281733
376 0.899982 0.625388 0.0307745
377 0.899982 0.594587 0.024605
378 0.899982 0.597678 0.0261564
379 0.899982 0.58615 0.0275075
380 0.899982 0.614397 0.027583
381 0.899982 0.609039 0.0285437
382 0.899982 0.615216 0.0270523
383 0.899982 0.613448 0.025631
384 0.899982 0.628019 0.0265145
385 0.899982 0.630746 0.0273766
386 0.899982 0.625131 0.0235262
387 0.899982 0.625734 0.0255077
388 0.899982 0.615898 0.0268132
389 0.899982 0.610188 0.0213804
390 0.899982 0.608353 0.0266587
391 0.899982 0.648515 0.0268325
392 0.899982 0.611592 0.0271195
393 0.899982 0.607276 0.028438
394 0.899982 0.622348 0.0297978
395 0.899982 0.616315 0.026909
396 0.899982 0.614484 0.0229924
397 0.899982 0.62753 0.0205532
398 0.899982 0.622591 0.0260486
399 0.899982 0.632676 0.0229107
400 0.899982 0.620253 0.0249306
401 0.899982 0.62217 0.0240121
402 0.899982 0.634642 0.025933
403 0.899982 0.614609 0.0269261
404 0.899982 0.624831 0.0273401
405 0.899982 0.636196 0.0274396
406 0.899982 0.64202 0.0250767
407 0.899982 0.660446 0.0219955
408 0.899982 0.665397 0.021516
409 0.899982 0.647749 0.0238006
410 0.899982 0.623266 0.02529
411 0.899982 0.624063 0.0276962
412 0.901158 0.673406 0.0228113
413 0.901158 0.65662 0.0289325
414 0.901158 0.637817 0.0246587
415 0.902032 0.653204 0.0246743
416 0.902032 0.655999 0.0229679
417 0.902032 0.637675 0.0239256
418 0.902032 0.629878 0.0238241
419 0.902032 0.616747 0.0223029
420 0.902032 0.621043 0.0258263
421 0.902032 0.634012 0.0251669
422 0.902032 0.600817 0.0262821
423 0.902032 0.582272 0.0276738
424 0.902032 0.611667 0.0233068
425 0.902032 0.591006 0.0222523
426 0.902032 0.596713 0.0231122
427 0.902032 0.604909 0.0232953
428 0.902032 0.60141 0.0228604
429 0.902032 0.60229 0.0263933
430 0.902032 0.607128 0.0257057
431 0.902032 0.621449 0.025449
432 0.902032 0.611721 0.0270262
433 0.902032 0.617208 0.0257794
434 0.902032 0.593735 0.0258076
435 0.902032 0.60692 0.0282521
436 0.902032 0.613981 0.0308399
437 0.902032 0.601542 0.0267978
438 0.902032 0.611733 0.0235626
439 0.902032 0.620784 0.0301228
440 0.902032 0.631886 0.028374
441 0.902032 0.624551 0.0281217
442 0.902032 0.637147 0.0281909
443 0.902032 0.653871 0.0236065
444 0.902032 0.624081 0.0278509
445 0.902032 0.620211 0.0270847
446 0.902032 0.603255 0.0220063
447 0.902032 0.618493 0.0291511
448 0.902032 0.629509 0.0289873
449 0.902032 0.640758 0.0261852
450 0.9035 0.618622 0.0263101
451 0.9035 0.626256 0.026392
452 0.9035 0.628261 0.0276322
453 0.9035 0.633823 0.0287244
454 0.9035 0.622431 0.0262294
455 0.9035 0.629423 0.027882
456 0.9035 0.644723 0.0263474
457 0.9035 0.626638 0.0263381
458 0.9035 0.638781 0.0287248
459 0.9035 0.598376 0.0245727
460 0.9035 0.619509 0.0247159
461 0.9035 0.611582 0.0228548
462 0.9035 0.646562 0.0250901
463 0.9035 0.630683 0.0261993
464 0.9035 0.625038 0.0262103
465 0.9035 0.615977 0.0304227
466 0.9035 0.627997 0.0279894
467 0.9035 0.634156 0.0243337
468 0.9035 0.593659 0.0298076
469 0.9035 0.608932 0.0275278
470 0.905289 0.629816 0.0299422
471 0.905289 0.641133 0.0263814
472 0.905289 0.651643 0.0243481
473 0.905289 0.628917 0.0306507
474 0.905289 0.636112 0.0297165
475 0.905289 0.650413 0.0311321
476 0.905289 0.647971 0.0260801
477 0.905289 0.624162 0.0248526
478 0.905289 0.634901 0.0260763
479 0.905289 0.607907 0.0256039
480 0.905289 0.642011 0.0276041
481 0.905289 0.621666 0.0265683
482 0.905289 0.645446 0.0265525
483 0.905289 0.62662 0.0279203
484 0.905289 0.614601 0.0299236
485 0.905289 0.647101 0.0286951
486 0.905289 0.613253 0.0295924
487 0.905289 0.612223 0.0257737
488 0.905289 0.604254 0.0258672
489 0.905289 0.611023 0.0299785
490 0.905289 0.626337 0.0229245
491 0.905289 0.617251 0.0228805
492 0.905289 0.617397 0.0255302
493 0.905289 0.620517 0.0273744
494 0.905289 0.629612 0.0275193
495 0.905289 0.646014 0.0287892
496 0.905289 0.63292 0.0255466
497 0.905289 0.635118 0.0266621
498 0.905289 0.62891 0.0266529
499 0.905289 0.622223 0.0322073
500 0.905289 0.632735 0.0324395
501 0.905289 0.645781 0.0321922
502 0.905289 0.647744 0.03233
503 0.905289 0.633286 0.0269549
504 0.905289 0.643674 0.0251021
505 0.905289 0.653338 0.0245716
506 0.905289 0.643766 0.02624
507 0.905289 0.657772 0.0259422
508 0.905289 0.628066 0.0263332
509 0.905289 0.653961 0.0297868
510 0.905289 0.646983 0.0255079
511 0.905289 0.605793 0.0275293
512 0.905289 0.642022 0.02674
513 0.905751 0.642768 0.0293747
514 0.905757 0.63063 0.0260189
515 0.905757 0.634021 0.0241548
516 0.905757 0.641737 0.0275785
517 0.905757 0.635052 0.0278182
518 0.905757 0.628179 0.0288994
519 0.905757 0.632412 0.0306534
520 0.905757 0.639057 0.0252653
521 0.908043 0.65036 0.0261056
522 0.908043 0.662937 0.027297
523 0.908043 0.645896 0.0233197
524 0.908043 0.650425 0.026194
525 0.908043 0.646513 0.0305904
526 0.908043 0.652697 0.0240986
527 0.908043 0.61695 0.0274857
528 0.908043 0.629055 0.0276769
529 0.908043 0.601038 0.0293621
530 0.908043 0.636784 0.026082
531 0.908043 0.641247 0.0291895
532 0.908043 0.635628 0.0270984
533 0.908043 0.625086 0.0261505
534 0.908043 0.627938 0.0280509
535 0.908043 0.613011 0.0271214
536 0.908043 0.614709 0.0268075
537 0.908043 0.608805 0.0292343
538 0.908043 0.630891 0.0246501
539 0.908043 0.621976 0.0284315
540 0.908043 0.637785 0.0276079
541 0.908043 0.641871 0.0249481
542 0.908043 0.653193 0.028184
543 0.908043 0.666251 0.0247453
544 0.908043 0.643872 0.0264562
545 0.908043 0.627631 0.0244935
546 0.908043 0.629064 0.0239735
547 0.908043 0.616455 0.0258664
548 0.908043 0.60289 0.0245974
549 0.908043 0.635811 0.0246308
550 0.908043 0.623057 0.0223303
551 0.908043 0.632885 0.0242331
552 0.908043 0.64946 0.0225238
553 0.908043 0.627391 0.0249417
554 0.908043 0.626033 0.0271835
555 0.908043 0.638122 0.0261332
556 0.908043 0.606478 0.0267777
557 0.908043 0.597324 0.0284913
558 0.908043 0.60458 0.0280081
559 0.908043 0.593393 0.0241346
560 0.908043 0.610657 0.0279878
561 0.908043 0.628168 0.0268894
562 0.908043 0.604635 0.0295829
563 0.908043 0.629547 0.0303613
564 0.908043 0.634756 0.0286846
565 0.908043 0.613635 0.025076
566 0.908043 0.640991 0.0252337
567 0.908043 0.636153 0.0264199
568 0.908043 0.640154 0.0280764
569 0.908043 0.642509 0.0298932
570 0.908043 0.6348 0.0259985
571 0.908043 0.653094 0.0216404
572 0.908043 0.623976 0.026225
573 0.908043 0.65022 0.0241489
574 0.908043 0.641267 0.0247851
575 0.908043 0.630845 0.0261209
576 0.908043 0.63159 0.0272828
577 0.908043 0.640883 0.0271601
578 0.908043 0.625192 0.027348
579 0.908043 0.629161 0.0249066
580 0.908043 0.624325 0.0252978
581 0.908043 0.612503 0.0307586
582 0.908043 0.626016 0.0315685
583 0.908043 0.648507 0.0255416
584 0.908043 0.646435 0.0269268
585 0.908043 0.636613 0.0299522
586 0.908043 0.631587 0.032518
587 0.908043 0.638768 0.0298067
588 0.908043 0.613593 0.029832
589 0.908043 0.609682 0.0304438
590 0.908043 0.625626 0.0280893
591 0.908043 0.634705 0.0238213
592 0.908043 0.606821 0.0281703
593 0.908043 0.592675 0.0286347
594 0.908929 0.619111 0.0257676
595 0.908929 0.604101 0.0239552
596 0.908929 0.632124 0.025676
597 0.908929 0.645908 0.024829
598 0.908929 0.637738 0.0243354
599 0.908929 0.622264 0.0259999
600 0.908929 0.632879 0.0288465
601 0.908929 0.611856 0.0300782
602 0.908929 0.607261 0.0288948
603 0.908929 0.627354 0.0261475
604 0.908929 0.641055 0.024903
605 0.908929 0.630665 0.0253982
606 0.908929 0.611018 0.0265144
607 0.908929 0.612976 0.0324305
608 0.908929 0.620632 0.0291545
609 0.908929 0.624658 0.0314808
610 0.908929 0.609813 0.0323525
611 0.908929 0.594842 0.0284106
612 0.908929 0.604587 0.0247555
613 0.908929 0.589043 0.024259
614 0.908929 0.616255 0.0273865
615 0.908929 0.614588 0.0257358
616 0.908929 0.610396 0.0237446
617 0.908929 0.604534 0.0233519
618 0.908929 0.630824 0.0235993
619 0.908929 0.634962 0.0232097
620 0.909033 0.635348 0.0232402
621 0.909033 0.632007 0.0231483
622 0.909033 0.63482 0.0245858
623 0.909033 0.626947 0.0281711
624 0.909033 0.653643 0.0275576
625 0.909033 0.625334 0.0239726
626 0.909033 0.612348 0.0308265
627 0.909033 0.622173 0.0260763
628 0.909033 0.620981 0.0288337
629 0.909033 0.60708 0.0295444
630 0.909033 0.610733 0.0252422
631 0.911401 0.595401 0.0284651
632 0.911401 0.587871 0.0294059
633 0.911401 0.596898 0.0266524
634 0.911401 0.592216 0.0249281
635 0.911401 0.619225 0.0322088
636 0.911401 0.620741 0.0302472
637 0.911401 0.617329 0.0246907
638 0.911401 0.611933 0.0317791
639 0.911401 0.627002 0.0280889
640 0.911401 0.624579 0.0315021
641 0.911401 0.629413 0.0299152
642 0.911401 0.610507 0.0287091
643 0.911401 0.635026 0.0264825
644 0.911401 0.638583 0.0300008
645 0.911401 0.623615 0.0246546
646 0.911401 0.617799 0.028247
647 0.911401 0.631242 0.0269276
648 0.911401 0.632862 0.0276037
649 0.911401 0.637503 0.0283936
650 0.911401 0.644349 0.0265443
651 0.911401 0.62847 0.0279447
652 0.911401 0.611604 0.0285236
653 0.911401 0.618559 0.0305673
654 0.911401 0.63957 0.0275051
655 0.911401 0.623055 0.0273414
656 0.911401 0.599207 0.0282975
657 0.911401 0.60263 0.0262502
658 0.911401 0.605844 0.0276505
659 0.911401 0.630014 0.0306393
660 0.911401 0.612587 0.0266149
661 0.911401 0.604572 0.028094
662 0.911401 0.63301 0.0287853
663 0.911401 0.625505 0.0262455
664 0.911401 0.660475 0.0259442
665 0.911401 0.634261 0.0258969
666 0.911401 0.634756 0.0267623
667 0.911401 0.615755 0.0308366
668 0.911401 0.595921 0.0302859
669 0.911401 0.602297 0.026225
670 0.911401 0.598713 0.0300608
671 0.911401 0.615944 0.0313822
672 0.911401 0.631073 0.0260998
673 0.911401 0.625077 0.0253149
674 0.911401 0.627552 0.0263631
675 0.911401 0.614001 0.0254802
676 0.911401 0.614481 0.030077
677 0.911401 0.622575 0.0257637
678 0.911401 0.616856 0.0269334
679 0.911401 0.616278 0.0261472
680 0.911401 0.604234 0.0292685
681 0.911401 0.601183 0.030699
682 0.911401 0.607836 0.0319367
683 0.911401 0.616903 0.0271878
684 0.911401 0.617991 0.026108
685 0.911401 0.622878 0.0351601
686 0.911401 0.622175 0.0302255
687 0.911401 0.611767 0.0261515
688 0.911401 0.621168 0.0268339
689 0.911401 0.631122 0.027464
690 0.911401 0.617936 0.02938
691 0.911401 0.644652 0.0305387
692 0.911401 0.646316 0.0287863
693 0.911401 0.617693 0.0261359
694 0.911401 0.609154 0.0272482
695 0.911401 0.623481 0.0255012
696 0.911401 0.610754 0.0272555
697 0.911401 0.63666 0.0301895
698 0.911401 0.634326 0.0321772
699 0.911401 0.621082 0.0285139
700 0.911401 0.610145 0.0266664
701 0.911401 0.62027 0.0268583
702 0.911401 0.61394 0.0281296
703 0.911401 0.634356 0.0263656
704 0.911401 0.615042 0.0319234
705 0.911401 0.644707 0.0288131
706 0.911401 0.641543 0.032608
707 0.911401 0.624915 0.027509
708 0.911401 0.630951 0.0251097
709 0.911401 0.634934 0.0254946
710 0.911401 0.636882 0.0301639
711 0.911401 0.615223 0.0280181
712 0.911401 0.622829 0.0273495
713 0.911401 0.634226 0.0306109
714 0.911401 0.62082 0.0245626
715 0.911401 0.603841 0.0297158
716 0.911401 0.60862 0.0289341
717 0.911401 0.610368 0.0273991
718 0.911401 0.627452 0.0214786
719 0.911401 0.598802 0.0248674
720 0.911401 0.612848 0.0247145
721 0.911401 0.612131 0.0288208
722 0.911401 0.621407 0.0265183
723 0.911401 0.627122 0.0279351
724 0.911401 0.648329 0.0258037
725 0.911401 0.646688 0.0263646
726 0.911401 0.622219 0.0298564
727 0.911401 0.664318 0.0223119
728 0.911401 0.650064 0.0249586
729 0.911401 0.642839 0.0287824
730 0.911401 0.629432 0.0267048
731 0.911401 0.648984 0.0266752
732 0.911401 0.641789 0.0262252
733 0.911401 0.63308 0.0265251
734 0.911401 0.62925 0.02783
735 0.911401 0.62844 0.0270875
736 0.911401 0.640982 0.023246
737 0.911401 0.650564 0.0232543
738 0.911401 0.642265 0.0274998
739 0.911401 0.616701 0.0284575
740 0.911401 0.629458 0.0299145
741 0.911401 0.642551 0.0302828
742 0.911401 0.613394 0.026575
743 0.911401 0.628161 0.0269146
744 0.911401 0.626489 0.027894
745 0.911401 0.64572 0.0273054
746 0.911401 0.665667 0.0258675
747 0.911401 0.64238 0.0286199
748 0.911401 0.662605 0.0255662
749 0.911401 0.643277 0.0233433
750 0.911401 0.653609 0.0263889
751 0.911401 0.656819 0.023058
752 0.911401 0.647114 0.0238852
753 0.911401 0.642058 0.026263
754 0.911401 0.636714 0.0309672
755 0.911401 0.651047 0.0300024
756 0.911401 0.639039 0.0228779
757 0.911401 0.633082 0.028192
758 0.911401 0.631181 0.0266413
759 0.911401 0.627104 0.0263989
760 0.911401 0.625465 0.027922
761 0.911401 0.611493 0.0260276
762 0.911401 0.619781 0.0298352
763 0.911401 0.620596 0.0269264
764 0.911401 0.633151 0.0295616
765 0.911401 0.606786 0.0291687
766 0.911401 0.619986 0.0232071
767 0.911401 0.610243 0.0248616
768 0.911401 0.595921 0.0266792
769 0.911401 0.601993 0.0251148
770 0.911401 0.593778 0.0279015
771 0.911401 0.602139 0.026924
772 0.911401 0.623684 0.0252858
773 0.911401 0.596472 0.02491
774 0.911401 0.611402 0.0250248
775 0.911401 0.624231 0.0242804
776 0.911401 0.625124 0.0233684
777 0.911401 0.604192 0.0267149
778 0.911401 0.610803 0.0286724
779 0.911401 0.606036 0.0284416
780 0.911401 0.608036 0.0272126
781 0.911401 0.629071 0.0308188
782 0.911401 0.612593 0.0317482
783 0.911401 0.617146 0.0300419
784 0.911401 0.635067 0.0322504
785 0.911401 0.629332 0.0269826
786 0.911401 0.617798 0.0291374
787 0.911401 0.628867 0.0287032
788 0.911401 0.666264 0.023443
789 0.911401 0.629134 0.0249925
790 0.911401 0.651106 0.025455
791 0.911401 0.62496 0.0243038
792 0.911401 0.622287 0.0252509
793 0.911401 0.636704 0.0263645
794 0.911401 0.605472 0.026022
795 0.911401 0.607281 0.0216603
796 0.911401 0.60988 0.0245313
797 0.911401 0.633614 0.0252587
798 0.911401 0.650361 0.026253
799 0.911401 0.629775 0.028564
800 0.911401 0.636198 0.0283144
801 0.911401 0.634221 0.0288274
802 0.911401 0.599586 0.02479
803 0.911401 0.606151 0.0246388
804 0.911401 0.609425 0.0287737
805 0.911401 0.608118 0.0271171
806 0.911401 0.618331 0.0248427
807 0.911401 0.592058 0.0274218
808 0.911401 0.63413 0.0286399
809 0.911401 0.632696 0.0319867
810 0.911401 0.637446 0.0286478
811 0.911401 0.629162 0.0293636
812 0.911401 0.600418 0.0263326
813 0.911401 0.627346 0.0260603
814 0.911401 0.633007 0.0269305
815 0.911401 0.623397 0.0231803
816 0.911401 0.602201 0.0237287
817 0.911401 0.610817 0.0238978
818 0.911401 0.591895 0.0254627
819 0.911401 0.612215 0.0255283
820 0.911401 0.61763 0.0253019
821 0.911401 0.609721 0.0271323
822 0.911401 0.627557 0.0275823
823 0.911401 0.65045 0.0270414
824 0.911401 0.626144 0.0277578
825 0.911401 0.612871 0.0295845
826 0.911401 0.618443 0.0305911
827 0.911401 0.633911 0.0298401
828 0.911401 0.643182 0.0293864
829 0.911401 0.647346 0.0259998
830 0.911401 0.642282 0.0252639
831 0.911401 0.640629 0.0229727
832 0.911401 0.652421 0.0250025
833 0.911401 0.663788 0.0265086
834 0.911401 0.638214 0.0259243
835 0.911401 0.643992 0.025838
836 0.911401 0.635335 0.0287275
837 0.911401 0.609897 0.0277022
838 0.911401 0.644237 0.0315168
839 0.911401 0.636558 0.0261716
840 0.911401 0.62317 0.0295255
841 0.911401 0.632044 0.0269281
842 0.911401 0.658752 0.0282691
843 0.911401 0.620344 0.0291183
844 0.911401 0.651393 0.0203748
845 0.911401 0.635161 0.0250462
846 0.911401 0.644677 0.0214812
847 0.911401 0.642585 0.024755
848 0.911401 0.634044 0.0264638
849 0.911401 0.61788 0.0269248
850 0.911401 0.629721 0.0240154
851 0.911401 0.638453 0.0255589
852 0.911401 0.619186 0.0270146
853 0.911401 0.60668 0.0269124
854 0.911401 0.603297 0.0282066
855 0.911401 0.591714 0.0267663
856 0.911401 0.607526 0.0291065
857 0.911401 0.628134 0.028958
858 0.911401 0.621929 0.0269162
859 0.911401 0.61694 0.0280514
860 0.911401 0.59888 0.0274248
861 0.911401 0.619287 0.0267107
862 0.911401 0.620669 0.0282478
863 0.911401 0.599113 0.0244475
864 0.911401 0.578877 0.024454
865 0.911401 0.616496 0.0289279
866 0.911401 0.620305 0.0287826
867 0.911401 0.638126 0.0288585
868 0.911401 0.654793 0.0246047
869 0.911401 0.650816 0.0240104
870 0.911401 0.638486 0.0269479
871 0.911401 0.607772 0.0265613
872 0.911401 0.624683 0.0290025
873 0.911401 0.632623 0.0250702
874 0.911401 0.611667 0.023932
875 0.911401 0.601683 0.0230516
876 0.911401 0.617888 0.0273514
877 0.911401 0.608134 0.0277428
878 0.911401 0.63288 0.0248438
879 0.911401 0.617034 0.0259271
880 0.911401 0.609974 0.0235653
881 0.911401 0.609447 0.0221586
882 0.911401 0.616243 0.0239634
883 0.911401 0.62811 0.0268085
884 0.911401 0.613764 0.0245201
885 0.911401 0.621042 0.0242463
886 0.911401 0.647654 0.0250323
887 0.911401 0.670962 0.025798
888 0.911401 0.649701 0.0248358
889 0.911401 0.650476 0.0220197
890 0.911401 0.651453 0.0213129
891 0.911401 0.638684 0.0232855
892 0.911401 0.670887 0.0229635
893 0.911401 0.651048 0.0245212
894 0.911401 0.652154 0.0258483
895 0.911401 0.652783 0.0235939
896 0.911673 0.649604 0.0254128
897 0.911673 0.629106 0.0252035
898 0.911673 0.639801 0.0229076
899 0.911673 0.61548 0.0277125
900 0.911673 0.60987 0.0289388
901 0.911673 0.631466 0.0261958
902 0.911673 0.605893 0.026773
903 0.911673 0.614475 0.0287411
904 0.911673 0.631306 0.0284185
905 0.911673 0.608969 0.0259502
906 0.911673 0.610013 0.0235273
907 0.911673 0.637199 0.0242211
908 0.911673 0.620477 0.0261293
909 0.911673 0.622335 0.0272036
910 0.911673 0.614713 0.0262193
911 0.911673 0.615137 0.0292971
912 0.911673 0.631201 0.0241698
913 0.911673 0.631264 0.0278623
914 0.911673 0.622064 0.0283399
915 0.911673 0.610592 0.0271892
916 0.911673 0.605512 0.027202
917 0.911673 0.620203 0.0246504
918 0.911673 0.6436 0.025066
919 0.911673 0.629207 0.0248278
920 0.911673 0.65059 0.0274698
921 0.911673 0.644557 0.0254329
922 0.911673 0.641669 0.024322
923 0.911673 0.628693 0.0256614
924 0.911673 0.618608 0.0265685
925 0.911673 0.629496 0.0301093
926 0.911673 0.612617 0.0243009
927 0.911673 0.602135 0.0272727
928 0.911673 0.608272 0.0252152
929 0.911673 0.612516 0.0294916
930 0.911673 0.648026 0.0321537
931 0.911673 0.611994 0.0277358
932 0.911673 0.6317 0.0301654
933 0.911673 0.645299 0.0249038
934 0.911673 0.621257 0.0284704
935 0.911673 0.609318 0.0282531
936 0.911673 0.615685 0.0249364
937 0.911673 0.631336 0.0286721
938 0.911673 0.606213 0.0269998
939 0.911673 0.611542 0.0293815
940 0.911673 0.623431 0.0268908
941 0.911673 0.630091 0.0271188
942 0.911673 0.616325 0.028811
943 0.911673 0.62059 0.0298457
944 0.911673 0.645952 0.0262239
945 0.911673 0.652697 0.0308457
946 0.911673 0.6549 0.0271944
947 0.911673 0.65265 0.0269044
948 0.911673 0.624532 0.0264196
949 0.911673 0.620252 0.025595
950 0.911673 0.627363 0.0263771
951 0.911673 0.627729 0.0288528
952 0.911673 0.609425 0.0220972
953 0.911673 0.620442 0.0245026
954 0.911673 0.627186 0.0271355
955 0.911673 0.623636 0.0278431
956 0.911673 0.62547 0.0305998
957 0.911673 0.630589 0.0292308
958 0.911673 0.608488 0.027629
959 0.911673 0.638484 0.0255599
960 0.911673 0.646389 0.0237907
961 0.911673 0.635214 0.0309129
962 0.911673 0.643046 0.0296829
963 0.911673 0.643258 0.0310203
964 0.911673 0.635268 0.0264696
965 0.911673 0.64791 0.0313862
966 0.911673 0.630531 0.0295006
967 0.911673 0.642542 0.0312129
968 0.911673 0.627223 0.0288101
969 0.911673 0.638738 0.029198
970 0.911673 0.630082 0.0281973
971 0.911673 0.644742 0.0253249
972 0.911673 0.656711 0.0257613
973 0.911673 0.649815 0.0256232
974 0.911673 0.616462 0.0274602
975 0.911673 0.623049 0.0297524
976 0.911673 0.604517 0.029972
977 0.911673 0.627164 0.0295294
978 0.911673 0.62458 0.0275856
979 0.911673 0.598856 0.0336779
980 0.911673 0.617865 0.024554
981 0.911673 0.621409 0.0262312
982 0.911673 0.619737 0.026141
983 0.911673 0.618414 0.0255338
984 0.911673 0.61258 0.0237574
985 0.911673 0.630512 0.022998
986 0.911673 0.635415 0.0230876
987 0.911673 0.622934 0.0251572
988 0.911673 0.61082 0.02853
989 0.911673 0.632916 0.0300423
990 0.911673 0.635926 0.0241213
991 0.911673 0.626538 0.0274783
992 0.911673 0.610718 0.0265252
993 0.911673 0.59424 0.0277207
994 0.911673 0.650992 0.0226845
995 0.911673 0.619723 0.0238982
996 0.911673 0.631499 0.0245163
997 0.911673 0.647207 0.0239353
998 0.911673 0.653529 0.0235723
999 0.911673 0.625645 0.02423
1000 0.911673 0.610626 0.0248171
