0 0.347914 0.250187 0.000283702
1 0.347914 0.253515 0.000227569
2 0.347914 0.255896 0.000481283
3 0.347914 0.25898 0.000562715
4 0.347914 0.261441 0.000677288
5 0.347914 0.258453 0.000687575
6 0.353625 0.260656 0.00083368
7 0.353625 0.261972 0.00104794
8 0.37329 0.264975 0.00135453
9 0.37329 0.265222 0.00157547
10 0.380682 0.271161 0.00197434
11 0.380682 0.270349 0.00200424
12 0.404052 0.270787 0.00273775
13 0.443828 0.271941 0.00358703
14 0.559163 0.283665 0.00517458
15 0.559163 0.274787 0.0047884
16 0.559163 0.278282 0.00469954
17 0.559163 0.292067 0.00529422
18 0.580325 0.302067 0.00768004
19 0.580325 0.305234 0.00847006
20 0.58951 0.313971 0.00962919
21 0.600822 0.311248 0.0115192
22 0.600822 0.312436 0.014502
23 0.600822 0.30137 0.0157354
24 0.613951 0.307229 0.0164552
25 0.613951 0.322234 0.017827
26 0.613951 0.332236 0.0188206
27 0.613951 0.322814 0.0180855
28 0.613951 0.325244 0.0168581
29 0.613951 0.341645 0.0171391
30 0.615322 0.339931 0.0199046
31 0.615322 0.322584 0.0189249
32 0.616589 0.327207 0.019479
33 0.619083 0.323908 0.0203325
34 0.630839 0.318311 0.0203903
35 0.63138 0.335632 0.0207659
36 0.63138 0.327921 0.0203541
37 0.63138 0.35296 0.021734
38 0.63138 0.334604 0.0198305
39 0.63138 0.335041 0.0199462
40 0.63138 0.335151 0.022229
41 0.63138 0.338017 0.0220862
42 0.63138 0.335102 0.0231166
43 0.63138 0.339246 0.0220724
44 0.63611 0.33659 0.02445
45 0.63611 0.321084 0.0242481
46 0.63611 0.330711 0.0201206
47 0.63611 0.334176 0.0227665
48 0.637326 0.318078 0.0255675
49 0.64802 0.319589 0.0221897
50 0.64802 0.318653 0.0243349
51 0.64802 0.332007 0.0243197
52 0.64802 0.332975 0.0241506
53 0.64802 0.331715 0.0243444
54 0.64802 0.330078 0.023871
55 0.64802 0.340652 0.025587
56 0.64802 0.360722 0.0220372
57 0.64802 0.370297 0.0230651
58 0.64802 0.369614 0.0249835
59 0.64802 0.372855 0.0264633
60 0.654816 0.3807 0.0214831
61 0.654816 0.37978 0.0237257
62 0.654816 0.370123 0.0223399
63 0.654816 0.401378 0.0250276
64 0.657136 0.411857 0.0226179
65 0.659886 0.397145 0.0258319
66 0.659886 0.398141 0.0232376
67 0.659886 0.407167 0.0236596
68 0.659886 0.404811 0.0270392
69 0.659886 0.383823 0.0244477
70 0.659886 0.376075 0.0271826
71 0.659886 0.380898 0.0261156
72 0.66513 0.386514 0.0272631
73 0.66513 0.389614 0.0265986
74 0.66513 0.386765 0.0244252
75 0.66513 0.416851 0.0252715
76 0.66513 0.402634 0.0266227
77 0.66513 0.38436 0.0260304
78 0.66513 0.400521 0.0247489
79 0.669497 0.397238 0.0230251
80 0.669497 0.404974 0.0234509
81 0.669497 0.399516 0.022691
82 0.669497 0.419211 0.0265385
83 0.669497 0.415044 0.023869
84 0.670474 0.42093 0.0266597
85 0.670474 0.421972 0.0273674
86 0.670474 0.417112 0.0290539
87 0.670474 0.407363 0.0256487
88 0.673908 0.406788 0.0248298
89 0.673908 0.415955 0.0277506
90 0.683798 0.430193 0.02769
91 0.683798 0.404651 0.0255792
92 0.683798 0.41161 0.0274531
93 0.683798 0.41981 0.0260979
94 0.683798 0.406061 0.0284534
95 0.683798 0.413424 0.02328
96 0.683798 0.399751 0.0274937
97 0.683798 0.400244 0.0231775
98 0.683798 0.405024 0.0271645
99 0.683798 0.399394 0.0213409
100 0.683798 0.411129 0.0243418
101 0.683798 0.407914 0.0260286
102 0.683798 0.396494 0.0249094
103 0.683798 0.397965 0.0252146
104 0.683798 0.429654 0.0236194
105 0.683798 0.417877 0.0247574
106 0.683798 0.43255 0.0231577
107 0.683798 0.418796 0.0284071
108 0.683798 0.415287 0.027278
109 0.683798 0.404795 0.024768
110 0.683798 0.383724 0.0245194
111 0.687342 0.382185 0.0261276
112 0.687342 0.408098 0.0280377
113 0.687342 0.405983 0.0239768
114 0.687342 0.397741 0.0243155
115 0.687342 0.416724 0.026376
116 0.687342 0.417798 0.0275188
117 0.687342 0.40478 0.0278198
118 0.687342 0.389814 0.0275092
119 0.687342 0.401824 0.0280399
120 0.687342 0.377227 0.0225469
121 0.687342 0.399962 0.0261991
122 0.687342 0.417629 0.0305152
123 0.687342 0.415125 0.0272492
124 0.687342 0.422984 0.0242213
125 0.691988 0.422933 0.0248577
126 0.691988 0.432488 0.0240078
127 0.691988 0.425306 0.0266945
128 0.691988 0.432736 0.0293918
129 0.691988 0.445412 0.0262038
130 0.691988 0.430954 0.0262743
131 0.691988 0.442988 0.0242268
132 0.691988 0.442778 0.0241077
133 0.691988 0.409986 0.0235441
134 0.691988 0.399333 0.023136
135 0.691988 0.418389 0.0234823
136 0.693418 0.46084 0.026063
137 0.693418 0.443988 0.0251826
138 0.693418 0.408826 0.0214036
139 0.693418 0.400776 0.0222023
140 0.693418 0.410421 0.0279278
141 0.693418 0.409511 0.0295448
142 0.705943 0.413285 0.0285022
143 0.705943 0.423833 0.0251997
144 0.705943 0.409278 0.0313442
145 0.705943 0.379925 0.0293824
146 0.705943 0.427109 0.0276962
147 0.705943 0.416114 0.0242697
148 0.705943 0.418796 0.0295555
149 0.705943 0.428986 0.0258367
150 0.705943 0.424145 0.024432
151 0.705943 0.43704 0.0245065
152 0.705943 0.428852 0.0248721
153 0.705943 0.450799 0.0267834
154 0.705943 0.42986 0.0282208
155 0.705943 0.43228 0.0288706
156 0.705943 0.428167 0.0265174
157 0.705943 0.440502 0.0259872
158 0.705943 0.433865 0.024395
159 0.705943 0.434605 0.0242386
160 0.705943 0.417148 0.025681
161 0.705943 0.416765 0.0264922
162 0.705943 0.414105 0.0215511
163 0.705943 0.407661 0.0231375
164 0.705943 0.419148 0.0267827
165 0.705943 0.432981 0.0303045
166 0.705943 0.418011 0.0271535
167 0.705943 0.424562 0.0243945
168 0.705943 0.411047 0.0235886
169 0.705943 0.413681 0.0254122
170 0.705943 0.436339 0.025929
171 0.705943 0.413146 0.026361
172 0.705943 0.436528 0.0266349
173 0.705943 0.426133 0.0297054
174 0.705943 0.430017 0.0254835
175 0.705943 0.427394 0.0286019
176 0.705943 0.424266 0.0285097
177 0.705943 0.434323 0.0232478
178 0.705943 0.41582 0.0245848
179 0.705943 0.417405 0.0215612
180 0.705943 0.435683 0.0280941
181 0.705943 0.447996 0.0259277
182 0.705943 0.432604 0.0244319
183 0.705943 0.43609 0.0251343
184 0.705943 0.430225 0.0268119
185 0.705943 0.41886 0.0300825
186 0.705943 0.409488 0.023775
187 0.705943 0.400518 0.0296501
188 0.705943 0.418314 0.0289304
189 0.705943 0.410043 0.0280159
190 0.705943 0.404628 0.0309674
191 0.705943 0.411673 0.0264319
192 0.705943 0.424832 0.0263345
193 0.705943 0.456915 0.0288443
194 0.705943 0.423009 0.025527
195 0.705943 0.430904 0.0256846
196 0.705943 0.425833 0.0267413
197 0.705943 0.423028 0.0244546
198 0.705943 0.423252 0.0244732
199 0.705943 0.434611 0.023063
200 0.705943 0.413575 0.023989
201 0.705943 0.39799 0.0259955
202 0.705943 0.41009 0.0258981
203 0.705943 0.413157 0.0281326
204 0.705943 0.423182 0.0257975
205 0.705943 0.400796 0.024694
206 0.705943 0.415335 0.0281595
207 0.705943 0.411329 0.0273442
208 0.705943 0.41691 0.0289885
209 0.705943 0.420074 0.0271863
210 0.705943 0.426158 0.0271899
211 0.705943 0.418224 0.0280888
212 0.705943 0.443012 0.0301635
213 0.705943 0.419675 0.0285627
214 0.705943 0.43406 0.0278724
215 0.705943 0.420391 0.02797
216 0.705943 0.414308 0.0271279
217 0.705943 0.404836 0.0269855
218 0.705943 0.400173 0.0256134
219 0.705943 0.41486 0.028049
220 0.705943 0.418841 0.0261459
221 0.705943 0.408184 0.0244463
222 0.705943 0.432912 0.026776
223 0.705943 0.42055 0.0261775
224 0.705943 0.425393 0.027025
225 0.705943 0.429231 0.0304343
226 0.705943 0.425696 0.0267024
227 0.705943 0.421102 0.0289703
228 0.705943 0.403983 0.0295798
229 0.705943 0.408897 0.0275429
230 0.705943 0.414226 0.0267764
231 0.705943 0.422129 0.0282918
232 0.705943 0.423629 0.0263636
233 0.714657 0.409234 0.0249314
234 0.714657 0.418434 0.0213564
235 0.714657 0.414308 0.0234802
236 0.714657 0.430095 0.0233809
237 0.714657 0.431074 0.0262242
238 0.714657 0.410804 0.0278147
239 0.714657 0.412912 0.028432
240 0.714657 0.416022 0.0288521
241 0.714657 0.392234 0.029744
242 0.714657 0.421388 0.0277584
243 0.714657 0.431935 0.0240346
244 0.738363 0.428416 0.0286962
245 0.738363 0.417294 0.0309028
246 0.738363 0.423095 0.0267764
247 0.740545 0.434802 0.0267951
248 0.741821 0.430041 0.0239235
249 0.741821 0.41336 0.0247818
250 0.753692 0.420103 0.0295546
251 0.753692 0.413127 0.0241146
252 0.753692 0.399147 0.0255166
253 0.753692 0.418229 0.0280262
254 0.753692 0.40099 0.0267187
255 0.753692 0.422687 0.0286346
256 0.753692 0.421821 0.0271937
257 0.753692 0.436008 0.031038
258 0.753692 0.417888 0.026442
259 0.753692 0.442503 0.0303477
260 0.753692 0.434108 0.0308937
261 0.753692 0.431757 0.0297665
262 0.753692 0.440844 0.0307989
263 0.753692 0.460442 0.0297541
264 0.753692 0.473513 0.0312573
265 0.753692 0.464995 0.028792
266 0.753692 0.443473 0.0287496
267 0.753692 0.457993 0.0330613
268 0.753921 0.450319 0.0285124
269 0.753921 0.441295 0.027175
270 0.753921 0.427671 0.0264997
271 0.753921 0.463986 0.0291389
272 0.753921 0.457655 0.0305039
273 0.753921 0.444498 0.0276271
274 0.753921 0.437991 0.0270465
275 0.753921 0.448786 0.0245996
276 0.753921 0.44563 0.0248846
277 0.753921 0.450035 0.0263826
278 0.753921 0.450795 0.0247817
279 0.753921 0.460708 0.0238866
280 0.753921 0.46463 0.0293902
281 0.753921 0.464558 0.0243707
282 0.753921 0.466259 0.0254961
283 0.753921 0.477252 0.0251906
284 0.753921 0.468872 0.0239266
285 0.753921 0.47278 0.0271607
286 0.753921 0.473589 0.0271684
287 0.753921 0.476032 0.0282944
288 0.753921 0.466441 0.027434
289 0.753921 0.441687 0.0262461
290 0.753921 0.448717 0.0265587
291 0.753921 0.455155 0.0268433
292 0.753921 0.438874 0.0286452
293 0.753921 0.438313 0.0282952
294 0.753921 0.457414 0.0285996
295 0.753921 0.458994 0.0312575
296 0.753921 0.453784 0.0268322
297 0.753921 0.458759 0.0290715
298 0.753921 0.450051 0.0275945
299 0.753921 0.440642 0.0275261
300 0.753921 0.438092 0.0247661
301 0.753921 0.441681 0.0275211
302 0.753921 0.454885 0.0248294
303 0.753921 0.434067 0.0282908
304 0.753921 0.438045 0.0265722
305 0.753921 0.429514 0.0241852
306 0.753921 0.434448 0.0258233
307 0.753921 0.441551 0.0287295
308 0.753921 0.452426 0.0264203
309 0.753921 0.468812 0.0232438
310 0.753921 0.455289 0.0286593
311 0.753921 0.457419 0.0276788
312 0.753921 0.450831 0.0255778
313 0.753921 0.450214 0.0227941
314 0.753921 0.431406 0.0228464
315 0.753921 0.432693 0.0213084
316 0.753921 0.423904 0.0247755
317 0.754359 0.423304 0.0271062
318 0.754359 0.43005 0.0258495
319 0.754359 0.426933 0.0280055
320 0.754359 0.443636 0.0289002
321 0.754359 0.433404 0.0293028
322 0.754359 0.445074 0.0296872
323 0.754359 0.445444 0.0287555
324 0.754359 0.457052 0.0278687
325 0.754359 0.445307 0.0276612
326 0.754359 0.431846 0.0304545
327 0.754359 0.452435 0.0310545
328 0.754359 0.455277 0.028907
329 0.754359 0.439702 0.0266113
330 0.754727 0.446891 0.024237
331 0.754727 0.448985 0.0236192
332 0.754727 0.453385 0.0289712
333 0.754727 0.449636 0.0222722
334 0.754727 0.437312 0.022912
335 0.754727 0.447479 0.0248819
336 0.754727 0.454244 0.0255768
337 0.754727 0.462701 0.0300445
338 0.754727 0.447043 0.0231445
339 0.754727 0.435667 0.028636
340 0.754727 0.440099 0.0247514
341 0.754727 0.435222 0.0220208
342 0.754727 0.438186 0.0226904
343 0.754727 0.441488 0.0296158
344 0.754727 0.425589 0.0306291
345 0.754727 0.434314 0.0260954
346 0.754727 0.455172 0.0295137
347 0.754727 0.451533 0.0286006
348 0.754727 0.438124 0.0278438
349 0.757188 0.442478 0.0244593
350 0.757188 0.45365 0.0251901
351 0.757188 0.434864 0.0234637
352 0.757188 0.44606 0.0227652
353 0.757188 0.447875 0.0231104
354 0.757188 0.470003 0.025376
355 0.757188 0.462532 0.0249518
356 0.757188 0.46273 0.0237695
357 0.757188 0.467068 0.027048
358 0.757188 0.473819 0.0249502
359 0.757188 0.463673 0.0271954
360 0.761149 0.457247 0.0291492
361 0.761149 0.443692 0.0246139
362 0.761149 0.449713 0.0277153
363 0.761149 0.438243 0.0291723
364 0.761149 0.445999 0.0247709
365 0.761149 0.447822 0.0278709
366 0.761149 0.433029 0.0263969
367 0.761149 0.460754 0.0254558
368 0.761149 0.455331 0.0281768
369 0.761149 0.43391 0.0282269
370 0.761149 0.442187 0.0274613
371 0.761149 0.422678 0.0291414
372 0.761149 0.426612 0.0281808
373 0.765282 0.418643 0.0288292
374 0.768758 0.442027 0.0270063
375 0.768758 0.447827 0.0285971
376 0.768758 0.452561 0.0325849
377 0.768758 0.43815 0.0289428
378 0.768758 0.413969 0.0249794
379 0.768758 0.414603 0.0245662
380 0.768758 0.440797 0.0271475
381 0.768758 0.44787 0.027389
382 0.768758 0.460365 0.0287652
383 0.768758 0.433856 0.0279832
384 0.768758 0.433656 0.0253741
385 0.768758 0.456934 0.0304686
386 0.768758 0.472573 0.0290868
387 0.768758 0.482214 0.0287149
388 0.768758 0.466556 0.0299949
389 0.768758 0.46004 0.0287477
390 0.768758 0.442106 0.0292013
391 0.768758 0.433228 0.0303897
392 0.768758 0.462381 0.0301095
393 0.768758 0.461622 0.0315138
394 0.768758 0.442838 0.0271162
395 0.768758 0.440748 0.0286759
396 0.768758 0.459658 0.0357541
397 0.768758 0.467697 0.0351036
398 0.768758 0.47575 0.0277698
399 0.768758 0.453005 0.0290602
400 0.768758 0.476278 0.0271893
401 0.768758 0.46601 0.0269112
402 0.768758 0.472903 0.0271874
403 0.768758 0.455736 0.0259765
404 0.768758 0.478789 0.0298064
405 0.768758 0.470909 0.0327104
406 0.768758 0.438816 0.0254836
407 0.768758 0.445418 0.0287767
408 0.768758 0.449459 0.0304093
409 0.768758 0.441808 0.0312268
410 0.768758 0.446472 0.0291063
411 0.768758 0.441334 0.0295028
412 0.768758 0.451366 0.0287129
413 0.768758 0.454813 0.0274925
414 0.768758 0.433147 0.024636
415 0.768758 0.443673 0.0275382
416 0.768758 0.436983 0.0261747
417 0.768758 0.454423 0.031021
418 0.768758 0.455407 0.0288584
419 0.768758 0.462793 0.0297299
420 0.768758 0.468934 0.0303517
421 0.768758 0.470587 0.0299768
422 0.768758 0.467244 0.0305903
423 0.768758 0.464983 0.0303812
424 0.768758 0.473367 0.0281239
425 0.768758 0.448952 0.0260806
426 0.768758 0.463282 0.0274505
427 0.768758 0.464213 0.0264951
428 0.768758 0.484493 0.0270595
429 0.768758 0.479792 0.0269563
430 0.768758 0.484092 0.0265526
431 0.768758 0.479591 0.0252846
432 0.768758 0.467327 0.0303337
433 0.768758 0.464104 0.0274167
434 0.768758 0.452626 0.0275517
435 0.768758 0.460736 0.0278485
436 0.768758 0.460697 0.02797
437 0.768758 0.452564 0.0272198
438 0.768758 0.451521 0.0271303
439 0.768758 0.459934 0.0286266
440 0.768758 0.451649 0.0268992
441 0.768758 0.446962 0.0269531
442 0.768758 0.435555 0.0320038
443 0.768758 0.424202 0.0300168
444 0.768758 0.463184 0.0273431
445 0.768758 0.486736 0.0280214
446 0.768758 0.477338 0.0289194
447 0.768758 0.469809 0.0264633
448 0.768758 0.49092 0.0245717
449 0.768758 0.463291 0.0266713
450 0.768758 0.463471 0.0273358
451 0.768758 0.453822 0.0287362
452 0.768758 0.457016 0.0302353
453 0.768758 0.452501 0.0322511
454 0.768891 0.480625 0.0341936
455 0.768891 0.472774 0.0316097
456 0.768891 0.466352 0.0318062
457 0.768891 0.450447 0.0331678
458 0.768891 0.459625 0.0308958
459 0.77137 0.460184 0.0345794
460 0.77137 0.448586 0.0261093
461 0.77137 0.473526 0.0317291
462 0.77137 0.468191 0.032526
463 0.77137 0.472116 0.0315902
464 0.77137 0.439375 0.0318088
465 0.77137 0.450037 0.0318076
466 0.77137 0.450309 0.0299363
467 0.77137 0.448664 0.0275713
468 0.77137 0.469578 0.0274355
469 0.773116 0.46973 0.0266874
470 0.773116 0.466555 0.024666
471 0.773116 0.468817 0.02486
472 0.773116 0.464799 0.0279219
473 0.773116 0.446016 0.02769
474 0.773116 0.444921 0.02584
475 0.773116 0.459944 0.0264911
476 0.773116 0.454715 0.0277221
477 0.773116 0.485406 0.0236802
478 0.773116 0.471725 0.0288217
479 0.773116 0.483035 0.0299844
480 0.773116 0.45913 0.0279491
481 0.773116 0.455248 0.0269197
482 0.773116 0.463996 0.0308563
483 0.773116 0.466955 0.024822
484 0.773116 0.467019 0.0244033
485 0.773116 0.460222 0.0256098
486 0.773116 0.462327 0.0275093
487 0.773116 0.463138 0.0301304
488 0.773116 0.447272 0.0299423
489 0.773116 0.461241 0.0285305
490 0.773116 0.465297 0.030194
491 0.773116 0.46898 0.026786
492 0.773116 0.480729 0.0320801
493 0.773116 0.430125 0.0316959
494 0.773116 0.458687 0.0273608
495 0.773116 0.462262 0.0312418
496 0.773116 0.454986 0.0333897
497 0.773116 0.47459 0.0279699
498 0.773116 0.480101 0.0261957
499 0.773116 0.476725 0.0302778
500 0.773116 0.461754 0.0254343
501 0.773116 0.48116 0.0305322
502 0.773116 0.447261 0.0310197
503 0.773116 0.458408 0.0305102
504 0.773116 0.472071 0.0280571
505 0.773262 0.475572 0.02699
506 0.773262 0.483336 0.0274877
507 0.773262 0.477112 0.0304756
508 0.773262 0.496233 0.0254883
509 0.773262 0.468033 0.024244
510 0.773262 0.449503 0.0257782
511 0.773262 0.472677 0.029295
512 0.773262 0.489401 0.0268563
513 0.773262 0.47005 0.0266004
514 0.773262 0.488115 0.0270052
515 0.773262 0.472564 0.0273964
516 0.773262 0.4635 0.026851
517 0.773262 0.474264 0.0292676
518 0.773262 0.478674 0.0295123
519 0.773262 0.458987 0.0282477
520 0.773262 0.456631 0.0296583
521 0.773262 0.464217 0.0300678
522 0.773262 0.448505 0.0280681
523 0.773262 0.487136 0.028927
524 0.773262 0.491488 0.0270084
525 0.776003 0.484177 0.0300355
526 0.776003 0.457134 0.0310728
527 0.776003 0.452887 0.0272498
528 0.776003 0.494023 0.0275221
529 0.776003 0.458214 0.0314474
530 0.776003 0.467333 0.029428
531 0.776003 0.474071 0.0255004
532 0.776003 0.452266 0.0287728
533 0.776003 0.443651 0.0280918
534 0.776003 0.459419 0.0291101
535 0.776003 0.462592 0.0289816
536 0.776003 0.480715 0.0297385
537 0.776003 0.453396 0.0269612
538 0.776003 0.447919 0.0275977
539 0.776003 0.473721 0.0299618
540 0.776003 0.483265 0.030835
541 0.777689 0.482044 0.0275429
542 0.777689 0.47194 0.0281297
543 0.777689 0.479311 0.0318792
544 0.777689 0.461683 0.0301571
545 0.777689 0.454992 0.0297382
546 0.777689 0.465866 0.0265086
547 0.777689 0.443868 0.0261463
548 0.777689 0.462189 0.0265586
549 0.777689 0.45389 0.0233065
550 0.777689 0.486383 0.0269728
551 0.777689 0.471978 0.0247806
552 0.777689 0.469027 0.0265123
553 0.777689 0.447947 0.0276757
554 0.777689 0.463144 0.0242257
555 0.777689 0.468819 0.028961
556 0.777689 0.481862 0.0291438
557 0.777689 0.462752 0.0318905
558 0.777689 0.457764 0.0289997
559 0.777689 0.468328 0.02977
560 0.777689 0.458377 0.0313414
561 0.777689 0.476241 0.0283877
562 0.777689 0.464521 0.024192
563 0.777689 0.444181 0.0282221
564 0.777689 0.475565 0.0279739
565 0.777689 0.480055 0.0310152
566 0.777689 0.461136 0.0279808
567 0.777689 0.454905 0.0289634
568 0.777689 0.446257 0.0375186
569 0.777689 0.447249 0.0298939
570 0.777689 0.457995 0.0333412
571 0.777689 0.457055 0.0318789
572 0.777689 0.477405 0.0326729
573 0.777689 0.496467 0.0292177
574 0.777689 0.491826 0.0287387
575 0.777689 0.461743 0.0303047
576 0.777689 0.454925 0.0319048
577 0.777689 0.466625 0.0303108
578 0.777689 0.473983 0.0309562
579 0.777689 0.471352 0.0331332
580 0.777689 0.48027 0.0321284
581 0.777689 0.488336 0.0303508
582 0.777689 0.503027 0.0299953
583 0.777689 0.494818 0.0271144
584 0.777689 0.492551 0.0290196
585 0.777689 0.48483 0.0274511
586 0.777689 0.471237 0.0331485
587 0.777689 0.476654 0.026756
588 0.777689 0.489287 0.0279108
589 0.777689 0.482512 0.0249413
590 0.777689 0.466135 0.0281812
591 0.777689 0.499754 0.0319752
592 0.777689 0.479771 0.0274352
593 0.777689 0.467888 0.0273609
594 0.777689 0.469451 0.0232739
595 0.777689 0.476086 0.0289003
596 0.777689 0.466853 0.0303905
597 0.777689 0.458192 0.0323956
598 0.777689 0.469048 0.0305501
599 0.777689 0.466623 0.0251828
600 0.777689 0.494028 0.0283426
601 0.777689 0.479063 0.0287973
602 0.777689 0.478532 0.0265401
603 0.777689 0.457734 0.0316864
604 0.777689 0.477111 0.0312605
605 0.781468 0.469507 0.0299771
606 0.781468 0.457771 0.0302513
607 0.781468 0.445088 0.0262881
608 0.781468 0.452552 0.0297829
609 0.781468 0.462075 0.0285662
610 0.781468 0.45392 0.0273833
611 0.781468 0.461255 0.024212
612 0.781468 0.465252 0.0278996
613 0.781468 0.462839 0.0347562
614 0.781468 0.447714 0.0340276
615 0.781468 0.474597 0.0338824
616 0.781468 0.433403 0.0318839
617 0.781468 0.461751 0.0294829
618 0.781468 0.479903 0.0318281
619 0.781468 0.449452 0.0311312
620 0.781468 0.463401 0.0297365
621 0.781468 0.458327 0.0290792
622 0.781468 0.447105 0.0273743
623 0.781468 0.460189 0.0288293
624 0.781468 0.450423 0.0309581
625 0.781468 0.463544 0.033022
626 0.781468 0.454049 0.0335061
627 0.781468 0.469606 0.0355916
628 0.781468 0.468022 0.0354145
629 0.781468 0.473272 0.0323536
630 0.781468 0.471376 0.0320197
631 0.781468 0.479698 0.0285222
632 0.781468 0.468143 0.0295205
633 0.781468 0.465872 0.0314967
634 0.781468 0.466715 0.0298931
635 0.781468 0.439989 0.0340532
636 0.781468 0.433109 0.0325941
637 0.781468 0.426355 0.0276365
638 0.781468 0.440119 0.0287896
639 0.781468 0.461582 0.0311921
640 0.781468 0.456393 0.0334997
641 0.781468 0.454432 0.0290882
642 0.781468 0.456734 0.0316281
643 0.781861 0.450623 0.0311414
644 0.781861 0.452158 0.0290089
645 0.781861 0.479268 0.029718
646 0.781861 0.466691 0.0281041
647 0.781861 0.464732 0.0312745
648 0.781861 0.475227 0.0332311
649 0.781861 0.482493 0.0327406
650 0.781861 0.476661 0.0312893
651 0.781861 0.478719 0.0318785
652 0.781861 0.478112 0.0317242
653 0.781861 0.482823 0.0332844
654 0.781861 0.458538 0.0320297
655 0.781861 0.489172 0.0292809
656 0.781861 0.481144 0.0321835
657 0.781861 0.443825 0.0308396
658 0.781861 0.477798 0.0324408
659 0.781861 0.468969 0.0318841
660 0.781861 0.478209 0.0272024
661 0.781861 0.459698 0.0277441
662 0.781861 0.456186 0.0309093
663 0.781861 0.461938 0.0280205
664 0.781861 0.460832 0.0332175
665 0.781861 0.456476 0.0350199
666 0.781861 0.45544 0.0321301
667 0.781861 0.446045 0.0318335
668 0.781861 0.436483 0.0305569
669 0.781861 0.460075 0.0328531
670 0.781861 0.453396 0.0308024
671 0.781861 0.468039 0.0304739
672 0.781861 0.466738 0.0310006
673 0.781861 0.468723 0.0332033
674 0.781861 0.454966 0.0273225
675 0.781861 0.459339 0.0320877
676 0.781861 0.448953 0.0316536
677 0.781861 0.461826 0.0311436
678 0.781861 0.472905 0.029949
679 0.781861 0.456499 0.0297429
680 0.781861 0.477152 0.0289359
681 0.781861 0.454678 0.0329851
682 0.781861 0.447115 0.0294561
683 0.781861 0.454333 0.030023
684 0.781861 0.443196 0.0314333
685 0.781861 0.442882 0.0299184
686 0.781861 0.438675 0.0298156
687 0.781861 0.454504 0.029509
688 0.781861 0.465161 0.0297754
689 0.781861 0.469373 0.0297713
690 0.781861 0.434984 0.0285911
691 0.781861 0.445205 0.0294367
692 0.781861 0.457975 0.0260905
693 0.781861 0.432394 0.0303268
694 0.781861 0.44105 0.0339531
695 0.781861 0.444193 0.0323101
696 0.781861 0.455021 0.0315116
697 0.781861 0.444623 0.0309464
698 0.781861 0.445682 0.0312817
699 0.781861 0.432647 0.0291169
700 0.781861 0.438497 0.0284047
701 0.781861 0.438392 0.0288027
702 0.781861 0.457543 0.0288351
703 0.781861 0.457485 0.0300322
704 0.781861 0.444631 0.0340733
705 0.781861 0.456263 0.0302491
706 0.781861 0.464797 0.0261309
707 0.781861 0.483832 0.028034
708 0.781861 0.464666 0.0297561
709 0.781861 0.463239 0.0340492
710 0.781861 0.481194 0.029578
711 0.781861 0.474737 0.0287505
712 0.781861 0.470468 0.029693
713 0.781861 0.458108 0.0316087
714 0.781861 0.482672 0.0250301
715 0.781861 0.476757 0.0284861
716 0.781861 0.468645 0.0273687
717 0.781861 0.475292 0.0296091
718 0.781861 0.493008 0.0300443
719 0.781861 0.491811 0.0319979
720 0.781861 0.469271 0.0272595
721 0.781861 0.464706 0.0304848
722 0.781861 0.467703 0.0301389
723 0.781861 0.481127 0.0297441
724 0.781861 0.480466 0.0270935
725 0.781861 0.477577 0.0330992
726 0.781861 0.45448 0.0337422
727 0.781861 0.450141 0.025989
728 0.781861 0.49059 0.0297539
729 0.781861 0.484316 0.0274177
730 0.781861 0.460197 0.0277572
731 0.781861 0.480496 0.0294081
732 0.781861 0.454091 0.029044
733 0.781861 0.446037 0.0295028
734 0.781861 0.462968 0.0268262
735 0.781907 0.452621 0.0282459
736 0.781907 0.453898 0.032929
737 0.781907 0.459966 0.03258
738 0.781907 0.450659 0.0339043
739 0.781907 0.438525 0.0301236
740 0.781907 0.471552 0.029675
741 0.781933 0.466722 0.029587
742 0.781933 0.460164 0.0335767
743 0.781933 0.440792 0.0298408
744 0.781933 0.469476 0.0278861
745 0.781933 0.488648 0.0278036
746 0.781933 0.471423 0.0256519
747 0.781933 0.471657 0.0258894
748 0.781933 0.481212 0.02942
749 0.781933 0.462827 0.0295919
750 0.781933 0.466272 0.0324466
751 0.781933 0.458336 0.0297754
752 0.781933 0.460006 0.0297811
753 0.781933 0.457475 0.0274382
754 0.781933 0.45299 0.0302547
755 0.781933 0.466318 0.0320191
756 0.781933 0.456769 0.0314387
757 0.781933 0.461123 0.0314411
758 0.781933 0.453153 0.028064
759 0.781933 0.442011 0.0311004
760 0.781933 0.45195 0.0275545
761 0.781933 0.458238 0.0247424
762 0.781933 0.475727 0.0264417
763 0.781933 0.4703 0.0266584
764 0.781933 0.463471 0.0298619
765 0.781933 0.446337 0.0278932
766 0.781933 0.469227 0.0310826
767 0.781933 0.448716 0.0264965
768 0.781933 0.446229 0.0267125
769 0.781933 0.451993 0.0292061
770 0.781933 0.441434 0.028114
771 0.781933 0.452126 0.0315388
772 0.781933 0.461871 0.0295819
773 0.781933 0.467424 0.0272988
774 0.781933 0.476979 0.027478
775 0.781933 0.46421 0.023952
776 0.781933 0.465803 0.0263687
777 0.781933 0.450227 0.0298937
778 0.781933 0.459235 0.0331649
779 0.781933 0.460227 0.0296069
780 0.781933 0.463699 0.0263333
781 0.781933 0.45191 0.0274039
782 0.781933 0.469342 0.0297155
783 0.781933 0.455526 0.033668
784 0.781933 0.443743 0.0324144
785 0.781933 0.473174 0.0304361
786 0.781933 0.484983 0.0270883
787 0.781933 0.460472 0.0309341
788 0.781933 0.446971 0.0321413
789 0.781933 0.442513 0.0316043
790 0.781933 0.441259 0.0286733
791 0.781933 0.430783 0.0304734
792 0.781933 0.454331 0.0285822
793 0.781933 0.464442 0.0302422
794 0.781933 0.461002 0.0258039
795 0.781933 0.457004 0.0306176
796 0.781933 0.462042 0.0319327
797 0.781933 0.493322 0.0281995
798 0.781933 0.482255 0.0309008
799 0.781933 0.456918 0.0275974
800 0.781933 0.46745 0.0277911
801 0.781933 0.465987 0.0324856
802 0.781933 0.468889 0.0353798
803 0.781933 0.464392 0.0297567
804 0.781933 0.433139 0.0263443
805 0.781933 0.476082 0.0266758
806 0.781933 0.469293 0.028885
807 0.781933 0.48272 0.0274305
808 0.781933 0.492027 0.0309718
809 0.781933 0.469087 0.0273035
810 0.78233 0.470412 0.0314761
811 0.78233 0.44454 0.0310278
812 0.78233 0.477095 0.0304277
813 0.78233 0.472353 0.0319213
814 0.78233 0.475222 0.0321021
815 0.78233 0.468999 0.0318029
816 0.78233 0.464757 0.0328018
817 0.78233 0.465136 0.0320924
818 0.78233 0.456312 0.0310673
819 0.78233 0.462531 0.0277099
820 0.78233 0.494987 0.029487
821 0.78233 0.466731 0.0300983
822 0.78233 0.444862 0.0303253
823 0.78233 0.472882 0.0329164
824 0.78233 0.474201 0.0302678
825 0.78233 0.471715 0.0293784
826 0.78233 0.460659 0.0279663
827 0.78233 0.45181 0.0278629
828 0.78233 0.456897 0.0306746
829 0.78233 0.449264 0.0350679
830 0.78233 0.479923 0.0341908
831 0.78233 0.474406 0.0337905
832 0.78233 0.466498 0.0279068
833 0.78233 0.472102 0.0304291
834 0.78233 0.466312 0.0267941
835 0.78233 0.468064 0.0287998
836 0.78233 0.462408 0.0308133
837 0.78233 0.470352 0.0299349
838 0.78233 0.469332 0.0262402
839 0.78233 0.457678 0.0270559
840 0.78233 0.456138 0.0285352
841 0.78233 0.462642 0.0264478
842 0.78233 0.456421 0.0279746
843 0.78233 0.444297 0.0374901
844 0.78233 0.44381 0.0310746
845 0.78233 0.466463 0.0297971
846 0.78233 0.466073 0.0287274
847 0.78233 0.454851 0.0301603
848 0.78233 0.458755 0.0274491
849 0.78233 0.454519 0.0301024
850 0.78233 0.474029 0.0304254
851 0.78233 0.472236 0.0267951
852 0.78233 0.488261 0.0295174
853 0.78233 0.506274 0.0289793
854 0.78233 0.466894 0.0295082
855 0.78233 0.495598 0.0285245
856 0.78233 0.473208 0.0302817
857 0.78233 0.457591 0.0328479
858 0.78233 0.46003 0.0348624
859 0.78233 0.465384 0.0320972
860 0.78233 0.464825 0.0311951
861 0.78233 0.464787 0.0309385
862 0.78233 0.481844 0.0321843
863 0.78233 0.471793 0.0301016
864 0.78233 0.468517 0.0290662
865 0.78233 0.473736 0.0292926
866 0.78233 0.480188 0.0258123
867 0.78233 0.460358 0.0308295
868 0.78233 0.481004 0.0305576
869 0.78233 0.481491 0.0236099
870 0.78233 0.471039 0.0262431
871 0.78233 0.479801 0.0296902
872 0.78233 0.477002 0.0307426
873 0.78233 0.458369 0.0312199
874 0.78233 0.457651 0.0296425
875 0.78233 0.459589 0.0310151
876 0.78233 0.475345 0.0301516
877 0.78233 0.47301 0.0356962
878 0.78233 0.477231 0.0342703
879 0.78233 0.454815 0.0318517
880 0.78233 0.46372 0.0326489
881 0.78233 0.475774 0.0298681
882 0.78233 0.473786 0.029182
883 0.78233 0.45952 0.0283408
884 0.78233 0.452028 0.0309563
885 0.78233 0.456201 0.0283063
886 0.78233 0.477639 0.0287796
887 0.78233 0.445807 0.0294361
888 0.78233 0.451616 0.0262324
889 0.78233 0.451843 0.0252776
890 0.78233 0.460537 0.0288979
891 0.78233 0.47081 0.0299555
892 0.78233 0.469233 0.0314226
893 0.78233 0.46501 0.0275646
894 0.78233 0.480668 0.0282802
895 0.78233 0.476843 0.0281329
896 0.78233 0.449329 0.0244906
897 0.78233 0.482486 0.0249339
898 0.78233 0.469506 0.0273039
899 0.78233 0.467523 0.0318735
900 0.78233 0.467353 0.0289694
901 0.78233 0.47037 0.029945
902 0.78233 0.492377 0.0312962
903 0.78233 0.465548 0.0239264
904 0.78233 0.473437 0.0245557
905 0.78233 0.447448 0.0278711
906 0.78233 0.438393 0.0318786
907 0.78233 0.439508 0.0298983
908 0.78233 0.413136 0.0291352
909 0.78233 0.453713 0.0316297
910 0.78233 0.441808 0.0312324
911 0.78233 0.459023 0.0284842
912 0.78233 0.45697 0.0304336
913 0.78233 0.469911 0.0299207
914 0.78233 0.494303 0.0310389
915 0.78233 0.488614 0.0331236
916 0.78233 0.47707 0.0324426
917 0.78233 0.464101 0.0303666
918 0.78233 0.483784 0.0307542
919 0.78233 0.498136 0.0312126
920 0.78233 0.4689 0.0296212
921 0.78233 0.453447 0.0314985
922 0.78233 0.469644 0.0279265
923 0.78233 0.474349 0.0316322
924 0.78233 0.453738 0.0314484
925 0.78233 0.451747 0.0288224
926 0.78233 0.472125 0.0330575
927 0.78233 0.490927 0.0283466
928 0.78233 0.463938 0.0328308
929 0.78233 0.456734 0.0328623
930 0.78233 0.487755 0.03192
931 0.78233 0.46571 0.0309655
932 0.78233 0.468566 0.0286346
933 0.78233 0.465151 0.0299259
934 0.78233 0.439293 0.0275062
935 0.78233 0.467412 0.0284446
936 0.78233 0.458446 0.0286368
937 0.78233 0.465083 0.0307549
938 0.78233 0.471147 0.0304324
939 0.78233 0.475524 0.028976
940 0.78233 0.470316 0.0274494
941 0.78233 0.472953 0.0309284
942 0.78233 0.455678 0.027274
943 0.78233 0.443697 0.0286097
944 0.78233 0.446445 0.0298294
945 0.78233 0.461183 0.0291548
946 0.78233 0.467787 0.0300933
947 0.78233 0.47319 0.025717
948 0.78233 0.476343 0.0278411
949 0.78233 0.463477 0.0338219
950 0.78233 0.470749 0.0295899
951 0.78233 0.452591 0.0320351
952 0.78233 0.450609 0.0290527
953 0.78233 0.457532 0.0299912
954 0.78233 0.462953 0.0322586
955 0.78233 0.460641 0.029964
956 0.78233 0.448984 0.031316
957 0.78233 0.462329 0.0288299
958 0.78233 0.480483 0.0291612
959 0.78233 0.469451 0.0261918
960 0.78233 0.446282 0.0279162
961 0.78233 0.459418 0.0295112
962 0.78233 0.475727 0.030807
963 0.78233 0.484087 0.0288475
964 0.78233 0.501071 0.0318118
965 0.78233 0.478071 0.0340054
966 0.78233 0.465764 0.0346034
967 0.78233 0.461914 0.0295662
968 0.78233 0.470791 0.0330189
969 0.78233 0.463503 0.032154
970 0.78233 0.47493 0.0334173
971 0.78233 0.493957 0.0324545
972 0.78233 0.466074 0.0337717
973 0.78233 0.435991 0.0301021
974 0.78233 0.438018 0.0309337
975 0.78233 0.457697 0.028851
976 0.78233 0.458285 0.0274376
977 0.78233 0.444341 0.0318265
978 0.78233 0.458661 0.0282965
979 0.78233 0.466874 0.0320921
980 0.78233 0.462456 0.0354466
981 0.78233 0.452342 0.0288841
982 0.78233 0.460844 0.0314703
983 0.78233 0.46023 0.0330598
984 0.78233 0.43598 0.027117
985 0.78233 0.427609 0.0328017
986 0.78233 0.436232 0.0306122
987 0.78233 0.448537 0.0350221
988 0.78233 0.46189 0.0338463
989 0.78233 0.45961 0.035543
990 0.78233 0.469594 0.0323318
991 0.78233 0.473527 0.0272443
992 0.78233 0.469175 0.0272701
993 0.78233 0.47385 0.0305969
994 0.78233 0.486836 0.0328468
995 0.78233 0.468904 0.031752
996 0.78233 0.450911 0.0313337
997 0.78233 0.454556 0.0326451
998 0.78233 0.478441 0.0326725
999 0.78233 0.45779 0.026598
1000 0.78233 0.461991 0.0295868
