0 0.361919 0.253248 0.00025012
1 0.361919 0.257079 0.000431765
2 0.361919 0.260712 0.000565374
3 0.466872 0.262167 0.00135927
4 0.466872 0.265547 0.00172589
5 0.466872 0.26809 0.0020325
6 0.466872 0.267161 0.00211428
7 0.466872 0.269112 0.00232537
8 0.466872 0.275552 0.00265757
9 0.466872 0.283185 0.00366655
10 0.466872 0.28734 0.00458383
11 0.466872 0.278351 0.00443132
12 0.641313 0.291371 0.00732176
13 0.641313 0.293879 0.00826237
14 0.641313 0.287909 0.00883196
15 0.641313 0.296932 0.0106943
16 0.73049 0.305315 0.0138827
17 0.73049 0.304822 0.017466
18 0.73049 0.309893 0.0194041
19 0.73049 0.336105 0.0229436
20 0.73049 0.310499 0.0200917
21 0.73049 0.331588 0.0243854
22 0.73049 0.334297 0.0222751
23 0.73049 0.333915 0.0230022
24 0.73049 0.354422 0.0246131
25 0.73049 0.380375 0.0294368
26 0.73049 0.409493 0.0295034
27 0.73049 0.415113 0.0298409
28 0.73049 0.433905 0.0277519
29 0.73049 0.43551 0.0307553
30 0.73049 0.444285 0.0277602
31 0.73049 0.441689 0.0267259
32 0.73049 0.447378 0.0285664
33 0.73049 0.448019 0.0267988
34 0.73049 0.458755 0.0257224
35 0.73049 0.455952 0.0261305
36 0.73049 0.461335 0.0238565
37 0.73049 0.459076 0.025289
38 0.73049 0.477561 0.0274807
39 0.73049 0.5021 0.0238852
40 0.734882 0.479174 0.0217591
41 0.734882 0.504392 0.0216872
42 0.734882 0.515017 0.0216966
43 0.741727 0.499233 0.0208268
44 0.753929 0.520853 0.0204991
45 0.753929 0.525507 0.0211689
46 0.753929 0.505205 0.0227834
47 0.753929 0.521794 0.0206924
48 0.753929 0.523989 0.0196048
49 0.753929 0.539017 0.0196258
50 0.753929 0.537103 0.0158307
51 0.753929 0.538778 0.0189148
52 0.753929 0.547057 0.0183291
53 0.753929 0.54152 0.0194524
54 0.753929 0.562833 0.0167025
55 0.770308 0.556443 0.0158497
56 0.770308 0.555423 0.0144745
57 0.770308 0.564192 0.0161379
58 0.770308 0.568177 0.0167773
59 0.782245 0.569525 0.0160178
60 0.782245 0.555901 0.0210421
61 0.782245 0.555247 0.0202053
62 0.782245 0.581963 0.0167217
63 0.782245 0.566146 0.0158455
64 0.782245 0.584744 0.0148501
65 0.782245 0.572198 0.0170966
66 0.782245 0.570814 0.013947
67 0.782245 0.550983 0.0164398
68 0.782245 0.579432 0.0162894
69 0.782245 0.542799 0.0174861
70 0.782245 0.572634 0.0148578
71 0.782245 0.582316 0.0169284
72 0.782245 0.571833 0.0163143
73 0.782245 0.573201 0.0142147
74 0.803072 0.584935 0.0140155
75 0.837876 0.572155 0.0133846
76 0.837876 0.574598 0.0144809
77 0.837876 0.586897 0.0128612
78 0.837876 0.605483 0.0127062
79 0.837876 0.570126 0.015758
80 0.837876 0.574151 0.0166653
81 0.851543 0.580795 0.0177743
82 0.851543 0.557921 0.0166743
83 0.851543 0.553705 0.017036
84 0.851543 0.588646 0.0180091
85 0.851543 0.575578 0.0191173
86 0.851543 0.576575 0.0158978
87 0.851543 0.565508 0.0174904
88 0.851543 0.569 0.0221821
89 0.851543 0.555564 0.0226187
90 0.851543 0.571133 0.0185179
91 0.851543 0.592335 0.0181505
92 0.851543 0.604255 0.017396
93 0.851543 0.617312 0.0165838
94 0.851543 0.618607 0.0152636
95 0.851543 0.611529 0.0177022
96 0.852218 0.601154 0.0166746
97 0.852218 0.609936 0.016142
98 0.852218 0.613739 0.0168162
99 0.852218 0.611944 0.0200998
100 0.852218 0.596461 0.0219392
101 0.852218 0.599333 0.0214186
102 0.852218 0.570327 0.0205924
103 0.852218 0.57415 0.0232056
104 0.852218 0.582006 0.02127
105 0.863314 0.613647 0.0219022
106 0.863314 0.588882 0.0203399
107 0.863314 0.58876 0.0200902
108 0.863314 0.583046 0.026469
109 0.863314 0.59433 0.0248378
110 0.863314 0.601104 0.020381
111 0.863314 0.615186 0.0218176
112 0.863314 0.605675 0.0219515
113 0.863314 0.591494 0.0239858
114 0.863314 0.575839 0.0226614
115 0.863314 0.563402 0.0260128
116 0.863314 0.58984 0.0303761
117 0.863314 0.568039 0.0286648
118 0.863314 0.610752 0.0255642
119 0.863314 0.590478 0.0254334
120 0.863314 0.59499 0.0283208
121 0.863314 0.583774 0.0283941
122 0.863314 0.580312 0.0249404
123 0.863796 0.584536 0.0240897
124 0.863796 0.598416 0.0249573
125 0.863796 0.59396 0.0254779
126 0.863796 0.575978 0.0262893
127 0.863796 0.566711 0.0258789
128 0.863796 0.563976 0.0259473
129 0.863796 0.560557 0.0269641
130 0.869042 0.576387 0.0286422
131 0.869042 0.556213 0.0256926
132 0.869042 0.577543 0.0234272
133 0.869042 0.556163 0.0223607
134 0.869042 0.580447 0.0266544
135 0.869042 0.584724 0.0283772
136 0.869042 0.596629 0.0237755
137 0.869042 0.601606 0.0227932
138 0.869042 0.591716 0.0235702
139 0.869042 0.611392 0.0219383
140 0.869042 0.605786 0.0254104
141 0.869042 0.608624 0.0225074
142 0.869042 0.605237 0.0260113
143 0.869042 0.568811 0.0292102
144 0.869042 0.566723 0.0267585
145 0.869042 0.578855 0.0284342
146 0.869042 0.570323 0.0281797
147 0.869042 0.570009 0.0225441
148 0.869042 0.587848 0.0247391
149 0.869042 0.575535 0.0254179
150 0.869042 0.605267 0.0261858
151 0.869042 0.586289 0.0262762
152 0.869042 0.595822 0.0223806
153 0.869042 0.560366 0.0259331
154 0.869042 0.565537 0.0305961
155 0.869042 0.594219 0.0288824
156 0.869042 0.588989 0.0265377
157 0.869042 0.59481 0.0218842
158 0.872746 0.590935 0.0239433
159 0.873403 0.581918 0.0250702
160 0.873403 0.588581 0.0248203
161 0.882131 0.601042 0.0290016
162 0.882131 0.595015 0.0244022
163 0.882131 0.569004 0.0253913
164 0.882131 0.554807 0.0270434
165 0.882131 0.579158 0.033746
166 0.882131 0.557333 0.0312964
167 0.882131 0.580881 0.0286907
168 0.882131 0.588428 0.0236951
169 0.882131 0.593133 0.0229278
170 0.882131 0.57507 0.0241741
171 0.882131 0.588976 0.0241533
172 0.882131 0.581953 0.0269014
173 0.882131 0.57654 0.0299006
174 0.882131 0.576 0.0269249
175 0.882131 0.591731 0.0264791
176 0.882131 0.59432 0.0222309
177 0.882219 0.573437 0.029597
178 0.882219 0.579848 0.0306093
179 0.882219 0.607111 0.0257427
180 0.882219 0.572683 0.0257053
181 0.882219 0.565952 0.0281875
182 0.891141 0.599674 0.030417
183 0.891141 0.573529 0.024743
184 0.891141 0.56893 0.0284158
185 0.891141 0.562617 0.0314447
186 0.891141 0.579869 0.0291233
187 0.891141 0.565969 0.0254074
188 0.891141 0.567815 0.0284606
189 0.891141 0.5795 0.0306665
190 0.891141 0.571643 0.0268789
191 0.891141 0.570775 0.030722
192 0.891141 0.580715 0.0289694
193 0.891141 0.579603 0.025836
194 0.891141 0.570465 0.0334233
195 0.89605 0.578575 0.0284336
196 0.89605 0.583259 0.0298543
197 0.89605 0.568304 0.0282572
198 0.89605 0.565472 0.0286279
199 0.89605 0.580522 0.0300448
200 0.89605 0.591942 0.0294076
201 0.91644 0.575776 0.0304169
202 0.91644 0.56582 0.0342818
203 0.91644 0.542395 0.0293154
204 0.91644 0.562382 0.0305995
205 0.91644 0.567991 0.0330279
206 0.91644 0.5734 0.0295187
207 0.91644 0.586162 0.0275066
208 0.91644 0.593446 0.0328678
209 0.91644 0.566647 0.0304198
210 0.91644 0.598169 0.0318356
211 0.91644 0.600355 0.0269353
212 0.91644 0.606571 0.0265744
213 0.91644 0.587712 0.0315181
214 0.91644 0.579891 0.0280275
215 0.91644 0.589427 0.0250561
216 0.91644 0.595058 0.0248994
217 0.91644 0.59797 0.0267497
218 0.91644 0.580444 0.0301429
219 0.91644 0.598165 0.0307011
220 0.91644 0.627784 0.0263581
221 0.91644 0.610928 0.0266066
222 0.91644 0.585637 0.0317771
223 0.91644 0.576526 0.0325352
224 0.91644 0.582237 0.0315216
225 0.91644 0.583638 0.0302538
226 0.91644 0.577395 0.0325173
227 0.91644 0.563511 0.0312022
228 0.91644 0.585867 0.0355792
229 0.91644 0.578671 0.03444
230 0.91644 0.578074 0.0341931
231 0.91644 0.581681 0.0316618
232 0.91644 0.594346 0.0321141
233 0.91644 0.591792 0.0308261
234 0.91644 0.601938 0.0259773
235 0.91644 0.610839 0.0294473
236 0.91644 0.596643 0.0301317
237 0.91644 0.60675 0.0284402
238 0.91644 0.611065 0.0295647
239 0.91644 0.590677 0.0296916
240 0.91644 0.588193 0.0300748
241 0.91644 0.602495 0.031693
242 0.91644 0.577655 0.0350696
243 0.91644 0.577273 0.0330989
244 0.91644 0.603114 0.0363484
245 0.91644 0.602359 0.0331758
246 0.91644 0.601927 0.0318633
247 0.91644 0.580774 0.0307128
248 0.91644 0.581191 0.0348065
249 0.91644 0.586189 0.0352416
250 0.91644 0.574295 0.0298118
251 0.91644 0.566902 0.0313122
252 0.91644 0.579319 0.0266833
253 0.91644 0.577687 0.0327922
254 0.91644 0.578908 0.0334435
255 0.91644 0.589319 0.0347422
256 0.91644 0.600934 0.0326426
257 0.91644 0.598856 0.0321326
258 0.91644 0.608878 0.0338512
259 0.91644 0.606902 0.0303252
260 0.91644 0.571557 0.0287631
261 0.91644 0.574457 0.0276352
262 0.91644 0.580865 0.0268879
263 0.91644 0.56273 0.0262346
264 0.91644 0.581344 0.0303174
265 0.91644 0.595987 0.0264065
266 0.91644 0.570935 0.0306027
267 0.91644 0.568339 0.0302169
268 0.91644 0.594165 0.0304015
269 0.91644 0.602794 0.0330149
270 0.91644 0.599718 0.0284552
271 0.91644 0.612493 0.0274207
272 0.91644 0.611926 0.0277479
273 0.91644 0.592578 0.0275144
274 0.91644 0.579625 0.0318945
275 0.91644 0.57979 0.0286253
276 0.91644 0.589919 0.030104
277 0.91644 0.598044 0.0312226
278 0.91644 0.56614 0.0320203
279 0.91644 0.562409 0.036181
280 0.91644 0.585278 0.0337166
281 0.91644 0.588286 0.038578
282 0.91644 0.594234 0.0347488
283 0.91644 0.593086 0.0355827
284 0.91644 0.595129 0.0321523
285 0.91644 0.59333 0.0313793
286 0.91644 0.616017 0.0299471
287 0.91644 0.616786 0.0279635
288 0.91644 0.583675 0.0296537
289 0.91644 0.595767 0.0341918
290 0.91644 0.565681 0.0271173
291 0.91644 0.599911 0.0292896
292 0.91644 0.5966 0.0288777
293 0.91644 0.591169 0.0271107
294 0.91644 0.619671 0.0268038
295 0.91644 0.597688 0.0285846
296 0.91644 0.619043 0.0274895
297 0.91644 0.592849 0.0281919
298 0.91644 0.60067 0.0304928
299 0.91644 0.605246 0.0272711
300 0.91644 0.603541 0.0308653
301 0.91644 0.623633 0.0268886
302 0.91644 0.614961 0.0290717
303 0.91644 0.594202 0.0291592
304 0.91644 0.580535 0.033246
305 0.91644 0.575369 0.0291524
306 0.91644 0.615139 0.0291281
307 0.91644 0.600069 0.0269563
308 0.91644 0.617433 0.0304961
309 0.91644 0.596576 0.031455
310 0.91644 0.573933 0.0270684
311 0.91644 0.576791 0.0290774
312 0.91644 0.594296 0.0305864
313 0.91644 0.58084 0.0345592
314 0.91644 0.62157 0.0305283
315 0.91644 0.616175 0.031678
316 0.91644 0.617294 0.029428
317 0.91644 0.606119 0.0273814
318 0.91644 0.60408 0.0267522
319 0.91644 0.624399 0.0294053
320 0.91644 0.606406 0.0317553
321 0.91644 0.620864 0.0306953
322 0.91644 0.627054 0.0330888
323 0.91644 0.629418 0.0307909
324 0.91644 0.616995 0.0291538
325 0.91644 0.619221 0.0307443
326 0.91644 0.621914 0.0278582
327 0.91644 0.609436 0.0301617
328 0.91644 0.572942 0.0313228
329 0.91644 0.606826 0.0269174
330 0.91644 0.598463 0.0291491
331 0.91644 0.600812 0.0304005
332 0.91644 0.603472 0.0327587
333 0.91644 0.578918 0.0276597
334 0.91644 0.585056 0.0332724
335 0.91644 0.606952 0.0317956
336 0.91644 0.614432 0.0268252
337 0.91644 0.621844 0.0275688
338 0.91644 0.603048 0.0281685
339 0.91644 0.577324 0.0350389
340 0.91644 0.603133 0.0324359
341 0.91644 0.592969 0.0322192
342 0.91644 0.567684 0.0387547
343 0.91644 0.583698 0.034318
344 0.91644 0.567759 0.0353577
345 0.91644 0.573476 0.0343555
346 0.91644 0.590653 0.0342451
347 0.91644 0.595212 0.0314338
348 0.91644 0.611649 0.0278574
349 0.91644 0.591083 0.0306281
350 0.91644 0.600552 0.0302629
351 0.91644 0.606663 0.0300869
352 0.91644 0.582865 0.03256
353 0.91644 0.576291 0.0348346
354 0.91644 0.604612 0.0330971
355 0.91644 0.606436 0.028403
356 0.91644 0.577042 0.0289617
357 0.91644 0.604039 0.0307371
358 0.91644 0.595629 0.0309297
359 0.91644 0.589736 0.031529
360 0.91644 0.564995 0.0306954
361 0.91644 0.565039 0.0320622
362 0.91644 0.599628 0.0318778
363 0.91644 0.586968 0.0293317
364 0.91644 0.586594 0.0333985
365 0.919811 0.607357 0.0342329
366 0.919811 0.608741 0.0290439
367 0.919811 0.607559 0.0269309
368 0.919811 0.617854 0.0329221
369 0.919811 0.60999 0.0311569
370 0.919811 0.638284 0.0265348
371 0.919811 0.629961 0.0263487
372 0.919811 0.654359 0.0244441
373 0.919811 0.651603 0.0244353
374 0.919811 0.632904 0.0284224
375 0.919811 0.616751 0.0270196
376 0.919811 0.612526 0.0270051
377 0.919811 0.621808 0.025416
378 0.919811 0.604061 0.0315272
379 0.919811 0.657861 0.0270092
380 0.919811 0.623849 0.0261228
381 0.919811 0.637992 0.0288926
382 0.919811 0.629938 0.0321132
383 0.919811 0.641261 0.0282363
384 0.919811 0.623511 0.0337447
385 0.919811 0.626332 0.0327701
386 0.919811 0.638511 0.0278906
387 0.919811 0.626251 0.0272973
388 0.919811 0.633102 0.0301735
389 0.919811 0.622992 0.029455
390 0.919811 0.635011 0.0284676
391 0.919811 0.594431 0.0325559
392 0.919811 0.581758 0.0319611
393 0.919811 0.571132 0.035246
394 0.919811 0.566413 0.0335471
395 0.919811 0.570154 0.030723
396 0.92933 0.594673 0.0299975
397 0.92933 0.592569 0.0326252
398 0.92933 0.588815 0.0362639
399 0.92933 0.58373 0.0348444
400 0.92933 0.593141 0.0310443
401 0.92933 0.566269 0.0322503
402 0.92933 0.582264 0.0339229
403 0.92933 0.604061 0.0269599
404 0.92933 0.620304 0.0282475
405 0.92933 0.620381 0.0281807
406 0.92933 0.605388 0.0332938
407 0.92933 0.616131 0.0343305
408 0.92933 0.622707 0.0342399
409 0.92933 0.630303 0.0289868
410 0.92933 0.612852 0.0321355
411 0.92933 0.604932 0.0336474
412 0.92933 0.609966 0.0316195
413 0.92933 0.575811 0.0304092
414 0.92933 0.592041 0.0288645
415 0.92933 0.587484 0.0336485
416 0.92933 0.584604 0.0335736
417 0.92933 0.575764 0.0309301
418 0.92933 0.570573 0.0333353
419 0.92933 0.583212 0.0306076
420 0.92933 0.590532 0.0334474
421 0.92933 0.596038 0.0307488
422 0.92933 0.583091 0.0292117
423 0.92933 0.606717 0.0310193
424 0.92933 0.582608 0.0318741
425 0.92933 0.583118 0.0283041
426 0.92933 0.593766 0.0347814
427 0.92933 0.595824 0.0357882
428 0.92933 0.576884 0.0377426
429 0.92933 0.58528 0.0357808
430 0.92933 0.584699 0.0349569
431 0.92933 0.603894 0.0330245
432 0.92933 0.610043 0.0349303
433 0.92933 0.617912 0.0348626
434 0.92933 0.620801 0.0394746
435 0.931722 0.601004 0.0388194
436 0.931722 0.582349 0.0359722
437 0.931722 0.608126 0.0312429
438 0.931722 0.597558 0.0328534
439 0.931722 0.62708 0.0340551
440 0.931722 0.616308 0.0367381
441 0.931722 0.623383 0.0347098
442 0.931722 0.576769 0.0315244
443 0.932866 0.593883 0.0339523
444 0.932866 0.597228 0.0342112
445 0.932866 0.587935 0.0288417
446 0.932866 0.574955 0.0285795
447 0.932866 0.57955 0.0331003
448 0.932866 0.5946 0.0323572
449 0.932866 0.581881 0.0313053
450 0.932866 0.582543 0.0283042
451 0.932866 0.579755 0.0338328
452 0.932866 0.572744 0.0348645
453 0.93405 0.576574 0.0320822
454 0.93405 0.580694 0.0373025
455 0.935042 0.587389 0.0308568
456 0.935042 0.563523 0.0350708
457 0.935042 0.562191 0.0312853
458 0.935042 0.578606 0.0305836
459 0.935042 0.586107 0.028871
460 0.935042 0.594706 0.0359602
461 0.935042 0.584401 0.0336799
462 0.935042 0.573118 0.0363043
463 0.935042 0.573185 0.0353599
464 0.935042 0.597924 0.0308083
465 0.935042 0.585478 0.0299353
466 0.935042 0.590676 0.0325682
467 0.935042 0.570315 0.0380165
468 0.935042 0.588129 0.0369341
469 0.935042 0.550655 0.0313164
470 0.935042 0.576469 0.0377728
471 0.935042 0.574757 0.0363221
472 0.935042 0.565563 0.0333603
473 0.935042 0.562764 0.0337124
474 0.935042 0.588879 0.0349537
475 0.935042 0.578994 0.0341241
476 0.935042 0.584215 0.0343602
477 0.935042 0.575863 0.0359878
478 0.935042 0.582619 0.0313865
479 0.935042 0.582468 0.0347633
480 0.935042 0.600639 0.0321382
481 0.936094 0.60906 0.0324369
482 0.936094 0.6053 0.032155
483 0.936094 0.61278 0.0348414
484 0.936094 0.576855 0.0343856
485 0.936094 0.566876 0.0275911
486 0.936094 0.589206 0.0304647
487 0.936094 0.587641 0.0333803
488 0.936094 0.569527 0.030158
489 0.936094 0.59346 0.0345963
490 0.936094 0.599009 0.0329766
491 0.936094 0.582336 0.0387952
492 0.936094 0.595454 0.0357997
493 0.936094 0.558405 0.033392
494 0.936094 0.570587 0.0399772
495 0.936094 0.563564 0.0380732
496 0.936094 0.559507 0.0393715
497 0.936094 0.586545 0.0422813
498 0.936094 0.561328 0.033065
499 0.936094 0.553638 0.0364027
500 0.936094 0.560006 0.0388358
501 0.936094 0.567497 0.0386959
502 0.936094 0.567634 0.0343295
503 0.936094 0.587987 0.0368592
504 0.936094 0.580031 0.0335419
505 0.936094 0.565874 0.0411755
506 0.936094 0.575307 0.0361413
507 0.936094 0.59348 0.0349935
508 0.936094 0.623972 0.0425341
509 0.936094 0.618862 0.0364934
510 0.936094 0.604013 0.0334811
511 0.936094 0.597206 0.0348332
512 0.936094 0.608086 0.0323095
513 0.936094 0.609443 0.0342821
514 0.936094 0.600426 0.0368472
515 0.936094 0.577338 0.0366948
516 0.936094 0.604394 0.0308741
517 0.936094 0.617338 0.0324752
518 0.936094 0.616591 0.0320389
519 0.936094 0.590655 0.0325007
520 0.936094 0.577349 0.0364357
521 0.936094 0.609173 0.033861
522 0.936094 0.615334 0.0320188
523 0.936094 0.602064 0.0329639
524 0.936094 0.593913 0.0323894
525 0.936094 0.617482 0.0348821
526 0.936094 0.59522 0.0353235
527 0.936094 0.587171 0.0339342
528 0.936094 0.585507 0.0357338
529 0.936094 0.578007 0.0340814
530 0.936094 0.581708 0.0316429
531 0.936094 0.580231 0.0393746
532 0.936094 0.585866 0.0356117
533 0.936094 0.57407 0.0359332
534 0.936094 0.615497 0.0368611
535 0.936094 0.569906 0.0335618
536 0.936094 0.553165 0.0332263
537 0.936094 0.547692 0.0350814
538 0.936094 0.575218 0.0383566
539 0.936094 0.554696 0.0416062
540 0.936094 0.55784 0.0345809
541 0.936094 0.567216 0.0333265
542 0.936094 0.59862 0.0376888
543 0.936094 0.584319 0.0327631
544 0.936094 0.595594 0.0356188
545 0.936094 0.589946 0.0332458
546 0.936094 0.58113 0.0336012
547 0.936094 0.573503 0.0305116
548 0.936094 0.579075 0.0301854
549 0.936094 0.56086 0.0339567
550 0.936094 0.571306 0.0352837
551 0.936094 0.588048 0.035187
552 0.936094 0.610593 0.0383984
553 0.936094 0.598679 0.0314691
554 0.936094 0.581359 0.0358852
555 0.936094 0.584145 0.0367091
556 0.936094 0.597852 0.0344305
557 0.936094 0.610214 0.0336411
558 0.936094 0.595711 0.0341774
559 0.936094 0.594533 0.0395739
560 0.936094 0.599539 0.0341383
561 0.936094 0.60976 0.0299987
562 0.936094 0.623739 0.0318365
563 0.936094 0.613216 0.032623
564 0.936094 0.599581 0.0351959
565 0.936094 0.605473 0.0343487
566 0.936094 0.622019 0.0345533
567 0.936094 0.615442 0.0371095
568 0.936094 0.637962 0.0347018
569 0.936094 0.61889 0.0358
570 0.936094 0.605249 0.0306858
571 0.936094 0.615918 0.0351469
572 0.936094 0.60245 0.0384849
573 0.936094 0.585616 0.039417
574 0.936094 0.583124 0.0367644
575 0.936094 0.592237 0.0380642
576 0.936094 0.560879 0.0352478
577 0.936094 0.601951 0.0323924
578 0.936094 0.600074 0.0320121
579 0.936094 0.6197 0.0322721
580 0.936094 0.592914 0.0316737
581 0.936094 0.611023 0.0312476
582 0.936094 0.598135 0.034986
583 0.936094 0.60455 0.0319273
584 0.936094 0.617659 0.0311914
585 0.936094 0.592034 0.0342081
586 0.936094 0.587875 0.0300402
587 0.936094 0.605844 0.0317525
588 0.936094 0.603373 0.029919
589 0.936094 0.57182 0.0317555
590 0.936094 0.596208 0.0344012
591 0.936094 0.583633 0.0308762
592 0.936094 0.56582 0.0348898
593 0.936094 0.57823 0.0310308
594 0.936094 0.58408 0.0350161
595 0.936094 0.582617 0.0303187
596 0.936094 0.561905 0.0341689
597 0.936094 0.588209 0.0339499
598 0.936094 0.563252 0.0328577
599 0.936094 0.568893 0.0309101
600 0.936094 0.596354 0.0332243
601 0.936094 0.58556 0.0308632
602 0.936094 0.580565 0.0384308
603 0.936094 0.566825 0.0326001
604 0.936094 0.595292 0.0356556
605 0.936094 0.582769 0.0362492
606 0.936094 0.583488 0.0281103
607 0.936094 0.555228 0.0314263
608 0.936094 0.554815 0.0345324
609 0.936094 0.577713 0.0368621
610 0.936094 0.581485 0.0362829
611 0.936094 0.581822 0.0336537
612 0.936094 0.58761 0.0341043
613 0.936094 0.610762 0.0356592
614 0.936094 0.631949 0.0302407
615 0.936094 0.599693 0.0285719
616 0.936094 0.602861 0.0320347
617 0.936094 0.61296 0.0325098
618 0.936094 0.603699 0.0312921
619 0.936094 0.5938 0.0340747
620 0.936094 0.609271 0.0338206
621 0.936094 0.617411 0.0348564
622 0.936094 0.594982 0.0338842
623 0.936094 0.599581 0.0336547
624 0.936094 0.5882 0.0327143
625 0.936094 0.601712 0.0371946
626 0.937641 0.617786 0.0341488
627 0.937641 0.596492 0.0317509
628 0.937641 0.611612 0.0337394
629 0.937641 0.596761 0.0316864
630 0.937641 0.607644 0.0357272
631 0.937641 0.590925 0.0337326
632 0.937641 0.587664 0.032486
633 0.937641 0.604953 0.032499
634 0.937641 0.578533 0.0316121
635 0.937641 0.587847 0.0316334
636 0.937641 0.585555 0.0350977
637 0.937641 0.581871 0.0321876
638 0.937641 0.597097 0.0311739
639 0.937641 0.616929 0.0292574
640 0.937641 0.589613 0.0295134
641 0.937641 0.590684 0.0314967
642 0.937641 0.604969 0.0311001
643 0.937641 0.621033 0.0291124
644 0.937641 0.615331 0.0312841
645 0.937641 0.604589 0.0318417
646 0.937641 0.586512 0.0299416
647 0.937641 0.612383 0.0302649
648 0.937641 0.616833 0.0276896
649 0.937641 0.628384 0.0253806
650 0.937641 0.619127 0.0259985
651 0.937641 0.605075 0.0305207
652 0.937641 0.584698 0.0346431
653 0.937641 0.611494 0.030952
654 0.937641 0.587537 0.0334477
655 0.937641 0.593492 0.0354942
656 0.937641 0.593225 0.0356317
657 0.937641 0.59455 0.0346145
658 0.937641 0.587361 0.0323125
659 0.937641 0.585439 0.0334047
660 0.937641 0.577471 0.0319301
661 0.937641 0.581865 0.031304
662 0.937641 0.57926 0.0362748
663 0.937641 0.592937 0.0367553
664 0.937641 0.609692 0.0390773
665 0.937641 0.586651 0.0386473
666 0.937641 0.587856 0.0374016
667 0.937641 0.571854 0.0312245
668 0.937641 0.570584 0.0331319
669 0.937641 0.59264 0.0400415
670 0.937641 0.624142 0.0383807
671 0.937641 0.594415 0.0350881
672 0.937641 0.621377 0.0344046
673 0.937641 0.60154 0.0364072
674 0.937641 0.587756 0.0361905
675 0.937641 0.593128 0.033743
676 0.937641 0.578203 0.0369659
677 0.937641 0.596656 0.0340871
678 0.937641 0.601098 0.0344803
679 0.937641 0.606991 0.0395432
680 0.937641 0.604577 0.0408686
681 0.937641 0.602551 0.0407672
682 0.937641 0.568964 0.0370238
683 0.937641 0.587844 0.0367448
684 0.937641 0.608818 0.0408246
685 0.937641 0.599943 0.039784
686 0.937641 0.610085 0.0452954
687 0.937641 0.586676 0.0418649
688 0.937641 0.580542 0.0457719
689 0.937641 0.577702 0.0457276
690 0.937641 0.583735 0.0398591
691 0.937641 0.588502 0.039181
692 0.937641 0.582487 0.0370505
693 0.937641 0.570856 0.0365704
694 0.937641 0.580575 0.0386868
695 0.937641 0.567568 0.0376341
696 0.937641 0.563196 0.0395304
697 0.937641 0.57623 0.0356252
698 0.937641 0.574594 0.0300215
699 0.938025 0.595515 0.0320811
700 0.938025 0.571234 0.0304858
701 0.938025 0.583197 0.0319694
702 0.938025 0.604886 0.0314916
703 0.938025 0.56762 0.0340869
704 0.938025 0.60489 0.0356484
705 0.938025 0.59115 0.0345125
706 0.938025 0.576063 0.0316409
707 0.938025 0.580897 0.034319
708 0.938025 0.598283 0.0345514
709 0.938025 0.57064 0.0343674
710 0.938025 0.580882 0.0374164
711 0.938025 0.587112 0.0372317
712 0.938025 0.619608 0.0337166
713 0.938025 0.608254 0.0315353
714 0.938025 0.609224 0.0333654
715 0.938025 0.613594 0.0320917
716 0.938025 0.589835 0.0327167
717 0.938025 0.618831 0.0281481
718 0.938025 0.606309 0.0301288
719 0.938025 0.629146 0.0283861
720 0.938025 0.637879 0.0296572
721 0.938025 0.63099 0.0311135
722 0.938025 0.628885 0.0345183
723 0.938025 0.615939 0.0351327
724 0.938025 0.624963 0.0295489
725 0.938025 0.609409 0.0290947
726 0.938025 0.598264 0.0302911
727 0.938025 0.586859 0.033519
728 0.938025 0.604049 0.0338518
729 0.938025 0.606326 0.0367496
730 0.938025 0.585706 0.0350996
731 0.938025 0.605632 0.0364297
732 0.938025 0.595455 0.0292422
733 0.938025 0.609809 0.029342
734 0.938025 0.591531 0.0301694
735 0.938025 0.598824 0.0317105
736 0.938025 0.615208 0.0313247
737 0.938025 0.608443 0.0293947
738 0.938025 0.620431 0.028037
739 0.938025 0.614369 0.0302403
740 0.938025 0.613329 0.027568
741 0.938025 0.596518 0.0309864
742 0.938025 0.570327 0.0303917
743 0.938025 0.599123 0.035009
744 0.938025 0.58315 0.030804
745 0.938025 0.607462 0.0313352
746 0.938025 0.626698 0.0357112
747 0.938025 0.625042 0.0355526
748 0.938025 0.620587 0.0313198
749 0.938025 0.60379 0.0315778
750 0.938025 0.611053 0.0365664
751 0.938025 0.620299 0.0332944
752 0.938025 0.604462 0.0331914
753 0.938025 0.628579 0.0354408
754 0.938025 0.615623 0.0317093
755 0.938025 0.609596 0.0329179
756 0.938025 0.615515 0.0386061
757 0.938025 0.608111 0.0387672
758 0.938208 0.588106 0.0395749
759 0.938208 0.587511 0.0353076
760 0.938208 0.596515 0.0370572
761 0.938208 0.575887 0.0361076
762 0.938208 0.582521 0.0372891
763 0.938208 0.591713 0.0316604
764 0.938208 0.592392 0.038076
765 0.938208 0.606791 0.0374733
766 0.938208 0.595309 0.0387785
767 0.938208 0.582629 0.0349365
768 0.938208 0.612601 0.0325605
769 0.938208 0.611747 0.0339869
770 0.938208 0.623346 0.0362998
771 0.938208 0.602651 0.0323498
772 0.938208 0.60456 0.0311384
773 0.938208 0.591405 0.0314809
774 0.938208 0.594413 0.0340381
775 0.938208 0.569268 0.0365249
776 0.938208 0.591171 0.0332928
777 0.938208 0.607268 0.0339742
778 0.938208 0.584946 0.0357997
779 0.938208 0.575347 0.0381762
780 0.938208 0.579715 0.0303863
781 0.938208 0.567121 0.0325147
782 0.938208 0.570651 0.0386135
783 0.938208 0.576629 0.0368885
784 0.938208 0.564486 0.0360799
785 0.938208 0.580566 0.0368688
786 0.938208 0.576177 0.0333903
787 0.938208 0.574146 0.0421157
788 0.938208 0.579456 0.0373312
789 0.938208 0.579767 0.0373454
790 0.938208 0.595712 0.035844
791 0.938208 0.592339 0.032493
792 0.938208 0.587328 0.0322083
793 0.938208 0.605813 0.0356111
794 0.938208 0.594777 0.0368187
795 0.938208 0.592488 0.0385878
796 0.938208 0.604295 0.0376275
797 0.938208 0.584658 0.0328229
798 0.938208 0.569761 0.0337468
799 0.938208 0.596326 0.0357879
800 0.938208 0.588236 0.0332333
801 0.938208 0.60297 0.0400349
802 0.938208 0.61036 0.0364181
803 0.938208 0.597879 0.0380749
804 0.938208 0.583687 0.0362748
805 0.938208 0.593758 0.0355284
806 0.938208 0.577645 0.039409
807 0.938208 0.564312 0.045255
808 0.938208 0.588386 0.0428085
809 0.938208 0.582894 0.0396523
810 0.938208 0.556704 0.0389453
811 0.938208 0.590672 0.0385896
812 0.938208 0.592028 0.0337939
813 0.938208 0.591448 0.0313054
814 0.938208 0.601312 0.0357618
815 0.938208 0.607768 0.0386778
816 0.938208 0.607363 0.0404364
817 0.938208 0.573377 0.0365877
818 0.938484 0.570275 0.0362514
819 0.938484 0.5814 0.0376941
820 0.938484 0.588833 0.0358025
821 0.938484 0.592757 0.0362072
822 0.938484 0.593789 0.0337096
823 0.938484 0.582671 0.03616
824 0.938484 0.580084 0.0405457
825 0.938484 0.609997 0.0409009
826 0.938484 0.583728 0.0306557
827 0.938484 0.595436 0.038025
828 0.938484 0.609955 0.0343701
829 0.938484 0.594482 0.0303008
830 0.938484 0.602034 0.0338332
831 0.938484 0.604857 0.0311591
832 0.938484 0.585895 0.0345596
833 0.938484 0.623398 0.033957
834 0.938484 0.582095 0.0295594
835 0.938484 0.595398 0.0328515
836 0.938484 0.585739 0.0337979
837 0.938484 0.602004 0.034676
838 0.938484 0.602043 0.0320909
839 0.938484 0.624434 0.0301926
840 0.938484 0.600968 0.028955
841 0.938484 0.605888 0.033712
842 0.938484 0.613807 0.0332161
843 0.938484 0.598018 0.0357658
844 0.938484 0.588745 0.0327249
845 0.938484 0.572368 0.0353504
846 0.938484 0.58221 0.0309533
847 0.938484 0.578672 0.0348966
848 0.938484 0.583601 0.038991
849 0.938484 0.602567 0.033803
850 0.938484 0.625177 0.0351867
851 0.938484 0.624743 0.0293498
852 0.938484 0.592009 0.0333041
853 0.938484 0.5919 0.0362234
854 0.938484 0.607084 0.0370047
855 0.938484 0.617812 0.0265864
856 0.938484 0.574483 0.0286869
857 0.938484 0.567382 0.0345586
858 0.938484 0.570103 0.0375251
859 0.938484 0.583855 0.0360667
860 0.938484 0.606661 0.0347939
861 0.938484 0.590313 0.0345291
862 0.938484 0.59727 0.0313017
863 0.938484 0.599539 0.0360931
864 0.938484 0.613804 0.0284677
865 0.938484 0.59184 0.0323798
866 0.938484 0.604887 0.0314829
867 0.938484 0.59292 0.0346172
868 0.938484 0.584626 0.0343423
869 0.938484 0.590783 0.0318056
870 0.938484 0.595836 0.032313
871 0.938484 0.581299 0.03002
872 0.938484 0.581234 0.0383256
873 0.938484 0.577614 0.0358029
874 0.938484 0.559604 0.0346299
875 0.938484 0.567751 0.0379519
876 0.938484 0.570874 0.0379275
877 0.938484 0.569384 0.0345883
878 0.938484 0.581294 0.0345735
879 0.938484 0.584455 0.0362864
880 0.938484 0.588682 0.0338372
881 0.938484 0.574508 0.0374473
882 0.938484 0.572788 0.0403962
883 0.938484 0.5581 0.034614
884 0.938484 0.596394 0.0315423
885 0.938484 0.578791 0.0365058
886 0.938484 0.565079 0.0343615
887 0.938484 0.56556 0.0322725
888 0.938484 0.583234 0.0314417
889 0.938484 0.578304 0.0360686
890 0.938484 0.578028 0.0310283
891 0.938484 0.591079 0.033164
892 0.938484 0.593549 0.0305524
893 0.938484 0.605393 0.0335156
894 0.938484 0.603654 0.0372726
895 0.938484 0.576152 0.0373014
896 0.938484 0.567204 0.0339209
897 0.938484 0.577941 0.0396757
898 0.938484 0.587444 0.0340473
899 0.938484 0.592742 0.0380294
900 0.938484 0.586712 0.0359841
901 0.938484 0.603435 0.0358718
902 0.938484 0.611104 0.0338786
903 0.938484 0.609868 0.0345232
904 0.938484 0.607399 0.0355968
905 0.938484 0.602108 0.0321153
906 0.938484 0.603451 0.0332781
907 0.938484 0.603592 0.0321765
908 0.938484 0.584064 0.0324634
909 0.938484 0.576718 0.0337164
910 0.938484 0.583531 0.036425
911 0.938484 0.579144 0.0414191
912 0.938484 0.596217 0.0419481
913 0.9388 0.586209 0.037646
914 0.9388 0.565711 0.0412585
915 0.9388 0.588747 0.0361353
916 0.9388 0.584451 0.0357479
917 0.9388 0.599738 0.0313784
918 0.9388 0.602783 0.0339298
919 0.9388 0.598693 0.0351759
920 0.9388 0.603537 0.0319758
921 0.9388 0.599383 0.0384918
922 0.9388 0.611113 0.037428
923 0.9388 0.598656 0.0368224
924 0.9388 0.583768 0.034425
925 0.9388 0.583156 0.0364863
926 0.9388 0.570126 0.0342241
927 0.9388 0.584814 0.0333978
928 0.9388 0.59395 0.0286688
929 0.9388 0.624853 0.0333963
930 0.9388 0.628715 0.0295648
931 0.9388 0.618134 0.0259769
932 0.9388 0.582854 0.030599
933 0.9388 0.594656 0.0319325
934 0.9388 0.591984 0.0369578
935 0.9388 0.5861 0.0428785
936 0.9388 0.617945 0.0351172
937 0.9388 0.627019 0.0326651
938 0.9388 0.604976 0.0307768
939 0.9388 0.593001 0.0296983
940 0.9388 0.582079 0.032122
941 0.9388 0.611575 0.033585
942 0.9388 0.603301 0.0336044
943 0.9388 0.602663 0.0331731
944 0.9388 0.597913 0.0346739
945 0.9388 0.599637 0.0352152
946 0.9388 0.580849 0.0337349
947 0.9388 0.571187 0.0367571
948 0.9388 0.579518 0.03345
949 0.9388 0.601053 0.033109
950 0.9388 0.593236 0.0330538
951 0.9388 0.587283 0.0365656
952 0.9388 0.591273 0.0334131
953 0.9388 0.583685 0.0309429
954 0.9388 0.608855 0.0330033
955 0.9388 0.579931 0.0352777
956 0.9388 0.606068 0.0380667
957 0.9388 0.584231 0.0405084
958 0.9388 0.574161 0.0363283
959 0.9388 0.574247 0.0402558
960 0.9388 0.553346 0.0406341
961 0.9388 0.556505 0.0454737
962 0.9388 0.581717 0.0424249
963 0.9388 0.604728 0.0344738
964 0.9388 0.60929 0.0354701
965 0.9388 0.636528 0.0370935
966 0.9388 0.609088 0.0396838
967 0.9388 0.61706 0.0349447
968 0.9388 0.595944 0.0325155
969 0.9388 0.601516 0.0343155
970 0.9388 0.596809 0.033838
971 0.9388 0.576041 0.0318548
972 0.9388 0.60318 0.0398017
973 0.9388 0.598664 0.036852
974 0.9388 0.605789 0.0396433
975 0.9388 0.59229 0.0415681
976 0.9388 0.591076 0.0358612
977 0.9388 0.573751 0.0365246
978 0.9388 0.612712 0.0361396
979 0.9388 0.601191 0.03608
980 0.9388 0.591237 0.0365998
981 0.9388 0.627847 0.0363165
982 0.9388 0.589124 0.0369031
983 0.9388 0.600872 0.0323705
984 0.9388 0.58371 0.0338938
985 0.9388 0.576916 0.031707
986 0.9388 0.620361 0.0311272
987 0.9388 0.614021 0.0312554
988 0.9388 0.589684 0.0326837
989 0.9388 0.609906 0.035639
990 0.9388 0.586184 0.0422774
991 0.9388 0.596996 0.0351175
992 0.9388 0.610244 0.0384228
993 0.9388 0.587054 0.0339846
994 0.9388 0.582133 0.0334481
995 0.9388 0.563498 0.0352674
996 0.9388 0.564369 0.0355377
997 0.9388 0.554556 0.0381322
998 0.9388 0.552315 0.0376185
999 0.9388 0.559004 0.0359498
1000 0.9388 0.57863 0.0357829
