0 0.286796 0.249006 0.00019798
1 0.360313 0.250809 0.000860971
2 0.36177 0.257165 0.000923535
3 0.40728 0.26228 0.00168742
4 0.412011 0.269346 0.00253337
5 0.495487 0.271207 0.00401362
6 0.495487 0.283826 0.00449046
7 0.508439 0.292664 0.00643167
8 0.527949 0.29228 0.0066024
9 0.527949 0.292302 0.00777319
10 0.527949 0.301672 0.00877527
11 0.527949 0.315723 0.0114989
12 0.530779 0.319379 0.011933
13 0.56607 0.322689 0.0129776
14 0.56607 0.333503 0.0157516
15 0.584472 0.333133 0.0166496
16 0.584472 0.338504 0.0165289
17 0.584472 0.326268 0.0153184
18 0.621903 0.334848 0.0156733
19 0.621903 0.341199 0.0180115
20 0.621903 0.333371 0.0161182
21 0.621903 0.332989 0.0187005
22 0.621903 0.359528 0.0209333
23 0.621903 0.366956 0.0216859
24 0.628734 0.375696 0.0205409
25 0.666782 0.379954 0.0214498
26 0.666782 0.379998 0.0250764
27 0.706548 0.39702 0.0239466
28 0.706548 0.410153 0.0266865
29 0.734241 0.412792 0.0276738
30 0.734241 0.426521 0.0287215
31 0.734241 0.427805 0.0296237
32 0.734241 0.417583 0.0287609
33 0.734241 0.423282 0.02425
34 0.765357 0.421567 0.0294225
35 0.765357 0.439358 0.0323129
36 0.765357 0.434865 0.0332949
37 0.765357 0.447082 0.0334643
38 0.765357 0.453456 0.0329087
39 0.765357 0.471947 0.0311685
40 0.765357 0.489943 0.025878
41 0.765357 0.488971 0.0271991
42 0.765357 0.484901 0.0258396
43 0.765357 0.495873 0.025698
44 0.765357 0.519157 0.0224221
45 0.765357 0.52063 0.0218135
46 0.765357 0.51631 0.0229962
47 0.765357 0.516263 0.0212968
48 0.765357 0.523006 0.021268
49 0.765357 0.542361 0.0186374
50 0.765357 0.555535 0.0186287
51 0.765357 0.554206 0.0191742
52 0.765357 0.571984 0.0184909
53 0.765357 0.571891 0.0197765
54 0.765357 0.585008 0.0148949
55 0.773556 0.581179 0.0115241
56 0.773556 0.574114 0.011849
57 0.773556 0.575318 0.0137228
58 0.773556 0.587579 0.0131557
59 0.773556 0.590326 0.0132926
60 0.773556 0.586467 0.0130004
61 0.773556 0.593385 0.0126928
62 0.773556 0.586661 0.0135037
63 0.773556 0.584442 0.0129557
64 0.773556 0.586257 0.012229
65 0.773556 0.582612 0.012524
66 0.773556 0.582198 0.0133884
67 0.773556 0.585158 0.0122264
68 0.773556 0.575152 0.0149956
69 0.773556 0.570223 0.0188245
70 0.773556 0.562305 0.0177067
71 0.773556 0.566448 0.0157041
72 0.773556 0.563849 0.0138742
73 0.773556 0.57194 0.0131997
74 0.773556 0.580726 0.012089
75 0.773556 0.566514 0.0167351
76 0.773556 0.563441 0.0168013
77 0.773556 0.555625 0.0155924
78 0.773556 0.572748 0.0138596
79 0.773556 0.552491 0.0129988
80 0.773556 0.570452 0.0135888
81 0.773556 0.561946 0.0153681
82 0.773556 0.563114 0.0168346
83 0.773556 0.560544 0.0162566
84 0.773556 0.565513 0.0173756
85 0.773556 0.565299 0.0174453
86 0.773556 0.557068 0.0180465
87 0.773556 0.566433 0.0136811
88 0.773556 0.574838 0.0120883
89 0.773556 0.580553 0.0123198
90 0.773556 0.580567 0.0137793
91 0.773556 0.578478 0.0111381
92 0.773556 0.579455 0.0108575
93 0.773556 0.582252 0.0120694
94 0.773556 0.573911 0.0129286
95 0.773556 0.571961 0.0132672
96 0.773556 0.580383 0.0134032
97 0.773556 0.583587 0.0116801
98 0.773556 0.585805 0.0120399
99 0.773556 0.558036 0.0140829
100 0.773556 0.571675 0.0136261
101 0.773556 0.581976 0.0129586
102 0.773556 0.571993 0.0144556
103 0.773556 0.558518 0.0148563
104 0.773556 0.562639 0.0145954
105 0.773556 0.554906 0.014772
106 0.773556 0.543643 0.0161149
107 0.773556 0.551534 0.0177103
108 0.773556 0.542896 0.0158158
109 0.773556 0.534963 0.0153419
110 0.773556 0.545388 0.0190432
111 0.773556 0.542439 0.0202522
112 0.773556 0.549305 0.0166728
113 0.773556 0.552511 0.0182775
114 0.773556 0.555617 0.0182841
115 0.773556 0.569354 0.0143968
116 0.773556 0.573125 0.0144863
117 0.773556 0.562007 0.0161635
118 0.776932 0.559329 0.0165125
119 0.776932 0.571316 0.0139726
120 0.776932 0.581621 0.0144086
121 0.77757 0.581131 0.0143386
122 0.77757 0.587412 0.0148548
123 0.77757 0.592676 0.013993
124 0.77757 0.59342 0.0146994
125 0.77757 0.574171 0.0151352
126 0.77757 0.579459 0.0142098
127 0.77757 0.550385 0.0175967
128 0.77757 0.568268 0.0185324
129 0.77757 0.561771 0.0202325
130 0.77757 0.571048 0.0190239
131 0.77757 0.560587 0.0197227
132 0.77757 0.564515 0.0180649
133 0.77757 0.564449 0.0183886
134 0.77757 0.576274 0.0171089
135 0.77757 0.584571 0.0151491
136 0.77757 0.596883 0.0153433
137 0.77757 0.598648 0.0172142
138 0.77757 0.579477 0.0194427
139 0.77757 0.583055 0.0157268
140 0.77757 0.579483 0.0171435
141 0.77757 0.587991 0.0180015
142 0.77757 0.583139 0.0177003
143 0.77757 0.57757 0.0190769
144 0.77757 0.571325 0.0190904
145 0.784616 0.567516 0.0211538
146 0.784616 0.575274 0.0214697
147 0.784616 0.57023 0.0202195
148 0.784616 0.566332 0.019768
149 0.784616 0.562037 0.0218127
150 0.784616 0.567629 0.0202871
151 0.784616 0.569198 0.0193049
152 0.784616 0.579077 0.0194154
153 0.784616 0.576497 0.0183234
154 0.784616 0.578498 0.0183329
155 0.784616 0.597877 0.0142298
156 0.784616 0.591679 0.0137552
157 0.784616 0.598855 0.015506
158 0.784616 0.599482 0.0141774
159 0.784616 0.602236 0.014274
160 0.784616 0.589265 0.0171145
161 0.784616 0.588459 0.0139789
162 0.784616 0.603256 0.0144081
163 0.784838 0.596938 0.0139793
164 0.784838 0.579269 0.0153951
165 0.78639 0.581634 0.0171048
166 0.78639 0.586465 0.0152251
167 0.78639 0.594579 0.0130504
168 0.78639 0.601675 0.0136339
169 0.78639 0.58096 0.0162438
170 0.78639 0.574017 0.0127305
171 0.78639 0.584778 0.0157138
172 0.78639 0.589699 0.014787
173 0.78639 0.609765 0.014608
174 0.78639 0.595779 0.0151724
175 0.78639 0.606333 0.012812
176 0.78639 0.595143 0.0161739
177 0.78639 0.585071 0.0179712
178 0.78639 0.587685 0.0159694
179 0.78639 0.59173 0.0161651
180 0.78639 0.583166 0.0174485
181 0.78639 0.578255 0.0210252
182 0.78639 0.564298 0.0221415
183 0.78639 0.583091 0.0194476
184 0.78639 0.583142 0.0172161
185 0.78639 0.576924 0.0163649
186 0.78639 0.598239 0.0137195
187 0.786729 0.607049 0.0139673
188 0.786729 0.613591 0.0146212
189 0.786729 0.607369 0.0153023
190 0.786729 0.61234 0.0138399
191 0.786729 0.59911 0.0151929
192 0.786729 0.592609 0.0189617
193 0.789829 0.584241 0.0171664
194 0.789829 0.580731 0.0183573
195 0.789829 0.567083 0.0178039
196 0.789829 0.569941 0.0171945
197 0.789829 0.598899 0.0172698
198 0.789829 0.585295 0.0179316
199 0.789829 0.600001 0.0176114
200 0.789829 0.593673 0.0178717
201 0.789829 0.592834 0.0148274
202 0.789829 0.599547 0.0152101
203 0.789829 0.610508 0.0128597
204 0.789829 0.603921 0.0143417
205 0.789829 0.594196 0.0139602
206 0.789829 0.589991 0.0179126
207 0.789829 0.595982 0.0158006
208 0.789829 0.59169 0.0153155
209 0.789829 0.575532 0.0177561
210 0.789829 0.598266 0.0150912
211 0.789829 0.581646 0.019809
212 0.789829 0.587856 0.0182246
213 0.789829 0.57829 0.0209604
214 0.789829 0.57931 0.0190368
215 0.789829 0.582123 0.019102
216 0.789829 0.588221 0.0178164
217 0.790921 0.570938 0.0181427
218 0.790921 0.563336 0.0182598
219 0.790921 0.574362 0.019434
220 0.790921 0.57726 0.0207084
221 0.790921 0.558348 0.0197911
222 0.790921 0.559689 0.0181934
223 0.790921 0.549262 0.018906
224 0.790921 0.566802 0.0206788
225 0.790921 0.572277 0.0170916
226 0.790921 0.562016 0.020546
227 0.790921 0.544376 0.0207162
228 0.792773 0.568999 0.0207541
229 0.792773 0.564879 0.0234626
230 0.794907 0.598102 0.0183662
231 0.794907 0.597841 0.018689
232 0.794907 0.588963 0.0203484
233 0.794907 0.585941 0.0184252
234 0.794907 0.586727 0.0185628
235 0.794907 0.595433 0.0162515
236 0.794907 0.601825 0.0168805
237 0.794907 0.599904 0.0155632
238 0.794907 0.583326 0.0169297
239 0.794907 0.586998 0.0170254
240 0.794907 0.587946 0.0175663
241 0.794907 0.564987 0.0173889
242 0.794907 0.580387 0.0147102
243 0.794907 0.576285 0.0178076
244 0.794907 0.571766 0.017245
245 0.794907 0.579533 0.0148355
246 0.794907 0.586465 0.013757
247 0.794907 0.572822 0.0142016
248 0.794907 0.571408 0.0164166
249 0.794907 0.55768 0.0192767
250 0.794907 0.579204 0.0183396
251 0.794907 0.596325 0.0180115
252 0.794907 0.586485 0.0158345
253 0.794907 0.583222 0.0181798
254 0.794907 0.580876 0.0189225
255 0.794907 0.568099 0.0190259
256 0.794907 0.559263 0.0230592
257 0.794907 0.549155 0.0241235
258 0.794907 0.569789 0.0219932
259 0.794907 0.568943 0.0209511
260 0.794907 0.591602 0.0200495
261 0.794907 0.599796 0.019168
262 0.794907 0.60014 0.0179198
263 0.794907 0.592137 0.0164395
264 0.794907 0.586484 0.0208532
265 0.794907 0.587732 0.0193384
266 0.794907 0.57281 0.0183291
267 0.794907 0.577824 0.019177
268 0.794907 0.577803 0.0197978
269 0.794907 0.580262 0.0166731
270 0.794907 0.588569 0.0165865
271 0.794907 0.570621 0.0181581
272 0.794907 0.585225 0.0209302
273 0.794907 0.601254 0.0161891
274 0.794907 0.599819 0.0159824
275 0.794907 0.610012 0.0119071
276 0.794907 0.607238 0.0110604
277 0.794907 0.593438 0.0146245
278 0.794907 0.613597 0.0138845
279 0.794907 0.607231 0.0139678
280 0.794907 0.598378 0.0142277
281 0.794907 0.596656 0.0143859
282 0.794907 0.588825 0.0176431
283 0.794907 0.580071 0.0213389
284 0.794907 0.586431 0.0204919
285 0.794907 0.576194 0.020181
286 0.794907 0.581969 0.0167499
287 0.794907 0.587916 0.01804
288 0.794907 0.589807 0.0166622
289 0.794907 0.58702 0.0146742
290 0.794907 0.578664 0.0184131
291 0.794907 0.586835 0.0191075
292 0.794907 0.606971 0.0128619
293 0.794907 0.593071 0.0121332
294 0.794907 0.607014 0.0134382
295 0.794907 0.607708 0.0147559
296 0.794907 0.598907 0.0167444
297 0.794907 0.596596 0.0170172
298 0.794907 0.5879 0.0174045
299 0.794907 0.605217 0.014566
300 0.794907 0.605481 0.0154562
301 0.794907 0.610161 0.0164385
302 0.794907 0.605078 0.0136462
303 0.794907 0.588188 0.0166119
304 0.794907 0.564136 0.0191826
305 0.794907 0.574785 0.0187335
306 0.794907 0.57145 0.0184526
307 0.794907 0.576923 0.019639
308 0.794907 0.58487 0.0202756
309 0.794907 0.57367 0.0189331
310 0.794907 0.58856 0.0181653
311 0.794907 0.587645 0.0183676
312 0.794907 0.571078 0.0198878
313 0.794907 0.575574 0.0182482
314 0.794907 0.58413 0.0217108
315 0.794907 0.565827 0.0207379
316 0.794907 0.547081 0.0186053
317 0.794907 0.565317 0.0168065
318 0.794907 0.561831 0.0170359
319 0.794907 0.577503 0.0161771
320 0.794907 0.563972 0.019436
321 0.794907 0.575046 0.0171767
322 0.794907 0.567463 0.0195327
323 0.794907 0.575228 0.0186105
324 0.794907 0.597265 0.0164969
325 0.794907 0.597113 0.0145353
326 0.794907 0.579806 0.0166473
327 0.794907 0.600176 0.0151182
328 0.794907 0.609552 0.0131465
329 0.794907 0.611459 0.0126158
330 0.794907 0.605877 0.0140377
331 0.794907 0.598155 0.0143939
332 0.794907 0.58203 0.0163087
333 0.794907 0.600647 0.015218
334 0.794907 0.59866 0.0136015
335 0.794907 0.608753 0.0120776
336 0.794907 0.603877 0.0172669
337 0.794907 0.588244 0.0171619
338 0.794907 0.592629 0.0170489
339 0.794907 0.577029 0.0184843
340 0.794907 0.592501 0.0157504
341 0.794907 0.588348 0.016551
342 0.794907 0.587146 0.0138026
343 0.794907 0.589893 0.0144695
344 0.79515 0.594513 0.0147147
345 0.79515 0.588638 0.0144607
346 0.79515 0.575016 0.0154334
347 0.79515 0.582684 0.0152237
348 0.796431 0.597334 0.0160582
349 0.796431 0.574311 0.0146623
350 0.796431 0.569269 0.0169242
351 0.796431 0.584716 0.0181105
352 0.796431 0.605721 0.014909
353 0.796431 0.596462 0.0171084
354 0.796431 0.591954 0.0151938
355 0.796431 0.594192 0.0149193
356 0.796431 0.575469 0.0170545
357 0.796431 0.5902 0.0172843
358 0.796431 0.589308 0.0151058
359 0.796431 0.576851 0.0167278
360 0.796431 0.559307 0.0186338
361 0.796431 0.57681 0.0199138
362 0.796431 0.599362 0.018332
363 0.796431 0.597937 0.0168526
364 0.796431 0.596101 0.0156708
365 0.796431 0.588578 0.0187957
366 0.796431 0.56847 0.0197907
367 0.796431 0.584102 0.0183652
368 0.796431 0.585902 0.019956
369 0.796431 0.591067 0.0194563
370 0.796431 0.596046 0.0194629
371 0.796431 0.593716 0.0176807
372 0.796431 0.587829 0.0195377
373 0.796431 0.579557 0.019982
374 0.796431 0.579706 0.0180629
375 0.796431 0.588678 0.0179648
376 0.796431 0.590886 0.0163662
377 0.796431 0.58999 0.0179638
378 0.796431 0.58143 0.0192413
379 0.796431 0.575119 0.0187564
380 0.796431 0.57345 0.0206805
381 0.796431 0.586857 0.019767
382 0.796431 0.591748 0.0162372
383 0.796431 0.609303 0.0169728
384 0.796431 0.595905 0.0177393
385 0.796431 0.580849 0.017818
386 0.796431 0.579196 0.0222098
387 0.796431 0.554962 0.0175225
388 0.796431 0.558618 0.0213515
389 0.796431 0.557094 0.0175824
390 0.796431 0.570247 0.0177878
391 0.796431 0.581695 0.0199646
392 0.796431 0.585124 0.0159083
393 0.796431 0.565394 0.0174173
394 0.796431 0.558388 0.0193492
395 0.796431 0.579144 0.0218291
396 0.796431 0.582309 0.0179309
397 0.796431 0.582482 0.0194437
398 0.796431 0.586435 0.0172673
399 0.796431 0.602006 0.0165415
400 0.796431 0.586652 0.0186619
401 0.796431 0.589398 0.0176764
402 0.796431 0.583018 0.0196786
403 0.796431 0.588078 0.0183074
404 0.796431 0.587639 0.0164666
405 0.796431 0.60364 0.0158758
406 0.796431 0.583998 0.0208729
407 0.796431 0.575184 0.0219606
408 0.796431 0.549932 0.02261
409 0.796431 0.569999 0.0229806
410 0.796431 0.575663 0.0190736
411 0.796431 0.558207 0.0168611
412 0.796431 0.566935 0.0198066
413 0.796431 0.57529 0.0167545
414 0.796431 0.586246 0.0172652
415 0.796431 0.580074 0.0203398
416 0.796431 0.5762 0.0172529
417 0.796431 0.587306 0.0166498
418 0.796431 0.578651 0.0180929
419 0.796431 0.582341 0.0183517
420 0.796431 0.579572 0.0155583
421 0.796431 0.582045 0.0175505
422 0.796431 0.605295 0.0169625
423 0.796431 0.596079 0.015743
424 0.796431 0.589452 0.0176342
425 0.796431 0.582672 0.0182117
426 0.796431 0.596022 0.0167522
427 0.796431 0.587944 0.0164964
428 0.796431 0.5953 0.0153432
429 0.796431 0.604997 0.0104591
430 0.796431 0.603439 0.013422
431 0.796431 0.606103 0.0138341
432 0.796431 0.593907 0.0169086
433 0.796431 0.574749 0.0183291
434 0.796431 0.57547 0.015956
435 0.796431 0.58808 0.0151423
436 0.796496 0.581585 0.016226
437 0.796496 0.588614 0.018889
438 0.796496 0.580453 0.0179357
439 0.796496 0.576527 0.0174513
440 0.796496 0.575707 0.0158397
441 0.796496 0.574475 0.0168515
442 0.796496 0.567078 0.0183111
443 0.796496 0.570452 0.0181658
444 0.796496 0.577466 0.0151164
445 0.796496 0.594328 0.0207454
446 0.796496 0.580655 0.018811
447 0.796496 0.590981 0.0148837
448 0.796496 0.592519 0.0176719
449 0.796496 0.56327 0.0204919
450 0.796496 0.586045 0.0168999
451 0.796496 0.57239 0.0159946
452 0.796496 0.572245 0.0187193
453 0.796496 0.576645 0.0181252
454 0.796496 0.570592 0.0178664
455 0.796496 0.557564 0.018671
456 0.796496 0.576796 0.017093
457 0.796496 0.598984 0.0173221
458 0.796496 0.589667 0.0169144
459 0.796496 0.578385 0.0176585
460 0.796496 0.590127 0.0166785
461 0.796496 0.590606 0.0179146
462 0.796496 0.590319 0.0187203
463 0.796496 0.582313 0.0187863
464 0.796496 0.581555 0.0205476
465 0.796496 0.582874 0.0202156
466 0.796496 0.568561 0.0198388
467 0.796496 0.603458 0.0196739
468 0.796496 0.597674 0.0163676
469 0.796496 0.599039 0.0178283
470 0.796496 0.592119 0.0191114
471 0.796496 0.592385 0.0174399
472 0.796496 0.599389 0.0157087
473 0.796496 0.612071 0.0144851
474 0.796496 0.611539 0.0153442
475 0.796496 0.594265 0.0135621
476 0.796496 0.596538 0.013107
477 0.796496 0.583209 0.0138767
478 0.796496 0.582946 0.0160345
479 0.796496 0.574977 0.0155075
480 0.796496 0.579291 0.017906
481 0.796496 0.569189 0.0212215
482 0.796496 0.56806 0.0187794
483 0.796496 0.555449 0.0229951
484 0.796496 0.554879 0.0234919
485 0.796496 0.579796 0.0214907
486 0.796496 0.571649 0.0230485
487 0.796496 0.57067 0.0221573
488 0.796496 0.576361 0.0212557
489 0.796496 0.559104 0.0210598
490 0.796496 0.556691 0.0209938
491 0.796496 0.54745 0.0218544
492 0.796496 0.555065 0.025678
493 0.796496 0.558541 0.0231793
494 0.796496 0.561829 0.0206731
495 0.796496 0.569088 0.0183735
496 0.796496 0.576966 0.0179731
497 0.796496 0.574636 0.0183601
498 0.796496 0.574269 0.0176325
499 0.796496 0.591416 0.016622
500 0.796496 0.604929 0.0172933
501 0.796496 0.597767 0.0167788
502 0.796496 0.593243 0.0158632
503 0.796496 0.583185 0.0171788
504 0.796496 0.587249 0.0171795
505 0.796496 0.5849 0.0197411
506 0.796496 0.573194 0.0232317
507 0.796496 0.578878 0.0228292
508 0.796496 0.573987 0.0225454
509 0.796843 0.589741 0.0194592
510 0.796843 0.582066 0.0164941
511 0.796843 0.586603 0.016158
512 0.796843 0.578837 0.0166456
513 0.796843 0.571352 0.0204912
514 0.796843 0.574725 0.0201691
515 0.796843 0.572806 0.0199339
516 0.796843 0.581456 0.0185873
517 0.796843 0.589006 0.017736
518 0.796843 0.595173 0.0176997
519 0.796843 0.581014 0.0185831
520 0.796843 0.594897 0.0157277
521 0.796843 0.595529 0.014909
522 0.796843 0.583116 0.0188067
523 0.796843 0.594052 0.017662
524 0.796843 0.570555 0.019217
525 0.796843 0.567843 0.0207179
526 0.796843 0.576754 0.0175108
527 0.796843 0.574186 0.0188769
528 0.796843 0.57023 0.0188222
529 0.796843 0.588576 0.0146153
530 0.796843 0.578298 0.0138289
531 0.796843 0.591837 0.0149744
532 0.796843 0.585796 0.0136752
533 0.796843 0.579708 0.0178856
534 0.798674 0.596716 0.0163074
535 0.798674 0.608913 0.0176851
536 0.798674 0.614019 0.0151611
537 0.798674 0.619137 0.0156136
538 0.798674 0.611423 0.0148388
539 0.798674 0.595649 0.0173479
540 0.798674 0.605316 0.0169962
541 0.798674 0.596226 0.0173755
542 0.798674 0.588627 0.0201378
543 0.798674 0.580414 0.0195628
544 0.798674 0.578796 0.0191811
545 0.798674 0.556144 0.0177661
546 0.798674 0.57315 0.0171389
547 0.798674 0.562579 0.0205591
548 0.801619 0.56362 0.0199721
549 0.801619 0.567109 0.0213718
550 0.801619 0.563561 0.0217899
551 0.801619 0.56847 0.0202204
552 0.801619 0.577831 0.0216023
553 0.801619 0.574911 0.023004
554 0.801619 0.572698 0.0197612
555 0.801619 0.582475 0.018006
556 0.801619 0.577439 0.0152131
557 0.801619 0.568446 0.0177333
558 0.801619 0.577439 0.015967
559 0.801619 0.587254 0.0182375
560 0.801619 0.566035 0.0175033
561 0.801619 0.582974 0.0164686
562 0.801619 0.570895 0.0203636
563 0.801619 0.569937 0.0220208
564 0.801619 0.565669 0.0192378
565 0.801619 0.550987 0.0198356
566 0.801619 0.553222 0.0207697
567 0.801619 0.54992 0.0226291
568 0.801619 0.563011 0.0209149
569 0.801619 0.581059 0.0200613
570 0.801619 0.570631 0.0190724
571 0.801619 0.579564 0.0179834
572 0.801619 0.576732 0.0205702
573 0.801619 0.557135 0.0191971
574 0.801619 0.577959 0.0175799
575 0.801619 0.563876 0.0193591
576 0.801619 0.568822 0.0206963
577 0.801619 0.572386 0.0222332
578 0.801619 0.557995 0.0243906
579 0.801619 0.574328 0.0209364
580 0.801619 0.584687 0.0167395
581 0.801619 0.59686 0.0175352
582 0.803014 0.588425 0.0163285
583 0.803014 0.578865 0.0186113
584 0.803014 0.595856 0.0169258
585 0.803014 0.584319 0.0168209
586 0.803014 0.573148 0.0183656
587 0.803014 0.586376 0.0145415
588 0.803014 0.592808 0.0143767
589 0.803014 0.598207 0.014294
590 0.803014 0.589231 0.0170008
591 0.803014 0.582682 0.0167267
592 0.803014 0.610978 0.0120879
593 0.803014 0.616604 0.0122725
594 0.803014 0.625175 0.00984845
595 0.803014 0.602399 0.0146081
596 0.803014 0.593827 0.0190825
597 0.803014 0.594955 0.0194903
598 0.803014 0.590577 0.0187098
599 0.803014 0.582392 0.0161521
600 0.803014 0.579193 0.0191371
601 0.803014 0.583385 0.0171621
602 0.803014 0.576477 0.0176266
603 0.803014 0.567707 0.017139
604 0.803014 0.579589 0.0159231
605 0.803014 0.563536 0.0189547
606 0.803014 0.549989 0.0184779
607 0.803014 0.57149 0.0184183
608 0.803014 0.595271 0.0173302
609 0.803014 0.592917 0.0173102
610 0.803014 0.597402 0.0149856
611 0.803014 0.593945 0.0133195
612 0.803014 0.600975 0.014983
613 0.803014 0.598377 0.0159144
614 0.803014 0.599623 0.0162597
615 0.803014 0.589149 0.0195304
616 0.803014 0.582695 0.0157322
617 0.803014 0.587284 0.0158871
618 0.803014 0.579036 0.0160503
619 0.803014 0.573439 0.0180595
620 0.803014 0.591398 0.0164447
621 0.803014 0.596027 0.0173715
622 0.803014 0.607376 0.0167387
623 0.803014 0.595794 0.0166609
624 0.803014 0.599199 0.0185665
625 0.803014 0.611782 0.0149781
626 0.803014 0.617398 0.0121319
627 0.803014 0.600283 0.0163701
628 0.803014 0.593213 0.0178747
629 0.803014 0.582175 0.0153031
630 0.803014 0.603534 0.0142032
631 0.803014 0.599108 0.0166233
632 0.803014 0.587368 0.0173841
633 0.803014 0.585173 0.0170903
634 0.803014 0.589844 0.0160839
635 0.803014 0.592912 0.019591
636 0.803014 0.601688 0.0189642
637 0.803014 0.599596 0.016355
638 0.803014 0.600738 0.0135203
639 0.803014 0.607489 0.0119537
640 0.803014 0.608285 0.0133411
641 0.803014 0.60312 0.0150149
642 0.803014 0.593718 0.0145839
643 0.803014 0.597418 0.0136032
644 0.803014 0.599575 0.0170518
645 0.803014 0.594547 0.0174776
646 0.803014 0.600077 0.0170529
647 0.803014 0.594781 0.0151169
648 0.803014 0.603958 0.0135714
649 0.803014 0.578133 0.0162813
650 0.803014 0.579916 0.0164625
651 0.803014 0.569808 0.0169768
652 0.803014 0.574393 0.0175887
653 0.803014 0.56243 0.0174631
654 0.803014 0.597058 0.0170372
655 0.803014 0.58844 0.0155965
656 0.803014 0.584969 0.0189875
657 0.803014 0.580281 0.0179273
658 0.803014 0.595028 0.0159068
659 0.803014 0.584137 0.0202046
660 0.803245 0.580697 0.0197806
661 0.803245 0.571965 0.0167973
662 0.803245 0.581108 0.0203
663 0.803868 0.580471 0.018809
664 0.803868 0.584422 0.0177243
665 0.803868 0.572153 0.0214445
666 0.803868 0.570975 0.0212274
667 0.803868 0.55655 0.0220584
668 0.803868 0.562751 0.0245966
669 0.803868 0.581724 0.0232429
670 0.803868 0.591778 0.0173634
671 0.803868 0.577165 0.0215319
672 0.803868 0.568366 0.0209945
673 0.803868 0.578753 0.018382
674 0.803868 0.591709 0.0150629
675 0.804178 0.596472 0.016667
676 0.804178 0.59108 0.0170171
677 0.804178 0.591528 0.0178772
678 0.804178 0.592138 0.0161864
679 0.804178 0.610075 0.0138774
680 0.804178 0.606125 0.0139901
681 0.804178 0.590167 0.0183302
682 0.804178 0.583719 0.0167059
683 0.804178 0.574007 0.0233045
684 0.804178 0.573957 0.022802
685 0.804178 0.582225 0.0189546
686 0.804178 0.588212 0.0154699
687 0.804178 0.581017 0.0187182
688 0.804178 0.570446 0.0193468
689 0.804178 0.592631 0.0169284
690 0.804178 0.589303 0.0155043
691 0.804178 0.586561 0.0148774
692 0.804178 0.597022 0.0143737
693 0.804178 0.591597 0.0140092
694 0.804178 0.596659 0.0156962
695 0.804178 0.598438 0.0160775
696 0.804178 0.607274 0.0144843
697 0.804178 0.600404 0.0177808
698 0.804178 0.603346 0.0190085
699 0.804178 0.58428 0.0196861
700 0.804178 0.601118 0.0178548
701 0.804178 0.590795 0.0184245
702 0.804178 0.595175 0.0173188
703 0.804178 0.605878 0.0158755
704 0.804178 0.614796 0.0139706
705 0.804178 0.616668 0.0146571
706 0.804178 0.612974 0.016658
707 0.804178 0.580984 0.0185756
708 0.804178 0.591027 0.0193027
709 0.804178 0.582701 0.0200221
710 0.804178 0.599041 0.0185989
711 0.804178 0.570303 0.0220553
712 0.804178 0.568522 0.0231647
713 0.804178 0.561606 0.0194822
714 0.804178 0.577088 0.0202614
715 0.804178 0.597013 0.0187132
716 0.804178 0.587742 0.0197288
717 0.804178 0.584443 0.0211559
718 0.804178 0.577038 0.0225833
719 0.804178 0.592197 0.0201799
720 0.804178 0.581243 0.0201267
721 0.804178 0.586289 0.0217469
722 0.804178 0.592974 0.0187896
723 0.804521 0.585084 0.0212756
724 0.804521 0.586208 0.0228099
725 0.804521 0.57989 0.0197341
726 0.804521 0.577038 0.0216706
727 0.807569 0.586488 0.0203622
728 0.807569 0.591567 0.0193973
729 0.807569 0.598253 0.0178075
730 0.807569 0.59114 0.0182965
731 0.807569 0.600882 0.0185932
732 0.807569 0.592723 0.0184271
733 0.807569 0.576426 0.0199827
734 0.807569 0.587342 0.0201265
735 0.807569 0.589364 0.0216867
736 0.807569 0.5681 0.0241349
737 0.807569 0.579459 0.0189308
738 0.807569 0.592796 0.019405
739 0.807569 0.591978 0.0186347
740 0.807569 0.588573 0.016735
741 0.807569 0.601459 0.0139152
742 0.807569 0.595265 0.015324
743 0.807569 0.600034 0.015525
744 0.807569 0.584138 0.0199716
745 0.807569 0.586785 0.0175489
746 0.807569 0.610944 0.0158431
747 0.807569 0.608403 0.0160828
748 0.807569 0.598425 0.0194188
749 0.807569 0.592671 0.0195379
750 0.807569 0.606896 0.0153731
751 0.807569 0.60397 0.0165656
752 0.807569 0.59534 0.0158209
753 0.807569 0.615864 0.0142028
754 0.807569 0.608751 0.0157683
755 0.807569 0.611805 0.0165266
756 0.807569 0.618032 0.0142403
757 0.807569 0.613921 0.0132835
758 0.807569 0.620229 0.0139711
759 0.807569 0.616941 0.012849
760 0.807569 0.612 0.0143243
761 0.807569 0.596959 0.0195208
762 0.807569 0.595774 0.0183845
763 0.807569 0.593914 0.0180383
764 0.807569 0.607759 0.0161845
765 0.807569 0.606854 0.014804
766 0.807569 0.599913 0.0160296
767 0.807569 0.596793 0.0159028
768 0.807569 0.602092 0.0142792
769 0.807569 0.608247 0.0134178
770 0.807569 0.59692 0.0172113
771 0.807569 0.586973 0.0175894
772 0.807569 0.602424 0.0189898
773 0.807569 0.594483 0.0169245
774 0.807569 0.599047 0.0181163
775 0.807569 0.596283 0.0158171
776 0.807569 0.582325 0.0177755
777 0.807569 0.600756 0.0171739
778 0.807569 0.598827 0.0185545
779 0.807569 0.592558 0.0178361
780 0.807569 0.591392 0.0160805
781 0.807569 0.606384 0.0159022
782 0.807569 0.578976 0.01876
783 0.807569 0.579103 0.0192122
784 0.807569 0.576827 0.0183518
785 0.807569 0.577152 0.0184692
786 0.807569 0.592635 0.0163449
787 0.807569 0.608189 0.0157609
788 0.807569 0.601526 0.0149933
789 0.807569 0.605869 0.0171912
790 0.807569 0.577249 0.0190769
791 0.807569 0.580524 0.0182059
792 0.807569 0.579964 0.0182378
793 0.807569 0.578269 0.0177177
794 0.807569 0.567075 0.022133
795 0.807569 0.561372 0.0209772
796 0.807569 0.573747 0.0211288
797 0.807569 0.578619 0.0213975
798 0.807569 0.576165 0.0205627
799 0.807569 0.57846 0.0199705
800 0.807569 0.584435 0.0196503
801 0.807569 0.599664 0.0206022
802 0.807569 0.590209 0.0207228
803 0.807569 0.598843 0.0185511
804 0.807569 0.575908 0.020763
805 0.807569 0.585421 0.015849
806 0.807569 0.586755 0.0159014
807 0.807569 0.590414 0.0190156
808 0.807569 0.592867 0.0188356
809 0.807569 0.592242 0.019685
810 0.807569 0.587965 0.0156453
811 0.807569 0.578888 0.0182217
812 0.807569 0.580402 0.0177155
813 0.807569 0.590545 0.0191815
814 0.807569 0.57519 0.0172738
815 0.807569 0.576465 0.0241108
816 0.807569 0.587083 0.0202826
817 0.807569 0.593981 0.0198522
818 0.807569 0.588364 0.0207461
819 0.807569 0.59318 0.018808
820 0.807569 0.571146 0.0233725
821 0.807569 0.575949 0.0226639
822 0.807569 0.571702 0.024197
823 0.807569 0.564484 0.0247981
824 0.807569 0.55986 0.0244227
825 0.807569 0.569775 0.0212666
826 0.807569 0.55928 0.0258927
827 0.807569 0.567445 0.0216653
828 0.807569 0.572213 0.0229641
829 0.807569 0.588573 0.0215676
830 0.807569 0.589664 0.0188821
831 0.807569 0.573412 0.0209467
832 0.807569 0.596526 0.0213693
833 0.807569 0.615142 0.0212757
834 0.807569 0.595657 0.0179393
835 0.807569 0.604692 0.01888
836 0.807569 0.590119 0.0190103
837 0.807569 0.590332 0.0182774
838 0.807569 0.592666 0.0191929
839 0.807569 0.599363 0.0176697
840 0.807569 0.593695 0.0160306
841 0.807569 0.593811 0.0160456
842 0.807569 0.600625 0.0175476
843 0.807569 0.594555 0.017701
844 0.807569 0.58074 0.0206938
845 0.807569 0.609393 0.0163874
846 0.807569 0.592729 0.0176577
847 0.807569 0.597746 0.0166845
848 0.807569 0.590589 0.0183261
849 0.807569 0.598883 0.0213712
850 0.807569 0.605673 0.0204558
851 0.807569 0.603536 0.0182207
852 0.807569 0.604828 0.015789
853 0.807569 0.59025 0.0182782
854 0.807569 0.596301 0.0186469
855 0.807569 0.591485 0.0198003
856 0.807569 0.608253 0.0171669
857 0.807569 0.598827 0.0192304
858 0.807569 0.577667 0.0177511
859 0.807569 0.566347 0.0215293
860 0.807569 0.577469 0.0192258
861 0.807569 0.570725 0.020825
862 0.807569 0.565458 0.0193303
863 0.807569 0.564618 0.019793
864 0.807569 0.583583 0.0179194
865 0.807569 0.581952 0.0164776
866 0.807569 0.583133 0.0182014
867 0.807569 0.588356 0.019999
868 0.807569 0.586785 0.0161928
869 0.807569 0.59344 0.0168928
870 0.807569 0.586089 0.0205119
871 0.807569 0.577959 0.0193353
872 0.807569 0.583763 0.0196665
873 0.807569 0.585562 0.0158198
874 0.807569 0.581611 0.0165453
875 0.807569 0.583891 0.015598
876 0.807569 0.567584 0.0210459
877 0.807569 0.565525 0.0236828
878 0.807569 0.570564 0.026083
879 0.807569 0.57424 0.023421
880 0.807569 0.572997 0.0194969
881 0.807569 0.554636 0.0210462
882 0.807569 0.553427 0.0212802
883 0.807569 0.56396 0.0232445
884 0.807569 0.58053 0.0218148
885 0.807569 0.579412 0.0230227
886 0.807569 0.594611 0.0228499
887 0.807569 0.590969 0.0195791
888 0.807569 0.584435 0.0202035
889 0.807569 0.599094 0.0185737
890 0.807569 0.592271 0.0195316
891 0.807569 0.60541 0.0159536
892 0.807569 0.598768 0.015419
893 0.807569 0.604997 0.0155541
894 0.807569 0.606189 0.0157014
895 0.807569 0.592313 0.0179323
896 0.807569 0.565404 0.0194598
897 0.807569 0.560642 0.0182956
898 0.807569 0.56525 0.0185184
899 0.807569 0.567165 0.0190308
900 0.807569 0.548379 0.0196584
901 0.807569 0.539989 0.0208384
902 0.807569 0.558377 0.0224997
903 0.807569 0.562545 0.0219744
904 0.807569 0.549331 0.0218935
905 0.807569 0.576753 0.0180276
906 0.807569 0.574394 0.0199776
907 0.807569 0.5809 0.0189265
908 0.807569 0.559938 0.0189485
909 0.807569 0.558784 0.0193737
910 0.807569 0.559873 0.0213044
911 0.807569 0.571427 0.019053
912 0.807569 0.556124 0.0234645
913 0.807569 0.562216 0.0240164
914 0.807569 0.550139 0.019487
915 0.807569 0.541776 0.0192333
916 0.807569 0.562923 0.0183824
917 0.807569 0.566915 0.0169454
918 0.807569 0.580473 0.0183654
919 0.807569 0.594481 0.0169677
920 0.807569 0.592376 0.0186217
921 0.807569 0.600512 0.0157035
922 0.807569 0.59079 0.0157725
923 0.807569 0.591424 0.0166528
924 0.807569 0.572034 0.0181786
925 0.807569 0.587852 0.0175826
926 0.807569 0.585304 0.0175257
927 0.808527 0.598033 0.0176424
928 0.808527 0.590869 0.0191222
929 0.808527 0.584744 0.015666
930 0.808527 0.577015 0.0180321
931 0.808527 0.576443 0.0182573
932 0.808527 0.575676 0.0172559
933 0.808527 0.587322 0.017922
934 0.808527 0.58917 0.0203386
935 0.808527 0.607418 0.0168941
936 0.808527 0.590632 0.0194678
937 0.808527 0.599667 0.0187487
938 0.808527 0.593088 0.0149776
939 0.808527 0.602519 0.0136171
940 0.808527 0.577461 0.0197062
941 0.808527 0.569494 0.0193826
942 0.808527 0.586624 0.0182789
943 0.808527 0.584199 0.0199452
944 0.808527 0.579209 0.0191956
945 0.808527 0.583341 0.0206311
946 0.808527 0.577414 0.0175314
947 0.808527 0.553374 0.019569
948 0.808527 0.567097 0.0217655
949 0.808527 0.581285 0.020646
950 0.808527 0.562914 0.018613
951 0.808527 0.554563 0.0220334
952 0.808527 0.575941 0.0199839
953 0.808527 0.563816 0.0217056
954 0.808527 0.550367 0.018182
955 0.809177 0.554919 0.0201598
956 0.809177 0.559484 0.0201389
957 0.809177 0.540421 0.020796
958 0.809177 0.549329 0.0201388
959 0.809177 0.559117 0.0207244
960 0.809177 0.585685 0.016542
961 0.809177 0.579526 0.0188782
962 0.809177 0.572641 0.0227101
963 0.809177 0.565265 0.0192698
964 0.811231 0.576225 0.0191789
965 0.811937 0.579883 0.0178287
966 0.811937 0.581699 0.0142088
967 0.811937 0.574877 0.0150982
968 0.811937 0.576466 0.0181593
969 0.811937 0.576142 0.0190107
970 0.811937 0.588119 0.0175342
971 0.811937 0.596833 0.0189265
972 0.813501 0.60497 0.0184959
973 0.813501 0.606435 0.0196058
974 0.813501 0.578663 0.0204697
975 0.813501 0.559424 0.0224837
976 0.813501 0.566445 0.0213581
977 0.813501 0.56446 0.0211397
978 0.813501 0.570236 0.0193289
979 0.813501 0.584449 0.0197756
980 0.813501 0.57953 0.0187805
981 0.813501 0.568129 0.0201148
982 0.813501 0.5924 0.01863
983 0.813501 0.589291 0.0170285
984 0.813501 0.578566 0.016953
985 0.813501 0.588727 0.0189217
986 0.813501 0.581734 0.0204899
987 0.813501 0.57488 0.0186508
988 0.813501 0.582066 0.0198558
989 0.813501 0.576636 0.0174713
990 0.813501 0.581734 0.0151961
991 0.813501 0.568806 0.0183901
992 0.813501 0.570825 0.0184861
993 0.813501 0.588447 0.0163062
994 0.813501 0.597514 0.0149014
995 0.813501 0.600111 0.0163659
996 0.813501 0.609654 0.0165147
997 0.813501 0.584855 0.0203124
998 0.813501 0.570835 0.0169559
999 0.813501 0.571256 0.0183273
1000 0.813501 0.565978 0.0179761
