0 0.415057 0.251346 0.00049518
1 0.415057 0.25557 0.000688236
2 0.450309 0.259805 0.00128177
3 0.450309 0.265819 0.00170657
4 0.450309 0.268056 0.00260177
5 0.472405 0.271116 0.00397568
6 0.494701 0.286533 0.00572745
7 0.494701 0.29449 0.00649166
8 0.494701 0.295506 0.00787736
9 0.543965 0.297749 0.00874769
10 0.543965 0.293998 0.0106857
11 0.543965 0.291893 0.0111575
12 0.543965 0.296793 0.0102185
13 0.543965 0.290778 0.00966632
14 0.556191 0.296946 0.0112612
15 0.556191 0.316203 0.0135259
16 0.564722 0.309007 0.0137154
17 0.564722 0.313057 0.0136178
18 0.564722 0.295735 0.0135639
19 0.574536 0.319522 0.0157734
20 0.574536 0.307947 0.0141662
21 0.574536 0.325123 0.0166946
22 0.610154 0.320147 0.0180466
23 0.610154 0.320606 0.0181992
24 0.610154 0.318059 0.0167769
25 0.610154 0.327569 0.0177346
26 0.621008 0.352663 0.0210123
27 0.621008 0.353156 0.0242617
28 0.62188 0.351069 0.0244979
29 0.626736 0.360616 0.0249426
30 0.632216 0.368931 0.0239195
31 0.632216 0.378017 0.0205415
32 0.633651 0.384667 0.0214836
33 0.633651 0.377182 0.02139
34 0.633651 0.386612 0.0187188
35 0.633651 0.387516 0.0213961
36 0.637854 0.394052 0.0212078
37 0.637854 0.406019 0.0211102
38 0.637854 0.403077 0.0196296
39 0.637854 0.404958 0.0203458
40 0.637854 0.41208 0.0173578
41 0.637854 0.424053 0.0176332
42 0.637854 0.445826 0.0146014
43 0.637854 0.445425 0.0170705
44 0.637854 0.478997 0.0148682
45 0.655383 0.477723 0.0151699
46 0.710176 0.462993 0.016685
47 0.710176 0.461133 0.0184333
48 0.710176 0.480563 0.0132979
49 0.710176 0.467151 0.0181846
50 0.710176 0.467318 0.0185685
51 0.710176 0.470156 0.0206456
52 0.710176 0.466047 0.0215325
53 0.721402 0.471938 0.0220753
54 0.805929 0.492818 0.0219489
55 0.805929 0.491882 0.0239457
56 0.811247 0.473536 0.0240616
57 0.811247 0.478602 0.0236544
58 0.811247 0.480987 0.0207079
59 0.811247 0.486098 0.0214888
60 0.820986 0.497284 0.0233628
61 0.820986 0.515627 0.023232
62 0.820986 0.515716 0.0212953
63 0.839104 0.527934 0.0193901
64 0.84034 0.528441 0.0256535
65 0.84034 0.535095 0.023164
66 0.84034 0.539475 0.0265236
67 0.890691 0.543059 0.0290686
68 0.890691 0.567977 0.0320757
69 0.890691 0.539425 0.0357426
70 0.890691 0.534904 0.0348612
71 0.890691 0.561161 0.0318676
72 0.890691 0.560062 0.0296843
73 0.890691 0.573023 0.0328898
74 0.897961 0.550954 0.0248772
75 0.897961 0.553559 0.0246287
76 0.91216 0.563416 0.0257082
77 0.91216 0.553637 0.0340503
78 0.91216 0.581167 0.0371184
79 0.91216 0.589472 0.0320125
80 0.91216 0.602481 0.0285066
81 0.91216 0.590811 0.0287878
82 0.91216 0.596514 0.033604
83 0.91216 0.613454 0.0366576
84 0.91216 0.615128 0.0335773
85 0.91216 0.58054 0.0333333
86 0.933346 0.626857 0.0356934
87 0.933346 0.588122 0.0369658
88 0.933346 0.605839 0.0364861
89 0.933346 0.604913 0.0356466
90 0.933346 0.579348 0.04116
91 0.933346 0.55862 0.035685
92 0.933346 0.548726 0.0366563
93 0.933346 0.549705 0.0398042
94 0.933346 0.530577 0.0377636
95 0.933346 0.544397 0.040495
96 0.933346 0.566984 0.0382037
97 0.933346 0.552846 0.0309693
98 0.933346 0.559725 0.0338456
99 0.933346 0.562779 0.0363308
100 0.933346 0.588762 0.0333499
101 0.933346 0.599416 0.0291356
102 0.933346 0.582214 0.0333351
103 0.933346 0.5703 0.0345603
104 0.933346 0.575453 0.0375317
105 0.933346 0.579367 0.036734
106 0.933437 0.578234 0.0339223
107 0.933437 0.586485 0.031764
108 0.933437 0.602366 0.0270094
109 0.933437 0.581154 0.025765
110 0.933437 0.570473 0.0301448
111 0.933437 0.598189 0.0275281
112 0.933437 0.584056 0.0313142
113 0.933437 0.602413 0.0343269
114 0.933437 0.572962 0.0338437
115 0.937126 0.576589 0.0412622
116 0.937126 0.564961 0.0353569
117 0.937126 0.544407 0.0328061
118 0.937126 0.566627 0.0381068
119 0.937126 0.576836 0.0352521
120 0.937126 0.59625 0.0384062
121 0.937126 0.588149 0.0313965
122 0.937126 0.64305 0.0305622
123 0.937126 0.638383 0.0314591
124 0.937126 0.611476 0.0316435
125 0.937126 0.5954 0.0312383
126 0.937126 0.598307 0.0322188
127 0.937126 0.605916 0.033357
128 0.939721 0.602381 0.0349403
129 0.939721 0.60959 0.0350595
130 0.939721 0.620609 0.034273
131 0.939721 0.639657 0.0311295
132 0.939721 0.623375 0.0352009
133 0.939721 0.623607 0.038402
134 0.939721 0.595956 0.0356397
135 0.939721 0.619531 0.0347405
136 0.939721 0.639664 0.0350501
137 0.939721 0.616514 0.0431046
138 0.939721 0.617655 0.0366358
139 0.939721 0.617041 0.0407808
140 0.939721 0.609049 0.0382996
141 0.939721 0.606497 0.0389983
142 0.939721 0.606866 0.0346095
143 0.939721 0.59234 0.0322262
144 0.939721 0.606926 0.0437166
145 0.939721 0.624032 0.0371933
146 0.939721 0.600727 0.0386321
147 0.940323 0.619525 0.0369301
148 0.940323 0.638944 0.0379201
149 0.940323 0.631405 0.0339378
150 0.940323 0.613189 0.0379133
151 0.940323 0.635495 0.0436235
152 0.940323 0.623977 0.0382695
153 0.940323 0.581764 0.0401423
154 0.940323 0.602421 0.0400787
155 0.940323 0.583185 0.0414167
156 0.940323 0.587537 0.0399533
157 0.940323 0.614922 0.0453967
158 0.940323 0.596703 0.0399229
159 0.940323 0.598743 0.0377078
160 0.940323 0.593601 0.0389414
161 0.940323 0.587734 0.0381813
162 0.940323 0.609609 0.0363818
163 0.940323 0.603012 0.041921
164 0.940323 0.617593 0.0409014
165 0.940323 0.596002 0.0405739
166 0.940323 0.594846 0.043033
167 0.940512 0.598839 0.0424014
168 0.940512 0.633477 0.0399291
169 0.940512 0.606075 0.0399088
170 0.940512 0.628259 0.0371576
171 0.940512 0.640444 0.0388681
172 0.940512 0.632964 0.0396206
173 0.940512 0.631021 0.0340224
174 0.940512 0.621519 0.040124
175 0.940512 0.630558 0.0400387
176 0.940512 0.595568 0.0461
177 0.940512 0.592785 0.0429318
178 0.940512 0.5931 0.0441728
179 0.940512 0.567133 0.0533531
180 0.940512 0.585037 0.0428166
181 0.940512 0.572566 0.0457702
182 0.940512 0.587395 0.0428191
183 0.940512 0.579294 0.0417079
184 0.940512 0.596406 0.0428751
185 0.940512 0.586614 0.0453407
186 0.94061 0.579168 0.0413115
187 0.940641 0.611968 0.0438591
188 0.940641 0.593314 0.0402691
189 0.940641 0.594548 0.0460727
190 0.940641 0.591052 0.0521782
191 0.940641 0.599257 0.0419253
192 0.940641 0.60464 0.0408216
193 0.940641 0.613947 0.0436388
194 0.940641 0.618713 0.0429748
195 0.940641 0.632301 0.0423733
196 0.940641 0.646481 0.0472497
197 0.940641 0.665877 0.0401304
198 0.941845 0.64838 0.0460066
199 0.941845 0.650875 0.0404595
200 0.941845 0.651286 0.0367088
201 0.941845 0.655148 0.0359005
202 0.941845 0.639646 0.0396422
203 0.941845 0.639784 0.0390169
204 0.941845 0.636383 0.0465632
205 0.941845 0.637559 0.0387683
206 0.941845 0.61334 0.0442165
207 0.941845 0.644577 0.0449844
208 0.941845 0.601399 0.0369799
209 0.941845 0.591514 0.0371293
210 0.941845 0.598518 0.0460035
211 0.941845 0.617128 0.0405762
212 0.941845 0.611031 0.0361445
213 0.941845 0.612448 0.0382739
214 0.941845 0.613159 0.0398358
215 0.941845 0.652623 0.0425578
216 0.941845 0.650668 0.038237
217 0.943879 0.651974 0.0411937
218 0.943879 0.629281 0.0403747
219 0.943879 0.592726 0.040746
220 0.943879 0.609601 0.0392836
221 0.943879 0.608899 0.0363633
222 0.943879 0.614413 0.0381106
223 0.943879 0.626447 0.0381027
224 0.943879 0.634489 0.0402769
225 0.943879 0.632907 0.0422533
226 0.943879 0.598092 0.0440856
227 0.943879 0.620256 0.0397922
228 0.943879 0.616281 0.0409643
229 0.943879 0.590339 0.049033
230 0.944184 0.622104 0.048666
231 0.944184 0.591639 0.0454444
232 0.947426 0.611795 0.0511137
233 0.947426 0.614895 0.0393196
234 0.947426 0.593013 0.0425276
235 0.947426 0.63388 0.039564
236 0.947426 0.616316 0.0346612
237 0.947426 0.605188 0.0377438
238 0.947426 0.630847 0.0402731
239 0.947426 0.659469 0.0398637
240 0.947426 0.655926 0.0371023
241 0.947426 0.649241 0.0337197
242 0.947426 0.645697 0.0372957
243 0.947426 0.642909 0.0344858
244 0.947426 0.648463 0.0432941
245 0.947426 0.662619 0.0391766
246 0.947426 0.651056 0.032771
247 0.947426 0.659509 0.036882
248 0.947426 0.641393 0.0364062
249 0.948579 0.635595 0.040387
250 0.948579 0.639462 0.0404037
251 0.948579 0.615297 0.0392228
252 0.948579 0.628489 0.0414748
253 0.948579 0.610904 0.0430777
254 0.948579 0.63522 0.0432347
255 0.948579 0.636504 0.0409582
256 0.948579 0.621915 0.0412203
257 0.948579 0.620896 0.0415368
258 0.948579 0.625716 0.040519
259 0.948579 0.620623 0.043107
260 0.948579 0.606857 0.042591
261 0.948579 0.648546 0.0414373
262 0.948579 0.64177 0.0390185
263 0.948579 0.629538 0.0390057
264 0.948579 0.617034 0.0397951
265 0.948579 0.63351 0.0361513
266 0.95034 0.620117 0.0373607
267 0.95034 0.609594 0.036865
268 0.95034 0.623225 0.0354348
269 0.95034 0.632219 0.0328583
270 0.95034 0.640694 0.032821
271 0.95034 0.646613 0.0347192
272 0.95034 0.629966 0.0373367
273 0.95034 0.603663 0.0376372
274 0.95034 0.610906 0.0429031
275 0.95034 0.627697 0.0374854
276 0.95034 0.631207 0.0389401
277 0.95034 0.623912 0.0405771
278 0.95034 0.629797 0.0380983
279 0.95034 0.643238 0.0412005
280 0.95034 0.642343 0.0428967
281 0.95034 0.638746 0.0434281
282 0.95034 0.651635 0.040523
283 0.95034 0.627259 0.0395913
284 0.95034 0.641712 0.0438707
285 0.95034 0.612777 0.0325659
286 0.95034 0.60764 0.0395088
287 0.95034 0.637136 0.0408969
288 0.95034 0.635737 0.0394867
289 0.95034 0.619683 0.0345181
290 0.95034 0.642772 0.0421383
291 0.95034 0.649265 0.038308
292 0.95034 0.640272 0.0379022
293 0.95034 0.636711 0.0429555
294 0.95034 0.62226 0.0377443
295 0.95034 0.641592 0.0460719
296 0.95034 0.613698 0.0448626
297 0.95034 0.619362 0.0466904
298 0.95034 0.648266 0.0416977
299 0.95034 0.646365 0.0440404
300 0.95034 0.645099 0.0431226
301 0.95034 0.630994 0.0355455
302 0.95034 0.639497 0.0343736
303 0.95034 0.621413 0.0421594
304 0.950812 0.630222 0.0410841
305 0.950812 0.623646 0.042205
306 0.950812 0.641012 0.0372956
307 0.950812 0.636321 0.039715
308 0.950812 0.638632 0.0490781
309 0.950812 0.633354 0.0442255
310 0.950812 0.625989 0.0461815
311 0.950812 0.621895 0.0436831
312 0.950812 0.647194 0.0435071
313 0.950812 0.658877 0.0433479
314 0.951083 0.662579 0.044989
315 0.951083 0.627665 0.0423684
316 0.951083 0.651153 0.0437865
317 0.951083 0.630381 0.0382763
318 0.951083 0.635755 0.0471665
319 0.951083 0.636408 0.0407693
320 0.951083 0.642262 0.0376895
321 0.951083 0.645963 0.0458873
322 0.951083 0.657377 0.0412138
323 0.951083 0.629314 0.0411167
324 0.951083 0.631301 0.0437546
325 0.951083 0.604006 0.0432853
326 0.952962 0.625821 0.0452956
327 0.952962 0.655045 0.03931
328 0.952962 0.642615 0.0354931
329 0.952962 0.661365 0.0363332
330 0.952962 0.674085 0.0335786
331 0.952962 0.689368 0.034709
332 0.952962 0.711004 0.0312667
333 0.952962 0.675886 0.0390795
334 0.952962 0.67193 0.039268
335 0.952962 0.678577 0.035745
336 0.952962 0.665301 0.0394016
337 0.952962 0.660029 0.036802
338 0.952962 0.654551 0.0362775
339 0.952962 0.641404 0.036466
340 0.953667 0.650777 0.0429875
341 0.953667 0.634061 0.0468358
342 0.953667 0.632279 0.0445809
343 0.953667 0.632802 0.0507457
344 0.953667 0.638764 0.0512347
345 0.953667 0.655109 0.0474004
346 0.953667 0.64832 0.0499951
347 0.953667 0.678897 0.0364825
348 0.953667 0.669546 0.038792
349 0.953667 0.6649 0.03722
350 0.953667 0.669378 0.0378742
351 0.955969 0.681537 0.0373281
352 0.955969 0.691868 0.0372899
353 0.955969 0.667861 0.0411582
354 0.955969 0.656683 0.0366047
355 0.955969 0.638698 0.0407399
356 0.955969 0.660594 0.0399467
357 0.955969 0.651401 0.0451353
358 0.955969 0.678677 0.0418598
359 0.955969 0.670638 0.0381449
360 0.955969 0.693791 0.0407016
361 0.955969 0.666794 0.0407087
362 0.955969 0.663048 0.0418785
363 0.955969 0.666609 0.0413975
364 0.955969 0.673195 0.0386239
365 0.955969 0.647218 0.0370105
366 0.955969 0.660435 0.0440317
367 0.955969 0.664546 0.0437962
368 0.955969 0.661338 0.0423009
369 0.955969 0.657155 0.0413216
370 0.955969 0.655608 0.0437145
371 0.955969 0.679009 0.0409261
372 0.955969 0.653991 0.0439946
373 0.955969 0.63558 0.041656
374 0.955969 0.641784 0.0449737
375 0.955969 0.637089 0.0465831
376 0.955969 0.661424 0.042496
377 0.955969 0.630262 0.0456773
378 0.955969 0.604362 0.0405671
379 0.955969 0.622661 0.0415946
380 0.955969 0.619187 0.0517797
381 0.955969 0.647811 0.0455169
382 0.955969 0.640144 0.043052
383 0.955969 0.635787 0.0375974
384 0.955969 0.656557 0.0341861
385 0.955969 0.656152 0.0424699
386 0.955969 0.656076 0.0427739
387 0.955969 0.660308 0.0389566
388 0.955969 0.67451 0.0369734
389 0.955969 0.665196 0.0358583
390 0.955969 0.656838 0.0396046
391 0.955969 0.642459 0.0335875
392 0.955969 0.664283 0.0350013
393 0.955969 0.658298 0.0380264
394 0.955969 0.638754 0.032254
395 0.955969 0.631865 0.0367568
396 0.955969 0.622897 0.0436508
397 0.956043 0.637068 0.0367306
398 0.956043 0.623533 0.0414622
399 0.956043 0.662838 0.0401063
400 0.956152 0.65389 0.0391837
401 0.956152 0.643197 0.0434146
402 0.956152 0.636526 0.0405554
403 0.956152 0.638742 0.0371351
404 0.956152 0.628195 0.0407514
405 0.956152 0.625717 0.0405531
406 0.95652 0.626733 0.0413662
407 0.95652 0.636492 0.040799
408 0.957736 0.659228 0.0409422
409 0.959232 0.664188 0.0467801
410 0.959232 0.647633 0.0459767
411 0.959232 0.626114 0.0409746
412 0.959232 0.670364 0.0358259
413 0.959232 0.681623 0.0331473
414 0.959232 0.634282 0.0363663
415 0.959232 0.649374 0.0330397
416 0.959232 0.65924 0.0359869
417 0.959232 0.651612 0.0370664
418 0.959232 0.658646 0.0399848
419 0.959232 0.667973 0.0334963
420 0.959232 0.671787 0.0371229
421 0.959232 0.690595 0.0364668
422 0.959232 0.690852 0.038454
423 0.959232 0.671189 0.0363314
424 0.959232 0.651151 0.034566
425 0.959232 0.65652 0.0331358
426 0.959232 0.666395 0.03363
427 0.959232 0.654058 0.0365563
428 0.959232 0.660515 0.0379157
429 0.959232 0.676342 0.0354569
430 0.959232 0.644559 0.0377975
431 0.959232 0.646736 0.0480556
432 0.959232 0.638997 0.0410985
433 0.959232 0.629281 0.0410966
434 0.959232 0.638823 0.0391221
435 0.959232 0.642429 0.0441146
436 0.959232 0.634183 0.0411007
437 0.959232 0.623853 0.0322286
438 0.959232 0.630609 0.0419682
439 0.959232 0.635399 0.04436
440 0.959232 0.644275 0.0401882
441 0.959232 0.644045 0.0371646
442 0.959232 0.64546 0.0405517
443 0.959232 0.65302 0.0413231
444 0.959232 0.658488 0.0391656
445 0.959232 0.664128 0.0378949
446 0.959232 0.668378 0.0416508
447 0.959232 0.641148 0.0423599
448 0.959232 0.663752 0.0399254
449 0.959232 0.654596 0.0331666
450 0.959232 0.646037 0.0346554
451 0.959232 0.646523 0.0353733
452 0.959232 0.632914 0.044224
453 0.959232 0.609318 0.0448037
454 0.959232 0.616745 0.0504846
455 0.959232 0.643255 0.054056
456 0.959232 0.631352 0.0474879
457 0.959232 0.630637 0.0433194
458 0.959232 0.648894 0.037505
459 0.960057 0.666997 0.0399029
460 0.960057 0.650009 0.0376247
461 0.960057 0.626251 0.0402156
462 0.960057 0.63053 0.0381058
463 0.960057 0.64306 0.0379142
464 0.960057 0.631499 0.0409452
465 0.960057 0.617436 0.0321425
466 0.960057 0.64223 0.0376829
467 0.960057 0.649527 0.0348428
468 0.960057 0.61163 0.0347818
469 0.960057 0.6193 0.0383301
470 0.960057 0.648984 0.0418067
471 0.960057 0.657189 0.0423875
472 0.960057 0.661441 0.0403442
473 0.960057 0.640112 0.0354824
474 0.960057 0.650726 0.0395165
475 0.960057 0.639202 0.0416829
476 0.960057 0.633353 0.045143
477 0.960057 0.60325 0.0449249
478 0.960057 0.615934 0.0391903
479 0.960057 0.619471 0.039031
480 0.960057 0.624497 0.0366443
481 0.960057 0.642599 0.0418358
482 0.960057 0.659229 0.0376915
483 0.960057 0.657172 0.0362178
484 0.960057 0.655098 0.034518
485 0.961492 0.64561 0.0376816
486 0.961492 0.620115 0.0416177
487 0.961492 0.596753 0.0412766
488 0.961492 0.604421 0.0389079
489 0.961492 0.621552 0.0423538
490 0.961492 0.614898 0.0443526
491 0.961492 0.617469 0.0469515
492 0.961492 0.634813 0.0519359
493 0.961492 0.611309 0.0461665
494 0.961492 0.611315 0.0433077
495 0.961492 0.624665 0.0405977
496 0.961492 0.639087 0.0450772
497 0.962554 0.616099 0.0442004
498 0.962574 0.662614 0.0367335
499 0.962574 0.654252 0.032812
500 0.962574 0.664779 0.0358944
501 0.962574 0.652795 0.0404645
502 0.962574 0.645889 0.0476662
503 0.962574 0.64858 0.0432588
504 0.962574 0.623912 0.034354
505 0.962574 0.641303 0.0356038
506 0.962574 0.631292 0.0395939
507 0.962574 0.632931 0.0383214
508 0.962574 0.619392 0.0456876
509 0.962574 0.632401 0.0412794
510 0.962574 0.63111 0.0411189
511 0.962574 0.635112 0.040449
512 0.962574 0.654756 0.0388089
513 0.962574 0.663464 0.0333861
514 0.962574 0.657691 0.0343469
515 0.962574 0.615719 0.0414191
516 0.962574 0.622281 0.0355027
517 0.962574 0.620684 0.0374865
518 0.962574 0.641301 0.0441714
519 0.962574 0.643116 0.0507695
520 0.962574 0.648698 0.0495516
521 0.962574 0.644845 0.0471118
522 0.962574 0.649321 0.0410677
523 0.962574 0.658611 0.0381569
524 0.962574 0.648636 0.0446051
525 0.962574 0.610226 0.0413641
526 0.962574 0.622583 0.0442565
527 0.962574 0.642035 0.0382014
528 0.962574 0.664361 0.0401999
529 0.962574 0.647287 0.0424244
530 0.962574 0.620364 0.0424243
531 0.962574 0.604947 0.0425771
532 0.962574 0.609198 0.0439768
533 0.962574 0.628105 0.0457413
534 0.962574 0.631909 0.0424697
535 0.962574 0.638494 0.0456865
536 0.962574 0.66881 0.0392732
537 0.962574 0.641777 0.0432293
538 0.962574 0.644145 0.0454333
539 0.962574 0.620386 0.0523028
540 0.962574 0.624378 0.0395776
541 0.962574 0.63442 0.0436517
542 0.962574 0.626039 0.0399518
543 0.962574 0.636867 0.0396594
544 0.962574 0.620631 0.0392628
545 0.962574 0.628229 0.040715
546 0.962574 0.629117 0.041002
547 0.962574 0.642101 0.0375058
548 0.962574 0.630006 0.0383805
549 0.962574 0.634953 0.0365981
550 0.962574 0.625926 0.0353653
551 0.962574 0.644 0.040292
552 0.962574 0.633391 0.0402485
553 0.962574 0.645825 0.0411607
554 0.962574 0.626167 0.0398783
555 0.962574 0.632517 0.044897
556 0.962574 0.626027 0.0436384
557 0.962574 0.618245 0.043948
558 0.962574 0.624423 0.0449166
559 0.962574 0.644461 0.0414919
560 0.962574 0.630476 0.0414805
561 0.962574 0.616158 0.0408328
562 0.965456 0.637091 0.0461972
563 0.965456 0.661256 0.0426214
564 0.965456 0.620331 0.0372875
565 0.965456 0.640009 0.0421786
566 0.965456 0.636896 0.0374528
567 0.965456 0.628985 0.0381388
568 0.965456 0.622357 0.0405376
569 0.96554 0.634369 0.0409774
570 0.96554 0.619159 0.0445143
571 0.96554 0.641934 0.0475608
572 0.96554 0.636924 0.0438631
573 0.96554 0.619319 0.0528189
574 0.96554 0.609034 0.052542
575 0.96554 0.618776 0.0451945
576 0.96554 0.61208 0.0458288
577 0.96554 0.604497 0.0421743
578 0.96554 0.615742 0.045952
579 0.96554 0.619316 0.04648
580 0.96554 0.603159 0.0465759
581 0.96554 0.614363 0.0435681
582 0.96554 0.610785 0.0431081
583 0.96554 0.619067 0.041425
584 0.96554 0.636656 0.0415268
585 0.96554 0.666187 0.0347972
586 0.96554 0.652266 0.0434741
587 0.96554 0.638642 0.0441417
588 0.96554 0.639879 0.0444853
589 0.96554 0.648992 0.0425458
590 0.96554 0.628351 0.040863
591 0.96554 0.619299 0.0390328
592 0.96554 0.641501 0.0441639
593 0.96554 0.635331 0.0391545
594 0.96554 0.621074 0.039356
595 0.96554 0.59873 0.0363273
596 0.96554 0.614379 0.0451193
597 0.96554 0.641355 0.046836
598 0.96554 0.631391 0.0475555
599 0.96554 0.637612 0.0443826
600 0.96554 0.625485 0.0426622
601 0.96554 0.629497 0.04163
602 0.96554 0.626083 0.0437895
603 0.96554 0.650368 0.0442255
604 0.96554 0.626278 0.0382087
605 0.965681 0.646136 0.0449207
606 0.965681 0.634794 0.039634
607 0.965681 0.634315 0.0351401
608 0.965681 0.641688 0.0359675
609 0.965681 0.62499 0.0350713
610 0.965681 0.632531 0.0404639
611 0.965681 0.640907 0.043568
612 0.965681 0.626941 0.0408509
613 0.965681 0.633233 0.0338315
614 0.965681 0.603214 0.0362712
615 0.965681 0.625514 0.0420178
616 0.965681 0.609116 0.0423683
617 0.965681 0.566543 0.0448393
618 0.965681 0.575277 0.0397397
619 0.965681 0.619485 0.0411516
620 0.965681 0.6537 0.0371784
621 0.965681 0.650434 0.0343713
622 0.965681 0.674557 0.0369047
623 0.965681 0.627463 0.0372651
624 0.965681 0.642654 0.0397782
625 0.965681 0.670589 0.0395521
626 0.965681 0.660121 0.0397736
627 0.965681 0.683595 0.0435047
628 0.965681 0.657497 0.043413
629 0.965681 0.684948 0.0381171
630 0.965681 0.6994 0.0362081
631 0.965681 0.682684 0.0400082
632 0.965681 0.701994 0.0347225
633 0.965681 0.664078 0.0389119
634 0.965681 0.657918 0.0432583
635 0.965681 0.651624 0.0409821
636 0.965681 0.641936 0.0497793
637 0.965681 0.666379 0.0450273
638 0.965681 0.637878 0.043566
639 0.965681 0.647855 0.0467189
640 0.965681 0.616285 0.045223
641 0.965681 0.613988 0.0434928
642 0.965681 0.612255 0.0443592
643 0.965681 0.61928 0.0422223
644 0.965681 0.615613 0.0377079
645 0.965681 0.65399 0.0427533
646 0.965681 0.653037 0.044036
647 0.965681 0.624232 0.0482258
648 0.965681 0.617034 0.0487269
649 0.965681 0.644068 0.0474568
650 0.965681 0.61309 0.0490439
651 0.965681 0.613794 0.0538978
652 0.965681 0.627595 0.0463366
653 0.965681 0.621385 0.0448633
654 0.965681 0.618815 0.0503573
655 0.965681 0.603709 0.0475471
656 0.965681 0.608016 0.0437929
657 0.965681 0.587588 0.0475662
658 0.965681 0.599634 0.0508925
659 0.965681 0.599617 0.044204
660 0.965681 0.620362 0.0479431
661 0.965681 0.60507 0.0485987
662 0.965681 0.567887 0.0415254
663 0.965681 0.579118 0.0457487
664 0.965681 0.620836 0.0506864
665 0.965681 0.619838 0.0474999
666 0.965681 0.639367 0.0437974
667 0.965681 0.642288 0.0441687
668 0.965681 0.616176 0.0436721
669 0.965681 0.602245 0.0455552
670 0.965681 0.607832 0.0414401
671 0.965681 0.615014 0.0463679
672 0.965681 0.618242 0.0458712
673 0.965681 0.640966 0.045715
674 0.965848 0.637808 0.0445763
675 0.965848 0.624822 0.046917
676 0.965848 0.669648 0.042643
677 0.965848 0.633227 0.040579
678 0.965848 0.631957 0.0431997
679 0.965848 0.614245 0.0413453
680 0.965848 0.63114 0.0401798
681 0.965848 0.61794 0.0436493
682 0.965848 0.640518 0.0497684
683 0.965848 0.63195 0.0475778
684 0.965848 0.623077 0.0380082
685 0.965848 0.60993 0.0406693
686 0.965848 0.591541 0.041974
687 0.965848 0.60532 0.0461021
688 0.965848 0.625638 0.0479527
689 0.965848 0.634713 0.0476157
690 0.965848 0.622085 0.0472951
691 0.965848 0.630658 0.043812
692 0.965848 0.624777 0.0587291
693 0.965848 0.619533 0.0497499
694 0.9659 0.629148 0.0473755
695 0.9659 0.645878 0.048098
696 0.9659 0.635481 0.0461704
697 0.9659 0.628484 0.0542127
698 0.9659 0.623693 0.0430137
699 0.965933 0.609637 0.0436526
700 0.965933 0.604361 0.0432206
701 0.965933 0.58559 0.0450633
702 0.965933 0.602978 0.0498677
703 0.965933 0.613245 0.0406133
704 0.965933 0.615058 0.0439675
705 0.965933 0.620902 0.0450534
706 0.965933 0.628252 0.0406192
707 0.965933 0.617181 0.0401136
708 0.965933 0.619027 0.0399548
709 0.965933 0.616145 0.0373357
710 0.965933 0.644409 0.0388065
711 0.965933 0.645378 0.0403134
712 0.966005 0.624876 0.0420023
713 0.966005 0.647174 0.0443703
714 0.966005 0.634882 0.0470511
715 0.966005 0.642259 0.0430533
716 0.966005 0.655185 0.0423033
717 0.966005 0.646952 0.0389332
718 0.966005 0.658571 0.0425448
719 0.966005 0.657508 0.0411036
720 0.966005 0.652856 0.0463508
721 0.966005 0.639163 0.0429479
722 0.966005 0.663254 0.0431505
723 0.966005 0.652883 0.0441337
724 0.966005 0.637267 0.0428646
725 0.966005 0.660879 0.0381343
726 0.966005 0.660759 0.0383544
727 0.966005 0.646793 0.0433616
728 0.966005 0.648236 0.0435001
729 0.966005 0.665785 0.0403699
730 0.966005 0.638069 0.0453021
731 0.966005 0.660041 0.0485497
732 0.966005 0.641316 0.0434207
733 0.966005 0.65162 0.0401579
734 0.966005 0.660487 0.0453242
735 0.966005 0.644913 0.0470675
736 0.966005 0.648296 0.0503553
737 0.966005 0.640696 0.0453478
738 0.966005 0.60729 0.0468761
739 0.966005 0.603271 0.0443578
740 0.966005 0.621328 0.0446295
741 0.966005 0.634401 0.0470734
742 0.966005 0.599969 0.0454756
743 0.966005 0.622119 0.0504569
744 0.966005 0.632664 0.0461035
745 0.966005 0.620182 0.0453045
746 0.966005 0.627002 0.0533455
747 0.966005 0.634714 0.0536794
748 0.966005 0.600119 0.0457651
749 0.966005 0.593189 0.0389278
750 0.966005 0.627498 0.0431295
751 0.966005 0.618305 0.0433463
752 0.966005 0.646682 0.0390897
753 0.966005 0.660986 0.0409944
754 0.966005 0.667322 0.0452366
755 0.966005 0.673773 0.040993
756 0.966005 0.66548 0.0413146
757 0.966005 0.637073 0.0436642
758 0.966005 0.655791 0.0474323
759 0.966005 0.637127 0.0443427
760 0.966005 0.610116 0.0435895
761 0.966005 0.618826 0.0407787
762 0.966005 0.625558 0.041852
763 0.966005 0.634066 0.0409798
764 0.966005 0.645392 0.0402808
765 0.966005 0.639376 0.0437531
766 0.966005 0.627218 0.0375316
767 0.966005 0.639315 0.0392668
768 0.966005 0.653147 0.0320339
769 0.966005 0.650797 0.0325398
770 0.966005 0.655134 0.0410118
771 0.966005 0.659981 0.0410646
772 0.966005 0.686673 0.0404164
773 0.966005 0.664501 0.0452444
774 0.966005 0.655469 0.0470117
775 0.966005 0.662637 0.044427
776 0.966005 0.650395 0.0364678
777 0.966005 0.671804 0.0338429
778 0.966005 0.667559 0.0373415
779 0.966005 0.649122 0.0347394
780 0.966005 0.654096 0.0371241
781 0.966005 0.687029 0.0373054
782 0.966005 0.690452 0.038215
783 0.966005 0.699806 0.0406417
784 0.966005 0.679392 0.0400599
785 0.966005 0.67698 0.0361816
786 0.966005 0.67664 0.0329637
787 0.966005 0.671725 0.0340597
788 0.966005 0.647976 0.0309177
789 0.966005 0.652916 0.035242
790 0.966005 0.645918 0.0355574
791 0.966005 0.638248 0.0366316
792 0.966005 0.647639 0.0389845
793 0.966005 0.662958 0.0338369
794 0.966005 0.660636 0.034236
795 0.966005 0.656303 0.0381949
796 0.966005 0.669462 0.0341572
797 0.966005 0.664755 0.0401119
798 0.966005 0.645072 0.0368977
799 0.966005 0.635548 0.0363689
800 0.966005 0.638242 0.0356038
801 0.966005 0.638014 0.0360348
802 0.966005 0.614712 0.0379911
803 0.966005 0.605485 0.0438969
804 0.966005 0.604972 0.0420121
805 0.966005 0.617344 0.039828
806 0.966005 0.628349 0.0379954
807 0.966005 0.632956 0.0384042
808 0.966005 0.639035 0.0444216
809 0.966005 0.657178 0.0392123
810 0.966005 0.645852 0.0445039
811 0.966005 0.611648 0.0484467
812 0.966005 0.638072 0.0397788
813 0.966005 0.651336 0.0371408
814 0.966005 0.638678 0.0400912
815 0.966047 0.672408 0.0377537
816 0.966047 0.630563 0.0430145
817 0.966047 0.641147 0.0442374
818 0.966047 0.649647 0.0432045
819 0.966047 0.616678 0.0450865
820 0.966047 0.656083 0.0404036
821 0.966047 0.678325 0.0441207
822 0.966047 0.667517 0.0418229
823 0.966047 0.640722 0.0442972
824 0.966047 0.646418 0.0386406
825 0.966047 0.643274 0.0371806
826 0.966047 0.61598 0.0393705
827 0.966047 0.65099 0.0486004
828 0.966047 0.63762 0.0422122
829 0.966047 0.628995 0.0392613
830 0.966047 0.639865 0.0360128
831 0.966047 0.658729 0.0452279
832 0.966047 0.658214 0.0417329
833 0.966047 0.645043 0.0415773
834 0.966047 0.628916 0.0411136
835 0.966047 0.657965 0.0428325
836 0.966047 0.656 0.0406184
837 0.966047 0.643782 0.034519
838 0.966047 0.630498 0.0394846
839 0.966047 0.639563 0.0334264
840 0.966047 0.649057 0.0409682
841 0.966047 0.648851 0.0400371
842 0.966047 0.669341 0.0402632
843 0.966047 0.665229 0.0443537
844 0.966047 0.66106 0.0430467
845 0.966047 0.633378 0.0404632
846 0.966047 0.643367 0.0407321
847 0.966047 0.613587 0.044209
848 0.966059 0.622903 0.0489084
849 0.966059 0.634422 0.0522072
850 0.966059 0.610135 0.0484318
851 0.966059 0.602462 0.0423622
852 0.966059 0.614663 0.0484568
853 0.966138 0.637175 0.0481686
854 0.966138 0.639455 0.0459678
855 0.966138 0.590401 0.0432611
856 0.966138 0.599396 0.0470041
857 0.966138 0.632378 0.0430165
858 0.966138 0.657829 0.0464431
859 0.966138 0.638607 0.049849
860 0.966138 0.584413 0.0425826
861 0.966138 0.586151 0.0487561
862 0.966138 0.616987 0.0509098
863 0.966138 0.610146 0.0505513
864 0.966138 0.609704 0.0465361
865 0.966138 0.632186 0.051377
866 0.966138 0.605905 0.0480552
867 0.966138 0.589042 0.0484179
868 0.966138 0.615688 0.0498394
869 0.966138 0.585093 0.0472759
870 0.966151 0.623255 0.0474721
871 0.966151 0.613802 0.0466495
872 0.966151 0.621674 0.0472565
873 0.966151 0.60592 0.0423302
874 0.966151 0.577281 0.0462047
875 0.966151 0.576767 0.0388964
876 0.966151 0.613059 0.0381527
877 0.966151 0.610364 0.0440227
878 0.966151 0.60756 0.0393208
879 0.966151 0.627336 0.0421867
880 0.966151 0.629562 0.0498254
881 0.966151 0.618712 0.0405348
882 0.966151 0.635725 0.0404527
883 0.966151 0.634065 0.0472305
884 0.966151 0.628239 0.0462401
885 0.966151 0.638103 0.0489193
886 0.966151 0.624491 0.045078
887 0.966151 0.628228 0.0512015
888 0.966151 0.620599 0.0484551
889 0.966151 0.629228 0.0413043
890 0.966151 0.648311 0.0416583
891 0.966151 0.631444 0.0420798
892 0.966151 0.615397 0.042084
893 0.966151 0.627514 0.0453416
894 0.966151 0.629251 0.0389221
895 0.966151 0.636389 0.041192
896 0.966151 0.618997 0.0325374
897 0.966151 0.638386 0.042982
898 0.966151 0.632005 0.0440658
899 0.966151 0.644623 0.038864
900 0.966151 0.623726 0.0404893
901 0.966151 0.607049 0.0409081
902 0.966151 0.642666 0.0470103
903 0.966151 0.613936 0.047003
904 0.966151 0.638503 0.0404866
905 0.966151 0.633595 0.0385402
906 0.966151 0.628282 0.0398305
907 0.966151 0.634687 0.0382092
908 0.966151 0.630906 0.0457446
909 0.966151 0.63014 0.0455543
910 0.966151 0.618569 0.0465216
911 0.966151 0.594941 0.0484965
912 0.966151 0.605895 0.0492354
913 0.966151 0.637136 0.050018
914 0.966151 0.630826 0.0442039
915 0.966151 0.632395 0.039025
916 0.966151 0.635978 0.0444151
917 0.966151 0.649111 0.045736
918 0.966151 0.650636 0.0436075
919 0.966151 0.660012 0.0405757
920 0.966151 0.654957 0.0467468
921 0.966151 0.6193 0.0422194
922 0.966151 0.646978 0.0412903
923 0.966151 0.668083 0.0388061
924 0.966151 0.679729 0.042021
925 0.966152 0.647457 0.0389455
926 0.966152 0.622765 0.0409213
927 0.966152 0.6504 0.0436318
928 0.966152 0.62697 0.0417231
929 0.966153 0.646613 0.0452315
930 0.966154 0.626501 0.0485951
931 0.966154 0.644902 0.0435461
932 0.966154 0.646125 0.0403929
933 0.966154 0.658461 0.0348844
934 0.966154 0.651043 0.0338912
935 0.966159 0.655715 0.0344522
936 0.966159 0.622321 0.034413
937 0.966159 0.617829 0.0385778
938 0.966159 0.622425 0.0386829
939 0.966159 0.653123 0.0411539
940 0.966159 0.648657 0.0412222
941 0.966159 0.678035 0.035122
942 0.966159 0.672207 0.0367296
943 0.966159 0.65998 0.0381808
944 0.966159 0.662585 0.0373829
945 0.966159 0.637566 0.0363644
946 0.966159 0.636685 0.0478106
947 0.966159 0.647866 0.037822
948 0.966159 0.612107 0.044022
949 0.966159 0.613732 0.0422328
950 0.966159 0.611982 0.0374435
951 0.966159 0.641538 0.0426757
952 0.966159 0.662562 0.0498308
953 0.966159 0.619892 0.0438665
954 0.966159 0.636197 0.0417035
955 0.966159 0.658921 0.0394703
956 0.966159 0.636205 0.049671
957 0.966159 0.622645 0.044231
958 0.966159 0.605125 0.045375
959 0.966159 0.641275 0.0438499
960 0.966159 0.644257 0.0453657
961 0.966159 0.665011 0.0348981
962 0.966159 0.659525 0.0417747
963 0.966159 0.67857 0.0378912
964 0.966159 0.638601 0.0411685
965 0.966159 0.682385 0.0335848
966 0.966159 0.681008 0.0385113
967 0.966159 0.671998 0.0362628
968 0.966159 0.654423 0.0377942
969 0.966159 0.669867 0.0394113
970 0.966159 0.678649 0.0403641
971 0.966159 0.641873 0.0412119
972 0.966159 0.643356 0.0386678
973 0.966159 0.642519 0.0450651
974 0.966159 0.658357 0.0482878
975 0.966159 0.617186 0.0543838
976 0.966159 0.620019 0.0445468
977 0.966159 0.643023 0.041209
978 0.966159 0.636546 0.0395687
979 0.966159 0.624773 0.0468085
980 0.966159 0.617615 0.0370779
981 0.966159 0.631719 0.0389359
982 0.966159 0.630844 0.0415736
983 0.966159 0.620571 0.035466
984 0.966159 0.608433 0.0394186
985 0.966159 0.644431 0.038401
986 0.966159 0.625952 0.0384024
987 0.966159 0.665929 0.0503961
988 0.966159 0.639882 0.0462043
989 0.966159 0.615818 0.0417883
990 0.966159 0.620176 0.0361865
991 0.966159 0.636277 0.0391516
992 0.966159 0.655309 0.0387038
993 0.96616 0.643939 0.0416158
994 0.96616 0.642244 0.0388532
995 0.96616 0.636868 0.0385789
996 0.96616 0.645217 0.0425877
997 0.96616 0.621196 0.0369512
998 0.96616 0.625304 0.0391097
999 0.96616 0.599304 0.0438997
1000 0.96616 0.607815 0.0408437
