0 0.567859 0.50301 0.000185329
1 0.567859 0.503837 0.000357129
2 0.574292 0.506018 0.000993757
3 0.616321 0.511841 0.000806404
4 0.616321 0.515665 0.000908421
5 0.616321 0.509862 0.0011751
6 0.616321 0.514198 0.00105889
7 0.62995 0.516766 0.0021576
8 0.633521 0.523671 0.00180248
9 0.633521 0.52115 0.00213631
10 0.633521 0.519907 0.00259056
11 0.633521 0.518946 0.00229803
12 0.684572 0.526599 0.00287883
13 0.684572 0.523278 0.00297013
14 0.684572 0.519146 0.00256992
15 0.684572 0.524631 0.00301421
16 0.684572 0.528475 0.00309667
17 0.684572 0.535 0.00469372
18 0.684572 0.530743 0.00469759
19 0.684572 0.54014 0.00512176
20 0.693869 0.546209 0.0071675
21 0.698715 0.53439 0.00721148
22 0.698715 0.533568 0.00593671
23 0.698715 0.536644 0.00629699
24 0.698715 0.537797 0.00828051
25 0.744378 0.551279 0.00723668
26 0.744378 0.551157 0.00643807
27 0.783306 0.55326 0.00844119
28 0.783306 0.552244 0.00790477
29 0.783306 0.540394 0.00737711
30 0.783306 0.551574 0.00705791
31 0.783306 0.545882 0.00853664
32 0.783306 0.558888 0.0109049
33 0.788453 0.56889 0.0115845
34 0.788453 0.567608 0.0121202
35 0.801244 0.576705 0.0129906
36 0.801816 0.557639 0.0111268
37 0.806997 0.567728 0.0114355
38 0.857633 0.562366 0.0143148
39 0.857633 0.572532 0.0152803
40 0.857633 0.583835 0.0144627
41 0.857633 0.590906 0.01473
42 0.857633 0.574947 0.0133905
43 0.897386 0.580472 0.0161927
44 0.897386 0.573413 0.0172782
45 0.897386 0.576945 0.0162339
46 0.897386 0.581901 0.018758
47 0.897386 0.595968 0.0186775
48 0.897386 0.602691 0.0189203
49 0.897386 0.604701 0.0239353
50 0.897386 0.591591 0.0188347
51 0.897386 0.618903 0.018833
52 0.897386 0.604429 0.0188508
53 0.897386 0.599866 0.0199194
54 0.897386 0.616882 0.0183418
55 0.897386 0.608905 0.0193322
56 0.897386 0.622661 0.0176738
57 0.909551 0.617086 0.0210636
58 0.909551 0.627271 0.02142
59 0.909551 0.623942 0.0232708
60 0.909551 0.645747 0.0192427
61 0.909551 0.639682 0.0204867
62 0.909551 0.637084 0.0167235
63 0.909551 0.635553 0.0208753
64 0.909551 0.650826 0.0196251
65 0.909551 0.649765 0.0211261
66 0.909551 0.639927 0.0209684
67 0.909551 0.636326 0.0228795
68 0.909551 0.641882 0.0233917
69 0.909551 0.635667 0.0236549
70 0.934983 0.632322 0.023823
71 0.934983 0.617242 0.028976
72 0.934983 0.639522 0.0226439
73 0.934983 0.622765 0.0214673
74 0.934983 0.651726 0.016561
75 0.934983 0.640201 0.0219659
76 0.934983 0.633808 0.0255901
77 0.934983 0.641858 0.0260069
78 0.934983 0.643226 0.0274688
79 0.934983 0.649568 0.0247448
80 0.937078 0.676043 0.0195955
81 0.937078 0.641561 0.0232007
82 0.937078 0.663273 0.0232323
83 0.937078 0.645603 0.0261207
84 0.937078 0.622203 0.0278672
85 0.937078 0.654724 0.0197196
86 0.937078 0.664738 0.0220294
87 0.937078 0.671307 0.0212312
88 0.937078 0.651225 0.024949
89 0.937078 0.65448 0.0215981
90 0.937078 0.661878 0.0207463
91 0.937078 0.673993 0.0197838
92 0.937078 0.65929 0.0182327
93 0.937078 0.672133 0.0199873
94 0.937078 0.650168 0.0241267
95 0.937078 0.654405 0.023598
96 0.937078 0.662324 0.0212653
97 0.937078 0.644248 0.0232655
98 0.937078 0.648886 0.0229575
99 0.937078 0.630452 0.0248029
100 0.937078 0.664656 0.0221099
101 0.937078 0.65375 0.0238087
102 0.937078 0.652794 0.0227322
103 0.937078 0.669235 0.0247888
104 0.937078 0.672553 0.0233977
105 0.937078 0.666596 0.0251298
106 0.937078 0.669355 0.0257992
107 0.937078 0.676938 0.0238483
108 0.937078 0.663397 0.0227932
109 0.937078 0.670225 0.0243715
110 0.937078 0.703986 0.0231102
111 0.937078 0.696062 0.0214419
112 0.937078 0.69639 0.020914
113 0.938521 0.696464 0.0251466
114 0.938521 0.687679 0.0232055
115 0.938521 0.69202 0.0267313
116 0.938521 0.709107 0.0256199
117 0.942272 0.7032 0.0201939
118 0.942272 0.665774 0.0217644
119 0.942272 0.687131 0.022116
120 0.942272 0.681436 0.0213117
121 0.942272 0.692678 0.0181714
122 0.942272 0.674587 0.0209541
123 0.942272 0.68191 0.0224136
124 0.942272 0.689902 0.0191734
125 0.942272 0.678026 0.0195741
126 0.942272 0.688924 0.0211752
127 0.942272 0.709831 0.0228123
128 0.942272 0.708233 0.0207094
129 0.942272 0.690699 0.0184249
130 0.942272 0.678738 0.0226464
131 0.942272 0.684359 0.0238651
132 0.942272 0.697515 0.0230604
133 0.943766 0.697466 0.0187555
134 0.943766 0.696162 0.0256212
135 0.947609 0.690877 0.0289498
136 0.947609 0.695972 0.0230279
137 0.947609 0.702588 0.0198836
138 0.947609 0.708444 0.0216308
139 0.947609 0.683452 0.024562
140 0.947609 0.682539 0.026144
141 0.947609 0.68335 0.0230005
142 0.947609 0.674682 0.0198461
143 0.947609 0.665245 0.0215086
144 0.947609 0.679994 0.0222658
145 0.947609 0.671668 0.0249677
146 0.947609 0.664083 0.025058
147 0.947609 0.651162 0.0230045
148 0.947609 0.663826 0.0233384
149 0.947609 0.661166 0.0245423
150 0.947609 0.65116 0.0289069
151 0.947609 0.652634 0.0247366
152 0.947609 0.647408 0.0207781
153 0.947609 0.664206 0.0199817
154 0.947609 0.656526 0.0207143
155 0.947609 0.669767 0.0211779
156 0.951539 0.67043 0.0203332
157 0.951539 0.665709 0.0205397
158 0.951539 0.664648 0.0199132
159 0.951539 0.683663 0.0179367
160 0.951539 0.690532 0.0179967
161 0.951539 0.670123 0.0204035
162 0.951539 0.681032 0.0222335
163 0.951539 0.690441 0.0197496
164 0.951539 0.669742 0.0176899
165 0.951539 0.667073 0.0211574
166 0.951539 0.662365 0.0204289
167 0.951539 0.67656 0.0231374
168 0.951539 0.670804 0.0247767
169 0.951539 0.672497 0.0248032
170 0.951539 0.683542 0.0191482
171 0.951539 0.683343 0.0207783
172 0.951539 0.683697 0.0188022
173 0.951539 0.679216 0.0196841
174 0.951539 0.676286 0.0216032
175 0.951539 0.691659 0.0196113
176 0.951539 0.69736 0.0161919
177 0.951539 0.690023 0.0233294
178 0.951539 0.697531 0.018861
179 0.951539 0.6795 0.0209033
180 0.951539 0.6856 0.0205753
181 0.951539 0.676954 0.0222172
182 0.951539 0.687498 0.0238515
183 0.951539 0.693915 0.0201937
184 0.951539 0.705186 0.0211619
185 0.951539 0.703738 0.0220775
186 0.951539 0.689521 0.0206313
187 0.951539 0.689182 0.0223538
188 0.951539 0.715444 0.0182854
189 0.951539 0.695143 0.0212335
190 0.951539 0.694178 0.0205067
191 0.951539 0.710458 0.0152132
192 0.951539 0.672816 0.0183051
193 0.951539 0.691629 0.017365
194 0.951539 0.71084 0.0194863
195 0.951539 0.68908 0.0164548
196 0.951539 0.677801 0.0192095
197 0.951539 0.68284 0.0181324
198 0.951539 0.688272 0.0216842
199 0.951539 0.682395 0.0202091
200 0.951539 0.67458 0.0191919
201 0.951539 0.685802 0.0204248
202 0.951539 0.675239 0.019501
203 0.951539 0.672883 0.0192025
204 0.951539 0.68164 0.020799
205 0.952124 0.667877 0.0232997
206 0.952124 0.656384 0.0227992
207 0.952124 0.672926 0.020983
208 0.952124 0.647859 0.0246844
209 0.952124 0.65224 0.0264798
210 0.952124 0.649402 0.0259617
211 0.952124 0.646726 0.0245422
212 0.952124 0.656359 0.0268651
213 0.952124 0.652346 0.0297374
214 0.952124 0.67836 0.0237879
215 0.952124 0.687214 0.0253468
216 0.952124 0.677263 0.0249991
217 0.952124 0.666324 0.0212488
218 0.952124 0.666834 0.0203069
219 0.952124 0.638647 0.0253113
220 0.952124 0.667309 0.0185319
221 0.952124 0.647579 0.022474
222 0.952124 0.676209 0.0220988
223 0.952124 0.675388 0.0210939
224 0.952124 0.66306 0.0241538
225 0.952124 0.674606 0.0216947
226 0.952124 0.672595 0.0258137
227 0.952124 0.685522 0.0236225
228 0.952124 0.664744 0.0255908
229 0.952124 0.693224 0.0224879
230 0.952124 0.692093 0.021135
231 0.952124 0.674538 0.0218326
232 0.952124 0.671214 0.0211254
233 0.952124 0.650133 0.0249752
234 0.952124 0.662868 0.0209438
235 0.952124 0.659368 0.0189729
236 0.952124 0.655771 0.0226289
237 0.952124 0.654035 0.0203966
238 0.952124 0.662121 0.0213306
239 0.952124 0.664872 0.0203237
240 0.952124 0.674549 0.0198756
241 0.952124 0.665191 0.0204148
242 0.952124 0.666386 0.0182779
243 0.952124 0.643473 0.021165
244 0.952124 0.676028 0.01947
245 0.952124 0.693255 0.0200182
246 0.952124 0.663622 0.0239729
247 0.952124 0.646283 0.0258672
248 0.952124 0.677427 0.0225647
249 0.952124 0.658253 0.0232211
250 0.952124 0.670135 0.0256533
251 0.952124 0.689878 0.0240704
252 0.952124 0.675538 0.0248145
253 0.952124 0.665899 0.0231077
254 0.952124 0.686047 0.024827
255 0.952124 0.684432 0.0217353
256 0.952124 0.67624 0.0201298
257 0.952124 0.673191 0.0235811
258 0.952124 0.675832 0.022568
259 0.952124 0.664474 0.024314
260 0.952124 0.663141 0.0247947
261 0.952124 0.680343 0.0208151
262 0.952124 0.671495 0.0240509
263 0.952124 0.691947 0.0187601
264 0.952124 0.659561 0.0259339
265 0.952124 0.671836 0.0197202
266 0.952124 0.662061 0.0234359
267 0.952124 0.691596 0.0229977
268 0.952124 0.690091 0.0217443
269 0.952124 0.681622 0.0239243
270 0.952124 0.661983 0.0234351
271 0.952124 0.669458 0.0209812
272 0.952124 0.681907 0.0210408
273 0.952124 0.665478 0.0265395
274 0.952124 0.66703 0.0222033
275 0.952124 0.659656 0.0287144
276 0.952124 0.665062 0.0234025
277 0.952124 0.677512 0.0254465
278 0.952124 0.664754 0.0273923
279 0.952124 0.693342 0.0225108
280 0.952124 0.682257 0.0266236
281 0.952124 0.682852 0.0253791
282 0.952124 0.6749 0.0231006
283 0.952124 0.687042 0.0239285
284 0.952124 0.699645 0.0229153
285 0.952124 0.688888 0.0271321
286 0.952124 0.696718 0.0195073
287 0.952124 0.703381 0.0191922
288 0.952124 0.700497 0.0219923
289 0.952124 0.687285 0.0210586
290 0.952124 0.688437 0.021823
291 0.952124 0.697404 0.023342
292 0.952124 0.683083 0.0194909
293 0.952124 0.684727 0.0196239
294 0.952124 0.681188 0.0230284
295 0.952124 0.671359 0.0203376
296 0.952124 0.654625 0.0249174
297 0.952124 0.682939 0.0210648
298 0.952124 0.684812 0.0252255
299 0.952124 0.679264 0.0215792
300 0.952124 0.665987 0.0187257
301 0.952124 0.693073 0.0203788
302 0.952124 0.676582 0.0169397
303 0.952124 0.668299 0.018532
304 0.952124 0.677255 0.0186063
305 0.952124 0.692741 0.0183166
306 0.952124 0.693474 0.0192774
307 0.952124 0.699858 0.0182464
308 0.952124 0.704126 0.0172939
309 0.952124 0.686111 0.0195217
310 0.952124 0.702838 0.0205561
311 0.952124 0.667234 0.0195414
312 0.952124 0.666407 0.0198568
313 0.952124 0.673206 0.0225116
314 0.952124 0.670844 0.0205395
315 0.952124 0.703396 0.0199008
316 0.952124 0.722148 0.0182787
317 0.952124 0.702076 0.0189775
318 0.952124 0.692075 0.0233543
319 0.952124 0.695463 0.0229009
320 0.952124 0.691644 0.024057
321 0.952124 0.652595 0.0274149
322 0.952124 0.673243 0.0240217
323 0.952124 0.676609 0.0284556
324 0.952124 0.663921 0.0267931
325 0.952124 0.651929 0.0238475
326 0.952124 0.673445 0.026566
327 0.952124 0.690193 0.0237437
328 0.952124 0.677215 0.0243547
329 0.952124 0.687528 0.0247886
330 0.952124 0.678705 0.0250363
331 0.952124 0.672415 0.029315
332 0.952124 0.635165 0.0250323
333 0.952124 0.677696 0.0239641
334 0.952124 0.68551 0.023379
335 0.952124 0.689788 0.0253243
336 0.952124 0.669769 0.025472
337 0.952124 0.668933 0.0269367
338 0.952124 0.684187 0.0225847
339 0.952124 0.665587 0.0216777
340 0.952124 0.670634 0.0209193
341 0.952124 0.69476 0.0246198
342 0.952124 0.676721 0.0240471
343 0.952124 0.658646 0.0247823
344 0.952124 0.669063 0.0213194
345 0.952124 0.661283 0.0299735
346 0.952124 0.672028 0.0259408
347 0.952124 0.684905 0.026191
348 0.952124 0.672198 0.0263173
349 0.952124 0.686232 0.0244262
350 0.952124 0.688464 0.0254054
351 0.952124 0.66647 0.0256784
352 0.952124 0.676224 0.0268407
353 0.952124 0.673037 0.0255623
354 0.952124 0.670403 0.0258467
355 0.952124 0.658042 0.028566
356 0.952124 0.667319 0.0264183
357 0.952124 0.652541 0.0255594
358 0.952124 0.667515 0.022437
359 0.952124 0.672812 0.0276841
360 0.952124 0.669477 0.0282631
361 0.952124 0.658695 0.0221693
362 0.952124 0.673072 0.0253053
363 0.952124 0.670018 0.0229398
364 0.952124 0.677298 0.0224014
365 0.952124 0.645029 0.0294171
366 0.952124 0.664726 0.0267702
367 0.952124 0.667035 0.0238305
368 0.952124 0.691495 0.0233475
369 0.952124 0.684319 0.0271229
370 0.952124 0.674574 0.0264255
371 0.952124 0.672717 0.0255125
372 0.952124 0.655033 0.0260306
373 0.952124 0.652371 0.0227851
374 0.952124 0.630045 0.0272324
375 0.952124 0.644452 0.0217204
376 0.952124 0.651083 0.0222574
377 0.952124 0.666514 0.0222041
378 0.952124 0.657156 0.0220878
379 0.952124 0.660945 0.0256457
380 0.952124 0.649503 0.0236094
381 0.952124 0.670214 0.0243296
382 0.952124 0.684422 0.0206737
383 0.952124 0.681659 0.0264678
384 0.952124 0.677664 0.0213854
385 0.952124 0.659477 0.0245513
386 0.956606 0.671177 0.0238817
387 0.956606 0.678412 0.024015
388 0.956606 0.680984 0.0202526
389 0.956606 0.680264 0.0194576
390 0.956606 0.686374 0.0226013
391 0.956606 0.684922 0.0240446
392 0.956606 0.673948 0.0218601
393 0.956606 0.683751 0.0182242
394 0.956606 0.686149 0.0186833
395 0.956606 0.673011 0.0208787
396 0.956606 0.702648 0.0210619
397 0.956606 0.695169 0.0224841
398 0.956606 0.677361 0.0255883
399 0.956606 0.669637 0.0228513
400 0.956606 0.689966 0.0213758
401 0.956606 0.690132 0.0217624
402 0.956606 0.671498 0.0210442
403 0.956606 0.699015 0.0207059
404 0.956606 0.68676 0.0219137
405 0.956606 0.671919 0.0236824
406 0.956606 0.668589 0.025452
407 0.956606 0.667217 0.0265172
408 0.956606 0.681497 0.0267332
409 0.956606 0.666177 0.0263596
410 0.956606 0.672053 0.0263767
411 0.956606 0.684271 0.0230307
412 0.956606 0.676125 0.021477
413 0.956606 0.687291 0.0249391
414 0.956606 0.682467 0.0241276
415 0.956606 0.666791 0.0208188
416 0.956606 0.679561 0.0206681
417 0.956606 0.682855 0.0252148
418 0.956606 0.67069 0.0217305
419 0.956606 0.68143 0.0256945
420 0.956606 0.671236 0.0230519
421 0.956606 0.680571 0.0237666
422 0.956606 0.666221 0.0234591
423 0.956606 0.682244 0.0216706
424 0.956606 0.678282 0.0222793
425 0.956606 0.688589 0.0200588
426 0.956606 0.688677 0.0196617
427 0.956606 0.681484 0.0211354
428 0.956606 0.700487 0.0226321
429 0.956606 0.683731 0.0226227
430 0.956606 0.674676 0.0220441
431 0.956606 0.68399 0.0210932
432 0.956606 0.67625 0.0259101
433 0.956606 0.680901 0.0212194
434 0.956606 0.668549 0.021173
435 0.956606 0.679696 0.025188
436 0.956606 0.680767 0.0208345
437 0.956606 0.682464 0.0207809
438 0.956606 0.672255 0.0239705
439 0.956606 0.663306 0.0239528
440 0.956606 0.689544 0.0207392
441 0.956606 0.690975 0.0227071
442 0.956606 0.719186 0.0205055
443 0.956606 0.699488 0.0223579
444 0.956606 0.681749 0.0228764
445 0.956606 0.700713 0.0218761
446 0.956606 0.687642 0.0229559
447 0.956606 0.712252 0.0241259
448 0.956606 0.691547 0.0213408
449 0.956606 0.684553 0.0221389
450 0.956606 0.668469 0.0214249
451 0.956606 0.654141 0.0273112
452 0.956606 0.676322 0.0260506
453 0.956606 0.681149 0.0233309
454 0.956606 0.665975 0.0208916
455 0.956606 0.67184 0.0223757
456 0.956606 0.678549 0.0217675
457 0.956606 0.677519 0.0225927
458 0.956606 0.670653 0.0217619
459 0.956606 0.692109 0.0225549
460 0.956606 0.695682 0.0253752
461 0.956606 0.668694 0.0213479
462 0.956606 0.674182 0.0228438
463 0.956606 0.689393 0.024636
464 0.956606 0.681648 0.0251158
465 0.956606 0.666503 0.0254383
466 0.956606 0.678527 0.0242091
467 0.956606 0.674347 0.020687
468 0.956606 0.671988 0.0228659
469 0.956606 0.658549 0.024293
470 0.956606 0.671891 0.0223854
471 0.956606 0.673693 0.0208917
472 0.956606 0.664399 0.0238553
473 0.956606 0.667763 0.0239135
474 0.956606 0.681441 0.0214036
475 0.956606 0.686551 0.0205395
476 0.956606 0.656883 0.0259387
477 0.956606 0.684071 0.0235292
478 0.956606 0.68253 0.0207842
479 0.956606 0.700498 0.0181698
480 0.956606 0.665033 0.0192707
481 0.956606 0.665003 0.0240812
482 0.956606 0.689135 0.0231278
483 0.956606 0.670111 0.0220428
484 0.956606 0.668958 0.02234
485 0.956606 0.665188 0.0254826
486 0.956606 0.687384 0.0210889
487 0.956606 0.676402 0.020807
488 0.956606 0.660095 0.0241762
489 0.956606 0.670599 0.0271761
490 0.956606 0.674049 0.0246069
491 0.956606 0.648426 0.0274228
492 0.956606 0.654222 0.0234454
493 0.956606 0.684421 0.0212654
494 0.956606 0.671641 0.023881
495 0.956606 0.66514 0.0240625
496 0.956606 0.691857 0.0207391
497 0.956606 0.681446 0.0199868
498 0.956606 0.672827 0.0209666
499 0.956606 0.666966 0.0211111
500 0.956606 0.677994 0.0215286
501 0.956606 0.678834 0.0235814
502 0.956606 0.680195 0.0242181
503 0.956606 0.683353 0.0221182
504 0.956606 0.673709 0.0256313
505 0.956606 0.666522 0.0278957
506 0.956606 0.670261 0.0267785
507 0.956606 0.685101 0.0232709
508 0.956606 0.676767 0.0236751
509 0.956606 0.661369 0.02704
510 0.956606 0.662364 0.0242586
511 0.956606 0.678716 0.0217017
512 0.956606 0.689485 0.0253274
513 0.956606 0.665673 0.0227511
514 0.956606 0.673284 0.0258074
515 0.956606 0.674796 0.024256
516 0.956606 0.679189 0.0240607
517 0.956606 0.654931 0.0279878
518 0.956606 0.67425 0.0265275
519 0.956606 0.696681 0.0232501
520 0.956606 0.687724 0.0244723
521 0.956606 0.669664 0.0247009
522 0.956606 0.66554 0.0200145
523 0.956606 0.679157 0.0202842
524 0.956606 0.676567 0.0195497
525 0.956606 0.666173 0.0201042
526 0.956606 0.672219 0.0243624
527 0.956606 0.670405 0.0276869
528 0.956606 0.6747 0.0245208
529 0.956606 0.659929 0.0267805
530 0.956606 0.690165 0.024217
531 0.956606 0.684876 0.029053
532 0.956606 0.683759 0.0241503
533 0.956606 0.668846 0.019972
534 0.956606 0.655132 0.027139
535 0.956606 0.667239 0.0265918
536 0.956606 0.663555 0.0290117
537 0.956606 0.676136 0.0244815
538 0.956606 0.663118 0.025505
539 0.956606 0.671471 0.023853
540 0.956606 0.675364 0.0252976
541 0.956606 0.665197 0.025154
542 0.956606 0.653452 0.0235223
543 0.956606 0.657364 0.0277338
544 0.956606 0.661204 0.0253301
545 0.956606 0.684035 0.0246175
546 0.956606 0.670871 0.0318344
547 0.956606 0.687738 0.0275257
548 0.956606 0.67464 0.0271309
549 0.956606 0.68423 0.0242817
550 0.956606 0.684795 0.0266604
551 0.956606 0.685715 0.0214053
552 0.956606 0.664826 0.0272872
553 0.956606 0.659879 0.0240753
554 0.956606 0.685776 0.022426
555 0.956606 0.665851 0.0245101
556 0.956606 0.669087 0.0209866
557 0.956606 0.687811 0.0220845
558 0.956606 0.667055 0.0262757
559 0.956606 0.672221 0.0234051
560 0.956606 0.696302 0.0232442
561 0.956606 0.671026 0.026358
562 0.956606 0.671528 0.0251167
563 0.956606 0.682943 0.022271
564 0.956606 0.666296 0.0221848
565 0.956606 0.705115 0.0197006
566 0.956606 0.675259 0.025649
567 0.956606 0.662384 0.0225753
568 0.956606 0.645451 0.0214175
569 0.956606 0.67886 0.0255877
570 0.956606 0.653202 0.0233128
571 0.956606 0.679827 0.0226254
572 0.956606 0.675842 0.0205607
573 0.956606 0.679306 0.0194358
574 0.956606 0.683159 0.0201923
575 0.956606 0.682223 0.0239221
576 0.956606 0.677967 0.0232362
577 0.956606 0.693848 0.0198864
578 0.956606 0.674594 0.0217372
579 0.956606 0.662588 0.0239523
580 0.956606 0.646388 0.0264125
581 0.956606 0.668344 0.0239618
582 0.956606 0.682238 0.0217582
583 0.956606 0.662516 0.0253914
584 0.956606 0.681043 0.0233625
585 0.956606 0.673787 0.0248824
586 0.956606 0.67196 0.0215989
587 0.956606 0.650821 0.023265
588 0.956606 0.664788 0.0264729
589 0.956606 0.68085 0.0226192
590 0.956606 0.682817 0.0275041
591 0.956606 0.687982 0.0217681
592 0.956606 0.689158 0.0198746
593 0.956606 0.687662 0.0201839
594 0.956606 0.705703 0.0175948
595 0.956606 0.677546 0.0201343
596 0.956606 0.659521 0.0216963
597 0.956606 0.651835 0.0243499
598 0.956606 0.665366 0.0202157
599 0.956606 0.670226 0.0232491
600 0.956606 0.68191 0.0229549
601 0.956606 0.673912 0.0200218
602 0.956606 0.668954 0.0217725
603 0.956606 0.659764 0.0164995
604 0.956606 0.680252 0.0233638
605 0.956606 0.685834 0.0209092
606 0.956606 0.671124 0.0247844
607 0.956606 0.654108 0.0232314
608 0.956606 0.68627 0.0229646
609 0.956606 0.679929 0.02617
610 0.956606 0.683675 0.025367
611 0.956606 0.681261 0.0239036
612 0.956606 0.692021 0.0247147
613 0.956606 0.701544 0.0183415
614 0.956606 0.705112 0.0178496
615 0.956606 0.682093 0.0199828
616 0.956606 0.682348 0.0195338
617 0.956606 0.680344 0.0217153
618 0.956606 0.683474 0.0239498
619 0.956606 0.693043 0.0250585
620 0.956606 0.69437 0.0208987
621 0.956606 0.686011 0.0198182
622 0.956606 0.662873 0.0259006
623 0.956606 0.68695 0.0211053
624 0.956606 0.673936 0.0191232
625 0.956606 0.68423 0.0227435
626 0.956606 0.697418 0.0200743
627 0.956606 0.694314 0.0219091
628 0.956606 0.670452 0.0208079
629 0.956606 0.688775 0.0212759
630 0.956606 0.692786 0.0237947
631 0.956606 0.686375 0.0253411
632 0.956606 0.689156 0.020101
633 0.956606 0.685315 0.0222406
634 0.956606 0.702989 0.0221589
635 0.956606 0.684819 0.0204422
636 0.956606 0.687054 0.0226012
637 0.956606 0.689043 0.0213288
638 0.956606 0.689198 0.0212896
639 0.956606 0.68352 0.0205979
640 0.956606 0.679925 0.0235048
641 0.956606 0.67116 0.0203702
642 0.956606 0.679751 0.0178356
643 0.956606 0.674747 0.0221573
644 0.956606 0.678887 0.0207001
645 0.956606 0.680379 0.0228844
646 0.956606 0.646563 0.0237237
647 0.956606 0.66074 0.0286438
648 0.956606 0.652059 0.030593
649 0.956606 0.676837 0.0240156
650 0.956606 0.655867 0.0305753
651 0.956606 0.661474 0.0264732
652 0.956606 0.658015 0.0220023
653 0.956606 0.658481 0.0184068
654 0.956606 0.644678 0.0258277
655 0.956606 0.65529 0.0208128
656 0.956606 0.678707 0.021537
657 0.956606 0.669311 0.0220863
658 0.956606 0.654341 0.0239169
659 0.95782 0.686585 0.0209008
660 0.95782 0.683626 0.0252693
661 0.95782 0.687815 0.0269501
662 0.95782 0.680872 0.0218385
663 0.95782 0.672413 0.0256942
664 0.95782 0.669065 0.0216555
665 0.95782 0.661743 0.0245615
666 0.95782 0.660371 0.026947
667 0.95782 0.659143 0.0275424
668 0.95782 0.671568 0.0240965
669 0.95782 0.673826 0.0196287
670 0.95782 0.686276 0.0254777
671 0.95782 0.690765 0.0209931
672 0.95782 0.700624 0.0191409
673 0.95782 0.663476 0.0211867
674 0.95782 0.655223 0.0285692
675 0.95782 0.679089 0.023818
676 0.95782 0.687048 0.0213737
677 0.95782 0.677357 0.0260506
678 0.95782 0.698565 0.0219902
679 0.95782 0.693221 0.0217724
680 0.95782 0.675753 0.0205591
681 0.95782 0.712382 0.0239659
682 0.95782 0.692763 0.0193722
683 0.95782 0.700654 0.0204358
684 0.95782 0.695991 0.022473
685 0.95782 0.677372 0.0226881
686 0.95782 0.686963 0.0241835
687 0.95782 0.704152 0.0230428
688 0.95782 0.694776 0.0197865
689 0.95782 0.679842 0.0186494
690 0.95782 0.668482 0.0262299
691 0.95782 0.668373 0.025778
692 0.95782 0.676533 0.0248189
693 0.95782 0.669859 0.0227431
694 0.95782 0.675642 0.0257779
695 0.95782 0.697516 0.0237487
696 0.95782 0.681956 0.0217752
697 0.95782 0.678232 0.0217753
698 0.95782 0.681191 0.0204497
699 0.95782 0.699755 0.0180827
700 0.95782 0.677334 0.0211386
701 0.95782 0.679273 0.0234753
702 0.95782 0.663321 0.0229443
703 0.95782 0.655991 0.0265539
704 0.95782 0.64536 0.0240913
705 0.95782 0.671142 0.0246306
706 0.95782 0.686723 0.023742
707 0.95782 0.684607 0.0242357
708 0.95782 0.679952 0.0216542
709 0.95782 0.680212 0.0250813
710 0.95782 0.672098 0.0249046
711 0.95782 0.688296 0.0225017
712 0.95782 0.667555 0.0258451
713 0.95782 0.681343 0.0218139
714 0.95782 0.698522 0.0209685
715 0.95782 0.699786 0.0188068
716 0.95782 0.700301 0.0212611
717 0.95782 0.703369 0.0221834
718 0.95782 0.685179 0.0175346
719 0.95782 0.698045 0.0177016
720 0.95782 0.676619 0.0269623
721 0.95782 0.703669 0.0189886
722 0.95782 0.679692 0.0200495
723 0.95782 0.693715 0.0267121
724 0.95782 0.66334 0.0297035
725 0.95782 0.677305 0.0271547
726 0.95782 0.701446 0.0245284
727 0.95782 0.677194 0.0238964
728 0.95782 0.648615 0.0223193
729 0.95782 0.664744 0.019593
730 0.95782 0.676069 0.0223497
731 0.95782 0.663285 0.0226409
732 0.95782 0.678296 0.0216743
733 0.95782 0.659432 0.0247095
734 0.95782 0.670186 0.0241354
735 0.95782 0.643266 0.0213044
736 0.95782 0.689535 0.0234128
737 0.95782 0.675375 0.0232513
738 0.95782 0.693664 0.022763
739 0.95782 0.672759 0.021765
740 0.95782 0.695586 0.0245069
741 0.95782 0.672149 0.0259003
742 0.95782 0.667701 0.0226755
743 0.95782 0.677007 0.0246153
744 0.95782 0.693919 0.0224384
745 0.95782 0.700169 0.0246916
746 0.95782 0.682631 0.0238063
747 0.95782 0.679958 0.0228108
748 0.95782 0.676933 0.023592
749 0.95782 0.6837 0.02105
750 0.95782 0.718439 0.0216875
751 0.95782 0.668383 0.0275324
752 0.95782 0.682026 0.0254706
753 0.95782 0.707879 0.0230421
754 0.95782 0.693441 0.0226314
755 0.95782 0.682443 0.0249449
756 0.95782 0.689334 0.0235812
757 0.95782 0.677143 0.0205964
758 0.95782 0.670809 0.0248466
759 0.95782 0.661368 0.0268422
760 0.95782 0.659858 0.0260277
761 0.95782 0.664637 0.0299762
762 0.95782 0.658425 0.0254545
763 0.95782 0.659782 0.0251865
764 0.95782 0.665861 0.0233958
765 0.95782 0.686939 0.0220105
766 0.95782 0.681029 0.0232106
767 0.95782 0.702513 0.0245789
768 0.95782 0.689884 0.0224663
769 0.95782 0.71103 0.019131
770 0.95782 0.710643 0.0166792
771 0.95782 0.697069 0.0189996
772 0.95782 0.69287 0.0262734
773 0.95782 0.697713 0.0236421
774 0.95782 0.691605 0.0312992
775 0.95782 0.679572 0.0258993
776 0.95782 0.68102 0.0243966
777 0.95782 0.681221 0.0237913
778 0.95782 0.696998 0.0261472
779 0.95782 0.681822 0.0291773
780 0.95782 0.683464 0.0254488
781 0.95782 0.697154 0.018419
782 0.95782 0.694306 0.0175326
783 0.95782 0.698594 0.0204897
784 0.95782 0.690805 0.0211585
785 0.95782 0.692736 0.0196019
786 0.95782 0.696069 0.0211289
787 0.95782 0.694656 0.0196576
788 0.95782 0.674048 0.0195697
789 0.95782 0.667197 0.0218256
790 0.95782 0.681143 0.0215556
791 0.95782 0.689187 0.0210172
792 0.95782 0.685717 0.021273
793 0.95782 0.707811 0.021706
794 0.95782 0.694493 0.0210827
795 0.95782 0.703814 0.0185278
796 0.95782 0.701442 0.020996
797 0.95782 0.711592 0.0230137
798 0.95782 0.716922 0.0208266
799 0.95782 0.70041 0.0249459
800 0.95782 0.676532 0.0228606
801 0.95782 0.703077 0.0237024
802 0.95782 0.706101 0.0206798
803 0.95782 0.698695 0.0190837
804 0.95782 0.690646 0.0228729
805 0.95782 0.702743 0.0182738
806 0.95782 0.696041 0.0174423
807 0.95782 0.676681 0.0194019
808 0.95782 0.691994 0.0208555
809 0.95782 0.69933 0.0254899
810 0.95782 0.706689 0.0189724
811 0.95782 0.703166 0.0172051
812 0.95782 0.726734 0.0175462
813 0.95782 0.707537 0.0195472
814 0.95782 0.692924 0.0214955
815 0.95782 0.695678 0.0224049
816 0.95782 0.706664 0.0266665
817 0.95782 0.690999 0.0257178
818 0.95782 0.696635 0.0234222
819 0.95782 0.694648 0.0224581
820 0.95782 0.701809 0.01927
821 0.95782 0.707335 0.0190421
822 0.95782 0.688603 0.0235985
823 0.95782 0.685714 0.0225481
824 0.95782 0.679621 0.0255369
825 0.95782 0.701882 0.0268377
826 0.95782 0.713687 0.0209404
827 0.95782 0.696633 0.019231
828 0.95782 0.671469 0.0231505
829 0.95782 0.672435 0.023271
830 0.95782 0.689066 0.0200126
831 0.95782 0.695872 0.0245482
832 0.95782 0.68225 0.0259587
833 0.95782 0.683705 0.0238292
834 0.95782 0.677454 0.0239395
835 0.95782 0.689691 0.0253567
836 0.95782 0.694747 0.0195103
837 0.95782 0.685924 0.022885
838 0.95782 0.711453 0.0243033
839 0.95782 0.692769 0.0258559
840 0.95782 0.671038 0.022992
841 0.95782 0.678322 0.0240902
842 0.95782 0.697672 0.026929
843 0.95782 0.706646 0.022049
844 0.95782 0.681233 0.0228343
845 0.95782 0.687885 0.0248196
846 0.95782 0.693407 0.0261868
847 0.95782 0.691774 0.0247043
848 0.95782 0.670707 0.0257076
849 0.95782 0.687588 0.018796
850 0.95782 0.673766 0.0253702
851 0.95782 0.682008 0.0204933
852 0.95782 0.678219 0.0232274
853 0.95782 0.661208 0.0256022
854 0.95782 0.671794 0.0267927
855 0.95782 0.699109 0.0207869
856 0.95782 0.672222 0.0243638
857 0.95782 0.669555 0.0242225
858 0.95782 0.670454 0.0277698
859 0.95782 0.675746 0.0263417
860 0.95782 0.6817 0.0212487
861 0.95782 0.689297 0.020125
862 0.95782 0.686158 0.0227849
863 0.95782 0.658217 0.0247643
864 0.95782 0.672803 0.0257154
865 0.95782 0.65425 0.0282355
866 0.95782 0.691128 0.0217491
867 0.95782 0.679128 0.0178907
868 0.95782 0.647136 0.0278265
869 0.95782 0.692706 0.0226735
870 0.95782 0.678962 0.0250002
871 0.95782 0.665103 0.0234549
872 0.95782 0.68159 0.0238849
873 0.95782 0.679268 0.0272568
874 0.95782 0.706004 0.0216551
875 0.95782 0.692387 0.0256551
876 0.95782 0.699128 0.0237399
877 0.95782 0.692159 0.0263398
878 0.95782 0.678435 0.0235016
879 0.95782 0.658677 0.0234716
880 0.95782 0.662819 0.02441
881 0.95782 0.665549 0.0277636
882 0.95782 0.656789 0.0258819
883 0.95782 0.665586 0.0223831
884 0.95782 0.682668 0.0209597
885 0.95782 0.696971 0.0239526
886 0.95782 0.684051 0.0235364
887 0.95782 0.673794 0.0224223
888 0.95782 0.682206 0.0232905
889 0.95782 0.661049 0.024361
890 0.95782 0.670613 0.0233978
891 0.95782 0.666696 0.0202722
892 0.95782 0.669398 0.0186932
893 0.95782 0.694989 0.0206295
894 0.95782 0.683887 0.0244195
895 0.95782 0.699597 0.0225771
896 0.95782 0.68573 0.0234448
897 0.95782 0.697516 0.0228276
898 0.95782 0.683717 0.0200053
899 0.95782 0.686657 0.0186352
900 0.95782 0.689269 0.0250539
901 0.95782 0.692653 0.0240449
902 0.95782 0.689253 0.0197781
903 0.95782 0.679536 0.0222909
904 0.95782 0.6772 0.0224186
905 0.95782 0.685219 0.0252505
906 0.95782 0.68526 0.0189107
907 0.95782 0.698516 0.0173803
908 0.95782 0.696375 0.0164047
909 0.95782 0.689086 0.0215101
910 0.95782 0.688076 0.0206241
911 0.95782 0.703005 0.023122
912 0.95782 0.680559 0.0252171
913 0.95782 0.667606 0.0237515
914 0.95782 0.680097 0.0265706
915 0.95782 0.688847 0.0208276
916 0.95782 0.693901 0.0222895
917 0.95782 0.693627 0.0201828
918 0.95782 0.696177 0.0191332
919 0.95782 0.692883 0.0208971
920 0.95782 0.698581 0.0218615
921 0.95782 0.700138 0.0233229
922 0.95782 0.715114 0.0214901
923 0.95782 0.68811 0.023014
924 0.95782 0.695858 0.0224182
925 0.95782 0.698336 0.0234782
926 0.95782 0.703971 0.0192134
927 0.95782 0.689625 0.0242689
928 0.95782 0.680111 0.0268299
929 0.95782 0.698932 0.0246116
930 0.95782 0.687982 0.0248811
931 0.95782 0.695806 0.0266607
932 0.95782 0.696189 0.0249381
933 0.95782 0.68028 0.0242067
934 0.95782 0.680283 0.0198776
935 0.95782 0.691533 0.0247259
936 0.95782 0.68456 0.0212971
937 0.95782 0.689139 0.0210185
938 0.95782 0.702616 0.0192471
939 0.95782 0.707563 0.0194053
940 0.95782 0.688752 0.024531
941 0.95782 0.705117 0.0252781
942 0.95782 0.728584 0.0206668
943 0.95782 0.699692 0.0201961
944 0.95782 0.702531 0.0212358
945 0.95782 0.727881 0.0234019
946 0.95782 0.705238 0.0218757
947 0.95782 0.68357 0.0247958
948 0.95782 0.684893 0.0190587
949 0.95782 0.699669 0.0216559
950 0.95782 0.700683 0.0206853
951 0.95782 0.680064 0.0204648
952 0.95782 0.681116 0.0235936
953 0.95782 0.688129 0.0232543
954 0.95782 0.659334 0.0255191
955 0.95782 0.695101 0.0215226
956 0.95782 0.703083 0.0233314
957 0.95782 0.707073 0.0217566
958 0.95782 0.687075 0.0264075
959 0.95782 0.681633 0.0259958
960 0.95782 0.687186 0.0223203
961 0.95782 0.700985 0.0210097
962 0.95782 0.694196 0.020282
963 0.95782 0.695878 0.0199872
964 0.95782 0.703976 0.0188358
965 0.963455 0.706192 0.0215115
966 0.963455 0.701449 0.0184363
967 0.963455 0.706858 0.0184887
968 0.963455 0.717847 0.0182726
969 0.963455 0.688894 0.021026
970 0.963455 0.70545 0.0220521
971 0.963455 0.677983 0.0234714
972 0.963455 0.710411 0.0221897
973 0.963455 0.696896 0.0278996
974 0.963455 0.70533 0.0227318
975 0.963455 0.699449 0.018488
976 0.963455 0.68808 0.0239189
977 0.963455 0.668269 0.0244871
978 0.963455 0.666598 0.0195805
979 0.963455 0.682182 0.0237257
980 0.963455 0.680636 0.0218025
981 0.963455 0.69759 0.0255991
982 0.963455 0.707052 0.0302862
983 0.963455 0.697279 0.0251507
984 0.963455 0.675535 0.0206119
985 0.963455 0.67921 0.0254362
986 0.963455 0.68046 0.0230252
987 0.963455 0.67479 0.0263439
988 0.963455 0.684329 0.0263818
989 0.963455 0.685119 0.0196803
990 0.963455 0.680146 0.0246354
991 0.963455 0.670791 0.025546
992 0.963455 0.673711 0.0240129
993 0.963455 0.676684 0.0257165
994 0.963455 0.678415 0.022579
995 0.96382 0.687175 0.0241213
996 0.96382 0.690216 0.022446
997 0.96382 0.693143 0.0283192
998 0.96382 0.71313 0.0235541
999 0.96382 0.690913 0.0236743
1000 0.96382 0.683855 0.024732
