0 0.425352 0.252941 0.000533997
1 0.425352 0.256834 0.000739669
2 0.429956 0.262136 0.00137514
3 0.429956 0.264822 0.00192335
4 0.429956 0.269334 0.00360186
5 0.429956 0.279201 0.00477976
6 0.429956 0.279037 0.00525067
7 0.430352 0.290571 0.00643846
8 0.430352 0.294685 0.00609714
9 0.430352 0.290983 0.0057802
10 0.430352 0.293006 0.00592851
11 0.529778 0.301332 0.0064199
12 0.529778 0.304948 0.00656745
13 0.533954 0.303529 0.0068612
14 0.533954 0.30636 0.00718201
15 0.533954 0.314568 0.00801404
16 0.53824 0.315756 0.00879947
17 0.543496 0.320923 0.00976622
18 0.543496 0.338451 0.0117714
19 0.545027 0.341316 0.0117751
20 0.545027 0.325502 0.0101614
21 0.545027 0.329043 0.0109026
22 0.633158 0.350907 0.0148112
23 0.633158 0.359488 0.0156359
24 0.685582 0.386778 0.0176774
25 0.685582 0.391323 0.0225511
26 0.685582 0.395104 0.0245423
27 0.698192 0.403744 0.0257331
28 0.705919 0.419941 0.0221487
29 0.705919 0.438141 0.0205464
30 0.705919 0.446119 0.020376
31 0.744302 0.477987 0.0209368
32 0.744302 0.485509 0.0206198
33 0.747078 0.508789 0.0222307
34 0.747078 0.492939 0.0228409
35 0.747078 0.516335 0.0230919
36 0.747078 0.531936 0.0251864
37 0.757223 0.550513 0.023619
38 0.757223 0.557233 0.0223005
39 0.757223 0.560729 0.0200515
40 0.757223 0.584449 0.0208469
41 0.766394 0.593967 0.01786
42 0.778814 0.617005 0.017955
43 0.778814 0.640081 0.0173008
44 0.782244 0.632749 0.0175292
45 0.782244 0.646172 0.0169662
46 0.782244 0.636413 0.0171601
47 0.782244 0.646896 0.0169508
48 0.782244 0.650736 0.0189887
49 0.782244 0.646878 0.0172856
50 0.782244 0.667875 0.0153683
51 0.782244 0.680132 0.0123459
52 0.782244 0.683244 0.0102958
53 0.783893 0.692194 0.00930567
54 0.783893 0.697421 0.00762438
55 0.787037 0.69599 0.00686474
56 0.787037 0.700439 0.00732192
57 0.788229 0.683132 0.0105514
58 0.788229 0.684733 0.0115204
59 0.788229 0.69656 0.0108123
60 0.788776 0.703002 0.00785854
61 0.788783 0.702611 0.00934154
62 0.788783 0.698367 0.00971501
63 0.799414 0.695792 0.0102953
64 0.799414 0.703355 0.00818507
65 0.799414 0.709192 0.00671804
66 0.799414 0.710669 0.00820463
67 0.799414 0.717673 0.00649594
68 0.802445 0.720963 0.00552866
69 0.811043 0.718348 0.00680027
70 0.811043 0.719433 0.00725459
71 0.813172 0.731854 0.00525284
72 0.813172 0.740767 0.0038639
73 0.813172 0.742398 0.00485264
74 0.813256 0.738696 0.00592173
75 0.813256 0.745052 0.00500208
76 0.813256 0.734006 0.00698201
77 0.813256 0.750033 0.00386565
78 0.829668 0.751801 0.00372606
79 0.829668 0.748155 0.00360404
80 0.829668 0.744712 0.00394919
81 0.829668 0.730105 0.00806371
82 0.829668 0.739747 0.00670955
83 0.833162 0.73944 0.0056247
84 0.833162 0.752301 0.00412788
85 0.833162 0.754598 0.00421219
86 0.833162 0.75253 0.00499175
87 0.836274 0.749988 0.00454411
88 0.849358 0.745618 0.00627599
89 0.849358 0.751479 0.00648347
90 0.849358 0.739508 0.00888669
91 0.849358 0.737359 0.0106696
92 0.849358 0.735413 0.0109355
93 0.849358 0.738841 0.0115085
94 0.849358 0.737805 0.0129752
95 0.849358 0.745001 0.00955671
96 0.852083 0.750925 0.0077998
97 0.852083 0.754392 0.00817839
98 0.852083 0.751537 0.00571622
99 0.852083 0.754926 0.0041058
100 0.852083 0.749654 0.00692876
101 0.852083 0.752224 0.00766236
102 0.852083 0.762324 0.00713812
103 0.852083 0.760038 0.00840716
104 0.852083 0.766523 0.00542759
105 0.852083 0.773493 0.00579315
106 0.852083 0.770317 0.00626268
107 0.852083 0.761437 0.00854042
108 0.852083 0.750782 0.0103636
109 0.852083 0.751661 0.00937554
110 0.853731 0.76523 0.00820096
111 0.853731 0.756025 0.00914207
112 0.854042 0.757884 0.0107872
113 0.854042 0.7436 0.0132751
114 0.858878 0.745252 0.0154428
115 0.858878 0.756243 0.00908991
116 0.858878 0.747111 0.0098967
117 0.858878 0.758875 0.00793054
118 0.858878 0.755716 0.00851819
119 0.858878 0.741002 0.0101168
120 0.858878 0.739868 0.0112326
121 0.858878 0.741082 0.00947816
122 0.858878 0.728415 0.0128523
123 0.858878 0.744703 0.011011
124 0.858878 0.742969 0.00868275
125 0.858878 0.748017 0.00837822
126 0.858878 0.755289 0.00935532
127 0.858878 0.746992 0.0102733
128 0.858878 0.742951 0.00961273
129 0.858878 0.757846 0.00913256
130 0.858878 0.763413 0.00733199
131 0.858878 0.754786 0.00818392
132 0.858878 0.761615 0.00686342
133 0.858878 0.775138 0.00405366
134 0.858878 0.764659 0.00632599
135 0.858878 0.770429 0.00670767
136 0.862086 0.768379 0.00685597
137 0.862086 0.7664 0.00842794
138 0.862086 0.772772 0.00816362
139 0.862086 0.774295 0.0045705
140 0.862086 0.779485 0.00504497
141 0.862086 0.768815 0.00746394
142 0.862086 0.772297 0.00751616
143 0.869026 0.785875 0.00465568
144 0.869026 0.787684 0.00378754
145 0.869026 0.785059 0.00501191
146 0.869026 0.785361 0.00375873
147 0.869026 0.775791 0.00491924
148 0.869026 0.78024 0.00417561
149 0.869026 0.77583 0.00615755
150 0.869026 0.768066 0.00853268
151 0.869026 0.760525 0.00889433
152 0.869026 0.767656 0.00877956
153 0.869026 0.765835 0.00923709
154 0.869026 0.760901 0.0104499
155 0.869026 0.759253 0.00880975
156 0.869026 0.756092 0.00819343
157 0.869026 0.771807 0.00844634
158 0.869026 0.772633 0.0071986
159 0.870636 0.758362 0.00853362
160 0.871651 0.767777 0.00742923
161 0.871651 0.761308 0.00893012
162 0.871651 0.763452 0.00747902
163 0.872725 0.7688 0.00802701
164 0.876967 0.762989 0.00835547
165 0.876967 0.763399 0.00903195
166 0.876967 0.786878 0.0067922
167 0.876967 0.781484 0.00639862
168 0.876967 0.788525 0.00410378
169 0.876967 0.789225 0.00439881
170 0.876967 0.786026 0.00513341
171 0.876967 0.770287 0.00660772
172 0.876967 0.777163 0.00561345
173 0.876967 0.780935 0.00626442
174 0.876967 0.7885 0.00581551
175 0.876967 0.777514 0.00731767
176 0.876967 0.780847 0.00554948
177 0.876967 0.786524 0.00624388
178 0.876967 0.788959 0.0054549
179 0.876967 0.796755 0.00418772
180 0.876967 0.801348 0.003559
181 0.876967 0.803422 0.00343769
182 0.876967 0.80844 0.00313253
183 0.876967 0.805274 0.00580737
184 0.876967 0.791244 0.00773932
185 0.876967 0.785226 0.0066635
186 0.876967 0.783017 0.00797884
187 0.876967 0.784091 0.00882069
188 0.876967 0.782998 0.00994364
189 0.876967 0.788172 0.00657464
190 0.876967 0.786421 0.00726386
191 0.876967 0.790871 0.00611345
192 0.879649 0.796927 0.00484812
193 0.879649 0.803829 0.00385174
194 0.879649 0.802923 0.00443253
195 0.879649 0.801528 0.00515335
196 0.879649 0.80084 0.00366184
197 0.879649 0.791819 0.00509938
198 0.879649 0.788976 0.00544906
199 0.879649 0.795445 0.00380017
200 0.879649 0.79521 0.00397492
201 0.879858 0.795483 0.0055803
202 0.879858 0.78622 0.00686166
203 0.879858 0.773858 0.0079096
204 0.879929 0.78711 0.00553252
205 0.879929 0.786779 0.00638946
206 0.879929 0.773495 0.00808049
207 0.879929 0.770324 0.00746275
208 0.879929 0.763491 0.00821209
209 0.879929 0.763457 0.00991257
210 0.879929 0.753058 0.0136512
211 0.879929 0.770249 0.0119621
212 0.879929 0.768879 0.0111335
213 0.879929 0.769964 0.00934555
214 0.879929 0.766243 0.0110548
215 0.879929 0.767257 0.0126595
216 0.879929 0.770395 0.0119097
217 0.879929 0.770128 0.0119189
218 0.879929 0.773154 0.0124924
219 0.879929 0.772442 0.0110071
220 0.879929 0.7813 0.009438
221 0.879929 0.769739 0.0101454
222 0.879929 0.771346 0.0125258
223 0.879929 0.768073 0.0117231
224 0.879929 0.773352 0.010087
225 0.879929 0.772562 0.00990184
226 0.879929 0.771609 0.0105958
227 0.879929 0.768169 0.0128165
228 0.879929 0.778144 0.0102323
229 0.879929 0.777452 0.0124654
230 0.879929 0.782632 0.00862433
231 0.879929 0.784148 0.00674772
232 0.879929 0.784258 0.00660381
233 0.879929 0.789237 0.00590488
234 0.879929 0.780656 0.00655073
235 0.879929 0.782436 0.00783196
236 0.879929 0.776494 0.00801019
237 0.879929 0.782535 0.00626987
238 0.879929 0.778719 0.00937208
239 0.879929 0.764047 0.0114206
240 0.879929 0.767013 0.0131359
241 0.879929 0.779329 0.0125208
242 0.879929 0.775867 0.00931944
243 0.879929 0.779552 0.00928716
244 0.879929 0.785834 0.00679466
245 0.879929 0.789187 0.00589398
246 0.879929 0.784109 0.00871382
247 0.879929 0.788045 0.00887608
248 0.879929 0.79766 0.00501886
249 0.879929 0.78856 0.00549024
250 0.879929 0.786282 0.00732146
251 0.879929 0.794839 0.00629128
252 0.879999 0.794246 0.00569834
253 0.880117 0.804387 0.00418903
254 0.880117 0.791028 0.00543103
255 0.880117 0.785671 0.00715552
256 0.880346 0.785454 0.005863
257 0.880346 0.779386 0.00577811
258 0.880346 0.784064 0.00602147
259 0.880346 0.784303 0.00761392
260 0.880346 0.794554 0.00585119
261 0.880346 0.790715 0.00587091
262 0.881047 0.792415 0.00531401
263 0.881115 0.793901 0.00535673
264 0.881115 0.793688 0.0057369
265 0.881115 0.79023 0.008103
266 0.881115 0.790042 0.00762458
267 0.881115 0.791249 0.00692439
268 0.881115 0.79948 0.00517905
269 0.881115 0.796727 0.00449235
270 0.881115 0.793028 0.00424388
271 0.881115 0.785372 0.0074092
272 0.881115 0.777419 0.00999998
273 0.881115 0.779885 0.0107626
274 0.881115 0.79558 0.00640364
275 0.881115 0.799802 0.00571334
276 0.881115 0.813869 0.00327438
277 0.881115 0.806451 0.00533388
278 0.881115 0.809325 0.00410311
279 0.881115 0.808965 0.00455008
280 0.881115 0.795561 0.00599959
281 0.881115 0.796791 0.00542698
282 0.881115 0.803194 0.00597274
283 0.881115 0.798653 0.00764321
284 0.881115 0.784348 0.00856335
285 0.881115 0.781528 0.0106149
286 0.881115 0.787518 0.00907069
287 0.881115 0.790813 0.00983383
288 0.881115 0.781881 0.0112771
289 0.881115 0.784633 0.0112182
290 0.881115 0.79085 0.00815533
291 0.881115 0.77819 0.00836245
292 0.881115 0.778868 0.00920359
293 0.881115 0.769225 0.00879932
294 0.881115 0.774814 0.00838595
295 0.881115 0.789881 0.00719801
296 0.881115 0.783875 0.0106387
297 0.881115 0.781462 0.00850157
298 0.881115 0.786285 0.00717854
299 0.881115 0.785252 0.00697138
300 0.881115 0.783183 0.00699063
301 0.881115 0.791405 0.00472562
302 0.881115 0.796833 0.00424671
303 0.881115 0.796503 0.00521325
304 0.881115 0.802753 0.00466455
305 0.881148 0.798931 0.006761
306 0.881148 0.795005 0.0057864
307 0.881195 0.799685 0.00581262
308 0.881218 0.799473 0.00498651
309 0.881218 0.802343 0.00404294
310 0.881218 0.797314 0.00595953
311 0.881218 0.786843 0.00691728
312 0.881218 0.799534 0.00539542
313 0.881218 0.798944 0.00538945
314 0.881218 0.788232 0.00749161
315 0.881218 0.790023 0.00593045
316 0.881218 0.794237 0.00546194
317 0.881218 0.794783 0.00532632
318 0.881218 0.800539 0.00391077
319 0.881218 0.793248 0.00541936
320 0.881218 0.788591 0.00592886
321 0.881218 0.792885 0.00621973
322 0.881218 0.801694 0.00595028
323 0.881218 0.800896 0.00626839
324 0.881218 0.812482 0.00402161
325 0.881218 0.817942 0.00201487
326 0.881218 0.814127 0.0040506
327 0.881218 0.812137 0.00430014
328 0.881218 0.807144 0.0049466
329 0.881218 0.802499 0.00535055
330 0.881218 0.803121 0.00493889
331 0.881218 0.800063 0.00710172
332 0.881218 0.803479 0.00390853
333 0.881218 0.80838 0.00348644
334 0.881218 0.791501 0.00655399
335 0.881218 0.792832 0.00543957
336 0.881218 0.78723 0.00492583
337 0.881218 0.802961 0.00453996
338 0.881218 0.806173 0.00369461
339 0.881218 0.798854 0.00549297
340 0.881218 0.798879 0.00373175
341 0.881218 0.804658 0.00393273
342 0.881218 0.803129 0.00465013
343 0.881218 0.798316 0.00609318
344 0.881386 0.799703 0.00500329
345 0.881386 0.787349 0.00837515
346 0.881386 0.789918 0.00903143
347 0.881386 0.795373 0.00970415
348 0.881386 0.800955 0.00503593
349 0.881386 0.805461 0.00443516
350 0.881386 0.797058 0.00555184
351 0.881386 0.7921 0.00554452
352 0.881386 0.789057 0.00637928
353 0.881386 0.792415 0.00622713
354 0.881386 0.793672 0.00733779
355 0.881386 0.799601 0.00697336
356 0.881386 0.801512 0.00526362
357 0.881386 0.802172 0.00424846
358 0.881386 0.80294 0.00535587
359 0.88153 0.813747 0.00306729
360 0.88153 0.806794 0.00449948
361 0.88153 0.808321 0.00424367
362 0.88153 0.800634 0.00712363
363 0.88153 0.804338 0.00526614
364 0.88153 0.816142 0.00259617
365 0.88153 0.819706 0.00223298
366 0.88153 0.816015 0.00347824
367 0.88153 0.813273 0.00313914
368 0.88153 0.808191 0.00293439
369 0.88153 0.801516 0.0059327
370 0.88153 0.78918 0.00984722
371 0.88153 0.789721 0.00730806
372 0.88153 0.794571 0.00603915
373 0.88153 0.79031 0.0076538
374 0.88153 0.795385 0.00735546
375 0.88153 0.793926 0.00652038
376 0.88153 0.777 0.0106414
377 0.88153 0.782436 0.00725393
378 0.88153 0.784008 0.00915873
379 0.88153 0.789996 0.00743023
380 0.88153 0.789804 0.00835931
381 0.88153 0.779117 0.0117478
382 0.88153 0.783176 0.0102866
383 0.88153 0.77495 0.0121667
384 0.88153 0.786408 0.0112628
385 0.88153 0.77411 0.0114183
386 0.88153 0.778592 0.00892771
387 0.88153 0.788584 0.00892402
388 0.882424 0.786046 0.00926212
389 0.882424 0.786148 0.00848514
390 0.882424 0.787822 0.00916388
391 0.882424 0.794671 0.0070364
392 0.882424 0.787811 0.00699491
393 0.882424 0.777711 0.00990721
394 0.882424 0.785635 0.00879665
395 0.882424 0.80649 0.00491511
396 0.882424 0.800848 0.00647655
397 0.882424 0.797793 0.00879226
398 0.882424 0.793232 0.00780492
399 0.882424 0.778689 0.00702275
400 0.882424 0.778241 0.00854547
401 0.882424 0.773605 0.00938293
402 0.882424 0.770461 0.0107855
403 0.882424 0.7701 0.00954169
404 0.882424 0.783369 0.00981818
405 0.882424 0.787164 0.00813515
406 0.882424 0.795647 0.00683752
407 0.882424 0.797606 0.00555134
408 0.882424 0.792962 0.00587754
409 0.882424 0.8108 0.0038168
410 0.882424 0.813292 0.0030396
411 0.882424 0.80173 0.00420109
412 0.882424 0.791481 0.00646672
413 0.882424 0.793824 0.00619956
414 0.882424 0.800071 0.00646396
415 0.882424 0.801403 0.00445598
416 0.882424 0.800019 0.00404276
417 0.882424 0.789225 0.00629649
418 0.882424 0.776734 0.0076279
419 0.882424 0.780238 0.00633382
420 0.882424 0.775763 0.00666429
421 0.882424 0.782404 0.00689375
422 0.883112 0.772044 0.00853412
423 0.883112 0.779519 0.00653207
424 0.883112 0.778154 0.0087495
425 0.883112 0.78941 0.00568964
426 0.883112 0.794242 0.00581914
427 0.883112 0.797944 0.00578823
428 0.883112 0.794226 0.00656999
429 0.883112 0.790097 0.00622159
430 0.883112 0.797284 0.00655271
431 0.883112 0.786072 0.00990823
432 0.883112 0.791519 0.0101426
433 0.883112 0.783878 0.0102551
434 0.883112 0.798328 0.0058433
435 0.883112 0.807129 0.00507431
436 0.883112 0.794276 0.00760391
437 0.883112 0.79747 0.00737278
438 0.883112 0.796167 0.00903179
439 0.883112 0.787691 0.011894
440 0.883112 0.790814 0.0117954
441 0.883113 0.793323 0.012061
442 0.883113 0.77959 0.0135195
443 0.883113 0.766677 0.0131956
444 0.883113 0.765407 0.0136608
445 0.883258 0.772205 0.00994869
446 0.883258 0.759652 0.0129569
447 0.883258 0.757676 0.01343
448 0.883258 0.747095 0.0152207
449 0.883258 0.759904 0.0141559
450 0.883258 0.76712 0.0154509
451 0.883258 0.776152 0.0144322
452 0.883258 0.77776 0.0133768
453 0.883258 0.766866 0.0150589
454 0.883258 0.765849 0.0132201
455 0.883258 0.778108 0.0102032
456 0.883258 0.771998 0.0131616
457 0.883258 0.766937 0.0150864
458 0.883258 0.764547 0.0144541
459 0.883258 0.763867 0.014748
460 0.883258 0.78826 0.010643
461 0.883258 0.778939 0.0126193
462 0.883258 0.774 0.0141968
463 0.883258 0.786004 0.0116398
464 0.883258 0.77655 0.0126778
465 0.883258 0.771374 0.0118955
466 0.883258 0.766796 0.013261
467 0.883258 0.773117 0.0136149
468 0.883258 0.769989 0.0112865
469 0.883258 0.781648 0.0102102
470 0.883258 0.766878 0.0153861
471 0.883292 0.764635 0.0156357
472 0.883292 0.773437 0.012461
473 0.883292 0.778874 0.0088231
474 0.883292 0.778514 0.00893081
475 0.883292 0.781686 0.0100733
476 0.883292 0.78372 0.00848225
477 0.883292 0.78589 0.00942476
478 0.883292 0.78873 0.00823178
479 0.883798 0.789182 0.00707001
480 0.883798 0.798652 0.00758179
481 0.883798 0.797574 0.00588521
482 0.883798 0.796635 0.00455114
483 0.883798 0.799772 0.00451746
484 0.883798 0.805627 0.00419688
485 0.883798 0.805797 0.00405114
486 0.883809 0.800404 0.00615508
487 0.883809 0.807186 0.00419652
488 0.883809 0.806147 0.00401555
489 0.883809 0.796844 0.00618977
490 0.883809 0.804111 0.00624708
491 0.883809 0.803153 0.00714691
492 0.883809 0.7913 0.00675149
493 0.883809 0.790983 0.00624525
494 0.883809 0.792524 0.00612615
495 0.883809 0.790614 0.00809682
496 0.883809 0.786506 0.00716718
497 0.883809 0.799425 0.00603667
498 0.883809 0.793485 0.0070958
499 0.883809 0.788254 0.00705135
500 0.883809 0.777624 0.0101733
501 0.883809 0.772156 0.0126791
502 0.883809 0.772652 0.0108803
503 0.883809 0.789595 0.00663615
504 0.883809 0.794113 0.00544971
505 0.883809 0.794102 0.00645937
506 0.883809 0.792095 0.0077094
507 0.883952 0.787912 0.00852778
508 0.883952 0.791677 0.00798814
509 0.883952 0.801684 0.00705365
510 0.883952 0.803011 0.00426542
511 0.883952 0.797869 0.005546
512 0.883952 0.796473 0.00609474
513 0.883952 0.795932 0.00586373
514 0.883952 0.80826 0.00433669
515 0.883952 0.812963 0.00364938
516 0.883952 0.803521 0.00441936
517 0.883952 0.808888 0.0041925
518 0.883952 0.816043 0.00315494
519 0.883952 0.80508 0.00526703
520 0.883952 0.809492 0.00355621
521 0.883952 0.810335 0.00311655
522 0.883952 0.806406 0.00363423
523 0.883952 0.814587 0.00419957
524 0.883952 0.818623 0.00381086
525 0.883952 0.809525 0.00410938
526 0.883952 0.805884 0.00416138
527 0.883952 0.813741 0.00312014
528 0.883952 0.806911 0.00450528
529 0.883952 0.798994 0.00539393
530 0.883952 0.797382 0.00632475
531 0.883952 0.797931 0.00683568
532 0.883952 0.803636 0.00387719
533 0.883952 0.799639 0.00382411
534 0.883952 0.807519 0.00422534
535 0.883952 0.799068 0.00427724
536 0.883952 0.788566 0.00567504
537 0.883952 0.777333 0.00895712
538 0.883952 0.7865 0.00840207
539 0.883952 0.798057 0.00652793
540 0.883952 0.810181 0.00409034
541 0.883952 0.809245 0.00437628
542 0.883952 0.809699 0.00400196
543 0.883952 0.809766 0.00380275
544 0.883952 0.805579 0.00450711
545 0.883952 0.808671 0.004199
546 0.883952 0.798462 0.008598
547 0.883952 0.800402 0.00649317
548 0.883952 0.799613 0.00728022
549 0.884014 0.803351 0.00608467
550 0.884014 0.793046 0.00739861
551 0.884014 0.790177 0.00619858
552 0.884014 0.800182 0.00635573
553 0.884014 0.798812 0.00697627
554 0.884014 0.805221 0.00599609
555 0.884014 0.797541 0.00519756
556 0.884014 0.802276 0.00421025
557 0.884014 0.797468 0.00505406
558 0.884014 0.801392 0.00421979
559 0.884014 0.792362 0.00618791
560 0.884014 0.800603 0.00647154
561 0.884014 0.797012 0.00613143
562 0.884014 0.791879 0.00700663
563 0.884014 0.793776 0.00526053
564 0.884014 0.801193 0.00616029
565 0.884014 0.800023 0.00624033
566 0.884014 0.800973 0.00594309
567 0.884014 0.802448 0.00515914
568 0.884014 0.807642 0.00452728
569 0.884014 0.803082 0.00459977
570 0.884014 0.786932 0.00763336
571 0.884014 0.782514 0.00819313
572 0.884014 0.786266 0.0074238
573 0.884014 0.77625 0.00960857
574 0.884014 0.782682 0.0078044
575 0.884014 0.771789 0.0113729
576 0.884014 0.774792 0.0114942
577 0.884014 0.7648 0.0149809
578 0.884014 0.771423 0.0151145
579 0.884014 0.801021 0.00695806
580 0.884014 0.807045 0.00548212
581 0.884014 0.803508 0.0056331
582 0.884014 0.803118 0.00509798
583 0.884014 0.803418 0.00521864
584 0.884014 0.801761 0.00739008
585 0.884014 0.796922 0.00780212
586 0.884014 0.801184 0.00920746
587 0.884014 0.789478 0.0115318
588 0.884014 0.804871 0.00827002
589 0.884014 0.806442 0.00648206
590 0.884014 0.801998 0.00654335
591 0.884014 0.7998 0.00707791
592 0.884014 0.800058 0.00579865
593 0.884026 0.799066 0.00808216
594 0.884026 0.796499 0.00619673
595 0.884026 0.789005 0.00824811
596 0.884026 0.774481 0.0113907
597 0.884026 0.772549 0.0132842
598 0.884026 0.783013 0.0121416
599 0.884026 0.781251 0.00942001
600 0.884026 0.781261 0.0109794
601 0.884026 0.78009 0.0112272
602 0.884026 0.7822 0.0108456
603 0.884026 0.78534 0.00887907
604 0.884026 0.784002 0.0097013
605 0.884026 0.787497 0.00891277
606 0.884026 0.78841 0.00835371
607 0.884026 0.804543 0.00591587
608 0.884026 0.806536 0.00503363
609 0.884026 0.806455 0.00473238
610 0.884111 0.790551 0.00944416
611 0.884111 0.794086 0.00621917
612 0.884173 0.803356 0.00374802
613 0.884173 0.803152 0.00436
614 0.884173 0.809292 0.00314174
615 0.884173 0.792846 0.00474027
616 0.884173 0.797241 0.00593421
617 0.884173 0.801047 0.00359598
618 0.884173 0.804372 0.00327732
619 0.884173 0.812028 0.00297006
620 0.884173 0.815178 0.00296582
621 0.884173 0.806407 0.00486032
622 0.884173 0.805385 0.00381688
623 0.884173 0.807659 0.00386557
624 0.884173 0.814442 0.00627722
625 0.884173 0.813903 0.00522553
626 0.884173 0.824252 0.0027238
627 0.884201 0.825019 0.00211626
628 0.884201 0.819069 0.00301688
629 0.88421 0.808094 0.00327772
630 0.88421 0.809298 0.00325824
631 0.88421 0.805143 0.00367629
632 0.88421 0.795321 0.00744423
633 0.88421 0.787063 0.00787213
634 0.88434 0.79457 0.00597406
635 0.88434 0.792952 0.00621943
636 0.88434 0.790887 0.00663396
637 0.88434 0.794022 0.00615266
638 0.88434 0.797728 0.00670451
639 0.88434 0.800611 0.00588646
640 0.884355 0.801789 0.00673959
641 0.884414 0.796549 0.00741641
642 0.884414 0.791235 0.00800057
643 0.884425 0.794912 0.00643761
644 0.884425 0.792932 0.0062262
645 0.884425 0.798835 0.00538184
646 0.884425 0.805861 0.00499487
647 0.884425 0.803918 0.00504251
648 0.884425 0.803069 0.00508461
649 0.884425 0.80625 0.00756942
650 0.884425 0.803943 0.00564382
651 0.884425 0.795908 0.00695887
652 0.884425 0.80543 0.00619712
653 0.884425 0.800344 0.00668052
654 0.884425 0.791954 0.00677243
655 0.884437 0.792303 0.00817966
656 0.884437 0.794475 0.00661835
657 0.884437 0.798931 0.00444261
658 0.884437 0.797975 0.00355699
659 0.884437 0.802821 0.00380171
660 0.884437 0.816176 0.0031671
661 0.884437 0.817414 0.00265581
662 0.884437 0.802314 0.00397723
663 0.884437 0.806015 0.00361065
664 0.884437 0.798446 0.00630234
665 0.884437 0.796317 0.00666691
666 0.884437 0.793529 0.00718216
667 0.884437 0.79783 0.00560825
668 0.884437 0.802909 0.00581124
669 0.884437 0.792431 0.00917448
670 0.884437 0.792024 0.00975573
671 0.884437 0.792247 0.0100677
672 0.884437 0.787957 0.00989624
673 0.884437 0.805679 0.00666711
674 0.884437 0.810538 0.00416366
675 0.884437 0.801651 0.00484136
676 0.884437 0.804327 0.00499379
677 0.884437 0.813505 0.00341237
678 0.884437 0.801118 0.00491042
679 0.884442 0.808837 0.00468502
680 0.884442 0.804832 0.00667673
681 0.884442 0.809029 0.00621177
682 0.884442 0.800127 0.00597086
683 0.884442 0.801812 0.0037329
684 0.884442 0.788222 0.00714388
685 0.884442 0.789167 0.00787457
686 0.884442 0.804637 0.004497
687 0.884442 0.804891 0.00455025
688 0.884442 0.809551 0.00411309
689 0.884442 0.809631 0.00430905
690 0.884442 0.802001 0.00501879
691 0.884442 0.814279 0.00336346
692 0.884442 0.805301 0.00383215
693 0.884442 0.803853 0.00373851
694 0.884442 0.793462 0.00591106
695 0.884442 0.796865 0.00693339
696 0.884442 0.795752 0.00625191
697 0.884442 0.799137 0.00631594
698 0.884442 0.791938 0.00858463
699 0.88446 0.796393 0.00689422
700 0.88446 0.798368 0.00666621
701 0.88446 0.799313 0.00667942
702 0.88446 0.797211 0.00644838
703 0.88446 0.791095 0.00868434
704 0.88446 0.805919 0.00812389
705 0.88446 0.803207 0.00933462
706 0.88446 0.806756 0.00883426
707 0.88446 0.792705 0.0119623
708 0.88446 0.792273 0.00909481
709 0.88446 0.787082 0.00950825
710 0.88446 0.775209 0.0122925
711 0.88446 0.792604 0.00825391
712 0.88446 0.78967 0.00991592
713 0.88446 0.783107 0.0122349
714 0.88446 0.79501 0.00832165
715 0.88446 0.801998 0.00756935
716 0.88446 0.816393 0.00410941
717 0.88446 0.808374 0.00462868
718 0.88446 0.79912 0.00569659
719 0.88446 0.796634 0.00468806
720 0.88446 0.7939 0.00577838
721 0.88446 0.793647 0.00543844
722 0.88446 0.79109 0.00685056
723 0.88446 0.798814 0.00454883
724 0.884461 0.801979 0.0042747
725 0.884461 0.800343 0.00590162
726 0.884461 0.803796 0.00509532
727 0.884462 0.802432 0.0046968
728 0.884462 0.792184 0.0074936
729 0.884462 0.791936 0.00669318
730 0.884462 0.796943 0.00577906
731 0.884462 0.798449 0.00510816
732 0.884462 0.803261 0.00555774
733 0.884462 0.803216 0.00546923
734 0.884462 0.801829 0.00503013
735 0.884462 0.793697 0.00626655
736 0.884462 0.802185 0.00397762
737 0.884466 0.802308 0.00636721
738 0.884466 0.798031 0.00675761
739 0.884466 0.79904 0.00718335
740 0.884466 0.799767 0.00719172
741 0.884466 0.790223 0.00898387
742 0.884466 0.785936 0.0102324
743 0.884466 0.791283 0.00892319
744 0.884466 0.789664 0.00865584
745 0.884466 0.793275 0.00810485
746 0.884466 0.808228 0.00520382
747 0.884466 0.80677 0.00479341
748 0.884466 0.809819 0.00403168
749 0.884466 0.800443 0.00443287
750 0.884466 0.802035 0.00696071
751 0.884466 0.795991 0.00700123
752 0.884466 0.798441 0.00576125
753 0.884466 0.804115 0.00513781
754 0.884466 0.800195 0.00608973
755 0.884466 0.796007 0.00758748
756 0.884466 0.802879 0.00696285
757 0.884466 0.803083 0.00534639
758 0.884466 0.801956 0.00480754
759 0.884466 0.805859 0.00674006
760 0.884466 0.813683 0.00514979
761 0.884466 0.816953 0.00358847
762 0.884466 0.817172 0.00380986
763 0.884466 0.821263 0.00412647
764 0.884466 0.823127 0.00241865
765 0.884466 0.825893 0.00172754
766 0.884466 0.821453 0.00178557
767 0.884466 0.825116 0.00217367
768 0.884466 0.816352 0.00356093
769 0.884466 0.809522 0.00434574
770 0.884466 0.796348 0.00781929
771 0.884466 0.794222 0.00703567
772 0.884466 0.78827 0.00834792
773 0.884466 0.794801 0.00702695
774 0.884466 0.798427 0.00662205
775 0.884466 0.797709 0.00965874
776 0.884466 0.797467 0.00947917
777 0.884466 0.810153 0.00490393
778 0.884466 0.80887 0.00494392
779 0.884466 0.807434 0.00440473
780 0.884466 0.803445 0.00612037
781 0.884466 0.803599 0.00547925
782 0.884466 0.805635 0.0058397
783 0.884466 0.788397 0.00757636
784 0.884466 0.800846 0.00582301
785 0.884466 0.794337 0.00571102
786 0.884466 0.790336 0.00597509
787 0.884466 0.801165 0.00553546
788 0.884466 0.804451 0.00458388
789 0.884466 0.788378 0.00863669
790 0.884466 0.79547 0.00772309
791 0.884466 0.794917 0.00691915
792 0.884466 0.783789 0.00925418
793 0.884466 0.782242 0.0102271
794 0.884466 0.78894 0.0102049
795 0.884466 0.788093 0.00888881
796 0.884466 0.791883 0.00710702
797 0.884466 0.793712 0.00640302
798 0.884466 0.795078 0.00795829
799 0.884466 0.799905 0.00670503
800 0.884466 0.793522 0.00857641
801 0.884466 0.797618 0.00700982
802 0.884466 0.804154 0.0061659
803 0.884466 0.809259 0.00349975
804 0.884466 0.816488 0.0031868
805 0.884466 0.814949 0.00373244
806 0.884466 0.8078 0.00758214
807 0.884467 0.808527 0.00528486
808 0.884467 0.812946 0.00437663
809 0.884467 0.817972 0.00495597
810 0.884467 0.815172 0.00506025
811 0.884467 0.813139 0.00502022
812 0.884467 0.82116 0.0048184
813 0.884467 0.806597 0.00453254
814 0.884467 0.805076 0.0050273
815 0.884467 0.804813 0.00376739
816 0.884467 0.801408 0.00487192
817 0.884467 0.801289 0.0055625
818 0.884467 0.801756 0.00734599
819 0.884467 0.802241 0.00568127
820 0.884467 0.800818 0.0065388
821 0.884467 0.804407 0.00466804
822 0.884467 0.804854 0.00481221
823 0.884467 0.796633 0.00491984
824 0.884467 0.797384 0.00646963
825 0.884467 0.792701 0.00826692
826 0.884467 0.787269 0.00900906
827 0.884519 0.784297 0.0110632
828 0.884519 0.783811 0.0126324
829 0.884519 0.775163 0.0129763
830 0.884519 0.771567 0.0118389
831 0.884534 0.776234 0.01352
832 0.884534 0.777273 0.0143907
833 0.884534 0.776927 0.0129831
834 0.884534 0.779709 0.012599
835 0.884534 0.782131 0.0126814
836 0.884534 0.796301 0.00947889
837 0.884534 0.795755 0.0080208
838 0.884534 0.788367 0.00792632
839 0.884534 0.800246 0.00728722
840 0.884534 0.806049 0.00411814
841 0.884534 0.804321 0.00385568
842 0.884534 0.804956 0.00448641
843 0.884534 0.800133 0.00467772
844 0.884534 0.803729 0.00492743
845 0.884534 0.794398 0.00686331
846 0.884534 0.78571 0.0086589
847 0.884534 0.779089 0.00890687
848 0.884534 0.788644 0.00669267
849 0.884534 0.791874 0.00650841
850 0.884534 0.792477 0.00570305
851 0.884534 0.79834 0.00446399
852 0.884534 0.789484 0.00669751
853 0.884581 0.796415 0.0060316
854 0.884581 0.791913 0.0056271
855 0.884581 0.810974 0.00321877
856 0.884581 0.806784 0.00379063
857 0.884581 0.806813 0.00437107
858 0.884581 0.807491 0.00453826
859 0.884581 0.794275 0.00722742
860 0.884581 0.791498 0.00727912
861 0.884581 0.7994 0.00541917
862 0.884581 0.799598 0.00570764
863 0.884581 0.80524 0.00642487
864 0.884591 0.809056 0.00476017
865 0.884591 0.805438 0.00566777
866 0.884591 0.812429 0.00411241
867 0.884591 0.811624 0.00393323
868 0.884591 0.810267 0.00394618
869 0.884591 0.804796 0.00513057
870 0.884591 0.808575 0.00511622
871 0.884591 0.805579 0.00657761
872 0.884591 0.810432 0.00353065
873 0.884591 0.809701 0.00502594
874 0.884591 0.812554 0.00556518
875 0.884591 0.824708 0.00254272
876 0.884591 0.810473 0.00492188
877 0.884591 0.806411 0.00521411
878 0.884591 0.808968 0.00465301
879 0.884591 0.815342 0.00271191
880 0.884591 0.805871 0.002689
881 0.884591 0.80564 0.00324194
882 0.884591 0.811574 0.00342095
883 0.884591 0.812846 0.00327188
884 0.884591 0.812529 0.00323011
885 0.884591 0.810502 0.00385946
886 0.884591 0.809046 0.00411946
887 0.884591 0.816955 0.00350433
888 0.884591 0.810491 0.00460606
889 0.884591 0.810614 0.00430918
890 0.884591 0.811921 0.00394789
891 0.884591 0.810785 0.00431122
892 0.884591 0.807187 0.00474189
893 0.884591 0.810213 0.00447179
894 0.884591 0.8149 0.00343094
895 0.884591 0.802908 0.00707645
896 0.884591 0.802018 0.00556049
897 0.884591 0.802288 0.00650735
898 0.884591 0.795908 0.00682019
899 0.884591 0.794941 0.00701822
900 0.884591 0.797816 0.00677883
901 0.884591 0.79864 0.00654812
902 0.884591 0.793393 0.00946453
903 0.884591 0.790002 0.0102701
904 0.884591 0.774731 0.012911
905 0.884591 0.769893 0.0157564
906 0.884591 0.773882 0.0150828
907 0.884591 0.781947 0.0126603
908 0.884591 0.786177 0.0100138
909 0.884591 0.790797 0.00900168
910 0.884591 0.788557 0.00942271
911 0.884591 0.791709 0.0101806
912 0.884591 0.795009 0.00806459
913 0.884591 0.809906 0.00556908
914 0.884591 0.812422 0.00553836
915 0.884591 0.805339 0.00527907
916 0.884591 0.813594 0.00415428
917 0.884591 0.811015 0.00411875
918 0.884591 0.807637 0.00436539
919 0.884591 0.804356 0.00738724
920 0.884591 0.800816 0.00783419
921 0.884591 0.801635 0.00664565
922 0.884591 0.799955 0.00568226
923 0.884591 0.800028 0.00515756
924 0.884591 0.806586 0.00457997
925 0.884591 0.79868 0.00662599
926 0.884591 0.786624 0.00825378
927 0.884591 0.797591 0.00656255
928 0.884591 0.803287 0.00611983
929 0.884591 0.80376 0.00548912
930 0.884591 0.798244 0.00831672
931 0.884591 0.788659 0.00954449
932 0.884591 0.792387 0.00889349
933 0.884591 0.79991 0.00562154
934 0.884591 0.791562 0.00618959
935 0.884591 0.792472 0.00817618
936 0.884591 0.785696 0.00950945
937 0.884778 0.789666 0.0116707
938 0.884778 0.811433 0.00534241
939 0.884778 0.810222 0.00557327
940 0.884778 0.823722 0.00366851
941 0.884778 0.81906 0.00423883
942 0.884778 0.817159 0.00343134
943 0.884778 0.806827 0.00588685
944 0.884778 0.805508 0.00799697
945 0.884778 0.79299 0.00839658
946 0.884778 0.792488 0.00762526
947 0.884778 0.792046 0.00873056
948 0.884778 0.779564 0.0118238
949 0.884778 0.790386 0.00651518
950 0.884778 0.796636 0.0051764
951 0.884778 0.79501 0.00700083
952 0.884778 0.79035 0.00850664
953 0.884778 0.794682 0.00652003
954 0.884778 0.80016 0.00477455
955 0.884778 0.800755 0.00544342
956 0.884778 0.810717 0.00492202
957 0.884778 0.802498 0.00571078
958 0.884778 0.802695 0.00596932
959 0.884778 0.792281 0.00739196
960 0.88489 0.799074 0.00559366
961 0.88489 0.805825 0.00475496
962 0.88489 0.801938 0.00404906
963 0.88489 0.808764 0.00351604
964 0.88489 0.811032 0.00442573
965 0.88489 0.81442 0.00332965
966 0.88489 0.800953 0.00641252
967 0.88489 0.795501 0.00842285
968 0.88489 0.802495 0.00671069
969 0.88489 0.803806 0.00492309
970 0.88489 0.793539 0.00722128
971 0.88489 0.798653 0.00679381
972 0.88489 0.795952 0.00695808
973 0.88489 0.789604 0.00682816
974 0.88489 0.799439 0.00488618
975 0.88489 0.800311 0.00500584
976 0.88489 0.795382 0.00650566
977 0.88489 0.80283 0.00568412
978 0.88489 0.797994 0.00628678
979 0.88489 0.78748 0.00645146
980 0.88489 0.799274 0.00473137
981 0.88489 0.805156 0.00445622
982 0.88489 0.807636 0.00394267
983 0.88489 0.809903 0.00421894
984 0.88489 0.811931 0.00400608
985 0.88489 0.808673 0.00482229
986 0.88489 0.799298 0.00625581
987 0.88489 0.803512 0.00757276
988 0.88489 0.804538 0.00683596
989 0.88489 0.810153 0.00577795
990 0.88489 0.806046 0.00514008
991 0.88489 0.816172 0.00275915
992 0.88489 0.817836 0.00249944
993 0.88489 0.815818 0.00303976
994 0.88489 0.813517 0.00407941
995 0.88489 0.805998 0.00596406
996 0.88489 0.811514 0.00425245
997 0.88489 0.814259 0.00491402
998 0.88489 0.810222 0.00456791
999 0.88489 0.814713 0.003752
1000 0.88489 0.80845 0.00481995
