0 0.51076 0.256272 0.00154434
1 0.51076 0.264618 0.00302359
2 0.52364 0.272806 0.00512704
3 0.52364 0.287701 0.00671766
4 0.527417 0.296828 0.00920606
5 0.527417 0.294226 0.00836097
6 0.581394 0.313347 0.0115072
7 0.581394 0.310036 0.0120678
8 0.581394 0.311105 0.0123534
9 0.581394 0.313886 0.0121908
10 0.581394 0.309855 0.0128367
11 0.581394 0.318589 0.0139444
12 0.581394 0.322257 0.0164357
13 0.581394 0.320449 0.0147322
14 0.654641 0.331907 0.0153559
15 0.654641 0.317387 0.0148653
16 0.654641 0.331121 0.0168581
17 0.664724 0.323316 0.0174564
18 0.664724 0.33038 0.0211171
19 0.664724 0.329699 0.0207395
20 0.670564 0.330829 0.0207164
21 0.670564 0.344729 0.0219158
22 0.678034 0.336842 0.0228197
23 0.696868 0.354026 0.0255549
24 0.696868 0.375425 0.0264785
25 0.696868 0.382341 0.0272265
26 0.701232 0.399626 0.0283546
27 0.701232 0.399947 0.0297371
28 0.701232 0.396288 0.0290643
29 0.711059 0.412547 0.0294881
30 0.711059 0.431223 0.0332743
31 0.711059 0.442365 0.0283394
32 0.711059 0.452021 0.0275212
33 0.711059 0.482356 0.027035
34 0.711059 0.486815 0.0243749
35 0.711059 0.476576 0.0250277
36 0.718349 0.482902 0.0235314
37 0.718349 0.485289 0.023937
38 0.73341 0.52008 0.0229875
39 0.73341 0.533158 0.0195066
40 0.73341 0.55109 0.0138844
41 0.73341 0.543236 0.016436
42 0.73341 0.558485 0.0144488
43 0.73341 0.548548 0.0153994
44 0.73341 0.572511 0.0139318
45 0.73341 0.563561 0.0138059
46 0.736683 0.56737 0.014888
47 0.736683 0.575007 0.0146641
48 0.736683 0.574561 0.0134771
49 0.736683 0.563247 0.0133917
50 0.736683 0.568441 0.0136587
51 0.768476 0.582357 0.0123242
52 0.774421 0.581124 0.0149759
53 0.774421 0.583781 0.0141546
54 0.774421 0.600582 0.0126781
55 0.774421 0.610432 0.0113981
56 0.774421 0.619277 0.00983043
57 0.774421 0.607059 0.0107168
58 0.774421 0.603131 0.0125362
59 0.774421 0.593373 0.0138249
60 0.774421 0.603009 0.0140384
61 0.774421 0.609215 0.0127658
62 0.774421 0.615376 0.01163
63 0.774421 0.621897 0.00859226
64 0.774421 0.614423 0.011425
65 0.774421 0.618862 0.00929179
66 0.774421 0.610108 0.0099654
67 0.774421 0.615285 0.0103332
68 0.774421 0.609208 0.0102276
69 0.774421 0.619894 0.011358
70 0.775635 0.632206 0.00953348
71 0.775635 0.624657 0.0103126
72 0.786563 0.603405 0.0128111
73 0.786563 0.605975 0.0140437
74 0.786563 0.593602 0.0145513
75 0.786563 0.604648 0.0153245
76 0.786563 0.60708 0.0155414
77 0.809491 0.639507 0.0125807
78 0.809491 0.62369 0.013129
79 0.809491 0.637232 0.0108023
80 0.810755 0.640522 0.0111354
81 0.811192 0.643251 0.0119476
82 0.811192 0.642642 0.0115619
83 0.811192 0.632535 0.0120199
84 0.811192 0.638599 0.0118272
85 0.811192 0.644453 0.0111426
86 0.825257 0.647206 0.0119809
87 0.825257 0.655853 0.010713
88 0.825257 0.654705 0.0139233
89 0.825257 0.647381 0.0160883
90 0.825257 0.653594 0.0182974
91 0.825257 0.636366 0.0190042
92 0.825257 0.634477 0.0196024
93 0.825257 0.664131 0.0147214
94 0.825257 0.653317 0.0115929
95 0.825257 0.655393 0.0147944
96 0.838544 0.667329 0.0142723
97 0.838544 0.652626 0.0171793
98 0.838544 0.657494 0.0150539
99 0.838544 0.660537 0.0130563
100 0.841336 0.650831 0.0155751
101 0.841336 0.665468 0.0168385
102 0.841336 0.645952 0.0170065
103 0.841336 0.670532 0.0153625
104 0.841336 0.674362 0.0146148
105 0.841921 0.6628 0.0150198
106 0.841921 0.645323 0.0156512
107 0.841921 0.663971 0.015944
108 0.841921 0.665204 0.0127734
109 0.844199 0.660619 0.0126075
110 0.844199 0.652644 0.0144505
111 0.844199 0.667128 0.0143809
112 0.844199 0.662449 0.0163126
113 0.844199 0.663346 0.0158361
114 0.844199 0.666269 0.0139484
115 0.844199 0.664768 0.0126993
116 0.844199 0.6548 0.0157682
117 0.86829 0.661099 0.016652
118 0.86829 0.641782 0.0189699
119 0.86829 0.659399 0.0154205
120 0.86829 0.657586 0.0169164
121 0.86829 0.649397 0.0208518
122 0.86829 0.65266 0.0198878
123 0.86829 0.629537 0.0216786
124 0.86829 0.637644 0.0205387
125 0.86829 0.636336 0.0202053
126 0.86829 0.651767 0.0206625
127 0.86829 0.669533 0.0181359
128 0.86829 0.653211 0.0183465
129 0.86829 0.662665 0.0161276
130 0.86829 0.667994 0.0174927
131 0.86829 0.683517 0.0144711
132 0.86829 0.67482 0.0140933
133 0.86829 0.682249 0.0148526
134 0.886283 0.680015 0.0165111
135 0.886283 0.653135 0.0218419
136 0.886283 0.658177 0.0183276
137 0.886283 0.646046 0.0197503
138 0.886283 0.664627 0.0207888
139 0.886283 0.655247 0.0227556
140 0.886283 0.655056 0.0233315
141 0.886283 0.655407 0.0225182
142 0.886283 0.645385 0.0224845
143 0.886283 0.637035 0.0228318
144 0.886283 0.662224 0.0175398
145 0.886283 0.668049 0.0187737
146 0.886283 0.6537 0.021876
147 0.886283 0.664691 0.0199787
148 0.886283 0.673896 0.0185712
149 0.886283 0.689181 0.0153433
150 0.886283 0.694957 0.01599
151 0.886283 0.680852 0.0173783
152 0.886283 0.690866 0.0164565
153 0.886283 0.684523 0.0150738
154 0.886283 0.690334 0.0149621
155 0.886283 0.679501 0.0152959
156 0.886283 0.680182 0.0194868
157 0.886283 0.687581 0.0156518
158 0.886283 0.686406 0.0158867
159 0.886283 0.711534 0.0132023
160 0.886283 0.696287 0.0139945
161 0.886283 0.684863 0.0158627
162 0.890592 0.688632 0.0157851
163 0.890592 0.680155 0.0156068
164 0.890592 0.682798 0.0118077
165 0.890592 0.682574 0.014775
166 0.890592 0.705041 0.0143768
167 0.890592 0.683686 0.0141807
168 0.890592 0.691062 0.0166636
169 0.890592 0.682986 0.0149104
170 0.890592 0.684781 0.0178133
171 0.890592 0.665144 0.018931
172 0.890592 0.667021 0.0206997
173 0.890592 0.67033 0.0210359
174 0.891106 0.6671 0.0194641
175 0.891106 0.667748 0.0219114
176 0.891106 0.637611 0.0249204
177 0.891106 0.661233 0.022917
178 0.891106 0.652156 0.024481
179 0.962283 0.657684 0.0272835
180 0.962283 0.647671 0.0278555
181 0.962283 0.63555 0.0294412
182 0.962283 0.627863 0.0301847
183 0.962283 0.639756 0.030092
184 0.962283 0.639452 0.0277762
185 0.962283 0.633321 0.0308276
186 0.962283 0.651831 0.0319076
187 0.962283 0.633729 0.0336105
188 0.962283 0.62578 0.0352801
189 0.962283 0.63829 0.0307569
190 0.962283 0.635395 0.0301125
191 0.962283 0.634128 0.0319882
192 0.962568 0.648782 0.0295103
193 0.962568 0.639466 0.0296624
194 0.962568 0.667314 0.0284463
195 0.962855 0.658862 0.0317634
196 0.962855 0.640841 0.0325311
197 0.962855 0.630715 0.0292356
198 0.962855 0.64818 0.0288583
199 0.962855 0.654274 0.0326121
200 0.962855 0.654333 0.031449
201 0.962855 0.649416 0.0303607
202 0.962855 0.641756 0.0359822
203 0.962855 0.667226 0.0306387
204 0.962934 0.659837 0.0356485
205 0.962934 0.660494 0.0373734
206 0.966452 0.690021 0.0375189
207 0.966452 0.671741 0.0342168
208 0.966452 0.695276 0.0351906
209 0.966452 0.694477 0.0321463
210 0.966452 0.686035 0.0415943
211 0.966452 0.680852 0.030279
212 0.966452 0.678876 0.0361379
213 0.966452 0.661874 0.0369928
214 0.966452 0.680529 0.0347727
215 0.966452 0.70121 0.0296543
216 0.966452 0.71383 0.0288056
217 0.966452 0.715079 0.024452
218 0.966452 0.712214 0.0267582
219 0.966452 0.719322 0.0297045
220 0.966452 0.710121 0.0268107
221 0.966452 0.735442 0.0245168
222 0.966452 0.714988 0.028232
223 0.966452 0.736499 0.0242461
224 0.966452 0.741738 0.0276507
225 0.966452 0.720786 0.025147
226 0.974292 0.73297 0.0224414
227 0.974292 0.735875 0.0247293
228 0.974292 0.722898 0.02888
229 0.974292 0.703469 0.0300843
230 0.976016 0.711306 0.0311727
231 0.976016 0.689236 0.0325102
232 0.976016 0.694068 0.0377429
233 0.976016 0.701933 0.032861
234 0.976016 0.72291 0.0298184
235 0.976016 0.739065 0.0291327
236 0.976016 0.761614 0.0276224
237 0.976238 0.76596 0.0289069
238 0.976238 0.76721 0.0279375
239 0.976238 0.768029 0.0272139
240 0.976238 0.749208 0.0280818
241 0.976238 0.722245 0.0351999
242 0.976238 0.738535 0.0291007
243 0.976238 0.717414 0.0298379
244 0.976238 0.710903 0.0342614
245 0.976238 0.727117 0.0328873
246 0.976238 0.71558 0.0304525
247 0.976238 0.710798 0.0366561
248 0.976238 0.718875 0.0364116
249 0.976238 0.708335 0.0389132
250 0.976238 0.703677 0.0346382
251 0.977851 0.714194 0.0352687
252 0.977851 0.72943 0.0347645
253 0.977851 0.739847 0.0299413
254 0.977851 0.730552 0.0351493
255 0.978009 0.773687 0.0274934
256 0.978009 0.75023 0.0240225
257 0.978009 0.740781 0.0264144
258 0.978104 0.770969 0.0262633
259 0.978104 0.764962 0.0263305
260 0.988539 0.756634 0.0298311
261 0.988539 0.719277 0.0317572
262 0.988539 0.72681 0.0311468
263 0.988539 0.71974 0.0400178
264 0.988539 0.699761 0.0373825
265 0.988539 0.715084 0.0322463
266 0.988539 0.734674 0.031998
267 0.988539 0.731851 0.0295574
268 0.988539 0.719115 0.0336717
269 0.988539 0.684362 0.0386458
270 0.988539 0.690372 0.0369546
271 0.988539 0.697046 0.0377716
272 0.988539 0.691835 0.034822
273 0.988539 0.697467 0.0354674
274 0.988539 0.72138 0.0325424
275 0.988539 0.722614 0.0280404
276 0.988539 0.731059 0.0301814
277 0.988539 0.727145 0.0289528
278 0.988539 0.717596 0.0362367
279 0.988539 0.751947 0.0303434
280 0.988539 0.734467 0.0296631
281 0.988539 0.715972 0.0355488
282 0.988539 0.72161 0.0365228
283 0.988539 0.711259 0.0372819
284 0.988539 0.724112 0.0317065
285 0.988539 0.720733 0.0322689
286 0.988539 0.744723 0.0288902
287 0.988539 0.701818 0.0335411
288 0.988539 0.724379 0.024825
289 0.988978 0.704987 0.029092
290 0.988978 0.714658 0.0299918
291 0.988978 0.704288 0.0305559
292 0.988978 0.699635 0.0352064
293 0.988978 0.719846 0.0318149
294 0.988978 0.724233 0.0348153
295 0.988978 0.680947 0.0340408
296 0.988978 0.690486 0.0342893
297 0.988978 0.66339 0.0332825
298 0.988978 0.682035 0.0339593
299 0.988978 0.699254 0.0323693
300 0.988978 0.69164 0.0312153
301 0.988978 0.699393 0.0309128
302 0.988978 0.702096 0.033997
303 0.990241 0.713471 0.03079
304 0.990241 0.709247 0.0299993
305 0.990241 0.704715 0.0339
306 0.990241 0.66673 0.0359279
307 0.990241 0.696279 0.0390985
308 0.990533 0.703845 0.0370845
309 0.990533 0.73046 0.0309809
310 0.990533 0.712646 0.034093
311 0.990533 0.676646 0.0329335
312 0.990533 0.641394 0.0392384
313 0.990533 0.654409 0.0380635
314 0.990533 0.64968 0.0375719
315 0.990646 0.682413 0.0395962
316 0.990646 0.667444 0.0387566
317 0.990646 0.669512 0.040177
318 0.990646 0.652573 0.0396015
319 0.990646 0.688072 0.0359152
320 0.990903 0.693125 0.0375603
321 0.990903 0.68959 0.0358461
322 0.991075 0.687649 0.0347346
323 0.991075 0.696673 0.0312314
324 0.991075 0.690836 0.0288373
325 0.991075 0.703566 0.0297309
326 0.991075 0.696409 0.0314349
327 0.991075 0.72923 0.024728
328 0.991075 0.70529 0.0310018
329 0.991075 0.697588 0.0335344
330 0.991075 0.71726 0.0310789
331 0.991075 0.703032 0.0373017
332 0.993045 0.718011 0.0369296
333 0.993045 0.720799 0.0304632
334 0.993045 0.699954 0.0387247
335 0.993045 0.700699 0.0358842
336 0.993045 0.691928 0.0378095
337 0.993045 0.699228 0.0381477
338 0.993045 0.711933 0.0352714
339 0.993045 0.711395 0.0327573
340 0.993045 0.698341 0.0324729
341 0.993045 0.708561 0.0329674
342 0.993045 0.706084 0.0324624
343 0.993045 0.712868 0.0290515
344 0.993045 0.708799 0.0338689
345 0.993045 0.714619 0.0330776
346 0.993045 0.697565 0.0384128
347 0.993045 0.703693 0.0371012
348 0.993045 0.713043 0.036433
349 0.993045 0.724483 0.0315648
350 0.993045 0.745065 0.028443
351 0.993045 0.729872 0.0342469
352 0.993045 0.714593 0.0374315
353 0.993045 0.706542 0.0352494
354 0.993045 0.713564 0.0337587
355 0.993045 0.711323 0.0362906
356 0.993045 0.708073 0.0303498
357 0.993045 0.714556 0.0305492
358 0.993045 0.727927 0.0299586
359 0.993045 0.735545 0.038264
360 0.993045 0.718662 0.0338434
361 0.993045 0.712685 0.0403311
362 0.993045 0.723129 0.0358716
363 0.993045 0.734233 0.0296177
364 0.993045 0.73072 0.0366946
365 0.993045 0.725363 0.0332432
366 0.993045 0.744115 0.0314158
367 0.995326 0.738055 0.0322829
368 0.995326 0.749412 0.0289218
369 0.995326 0.753228 0.025067
370 0.995326 0.758612 0.0279711
371 0.995326 0.752014 0.0314596
372 0.995326 0.760723 0.02505
373 0.995326 0.737439 0.0314457
374 0.995326 0.744469 0.0334285
375 0.995326 0.730809 0.0332559
376 0.995326 0.743453 0.0296315
377 0.995326 0.743124 0.0257073
378 0.995326 0.73209 0.0291809
379 0.995326 0.741847 0.0359102
380 0.995326 0.740785 0.0323749
381 0.995326 0.771274 0.0248556
382 0.995326 0.764589 0.0232847
383 0.995326 0.73555 0.0269368
384 0.995326 0.736882 0.0323737
385 0.995326 0.7536 0.0308297
386 0.995326 0.736679 0.0295244
387 0.995326 0.728795 0.0304535
388 0.995326 0.723821 0.0321843
389 0.995326 0.716347 0.0328902
390 0.995326 0.721123 0.0364045
391 0.995326 0.72434 0.033308
392 0.995326 0.727166 0.0301194
393 0.995326 0.73787 0.0249689
394 0.995326 0.742002 0.0263623
395 0.995326 0.736425 0.0250608
396 0.995326 0.723013 0.0296977
397 0.995326 0.722434 0.0282526
398 0.995326 0.726862 0.0312824
399 0.995326 0.698458 0.0369755
400 0.996381 0.725846 0.0311088
401 0.996381 0.708602 0.034691
402 0.996381 0.711919 0.0368459
403 0.996381 0.726691 0.0381954
404 0.996381 0.704688 0.0404749
405 0.996381 0.702115 0.036644
406 0.996381 0.714159 0.0381543
407 0.996381 0.693354 0.0387878
408 0.996381 0.727347 0.0273415
409 0.996381 0.738503 0.0279527
410 0.996442 0.737535 0.0336929
411 0.996442 0.736275 0.0353795
412 0.996442 0.723191 0.0304534
413 0.996442 0.724447 0.0321639
414 0.996442 0.720483 0.0339433
415 0.996442 0.714636 0.033392
416 0.996442 0.717373 0.032544
417 0.996442 0.718768 0.0324138
418 0.996442 0.73249 0.0315897
419 0.996442 0.729402 0.0338901
420 0.996442 0.7288 0.0318623
421 0.996442 0.726709 0.0262164
422 0.996442 0.732987 0.0272673
423 0.996442 0.729157 0.0294834
424 0.996442 0.699891 0.0334794
425 0.996442 0.715136 0.0299786
426 0.996442 0.708216 0.0306099
427 0.996442 0.703053 0.0314672
428 0.996442 0.72426 0.0288891
429 0.996442 0.729264 0.0232756
430 0.996442 0.751296 0.0202909
431 0.996442 0.756117 0.0197528
432 0.996442 0.746345 0.0200991
433 0.996442 0.772053 0.0181689
434 0.996442 0.746966 0.025042
435 0.996442 0.747318 0.0232805
436 0.996442 0.726765 0.0250927
437 0.996442 0.729103 0.0274749
438 0.996442 0.737687 0.0239529
439 0.996442 0.732422 0.0296469
440 0.996442 0.716099 0.0336002
441 0.996442 0.720371 0.0312214
442 0.996442 0.724244 0.0317104
443 0.996442 0.716541 0.0314694
444 0.996442 0.720475 0.0327471
445 0.996442 0.74086 0.0305621
446 0.996442 0.728908 0.0346773
447 0.996442 0.710714 0.0400131
448 0.996442 0.719787 0.0395167
449 0.996442 0.745116 0.0351405
450 0.996442 0.718943 0.0285398
451 0.996442 0.733419 0.0328861
452 0.996442 0.716513 0.0331495
453 0.996442 0.732472 0.0306497
454 0.996442 0.716579 0.0314185
455 0.996442 0.711602 0.0300389
456 0.996442 0.710036 0.030541
457 0.996442 0.720481 0.0271944
458 0.996442 0.730882 0.0259009
459 0.996442 0.693769 0.0316574
460 0.996442 0.711104 0.0314323
461 0.996442 0.712229 0.0341181
462 0.996442 0.706843 0.0337892
463 0.996442 0.718771 0.0301854
464 0.996442 0.718197 0.0338206
465 0.996442 0.718499 0.0342174
466 0.996442 0.69994 0.0355721
467 0.996442 0.692192 0.0354039
468 0.996442 0.700909 0.0366719
469 0.996442 0.709187 0.0340604
470 0.996442 0.692829 0.0359098
471 0.996442 0.683163 0.0333712
472 0.996442 0.700409 0.0308206
473 0.996442 0.69366 0.02826
474 0.996442 0.687704 0.0296826
475 0.996442 0.680783 0.0325144
476 0.996442 0.692999 0.0276409
477 0.996442 0.678125 0.0359841
478 0.996442 0.714217 0.0278419
479 0.996442 0.726084 0.0290943
480 0.996442 0.712111 0.0290716
481 0.996442 0.700065 0.03511
482 0.996442 0.693848 0.0400812
483 0.996442 0.696419 0.0372431
484 0.996442 0.696341 0.0336962
485 0.996442 0.697186 0.0336599
486 0.996442 0.693849 0.0338372
487 0.996442 0.679232 0.0343282
488 0.996442 0.680238 0.0334932
489 0.996442 0.692346 0.0318714
490 0.996442 0.699438 0.0318887
491 0.996442 0.688292 0.0368713
492 0.996499 0.690341 0.0386466
493 0.996499 0.695849 0.035482
494 0.996499 0.688706 0.0346724
495 0.996499 0.682538 0.0344351
496 0.996499 0.691264 0.0317909
497 0.996499 0.715006 0.0285019
498 0.996499 0.697209 0.0336189
499 0.996499 0.694746 0.0326935
500 0.996499 0.705809 0.030543
501 0.996499 0.714399 0.0261588
502 0.996499 0.735952 0.0292653
503 0.996499 0.74197 0.0279156
504 0.996499 0.739302 0.0271891
505 0.996499 0.725285 0.0255328
506 0.996499 0.732425 0.0318976
507 0.996499 0.720046 0.0318565
508 0.996499 0.704406 0.0347807
509 0.996499 0.690133 0.0369717
510 0.996499 0.702347 0.0350161
511 0.996499 0.703983 0.0392352
512 0.996499 0.712627 0.0327457
513 0.996499 0.703487 0.0324482
514 0.996499 0.693192 0.0386925
515 0.996499 0.681666 0.0410766
516 0.996499 0.680825 0.0369682
517 0.996499 0.700454 0.0328503
518 0.996499 0.736913 0.0275632
519 0.996499 0.704924 0.0344313
520 0.996499 0.72058 0.034232
521 0.996499 0.711726 0.0276364
522 0.996499 0.71812 0.0289843
523 0.996499 0.729095 0.0310873
524 0.996499 0.711398 0.0322957
525 0.996499 0.698768 0.0359582
526 0.996499 0.709828 0.0378496
527 0.996499 0.706831 0.0379917
528 0.996499 0.72655 0.0297471
529 0.996499 0.747609 0.0231025
530 0.996499 0.759221 0.025015
531 0.996499 0.757865 0.0217771
532 0.996499 0.743397 0.0259249
533 0.996499 0.749135 0.024991
534 0.996499 0.710548 0.0322355
535 0.996623 0.716065 0.0304556
536 0.996623 0.741962 0.0272491
537 0.996623 0.744734 0.023279
538 0.996623 0.740143 0.0316334
539 0.996623 0.718083 0.031718
540 0.996623 0.72185 0.0271397
541 0.996623 0.726767 0.0250388
542 0.996623 0.721411 0.0300767
543 0.996623 0.714246 0.0348311
544 0.996623 0.734625 0.0294411
545 0.996623 0.74218 0.0296696
546 0.996623 0.732515 0.0297863
547 0.996623 0.729182 0.0288775
548 0.996623 0.706181 0.0313651
549 0.996623 0.719755 0.0324838
550 0.996623 0.724466 0.0268204
551 0.996623 0.743418 0.0215792
552 0.996623 0.750088 0.0247448
553 0.996623 0.731836 0.0241326
554 0.996623 0.72056 0.0271021
555 0.996623 0.702998 0.0296827
556 0.996623 0.68109 0.03764
557 0.996623 0.698657 0.038466
558 0.996623 0.689006 0.0394859
559 0.996623 0.709905 0.0366667
560 0.996623 0.720819 0.032423
561 0.996623 0.711734 0.0325094
562 0.996623 0.739453 0.0266277
563 0.996623 0.742646 0.0310824
564 0.996623 0.723103 0.0332865
565 0.996623 0.713855 0.030636
566 0.996623 0.719417 0.0306509
567 0.996623 0.731555 0.0340913
568 0.996623 0.730192 0.0314629
569 0.996623 0.729795 0.033256
570 0.996623 0.719548 0.0357032
571 0.996623 0.696986 0.0382505
572 0.996623 0.754225 0.0330762
573 0.996623 0.737078 0.0301146
574 0.996623 0.73408 0.0281433
575 0.996623 0.754973 0.0275681
576 0.996623 0.773736 0.0235347
577 0.996623 0.772153 0.0296614
578 0.996623 0.753348 0.0261457
579 0.996623 0.74483 0.0240538
580 0.996623 0.743466 0.0236795
581 0.996623 0.732278 0.0252425
582 0.996623 0.721174 0.0340348
583 0.996623 0.715485 0.0314692
584 0.996623 0.719472 0.0336453
585 0.996623 0.719902 0.0304786
586 0.996623 0.727457 0.0317666
587 0.996623 0.769437 0.0240925
588 0.996623 0.741429 0.0223973
589 0.996623 0.742488 0.0264958
590 0.996623 0.747574 0.0268889
591 0.996623 0.754634 0.0309433
592 0.996623 0.76574 0.0252272
593 0.996623 0.759675 0.0302935
594 0.996623 0.746541 0.0292635
595 0.996623 0.75647 0.0285949
596 0.996623 0.770885 0.0250146
597 0.996623 0.74995 0.0277395
598 0.996623 0.751894 0.030834
599 0.996623 0.72851 0.0367496
600 0.996623 0.716271 0.0359973
601 0.996623 0.691289 0.0380214
602 0.996623 0.684469 0.0393716
603 0.996623 0.68944 0.0370931
604 0.996623 0.693655 0.0404114
605 0.996623 0.699294 0.043714
606 0.996623 0.704696 0.0409805
607 0.996623 0.710055 0.0345629
608 0.996623 0.683536 0.0370374
609 0.996623 0.713345 0.0342676
610 0.996623 0.711565 0.02877
611 0.996623 0.707819 0.033174
612 0.996623 0.721741 0.0279829
613 0.996623 0.72775 0.0278072
614 0.996623 0.744033 0.0317068
615 0.996623 0.721816 0.0334845
616 0.996623 0.729835 0.0326682
617 0.996623 0.750699 0.03077
618 0.996623 0.721061 0.0334292
619 0.996623 0.73252 0.0349609
620 0.996623 0.734649 0.033426
621 0.996623 0.723229 0.0396184
622 0.996623 0.713933 0.0390658
623 0.996636 0.716985 0.0357861
624 0.996636 0.736529 0.0319906
625 0.996636 0.738888 0.0331998
626 0.996636 0.747783 0.0290011
627 0.996636 0.764889 0.0254895
628 0.996636 0.741133 0.0242573
629 0.996636 0.735076 0.0265856
630 0.996636 0.717689 0.0369234
631 0.996636 0.697394 0.042318
632 0.996636 0.716059 0.0319781
633 0.996636 0.709659 0.0364831
634 0.996636 0.701011 0.037709
635 0.996636 0.715712 0.0347748
636 0.996636 0.691684 0.0374723
637 0.996636 0.703378 0.0344579
638 0.996636 0.704418 0.0362167
639 0.996636 0.7103 0.0365253
640 0.996636 0.699314 0.0368133
641 0.996636 0.706953 0.0371324
642 0.996636 0.686493 0.0372876
643 0.996636 0.687202 0.0402831
644 0.996636 0.684596 0.0398414
645 0.996636 0.698397 0.0398397
646 0.996636 0.709183 0.0400078
647 0.996636 0.693127 0.0354645
648 0.996636 0.722616 0.0333466
649 0.996636 0.711285 0.0358333
650 0.996636 0.701063 0.0403978
651 0.996636 0.716044 0.0337616
652 0.996636 0.702384 0.033923
653 0.996636 0.716025 0.0345442
654 0.996636 0.71421 0.0334073
655 0.996636 0.691535 0.0390395
656 0.996636 0.705602 0.0331915
657 0.996636 0.720599 0.0302096
658 0.996636 0.71788 0.0309112
659 0.996636 0.705727 0.0282612
660 0.996636 0.719563 0.0281889
661 0.996636 0.746827 0.0276421
662 0.996636 0.736469 0.029743
663 0.996636 0.717921 0.0320865
664 0.996636 0.711043 0.0301923
665 0.996636 0.728856 0.0293278
666 0.996636 0.726554 0.0212798
667 0.996636 0.730361 0.0280927
668 0.996636 0.745614 0.026876
669 0.996636 0.734938 0.0291193
670 0.996636 0.728971 0.0290409
671 0.996636 0.741848 0.0255106
672 0.996636 0.740961 0.0262925
673 0.996636 0.719275 0.0268103
674 0.996636 0.740483 0.0253751
675 0.996636 0.758583 0.0198315
676 0.996636 0.749144 0.0314564
677 0.996636 0.765655 0.0220375
678 0.996636 0.746566 0.0242857
679 0.996636 0.730299 0.0258183
680 0.996636 0.746224 0.0236628
681 0.996658 0.749364 0.0264211
682 0.996658 0.72232 0.0278999
683 0.996658 0.746188 0.026259
684 0.996658 0.729398 0.030253
685 0.996658 0.730816 0.0279061
686 0.996658 0.737564 0.0315221
687 0.996658 0.740882 0.0303105
688 0.996883 0.756052 0.0286083
689 0.996883 0.791115 0.0215033
690 0.996883 0.760826 0.023535
691 0.996883 0.744776 0.027408
692 0.996883 0.7291 0.0318374
693 0.996883 0.743794 0.0237223
694 0.996883 0.720771 0.0293054
695 0.996883 0.723176 0.0329407
696 0.996883 0.731112 0.0303698
697 0.996883 0.753128 0.0254044
698 0.996883 0.742518 0.0265689
699 0.996883 0.740968 0.0294321
700 0.996883 0.749471 0.0291257
701 0.996883 0.728422 0.0314735
702 0.996883 0.702357 0.0397845
703 0.996883 0.703441 0.0336047
704 0.996883 0.712542 0.0354163
705 0.996883 0.716824 0.0365531
706 0.996883 0.722107 0.0327548
707 0.996883 0.698323 0.0363457
708 0.996883 0.70029 0.03623
709 0.996883 0.692773 0.0413071
710 0.996883 0.680447 0.0382479
711 0.996883 0.708488 0.0376697
712 0.996883 0.699782 0.0364044
713 0.996883 0.692591 0.0359815
714 0.996883 0.709956 0.0354117
715 0.996883 0.728702 0.0317524
716 0.996883 0.736329 0.0275359
717 0.996883 0.728401 0.0301794
718 0.996883 0.710474 0.0317925
719 0.996883 0.707828 0.0333991
720 0.996883 0.720995 0.0283467
721 0.996883 0.703402 0.0326475
722 0.996883 0.715702 0.0315053
723 0.996883 0.737684 0.0264193
724 0.996883 0.755746 0.0171355
725 0.996883 0.751438 0.022541
726 0.996883 0.74452 0.0263058
727 0.996883 0.737603 0.0291902
728 0.996883 0.747667 0.0256595
729 0.996883 0.735482 0.0265673
730 0.996883 0.753981 0.0250353
731 0.996883 0.73641 0.0287228
732 0.996883 0.732487 0.0278934
733 0.996883 0.741558 0.0241319
734 0.996883 0.742471 0.0218816
735 0.996883 0.750514 0.0249082
736 0.996883 0.740874 0.0289613
737 0.996883 0.746811 0.0282856
738 0.996883 0.725503 0.0246327
739 0.996883 0.720083 0.0255849
740 0.996883 0.727938 0.0247548
741 0.996883 0.730943 0.0273499
742 0.996883 0.737431 0.0281221
743 0.996883 0.727091 0.0325113
744 0.996883 0.739296 0.026518
745 0.996883 0.739137 0.0275446
746 0.996883 0.736776 0.0256762
747 0.996883 0.744773 0.0210445
748 0.996883 0.753603 0.0242499
749 0.996883 0.75139 0.0298781
750 0.996883 0.758953 0.0281126
751 0.996883 0.726406 0.0255854
752 0.996883 0.729971 0.0278311
753 0.996883 0.715141 0.0277414
754 0.996883 0.733426 0.0303814
755 0.996883 0.724878 0.0342896
756 0.996883 0.714231 0.0345839
757 0.996883 0.719771 0.031781
758 0.996883 0.733135 0.0286804
759 0.996883 0.757213 0.0220845
760 0.996883 0.734802 0.0311826
761 0.996883 0.718924 0.0290357
762 0.996883 0.722396 0.0278037
763 0.996883 0.734419 0.0282747
764 0.996883 0.706778 0.030838
765 0.996883 0.715681 0.0354
766 0.996883 0.730592 0.0307097
767 0.996883 0.734079 0.0272869
768 0.996883 0.733704 0.0286722
769 0.996883 0.724188 0.0298144
770 0.996883 0.724892 0.024846
771 0.996883 0.722905 0.0270032
772 0.996883 0.724154 0.028174
773 0.996915 0.707621 0.0277384
774 0.996915 0.709324 0.0303782
775 0.996915 0.707786 0.0286737
776 0.996915 0.692469 0.0296478
777 0.996915 0.721914 0.0315281
778 0.996915 0.719236 0.0312325
779 0.996915 0.726149 0.0344663
780 0.996915 0.7291 0.0282953
781 0.996915 0.738924 0.0268282
782 0.996915 0.732772 0.0264468
783 0.996915 0.739525 0.0263281
784 0.996915 0.73656 0.0245421
785 0.996915 0.756374 0.0201295
786 0.996915 0.755072 0.0191728
787 0.996915 0.759342 0.0212608
788 0.996915 0.748174 0.0268682
789 0.996915 0.729941 0.0279994
790 0.996915 0.714984 0.0288392
791 0.996915 0.721509 0.0326666
792 0.996915 0.746981 0.0264871
793 0.996915 0.72835 0.0276366
794 0.996915 0.718426 0.0272557
795 0.996915 0.734812 0.0281734
796 0.996915 0.741253 0.0246372
797 0.996915 0.748019 0.0219762
798 0.996915 0.726856 0.0269186
799 0.996915 0.735018 0.0243644
800 0.996915 0.736398 0.0251905
801 0.996915 0.738357 0.0276338
802 0.996915 0.71227 0.0324096
803 0.996915 0.719917 0.0329523
804 0.996915 0.715445 0.0306865
805 0.996915 0.71288 0.0334429
806 0.996915 0.711159 0.0341263
807 0.996915 0.720529 0.0292991
808 0.996915 0.72168 0.030163
809 0.996915 0.724943 0.0266103
810 0.996915 0.740527 0.0251802
811 0.996915 0.721158 0.0324101
812 0.996915 0.724882 0.0266824
813 0.996915 0.727458 0.0344243
814 0.996915 0.709162 0.0375547
815 0.996915 0.693582 0.0420017
816 0.996915 0.73056 0.031745
817 0.996915 0.718985 0.0316128
818 0.996915 0.714964 0.0316602
819 0.996915 0.723463 0.0356598
820 0.996915 0.718923 0.0318086
821 0.996915 0.721773 0.0309227
822 0.996915 0.720828 0.0350363
823 0.996915 0.707595 0.0300948
824 0.996915 0.718957 0.0279953
825 0.996915 0.73336 0.0305747
826 0.996915 0.74271 0.0268043
827 0.996915 0.72351 0.0287206
828 0.996915 0.735761 0.0288383
829 0.996915 0.735158 0.0276689
830 0.996915 0.719422 0.0328488
831 0.996915 0.741785 0.0276979
832 0.996915 0.742726 0.0269829
833 0.996915 0.75414 0.0246546
834 0.996915 0.74809 0.0196164
835 0.996915 0.756956 0.0239837
836 0.996915 0.75474 0.0184456
837 0.996915 0.761692 0.0208948
838 0.996915 0.751656 0.0238029
839 0.996915 0.741929 0.0252387
840 0.996915 0.742843 0.0243083
841 0.996915 0.749815 0.0222194
842 0.996915 0.749273 0.0218004
843 0.996915 0.744671 0.0223349
844 0.996915 0.748464 0.0253974
845 0.996915 0.743756 0.0275397
846 0.996915 0.735479 0.0245786
847 0.996915 0.746176 0.0233654
848 0.996915 0.752718 0.0277341
849 0.996915 0.75952 0.0236673
850 0.996915 0.755122 0.0277552
851 0.996915 0.742019 0.0200433
852 0.996915 0.742022 0.027141
853 0.996915 0.724993 0.0254467
854 0.996915 0.726109 0.0279301
855 0.996915 0.717745 0.0313137
856 0.996915 0.692793 0.0352056
857 0.996915 0.691503 0.0339165
858 0.996915 0.709568 0.033345
859 0.996915 0.713315 0.0342504
860 0.996915 0.710592 0.0333591
861 0.996915 0.697851 0.0340283
862 0.996915 0.710499 0.0362093
863 0.996915 0.695563 0.0389239
864 0.996915 0.714012 0.0330903
865 0.996915 0.720231 0.029295
866 0.996915 0.736168 0.0266168
867 0.996915 0.736565 0.0288501
868 0.996915 0.717338 0.0268085
869 0.996915 0.716301 0.0320698
870 0.996915 0.727467 0.0254451
871 0.996915 0.726972 0.0253253
872 0.996915 0.734061 0.0303339
873 0.996915 0.724599 0.0277463
874 0.996915 0.714012 0.0298525
875 0.996915 0.730655 0.0279358
876 0.996915 0.724263 0.0271582
877 0.996915 0.723413 0.0280863
878 0.996915 0.734545 0.0301473
879 0.996915 0.70472 0.0297626
880 0.996915 0.7047 0.028977
881 0.996915 0.720482 0.0314168
882 0.996915 0.731569 0.0304084
883 0.996915 0.722148 0.0333654
884 0.996915 0.751366 0.0291562
885 0.996915 0.764601 0.0297951
886 0.996915 0.734767 0.0337179
887 0.996915 0.717754 0.035356
888 0.996915 0.725958 0.0349279
889 0.996915 0.743395 0.0369394
890 0.996915 0.745351 0.0364696
891 0.996915 0.743438 0.0315721
892 0.996915 0.719338 0.0336403
893 0.996915 0.715519 0.032207
894 0.996915 0.743964 0.0283438
895 0.996915 0.734133 0.0307426
896 0.996915 0.736929 0.0291007
897 0.996915 0.743744 0.0263294
898 0.996915 0.75287 0.0217489
899 0.996915 0.746331 0.0272367
900 0.996915 0.785572 0.0241052
901 0.996915 0.747115 0.0264786
902 0.996915 0.72956 0.0276548
903 0.996915 0.75357 0.0240312
904 0.996915 0.742802 0.0301385
905 0.996915 0.716557 0.0325055
906 0.996915 0.709241 0.0338869
907 0.996915 0.720782 0.0327395
908 0.996915 0.736449 0.024578
909 0.996915 0.726041 0.0308146
910 0.996915 0.756173 0.0252866
911 0.996915 0.7252 0.0310883
912 0.996915 0.727977 0.0280106
913 0.996915 0.700688 0.0390644
914 0.996915 0.718086 0.0339727
915 0.996915 0.744097 0.0343542
916 0.996915 0.735985 0.0311703
917 0.996915 0.729091 0.0286969
918 0.996915 0.716119 0.0319142
919 0.996915 0.727228 0.0292438
920 0.996915 0.722612 0.0312761
921 0.996915 0.71157 0.0313793
922 0.996915 0.691942 0.033309
923 0.996915 0.71467 0.0303404
924 0.996915 0.714481 0.0309716
925 0.996915 0.716124 0.0316149
926 0.996915 0.716238 0.0284886
927 0.996915 0.710157 0.0274222
928 0.996915 0.710292 0.0300986
929 0.996915 0.720204 0.027525
930 0.996915 0.710363 0.033086
931 0.996915 0.693413 0.0361508
932 0.996915 0.698927 0.0333517
933 0.996915 0.706176 0.0352373
934 0.996915 0.705823 0.0345487
935 0.996915 0.688307 0.033583
936 0.996915 0.693057 0.0391205
937 0.996915 0.690612 0.0382971
938 0.996915 0.703515 0.0341909
939 0.996915 0.702784 0.0338751
940 0.996915 0.709354 0.0361712
941 0.996915 0.738498 0.0313256
942 0.996915 0.73101 0.037294
943 0.996915 0.711874 0.0385696
944 0.996915 0.715953 0.0399604
945 0.996915 0.679207 0.0437941
946 0.996915 0.716028 0.0333311
947 0.996915 0.737795 0.0319475
948 0.996915 0.733292 0.0316478
949 0.996915 0.738326 0.0323681
950 0.996915 0.711415 0.0381225
951 0.996915 0.709585 0.0365044
952 0.996915 0.714196 0.0375061
953 0.996915 0.7211 0.0355086
954 0.996915 0.758392 0.0293531
955 0.996915 0.762472 0.0234181
956 0.996915 0.73771 0.0283466
957 0.996915 0.741547 0.029635
958 0.996915 0.716766 0.0276253
959 0.996915 0.71321 0.0286665
960 0.996915 0.72315 0.0276411
961 0.996915 0.710323 0.0331894
962 0.996915 0.73411 0.0270815
963 0.996915 0.73554 0.026222
964 0.996915 0.742698 0.0265913
965 0.996915 0.736068 0.0316298
966 0.996915 0.73897 0.02711
967 0.996915 0.718605 0.0274024
968 0.996915 0.736654 0.0260181
969 0.996915 0.735568 0.0259417
970 0.996915 0.745355 0.0248792
971 0.996915 0.713494 0.0294831
972 0.996915 0.734486 0.0269406
973 0.996915 0.730107 0.0261526
974 0.996915 0.729926 0.0280088
975 0.996915 0.724693 0.0260585
976 0.996915 0.734358 0.0271947
977 0.996915 0.727094 0.0278796
978 0.996915 0.740404 0.0285721
979 0.996915 0.736769 0.0284283
980 0.996915 0.70806 0.0346098
981 0.996915 0.712099 0.0348658
982 0.996915 0.718677 0.0342111
983 0.996915 0.71223 0.0341214
984 0.996915 0.732569 0.0331498
985 0.996915 0.720061 0.031971
986 0.996915 0.731599 0.0319421
987 0.996915 0.724577 0.0347462
988 0.996915 0.736326 0.0226862
989 0.996915 0.716153 0.0279343
990 0.996915 0.711036 0.0287615
991 0.996915 0.691178 0.0305496
992 0.996915 0.688781 0.0348307
993 0.996915 0.699101 0.0353188
994 0.996915 0.708606 0.0372497
995 0.996915 0.716521 0.0355746
996 0.996915 0.710408 0.0368297
997 0.996915 0.683805 0.041781
998 0.996915 0.702568 0.040521
999 0.996915 0.698823 0.034525
1000 0.996915 0.667584 0.0368409
