0 0.326371 0.253861 0.000205878
1 0.446821 0.259758 0.000794553
2 0.446821 0.267948 0.00159946
3 0.446821 0.27086 0.0022026
4 0.446821 0.275801 0.00278232
5 0.469656 0.28496 0.00407441
6 0.469656 0.282803 0.00473426
7 0.530085 0.289166 0.00565646
8 0.563837 0.300745 0.0075669
9 0.563837 0.302672 0.00823308
10 0.57715 0.302951 0.00932435
11 0.639911 0.314689 0.0121518
12 0.641828 0.321472 0.0146626
13 0.641828 0.331875 0.0179796
14 0.641828 0.348194 0.0201751
15 0.653926 0.351619 0.0208584
16 0.653926 0.367236 0.0218287
17 0.664147 0.355211 0.0231987
18 0.680419 0.356658 0.0255531
19 0.680419 0.359459 0.0270337
20 0.680419 0.360107 0.0230415
21 0.680419 0.355844 0.0228342
22 0.680419 0.337224 0.0198747
23 0.68057 0.355078 0.0241725
24 0.683137 0.3543 0.0247331
25 0.683137 0.34123 0.0225523
26 0.683137 0.363133 0.0240525
27 0.683137 0.377723 0.0242894
28 0.683137 0.368871 0.0218541
29 0.683137 0.36941 0.0249493
30 0.683137 0.376348 0.0230411
31 0.686824 0.376721 0.0248603
32 0.686824 0.367587 0.0224961
33 0.686824 0.381801 0.0229904
34 0.687902 0.414603 0.0265817
35 0.687902 0.395975 0.0214421
36 0.687902 0.411251 0.0210936
37 0.687902 0.408355 0.0235096
38 0.687902 0.414814 0.0229527
39 0.687902 0.418728 0.0241048
40 0.687902 0.409856 0.0220557
41 0.687902 0.403003 0.0223797
42 0.687902 0.393369 0.0241605
43 0.688214 0.396073 0.0238328
44 0.688214 0.424549 0.0289542
45 0.688214 0.395487 0.0229354
46 0.688488 0.402407 0.0243272
47 0.688488 0.411258 0.0283611
48 0.689808 0.418697 0.0290199
49 0.689808 0.411124 0.0268709
50 0.689808 0.419486 0.0259066
51 0.689808 0.42065 0.0248125
52 0.689808 0.439985 0.0227296
53 0.689808 0.433105 0.022305
54 0.689808 0.426902 0.0215137
55 0.689808 0.429582 0.0264368
56 0.689808 0.431574 0.0239528
57 0.690223 0.44695 0.0235566
58 0.690223 0.442565 0.0257334
59 0.690223 0.447851 0.0274529
60 0.690223 0.45638 0.0268377
61 0.690223 0.452347 0.024348
62 0.690223 0.453157 0.0232288
63 0.690223 0.45391 0.0234272
64 0.690223 0.443018 0.0221088
65 0.690425 0.473229 0.0232513
66 0.690425 0.470406 0.0213688
67 0.69099 0.455547 0.0212092
68 0.69099 0.474256 0.0228805
69 0.69099 0.490634 0.0237567
70 0.69099 0.481732 0.0212945
71 0.69099 0.466533 0.0208743
72 0.691232 0.491084 0.0220473
73 0.691232 0.48223 0.0232129
74 0.692184 0.484819 0.0211993
75 0.692184 0.497691 0.0235323
76 0.692184 0.461507 0.0210162
77 0.692184 0.484414 0.0227346
78 0.692184 0.465021 0.0211101
79 0.692327 0.484429 0.0236621
80 0.692327 0.457936 0.0229675
81 0.692327 0.448585 0.0230023
82 0.692327 0.436519 0.0195966
83 0.692327 0.450398 0.0220069
84 0.692337 0.455789 0.0259437
85 0.692337 0.430789 0.0248072
86 0.692337 0.443655 0.025815
87 0.692337 0.456148 0.0254043
88 0.692337 0.439441 0.0211333
89 0.692388 0.447231 0.0238142
90 0.692388 0.443408 0.0258118
91 0.692388 0.444508 0.0242687
92 0.692628 0.426718 0.0235259
93 0.692764 0.4481 0.023424
94 0.692764 0.464657 0.0207619
95 0.692764 0.456679 0.0250292
96 0.692764 0.44759 0.0225545
97 0.693604 0.454564 0.0245106
98 0.693604 0.463234 0.025077
99 0.693604 0.477373 0.0231706
100 0.6939 0.480725 0.0212616
101 0.6939 0.491603 0.0208885
102 0.6939 0.481207 0.0212872
103 0.6939 0.50044 0.0238382
104 0.6939 0.486523 0.0225217
105 0.6939 0.473808 0.020881
106 0.6939 0.448962 0.021513
107 0.6939 0.454423 0.0241575
108 0.6939 0.445136 0.0229246
109 0.6939 0.467417 0.0202567
110 0.6939 0.479304 0.0220318
111 0.694117 0.459189 0.022953
112 0.694117 0.44875 0.0227784
113 0.694117 0.459739 0.0255581
114 0.694117 0.464212 0.0218067
115 0.694117 0.459358 0.0216959
116 0.694117 0.477271 0.0196428
117 0.694226 0.488459 0.0222316
118 0.694226 0.473625 0.0195496
119 0.694226 0.475133 0.020238
120 0.694226 0.491625 0.0239296
121 0.694226 0.495598 0.0241339
122 0.694226 0.462712 0.020593
123 0.6944 0.463362 0.0223215
124 0.6944 0.455804 0.019814
125 0.6944 0.463848 0.0210297
126 0.694493 0.517893 0.0220201
127 0.694695 0.515147 0.0195849
128 0.694695 0.503137 0.0170252
129 0.694695 0.493919 0.0183479
130 0.694695 0.506701 0.0214306
131 0.694695 0.496164 0.0208444
132 0.694711 0.48002 0.0193044
133 0.694711 0.487288 0.0181757
134 0.694711 0.47261 0.0165346
135 0.694711 0.482215 0.0170075
136 0.694711 0.491918 0.0192982
137 0.694942 0.497382 0.0186352
138 0.694942 0.48283 0.0218857
139 0.69497 0.468077 0.0237492
140 0.69497 0.4997 0.0220669
141 0.69497 0.504061 0.0226997
142 0.69497 0.489933 0.0221373
143 0.69497 0.469425 0.0241378
144 0.695469 0.469414 0.0242507
145 0.695469 0.478198 0.0250556
146 0.695469 0.460963 0.0223096
147 0.695469 0.478897 0.02489
148 0.695469 0.490394 0.0252246
149 0.695469 0.48398 0.0229211
150 0.695799 0.474782 0.0232793
151 0.695799 0.493941 0.0240089
152 0.695799 0.486257 0.0243752
153 0.695799 0.486442 0.0250585
154 0.695886 0.486975 0.024097
155 0.695911 0.467274 0.0236098
156 0.695911 0.453456 0.0250274
157 0.695911 0.461962 0.0240107
158 0.695911 0.439798 0.0237438
159 0.695911 0.458051 0.0248645
160 0.695911 0.460674 0.0259341
161 0.695911 0.447817 0.0245611
162 0.695911 0.428787 0.0250515
163 0.695911 0.420961 0.0259223
164 0.695911 0.462627 0.0260564
165 0.695911 0.453363 0.0245278
166 0.697321 0.447621 0.0229213
167 0.697321 0.484248 0.0244604
168 0.697321 0.476407 0.0239361
169 0.697321 0.478162 0.022167
170 0.697321 0.508371 0.0238215
171 0.697321 0.494801 0.0238442
172 0.697321 0.493279 0.0225748
173 0.697321 0.488432 0.0183645
174 0.697321 0.49505 0.0193711
175 0.697321 0.492981 0.0233766
176 0.697321 0.465039 0.023189
177 0.697321 0.472751 0.0236238
178 0.697321 0.467422 0.0250625
179 0.697559 0.484918 0.024744
180 0.697559 0.49615 0.0222814
181 0.697559 0.502986 0.0197149
182 0.697559 0.503742 0.0218063
183 0.697559 0.482509 0.0254309
184 0.697559 0.479245 0.0264442
185 0.697559 0.489824 0.0231558
186 0.697559 0.478957 0.0212555
187 0.697559 0.495602 0.0207331
188 0.697559 0.486821 0.0220392
189 0.697559 0.492729 0.0205036
190 0.697559 0.478862 0.0211941
191 0.697559 0.484736 0.020183
192 0.697559 0.482634 0.0183958
193 0.697559 0.506606 0.0183246
194 0.698005 0.503776 0.0200317
195 0.698005 0.509475 0.0190685
196 0.698005 0.5203 0.0191903
197 0.698005 0.503999 0.0201638
198 0.698005 0.51066 0.0195466
199 0.698005 0.502568 0.0208945
200 0.698005 0.499566 0.0197963
201 0.698005 0.501218 0.0182167
202 0.698005 0.499501 0.0182791
203 0.698005 0.49718 0.0197847
204 0.698005 0.511081 0.0214465
205 0.698005 0.51427 0.0206159
206 0.698005 0.514372 0.0231555
207 0.698005 0.490901 0.0227767
208 0.698005 0.487191 0.0229405
209 0.698005 0.477153 0.0208762
210 0.698005 0.492484 0.0206927
211 0.698005 0.492788 0.0216693
212 0.698005 0.47466 0.0226525
213 0.698005 0.470144 0.0255349
214 0.698005 0.497146 0.0249941
215 0.698005 0.480115 0.0227677
216 0.698005 0.486535 0.0230939
217 0.698005 0.474874 0.0188711
218 0.698005 0.486586 0.023281
219 0.698005 0.47571 0.0208244
220 0.698005 0.475869 0.0216784
221 0.698005 0.496565 0.0244703
222 0.698005 0.491019 0.0241096
223 0.698005 0.487654 0.0222587
224 0.698005 0.46831 0.0222811
225 0.698005 0.473771 0.0240722
226 0.698005 0.501813 0.022116
227 0.698005 0.487388 0.0231454
228 0.698005 0.493487 0.0213687
229 0.698005 0.482234 0.0234361
230 0.698005 0.460641 0.0208576
231 0.698005 0.464186 0.0208026
232 0.698005 0.452191 0.0214303
233 0.698058 0.463462 0.0236912
234 0.698142 0.453993 0.0256282
235 0.69826 0.460278 0.022968
236 0.69826 0.482214 0.0240707
237 0.69826 0.472547 0.0204237
238 0.698362 0.471497 0.0197263
239 0.699113 0.478329 0.0208045
240 0.699113 0.490995 0.0224627
241 0.699113 0.501607 0.0234795
242 0.699113 0.486113 0.0220181
243 0.699113 0.463845 0.0197456
244 0.699113 0.493178 0.0232205
245 0.699113 0.489237 0.02294
246 0.699113 0.501685 0.0216462
247 0.699113 0.495855 0.0260188
248 0.699113 0.49282 0.0218082
249 0.699113 0.468303 0.0221291
250 0.699378 0.475153 0.0237907
251 0.699378 0.474333 0.0230386
252 0.699378 0.466261 0.0237798
253 0.699378 0.455325 0.023398
254 0.699378 0.459164 0.0216165
255 0.699378 0.463681 0.0234079
256 0.699378 0.493617 0.0228393
257 0.699378 0.478468 0.0196167
258 0.699378 0.484925 0.0205344
259 0.699378 0.471939 0.0240556
260 0.699378 0.472882 0.0265149
261 0.699378 0.469112 0.0236026
262 0.699378 0.479795 0.0235667
263 0.699378 0.479863 0.027366
264 0.699378 0.475205 0.0249574
265 0.699378 0.473516 0.0212049
266 0.699378 0.475338 0.0225188
267 0.699378 0.467512 0.0235855
268 0.699378 0.482658 0.0214506
269 0.699378 0.472226 0.0223072
270 0.699378 0.46734 0.0245995
271 0.699378 0.463923 0.0250495
272 0.699378 0.464621 0.0253667
273 0.699378 0.455426 0.0231786
274 0.699378 0.459725 0.0272095
275 0.699378 0.44817 0.021235
276 0.699378 0.4571 0.0247509
277 0.699378 0.497048 0.0229097
278 0.699468 0.50149 0.0224567
279 0.699468 0.492812 0.0215614
280 0.699468 0.492608 0.0219062
281 0.699468 0.462539 0.0210629
282 0.699468 0.491062 0.023001
283 0.699556 0.486458 0.021862
284 0.699556 0.48334 0.0183809
285 0.699556 0.490674 0.0210657
286 0.699556 0.478304 0.0200254
287 0.699556 0.46015 0.0222993
288 0.699556 0.463083 0.020877
289 0.699556 0.460407 0.0236754
290 0.699556 0.463232 0.0240246
291 0.699556 0.460049 0.0235001
292 0.699556 0.476869 0.023249
293 0.699556 0.483668 0.0230667
294 0.699556 0.490101 0.0220908
295 0.699556 0.485536 0.0241291
296 0.699556 0.476866 0.0231755
297 0.699556 0.478484 0.0244234
298 0.699556 0.491237 0.0233592
299 0.699556 0.476578 0.0246596
300 0.699771 0.485709 0.0241063
301 0.699771 0.488511 0.0219823
302 0.700934 0.517126 0.0207726
303 0.700934 0.505048 0.019523
304 0.700934 0.493736 0.0225556
305 0.700934 0.512621 0.020456
306 0.700934 0.496821 0.0201921
307 0.700934 0.485887 0.0251017
308 0.700934 0.49393 0.0227251
309 0.700934 0.496172 0.0224266
310 0.700934 0.486945 0.0214007
311 0.700934 0.491591 0.0219373
312 0.700934 0.521832 0.0211389
313 0.700934 0.523117 0.0203609
314 0.700934 0.501987 0.0197403
315 0.701307 0.484814 0.0204436
316 0.701307 0.529194 0.022343
317 0.701307 0.519346 0.02081
318 0.701307 0.524463 0.0206681
319 0.701307 0.516544 0.0211988
320 0.70132 0.52176 0.0207438
321 0.70132 0.5128 0.0192566
322 0.701516 0.511745 0.0197813
323 0.701516 0.522778 0.0232498
324 0.701516 0.537345 0.0193047
325 0.701516 0.534876 0.0237366
326 0.701516 0.521869 0.0246706
327 0.701516 0.495292 0.0212148
328 0.701516 0.509088 0.019989
329 0.701516 0.511732 0.0198108
330 0.701573 0.492908 0.0209437
331 0.701573 0.498246 0.0222759
332 0.701573 0.489745 0.0228296
333 0.701573 0.497372 0.0183219
334 0.701573 0.511028 0.0209779
335 0.701573 0.521471 0.0239933
336 0.701573 0.509207 0.0221667
337 0.701573 0.50705 0.0216285
338 0.701573 0.513017 0.017856
339 0.701573 0.51745 0.0184025
340 0.701718 0.516305 0.0212603
341 0.701718 0.514262 0.0183937
342 0.701718 0.531991 0.0184903
343 0.701718 0.509516 0.0187649
344 0.701718 0.511118 0.0182612
345 0.701718 0.510905 0.0201651
346 0.701773 0.50699 0.0200586
347 0.701773 0.52437 0.0172643
348 0.702111 0.546507 0.0180825
349 0.702111 0.540066 0.0177247
350 0.702383 0.532999 0.0206107
351 0.702383 0.515036 0.0199119
352 0.702383 0.509224 0.0176313
353 0.702383 0.510931 0.020857
354 0.702383 0.48914 0.0204287
355 0.702403 0.505174 0.0196937
356 0.702403 0.509546 0.0208552
357 0.702403 0.533081 0.0244254
358 0.702403 0.531623 0.0193672
359 0.7026 0.530074 0.0196884
360 0.7026 0.524308 0.0195819
361 0.702658 0.508151 0.0221541
362 0.702658 0.514643 0.0189421
363 0.702658 0.521544 0.0206621
364 0.702658 0.497302 0.0214066
365 0.702998 0.504382 0.0244713
366 0.702998 0.533576 0.0204204
367 0.702998 0.53331 0.021043
368 0.702998 0.51126 0.0197091
369 0.702998 0.525998 0.0230188
370 0.702998 0.538125 0.0239449
371 0.702998 0.533987 0.0205748
372 0.702998 0.53175 0.0201328
373 0.702998 0.537108 0.020803
374 0.702998 0.525355 0.0211621
375 0.702998 0.507252 0.0221017
376 0.703219 0.543538 0.0223862
377 0.703219 0.519089 0.0229901
378 0.703381 0.503263 0.0214134
379 0.703381 0.527053 0.0226238
380 0.703921 0.535226 0.0198964
381 0.703921 0.524907 0.0196804
382 0.703921 0.530957 0.0183721
383 0.703921 0.536537 0.0203564
384 0.703921 0.539717 0.0193966
385 0.703921 0.549558 0.0205557
386 0.703921 0.53772 0.0231974
387 0.705524 0.541962 0.0237057
388 0.705524 0.506874 0.023073
389 0.705524 0.518198 0.0228214
390 0.705524 0.500079 0.0203151
391 0.705524 0.504881 0.0206674
392 0.705524 0.490084 0.0234086
393 0.705524 0.477104 0.0227806
394 0.705524 0.510073 0.0216059
395 0.705524 0.521048 0.0203207
396 0.705524 0.517982 0.0201869
397 0.705524 0.505901 0.0200779
398 0.705524 0.48345 0.0226667
399 0.705524 0.497046 0.0220601
400 0.705524 0.500415 0.0183935
401 0.706124 0.494151 0.0198575
402 0.706124 0.461841 0.0209485
403 0.706124 0.482612 0.0245761
404 0.706124 0.479144 0.025535
405 0.706124 0.490135 0.0231273
406 0.707061 0.505259 0.0239628
407 0.707061 0.504591 0.0211329
408 0.707061 0.510212 0.0225423
409 0.707061 0.512098 0.0236255
410 0.707061 0.524512 0.0260005
411 0.707061 0.519425 0.0231104
412 0.707061 0.515952 0.0225703
413 0.707061 0.52091 0.0229759
414 0.707156 0.531408 0.0225315
415 0.707156 0.535664 0.0198093
416 0.707156 0.553335 0.0184264
417 0.707156 0.540021 0.0179838
418 0.707156 0.546524 0.0183057
419 0.707156 0.552466 0.0203061
420 0.707156 0.535332 0.0167169
421 0.708041 0.550402 0.0180624
422 0.708041 0.541115 0.0182941
423 0.708041 0.540573 0.0174827
424 0.708041 0.548883 0.0196942
425 0.708041 0.559863 0.0187101
426 0.708041 0.557401 0.0189107
427 0.708041 0.551032 0.0202302
428 0.708041 0.541511 0.0205782
429 0.70928 0.537419 0.0198945
430 0.70928 0.537645 0.017875
431 0.70928 0.541719 0.0197629
432 0.70928 0.53422 0.0214333
433 0.70928 0.534793 0.0184315
434 0.70928 0.536306 0.020964
435 0.70928 0.547616 0.0189564
436 0.70928 0.523036 0.0204264
437 0.70928 0.546069 0.0188526
438 0.70928 0.534506 0.0214556
439 0.70928 0.538977 0.0212733
440 0.70928 0.556013 0.0206127
441 0.70928 0.548251 0.0194665
442 0.70928 0.542936 0.0235713
443 0.70928 0.538064 0.0224188
444 0.70928 0.517095 0.0243955
445 0.709368 0.531097 0.0228201
446 0.710035 0.532396 0.0233599
447 0.710035 0.534039 0.0217292
448 0.710035 0.538554 0.0222967
449 0.710035 0.545334 0.0192666
450 0.710035 0.55441 0.0166991
451 0.710035 0.527953 0.0174398
452 0.710035 0.556591 0.0166696
453 0.710035 0.557741 0.0183854
454 0.711932 0.557019 0.0188455
455 0.711932 0.556492 0.0213004
456 0.711932 0.531671 0.021009
457 0.711932 0.518619 0.0229299
458 0.711932 0.537894 0.0223362
459 0.711932 0.564585 0.0180986
460 0.711932 0.550617 0.0204264
461 0.711932 0.535754 0.0192493
462 0.711932 0.540354 0.0183195
463 0.711932 0.547108 0.0182746
464 0.711932 0.568628 0.0187862
465 0.712193 0.552399 0.0172148
466 0.712193 0.541703 0.0200527
467 0.712457 0.554442 0.01813
468 0.712457 0.553449 0.018549
469 0.712457 0.567725 0.0166055
470 0.712457 0.561667 0.0189643
471 0.712643 0.547547 0.0203674
472 0.712643 0.536431 0.0240657
473 0.712643 0.517447 0.0243922
474 0.712643 0.508202 0.0244359
475 0.712643 0.524327 0.0221754
476 0.712643 0.513131 0.0234575
477 0.712643 0.515205 0.0202358
478 0.712643 0.525125 0.0205065
479 0.712643 0.525883 0.019873
480 0.713481 0.526287 0.0230013
481 0.713481 0.51675 0.0245071
482 0.713481 0.541662 0.0207341
483 0.714121 0.556021 0.0180056
484 0.714271 0.560949 0.020164
485 0.714271 0.538507 0.0219089
486 0.714271 0.53215 0.0225352
487 0.714271 0.533495 0.0242897
488 0.714271 0.514984 0.0233186
489 0.714271 0.51661 0.023318
490 0.714271 0.521485 0.0242806
491 0.714768 0.525967 0.0200931
492 0.714768 0.539535 0.0182923
493 0.714768 0.51418 0.021046
494 0.714768 0.514182 0.0209633
495 0.716327 0.532365 0.0212297
496 0.716327 0.539057 0.0199542
497 0.716327 0.534361 0.0188732
498 0.716327 0.535565 0.0196574
499 0.716327 0.530788 0.019739
500 0.716327 0.532372 0.0216144
501 0.716327 0.54909 0.0184401
502 0.716327 0.529494 0.0203554
503 0.716472 0.546421 0.0168904
504 0.716472 0.553364 0.0188654
505 0.716472 0.533369 0.0182868
506 0.716472 0.538288 0.0188649
507 0.716472 0.537685 0.0203963
508 0.716472 0.526595 0.0190405
509 0.716472 0.533256 0.0208247
510 0.716472 0.522981 0.0206047
511 0.716472 0.527523 0.0194998
512 0.716472 0.523069 0.0222685
513 0.716472 0.513549 0.0270943
514 0.716472 0.515664 0.0238906
515 0.716472 0.531152 0.0225036
516 0.716472 0.527864 0.0212788
517 0.716472 0.519235 0.0203202
518 0.716472 0.524718 0.018949
519 0.716472 0.532174 0.0205016
520 0.716472 0.539012 0.0188426
521 0.716472 0.516417 0.0221243
522 0.716472 0.52158 0.0209302
523 0.716472 0.519753 0.0207469
524 0.716472 0.528359 0.0205416
525 0.716472 0.541563 0.0191197
526 0.716472 0.541614 0.0209998
527 0.716472 0.515158 0.0185703
528 0.716472 0.529221 0.022951
529 0.716472 0.520815 0.0215658
530 0.716472 0.522874 0.0203294
531 0.716472 0.540249 0.0193422
532 0.716472 0.523789 0.0220831
533 0.716472 0.51523 0.0218623
534 0.716472 0.521719 0.0187282
535 0.716653 0.520424 0.0214823
536 0.716653 0.51997 0.0220667
537 0.716653 0.534594 0.0208905
538 0.717139 0.542057 0.0202593
539 0.717139 0.528636 0.0212331
540 0.717139 0.538604 0.0233405
541 0.717139 0.542968 0.0239558
542 0.717139 0.549697 0.0223081
543 0.717139 0.545942 0.0215939
544 0.717139 0.537878 0.025292
545 0.717139 0.499361 0.0249213
546 0.71748 0.512179 0.0245118
547 0.71748 0.534574 0.0213978
548 0.71748 0.532505 0.0243086
549 0.71748 0.545307 0.0231157
550 0.71748 0.548442 0.0234352
551 0.71748 0.538803 0.0209996
552 0.71748 0.522442 0.0224005
553 0.71748 0.530868 0.0211067
554 0.71748 0.54311 0.0193794
555 0.71748 0.555024 0.0179202
556 0.71748 0.53295 0.0207769
557 0.71748 0.541545 0.0222525
558 0.71748 0.512889 0.0222045
559 0.71748 0.489565 0.0229966
560 0.71748 0.49508 0.02398
561 0.71748 0.515801 0.0258244
562 0.71748 0.529796 0.0236932
563 0.71748 0.543541 0.0194699
564 0.71748 0.536105 0.0219649
565 0.71748 0.531931 0.0225572
566 0.718445 0.537144 0.0252809
567 0.718445 0.532712 0.022694
568 0.718445 0.532401 0.0214613
569 0.718445 0.535074 0.024454
570 0.718445 0.498096 0.0214566
571 0.718445 0.487179 0.0219339
572 0.718445 0.517806 0.0244899
573 0.718445 0.520066 0.0256753
574 0.718445 0.526624 0.0253015
575 0.718445 0.516474 0.023
576 0.718445 0.513474 0.0243519
577 0.718445 0.525943 0.0236922
578 0.718445 0.53799 0.0257814
579 0.718445 0.532745 0.0232034
580 0.718445 0.556825 0.0218284
581 0.718445 0.54414 0.0246963
582 0.718445 0.54477 0.0236567
583 0.718445 0.549326 0.0230801
584 0.718445 0.54918 0.023759
585 0.71946 0.550672 0.0218004
586 0.71946 0.543026 0.0190653
587 0.719613 0.533815 0.0184492
588 0.719613 0.541709 0.0187923
589 0.719613 0.535384 0.0231794
590 0.719613 0.537502 0.0214429
591 0.719613 0.549773 0.0197359
592 0.719613 0.536792 0.0201773
593 0.719613 0.527173 0.0220281
594 0.719613 0.532622 0.0204033
595 0.719613 0.561668 0.0183371
596 0.719613 0.566508 0.0161568
597 0.719613 0.537169 0.0168611
598 0.719613 0.549862 0.0160234
599 0.719613 0.543116 0.0194332
600 0.719613 0.537516 0.0210572
601 0.719613 0.531389 0.0221459
602 0.719613 0.541428 0.0214133
603 0.719613 0.552241 0.021207
604 0.719613 0.558505 0.023013
605 0.719613 0.577227 0.020474
606 0.719613 0.545264 0.0213711
607 0.719613 0.552485 0.0236758
608 0.719613 0.529754 0.0227701
609 0.719613 0.535257 0.0205536
610 0.719613 0.526753 0.0176959
611 0.719613 0.53871 0.0198586
612 0.719613 0.553117 0.0221174
613 0.719613 0.546632 0.0204115
614 0.719613 0.553761 0.0209654
615 0.719613 0.562914 0.0189363
616 0.719613 0.542065 0.0222861
617 0.719613 0.558804 0.0209075
618 0.719613 0.531064 0.0233918
619 0.719613 0.554961 0.0192527
620 0.719613 0.562244 0.0163301
621 0.719613 0.564529 0.0154592
622 0.720083 0.53942 0.0222875
623 0.720083 0.561268 0.0191146
624 0.720083 0.562507 0.0209709
625 0.720083 0.57641 0.0196487
626 0.720083 0.57399 0.0181436
627 0.720083 0.564049 0.0196833
628 0.720083 0.586878 0.0168691
629 0.720083 0.567145 0.0201396
630 0.720083 0.551913 0.0184104
631 0.720083 0.544947 0.018397
632 0.720083 0.544957 0.020966
633 0.720083 0.53323 0.0200613
634 0.720083 0.545532 0.023013
635 0.720083 0.531026 0.0229824
636 0.720083 0.54438 0.0210261
637 0.720083 0.536837 0.0203572
638 0.720387 0.545761 0.0190963
639 0.720387 0.544131 0.0183193
640 0.720387 0.557322 0.0176399
641 0.720387 0.57132 0.015606
642 0.720387 0.561007 0.0181893
643 0.720387 0.569164 0.018556
644 0.720387 0.564556 0.0188562
645 0.720387 0.567407 0.0197642
646 0.720387 0.588067 0.0176449
647 0.720387 0.573086 0.0189668
648 0.720387 0.568408 0.0190106
649 0.720387 0.566243 0.0177633
650 0.720387 0.565869 0.0177863
651 0.720387 0.551117 0.0213693
652 0.720708 0.552985 0.0223191
653 0.720708 0.554245 0.0206564
654 0.720708 0.558978 0.0188611
655 0.720708 0.562994 0.0196494
656 0.720885 0.578341 0.0181239
657 0.720885 0.566938 0.0186938
658 0.720885 0.546775 0.0248422
659 0.720885 0.549381 0.0224448
660 0.720885 0.557132 0.0269469
661 0.720885 0.550843 0.0254376
662 0.720885 0.516528 0.0281159
663 0.720885 0.527428 0.0256112
664 0.720885 0.526854 0.0268294
665 0.720885 0.55701 0.0214334
666 0.720885 0.536893 0.0198474
667 0.720885 0.549024 0.0194036
668 0.720885 0.552382 0.0186959
669 0.720885 0.539639 0.0188195
670 0.721831 0.532927 0.0193185
671 0.721831 0.556647 0.0181384
672 0.721831 0.57545 0.0195185
673 0.721831 0.567026 0.0207019
674 0.721831 0.563355 0.0182773
675 0.721831 0.567742 0.0199895
676 0.721831 0.569209 0.0160267
677 0.721831 0.563115 0.0170493
678 0.721831 0.579272 0.0187825
679 0.721831 0.565628 0.0211661
680 0.721831 0.550757 0.0185815
681 0.721831 0.579049 0.0173767
682 0.721831 0.58757 0.0171562
683 0.721831 0.581318 0.0188783
684 0.721831 0.560453 0.0212588
685 0.721831 0.573978 0.0205761
686 0.721831 0.550549 0.0224797
687 0.721831 0.552569 0.0190001
688 0.721831 0.554389 0.018957
689 0.721831 0.54566 0.0204383
690 0.721831 0.53711 0.0237505
691 0.721831 0.552414 0.0192489
692 0.721831 0.550111 0.0188705
693 0.721917 0.55541 0.0181896
694 0.721917 0.577343 0.0154945
695 0.721917 0.579064 0.014218
696 0.721917 0.564281 0.0175905
697 0.721917 0.559435 0.0178058
698 0.721917 0.563709 0.0183281
699 0.721917 0.567374 0.020827
700 0.721917 0.565066 0.0178092
701 0.721917 0.570141 0.017421
702 0.721917 0.562685 0.0178195
703 0.721917 0.559455 0.0190046
704 0.721917 0.584587 0.0180108
705 0.721917 0.58632 0.0191608
706 0.721917 0.597351 0.0152426
707 0.721917 0.572267 0.0208671
708 0.721917 0.547335 0.021424
709 0.721917 0.568894 0.0224161
710 0.721917 0.556794 0.0264145
711 0.721917 0.557678 0.0217528
712 0.721917 0.554988 0.0251777
713 0.722085 0.556668 0.0201035
714 0.722085 0.550694 0.0229242
715 0.722085 0.564774 0.0218811
716 0.722085 0.570478 0.0219883
717 0.722085 0.559339 0.0203363
718 0.722085 0.578269 0.0184146
719 0.722085 0.579251 0.0184988
720 0.722159 0.584399 0.0172067
721 0.722159 0.579004 0.0188384
722 0.722159 0.579783 0.0174091
723 0.722159 0.596375 0.0145644
724 0.722159 0.566281 0.0192414
725 0.722159 0.561055 0.0195885
726 0.722159 0.567107 0.0182867
727 0.722159 0.55266 0.017359
728 0.722159 0.530021 0.0239585
729 0.722159 0.531452 0.0276465
730 0.722159 0.519954 0.023907
731 0.722159 0.546364 0.0256201
732 0.722159 0.535984 0.0289194
733 0.722159 0.536416 0.0227953
734 0.722159 0.542894 0.0224642
735 0.722159 0.540142 0.0211652
736 0.722159 0.557427 0.0188449
737 0.722159 0.554746 0.0209059
738 0.722159 0.545772 0.0237434
739 0.722159 0.552162 0.0219473
740 0.722159 0.571826 0.0196075
741 0.722159 0.570299 0.0177939
742 0.722159 0.56626 0.0147822
743 0.722159 0.57272 0.017531
744 0.722159 0.560768 0.0180132
745 0.722159 0.576322 0.0177214
746 0.722159 0.578681 0.0170619
747 0.722159 0.569365 0.0175562
748 0.722159 0.551645 0.0200799
749 0.722159 0.556684 0.0191234
750 0.722159 0.540153 0.0189822
751 0.722159 0.539518 0.0230018
752 0.722159 0.541795 0.0214948
753 0.722159 0.543203 0.0225698
754 0.722159 0.540138 0.0210221
755 0.722159 0.542025 0.0229936
756 0.722159 0.56178 0.0216238
757 0.722159 0.537094 0.0229945
758 0.722159 0.551165 0.0226907
759 0.722159 0.557659 0.0194006
760 0.722159 0.599197 0.0154718
761 0.722159 0.58451 0.014515
762 0.722159 0.591213 0.0157824
763 0.722159 0.561974 0.0214918
764 0.722159 0.541104 0.0212547
765 0.722159 0.549604 0.0190201
766 0.722159 0.555778 0.0188948
767 0.722159 0.571281 0.0183038
768 0.722159 0.578762 0.0169979
769 0.722159 0.567874 0.0202609
770 0.722159 0.572788 0.018204
771 0.722159 0.560584 0.0188342
772 0.722159 0.548908 0.0185188
773 0.722159 0.548528 0.0189111
774 0.722159 0.535197 0.0219839
775 0.722191 0.536388 0.0222869
776 0.722191 0.547953 0.0240043
777 0.722191 0.557981 0.0212054
778 0.722354 0.582148 0.0192121
779 0.722354 0.553381 0.0268138
780 0.722354 0.571558 0.0244673
781 0.722354 0.54526 0.0266391
782 0.722354 0.532422 0.0265955
783 0.722354 0.516011 0.0285334
784 0.722354 0.511635 0.0255555
785 0.722354 0.52599 0.0278029
786 0.722354 0.51872 0.0281194
787 0.722354 0.530442 0.0237549
788 0.722354 0.51824 0.0266571
789 0.722354 0.515432 0.0267935
790 0.722354 0.524226 0.0238462
791 0.722354 0.512975 0.0233696
792 0.722354 0.542062 0.021525
793 0.722354 0.542244 0.0226368
794 0.722354 0.53395 0.0254328
795 0.722354 0.560793 0.0235823
796 0.722354 0.568844 0.0196716
797 0.722354 0.561968 0.0230958
798 0.722354 0.562528 0.0239607
799 0.722354 0.563686 0.0204746
800 0.722354 0.560946 0.0188375
801 0.722354 0.550105 0.0214245
802 0.722354 0.553398 0.0199402
803 0.722354 0.558006 0.0189057
804 0.722354 0.578642 0.0173833
805 0.722354 0.579219 0.0170285
806 0.722354 0.571894 0.0171246
807 0.722354 0.549948 0.0203482
808 0.722354 0.527526 0.0224853
809 0.722354 0.519917 0.0260104
810 0.722354 0.516743 0.0235444
811 0.722354 0.507479 0.0226673
812 0.722354 0.505923 0.0269602
813 0.722354 0.539807 0.0260409
814 0.722354 0.550646 0.0217334
815 0.722354 0.542867 0.0194992
816 0.722354 0.552135 0.0218484
817 0.722354 0.550154 0.0224389
818 0.722354 0.555294 0.0196807
819 0.722354 0.567482 0.0195691
820 0.722354 0.568269 0.0173784
821 0.722354 0.559335 0.0190205
822 0.722354 0.579164 0.0177358
823 0.722354 0.568264 0.0190977
824 0.722354 0.595716 0.0142565
825 0.722354 0.579078 0.0158664
826 0.722354 0.565909 0.0152507
827 0.722354 0.570319 0.017368
828 0.722354 0.559146 0.0184401
829 0.722385 0.562162 0.019487
830 0.722385 0.569366 0.0167528
831 0.722385 0.556258 0.0173973
832 0.72239 0.545794 0.0202778
833 0.72239 0.5407 0.0211104
834 0.72239 0.549548 0.0203074
835 0.72239 0.54212 0.0216982
836 0.72239 0.54348 0.019593
837 0.72239 0.554489 0.018997
838 0.72239 0.566718 0.0179759
839 0.722401 0.561108 0.0185745
840 0.722401 0.579247 0.0169408
841 0.722401 0.550991 0.0207556
842 0.722401 0.56478 0.0220267
843 0.722401 0.562883 0.0204541
844 0.722401 0.547819 0.0204149
845 0.722401 0.524271 0.0250938
846 0.722402 0.540964 0.0221314
847 0.722402 0.548181 0.019046
848 0.722402 0.536708 0.0209658
849 0.722402 0.549944 0.0200762
850 0.722402 0.552435 0.0204927
851 0.722402 0.550961 0.0231247
852 0.722402 0.562721 0.018312
853 0.722402 0.564217 0.0174045
854 0.722402 0.544658 0.0224594
855 0.722402 0.552221 0.022264
856 0.722402 0.558421 0.0211877
857 0.722402 0.567178 0.016465
858 0.722402 0.56242 0.0214841
859 0.722436 0.577531 0.0211071
860 0.722436 0.588882 0.0204626
861 0.72387 0.586236 0.01727
862 0.72387 0.580487 0.0176278
863 0.72387 0.591383 0.0166004
864 0.72387 0.571707 0.0175799
865 0.72387 0.593388 0.017611
866 0.72387 0.559492 0.0172931
867 0.723962 0.564077 0.016545
868 0.723962 0.547922 0.0179811
869 0.723962 0.558911 0.0201232
870 0.723962 0.557867 0.0188349
871 0.723986 0.552954 0.0215502
872 0.723986 0.562898 0.0204627
873 0.723986 0.560567 0.0218325
874 0.723986 0.545756 0.0210333
875 0.723986 0.559532 0.0196016
876 0.723986 0.56835 0.0197684
877 0.723986 0.555426 0.0234363
878 0.723986 0.565376 0.0247174
879 0.723986 0.558813 0.0192136
880 0.723986 0.56414 0.0189844
881 0.723986 0.544102 0.0213378
882 0.723986 0.567589 0.0183227
883 0.723986 0.570335 0.0204473
884 0.723986 0.578349 0.0172567
885 0.723986 0.572468 0.0189699
886 0.723986 0.590715 0.0168105
887 0.723986 0.583262 0.0194801
888 0.723986 0.590019 0.0174589
889 0.723986 0.577029 0.0210405
890 0.723986 0.566295 0.0190797
891 0.724314 0.574695 0.0190909
892 0.724314 0.576564 0.0181522
893 0.724314 0.565735 0.0207555
894 0.724314 0.559514 0.0206283
895 0.724314 0.555574 0.0241849
896 0.724314 0.559983 0.0250961
897 0.724314 0.548927 0.0222249
898 0.724314 0.561829 0.0217483
899 0.724314 0.541831 0.020374
900 0.724314 0.539502 0.0256781
901 0.724314 0.564769 0.0216681
902 0.724314 0.543702 0.0206214
903 0.724314 0.55884 0.0220103
904 0.724314 0.575664 0.0190473
905 0.724314 0.558603 0.0208948
906 0.724314 0.550018 0.0259226
907 0.724314 0.57886 0.0223556
908 0.724314 0.577418 0.0187746
909 0.724314 0.577591 0.0197357
910 0.724314 0.581034 0.0203206
911 0.724314 0.566039 0.0197361
912 0.724314 0.56442 0.0203617
913 0.724314 0.561802 0.0226848
914 0.724314 0.559932 0.0215235
915 0.724314 0.550971 0.0232278
916 0.724314 0.536218 0.025819
917 0.724314 0.550077 0.021838
918 0.724314 0.539719 0.0220969
919 0.724314 0.539633 0.0183933
920 0.724314 0.55729 0.0178428
921 0.724314 0.569398 0.0213676
922 0.724314 0.573536 0.0193718
923 0.724566 0.568401 0.0187433
924 0.724566 0.589069 0.0158838
925 0.724566 0.569926 0.0172574
926 0.724566 0.569043 0.0201372
927 0.724566 0.578518 0.0206864
928 0.724566 0.58927 0.0180626
929 0.724566 0.596493 0.0177717
930 0.724566 0.599697 0.0165805
931 0.724566 0.582878 0.0173276
932 0.724566 0.580484 0.0178075
933 0.724566 0.574804 0.0173368
934 0.724566 0.557463 0.0205395
935 0.724632 0.561177 0.02246
936 0.724632 0.554148 0.0224177
937 0.724632 0.553675 0.022026
938 0.724632 0.552699 0.0222508
939 0.724632 0.544206 0.0228861
940 0.724632 0.537667 0.0233667
941 0.725059 0.557261 0.0205337
942 0.725059 0.547619 0.0211421
943 0.725059 0.549404 0.0238228
944 0.725059 0.549347 0.0262539
945 0.725059 0.552938 0.0236076
946 0.725059 0.555201 0.026864
947 0.725059 0.550927 0.0232955
948 0.725059 0.538595 0.0198369
949 0.725059 0.525938 0.0243605
950 0.725059 0.544735 0.0210655
951 0.725059 0.54974 0.0219528
952 0.725059 0.555193 0.023435
953 0.725143 0.539897 0.0234092
954 0.725143 0.552116 0.0207388
955 0.725143 0.537585 0.0234276
956 0.725143 0.51777 0.0237996
957 0.725143 0.527981 0.0269593
958 0.725143 0.532932 0.0230706
959 0.725143 0.553196 0.0209468
960 0.725143 0.565583 0.0181575
961 0.725143 0.545798 0.0228137
962 0.725143 0.540536 0.023149
963 0.725143 0.541487 0.0255105
964 0.725361 0.553352 0.0234395
965 0.725361 0.546884 0.0248466
966 0.725361 0.536662 0.0246885
967 0.725361 0.541289 0.0245007
968 0.725361 0.561057 0.0219292
969 0.725361 0.565988 0.0226841
970 0.725361 0.568244 0.0218579
971 0.725361 0.546929 0.0253644
972 0.725361 0.528488 0.0233389
973 0.725361 0.547451 0.0212006
974 0.725361 0.547168 0.023961
975 0.725361 0.551323 0.0244965
976 0.725361 0.552643 0.0260273
977 0.725361 0.58572 0.0241229
978 0.725361 0.601441 0.0174917
979 0.725361 0.582328 0.0213624
980 0.725361 0.599576 0.0181119
981 0.725361 0.594469 0.0171151
982 0.725361 0.602967 0.0160493
983 0.725361 0.583863 0.0167743
984 0.725361 0.578281 0.0148682
985 0.725361 0.589744 0.015645
986 0.725361 0.572915 0.0148341
987 0.725361 0.585329 0.016001
988 0.725361 0.578117 0.0152519
989 0.725361 0.600142 0.0134237
990 0.725361 0.588705 0.0152904
991 0.725846 0.588901 0.017779
992 0.725846 0.570738 0.0200612
993 0.725846 0.583783 0.0181663
994 0.725846 0.597695 0.0142444
995 0.725846 0.594501 0.0159839
996 0.725846 0.595142 0.016985
997 0.725846 0.592084 0.0181476
998 0.725846 0.593175 0.0209912
999 0.725846 0.574555 0.0187004
1000 0.725846 0.571025 0.0181701
