0 0.286949 0.247271 0.000179987
1 0.286949 0.246142 0.000314836
2 0.362581 0.251119 0.000449347
3 0.362581 0.253234 0.000350099
4 0.362581 0.255397 0.000503941
5 0.362581 0.259736 0.000743189
6 0.409648 0.264073 0.00172634
7 0.429897 0.270639 0.00197618
8 0.429897 0.2764 0.00218984
9 0.429897 0.27977 0.00312981
10 0.47341 0.283308 0.00396382
11 0.47341 0.277631 0.00465852
12 0.4775 0.295289 0.00642736
13 0.491085 0.290178 0.00678731
14 0.491085 0.286849 0.00595955
15 0.491085 0.288363 0.0059371
16 0.585894 0.296986 0.00776368
17 0.585894 0.28829 0.00673141
18 0.585894 0.295082 0.00837594
19 0.585894 0.294496 0.00836166
20 0.585894 0.304935 0.00963184
21 0.585894 0.305098 0.0106651
22 0.585894 0.307237 0.0108301
23 0.585894 0.292284 0.010015
24 0.585894 0.30555 0.00985823
25 0.585894 0.310142 0.0106226
26 0.585894 0.321842 0.0118795
27 0.585894 0.313475 0.0101248
28 0.585894 0.320107 0.0109934
29 0.585894 0.322161 0.0113642
30 0.588145 0.319233 0.0113545
31 0.588145 0.320317 0.0119959
32 0.588145 0.319164 0.0123648
33 0.588145 0.320286 0.0125655
34 0.588145 0.320241 0.0119652
35 0.601642 0.340577 0.0138337
36 0.601642 0.332728 0.0138289
37 0.60575 0.347561 0.0169909
38 0.635972 0.35288 0.017509
39 0.635972 0.365784 0.0165116
40 0.635972 0.36002 0.0149613
41 0.635972 0.368939 0.0160173
42 0.635972 0.368442 0.0157825
43 0.635972 0.356522 0.0170875
44 0.635972 0.357388 0.0163644
45 0.635972 0.374036 0.0154578
46 0.635972 0.376679 0.0146992
47 0.635972 0.372732 0.0170124
48 0.66621 0.383887 0.0182427
49 0.66621 0.398523 0.0182171
50 0.66621 0.381177 0.0177211
51 0.66621 0.397629 0.0177814
52 0.66621 0.395444 0.017533
53 0.66621 0.393031 0.0187815
54 0.66621 0.395459 0.018594
55 0.670374 0.421923 0.0224877
56 0.670374 0.403505 0.0181002
57 0.670374 0.414608 0.0165607
58 0.670374 0.414776 0.0183545
59 0.670374 0.437185 0.0164617
60 0.670374 0.427178 0.0194245
61 0.670374 0.406819 0.0200659
62 0.670374 0.379942 0.0205048
63 0.670374 0.422263 0.0219346
64 0.670374 0.388963 0.0208715
65 0.670374 0.38416 0.01836
66 0.67923 0.390392 0.0197014
67 0.67923 0.408564 0.0217826
68 0.67923 0.392564 0.0198741
69 0.67923 0.411556 0.0181599
70 0.67923 0.405242 0.0185197
71 0.67923 0.387954 0.0185771
72 0.67923 0.390158 0.0184325
73 0.67923 0.387336 0.0197787
74 0.685624 0.396775 0.0207054
75 0.685624 0.387024 0.0220512
76 0.685624 0.392396 0.0184621
77 0.685624 0.400248 0.0191225
78 0.685624 0.416449 0.0185681
79 0.685624 0.385825 0.0189609
80 0.685624 0.384657 0.0211544
81 0.685624 0.39193 0.0216253
82 0.685624 0.411691 0.0187368
83 0.685624 0.409777 0.0190508
84 0.685624 0.409505 0.0193561
85 0.699183 0.444199 0.0177819
86 0.699183 0.418607 0.0212837
87 0.699183 0.408082 0.0213721
88 0.699183 0.404908 0.0191124
89 0.699183 0.425144 0.0219077
90 0.699183 0.381273 0.0224868
91 0.699183 0.383018 0.0236729
92 0.699183 0.367761 0.0201166
93 0.699183 0.375965 0.0188227
94 0.699183 0.403081 0.0199737
95 0.702348 0.417314 0.0193042
96 0.702348 0.410976 0.0232873
97 0.702348 0.395729 0.0225771
98 0.702348 0.385849 0.021674
99 0.702348 0.399798 0.0212842
100 0.702348 0.40513 0.0210995
101 0.702348 0.408831 0.0202574
102 0.702348 0.41929 0.0203248
103 0.702348 0.41307 0.0203681
104 0.702348 0.411878 0.0202071
105 0.702348 0.406363 0.0188032
106 0.702348 0.413611 0.0221555
107 0.702348 0.405547 0.0218507
108 0.702348 0.412443 0.022416
109 0.704319 0.423767 0.0206597
110 0.704319 0.380411 0.0212944
111 0.704319 0.39385 0.0206104
112 0.704319 0.386378 0.0206657
113 0.704319 0.400835 0.0187689
114 0.704319 0.379899 0.0195585
115 0.704319 0.402369 0.0208229
116 0.704319 0.401517 0.0225727
117 0.704319 0.395826 0.0183004
118 0.704319 0.390378 0.020728
119 0.704319 0.393453 0.0213362
120 0.704319 0.383285 0.0232731
121 0.704319 0.394512 0.0218604
122 0.704319 0.395267 0.0226827
123 0.704319 0.379137 0.0218766
124 0.704319 0.407048 0.0222562
125 0.704319 0.393013 0.0209808
126 0.704319 0.404294 0.0212811
127 0.704319 0.38116 0.0228198
128 0.704319 0.402921 0.0256533
129 0.704319 0.396548 0.0224702
130 0.704319 0.400242 0.0232831
131 0.704319 0.411613 0.0236016
132 0.704319 0.413821 0.0225376
133 0.704319 0.413005 0.0226277
134 0.704319 0.396014 0.0246088
135 0.704319 0.37916 0.0212651
136 0.704319 0.403945 0.0223146
137 0.704319 0.413979 0.0235513
138 0.704319 0.395319 0.0247163
139 0.704319 0.415641 0.0231426
140 0.704319 0.408082 0.023089
141 0.704319 0.404789 0.0200269
142 0.704319 0.406525 0.0220882
143 0.704319 0.41203 0.0210839
144 0.704319 0.404676 0.0228148
145 0.704319 0.402122 0.0205728
146 0.704319 0.406952 0.0244551
147 0.704319 0.409583 0.0213
148 0.704319 0.406447 0.0234286
149 0.704319 0.414248 0.0187394
150 0.704319 0.406921 0.0229736
151 0.704319 0.406437 0.0200569
152 0.704319 0.410426 0.0218602
153 0.704319 0.388733 0.0210784
154 0.704319 0.406225 0.0217446
155 0.704319 0.402071 0.0206461
156 0.704319 0.390576 0.0206076
157 0.704319 0.389617 0.0221552
158 0.704319 0.422043 0.0195432
159 0.704319 0.39339 0.0225711
160 0.704319 0.409905 0.0230404
161 0.704319 0.406939 0.0202133
162 0.704319 0.403601 0.0197437
163 0.704319 0.423714 0.0187872
164 0.704319 0.410613 0.0202169
165 0.704319 0.412299 0.017161
166 0.704319 0.429139 0.020153
167 0.704319 0.406465 0.0190325
168 0.704319 0.41787 0.0190675
169 0.704319 0.421113 0.0234321
170 0.704319 0.435552 0.0174652
171 0.704319 0.425339 0.018591
172 0.704319 0.42271 0.0183307
173 0.704319 0.425251 0.0177539
174 0.704319 0.429116 0.0215117
175 0.704319 0.428999 0.0250441
176 0.704319 0.436436 0.0184945
177 0.704319 0.418555 0.0231372
178 0.704319 0.421621 0.0226357
179 0.704319 0.434709 0.0220249
180 0.704319 0.427351 0.0226608
181 0.704319 0.424078 0.0172579
182 0.704319 0.424986 0.0187725
183 0.704319 0.409316 0.0170873
184 0.704319 0.421285 0.0200231
185 0.704319 0.439662 0.0206008
186 0.704319 0.421621 0.022566
187 0.704319 0.422674 0.0199727
188 0.704319 0.431194 0.020397
189 0.704319 0.434372 0.0200746
190 0.704319 0.426191 0.0170776
191 0.704319 0.420197 0.0198414
192 0.707495 0.405911 0.0195223
193 0.707495 0.424703 0.0208639
194 0.707495 0.409764 0.0215897
195 0.707495 0.420997 0.0203675
196 0.707495 0.425458 0.0222728
197 0.707495 0.415683 0.0227321
198 0.707495 0.431563 0.0184684
199 0.707495 0.409929 0.0204238
200 0.707495 0.402334 0.0236877
201 0.707495 0.401036 0.0193633
202 0.707495 0.41692 0.0213113
203 0.707495 0.424401 0.0192967
204 0.707495 0.421011 0.0199383
205 0.707495 0.427991 0.0192433
206 0.707495 0.421283 0.0231285
207 0.709268 0.436304 0.0246983
208 0.709268 0.423397 0.021227
209 0.709268 0.394233 0.021101
210 0.709268 0.415301 0.0215733
211 0.709268 0.397451 0.0209245
212 0.709268 0.414763 0.0218138
213 0.709268 0.400317 0.0210877
214 0.709268 0.424214 0.0204281
215 0.709268 0.427149 0.0222694
216 0.709268 0.421079 0.0228229
217 0.709268 0.411829 0.0201745
218 0.709268 0.39407 0.0229228
219 0.709268 0.404578 0.0210198
220 0.709268 0.424911 0.0245931
221 0.709268 0.421237 0.0263162
222 0.709268 0.439205 0.0220386
223 0.709268 0.406201 0.022878
224 0.709268 0.428527 0.0208491
225 0.709268 0.426212 0.0238378
226 0.709268 0.432309 0.0211566
227 0.709268 0.413856 0.0211716
228 0.709268 0.415349 0.0213549
229 0.709268 0.415049 0.0200563
230 0.709268 0.432831 0.0207085
231 0.709268 0.415808 0.0223548
232 0.709268 0.433011 0.023647
233 0.709268 0.419576 0.0234325
234 0.709268 0.415747 0.0225208
235 0.709268 0.406827 0.0208886
236 0.709268 0.404227 0.0215346
237 0.709268 0.410163 0.02143
238 0.712075 0.419949 0.0220873
239 0.712075 0.400271 0.0212067
240 0.712075 0.417774 0.0201218
241 0.712075 0.40739 0.0204733
242 0.712075 0.403638 0.0212099
243 0.712075 0.414584 0.0207821
244 0.712075 0.412951 0.0221433
245 0.712075 0.426142 0.0212578
246 0.712075 0.43911 0.0212703
247 0.712075 0.430711 0.0232914
248 0.712075 0.418997 0.0235059
249 0.712075 0.412267 0.0197521
250 0.712075 0.4023 0.0216148
251 0.712075 0.392683 0.0199356
252 0.712075 0.400393 0.0219976
253 0.712075 0.40943 0.0230991
254 0.712075 0.3891 0.0219624
255 0.712075 0.409391 0.0221633
256 0.712075 0.401924 0.0213554
257 0.712075 0.407385 0.0233364
258 0.712075 0.400266 0.0236149
259 0.712075 0.412051 0.0231016
260 0.712075 0.42263 0.021692
261 0.712075 0.403845 0.0231033
262 0.712075 0.393449 0.0199689
263 0.712075 0.387265 0.0210603
264 0.712075 0.411453 0.0224768
265 0.712075 0.411223 0.0226959
266 0.712075 0.398733 0.0214999
267 0.712075 0.414283 0.022421
268 0.712075 0.412794 0.0224149
269 0.712075 0.395725 0.0244109
270 0.712075 0.385296 0.0242266
271 0.712075 0.407065 0.0203859
272 0.712075 0.404881 0.0217122
273 0.712923 0.399827 0.0232393
274 0.712923 0.421584 0.0212079
275 0.712923 0.399686 0.023911
276 0.712923 0.42237 0.0235199
277 0.712923 0.43092 0.0214816
278 0.720515 0.422782 0.0219379
279 0.720515 0.406688 0.0209106
280 0.720515 0.406285 0.0220609
281 0.720515 0.430261 0.0216004
282 0.720515 0.421426 0.0235664
283 0.720515 0.413481 0.0255456
284 0.720515 0.422747 0.0211996
285 0.738031 0.437111 0.0199235
286 0.738031 0.429955 0.0198476
287 0.738031 0.433945 0.0206698
288 0.738031 0.451194 0.0249343
289 0.738031 0.411786 0.0206234
290 0.738031 0.432807 0.0234674
291 0.738031 0.455741 0.022427
292 0.738031 0.446265 0.022916
293 0.738031 0.438864 0.0243367
294 0.738031 0.445674 0.0243886
295 0.738031 0.438442 0.027867
296 0.738031 0.438377 0.0227953
297 0.738031 0.424825 0.023894
298 0.738031 0.425517 0.0249477
299 0.738031 0.445044 0.0228801
300 0.738031 0.440659 0.0244858
301 0.738031 0.462943 0.0234674
302 0.738031 0.441969 0.0222639
303 0.738031 0.460571 0.0249962
304 0.738031 0.4538 0.02271
305 0.740325 0.446061 0.0272273
306 0.740325 0.474277 0.0259274
307 0.74172 0.491107 0.02446
308 0.74172 0.468282 0.0206476
309 0.74172 0.466043 0.0215255
310 0.74172 0.458773 0.0263237
311 0.74172 0.442583 0.0221641
312 0.74172 0.451295 0.0247672
313 0.74172 0.44492 0.0263622
314 0.74172 0.449503 0.024642
315 0.74172 0.438931 0.0249138
316 0.751652 0.434225 0.0313788
317 0.751652 0.445645 0.0293626
318 0.751652 0.44271 0.0275461
319 0.751652 0.453054 0.0239124
320 0.751652 0.44515 0.0229371
321 0.751652 0.450333 0.0251467
322 0.751652 0.454307 0.028234
323 0.751652 0.478316 0.0248903
324 0.751652 0.472901 0.02297
325 0.751652 0.451398 0.0274858
326 0.751652 0.451641 0.0216135
327 0.751652 0.447227 0.0248699
328 0.751652 0.452653 0.0256223
329 0.751652 0.478069 0.0232119
330 0.751652 0.481858 0.023293
331 0.751652 0.446723 0.0276871
332 0.763825 0.465087 0.031952
333 0.763825 0.467614 0.0281452
334 0.763825 0.452998 0.0273153
335 0.763825 0.470726 0.028041
336 0.763825 0.489271 0.023807
337 0.763825 0.470057 0.0231107
338 0.763825 0.477866 0.0224769
339 0.763825 0.462113 0.0272706
340 0.763825 0.480493 0.0296328
341 0.763825 0.471648 0.0343877
342 0.763825 0.456064 0.0328267
343 0.763825 0.444643 0.0298027
344 0.763825 0.450103 0.0256607
345 0.763825 0.436384 0.0256022
346 0.763825 0.454809 0.0258233
347 0.763825 0.451073 0.0215408
348 0.763825 0.458103 0.0211004
349 0.763825 0.446932 0.0216545
350 0.763825 0.436859 0.0245021
351 0.763825 0.470244 0.0264322
352 0.776857 0.460908 0.026581
353 0.776857 0.485809 0.0236165
354 0.776857 0.489945 0.0197909
355 0.776857 0.488774 0.0236937
356 0.776857 0.472655 0.0221205
357 0.776857 0.498142 0.0208186
358 0.776857 0.490602 0.0233987
359 0.776857 0.488409 0.0239501
360 0.776857 0.493009 0.0258062
361 0.776857 0.517366 0.025066
362 0.776857 0.487934 0.0242792
363 0.776857 0.487653 0.0245034
364 0.776857 0.496185 0.0224336
365 0.776857 0.47368 0.0247411
366 0.776857 0.494815 0.019809
367 0.776857 0.505369 0.0250383
368 0.776857 0.484485 0.0244924
369 0.776857 0.490834 0.0245
370 0.776857 0.463416 0.0232322
371 0.776857 0.49284 0.0268066
372 0.776857 0.471395 0.0262543
373 0.776857 0.487772 0.0320872
374 0.776857 0.472974 0.0315491
375 0.776857 0.470655 0.0291634
376 0.776857 0.464541 0.0299115
377 0.776857 0.496357 0.0300863
378 0.776857 0.480229 0.0233729
379 0.776857 0.474227 0.0235646
380 0.776857 0.474284 0.0252689
381 0.776857 0.479344 0.0253667
382 0.776857 0.472201 0.0267479
383 0.776857 0.480744 0.0219165
384 0.776857 0.460236 0.0257689
385 0.776857 0.480166 0.0265703
386 0.776857 0.483448 0.0277127
387 0.776857 0.469116 0.0260347
388 0.776857 0.461643 0.0259493
389 0.776857 0.471501 0.0317457
390 0.776857 0.479533 0.0289882
391 0.776857 0.479771 0.0266791
392 0.776857 0.461427 0.0239643
393 0.776857 0.478462 0.0275405
394 0.780879 0.472273 0.0274909
395 0.780879 0.465047 0.0252468
396 0.780879 0.489905 0.0251389
397 0.780879 0.472398 0.0247959
398 0.780879 0.49641 0.0256614
399 0.780879 0.470681 0.0288198
400 0.780879 0.483555 0.0271811
401 0.780879 0.482422 0.027557
402 0.780879 0.491691 0.0218706
403 0.780879 0.514507 0.0256044
404 0.780879 0.494577 0.021363
405 0.780879 0.480724 0.0258923
406 0.780879 0.47837 0.0243471
407 0.780879 0.481515 0.0224879
408 0.780879 0.470539 0.0259405
409 0.780879 0.493111 0.0220364
410 0.780879 0.509945 0.0269963
411 0.780879 0.483449 0.0215007
412 0.780879 0.478007 0.0249993
413 0.780879 0.480231 0.0281096
414 0.780879 0.47378 0.0283096
415 0.780879 0.468599 0.0233778
416 0.780879 0.483901 0.025961
417 0.783786 0.47956 0.0242582
418 0.783786 0.503088 0.0193859
419 0.783786 0.505797 0.0208525
420 0.783786 0.485267 0.0218372
421 0.783786 0.475137 0.0226273
422 0.783786 0.471771 0.0231937
423 0.783786 0.476437 0.0230197
424 0.783786 0.479975 0.0269073
425 0.783786 0.493723 0.0244846
426 0.783786 0.491758 0.022057
427 0.783786 0.481341 0.02473
428 0.783786 0.489006 0.0245308
429 0.783786 0.495003 0.0274817
430 0.783786 0.494687 0.0267283
431 0.783786 0.472041 0.0268351
432 0.783786 0.482402 0.0252992
433 0.783786 0.505693 0.0249896
434 0.783786 0.491698 0.0248597
435 0.783786 0.483481 0.0263192
436 0.783786 0.490611 0.0256354
437 0.783786 0.48694 0.0249464
438 0.783786 0.470641 0.0248071
439 0.783786 0.510039 0.0256552
440 0.783786 0.507577 0.0270293
441 0.783786 0.500605 0.0224782
442 0.783786 0.50111 0.0270967
443 0.783786 0.502811 0.0233177
444 0.783786 0.485688 0.026299
445 0.783786 0.465446 0.0240543
446 0.783786 0.482371 0.0236644
447 0.783786 0.480099 0.0253645
448 0.783786 0.477359 0.0254602
449 0.783786 0.500205 0.0252151
450 0.783786 0.494984 0.0206315
451 0.783786 0.485476 0.0270039
452 0.783786 0.465137 0.0297565
453 0.783786 0.469986 0.0272215
454 0.783786 0.475746 0.0291217
455 0.783786 0.468581 0.0279069
456 0.783786 0.469128 0.0268724
457 0.783786 0.47671 0.0245701
458 0.783786 0.49763 0.032498
459 0.783786 0.47428 0.0248217
460 0.783786 0.472352 0.0262476
461 0.783786 0.478194 0.0255685
462 0.783786 0.487201 0.026332
463 0.783786 0.468918 0.0242712
464 0.783786 0.457635 0.0213838
465 0.783786 0.469966 0.0263422
466 0.783786 0.445633 0.0229353
467 0.783786 0.465718 0.0233887
468 0.783786 0.472093 0.0239894
469 0.783786 0.501273 0.0257762
470 0.783786 0.501541 0.0246623
471 0.783786 0.485574 0.0249645
472 0.783786 0.493688 0.0274642
473 0.783786 0.489676 0.0257909
474 0.783786 0.464923 0.0248796
475 0.783786 0.481354 0.0251015
476 0.783786 0.473807 0.0274376
477 0.783786 0.480263 0.0266813
478 0.783786 0.489353 0.0262983
479 0.783786 0.509752 0.0190796
480 0.783786 0.502327 0.0208165
481 0.783786 0.481814 0.0254065
482 0.783786 0.47588 0.0267836
483 0.783786 0.473121 0.0278391
484 0.783786 0.468526 0.026703
485 0.783786 0.485401 0.023385
486 0.783786 0.491168 0.0257802
487 0.783786 0.479389 0.0240218
488 0.783786 0.482751 0.0259938
489 0.783786 0.495176 0.0281526
490 0.783786 0.509175 0.0242569
491 0.783786 0.486295 0.0259364
492 0.783786 0.483608 0.0220345
493 0.783786 0.469881 0.0234273
494 0.783786 0.475427 0.0234913
495 0.783786 0.474211 0.026403
496 0.783786 0.490512 0.0271303
497 0.783786 0.486283 0.0265536
498 0.783786 0.483409 0.0261219
499 0.783786 0.529064 0.0224585
500 0.783786 0.509245 0.0236393
501 0.783786 0.513993 0.0229814
502 0.788538 0.518644 0.0224697
503 0.788538 0.513084 0.0248374
504 0.788538 0.494721 0.0235529
505 0.788538 0.483857 0.0256476
506 0.788538 0.487829 0.0252943
507 0.788538 0.480541 0.0241608
508 0.794472 0.479428 0.0267851
509 0.794472 0.509956 0.0264445
510 0.794472 0.50815 0.0213606
511 0.794472 0.482288 0.0248653
512 0.794472 0.51592 0.0210124
513 0.794472 0.513032 0.0243428
514 0.794472 0.497094 0.0241662
515 0.794472 0.486567 0.0238855
516 0.794472 0.503627 0.0264288
517 0.794472 0.48243 0.0292506
518 0.794472 0.475244 0.0253922
519 0.794472 0.479422 0.0256503
520 0.794472 0.510819 0.0240804
521 0.794472 0.502051 0.0235284
522 0.794472 0.480276 0.0299826
523 0.794472 0.49279 0.0277379
524 0.794472 0.512615 0.0265679
525 0.794472 0.487147 0.0285916
526 0.794472 0.505945 0.0277656
527 0.794472 0.517375 0.0247664
528 0.794472 0.499631 0.0215629
529 0.794472 0.524452 0.0240941
530 0.794472 0.50311 0.0252045
531 0.794472 0.511622 0.0230322
532 0.794472 0.507232 0.0202157
533 0.794472 0.513452 0.023928
534 0.794472 0.481884 0.0249235
535 0.794472 0.482027 0.0242783
536 0.794472 0.49675 0.025131
537 0.794472 0.473277 0.0197446
538 0.794472 0.49915 0.0202589
539 0.794472 0.495668 0.0233208
540 0.794472 0.497966 0.0254015
541 0.794472 0.477086 0.0266374
542 0.794472 0.503703 0.0238369
543 0.794472 0.496706 0.0236762
544 0.794472 0.497822 0.0249648
545 0.794472 0.484021 0.0246641
546 0.794472 0.48104 0.0241836
547 0.794472 0.496097 0.0247781
548 0.794472 0.509383 0.0250486
549 0.794472 0.488717 0.025084
550 0.794472 0.480065 0.0262121
551 0.794472 0.496682 0.0280966
552 0.794472 0.450551 0.0292673
553 0.794472 0.486039 0.0292125
554 0.794472 0.468588 0.0260645
555 0.794472 0.459976 0.0281819
556 0.794472 0.462341 0.0246366
557 0.794472 0.468511 0.0248637
558 0.794472 0.469544 0.0253032
559 0.794472 0.489452 0.0260949
560 0.794472 0.486286 0.0247709
561 0.794472 0.484058 0.0260205
562 0.794472 0.471641 0.0250706
563 0.794472 0.490993 0.0260573
564 0.794472 0.497486 0.0267556
565 0.794472 0.49461 0.0300163
566 0.794472 0.486901 0.0287193
567 0.794472 0.513777 0.0264168
568 0.794472 0.491263 0.0227092
569 0.794472 0.495394 0.0237879
570 0.794472 0.477377 0.0233233
571 0.794472 0.509355 0.0242735
572 0.794472 0.499894 0.0240608
573 0.794472 0.482784 0.0255893
574 0.794472 0.495254 0.0262077
575 0.794472 0.488425 0.0240584
576 0.794472 0.485494 0.0282616
577 0.794472 0.510306 0.0291895
578 0.794472 0.466714 0.028178
579 0.794472 0.470193 0.0273096
580 0.794472 0.496796 0.0281789
581 0.794472 0.506918 0.0244242
582 0.794472 0.508285 0.0241263
583 0.794472 0.48271 0.0244582
584 0.794472 0.490424 0.0268193
585 0.794472 0.489515 0.0267156
586 0.794472 0.474921 0.0248715
587 0.794472 0.485445 0.0297458
588 0.794472 0.511251 0.0271204
589 0.794472 0.484842 0.0296007
590 0.794472 0.48654 0.0319806
591 0.794472 0.48235 0.0279827
592 0.794472 0.472239 0.0261557
593 0.794472 0.47744 0.0279193
594 0.794472 0.493182 0.0249779
595 0.794472 0.506076 0.0311594
596 0.794472 0.482571 0.0312113
597 0.794472 0.508336 0.0280262
598 0.794472 0.46833 0.0297611
599 0.794472 0.476968 0.0262524
600 0.794472 0.500057 0.0263212
601 0.794472 0.50936 0.029141
602 0.794472 0.508941 0.0272103
603 0.794472 0.480769 0.027937
604 0.794472 0.486841 0.0329679
605 0.794472 0.484803 0.0330761
606 0.794472 0.480828 0.0353226
607 0.794472 0.473294 0.0265549
608 0.794472 0.522066 0.0229669
609 0.794472 0.494078 0.0228561
610 0.794472 0.494379 0.0242807
611 0.794472 0.502724 0.0231763
612 0.794472 0.467877 0.024293
613 0.794472 0.484968 0.0247995
614 0.794472 0.475887 0.0238058
615 0.794472 0.497635 0.023546
616 0.794472 0.484517 0.0271658
617 0.794472 0.451786 0.0263798
618 0.794472 0.473903 0.0293492
619 0.794472 0.476606 0.0276349
620 0.794472 0.466009 0.0292082
621 0.794472 0.477523 0.0261364
622 0.794472 0.469877 0.0261934
623 0.794472 0.484075 0.0274457
624 0.794472 0.45794 0.0253117
625 0.794472 0.476403 0.0276627
626 0.794472 0.497817 0.0239862
627 0.794472 0.521725 0.0233931
628 0.794472 0.500905 0.0241669
629 0.794472 0.526801 0.0244336
630 0.794472 0.524869 0.02568
631 0.794472 0.50239 0.0232628
632 0.794472 0.512368 0.0228915
633 0.794472 0.482482 0.0231169
634 0.794472 0.502069 0.0257049
635 0.794472 0.50279 0.0265017
636 0.794472 0.509172 0.0245152
637 0.794472 0.501224 0.0265199
638 0.794472 0.482968 0.0258402
639 0.794472 0.498495 0.0256577
640 0.794472 0.512307 0.0234936
641 0.794472 0.494775 0.0254915
642 0.794472 0.48468 0.0232316
643 0.794472 0.476134 0.0302336
644 0.794472 0.474448 0.0313903
645 0.794472 0.475788 0.0303663
646 0.794472 0.490708 0.0268488
647 0.794472 0.490624 0.0243472
648 0.794472 0.48384 0.0267566
649 0.794472 0.508726 0.0244339
650 0.794472 0.47959 0.0265192
651 0.794472 0.477856 0.025386
652 0.794472 0.489233 0.027389
653 0.794472 0.498119 0.0285968
654 0.794472 0.49753 0.0256563
655 0.794472 0.484558 0.0257805
656 0.794472 0.499657 0.0232742
657 0.794472 0.503133 0.0259599
658 0.794472 0.488168 0.0240736
659 0.794472 0.510836 0.0225645
660 0.794472 0.509543 0.0228534
661 0.794472 0.471998 0.0232894
662 0.794472 0.493185 0.0246528
663 0.794472 0.496701 0.0245703
664 0.794472 0.494307 0.0272527
665 0.794472 0.495421 0.0261853
666 0.794472 0.500823 0.0275203
667 0.794472 0.486548 0.02561
668 0.794472 0.492048 0.0239521
669 0.794472 0.508579 0.0267592
670 0.794472 0.503199 0.0268143
671 0.794472 0.501135 0.0305668
672 0.794472 0.479344 0.0236767
673 0.794472 0.478081 0.0265978
674 0.794472 0.490935 0.0219036
675 0.794472 0.496242 0.0255155
676 0.794472 0.480635 0.0243024
677 0.794472 0.490652 0.0217434
678 0.794472 0.475907 0.0277881
679 0.794472 0.48288 0.024479
680 0.794472 0.488497 0.0300384
681 0.794472 0.493117 0.0238946
682 0.794472 0.498622 0.0251491
683 0.794472 0.507121 0.0254455
684 0.794472 0.493917 0.0236189
685 0.794472 0.501674 0.0213163
686 0.794472 0.49968 0.0201191
687 0.794472 0.482776 0.025896
688 0.794472 0.490778 0.0259088
689 0.794472 0.478534 0.0288642
690 0.794472 0.472337 0.0333498
691 0.794472 0.490389 0.0289459
692 0.794472 0.462218 0.0315874
693 0.794472 0.489311 0.0285831
694 0.794472 0.481718 0.0293155
695 0.794472 0.4875 0.0251633
696 0.794472 0.489027 0.0238175
697 0.794472 0.479123 0.027615
698 0.794472 0.482812 0.02693
699 0.794472 0.471761 0.0273232
700 0.794472 0.479325 0.0275968
701 0.794472 0.46984 0.029632
702 0.794472 0.468798 0.0301092
703 0.794472 0.457883 0.029917
704 0.794472 0.476799 0.0333342
705 0.794472 0.476832 0.0282519
706 0.794472 0.471599 0.0337132
707 0.794472 0.486288 0.0287395
708 0.794472 0.480621 0.0322339
709 0.794472 0.476308 0.0248373
710 0.794472 0.497984 0.0251412
711 0.794472 0.500339 0.0234662
712 0.794472 0.494955 0.0278457
713 0.794472 0.509925 0.0266108
714 0.794472 0.513752 0.0282317
715 0.794472 0.503917 0.0276748
716 0.794472 0.478847 0.0322762
717 0.794472 0.502215 0.0254695
718 0.794472 0.480896 0.0236798
719 0.794472 0.487977 0.0275811
720 0.794472 0.477896 0.0283032
721 0.794472 0.482958 0.0290786
722 0.794472 0.47025 0.0241312
723 0.794472 0.487963 0.0314743
724 0.794472 0.476357 0.0277279
725 0.794472 0.486636 0.0234037
726 0.794472 0.497296 0.024082
727 0.794472 0.50917 0.0270226
728 0.794472 0.4891 0.0281987
729 0.794472 0.48644 0.0302883
730 0.794472 0.48913 0.0296609
731 0.794472 0.481951 0.0273648
732 0.794472 0.489198 0.0293401
733 0.794472 0.484799 0.027752
734 0.794472 0.49729 0.0287918
735 0.794472 0.485495 0.029659
736 0.794472 0.472454 0.0253145
737 0.794472 0.477718 0.028293
738 0.794472 0.484185 0.0295703
739 0.794472 0.501483 0.0287396
740 0.794472 0.499593 0.0281202
741 0.794472 0.496898 0.0252733
742 0.794472 0.497076 0.0247817
743 0.794472 0.512042 0.0265213
744 0.794472 0.497338 0.0286603
745 0.794472 0.489413 0.0276322
746 0.794472 0.477379 0.0271738
747 0.794472 0.473771 0.0265959
748 0.794472 0.476335 0.0293172
749 0.794472 0.479807 0.0243332
750 0.794472 0.497486 0.0236682
751 0.794472 0.503961 0.0265356
752 0.794472 0.520689 0.0266432
753 0.794472 0.489951 0.0279472
754 0.794472 0.485089 0.0275206
755 0.794472 0.480262 0.0279416
756 0.794472 0.487248 0.0271362
757 0.794472 0.50257 0.027817
758 0.794472 0.498419 0.0274486
759 0.794472 0.490902 0.0283655
760 0.794472 0.468142 0.0292113
761 0.794472 0.476259 0.0259907
762 0.794472 0.489571 0.0272275
763 0.794472 0.500211 0.0260705
764 0.794472 0.502431 0.0263977
765 0.794472 0.509198 0.0235009
766 0.794472 0.503384 0.0289679
767 0.794472 0.500356 0.0281514
768 0.794472 0.474747 0.0288253
769 0.794472 0.486462 0.027176
770 0.794472 0.487129 0.0276541
771 0.794472 0.485507 0.0230986
772 0.794472 0.514467 0.0216295
773 0.794472 0.483641 0.0223965
774 0.794472 0.489721 0.0232518
775 0.794472 0.501776 0.0250145
776 0.794472 0.503722 0.0219509
777 0.794472 0.486825 0.0272281
778 0.794472 0.49362 0.0274542
779 0.794472 0.464654 0.0254875
780 0.794472 0.462962 0.0309444
781 0.794472 0.484097 0.0267143
782 0.794472 0.489655 0.0269487
783 0.794472 0.480664 0.029723
784 0.794472 0.480552 0.0289468
785 0.794472 0.482402 0.0252945
786 0.794472 0.497539 0.0293632
787 0.794472 0.478221 0.0266654
788 0.794472 0.474639 0.0262992
789 0.794472 0.448541 0.0284315
790 0.794472 0.462822 0.0257225
791 0.794472 0.458043 0.0294397
792 0.794472 0.498468 0.0251847
793 0.794472 0.470138 0.0265138
794 0.794472 0.473083 0.0219738
795 0.794472 0.503919 0.0238913
796 0.794472 0.478791 0.0284796
797 0.794472 0.487509 0.0297367
798 0.794472 0.463022 0.0310169
799 0.794472 0.487634 0.02791
800 0.794472 0.490911 0.0306155
801 0.794472 0.486887 0.0275019
802 0.794472 0.467324 0.0329141
803 0.794472 0.460927 0.0300054
804 0.794472 0.471061 0.0274846
805 0.794472 0.483927 0.0296466
806 0.794472 0.499777 0.0243884
807 0.794472 0.49991 0.0245363
808 0.794472 0.505794 0.0210376
809 0.794472 0.495122 0.0251614
810 0.794472 0.49045 0.0272306
811 0.794472 0.495989 0.0274521
812 0.794472 0.460931 0.0279017
813 0.794472 0.483979 0.0312367
814 0.794472 0.473968 0.0288612
815 0.794472 0.486467 0.0274663
816 0.794472 0.476705 0.0284043
817 0.794472 0.483153 0.026421
818 0.794472 0.481559 0.0289704
819 0.794472 0.476669 0.0286369
820 0.794472 0.481738 0.0253911
821 0.794472 0.449329 0.0252237
822 0.794472 0.455425 0.0284033
823 0.794472 0.449275 0.0285272
824 0.794472 0.473748 0.0251536
825 0.794472 0.466188 0.0262407
826 0.794472 0.479827 0.0282492
827 0.794472 0.464947 0.0306731
828 0.794472 0.461906 0.0240438
829 0.794472 0.459629 0.0301881
830 0.794472 0.458564 0.0283561
831 0.794472 0.470984 0.0300002
832 0.794472 0.486674 0.0263282
833 0.794472 0.499098 0.0269614
834 0.794472 0.491235 0.0249289
835 0.794472 0.470009 0.0282463
836 0.794472 0.456598 0.0259128
837 0.794472 0.486402 0.0247901
838 0.794472 0.495338 0.0293067
839 0.794472 0.481686 0.029668
840 0.794472 0.491742 0.0327593
841 0.794472 0.482405 0.0297065
842 0.794472 0.504604 0.0315026
843 0.794472 0.51017 0.0292552
844 0.794472 0.484016 0.0312833
845 0.794472 0.474509 0.0352414
846 0.794472 0.480101 0.0286039
847 0.794472 0.492953 0.0316584
848 0.794472 0.466359 0.0309699
849 0.794472 0.4873 0.0307361
850 0.794472 0.47743 0.0266024
851 0.794472 0.479882 0.0227201
852 0.794472 0.511035 0.027324
853 0.794472 0.515438 0.0226231
854 0.794472 0.509805 0.023622
855 0.794472 0.491887 0.0218221
856 0.794472 0.487906 0.0272301
857 0.794472 0.501238 0.0235315
858 0.794472 0.485015 0.0254079
859 0.794472 0.477752 0.0254939
860 0.794472 0.487641 0.0265904
861 0.794472 0.480503 0.0266657
862 0.794472 0.48147 0.0260337
863 0.794472 0.474339 0.0259797
864 0.794472 0.466989 0.0246443
865 0.794472 0.475558 0.0257584
866 0.799239 0.469604 0.0307329
867 0.799239 0.483138 0.0270207
868 0.799239 0.47574 0.0289549
869 0.799239 0.476294 0.0287034
870 0.799239 0.478712 0.0287816
871 0.799239 0.47404 0.0273844
872 0.799239 0.479129 0.0271526
873 0.799239 0.503277 0.0283299
874 0.799239 0.48315 0.0251863
875 0.799239 0.479474 0.0235922
876 0.799239 0.501188 0.0228554
877 0.799239 0.477474 0.0255423
878 0.799239 0.497568 0.0247482
879 0.799239 0.476863 0.0234251
880 0.799239 0.479698 0.0246184
881 0.799239 0.489555 0.0274169
882 0.799239 0.473007 0.0240889
883 0.799239 0.492784 0.0250055
884 0.799239 0.486525 0.0273802
885 0.799239 0.496299 0.0236945
886 0.799239 0.484965 0.0247116
887 0.799239 0.489648 0.0278321
888 0.799239 0.488444 0.02551
889 0.799239 0.503652 0.0271207
890 0.799239 0.485676 0.0310462
891 0.799239 0.473391 0.0293553
892 0.799239 0.464793 0.0326535
893 0.799239 0.465769 0.0285637
894 0.799239 0.45845 0.0332379
895 0.799239 0.47083 0.0301886
896 0.799239 0.455863 0.0276206
897 0.799239 0.433988 0.02708
898 0.799239 0.454386 0.0262153
899 0.799239 0.464969 0.0259267
900 0.799239 0.47642 0.0264276
901 0.799239 0.487648 0.0250538
902 0.799239 0.482579 0.027794
903 0.799239 0.487065 0.0264667
904 0.799239 0.485351 0.0269411
905 0.799239 0.474368 0.030269
906 0.799239 0.481334 0.0240816
907 0.799239 0.482282 0.0278544
908 0.799239 0.488823 0.0250812
909 0.799239 0.479791 0.0280639
910 0.799239 0.50652 0.0269654
911 0.799239 0.515771 0.0243994
912 0.799239 0.515366 0.0283818
913 0.799239 0.498817 0.030642
914 0.799239 0.488491 0.0237481
915 0.799239 0.462958 0.0286462
916 0.799239 0.463579 0.0272954
917 0.799239 0.464011 0.0297877
918 0.799239 0.45143 0.0332596
919 0.799239 0.485672 0.0306937
920 0.799239 0.485893 0.0320809
921 0.799239 0.471806 0.0297014
922 0.799239 0.469003 0.0279458
923 0.799239 0.47289 0.029983
924 0.799239 0.468881 0.0265273
925 0.799239 0.475469 0.02899
926 0.799239 0.467895 0.0297854
927 0.799239 0.488919 0.0301814
928 0.799239 0.499931 0.0239422
929 0.799239 0.486385 0.0256233
930 0.799239 0.469086 0.0236992
931 0.799239 0.479969 0.025146
932 0.799239 0.489986 0.0273036
933 0.799239 0.496307 0.0262322
934 0.799239 0.49862 0.0291709
935 0.799239 0.498008 0.0247723
936 0.799239 0.477442 0.0288875
937 0.799239 0.470814 0.0278593
938 0.799239 0.49586 0.0254592
939 0.799239 0.48934 0.0304759
940 0.799239 0.491284 0.0280043
941 0.799239 0.460125 0.0234967
942 0.799239 0.497809 0.0292602
943 0.799239 0.503122 0.0277504
944 0.799239 0.488417 0.0261569
945 0.799239 0.502702 0.0282802
946 0.799239 0.498195 0.0300419
947 0.799239 0.50446 0.0282174
948 0.799239 0.501206 0.0270066
949 0.799239 0.517886 0.0237213
950 0.799239 0.510423 0.0216816
951 0.799239 0.499692 0.0222431
952 0.799239 0.483571 0.0236748
953 0.799239 0.492673 0.0245509
954 0.799239 0.490259 0.0295879
955 0.799239 0.491566 0.0272356
956 0.799239 0.484412 0.0277856
957 0.799239 0.494019 0.0254207
958 0.799239 0.4958 0.02496
959 0.799239 0.474758 0.0283042
960 0.799239 0.487976 0.027599
961 0.799239 0.475627 0.0316513
962 0.799239 0.479729 0.0325667
963 0.799239 0.499644 0.0275185
964 0.799239 0.485148 0.0344932
965 0.799239 0.475953 0.0300513
966 0.799239 0.46572 0.0290386
967 0.799239 0.457263 0.030332
968 0.799239 0.479008 0.0303471
969 0.799239 0.464994 0.0286423
970 0.799239 0.470884 0.0310756
971 0.799239 0.483188 0.0273469
972 0.799239 0.467023 0.0330387
973 0.799239 0.488451 0.0279842
974 0.799239 0.472346 0.0325228
975 0.799239 0.494377 0.0237405
976 0.799239 0.496678 0.0235018
977 0.799239 0.491445 0.0256157
978 0.799239 0.461237 0.0276855
979 0.799239 0.50692 0.0273838
980 0.799239 0.492976 0.0261102
981 0.799239 0.482414 0.0275992
982 0.799239 0.492741 0.0260466
983 0.799239 0.482675 0.0248954
984 0.799239 0.49409 0.0246458
985 0.799239 0.474323 0.0242218
986 0.799239 0.458891 0.0228281
987 0.799239 0.479008 0.0247987
988 0.799239 0.489666 0.0289293
989 0.799239 0.494855 0.0273521
990 0.799239 0.498733 0.0278449
991 0.799239 0.498103 0.0298424
992 0.799239 0.479376 0.0271512
993 0.799239 0.478231 0.025553
994 0.799239 0.453626 0.0306435
995 0.799239 0.475443 0.0251186
996 0.799239 0.460983 0.028714
997 0.799239 0.489391 0.0271368
998 0.799239 0.487297 0.0277283
999 0.799239 0.470461 0.0274565
1000 0.799239 0.464463 0.025636
