0 0.250605 0.249354 2.88384e-05
1 0.264393 0.249706 3.2404e-05
2 0.264393 0.250688 7.71977e-06
3 0.264393 0.250773 8.99789e-06
4 0.317956 0.253013 0.000111612
5 0.44053 0.257549 0.000667733
6 0.44053 0.25572 0.000858077
7 0.44053 0.254978 0.00102224
8 0.44053 0.26029 0.00100767
9 0.461775 0.266689 0.00166016
10 0.461775 0.268295 0.00169998
11 0.461775 0.271177 0.00223321
12 0.469049 0.276154 0.00296576
13 0.480947 0.283613 0.00481486
14 0.480947 0.293291 0.00662911
15 0.480947 0.293542 0.00625722
16 0.480947 0.297649 0.00700897
17 0.488807 0.302264 0.00760482
18 0.494029 0.299582 0.00805502
19 0.503736 0.302779 0.00861268
20 0.520091 0.292371 0.00791598
21 0.541903 0.29194 0.00812241
22 0.541903 0.301211 0.00871169
23 0.541903 0.301721 0.0097491
24 0.541903 0.317732 0.00921585
25 0.541903 0.324373 0.00996318
26 0.543683 0.338653 0.01128
27 0.565851 0.344589 0.0127645
28 0.565851 0.336861 0.0121035
29 0.565851 0.326663 0.0109222
30 0.598817 0.341967 0.0112897
31 0.598817 0.34049 0.0110229
32 0.635214 0.352481 0.0122112
33 0.635214 0.365291 0.0129223
34 0.635214 0.358143 0.0128596
35 0.635214 0.361119 0.0129163
36 0.635214 0.364773 0.0133027
37 0.635214 0.376674 0.0139888
38 0.635214 0.396217 0.0134616
39 0.661624 0.402811 0.0127698
40 0.661624 0.418952 0.0138427
41 0.661624 0.427841 0.0158294
42 0.661624 0.427246 0.0161504
43 0.661624 0.433121 0.0145601
44 0.661624 0.434039 0.0143632
45 0.661624 0.420344 0.0140973
46 0.662668 0.438814 0.0164379
47 0.690616 0.444958 0.0146531
48 0.690616 0.445309 0.0145778
49 0.690616 0.447049 0.0136575
50 0.690616 0.454155 0.0147991
51 0.690616 0.450209 0.0135403
52 0.690616 0.439609 0.0117784
53 0.690616 0.441093 0.0128982
54 0.697249 0.447759 0.0172032
55 0.697249 0.446134 0.0149524
56 0.697249 0.445104 0.0159957
57 0.697249 0.452325 0.0150299
58 0.730049 0.439664 0.0164922
59 0.730049 0.46044 0.0173728
60 0.730049 0.460696 0.0192775
61 0.730049 0.454529 0.0159926
62 0.730049 0.447204 0.0185622
63 0.730049 0.45704 0.019586
64 0.730049 0.463974 0.0172409
65 0.730049 0.473839 0.0162096
66 0.730049 0.470076 0.0191014
67 0.730049 0.450995 0.0197915
68 0.730049 0.474595 0.0215966
69 0.730049 0.476926 0.020083
70 0.730049 0.502241 0.0212731
71 0.740462 0.48545 0.0239436
72 0.740462 0.495091 0.0194337
73 0.740462 0.508937 0.0205356
74 0.740462 0.498059 0.0184487
75 0.759174 0.503675 0.0230846
76 0.759174 0.494138 0.0237724
77 0.759174 0.508715 0.021166
78 0.759174 0.507461 0.0172626
79 0.759899 0.511807 0.0227869
80 0.759899 0.496123 0.0230397
81 0.765545 0.493078 0.0220104
82 0.765545 0.494926 0.0224609
83 0.765545 0.504633 0.023332
84 0.765545 0.51274 0.0239916
85 0.765545 0.505609 0.022845
86 0.765545 0.499342 0.0260003
87 0.765545 0.506426 0.0229196
88 0.765545 0.507731 0.0291201
89 0.766645 0.519598 0.025752
90 0.766645 0.499958 0.0274303
91 0.766645 0.508124 0.0260062
92 0.766645 0.497488 0.0266557
93 0.766645 0.492113 0.0274839
94 0.766645 0.500078 0.0269952
95 0.766645 0.510393 0.0284772
96 0.766774 0.514585 0.0274301
97 0.766774 0.492283 0.0276994
98 0.766774 0.507588 0.0263151
99 0.766774 0.501232 0.0212779
100 0.766774 0.510054 0.0227643
101 0.766774 0.504302 0.0218685
102 0.766774 0.510479 0.022073
103 0.766774 0.520917 0.0221592
104 0.766774 0.531906 0.0213144
105 0.770375 0.517703 0.0206086
106 0.770375 0.521059 0.0210306
107 0.770375 0.522668 0.0208814
108 0.770375 0.532474 0.0214115
109 0.770375 0.525538 0.0226916
110 0.770375 0.52246 0.0221077
111 0.770375 0.506929 0.0238999
112 0.770375 0.526603 0.0220028
113 0.770375 0.522894 0.0233239
114 0.770375 0.529445 0.0233325
115 0.770375 0.525624 0.0238721
116 0.770375 0.533793 0.0253146
117 0.770375 0.526264 0.0237873
118 0.770375 0.518173 0.0245108
119 0.770375 0.521846 0.0255197
120 0.770375 0.536916 0.0232251
121 0.770375 0.51474 0.0253707
122 0.770375 0.513932 0.0233106
123 0.770375 0.526675 0.0212988
124 0.770375 0.5179 0.0194981
125 0.770375 0.503283 0.0169029
126 0.770375 0.498401 0.0205121
127 0.77133 0.500048 0.0242006
128 0.77133 0.502668 0.0240622
129 0.77133 0.481013 0.025109
130 0.77133 0.496496 0.0223445
131 0.77133 0.515498 0.0238309
132 0.775695 0.518145 0.0234595
133 0.775695 0.493862 0.0235851
134 0.775695 0.503029 0.0226591
135 0.775695 0.503804 0.0241617
136 0.776392 0.496516 0.0236158
137 0.776392 0.497849 0.0204723
138 0.776392 0.49976 0.0205309
139 0.776392 0.496337 0.0216731
140 0.776392 0.512886 0.0225306
141 0.776392 0.506024 0.0236991
142 0.776392 0.500003 0.0243915
143 0.776392 0.497249 0.0241734
144 0.77647 0.51147 0.0296959
145 0.77647 0.510142 0.0253734
146 0.77647 0.509433 0.0243136
147 0.782127 0.506265 0.0251889
148 0.793315 0.518249 0.0263579
149 0.793315 0.511877 0.0268082
150 0.793315 0.501601 0.0283673
151 0.832348 0.507742 0.0251499
152 0.832348 0.50449 0.0229054
153 0.832348 0.509727 0.0230378
154 0.832348 0.506664 0.0264996
155 0.832348 0.506576 0.0215483
156 0.832348 0.502282 0.0251939
157 0.832348 0.499659 0.0243076
158 0.832348 0.50755 0.0249475
159 0.832348 0.536978 0.0229222
160 0.832348 0.519568 0.0213785
161 0.832348 0.516846 0.0215898
162 0.832348 0.528173 0.0202178
163 0.832348 0.518435 0.0228486
164 0.832348 0.505802 0.020364
165 0.832348 0.521885 0.0184905
166 0.832348 0.536618 0.0193816
167 0.832348 0.519047 0.0165961
168 0.832348 0.533798 0.0202103
169 0.832348 0.511087 0.0202835
170 0.832348 0.524035 0.025253
171 0.832348 0.514969 0.0250827
172 0.832348 0.521988 0.0222785
173 0.832348 0.52031 0.0245424
174 0.832348 0.52808 0.0258754
175 0.832348 0.519255 0.022697
176 0.832348 0.504034 0.0246095
177 0.832348 0.50154 0.0249622
178 0.832348 0.50625 0.0248337
179 0.832348 0.516237 0.022311
180 0.832348 0.540208 0.0206422
181 0.832348 0.53311 0.0195723
182 0.832348 0.514866 0.0220066
183 0.832348 0.511336 0.0204493
184 0.832348 0.51881 0.0243836
185 0.832348 0.517965 0.022424
186 0.832348 0.522955 0.0195535
187 0.832348 0.52172 0.0228473
188 0.832348 0.532388 0.0245065
189 0.832348 0.529869 0.0246845
190 0.832348 0.525416 0.0231626
191 0.832348 0.531102 0.0236146
192 0.832348 0.536558 0.0224782
193 0.832348 0.516506 0.0252061
194 0.832348 0.517236 0.0268542
195 0.832348 0.511953 0.0279623
196 0.832348 0.499138 0.024026
197 0.832348 0.508324 0.0200047
198 0.832348 0.502848 0.0258738
199 0.832348 0.501657 0.0241236
200 0.832348 0.500897 0.0224959
201 0.832348 0.515484 0.0236834
202 0.832348 0.519795 0.0236039
203 0.832348 0.526459 0.0230735
204 0.832348 0.534817 0.0204065
205 0.832348 0.536151 0.0207224
206 0.832348 0.529257 0.023288
207 0.832348 0.513689 0.0227728
208 0.832348 0.525569 0.0254311
209 0.832348 0.5132 0.0226611
210 0.832348 0.50391 0.0194954
211 0.832348 0.525967 0.0225574
212 0.832348 0.520353 0.0218593
213 0.832348 0.50303 0.0167706
214 0.832348 0.522954 0.0185561
215 0.832348 0.514412 0.024144
216 0.832348 0.518191 0.0204621
217 0.832348 0.534091 0.0206351
218 0.832348 0.548995 0.0226182
219 0.832348 0.521998 0.022341
220 0.832348 0.516816 0.0219819
221 0.832348 0.509704 0.0201566
222 0.832348 0.517427 0.0209626
223 0.835795 0.513963 0.0243936
224 0.835795 0.510569 0.0277727
225 0.835795 0.488619 0.0285511
226 0.835795 0.496018 0.0248754
227 0.835795 0.481152 0.0233201
228 0.835795 0.49021 0.0239323
229 0.835795 0.518678 0.0236306
230 0.835795 0.500856 0.0210912
231 0.835795 0.485875 0.0229666
232 0.835795 0.477799 0.0247456
233 0.835795 0.49172 0.0275432
234 0.835795 0.52741 0.0264918
235 0.835795 0.512743 0.0264978
236 0.835795 0.504616 0.025467
237 0.835795 0.504779 0.0229439
238 0.835795 0.499342 0.0200911
239 0.835795 0.50631 0.0223089
240 0.835795 0.493538 0.0228196
241 0.835795 0.501787 0.0221289
242 0.835795 0.499016 0.0227288
243 0.835795 0.508549 0.0278819
244 0.835795 0.50665 0.0238824
245 0.835795 0.511539 0.0236302
246 0.835795 0.502017 0.0224457
247 0.835795 0.524519 0.0203545
248 0.835795 0.511804 0.0180182
249 0.835795 0.50394 0.0204517
250 0.835795 0.521259 0.0284773
251 0.835795 0.506124 0.028054
252 0.835795 0.511351 0.0259061
253 0.835795 0.505356 0.0256256
254 0.835795 0.519115 0.0211779
255 0.835795 0.516327 0.0188316
256 0.835795 0.51884 0.0261212
257 0.835795 0.511355 0.0245769
258 0.835795 0.504942 0.0238008
259 0.835795 0.510283 0.0236318
260 0.835795 0.506793 0.02333
261 0.835795 0.510925 0.0248887
262 0.835795 0.507854 0.0212048
263 0.835795 0.523515 0.0246132
264 0.835795 0.531072 0.0245644
265 0.835795 0.544008 0.0244395
266 0.835795 0.529365 0.0202036
267 0.835795 0.531843 0.0219742
268 0.835795 0.528097 0.0229373
269 0.835795 0.535891 0.0241469
270 0.835795 0.53975 0.0212354
271 0.835795 0.530455 0.0221405
272 0.835795 0.533508 0.0241541
273 0.835795 0.520551 0.0240446
274 0.835795 0.529796 0.0228457
275 0.838916 0.532401 0.0214138
276 0.838916 0.52031 0.0205507
277 0.838916 0.526509 0.0248957
278 0.838916 0.520317 0.0250285
279 0.838916 0.508631 0.0251106
280 0.838916 0.51089 0.023812
281 0.838916 0.506627 0.0241378
282 0.838916 0.505028 0.0238683
283 0.838916 0.488842 0.0234876
284 0.838916 0.51434 0.0254125
285 0.838916 0.503577 0.0286658
286 0.838916 0.509969 0.0276734
287 0.838916 0.503078 0.0261726
288 0.838916 0.502919 0.0268633
289 0.838916 0.495072 0.0289601
290 0.838916 0.512249 0.0271397
291 0.838916 0.511982 0.0230496
292 0.838916 0.497106 0.0260367
293 0.838916 0.484241 0.0248151
294 0.838916 0.492965 0.0256546
295 0.838916 0.484084 0.0249543
296 0.838916 0.492281 0.0221669
297 0.838916 0.496828 0.0225516
298 0.838916 0.492043 0.0235747
299 0.838916 0.506721 0.027771
300 0.838916 0.517935 0.0250301
301 0.842313 0.495794 0.0263386
302 0.842313 0.499412 0.0265027
303 0.842313 0.492911 0.0282765
304 0.842313 0.499964 0.0279587
305 0.842313 0.523381 0.0272983
306 0.842313 0.502328 0.0285194
307 0.842313 0.473492 0.0257795
308 0.842313 0.502953 0.0252816
309 0.842313 0.506196 0.024245
310 0.842313 0.506351 0.0215875
311 0.842313 0.495196 0.0239025
312 0.842313 0.50435 0.0253475
313 0.842313 0.498898 0.0204622
314 0.842313 0.518073 0.023177
315 0.842313 0.518634 0.0191773
316 0.842313 0.504703 0.0222744
317 0.842313 0.512034 0.0237983
318 0.842313 0.512283 0.0233837
319 0.842313 0.529074 0.0227398
320 0.842313 0.507453 0.0244219
321 0.842313 0.518414 0.0264681
322 0.842313 0.511503 0.0228234
323 0.842313 0.527727 0.0251421
324 0.842313 0.525669 0.0206992
325 0.842313 0.518871 0.0217007
326 0.842313 0.528489 0.0230636
327 0.842313 0.52796 0.0218245
328 0.842313 0.518336 0.0236132
329 0.842313 0.509273 0.0209746
330 0.842313 0.522532 0.023096
331 0.842313 0.520839 0.0248106
332 0.842313 0.504022 0.023416
333 0.84307 0.518234 0.0267787
334 0.84307 0.535855 0.0268228
335 0.853513 0.529548 0.027361
336 0.853513 0.52325 0.0257254
337 0.853513 0.51196 0.0322192
338 0.853513 0.537092 0.0283237
339 0.853513 0.519894 0.026926
340 0.853513 0.516075 0.0245184
341 0.853513 0.530481 0.0283963
342 0.853513 0.532494 0.0258158
343 0.853513 0.510757 0.026417
344 0.853513 0.493871 0.0261903
345 0.853513 0.516664 0.0276284
346 0.853513 0.526662 0.0293425
347 0.853513 0.526693 0.0283862
348 0.853513 0.515293 0.0261903
349 0.853513 0.536851 0.0258356
350 0.853513 0.525981 0.0240321
351 0.853513 0.51908 0.0246737
352 0.853513 0.512902 0.0260525
353 0.853513 0.517744 0.0256128
354 0.853513 0.507244 0.0263797
355 0.853513 0.51274 0.0254333
356 0.853513 0.499879 0.0272524
357 0.853513 0.509785 0.031012
358 0.853513 0.517714 0.0306898
359 0.853513 0.517581 0.0311138
360 0.853513 0.529534 0.0264305
361 0.853513 0.535972 0.0293976
362 0.853513 0.530852 0.0256123
363 0.853513 0.524848 0.0255078
364 0.853513 0.516366 0.0273911
365 0.853513 0.530195 0.0280275
366 0.853513 0.519094 0.0258986
367 0.853513 0.517543 0.0221902
368 0.853513 0.509334 0.0219562
369 0.853513 0.520714 0.0232976
370 0.853513 0.541578 0.0265188
371 0.853513 0.51068 0.0219156
372 0.853513 0.514837 0.0233985
373 0.853513 0.524305 0.024816
374 0.853513 0.510372 0.0254724
375 0.853513 0.51477 0.0228976
376 0.853513 0.511299 0.0207062
377 0.853513 0.51634 0.0193393
378 0.853513 0.51602 0.0192461
379 0.853513 0.539719 0.0200998
380 0.853513 0.515953 0.0216176
381 0.853513 0.532314 0.0251406
382 0.853513 0.541027 0.0226297
383 0.853513 0.526375 0.025822
384 0.853513 0.515134 0.0279743
385 0.853513 0.537781 0.027275
386 0.853513 0.538505 0.0255174
387 0.853513 0.539148 0.0273496
388 0.853513 0.536968 0.0240667
389 0.853513 0.536523 0.0272665
390 0.853513 0.538115 0.0232317
391 0.853513 0.543362 0.0281283
392 0.853513 0.534206 0.0226309
393 0.853513 0.528918 0.0219761
394 0.853513 0.552113 0.0265764
395 0.853513 0.536157 0.0263946
396 0.853513 0.524555 0.0246204
397 0.853513 0.513907 0.0226162
398 0.853513 0.515013 0.0234169
399 0.853513 0.52635 0.0233475
400 0.853513 0.520745 0.0285981
401 0.853513 0.519257 0.0283758
402 0.853513 0.5233 0.0256913
403 0.853513 0.496072 0.028023
404 0.853513 0.503633 0.029424
405 0.853513 0.5019 0.0297865
406 0.853513 0.519699 0.0256173
407 0.853513 0.488682 0.0263187
408 0.853513 0.50053 0.0287514
409 0.853513 0.498053 0.0312764
410 0.853513 0.489733 0.0306695
411 0.853513 0.487555 0.0262717
412 0.853513 0.488147 0.0260166
413 0.858757 0.518253 0.0301442
414 0.858757 0.514765 0.027902
415 0.858757 0.507518 0.0329489
416 0.858757 0.500829 0.0240452
417 0.858757 0.501752 0.0225121
418 0.858757 0.517937 0.0244222
419 0.858757 0.512049 0.0228298
420 0.858757 0.500319 0.0259064
421 0.858757 0.484219 0.0265145
422 0.858757 0.49967 0.0283728
423 0.858757 0.511548 0.0255425
424 0.858757 0.496695 0.0244085
425 0.858757 0.488328 0.0243818
426 0.858757 0.501828 0.0274055
427 0.858757 0.507706 0.0301252
428 0.858757 0.505796 0.0269169
429 0.858757 0.517315 0.0313467
430 0.858757 0.491525 0.0332491
431 0.858757 0.510123 0.0277916
432 0.858757 0.505409 0.030481
433 0.858757 0.500547 0.0319419
434 0.858757 0.509379 0.0330886
435 0.858757 0.509925 0.0299069
436 0.858757 0.503237 0.0293079
437 0.858757 0.503896 0.0276431
438 0.858757 0.5108 0.0288944
439 0.858757 0.521555 0.0300459
440 0.858757 0.51485 0.0302207
441 0.858757 0.508554 0.032357
442 0.858757 0.481359 0.0266816
443 0.858757 0.491755 0.0291737
444 0.858757 0.492651 0.0294277
445 0.858757 0.503377 0.0249889
446 0.858757 0.497941 0.0263357
447 0.858757 0.491386 0.0299632
448 0.858757 0.517806 0.0309244
449 0.858757 0.505592 0.0295018
450 0.858757 0.522481 0.028821
451 0.858757 0.530705 0.029531
452 0.858757 0.52439 0.0309956
453 0.858757 0.505414 0.0252267
454 0.858757 0.506693 0.0290641
455 0.858757 0.518956 0.0267094
456 0.858757 0.521796 0.0258491
457 0.858757 0.523514 0.0249116
458 0.858757 0.526145 0.023301
459 0.858757 0.527856 0.0269341
460 0.858757 0.528482 0.0270811
461 0.858757 0.529182 0.0261748
462 0.858757 0.544029 0.0245355
463 0.858757 0.546712 0.0219275
464 0.858757 0.545228 0.0233334
465 0.858757 0.544384 0.0237435
466 0.858757 0.543598 0.0299112
467 0.858757 0.517807 0.025722
468 0.858757 0.53031 0.0233004
469 0.858757 0.52777 0.0250804
470 0.858757 0.526333 0.0262131
471 0.858757 0.53413 0.0265541
472 0.858757 0.544594 0.0234902
473 0.858757 0.551399 0.0223228
474 0.858757 0.540147 0.0297615
475 0.858757 0.535726 0.0280014
476 0.858757 0.549976 0.0284552
477 0.858757 0.526899 0.0249058
478 0.858757 0.534064 0.0219587
479 0.858757 0.533841 0.0259835
480 0.858757 0.522504 0.0231319
481 0.858757 0.517749 0.0243862
482 0.858757 0.539146 0.0267705
483 0.858757 0.528702 0.0239676
484 0.858757 0.514037 0.0257707
485 0.858757 0.509458 0.0223794
486 0.859139 0.504154 0.0263615
487 0.859139 0.51838 0.027548
488 0.859139 0.503792 0.027288
489 0.859139 0.514159 0.0267762
490 0.859139 0.526011 0.023674
491 0.859139 0.525005 0.0236918
492 0.859139 0.516355 0.0241236
493 0.859139 0.509768 0.02583
494 0.859139 0.522358 0.0309833
495 0.859139 0.514446 0.0290338
496 0.859139 0.514887 0.0304468
497 0.859139 0.528019 0.0277998
498 0.859139 0.518665 0.0233385
499 0.859139 0.528024 0.0264144
500 0.859139 0.52898 0.025939
501 0.8592 0.543337 0.0296025
502 0.8592 0.498396 0.0269177
503 0.8592 0.501298 0.0287593
504 0.8592 0.500447 0.0296419
505 0.8592 0.504664 0.0312888
506 0.8592 0.522907 0.0283371
507 0.8592 0.517828 0.0300069
508 0.8592 0.504111 0.0286416
509 0.8592 0.520835 0.0251796
510 0.8592 0.514992 0.0237335
511 0.8592 0.515496 0.0221932
512 0.8592 0.511457 0.0238638
513 0.8592 0.513797 0.0240833
514 0.8592 0.511415 0.0242768
515 0.8592 0.52115 0.0255836
516 0.8592 0.517415 0.0226241
517 0.859206 0.53596 0.0243969
518 0.859206 0.536641 0.0272213
519 0.859206 0.536665 0.0275679
520 0.859206 0.540499 0.0276265
521 0.859206 0.537689 0.0268535
522 0.859206 0.516952 0.0239951
523 0.861491 0.530937 0.0249334
524 0.861491 0.533302 0.0243477
525 0.861491 0.533363 0.0212855
526 0.861491 0.523064 0.0252996
527 0.861491 0.506194 0.0277252
528 0.861491 0.534625 0.0311643
529 0.861491 0.5353 0.029229
530 0.861491 0.53055 0.0266055
531 0.861491 0.521724 0.0250842
532 0.861491 0.520979 0.0237306
533 0.861491 0.514876 0.0254371
534 0.861491 0.511937 0.0273551
535 0.861491 0.518874 0.0276615
536 0.861491 0.524904 0.0257385
537 0.861491 0.521075 0.0279899
538 0.861491 0.50803 0.0245828
539 0.861491 0.512678 0.0261865
540 0.861491 0.528314 0.027682
541 0.861491 0.523397 0.0279461
542 0.861491 0.516549 0.0241894
543 0.861491 0.520638 0.0255552
544 0.861491 0.493966 0.0242316
545 0.861491 0.523053 0.0232164
546 0.861491 0.505498 0.0243873
547 0.861491 0.51884 0.0245323
548 0.861491 0.517795 0.0241652
549 0.861491 0.511656 0.0244469
550 0.861491 0.510108 0.0285676
551 0.861491 0.521342 0.0293037
552 0.861491 0.527204 0.027828
553 0.861491 0.528545 0.0245063
554 0.861491 0.53269 0.0272131
555 0.861491 0.528114 0.0254107
556 0.861491 0.532371 0.0244573
557 0.861491 0.516014 0.0260882
558 0.861491 0.525341 0.026949
559 0.861491 0.540659 0.0246772
560 0.861491 0.517372 0.0243942
561 0.861491 0.510683 0.0220552
562 0.861491 0.525564 0.0245811
563 0.861491 0.511785 0.0253358
564 0.861491 0.523671 0.0279027
565 0.861491 0.520732 0.0261012
566 0.861491 0.513397 0.0328576
567 0.861491 0.529903 0.0312379
568 0.861491 0.515884 0.0270292
569 0.861491 0.513576 0.029077
570 0.861491 0.510567 0.0264719
571 0.861491 0.500481 0.0231471
572 0.861491 0.505726 0.0264209
573 0.861491 0.509633 0.0243061
574 0.861491 0.515424 0.028002
575 0.861491 0.514079 0.0259206
576 0.861491 0.52733 0.0260645
577 0.861491 0.520627 0.0261528
578 0.861491 0.538518 0.0295745
579 0.861491 0.530265 0.0280723
580 0.861491 0.527342 0.0252415
581 0.861491 0.541921 0.0243503
582 0.861491 0.526216 0.0230848
583 0.861491 0.531824 0.0245
584 0.861491 0.523772 0.0220423
585 0.861491 0.535035 0.0250996
586 0.86187 0.537791 0.0279445
587 0.86187 0.533607 0.0245061
588 0.86187 0.53173 0.022891
589 0.86187 0.560343 0.0221222
590 0.86187 0.536619 0.024951
591 0.86187 0.529886 0.0237552
592 0.86187 0.532986 0.0265617
593 0.86187 0.501925 0.0248845
594 0.86187 0.504677 0.0270132
595 0.86187 0.51447 0.029066
596 0.86187 0.502386 0.0250246
597 0.86187 0.514007 0.0266535
598 0.86187 0.526821 0.0271337
599 0.86187 0.543277 0.0281984
600 0.86187 0.54672 0.0251007
601 0.86187 0.524567 0.0203235
602 0.86187 0.538573 0.0256324
603 0.86187 0.524322 0.0227742
604 0.86187 0.544428 0.0282815
605 0.86187 0.517415 0.0243283
606 0.86187 0.526398 0.0268734
607 0.86187 0.522546 0.0257686
608 0.86187 0.516412 0.0286749
609 0.86187 0.49396 0.0298828
610 0.86187 0.513186 0.0311959
611 0.86187 0.505103 0.0288314
612 0.86187 0.501782 0.0275786
613 0.86187 0.505814 0.0251443
614 0.86187 0.506294 0.0249389
615 0.86187 0.504896 0.0214534
616 0.86187 0.513599 0.0257987
617 0.86187 0.512932 0.0235111
618 0.86187 0.528984 0.0252882
619 0.86187 0.533932 0.0262177
620 0.86187 0.520259 0.0254228
621 0.86187 0.503543 0.0244048
622 0.86187 0.496948 0.025256
623 0.86187 0.509418 0.0281669
624 0.86187 0.528941 0.0290597
625 0.86187 0.522368 0.0277475
626 0.86187 0.517696 0.0229778
627 0.86187 0.518161 0.0241335
628 0.86187 0.535074 0.0259366
629 0.86187 0.540488 0.0280902
630 0.86187 0.554366 0.0224044
631 0.86187 0.518065 0.0222971
632 0.86187 0.526308 0.0255634
633 0.86187 0.526798 0.0233164
634 0.86187 0.522338 0.0225651
635 0.86187 0.541136 0.0223238
636 0.86187 0.52528 0.0239937
637 0.86187 0.545168 0.0246858
638 0.86187 0.546814 0.0242398
639 0.86187 0.545167 0.0230286
640 0.86187 0.541434 0.0232105
641 0.86187 0.540462 0.0246276
642 0.86187 0.538656 0.0251921
643 0.86187 0.531323 0.0259034
644 0.86187 0.521729 0.0229862
645 0.86187 0.543768 0.0241539
646 0.86187 0.530785 0.0232327
647 0.86187 0.541208 0.0237688
648 0.86187 0.540858 0.0202744
649 0.86187 0.53979 0.0224296
650 0.861877 0.538326 0.0279415
651 0.861877 0.543603 0.0267764
652 0.861877 0.522433 0.0272762
653 0.861877 0.508933 0.026385
654 0.861877 0.511648 0.0269131
655 0.861877 0.524345 0.0271012
656 0.861877 0.518312 0.0248333
657 0.861877 0.521751 0.0246303
658 0.861877 0.513045 0.0269763
659 0.861877 0.531195 0.024368
660 0.861877 0.523697 0.0244941
661 0.861877 0.540275 0.0281222
662 0.861877 0.507049 0.0280876
663 0.861877 0.522346 0.023245
664 0.861877 0.520267 0.0284777
665 0.861877 0.50733 0.0258508
666 0.861877 0.505638 0.0221301
667 0.861877 0.50345 0.0261335
668 0.861877 0.510388 0.0279691
669 0.861877 0.511758 0.0262367
670 0.861877 0.508341 0.0282446
671 0.861877 0.504199 0.0278381
672 0.861877 0.534671 0.0320456
673 0.861877 0.505338 0.0314278
674 0.861877 0.517379 0.0293451
675 0.861877 0.513687 0.0304003
676 0.861877 0.518938 0.0282964
677 0.861877 0.508517 0.0316271
678 0.861877 0.527565 0.0302154
679 0.861877 0.528789 0.025477
680 0.861877 0.550185 0.028675
681 0.861877 0.516288 0.0267179
682 0.861877 0.525169 0.0268453
683 0.861877 0.510391 0.0282778
684 0.861877 0.509213 0.0243925
685 0.861882 0.519235 0.0278329
686 0.861882 0.541837 0.0220908
687 0.861882 0.529651 0.024631
688 0.861882 0.529079 0.0254802
689 0.861882 0.522666 0.0221835
690 0.861882 0.508801 0.0269303
691 0.861882 0.539717 0.0239427
692 0.861882 0.520368 0.0273863
693 0.861882 0.536802 0.0270859
694 0.861882 0.527862 0.0343643
695 0.861882 0.513348 0.0324375
696 0.861882 0.515148 0.0251303
697 0.861882 0.509369 0.0233547
698 0.861882 0.523603 0.0239184
699 0.861882 0.511581 0.0243462
700 0.861882 0.519199 0.0261397
701 0.861882 0.5258 0.0245361
702 0.861882 0.515256 0.0232844
703 0.861882 0.542851 0.0240486
704 0.861882 0.551617 0.0256654
705 0.861882 0.531415 0.0228452
706 0.861882 0.504688 0.0211409
707 0.861882 0.507994 0.0267411
708 0.861882 0.513012 0.0279559
709 0.861882 0.520919 0.0309389
710 0.861882 0.502113 0.0267382
711 0.861882 0.519684 0.0268293
712 0.861882 0.51636 0.0264587
713 0.861882 0.501543 0.0268267
714 0.861882 0.498284 0.0249517
715 0.861882 0.511461 0.0297004
716 0.861882 0.505768 0.0260352
717 0.861882 0.527237 0.0291978
718 0.861882 0.522627 0.0259726
719 0.861882 0.524983 0.0271047
720 0.861882 0.547301 0.0297835
721 0.861882 0.537629 0.0277367
722 0.861882 0.531837 0.0304979
723 0.861882 0.547534 0.0296716
724 0.861882 0.528852 0.026414
725 0.861882 0.513381 0.0266401
726 0.861882 0.52251 0.0285542
727 0.861882 0.539737 0.0234943
728 0.861882 0.536369 0.0237411
729 0.861882 0.539748 0.0230393
730 0.861882 0.524957 0.0214294
731 0.861882 0.524775 0.0269931
732 0.861882 0.525976 0.0239407
733 0.861882 0.525893 0.0239062
734 0.861882 0.518286 0.0236552
735 0.861882 0.521948 0.0245509
736 0.861882 0.513531 0.0259161
737 0.861882 0.515522 0.0256045
738 0.861882 0.522256 0.023765
739 0.861882 0.521808 0.0220846
740 0.861882 0.526972 0.0238024
741 0.861882 0.525872 0.0246611
742 0.861882 0.531856 0.0269267
743 0.861882 0.517737 0.0254573
744 0.861882 0.511389 0.0282923
745 0.861882 0.504677 0.0275169
746 0.861882 0.51821 0.0282745
747 0.861882 0.506442 0.0283717
748 0.861882 0.511561 0.021276
749 0.861882 0.521636 0.0247323
750 0.861882 0.499283 0.0224331
751 0.861882 0.507335 0.0254208
752 0.861882 0.498146 0.0262345
753 0.861882 0.500097 0.0281815
754 0.861882 0.513879 0.0286635
755 0.861882 0.508384 0.026914
756 0.861882 0.503851 0.03202
757 0.861882 0.500647 0.0240864
758 0.861882 0.50859 0.0233336
759 0.861882 0.522354 0.0239914
760 0.861882 0.540321 0.0242478
761 0.861882 0.53463 0.0251676
762 0.861882 0.522886 0.0264919
763 0.861882 0.525408 0.0228989
764 0.861882 0.536121 0.0273441
765 0.861882 0.519668 0.0227704
766 0.861882 0.51605 0.0245984
767 0.861882 0.513953 0.0246709
768 0.861882 0.50921 0.0244504
769 0.861882 0.499368 0.0257371
770 0.861882 0.514539 0.0256725
771 0.861882 0.508057 0.0264621
772 0.861882 0.506135 0.0242493
773 0.861882 0.521163 0.0262571
774 0.861882 0.531125 0.0243402
775 0.861882 0.519753 0.0237564
776 0.861882 0.506974 0.0205092
777 0.861882 0.497067 0.0244389
778 0.861882 0.528127 0.0240788
779 0.861882 0.511195 0.0254504
780 0.861882 0.506021 0.0263814
781 0.861882 0.518902 0.0271169
782 0.861882 0.535213 0.0257096
783 0.861882 0.532938 0.0251046
784 0.861882 0.516843 0.024587
785 0.861882 0.522684 0.024422
786 0.861882 0.520211 0.0269524
787 0.861882 0.522835 0.0281991
788 0.861882 0.506004 0.0295235
789 0.861882 0.513153 0.0276893
790 0.861882 0.524596 0.0220164
791 0.861882 0.522929 0.0279205
792 0.861882 0.525849 0.0290264
793 0.861882 0.515766 0.0248151
794 0.861882 0.524931 0.0277061
795 0.861882 0.518149 0.0279853
796 0.861882 0.524671 0.0301827
797 0.861882 0.536954 0.0310576
798 0.861882 0.496319 0.0319199
799 0.861882 0.490353 0.0291703
800 0.861882 0.503309 0.0261225
801 0.861882 0.491668 0.0275107
802 0.861882 0.494981 0.0281557
803 0.861882 0.51046 0.0283305
804 0.861882 0.504969 0.0295528
805 0.861882 0.502754 0.0317302
806 0.861882 0.509668 0.0301112
807 0.861882 0.50261 0.0282923
808 0.861882 0.511024 0.0256223
809 0.861882 0.529938 0.0272494
810 0.861882 0.539255 0.0246028
811 0.861882 0.514855 0.0250888
812 0.861882 0.515863 0.0286948
813 0.861882 0.535476 0.0283791
814 0.861882 0.500381 0.0290995
815 0.861882 0.511286 0.0268959
816 0.861882 0.499575 0.0243685
817 0.861882 0.509312 0.0266854
818 0.861882 0.523616 0.0260138
819 0.861882 0.533028 0.0306984
820 0.861882 0.524223 0.0264304
821 0.861882 0.526246 0.0267532
822 0.861882 0.520877 0.0271233
823 0.861882 0.519741 0.0271235
824 0.861882 0.540269 0.0262898
825 0.861882 0.529908 0.0248334
826 0.861882 0.532759 0.0256251
827 0.861882 0.525054 0.0245688
828 0.861882 0.536261 0.0289309
829 0.861882 0.525665 0.0233628
830 0.861882 0.50862 0.0252033
831 0.861882 0.497999 0.0262203
832 0.861882 0.50087 0.0303329
833 0.861882 0.518909 0.0317344
834 0.861882 0.495117 0.0291941
835 0.861882 0.503877 0.0259513
836 0.861882 0.507796 0.0263953
837 0.861882 0.503873 0.027942
838 0.861882 0.50669 0.0278797
839 0.861882 0.498883 0.0211533
840 0.861882 0.528227 0.0246324
841 0.861882 0.51799 0.0247793
842 0.861882 0.515282 0.0252618
843 0.861882 0.507626 0.0222196
844 0.861882 0.530449 0.0224268
845 0.861882 0.538948 0.0227571
846 0.861882 0.529603 0.0205511
847 0.861882 0.518878 0.0229848
848 0.861882 0.522355 0.0224154
849 0.861882 0.527764 0.0250135
850 0.861882 0.533102 0.0244385
851 0.861882 0.516416 0.0255531
852 0.861882 0.501629 0.0260006
853 0.861882 0.513027 0.0276873
854 0.861882 0.51804 0.0241522
855 0.861882 0.519833 0.0238996
856 0.861882 0.535333 0.0247148
857 0.861882 0.515588 0.0210618
858 0.861882 0.526754 0.0222482
859 0.861882 0.535551 0.0199876
860 0.861882 0.53189 0.021816
861 0.861882 0.53125 0.0227436
862 0.861882 0.48982 0.0238693
863 0.861882 0.486405 0.0252876
864 0.861882 0.497992 0.0247503
865 0.861882 0.503036 0.0263943
866 0.861882 0.521869 0.0306858
867 0.861882 0.533154 0.0278406
868 0.861882 0.513501 0.0257149
869 0.861882 0.524373 0.0272874
870 0.861882 0.523186 0.028405
871 0.861882 0.528964 0.0245022
872 0.861882 0.517733 0.0218987
873 0.861882 0.508807 0.0248811
874 0.861882 0.520657 0.027073
875 0.861882 0.516553 0.0264172
876 0.861882 0.502136 0.0225124
877 0.861882 0.520813 0.0256974
878 0.861882 0.532534 0.0251428
879 0.861882 0.51637 0.0247955
880 0.861882 0.506726 0.0264588
881 0.861882 0.505611 0.0279223
882 0.861882 0.495599 0.0253766
883 0.861882 0.500522 0.0231223
884 0.861882 0.514389 0.0256036
885 0.861882 0.521904 0.0266809
886 0.861882 0.510026 0.0259634
887 0.861882 0.506824 0.0265516
888 0.861882 0.507207 0.026954
889 0.861882 0.503985 0.0259621
890 0.861882 0.51175 0.0271588
891 0.861882 0.5184 0.0271221
892 0.861882 0.519257 0.0274948
893 0.861882 0.535549 0.028861
894 0.861882 0.518767 0.0279318
895 0.861882 0.53415 0.0289465
896 0.861882 0.524643 0.0265838
897 0.861947 0.535567 0.0247175
898 0.861947 0.515675 0.0301753
899 0.861947 0.526711 0.0290289
900 0.861947 0.521489 0.0263925
901 0.861947 0.537998 0.0238657
902 0.861947 0.542416 0.0217817
903 0.861947 0.549584 0.0244529
904 0.861947 0.535355 0.0236497
905 0.861947 0.505911 0.0247101
906 0.861947 0.51864 0.0264531
907 0.861947 0.529611 0.0271378
908 0.861947 0.528985 0.0270147
909 0.861947 0.533616 0.0267036
910 0.861947 0.539826 0.0253788
911 0.861947 0.520657 0.0257852
912 0.861947 0.52172 0.0280246
913 0.861947 0.526132 0.0276134
914 0.861947 0.510459 0.0237663
915 0.861947 0.524652 0.0256557
916 0.861947 0.516041 0.02639
917 0.861947 0.528838 0.0245469
918 0.861947 0.517132 0.0278779
919 0.861947 0.516944 0.0274114
920 0.861947 0.524303 0.0225773
921 0.861947 0.523023 0.0223606
922 0.861947 0.532063 0.0242882
923 0.861947 0.536441 0.025645
924 0.861947 0.505691 0.024929
925 0.861947 0.502911 0.021583
926 0.861947 0.502137 0.0231843
927 0.861947 0.500472 0.0249217
928 0.861947 0.487844 0.0233626
929 0.861947 0.502327 0.0246099
930 0.861947 0.511795 0.0245294
931 0.861947 0.53012 0.0237295
932 0.861947 0.525617 0.0246244
933 0.861947 0.535245 0.0232757
934 0.861947 0.530476 0.0204999
935 0.861947 0.5377 0.0234802
936 0.861947 0.534945 0.021415
937 0.861947 0.532186 0.0283621
938 0.861947 0.53014 0.0252917
939 0.861947 0.521134 0.0239092
940 0.861947 0.52323 0.02665
941 0.861947 0.523697 0.0272302
942 0.861947 0.497918 0.0253191
943 0.861947 0.497408 0.0232298
944 0.861947 0.497938 0.0218086
945 0.861947 0.526325 0.0260111
946 0.861947 0.52815 0.0238234
947 0.861947 0.528142 0.0251589
948 0.861947 0.522875 0.0259762
949 0.861947 0.503419 0.0242258
950 0.861947 0.49601 0.0263209
951 0.861947 0.515315 0.0280851
952 0.861947 0.502858 0.0338312
953 0.861947 0.520849 0.0295508
954 0.861947 0.526793 0.0290472
955 0.861947 0.532433 0.0270919
956 0.861947 0.531745 0.0263291
957 0.861947 0.523951 0.0305774
958 0.861947 0.517289 0.0262213
959 0.861947 0.50683 0.0260147
960 0.861947 0.49017 0.0273117
961 0.861947 0.50777 0.0275272
962 0.861947 0.515593 0.0291704
963 0.861947 0.529497 0.0301702
964 0.861947 0.506964 0.0313685
965 0.861947 0.521582 0.030553
966 0.861947 0.503552 0.0317484
967 0.861947 0.508996 0.0280067
968 0.861947 0.505731 0.0277603
969 0.861947 0.508534 0.0253674
970 0.861947 0.516097 0.0269513
971 0.861947 0.507657 0.0310418
972 0.861947 0.498562 0.0319516
973 0.861947 0.509346 0.029879
974 0.861947 0.516085 0.0311415
975 0.861947 0.511 0.0307186
976 0.861947 0.551466 0.0306451
977 0.861947 0.529706 0.0287632
978 0.861947 0.53094 0.0295675
979 0.861947 0.531485 0.0309393
980 0.861947 0.508978 0.027378
981 0.861947 0.512285 0.029399
982 0.861947 0.522593 0.027623
983 0.861947 0.533503 0.0230047
984 0.861947 0.530059 0.0251573
985 0.861947 0.527424 0.0256105
986 0.861947 0.52908 0.0273163
987 0.861947 0.508055 0.0263617
988 0.861947 0.49553 0.0271437
989 0.861947 0.517055 0.0275986
990 0.861947 0.527302 0.0292073
991 0.861947 0.4935 0.032073
992 0.862172 0.502345 0.0356457
993 0.862172 0.504794 0.0337619
994 0.862172 0.501873 0.0301221
995 0.862172 0.515003 0.0311008
996 0.862172 0.498659 0.0314675
997 0.862172 0.488931 0.0320693
998 0.862172 0.495909 0.0290231
999 0.862172 0.502861 0.0279278
1000 0.862172 0.518468 0.028785
