0 0.35244 0.248487 0.000511785
1 0.359341 0.255486 0.000596345
2 0.359341 0.26163 0.000958558
3 0.408039 0.267989 0.00143055
4 0.566127 0.274733 0.00362153
5 0.566127 0.275558 0.00339926
6 0.566127 0.287602 0.00428707
7 0.614976 0.291256 0.00680623
8 0.614976 0.281343 0.00747543
9 0.614976 0.295799 0.0103278
10 0.614976 0.31509 0.0147857
11 0.618843 0.319254 0.0159047
12 0.618843 0.321586 0.0166127
13 0.618843 0.322623 0.0174504
14 0.618843 0.32613 0.0181524
15 0.618843 0.330563 0.0210939
16 0.618843 0.344367 0.0203889
17 0.618843 0.345173 0.0210272
18 0.633393 0.34093 0.0199256
19 0.633393 0.346245 0.0192511
20 0.633393 0.347308 0.0200476
21 0.633393 0.335131 0.0213369
22 0.633393 0.346265 0.0233608
23 0.633393 0.373143 0.0237289
24 0.645225 0.382359 0.0232695
25 0.64705 0.386223 0.0227669
26 0.64705 0.386764 0.0220016
27 0.675212 0.396305 0.0226219
28 0.675212 0.401289 0.0237351
29 0.675212 0.392795 0.0216607
30 0.675212 0.374684 0.022377
31 0.677979 0.403552 0.0236534
32 0.677979 0.412068 0.0243675
33 0.70419 0.433171 0.0237678
34 0.800297 0.418067 0.0274461
35 0.800297 0.425976 0.0255268
36 0.800297 0.451361 0.0269852
37 0.838662 0.462732 0.0274774
38 0.838662 0.470466 0.0286841
39 0.838662 0.487474 0.0314011
40 0.838662 0.499931 0.0341024
41 0.838662 0.506026 0.0334778
42 0.838662 0.518427 0.0301564
43 0.869023 0.514009 0.034334
44 0.869023 0.546658 0.0398211
45 0.869293 0.560297 0.0348688
46 0.869293 0.566387 0.0357304
47 0.869293 0.587908 0.0344147
48 0.873827 0.590164 0.0318308
49 0.873827 0.590588 0.0307141
50 0.873827 0.594394 0.0328146
51 0.873827 0.598234 0.0312896
52 0.873827 0.611289 0.0306317
53 0.873827 0.613747 0.0312407
54 0.873827 0.628374 0.0292881
55 0.873827 0.636049 0.0324142
56 0.873827 0.654957 0.026031
57 0.873827 0.662649 0.0272609
58 0.876046 0.662978 0.0278525
59 0.876046 0.674961 0.027375
60 0.876046 0.688199 0.0210515
61 0.876046 0.687269 0.0224918
62 0.876046 0.701556 0.0197882
63 0.880265 0.691121 0.0210141
64 0.880265 0.712078 0.0213981
65 0.880265 0.726083 0.0186953
66 0.884362 0.731575 0.016248
67 0.884362 0.714495 0.0186658
68 0.884362 0.718599 0.0191208
69 0.884362 0.701162 0.0204999
70 0.884362 0.716919 0.0201994
71 0.884362 0.700767 0.0239832
72 0.884362 0.704155 0.0197998
73 0.884362 0.71716 0.0195167
74 0.884362 0.709742 0.0181441
75 0.884362 0.737361 0.0153636
76 0.88802 0.733026 0.0164854
77 0.88802 0.719109 0.0167865
78 0.88802 0.711336 0.0177563
79 0.88802 0.70538 0.01971
80 0.88802 0.707448 0.0192635
81 0.88802 0.706285 0.0203944
82 0.88802 0.709315 0.0173558
83 0.88802 0.716649 0.0176626
84 0.88802 0.71536 0.0218713
85 0.889777 0.698302 0.0218438
86 0.889777 0.696806 0.0210752
87 0.889777 0.684468 0.0213842
88 0.889777 0.700605 0.0208955
89 0.889777 0.712192 0.01958
90 0.889777 0.720095 0.0207348
91 0.889777 0.708467 0.0211815
92 0.889777 0.734661 0.0197158
93 0.889777 0.724481 0.0200315
94 0.889777 0.707682 0.0228286
95 0.889777 0.718054 0.0197904
96 0.889777 0.717417 0.0193166
97 0.889777 0.713477 0.0206314
98 0.889777 0.70401 0.0204664
99 0.889777 0.736152 0.0166102
100 0.889777 0.722397 0.0202631
101 0.889777 0.722128 0.0203942
102 0.889777 0.72865 0.0221541
103 0.889777 0.715813 0.0201705
104 0.889777 0.724601 0.0203837
105 0.889777 0.728511 0.0199589
106 0.889777 0.719019 0.0208651
107 0.889777 0.707225 0.0209257
108 0.889777 0.71772 0.020078
109 0.889777 0.7149 0.0211141
110 0.889777 0.728157 0.0182853
111 0.889777 0.715989 0.0179126
112 0.889777 0.722361 0.0161877
113 0.889777 0.724832 0.0167233
114 0.889777 0.714416 0.0206581
115 0.889777 0.704515 0.0200247
116 0.889777 0.694915 0.0219479
117 0.890657 0.706371 0.020234
118 0.890657 0.733488 0.0180731
119 0.890657 0.750825 0.0151015
120 0.890657 0.723196 0.0205462
121 0.890657 0.737707 0.0167292
122 0.890657 0.707996 0.023075
123 0.890657 0.72637 0.0200113
124 0.890657 0.715222 0.0225133
125 0.890657 0.722715 0.0194167
126 0.890657 0.721099 0.0191739
127 0.890657 0.728551 0.0203072
128 0.890657 0.718043 0.0193365
129 0.890657 0.725178 0.021031
130 0.890657 0.731591 0.0199434
131 0.890657 0.721002 0.0211506
132 0.890657 0.73985 0.020551
133 0.890657 0.735514 0.0185572
134 0.890657 0.753746 0.0182637
135 0.890657 0.74896 0.0165874
136 0.890657 0.762254 0.014067
137 0.890657 0.734454 0.0194481
138 0.890657 0.729061 0.0191272
139 0.890657 0.724435 0.0186239
140 0.890657 0.721415 0.0203287
141 0.890657 0.732275 0.0207488
142 0.890657 0.718528 0.0197713
143 0.890657 0.742963 0.0156869
144 0.890657 0.745423 0.0143196
145 0.890657 0.735458 0.0158339
146 0.890657 0.730458 0.0200494
147 0.890657 0.739487 0.0169978
148 0.890657 0.743586 0.0170936
149 0.890657 0.721206 0.0190214
150 0.890657 0.736488 0.0219381
151 0.890657 0.714426 0.0242324
152 0.890657 0.733763 0.019923
153 0.890657 0.739934 0.020147
154 0.890657 0.748928 0.0172138
155 0.890657 0.732851 0.0149957
156 0.890657 0.726247 0.0153509
157 0.890657 0.731818 0.015965
158 0.890657 0.723007 0.0200377
159 0.890657 0.730651 0.0192422
160 0.890657 0.733652 0.0186854
161 0.890657 0.727431 0.0194072
162 0.890657 0.741908 0.0173323
163 0.890884 0.743323 0.0183805
164 0.890884 0.736548 0.0169752
165 0.890884 0.750806 0.0163758
166 0.890884 0.744756 0.0171404
167 0.890884 0.740139 0.0174498
168 0.890884 0.733894 0.0177372
169 0.890884 0.741816 0.019906
170 0.891093 0.737382 0.018997
171 0.891093 0.726201 0.0215861
172 0.891093 0.723153 0.0181689
173 0.891093 0.745888 0.0139906
174 0.891093 0.745676 0.0175998
175 0.891093 0.737811 0.0181044
176 0.891093 0.729784 0.0181816
177 0.891093 0.749225 0.0172328
178 0.891093 0.757518 0.0178629
179 0.891093 0.743848 0.0186654
180 0.891093 0.736947 0.0180195
181 0.891093 0.733836 0.0186581
182 0.892061 0.742711 0.0181367
183 0.892061 0.737322 0.0202665
184 0.892061 0.74336 0.0177254
185 0.892061 0.724899 0.0214335
186 0.892061 0.723561 0.0222979
187 0.892061 0.713315 0.0252232
188 0.892061 0.713816 0.0252477
189 0.892061 0.720809 0.0231711
190 0.892061 0.712991 0.0261656
191 0.892061 0.700473 0.0262371
192 0.892061 0.703973 0.0257662
193 0.892061 0.719945 0.0230644
194 0.892061 0.695376 0.0247272
195 0.892061 0.689281 0.0252347
196 0.892061 0.712014 0.0234251
197 0.892061 0.72699 0.0224326
198 0.892061 0.723638 0.022289
199 0.892061 0.727426 0.023398
200 0.892061 0.72758 0.0194228
201 0.892061 0.719926 0.0218386
202 0.892061 0.723004 0.0227152
203 0.892061 0.736013 0.016732
204 0.892061 0.733863 0.019188
205 0.892061 0.71946 0.0221839
206 0.892061 0.729775 0.0203163
207 0.892061 0.726673 0.0189681
208 0.892061 0.722785 0.0215986
209 0.892061 0.731253 0.0163412
210 0.892061 0.746867 0.0146609
211 0.892061 0.733212 0.0213875
212 0.892061 0.735699 0.0172613
213 0.892061 0.725969 0.0169596
214 0.892061 0.724832 0.0217391
215 0.892061 0.721329 0.0228699
216 0.892061 0.713508 0.0226541
217 0.892061 0.708952 0.0221891
218 0.892061 0.717008 0.0209651
219 0.892061 0.719122 0.0207112
220 0.892061 0.731743 0.0178001
221 0.892061 0.723324 0.0207777
222 0.892075 0.74373 0.0198624
223 0.892075 0.73349 0.0204381
224 0.892075 0.716661 0.0234129
225 0.892075 0.702048 0.0257065
226 0.892075 0.717742 0.0223403
227 0.892075 0.70078 0.0244313
228 0.892075 0.697205 0.0232921
229 0.892075 0.704283 0.0239526
230 0.892505 0.706185 0.0225035
231 0.892505 0.717808 0.0198086
232 0.892505 0.711707 0.018959
233 0.892505 0.716573 0.0185974
234 0.892505 0.689242 0.020989
235 0.892505 0.69246 0.021666
236 0.892505 0.706228 0.0215143
237 0.892505 0.700369 0.0226745
238 0.892505 0.708969 0.0209823
239 0.892505 0.718863 0.0196087
240 0.892505 0.714407 0.0200698
241 0.892505 0.701447 0.0194151
242 0.892505 0.711854 0.02523
243 0.892505 0.719256 0.0208424
244 0.892505 0.696828 0.0229011
245 0.892505 0.712794 0.0231899
246 0.892505 0.708023 0.0241304
247 0.892505 0.715356 0.0258837
248 0.892505 0.72836 0.0239203
249 0.892505 0.714329 0.0189362
250 0.892505 0.71401 0.0199774
251 0.892505 0.718416 0.0237046
252 0.892505 0.706669 0.0243308
253 0.892505 0.72194 0.0212496
254 0.892505 0.722758 0.0210566
255 0.892505 0.701414 0.0226366
256 0.892505 0.70489 0.0220915
257 0.892505 0.706356 0.0215747
258 0.892505 0.703316 0.0201155
259 0.892505 0.697671 0.0215862
260 0.892505 0.691285 0.0240976
261 0.892505 0.714787 0.0200205
262 0.892505 0.719311 0.0203608
263 0.892505 0.688005 0.0216808
264 0.892505 0.690358 0.0243007
265 0.892505 0.688163 0.0255234
266 0.892505 0.685121 0.0237269
267 0.892505 0.681632 0.0244996
268 0.892505 0.687758 0.0207256
269 0.892505 0.683397 0.0211448
270 0.892505 0.660528 0.023539
271 0.892505 0.680918 0.0240102
272 0.892505 0.694031 0.0239764
273 0.892505 0.682072 0.0284145
274 0.892505 0.644537 0.0285735
275 0.892505 0.659623 0.0268298
276 0.892505 0.65026 0.025987
277 0.892505 0.636093 0.0274896
278 0.892505 0.649438 0.0270671
279 0.893783 0.664156 0.0256469
280 0.893783 0.677236 0.0263746
281 0.893783 0.677014 0.025721
282 0.893783 0.674672 0.0261314
283 0.893783 0.663207 0.0253481
284 0.893783 0.668218 0.0255061
285 0.893783 0.680941 0.0248588
286 0.893783 0.667155 0.0230354
287 0.893783 0.665029 0.0255876
288 0.893783 0.662639 0.0293073
289 0.893783 0.67132 0.0288548
290 0.893783 0.655639 0.0285961
291 0.893783 0.670697 0.0230505
292 0.902465 0.687881 0.0273202
293 0.902465 0.682679 0.024284
294 0.902465 0.65658 0.0236136
295 0.902465 0.65955 0.0262433
296 0.902465 0.660795 0.0236393
297 0.902465 0.671417 0.0242684
298 0.902465 0.683684 0.0245143
299 0.902465 0.658573 0.0279081
300 0.902465 0.682572 0.0260999
301 0.902465 0.672528 0.0251935
302 0.902465 0.688505 0.0235155
303 0.902465 0.678178 0.0273175
304 0.902465 0.665474 0.0263218
305 0.902465 0.661435 0.023914
306 0.902465 0.695464 0.0210018
307 0.902465 0.686756 0.0245298
308 0.902465 0.716323 0.0229344
309 0.902465 0.706869 0.0225822
310 0.902465 0.691449 0.0240993
311 0.902465 0.688566 0.0232456
312 0.902465 0.684505 0.0247663
313 0.902465 0.688354 0.0238735
314 0.902465 0.706813 0.0224778
315 0.902465 0.7141 0.021355
316 0.902465 0.718066 0.0205891
317 0.902465 0.721151 0.0202641
318 0.902465 0.710434 0.0244143
319 0.902465 0.742905 0.0186201
320 0.902465 0.730902 0.021924
321 0.902465 0.718112 0.021849
322 0.902465 0.739554 0.019191
323 0.902465 0.71395 0.0203316
324 0.902465 0.719317 0.0222133
325 0.902465 0.691713 0.0246543
326 0.902465 0.699965 0.0244893
327 0.902465 0.696076 0.0221024
328 0.902465 0.687885 0.022793
329 0.902465 0.704555 0.0242033
330 0.902465 0.698409 0.0246617
331 0.902465 0.691451 0.0275856
332 0.902465 0.704323 0.023585
333 0.902465 0.694083 0.024205
334 0.902465 0.700904 0.0261573
335 0.902465 0.713633 0.0230443
336 0.902465 0.711007 0.0232883
337 0.902465 0.711533 0.0228951
338 0.902465 0.708571 0.0216742
339 0.902465 0.700129 0.021067
340 0.902465 0.701132 0.0222624
341 0.902465 0.692086 0.0240646
342 0.902465 0.696445 0.0238858
343 0.902465 0.696041 0.0223808
344 0.904629 0.696447 0.0249615
345 0.904629 0.698686 0.0234798
346 0.904629 0.696513 0.0225554
347 0.904629 0.689773 0.0240276
348 0.904629 0.701727 0.0233971
349 0.904629 0.705606 0.0243597
350 0.904629 0.697929 0.0226878
351 0.904629 0.689326 0.022438
352 0.904629 0.714841 0.0208389
353 0.904629 0.703094 0.0223079
354 0.904629 0.715753 0.0229435
355 0.904629 0.732113 0.0199273
356 0.904629 0.698824 0.0215722
357 0.904629 0.697131 0.0219815
358 0.904629 0.704149 0.025968
359 0.904629 0.721675 0.0225343
360 0.904629 0.718858 0.0215107
361 0.908124 0.709976 0.0227978
362 0.908124 0.710993 0.0250526
363 0.908124 0.70497 0.0198722
364 0.908124 0.721229 0.0205899
365 0.908124 0.716258 0.0228806
366 0.908124 0.724462 0.0212754
367 0.908124 0.720791 0.0197648
368 0.915872 0.735234 0.0224225
369 0.915872 0.74349 0.0199119
370 0.915872 0.752826 0.017602
371 0.915872 0.759375 0.0190328
372 0.915872 0.738484 0.0211518
373 0.915872 0.741086 0.0221981
374 0.915872 0.742438 0.0216603
375 0.915872 0.75256 0.0201723
376 0.915872 0.74933 0.0187766
377 0.915872 0.735314 0.0205271
378 0.915872 0.743754 0.0194954
379 0.915872 0.746937 0.0182082
380 0.915872 0.715789 0.0192454
381 0.915872 0.705603 0.0244792
382 0.915872 0.719428 0.0240878
383 0.915872 0.730552 0.0208074
384 0.915872 0.72469 0.0240836
385 0.915872 0.73557 0.0188888
386 0.915872 0.728047 0.0228768
387 0.915872 0.713142 0.0222193
388 0.915872 0.707839 0.0252663
389 0.915872 0.720495 0.0216208
390 0.915872 0.741322 0.0203006
391 0.915872 0.745886 0.0173365
392 0.915872 0.740639 0.019701
393 0.915872 0.736053 0.0187475
394 0.915872 0.726119 0.0243551
395 0.915872 0.730924 0.0224221
396 0.915872 0.741314 0.0209166
397 0.915872 0.72299 0.0216201
398 0.915872 0.721814 0.0234917
399 0.915872 0.739596 0.0212979
400 0.915872 0.76151 0.0184912
401 0.915872 0.739527 0.0213112
402 0.915872 0.724294 0.0257925
403 0.915872 0.713793 0.0258494
404 0.915872 0.722827 0.0210751
405 0.915872 0.751673 0.0215606
406 0.915872 0.731579 0.0210783
407 0.915872 0.716206 0.0221529
408 0.915872 0.731267 0.0224245
409 0.915872 0.70096 0.0253095
410 0.915872 0.68982 0.0258285
411 0.915872 0.703619 0.0259226
412 0.91679 0.69627 0.0255848
413 0.91679 0.711855 0.0240741
414 0.91679 0.715081 0.023345
415 0.91679 0.718394 0.020648
416 0.91679 0.732503 0.0216248
417 0.91679 0.73597 0.0243103
418 0.91679 0.724882 0.0199673
419 0.91679 0.702259 0.0200372
420 0.91679 0.682661 0.0245927
421 0.91679 0.693122 0.0255258
422 0.91679 0.702123 0.0211304
423 0.91679 0.689916 0.0233793
424 0.91679 0.682809 0.0234691
425 0.91679 0.691146 0.0236888
426 0.91679 0.702159 0.023406
427 0.91679 0.704935 0.0242982
428 0.91679 0.700856 0.0216452
429 0.91679 0.701194 0.0243994
430 0.91679 0.720508 0.0209969
431 0.91679 0.711698 0.0217612
432 0.91679 0.724882 0.0219228
433 0.91679 0.722852 0.0212513
434 0.91679 0.721176 0.0195323
435 0.91679 0.721347 0.0200538
436 0.91679 0.710579 0.023459
437 0.91679 0.716759 0.0228306
438 0.91679 0.717351 0.0235349
439 0.91679 0.709294 0.0228645
440 0.91679 0.704943 0.0222751
441 0.917081 0.711246 0.0225125
442 0.917081 0.719395 0.0237317
443 0.917081 0.715818 0.020802
444 0.917081 0.713716 0.020968
445 0.917081 0.713393 0.0214694
446 0.917081 0.696752 0.0238538
447 0.917081 0.705474 0.0202211
448 0.917081 0.70303 0.0213764
449 0.917081 0.697795 0.020224
450 0.917081 0.719998 0.0206849
451 0.917081 0.725096 0.0197956
452 0.917081 0.731282 0.0195865
453 0.917081 0.733882 0.0194756
454 0.917081 0.732844 0.0173994
455 0.917081 0.738863 0.0168185
456 0.917081 0.733848 0.0201726
457 0.917081 0.726334 0.0207388
458 0.917081 0.713288 0.0195339
459 0.917081 0.72316 0.0204544
460 0.917081 0.713068 0.0235924
461 0.917081 0.718738 0.0209049
462 0.917081 0.716266 0.0223187
463 0.917614 0.725173 0.0234914
464 0.917614 0.718783 0.025589
465 0.917614 0.705098 0.0250638
466 0.917614 0.71797 0.0225069
467 0.917614 0.726315 0.0228278
468 0.917614 0.723708 0.0242087
469 0.917614 0.723154 0.0212067
470 0.917614 0.727614 0.0236356
471 0.917614 0.715269 0.0221843
472 0.917614 0.72209 0.0209849
473 0.917614 0.726994 0.0247048
474 0.917614 0.720332 0.0246307
475 0.917614 0.71515 0.0274445
476 0.917614 0.741066 0.0220151
477 0.917614 0.739214 0.0230983
478 0.917614 0.73828 0.0200865
479 0.917614 0.720321 0.021127
480 0.917614 0.731723 0.0221734
481 0.917614 0.728246 0.0214603
482 0.917614 0.737053 0.0209558
483 0.917614 0.750411 0.0184104
484 0.917614 0.76786 0.0170281
485 0.917614 0.748316 0.0168504
486 0.917614 0.742339 0.0196483
487 0.917614 0.734422 0.0193411
488 0.917614 0.73501 0.0200707
489 0.917614 0.743192 0.0215646
490 0.917614 0.748628 0.0190959
491 0.917614 0.748318 0.0178378
492 0.917614 0.743434 0.0189442
493 0.917614 0.750858 0.0185053
494 0.917614 0.760446 0.0184672
495 0.917614 0.742798 0.0225777
496 0.917614 0.735199 0.0210349
497 0.917614 0.718996 0.0214601
498 0.917614 0.702552 0.0240232
499 0.917614 0.718522 0.0239001
500 0.917614 0.704506 0.0224788
501 0.917614 0.736433 0.0197717
502 0.917983 0.716374 0.0208176
503 0.917983 0.736822 0.0208804
504 0.917983 0.714649 0.0221875
505 0.918121 0.729784 0.0212614
506 0.918121 0.728366 0.0198476
507 0.918121 0.734577 0.0219907
508 0.918121 0.737585 0.0196932
509 0.918121 0.742007 0.0176657
510 0.918121 0.745435 0.015967
511 0.918121 0.756782 0.0163839
512 0.918121 0.759866 0.0158956
513 0.918121 0.753191 0.0159261
514 0.918121 0.764836 0.0130464
515 0.919223 0.755164 0.0141649
516 0.919223 0.749792 0.0172085
517 0.919223 0.750549 0.0151638
518 0.919223 0.737923 0.0189686
519 0.919223 0.744531 0.0212658
520 0.919223 0.762078 0.0161654
521 0.919223 0.756564 0.0164181
522 0.919223 0.737904 0.0189545
523 0.919223 0.743557 0.018546
524 0.919223 0.738012 0.0170278
525 0.919223 0.736137 0.0178365
526 0.919223 0.747414 0.0207304
527 0.919223 0.742515 0.0203475
528 0.919223 0.725668 0.0219188
529 0.919223 0.710567 0.0221261
530 0.919223 0.709962 0.0245374
531 0.919223 0.728097 0.0210976
532 0.919223 0.730797 0.0199621
533 0.919223 0.747407 0.0178567
534 0.919223 0.756241 0.0194076
535 0.919223 0.753586 0.0203638
536 0.919223 0.747113 0.0185836
537 0.919223 0.745024 0.0184568
538 0.919223 0.730403 0.0206784
539 0.919223 0.73001 0.0204992
540 0.919223 0.730096 0.0208234
541 0.919223 0.730612 0.0184386
542 0.919223 0.716681 0.0206069
543 0.919223 0.716092 0.0198767
544 0.919223 0.713991 0.0226508
545 0.919223 0.726123 0.0210419
546 0.919223 0.734056 0.0204579
547 0.919223 0.747077 0.0166103
548 0.919223 0.714739 0.0224117
549 0.919223 0.704265 0.0242816
550 0.919223 0.72101 0.0214423
551 0.919223 0.740762 0.0193697
552 0.919223 0.726184 0.0214844
553 0.919223 0.725939 0.0186419
554 0.919223 0.726888 0.0192972
555 0.919223 0.721444 0.019188
556 0.919223 0.719206 0.0191491
557 0.919223 0.71011 0.0215242
558 0.919223 0.70704 0.0218418
559 0.919223 0.721787 0.020512
560 0.919223 0.7263 0.0230119
561 0.919223 0.718962 0.0223528
562 0.919223 0.714188 0.023271
563 0.919223 0.71536 0.02362
564 0.919223 0.71773 0.0234146
565 0.919223 0.737924 0.0200016
566 0.919223 0.714197 0.02448
567 0.919223 0.719129 0.0244748
568 0.919223 0.723404 0.0223344
569 0.919223 0.727313 0.0213527
570 0.919223 0.7352 0.0231972
571 0.919223 0.732567 0.0208342
572 0.919223 0.734981 0.0219328
573 0.919223 0.724332 0.0214317
574 0.919223 0.729903 0.0203827
575 0.919223 0.739552 0.0193521
576 0.919223 0.746041 0.0190674
577 0.919223 0.725267 0.0221611
578 0.919223 0.744246 0.0224071
579 0.919223 0.739888 0.0194051
580 0.919223 0.725602 0.0235811
581 0.919223 0.722546 0.0219781
582 0.919223 0.724452 0.0224956
583 0.919223 0.74667 0.0203881
584 0.919223 0.755326 0.0181248
585 0.919223 0.749734 0.0199065
586 0.919223 0.759856 0.0182193
587 0.919223 0.758032 0.0194146
588 0.919223 0.745972 0.0182237
589 0.919979 0.748344 0.0184506
590 0.919979 0.747245 0.0169033
591 0.919979 0.745924 0.0229597
592 0.919979 0.745182 0.0212024
593 0.919979 0.74029 0.0202753
594 0.919979 0.75089 0.016218
595 0.919979 0.73318 0.0177278
596 0.919979 0.748395 0.0173854
597 0.919979 0.755439 0.0194583
598 0.919979 0.748397 0.0180117
599 0.919979 0.740934 0.0225333
600 0.919979 0.736742 0.0207797
601 0.919979 0.750497 0.0206268
602 0.919979 0.749194 0.0210126
603 0.919979 0.748214 0.0200065
604 0.919979 0.742997 0.0220527
605 0.919979 0.727909 0.0204411
606 0.919979 0.724065 0.0187234
607 0.919979 0.735995 0.0183555
608 0.919979 0.719281 0.0196963
609 0.919979 0.743413 0.0225881
610 0.919979 0.744463 0.0203849
611 0.919979 0.740204 0.019854
612 0.919979 0.74624 0.0191959
613 0.919979 0.755065 0.0170952
614 0.919979 0.743971 0.0188936
615 0.919979 0.744425 0.0205368
616 0.919979 0.758469 0.0215926
617 0.919979 0.750362 0.0226144
618 0.919979 0.768025 0.0144311
619 0.919979 0.746266 0.0172848
620 0.919979 0.751963 0.0185057
621 0.919979 0.74492 0.0210239
622 0.919979 0.72542 0.021891
623 0.919979 0.738139 0.0197644
624 0.919979 0.752414 0.0181117
625 0.919979 0.748925 0.0186917
626 0.919979 0.738773 0.0198406
627 0.919979 0.746372 0.0211368
628 0.919979 0.745718 0.0197648
629 0.919979 0.722826 0.0206187
630 0.920635 0.743928 0.0188199
631 0.920635 0.742864 0.0186149
632 0.920635 0.721322 0.0200453
633 0.920635 0.722648 0.0215407
634 0.920635 0.721916 0.024295
635 0.920635 0.725364 0.0234626
636 0.920635 0.723999 0.0260542
637 0.920635 0.723225 0.0280078
638 0.920635 0.726312 0.0219647
639 0.920635 0.74691 0.0182514
640 0.920635 0.744985 0.0174289
641 0.920635 0.761471 0.0143914
642 0.920635 0.753685 0.0183106
643 0.920635 0.766099 0.0185659
644 0.920635 0.786429 0.017898
645 0.920635 0.770076 0.0169485
646 0.921498 0.775074 0.0184312
647 0.921498 0.751964 0.0188332
648 0.921498 0.751174 0.0196322
649 0.921498 0.744062 0.0219885
650 0.921498 0.740227 0.0207567
651 0.921498 0.757073 0.0210112
652 0.921498 0.763522 0.0163282
653 0.921498 0.760611 0.0204833
654 0.921498 0.72834 0.0232368
655 0.921498 0.735186 0.0204328
656 0.921498 0.765544 0.0190502
657 0.921498 0.765781 0.0175289
658 0.921498 0.754085 0.0178612
659 0.921498 0.759596 0.0201481
660 0.921498 0.766656 0.0192747
661 0.921498 0.762613 0.0162678
662 0.921498 0.758019 0.0169503
663 0.921498 0.753383 0.0177962
664 0.921498 0.748355 0.0158693
665 0.921498 0.743175 0.0200962
666 0.921498 0.760678 0.0169786
667 0.921498 0.765057 0.019341
668 0.921498 0.763666 0.0180322
669 0.921498 0.755472 0.0195124
670 0.921498 0.763598 0.0208307
671 0.921498 0.769438 0.0204046
672 0.921498 0.769793 0.0205066
673 0.921498 0.774452 0.019117
674 0.921498 0.778822 0.016638
675 0.921498 0.776645 0.0154738
676 0.921498 0.767242 0.0177107
677 0.921498 0.737613 0.0228559
678 0.921498 0.745918 0.0218794
679 0.921498 0.74797 0.0220802
680 0.921498 0.741124 0.0206223
681 0.921498 0.758139 0.017897
682 0.921498 0.747157 0.0170115
683 0.921498 0.755502 0.0205769
684 0.921498 0.758013 0.0200496
685 0.921498 0.768402 0.018449
686 0.921498 0.784723 0.0151413
687 0.921498 0.775256 0.0158127
688 0.921498 0.781775 0.0167118
689 0.921498 0.777656 0.0154639
690 0.921498 0.779875 0.0172108
691 0.921498 0.761243 0.0187532
692 0.921498 0.762585 0.021122
693 0.921498 0.782881 0.0152926
694 0.921498 0.793334 0.0147391
695 0.921498 0.776528 0.0183137
696 0.921498 0.742672 0.0215295
697 0.921498 0.772439 0.0183603
698 0.921498 0.766003 0.0203038
699 0.921498 0.757671 0.0218543
700 0.921498 0.771546 0.0193744
701 0.921498 0.747476 0.0203917
702 0.921498 0.730163 0.0236303
703 0.921498 0.740297 0.0177554
704 0.921498 0.746834 0.0177388
705 0.921498 0.754144 0.0195363
706 0.921498 0.769306 0.0187863
707 0.921498 0.75651 0.0195737
708 0.921498 0.742281 0.0195829
709 0.921498 0.745779 0.0200332
710 0.921498 0.754709 0.0202333
711 0.921498 0.73801 0.0194486
712 0.921498 0.722121 0.0222333
713 0.921498 0.734357 0.0221166
714 0.921498 0.735997 0.0207353
715 0.921498 0.745998 0.0180597
716 0.921498 0.726004 0.0220752
717 0.921498 0.743834 0.0217188
718 0.921498 0.733468 0.0239877
719 0.921498 0.733816 0.0200854
720 0.921498 0.7482 0.0222063
721 0.921498 0.747472 0.0205558
722 0.921498 0.740826 0.0193743
723 0.921498 0.747865 0.0204033
724 0.921498 0.77148 0.0178578
725 0.921498 0.778112 0.017722
726 0.921498 0.762978 0.0194035
727 0.921498 0.775273 0.0176315
728 0.921498 0.749054 0.0194066
729 0.921498 0.73262 0.0228703
730 0.921498 0.745708 0.0236706
731 0.921498 0.741761 0.0235901
732 0.921498 0.744857 0.0213095
733 0.921498 0.741963 0.0230559
734 0.921498 0.760809 0.0197565
735 0.921498 0.75065 0.0206653
736 0.921498 0.747324 0.0226575
737 0.921498 0.753657 0.0201331
738 0.921498 0.740775 0.0210753
739 0.921498 0.737118 0.0237614
740 0.921498 0.759181 0.0193314
741 0.921498 0.771693 0.0195828
742 0.921498 0.780103 0.0173275
743 0.921498 0.771597 0.016054
744 0.921498 0.772689 0.0144994
745 0.921498 0.771529 0.0162317
746 0.921498 0.76627 0.0197246
747 0.921498 0.753172 0.0202242
748 0.921498 0.753953 0.0215703
749 0.921498 0.754041 0.0220877
750 0.921498 0.747408 0.0230803
751 0.921498 0.761187 0.0204947
752 0.921498 0.761293 0.0191908
753 0.921498 0.773276 0.0175497
754 0.921498 0.760733 0.0186134
755 0.921498 0.741235 0.02168
756 0.921498 0.719978 0.0256087
757 0.921498 0.744354 0.0212316
758 0.921498 0.754847 0.0168872
759 0.921498 0.749564 0.0216082
760 0.921498 0.755286 0.0185066
761 0.921498 0.751361 0.0203748
762 0.921498 0.752525 0.0180934
763 0.921498 0.764564 0.0184855
764 0.921498 0.740563 0.0230324
765 0.921498 0.754311 0.0186873
766 0.921498 0.746542 0.0199557
767 0.921498 0.748121 0.0235946
768 0.921498 0.733918 0.0251301
769 0.921498 0.750089 0.0189934
770 0.921498 0.76459 0.0194805
771 0.921498 0.748593 0.0206559
772 0.921498 0.766713 0.0178284
773 0.921498 0.750964 0.0208134
774 0.921498 0.77044 0.0177551
775 0.921498 0.764073 0.0175664
776 0.921498 0.76386 0.0191636
777 0.921498 0.776602 0.0175248
778 0.921498 0.769801 0.019406
779 0.921498 0.770472 0.0201388
780 0.921498 0.762731 0.0181787
781 0.921498 0.758659 0.0180842
782 0.921498 0.74577 0.0207609
783 0.921498 0.732882 0.0234163
784 0.921498 0.762075 0.0179648
785 0.921498 0.760146 0.0177544
786 0.921498 0.746502 0.0197439
787 0.921498 0.750657 0.0191816
788 0.921498 0.768357 0.0168851
789 0.921498 0.762935 0.0163663
790 0.921498 0.758628 0.0210534
791 0.922463 0.745587 0.0214022
792 0.922463 0.758902 0.0167455
793 0.922463 0.762092 0.0202636
794 0.922463 0.752075 0.020828
795 0.922463 0.733322 0.0225603
796 0.922463 0.735169 0.0241165
797 0.922463 0.740805 0.0239496
798 0.922463 0.72857 0.0224245
799 0.922463 0.72821 0.0213401
800 0.922463 0.743368 0.0221575
801 0.922463 0.73859 0.0195575
802 0.922463 0.743333 0.0216151
803 0.922463 0.753823 0.019862
804 0.922463 0.759726 0.0193856
805 0.922463 0.768056 0.0202516
806 0.922463 0.758019 0.0229498
807 0.922463 0.765266 0.0195434
808 0.922463 0.759875 0.0161085
809 0.922463 0.745468 0.0239685
810 0.922463 0.748414 0.0227609
811 0.922463 0.765625 0.0200552
812 0.922463 0.758699 0.0207731
813 0.922463 0.743899 0.0213645
814 0.922463 0.752611 0.0209702
815 0.922463 0.748633 0.0204473
816 0.922463 0.745057 0.020433
817 0.922463 0.761383 0.0202021
818 0.922463 0.752384 0.0206563
819 0.922463 0.762801 0.0213289
820 0.922463 0.768817 0.0183226
821 0.922463 0.759793 0.0190472
822 0.922463 0.77382 0.0161071
823 0.922463 0.757409 0.0191291
824 0.922463 0.769976 0.01782
825 0.922463 0.770606 0.0177051
826 0.922463 0.77003 0.0153544
827 0.922463 0.762582 0.0143361
828 0.922463 0.757857 0.0179361
829 0.922463 0.752074 0.019646
830 0.922463 0.761822 0.0182387
831 0.922463 0.760161 0.0161703
832 0.922623 0.738485 0.0203723
833 0.922623 0.759077 0.0194376
834 0.922623 0.759093 0.0160666
835 0.922623 0.767291 0.0156067
836 0.922623 0.744952 0.018991
837 0.922623 0.733375 0.0217738
838 0.922623 0.739494 0.0182083
839 0.922623 0.757079 0.0180097
840 0.922623 0.773348 0.0177819
841 0.922623 0.762518 0.018658
842 0.922623 0.755757 0.0210032
843 0.922623 0.744288 0.0208147
844 0.922623 0.739213 0.021528
845 0.922623 0.753623 0.0222412
846 0.922623 0.759845 0.0187342
847 0.922623 0.760744 0.0172049
848 0.922623 0.769235 0.0205993
849 0.922623 0.75541 0.0206358
850 0.922623 0.768578 0.0192935
851 0.922623 0.75405 0.0235154
852 0.922623 0.73559 0.0256977
853 0.922623 0.741225 0.0227459
854 0.922623 0.740611 0.0227445
855 0.922623 0.737049 0.0210135
856 0.922623 0.754223 0.0188141
857 0.922623 0.739674 0.0231085
858 0.922623 0.745409 0.0232121
859 0.922623 0.733495 0.0244669
860 0.922623 0.736644 0.0262156
861 0.922623 0.731115 0.0235883
862 0.922623 0.735985 0.0233032
863 0.922623 0.746855 0.0188928
864 0.922623 0.758334 0.0187166
865 0.92271 0.749913 0.0198251
866 0.92271 0.762059 0.0194206
867 0.92271 0.754138 0.0183876
868 0.92271 0.764836 0.0184683
869 0.92271 0.764213 0.0178562
870 0.92271 0.755963 0.0171799
871 0.92271 0.770177 0.0163837
872 0.92271 0.769927 0.019349
873 0.92271 0.751964 0.0188902
874 0.92271 0.758181 0.0190385
875 0.92271 0.752436 0.0218412
876 0.92271 0.734476 0.0235095
877 0.92271 0.75497 0.0178154
878 0.92271 0.757207 0.0199034
879 0.92271 0.762747 0.0218706
880 0.92271 0.750524 0.0232564
881 0.92271 0.747186 0.0241787
882 0.92271 0.75043 0.0234734
883 0.92271 0.786908 0.0152129
884 0.92271 0.786928 0.0147289
885 0.92271 0.768034 0.0179016
886 0.92271 0.764834 0.0189904
887 0.922748 0.764371 0.0198521
888 0.922748 0.76457 0.018898
889 0.922748 0.745747 0.023123
890 0.922748 0.762085 0.0204542
891 0.922748 0.77214 0.0198444
892 0.922748 0.765899 0.0180864
893 0.922748 0.774194 0.0178081
894 0.922748 0.756657 0.0198086
895 0.922748 0.784296 0.0135037
896 0.922748 0.788828 0.0142682
897 0.922748 0.788552 0.0156525
898 0.922748 0.782632 0.016316
899 0.922748 0.7692 0.0183992
900 0.922748 0.768148 0.0186099
901 0.922748 0.768158 0.0136962
902 0.922748 0.759784 0.0166537
903 0.922748 0.753354 0.0183003
904 0.922748 0.75964 0.0183246
905 0.922748 0.758639 0.0190855
906 0.922748 0.770371 0.0172505
907 0.922748 0.763082 0.0169885
908 0.922748 0.744352 0.0177429
909 0.922748 0.744335 0.0218029
910 0.922748 0.753054 0.0197927
911 0.922748 0.732319 0.021373
912 0.922748 0.748003 0.0206729
913 0.922748 0.744235 0.0221799
914 0.922748 0.732118 0.023288
915 0.922748 0.73101 0.0245491
916 0.922748 0.726075 0.0251283
917 0.922748 0.730755 0.0221193
918 0.922748 0.756935 0.0177416
919 0.922748 0.750371 0.0205582
920 0.922748 0.751709 0.0216085
921 0.922748 0.757546 0.0204361
922 0.922748 0.767008 0.0190044
923 0.922748 0.755682 0.0220022
924 0.922748 0.747937 0.019776
925 0.922748 0.748618 0.0189996
926 0.922748 0.748979 0.0191048
927 0.922748 0.755058 0.0172956
928 0.922748 0.75394 0.0185276
929 0.922748 0.744396 0.0214423
930 0.922748 0.764195 0.0195692
931 0.922748 0.767477 0.0189138
932 0.922748 0.763129 0.0193469
933 0.922748 0.764291 0.0187635
934 0.922748 0.754291 0.0219117
935 0.922748 0.751833 0.0198852
936 0.922748 0.764565 0.0193177
937 0.922748 0.751725 0.0197729
938 0.922748 0.766868 0.0198265
939 0.922748 0.765247 0.0208933
940 0.922748 0.772137 0.0170644
941 0.922748 0.780069 0.0149103
942 0.922748 0.775335 0.0171102
943 0.922748 0.753848 0.02074
944 0.922762 0.740493 0.0226145
945 0.922762 0.765824 0.0198701
946 0.922762 0.757785 0.0172009
947 0.922762 0.756046 0.0215501
948 0.922762 0.739704 0.023227
949 0.922762 0.742036 0.0223337
950 0.922762 0.729371 0.0226573
951 0.922762 0.729435 0.02121
952 0.922762 0.754641 0.0186848
953 0.922762 0.75786 0.0185039
954 0.922762 0.749681 0.0195824
955 0.922762 0.754922 0.0173619
956 0.922762 0.749574 0.018329
957 0.922762 0.739684 0.0200434
958 0.922762 0.744366 0.0197523
959 0.922762 0.75988 0.0188538
960 0.922762 0.755615 0.0226056
961 0.922762 0.761706 0.0191087
962 0.922762 0.760594 0.0183584
963 0.922762 0.752834 0.019982
964 0.922762 0.731342 0.0219168
965 0.922762 0.721056 0.0233155
966 0.922762 0.739908 0.0241376
967 0.922762 0.767002 0.0191836
968 0.922762 0.749341 0.0190536
969 0.922762 0.741729 0.022907
970 0.922762 0.726847 0.0237853
971 0.922762 0.74407 0.0217786
972 0.922762 0.756617 0.0207416
973 0.922762 0.74585 0.0207438
974 0.922762 0.74418 0.0182075
975 0.922762 0.753548 0.0192367
976 0.922762 0.75206 0.0167733
977 0.922762 0.751747 0.0199387
978 0.922762 0.758202 0.0205617
979 0.922762 0.758108 0.0163826
980 0.922762 0.751433 0.0203299
981 0.922762 0.763305 0.0183278
982 0.922762 0.752786 0.0205403
983 0.922762 0.750964 0.0215344
984 0.922762 0.743095 0.0222585
985 0.922762 0.751333 0.0237561
986 0.922762 0.750741 0.0203348
987 0.922762 0.755019 0.0200324
988 0.922762 0.763931 0.0194109
989 0.922762 0.771086 0.0183632
990 0.922762 0.775647 0.0177167
991 0.922762 0.761374 0.0206423
992 0.922762 0.778014 0.0182614
993 0.922762 0.770703 0.0170572
994 0.922762 0.763782 0.0151645
995 0.922762 0.763918 0.0174576
996 0.922762 0.737152 0.0235101
997 0.922762 0.742559 0.022213
998 0.922762 0.758884 0.0188183
999 0.922762 0.76564 0.0167872
1000 0.922791 0.767471 0.0166479
