0 0.33089 0.252221 0.000178691
1 0.333041 0.253488 0.000255636
2 0.333041 0.256212 0.000562766
3 0.339812 0.260293 0.000899303
4 0.417367 0.270223 0.0013642
5 0.417792 0.273325 0.00198797
6 0.417792 0.276138 0.00257782
7 0.458588 0.284723 0.00369939
8 0.463379 0.282641 0.00443465
9 0.489072 0.292646 0.00577406
10 0.52642 0.294191 0.00623945
11 0.554485 0.286613 0.00607952
12 0.607169 0.295726 0.008166
13 0.607169 0.289437 0.00804459
14 0.607169 0.29366 0.00824952
15 0.607169 0.310012 0.0114074
16 0.607951 0.309394 0.0131478
17 0.633721 0.319791 0.017545
18 0.633721 0.333301 0.0191314
19 0.633721 0.335964 0.0176214
20 0.633721 0.352876 0.0232852
21 0.645693 0.330595 0.0218532
22 0.668248 0.336837 0.0231616
23 0.691211 0.347972 0.02492
24 0.691211 0.345445 0.0269986
25 0.691211 0.350265 0.0287704
26 0.691211 0.377249 0.0320375
27 0.691211 0.383964 0.0319055
28 0.691211 0.382331 0.0300614
29 0.691211 0.405191 0.0303072
30 0.691211 0.416729 0.0277006
31 0.691211 0.418349 0.0243422
32 0.696814 0.4358 0.0292014
33 0.696814 0.418815 0.0322982
34 0.701172 0.441238 0.0310837
35 0.701172 0.45885 0.0305871
36 0.701258 0.45713 0.0308355
37 0.715305 0.47126 0.0286531
38 0.715305 0.467333 0.0271322
39 0.715305 0.474646 0.0276526
40 0.715305 0.463628 0.0247173
41 0.715305 0.488362 0.0260908
42 0.718125 0.479001 0.0241325
43 0.718125 0.496036 0.0232325
44 0.718125 0.50021 0.0246957
45 0.718125 0.526454 0.0225811
46 0.718125 0.507052 0.0220373
47 0.718125 0.525084 0.0235458
48 0.718125 0.518613 0.0215711
49 0.718125 0.526323 0.0217688
50 0.718125 0.520963 0.0190083
51 0.718125 0.514797 0.0230634
52 0.720922 0.541863 0.021429
53 0.720922 0.52601 0.0176378
54 0.720922 0.546919 0.0150227
55 0.720922 0.538364 0.0187912
56 0.720922 0.534308 0.0176062
57 0.721273 0.548129 0.0159774
58 0.735651 0.550842 0.0143523
59 0.735651 0.554416 0.0134499
60 0.735651 0.548233 0.0156982
61 0.735651 0.537765 0.0173549
62 0.735651 0.552146 0.0164288
63 0.735651 0.535967 0.0154045
64 0.735651 0.529182 0.0197253
65 0.735651 0.5497 0.0178458
66 0.73646 0.54123 0.0187808
67 0.73646 0.554693 0.0166596
68 0.73646 0.549881 0.0192646
69 0.73646 0.538038 0.0205161
70 0.73646 0.534412 0.0178949
71 0.73646 0.544175 0.0203204
72 0.738826 0.541679 0.0202461
73 0.738826 0.525526 0.0179247
74 0.738826 0.543025 0.017349
75 0.753517 0.55394 0.0180393
76 0.786154 0.545529 0.0205655
77 0.786154 0.548378 0.0194687
78 0.786154 0.5557 0.0191376
79 0.786154 0.553403 0.0181971
80 0.786154 0.555419 0.0180726
81 0.786154 0.55423 0.0196309
82 0.786154 0.56697 0.0243514
83 0.786154 0.568067 0.0193106
84 0.786154 0.558791 0.0215012
85 0.786154 0.572901 0.0202625
86 0.786154 0.567256 0.0241883
87 0.786154 0.568456 0.0211077
88 0.786154 0.580889 0.0175067
89 0.786154 0.573951 0.0190446
90 0.786154 0.585813 0.018731
91 0.786154 0.576652 0.0194419
92 0.787606 0.590338 0.0192778
93 0.788345 0.568088 0.026817
94 0.788345 0.573155 0.0268066
95 0.788345 0.589515 0.0224358
96 0.788345 0.581112 0.0234114
97 0.788345 0.588142 0.0218932
98 0.788345 0.578284 0.0196028
99 0.788345 0.583176 0.021984
100 0.79364 0.588063 0.0184459
101 0.79364 0.591739 0.0138564
102 0.79364 0.591143 0.0200968
103 0.79364 0.585171 0.019516
104 0.79364 0.573581 0.0227303
105 0.803294 0.576853 0.0224599
106 0.803294 0.576162 0.0175651
107 0.807167 0.585618 0.0196987
108 0.807167 0.562946 0.0222224
109 0.807167 0.585098 0.018305
110 0.807167 0.593357 0.0163195
111 0.807167 0.582577 0.0216662
112 0.807167 0.583788 0.0221465
113 0.807167 0.56876 0.0246051
114 0.80842 0.559687 0.0234653
115 0.80842 0.576269 0.0208103
116 0.80842 0.60206 0.0204599
117 0.80842 0.612121 0.0176674
118 0.80842 0.611265 0.0191198
119 0.80842 0.599517 0.0228144
120 0.80842 0.612542 0.0191757
121 0.80842 0.58961 0.0196128
122 0.80842 0.589946 0.0233408
123 0.80842 0.596405 0.0255961
124 0.80842 0.599749 0.0206698
125 0.80842 0.59121 0.0206368
126 0.80842 0.5818 0.0258496
127 0.80842 0.588017 0.0227066
128 0.80842 0.587404 0.0238956
129 0.80842 0.593609 0.0200253
130 0.808863 0.590799 0.0241147
131 0.808863 0.605587 0.0185239
132 0.808863 0.609194 0.0187319
133 0.810043 0.603767 0.0186124
134 0.810043 0.602191 0.017752
135 0.810043 0.595194 0.0169027
136 0.810043 0.596392 0.018614
137 0.810043 0.601375 0.0188496
138 0.810043 0.610049 0.0188286
139 0.810043 0.600156 0.0197912
140 0.810043 0.589967 0.0223278
141 0.810043 0.595354 0.0230613
142 0.810043 0.601905 0.0195252
143 0.810043 0.615361 0.0157776
144 0.810043 0.595865 0.0177292
145 0.810043 0.580437 0.02099
146 0.810043 0.569414 0.0224022
147 0.810043 0.593138 0.0206081
148 0.810043 0.582212 0.0203749
149 0.810043 0.568879 0.0215897
150 0.810043 0.597011 0.0207082
151 0.810043 0.584592 0.0196141
152 0.810043 0.589243 0.0189164
153 0.810043 0.60972 0.0183144
154 0.810043 0.597264 0.0193532
155 0.810043 0.590597 0.0209124
156 0.810043 0.623871 0.0164563
157 0.810043 0.625014 0.0161906
158 0.811073 0.629196 0.0149518
159 0.811073 0.637723 0.015595
160 0.811073 0.622146 0.0175742
161 0.811073 0.609699 0.0200787
162 0.811073 0.613313 0.0180695
163 0.811073 0.606109 0.0227219
164 0.811646 0.615406 0.0198316
165 0.811646 0.626195 0.0175217
166 0.811646 0.597764 0.0212856
167 0.811646 0.597201 0.0223417
168 0.811646 0.611639 0.0179379
169 0.811646 0.601729 0.0195843
170 0.811646 0.604575 0.0189031
171 0.811646 0.604613 0.0192253
172 0.817878 0.60871 0.0214759
173 0.817878 0.60424 0.0251689
174 0.817878 0.571003 0.0262637
175 0.817878 0.597778 0.0261146
176 0.817878 0.599116 0.0220663
177 0.817878 0.615779 0.0194414
178 0.817878 0.608629 0.0198309
179 0.817878 0.593214 0.0212556
180 0.817878 0.591431 0.0225137
181 0.817878 0.575929 0.0259298
182 0.817878 0.584875 0.0281208
183 0.817878 0.563641 0.0253872
184 0.817878 0.579821 0.0308027
185 0.817878 0.573429 0.0291318
186 0.817878 0.575879 0.0198724
187 0.817878 0.5708 0.0210312
188 0.817878 0.591747 0.0199475
189 0.817878 0.579762 0.0211785
190 0.817878 0.585497 0.0226185
191 0.817878 0.581361 0.0252628
192 0.817878 0.589861 0.0251036
193 0.817878 0.56744 0.0224739
194 0.817878 0.577053 0.025049
195 0.817878 0.590604 0.0220852
196 0.817878 0.596794 0.0215547
197 0.817878 0.596034 0.0249671
198 0.817878 0.607485 0.0205502
199 0.817878 0.586321 0.020278
200 0.817878 0.62231 0.0177654
201 0.817878 0.605056 0.0206325
202 0.817878 0.602349 0.0237302
203 0.817878 0.60586 0.0225133
204 0.817878 0.605501 0.0207832
205 0.817878 0.598107 0.0254715
206 0.817878 0.583255 0.0206852
207 0.817878 0.596837 0.0210048
208 0.817878 0.591378 0.022665
209 0.817878 0.567287 0.0292547
210 0.817878 0.576025 0.0249856
211 0.817878 0.560567 0.0282997
212 0.817878 0.606244 0.0217496
213 0.817878 0.590208 0.0226126
214 0.817878 0.584844 0.0200631
215 0.817878 0.570471 0.0225465
216 0.817878 0.589464 0.0204251
217 0.817878 0.565016 0.0261428
218 0.817878 0.567988 0.0228954
219 0.817878 0.594909 0.0213402
220 0.817878 0.582409 0.0236968
221 0.817878 0.58316 0.0212322
222 0.817878 0.586948 0.0244553
223 0.817878 0.573112 0.0262875
224 0.817878 0.581454 0.0236135
225 0.817878 0.581931 0.0241025
226 0.817878 0.584012 0.0216866
227 0.817878 0.558865 0.0284516
228 0.817878 0.565035 0.0252031
229 0.817878 0.584317 0.0245308
230 0.817878 0.587571 0.0241357
231 0.817878 0.578211 0.0212621
232 0.817878 0.592518 0.0193234
233 0.817878 0.588203 0.0218111
234 0.817878 0.599479 0.0217801
235 0.817878 0.582941 0.0225836
236 0.817878 0.599677 0.0189957
237 0.817878 0.597519 0.0199227
238 0.817878 0.613464 0.0208487
239 0.817878 0.61162 0.0187372
240 0.817878 0.597996 0.0215682
241 0.817878 0.600853 0.0228157
242 0.817878 0.597172 0.0220496
243 0.817878 0.606566 0.0217074
244 0.817878 0.60641 0.023162
245 0.817878 0.598343 0.0254033
246 0.817878 0.599669 0.0213463
247 0.817878 0.613485 0.0202534
248 0.817878 0.621417 0.0161077
249 0.817878 0.630476 0.0168617
250 0.817878 0.628042 0.0187157
251 0.817878 0.628417 0.0187603
252 0.817878 0.621102 0.0188325
253 0.817878 0.625245 0.0188704
254 0.817878 0.627098 0.020428
255 0.817878 0.614046 0.0230102
256 0.817878 0.613714 0.0247638
257 0.817878 0.595342 0.0238835
258 0.817878 0.606781 0.0228585
259 0.817878 0.608094 0.0201176
260 0.817878 0.611701 0.0229767
261 0.817878 0.611622 0.0216206
262 0.817878 0.614343 0.0225538
263 0.817878 0.61721 0.0203105
264 0.817878 0.617983 0.0205709
265 0.817878 0.595592 0.0232269
266 0.817878 0.607898 0.0220446
267 0.817878 0.612558 0.0178123
268 0.817878 0.597593 0.0203878
269 0.817878 0.602676 0.0243471
270 0.817878 0.596416 0.0256932
271 0.817878 0.596918 0.0271504
272 0.817878 0.613309 0.0257192
273 0.817878 0.608067 0.0253865
274 0.817878 0.598158 0.0198386
275 0.817878 0.600901 0.021512
276 0.817878 0.609821 0.0232693
277 0.817878 0.626636 0.0174412
278 0.817878 0.623629 0.0211636
279 0.817878 0.6124 0.0229229
280 0.817878 0.593954 0.0261506
281 0.817878 0.611292 0.0233692
282 0.817878 0.608441 0.0242035
283 0.817878 0.609833 0.0260377
284 0.817878 0.589184 0.0230164
285 0.817878 0.606042 0.020824
286 0.817878 0.619126 0.02021
287 0.817878 0.63354 0.0187569
288 0.817878 0.610605 0.0186981
289 0.823396 0.604831 0.018406
290 0.823396 0.624789 0.0196362
291 0.823396 0.607464 0.0186553
292 0.82376 0.613063 0.024139
293 0.82376 0.609917 0.0185067
294 0.82376 0.615409 0.0201088
295 0.82376 0.608452 0.0221271
296 0.82376 0.610524 0.0219909
297 0.82376 0.600683 0.0213291
298 0.82376 0.583043 0.0282356
299 0.82376 0.59745 0.0241324
300 0.82376 0.563528 0.0279133
301 0.82376 0.564992 0.0298219
302 0.82376 0.562803 0.0274914
303 0.82376 0.574091 0.0267847
304 0.82376 0.585834 0.0243684
305 0.82376 0.595224 0.0239618
306 0.82376 0.590672 0.0231392
307 0.82376 0.60089 0.0224266
308 0.82376 0.603575 0.0202044
309 0.82376 0.610636 0.0184944
310 0.82376 0.598423 0.0212137
311 0.82376 0.609154 0.0189485
312 0.82376 0.593686 0.0217677
313 0.82376 0.577314 0.023526
314 0.82376 0.597944 0.0250878
315 0.82376 0.612824 0.0186467
316 0.82376 0.585203 0.0212223
317 0.82376 0.605418 0.0202263
318 0.82376 0.611049 0.0213945
319 0.82376 0.603836 0.022611
320 0.82376 0.594748 0.0279246
321 0.82376 0.593053 0.0220889
322 0.82376 0.579581 0.0254426
323 0.82376 0.590863 0.0240095
324 0.82376 0.59923 0.0198631
325 0.82376 0.54922 0.0252216
326 0.82376 0.579896 0.024388
327 0.82376 0.580017 0.0265575
328 0.82376 0.570302 0.0261584
329 0.82376 0.585778 0.0222816
330 0.82376 0.56796 0.0237669
331 0.82376 0.565489 0.0233752
332 0.82376 0.558897 0.0218842
333 0.82376 0.564944 0.0268881
334 0.82376 0.572069 0.0257479
335 0.82376 0.551643 0.0306039
336 0.826363 0.585721 0.0248891
337 0.826363 0.584006 0.0227068
338 0.826363 0.590906 0.0221929
339 0.826363 0.566542 0.0242787
340 0.826363 0.573421 0.0204073
341 0.826363 0.57177 0.0270052
342 0.826363 0.596297 0.0238355
343 0.826363 0.602281 0.01976
344 0.826363 0.576177 0.0255473
345 0.826363 0.602442 0.0210688
346 0.826363 0.631601 0.0167898
347 0.826363 0.621963 0.0199835
348 0.826363 0.620124 0.0198851
349 0.826363 0.621933 0.0176186
350 0.826363 0.62387 0.0179286
351 0.826363 0.6292 0.0146341
352 0.826363 0.623163 0.0190717
353 0.826363 0.619734 0.0171271
354 0.826363 0.637556 0.0165781
355 0.826363 0.621593 0.0220413
356 0.826363 0.612662 0.0199027
357 0.826363 0.606503 0.0191754
358 0.826363 0.605263 0.021556
359 0.826363 0.594105 0.0220492
360 0.826363 0.620113 0.0204605
361 0.826363 0.599429 0.0219034
362 0.826363 0.5988 0.0177505
363 0.826363 0.603862 0.0186847
364 0.826363 0.589611 0.0205856
365 0.826363 0.587167 0.0192607
366 0.826363 0.594614 0.0196334
367 0.826363 0.608299 0.018162
368 0.826363 0.583593 0.0208684
369 0.826363 0.57855 0.0251787
370 0.826363 0.582215 0.0257534
371 0.826363 0.58238 0.0280454
372 0.826363 0.599571 0.0193792
373 0.826363 0.578214 0.0236034
374 0.826363 0.60168 0.0229359
375 0.826363 0.57009 0.0281356
376 0.826363 0.586466 0.031153
377 0.826363 0.574964 0.0327462
378 0.826363 0.582447 0.0252518
379 0.826363 0.577631 0.0262209
380 0.826363 0.596536 0.023062
381 0.826363 0.58361 0.0249239
382 0.826363 0.597446 0.024521
383 0.826363 0.597993 0.0234708
384 0.826363 0.61428 0.0192547
385 0.826363 0.580414 0.0283698
386 0.826363 0.570526 0.0255267
387 0.826363 0.567091 0.0233374
388 0.826363 0.581954 0.0246137
389 0.826363 0.59814 0.0215904
390 0.826363 0.582133 0.0213621
391 0.826363 0.60286 0.0206792
392 0.826363 0.601662 0.0232681
393 0.826363 0.630252 0.0164109
394 0.826363 0.618862 0.0212448
395 0.826363 0.613619 0.0250021
396 0.826363 0.6073 0.0225147
397 0.826363 0.603947 0.0246591
398 0.826363 0.605492 0.0256833
399 0.826363 0.593651 0.0248034
400 0.826363 0.605899 0.0196721
401 0.826363 0.603326 0.0198407
402 0.826363 0.608109 0.0191066
403 0.826363 0.610209 0.0222965
404 0.826363 0.606826 0.0196956
405 0.826363 0.609805 0.0227093
406 0.826363 0.616773 0.0188694
407 0.826363 0.60908 0.0150601
408 0.826363 0.610358 0.0170932
409 0.826363 0.597696 0.020831
410 0.826363 0.615342 0.0221309
411 0.826363 0.610321 0.0204062
412 0.826363 0.611222 0.0223556
413 0.826363 0.614949 0.0193293
414 0.826363 0.580624 0.0287569
415 0.826363 0.585307 0.0280454
416 0.826363 0.602194 0.0243442
417 0.826363 0.601837 0.0248658
418 0.826363 0.574567 0.0267305
419 0.826363 0.59639 0.0207289
420 0.826363 0.593859 0.0228953
421 0.826363 0.602417 0.0205365
422 0.826363 0.582837 0.0220836
423 0.835553 0.573668 0.0258342
424 0.835553 0.58369 0.021156
425 0.835553 0.559054 0.0273392
426 0.835553 0.564034 0.0254593
427 0.835553 0.556487 0.0242384
428 0.835553 0.571297 0.0235658
429 0.835553 0.571493 0.0212965
430 0.835553 0.593499 0.0250665
431 0.835553 0.589725 0.0258837
432 0.835553 0.595033 0.0212597
433 0.835553 0.597455 0.0232644
434 0.835553 0.594184 0.0213414
435 0.835553 0.580752 0.0214825
436 0.835553 0.560193 0.0244855
437 0.835553 0.5978 0.0251271
438 0.835553 0.592416 0.0244256
439 0.835553 0.601467 0.0239405
440 0.835553 0.612193 0.0177627
441 0.835553 0.595337 0.0189802
442 0.835553 0.579287 0.0235831
443 0.835553 0.602961 0.0176072
444 0.835553 0.593707 0.023518
445 0.835553 0.595612 0.0214379
446 0.835553 0.601876 0.0236891
447 0.835553 0.622586 0.0160442
448 0.835553 0.615169 0.0198091
449 0.835553 0.62119 0.0201059
450 0.835553 0.608271 0.0231785
451 0.835553 0.616271 0.0217824
452 0.835553 0.626685 0.0183009
453 0.835553 0.609737 0.0191952
454 0.835553 0.622226 0.0172655
455 0.835553 0.610269 0.0198115
456 0.835553 0.604498 0.0165111
457 0.835553 0.612623 0.0147991
458 0.835553 0.614341 0.0196943
459 0.835553 0.612728 0.0245354
460 0.835553 0.591392 0.0220602
461 0.835553 0.602666 0.0212461
462 0.835553 0.604438 0.019746
463 0.835553 0.579761 0.0246063
464 0.835553 0.593347 0.0243665
465 0.835553 0.582959 0.026956
466 0.835553 0.602009 0.0204382
467 0.835553 0.607831 0.0206041
468 0.835553 0.601281 0.0221672
469 0.835553 0.59648 0.0226841
470 0.835553 0.58151 0.0268457
471 0.835553 0.583087 0.0291449
472 0.835553 0.578743 0.0298148
473 0.835553 0.592287 0.0272991
474 0.835553 0.600972 0.0244273
475 0.835553 0.595945 0.021229
476 0.835553 0.589282 0.0239835
477 0.835553 0.600106 0.0235965
478 0.835553 0.602132 0.0243566
479 0.835553 0.591709 0.024273
480 0.835553 0.606384 0.0211252
481 0.835553 0.608012 0.0239753
482 0.835553 0.613694 0.0210774
483 0.835553 0.602329 0.0217856
484 0.835553 0.607567 0.0227175
485 0.835553 0.586881 0.022142
486 0.835553 0.611159 0.0198791
487 0.835553 0.614354 0.0174957
488 0.835553 0.616809 0.018994
489 0.835553 0.597893 0.0212523
490 0.835553 0.595287 0.02187
491 0.835553 0.595874 0.0227814
492 0.835553 0.61022 0.0201173
493 0.835553 0.632765 0.0191791
494 0.835553 0.633328 0.0173965
495 0.835553 0.635058 0.0152807
496 0.835553 0.635025 0.0193733
497 0.835553 0.620225 0.0191872
498 0.835553 0.610384 0.0239096
499 0.835553 0.608259 0.0175364
500 0.835553 0.622786 0.0174026
501 0.835553 0.618778 0.0179103
502 0.835553 0.60742 0.0216767
503 0.835553 0.628768 0.0203622
504 0.835553 0.615206 0.0199586
505 0.835553 0.592267 0.0210686
506 0.835553 0.583668 0.0269041
507 0.835553 0.585928 0.0270473
508 0.835553 0.575429 0.0310781
509 0.835553 0.577722 0.028223
510 0.835553 0.574808 0.0290078
511 0.835553 0.589384 0.0242512
512 0.835553 0.589689 0.0240088
513 0.835553 0.596958 0.0227507
514 0.835553 0.576321 0.0280997
515 0.835553 0.570407 0.0288531
516 0.835553 0.571044 0.0268103
517 0.835553 0.594359 0.0258979
518 0.835553 0.581051 0.025185
519 0.835553 0.596878 0.0270985
520 0.835553 0.592739 0.0264458
521 0.835553 0.575662 0.0270686
522 0.835553 0.578688 0.0249991
523 0.835553 0.57931 0.0257122
524 0.835553 0.579886 0.0290371
525 0.835553 0.586642 0.0260369
526 0.835553 0.57747 0.0256547
527 0.835553 0.599333 0.023708
528 0.835553 0.580133 0.027385
529 0.835553 0.576857 0.0235726
530 0.835553 0.590481 0.0262807
531 0.835553 0.584774 0.0261805
532 0.835553 0.56741 0.029099
533 0.835553 0.604576 0.0233057
534 0.835553 0.599353 0.0239443
535 0.835553 0.588997 0.0230585
536 0.835553 0.580017 0.026087
537 0.835553 0.589054 0.0256005
538 0.835553 0.590975 0.0240862
539 0.835553 0.60905 0.0237061
540 0.835553 0.593403 0.0272524
541 0.835553 0.575507 0.0267295
542 0.835553 0.582483 0.0290278
543 0.835553 0.609232 0.0243161
544 0.835553 0.588509 0.0273889
545 0.835553 0.59703 0.0216895
546 0.835553 0.595276 0.0223524
547 0.835553 0.606415 0.0230606
548 0.835553 0.604137 0.024092
549 0.835553 0.599198 0.0222486
550 0.835553 0.616086 0.0192864
551 0.835553 0.61474 0.0209248
552 0.835553 0.603751 0.0281025
553 0.835553 0.571248 0.0270215
554 0.835553 0.55336 0.0256939
555 0.835553 0.565582 0.0273265
556 0.835553 0.53126 0.0301504
557 0.835553 0.561482 0.0276114
558 0.835553 0.571351 0.0235936
559 0.835553 0.568144 0.0291749
560 0.835553 0.573443 0.0260615
561 0.835553 0.572468 0.0235829
562 0.835553 0.560929 0.0296608
563 0.835553 0.57066 0.0276841
564 0.835553 0.584236 0.0253474
565 0.835553 0.572673 0.0254295
566 0.835553 0.570131 0.0272819
567 0.835553 0.594633 0.0246546
568 0.835553 0.624594 0.0147121
569 0.835553 0.602624 0.0249777
570 0.835553 0.590571 0.0207043
571 0.835553 0.611591 0.0196099
572 0.835553 0.620557 0.0197549
573 0.835553 0.607852 0.0206488
574 0.835553 0.612377 0.0194522
575 0.835553 0.617422 0.0189239
576 0.835553 0.625419 0.0184708
577 0.835553 0.611353 0.0244347
578 0.835553 0.624164 0.0175568
579 0.835553 0.620879 0.0177016
580 0.835553 0.598471 0.0213131
581 0.835553 0.629469 0.0187686
582 0.835553 0.605279 0.0204208
583 0.835553 0.620666 0.0212457
584 0.835553 0.607298 0.0244891
585 0.835553 0.611949 0.0183947
586 0.835553 0.617898 0.0206695
587 0.835553 0.606845 0.0188468
588 0.835553 0.607833 0.0195113
589 0.835553 0.623699 0.0164582
590 0.835553 0.620748 0.0177027
591 0.835553 0.617079 0.0211002
592 0.835553 0.6069 0.0202347
593 0.835553 0.60941 0.0189851
594 0.835553 0.594702 0.0217944
595 0.835553 0.610875 0.0240722
596 0.835553 0.610962 0.0205821
597 0.835553 0.59115 0.0227165
598 0.835553 0.607412 0.0230737
599 0.835553 0.574798 0.0274283
600 0.835553 0.581921 0.0290843
601 0.835553 0.597444 0.0253441
602 0.835553 0.586163 0.021758
603 0.835553 0.592346 0.0221774
604 0.835553 0.594318 0.0219715
605 0.835553 0.594848 0.0229263
606 0.835553 0.609189 0.0200527
607 0.835553 0.609382 0.0218307
608 0.835553 0.608487 0.0207055
609 0.835553 0.580103 0.0231783
610 0.835553 0.575642 0.027557
611 0.835553 0.580578 0.0239094
612 0.835553 0.573543 0.026571
613 0.835553 0.595585 0.0223
614 0.835553 0.601263 0.0238569
615 0.835553 0.6117 0.0226112
616 0.835553 0.612416 0.0198012
617 0.835553 0.62536 0.0198281
618 0.835553 0.60234 0.0208776
619 0.835553 0.614879 0.0194681
620 0.835553 0.623936 0.0168668
621 0.835553 0.61038 0.0223435
622 0.835553 0.599598 0.0216268
623 0.835553 0.587081 0.0247081
624 0.835553 0.607591 0.0203546
625 0.835553 0.61259 0.0248572
626 0.835553 0.607683 0.0218092
627 0.835553 0.592329 0.025971
628 0.835553 0.604996 0.0275107
629 0.835553 0.593653 0.020785
630 0.835553 0.595972 0.0215471
631 0.835553 0.603437 0.0224474
632 0.835553 0.604517 0.0223867
633 0.835553 0.612328 0.0169589
634 0.835553 0.601889 0.01967
635 0.835553 0.599813 0.0200643
636 0.835553 0.598286 0.0196991
637 0.835553 0.586478 0.0249405
638 0.835553 0.566693 0.0238375
639 0.835553 0.570264 0.0273236
640 0.835553 0.596142 0.0261891
641 0.835553 0.586235 0.02525
642 0.835553 0.599295 0.0258477
643 0.835856 0.609056 0.0205306
644 0.835856 0.582426 0.0264318
645 0.835856 0.622127 0.0243921
646 0.835856 0.614622 0.023394
647 0.835856 0.603433 0.025774
648 0.835856 0.592915 0.0283677
649 0.835856 0.615552 0.0253085
650 0.835856 0.603071 0.023374
651 0.835856 0.600763 0.0243399
652 0.835856 0.579768 0.0285924
653 0.835856 0.603074 0.0250488
654 0.835856 0.620642 0.0222324
655 0.835856 0.609845 0.0221085
656 0.835856 0.611711 0.0203837
657 0.835856 0.61788 0.021151
658 0.835856 0.610902 0.0223602
659 0.835856 0.617737 0.021596
660 0.835856 0.631393 0.0185419
661 0.835856 0.610067 0.0202337
662 0.835856 0.605319 0.0243247
663 0.835856 0.619069 0.0223778
664 0.835856 0.594213 0.0217319
665 0.835856 0.585629 0.0255744
666 0.835856 0.608094 0.0250548
667 0.835856 0.586294 0.0243163
668 0.835856 0.606392 0.0229984
669 0.835856 0.583396 0.0266594
670 0.835856 0.601199 0.0210857
671 0.835856 0.597524 0.02294
672 0.835856 0.612157 0.0209844
673 0.835892 0.630473 0.019424
674 0.835892 0.628795 0.0177957
675 0.835892 0.607755 0.022384
676 0.835892 0.621256 0.0239151
677 0.835892 0.610622 0.0226609
678 0.835892 0.630723 0.0159136
679 0.835892 0.620193 0.0202156
680 0.835892 0.595544 0.0216815
681 0.835892 0.594382 0.0225798
682 0.835893 0.594659 0.0235076
683 0.835893 0.612622 0.0185047
684 0.835893 0.591722 0.0226063
685 0.835893 0.592212 0.02665
686 0.835893 0.581984 0.0244594
687 0.835893 0.590094 0.0248166
688 0.835893 0.591965 0.0271438
689 0.835893 0.592706 0.0236478
690 0.835893 0.594197 0.0232416
691 0.835893 0.624805 0.0206749
692 0.835893 0.623934 0.0207588
693 0.835893 0.635615 0.0196313
694 0.835893 0.640384 0.0170551
695 0.835893 0.630216 0.0215334
696 0.835893 0.607776 0.021065
697 0.835893 0.620445 0.0187961
698 0.835893 0.604814 0.0245833
699 0.835893 0.603556 0.0223322
700 0.835893 0.598362 0.0224826
701 0.835893 0.590283 0.0252368
702 0.835893 0.587212 0.0216961
703 0.835893 0.59148 0.0226405
704 0.835893 0.607867 0.0217075
705 0.835893 0.604943 0.0220714
706 0.835893 0.602566 0.0216422
707 0.835893 0.617445 0.0200679
708 0.835893 0.604289 0.0245342
709 0.835893 0.619899 0.0215319
710 0.835893 0.611567 0.0212019
711 0.835893 0.593121 0.0258881
712 0.835893 0.612191 0.0215332
713 0.835893 0.609203 0.0220269
714 0.835893 0.607475 0.022163
715 0.835893 0.624818 0.0196751
716 0.835893 0.612541 0.0201467
717 0.835893 0.617254 0.0209697
718 0.835893 0.61199 0.0218433
719 0.835893 0.595515 0.02377
720 0.835893 0.60056 0.0239198
721 0.835893 0.593874 0.0226012
722 0.835893 0.587515 0.0256565
723 0.835893 0.583693 0.0255229
724 0.835893 0.578418 0.0278498
725 0.835893 0.582937 0.0245007
726 0.835893 0.601343 0.0228953
727 0.835893 0.567943 0.0273297
728 0.835893 0.563841 0.0290289
729 0.835893 0.58159 0.0228398
730 0.835893 0.597278 0.0221338
731 0.835893 0.579867 0.0232647
732 0.835893 0.598158 0.0219109
733 0.835893 0.613148 0.0202097
734 0.835893 0.625839 0.0198965
735 0.835893 0.622155 0.0219881
736 0.835893 0.625304 0.0229321
737 0.835893 0.609441 0.0235921
738 0.835893 0.609257 0.0216504
739 0.835893 0.635357 0.017785
740 0.835893 0.623738 0.0221338
741 0.835893 0.626962 0.0201503
742 0.835893 0.613458 0.0180452
743 0.835893 0.621385 0.0200693
744 0.835893 0.627675 0.0197249
745 0.835893 0.612133 0.0217622
746 0.835893 0.601428 0.0253816
747 0.835893 0.577689 0.0269572
748 0.835893 0.586135 0.0262007
749 0.835893 0.601162 0.0263176
750 0.835893 0.594575 0.0263219
751 0.835893 0.602251 0.0258233
752 0.835893 0.609657 0.0233048
753 0.835893 0.593789 0.0235829
754 0.835893 0.580361 0.0266644
755 0.835893 0.588235 0.0280371
756 0.835893 0.588898 0.0262697
757 0.835893 0.599249 0.0247416
758 0.835893 0.586737 0.0253306
759 0.835893 0.596825 0.0262748
760 0.835893 0.601929 0.0259603
761 0.835893 0.606947 0.0231911
762 0.835893 0.598992 0.0224717
763 0.835893 0.604348 0.0219106
764 0.835893 0.599052 0.0231206
765 0.835893 0.591928 0.026613
766 0.835893 0.610949 0.0232972
767 0.835893 0.618876 0.0201098
768 0.835893 0.615397 0.0212961
769 0.835893 0.597232 0.0221076
770 0.835893 0.604056 0.0212894
771 0.835893 0.623284 0.0200789
772 0.835893 0.615325 0.0203924
773 0.835893 0.627259 0.0194182
774 0.835893 0.613791 0.020221
775 0.835893 0.606428 0.0254868
776 0.835893 0.628678 0.0227152
777 0.835893 0.645124 0.0183204
778 0.835893 0.644275 0.0167409
779 0.835893 0.625794 0.0151748
780 0.835893 0.615626 0.0185064
781 0.835893 0.618295 0.0196665
782 0.835893 0.613767 0.0184181
783 0.835893 0.638016 0.0152624
784 0.835893 0.633642 0.0165595
785 0.835893 0.617625 0.0175171
786 0.835893 0.619684 0.0219269
787 0.835893 0.604588 0.0245081
788 0.835893 0.603573 0.0235588
789 0.835893 0.611392 0.0243267
790 0.835893 0.623971 0.0185823
791 0.835893 0.632874 0.0181019
792 0.835893 0.626152 0.0210997
793 0.835893 0.620987 0.0222139
794 0.835893 0.612549 0.0234371
795 0.835893 0.611776 0.0217375
796 0.835893 0.595042 0.0268561
797 0.835893 0.595075 0.0236192
798 0.835893 0.620618 0.0166609
799 0.835893 0.610126 0.0152079
800 0.835893 0.59293 0.0207833
801 0.835893 0.609358 0.0188484
802 0.835893 0.599818 0.0218088
803 0.835893 0.578983 0.0258742
804 0.835893 0.586726 0.0252666
805 0.835893 0.581681 0.0246417
806 0.835893 0.592015 0.0251001
807 0.835893 0.576929 0.0274075
808 0.835893 0.586731 0.0298011
809 0.835893 0.598136 0.0237694
810 0.835893 0.600314 0.0227023
811 0.835893 0.607917 0.0199886
812 0.835893 0.604223 0.0231282
813 0.835893 0.62523 0.018331
814 0.835893 0.615773 0.0207776
815 0.835893 0.610349 0.0185333
816 0.835893 0.621009 0.0203427
817 0.835893 0.586634 0.0294314
818 0.835893 0.603299 0.0241776
819 0.835893 0.60685 0.021877
820 0.835893 0.60404 0.0227217
821 0.835893 0.614236 0.0218323
822 0.835893 0.605189 0.0238787
823 0.835893 0.597453 0.0225115
824 0.835893 0.573354 0.0246094
825 0.835893 0.598535 0.0269196
826 0.835893 0.595026 0.0252861
827 0.835893 0.606045 0.0208366
828 0.835893 0.605507 0.0206141
829 0.835893 0.602939 0.0244
830 0.835893 0.599988 0.0248015
831 0.835893 0.599895 0.0245917
832 0.835893 0.603635 0.0205171
833 0.835893 0.599211 0.0215803
834 0.835893 0.617849 0.0214091
835 0.835893 0.630958 0.0187912
836 0.835893 0.630019 0.0199354
837 0.835893 0.625896 0.0197069
838 0.835893 0.617919 0.0212143
839 0.835893 0.626439 0.0202449
840 0.835893 0.644805 0.0164921
841 0.835893 0.645094 0.0149569
842 0.835893 0.631003 0.0178823
843 0.835893 0.64214 0.0161838
844 0.835893 0.620233 0.0223897
845 0.835893 0.609887 0.0241146
846 0.835893 0.606245 0.0229978
847 0.835893 0.632504 0.0174261
848 0.835893 0.625936 0.020788
849 0.835893 0.625397 0.0218005
850 0.835893 0.620132 0.0220637
851 0.835893 0.621167 0.0215425
852 0.835893 0.611419 0.0242956
853 0.835893 0.613613 0.0249396
854 0.835893 0.628578 0.0208544
855 0.835893 0.613481 0.0236108
856 0.835893 0.607905 0.0225171
857 0.835893 0.622493 0.0206561
858 0.835893 0.60183 0.024263
859 0.835893 0.604274 0.0204878
860 0.835893 0.590825 0.0207365
861 0.835893 0.604249 0.0234836
862 0.835893 0.614129 0.0268966
863 0.835893 0.59978 0.0267976
864 0.835893 0.625349 0.0266189
865 0.835893 0.608506 0.0259644
866 0.835893 0.597818 0.0253868
867 0.835893 0.59689 0.0275205
868 0.835893 0.605856 0.0210748
869 0.835893 0.572589 0.0272125
870 0.835893 0.573585 0.0252333
871 0.835893 0.586401 0.0254574
872 0.835893 0.619875 0.0205031
873 0.835893 0.604727 0.0197723
874 0.835893 0.604996 0.0195645
875 0.835893 0.57844 0.0229128
876 0.835893 0.569322 0.027894
877 0.835893 0.568952 0.0299608
878 0.835893 0.587688 0.0258642
879 0.835893 0.579581 0.0278815
880 0.835893 0.582017 0.025696
881 0.835893 0.609742 0.0259703
882 0.835893 0.601204 0.0269492
883 0.835893 0.593152 0.0268955
884 0.835893 0.590654 0.024687
885 0.835893 0.574985 0.0255071
886 0.835893 0.595991 0.024958
887 0.835893 0.581196 0.0294989
888 0.835893 0.588304 0.0258724
889 0.835893 0.578491 0.0272972
890 0.835893 0.581976 0.0312162
891 0.835893 0.585449 0.0288054
892 0.835893 0.596648 0.0263635
893 0.835893 0.623347 0.0229608
894 0.835893 0.61303 0.0206578
895 0.835893 0.601812 0.0225928
896 0.835893 0.601574 0.0211875
897 0.835893 0.596425 0.0223083
898 0.835893 0.602263 0.0202891
899 0.835893 0.608391 0.0227024
900 0.835893 0.600533 0.0221623
901 0.835893 0.630538 0.0202268
902 0.835893 0.614954 0.0232943
903 0.835893 0.601063 0.0221988
904 0.835893 0.593668 0.023397
905 0.835893 0.58826 0.0228024
906 0.835893 0.605952 0.0186504
907 0.835893 0.608141 0.0180451
908 0.835893 0.607606 0.019977
909 0.835893 0.602959 0.0219992
910 0.835893 0.600127 0.0230361
911 0.835893 0.599896 0.0199764
912 0.835893 0.606269 0.0181599
913 0.835893 0.607491 0.0173519
914 0.835893 0.604203 0.0190577
915 0.835893 0.591172 0.0222448
916 0.835893 0.599957 0.020262
917 0.835893 0.577639 0.025126
918 0.835893 0.605829 0.0242454
919 0.835893 0.609926 0.0239151
920 0.835893 0.621738 0.0214293
921 0.835893 0.605349 0.0253075
922 0.835893 0.59745 0.028226
923 0.835893 0.613515 0.0255746
924 0.835893 0.61391 0.0212955
925 0.835893 0.615923 0.0188929
926 0.835893 0.60706 0.0235574
927 0.835893 0.599304 0.0257816
928 0.835893 0.616293 0.023102
929 0.835893 0.610713 0.0225341
930 0.835893 0.613082 0.0221795
931 0.835893 0.62097 0.0252128
932 0.835893 0.615395 0.0217579
933 0.835893 0.61373 0.0213157
934 0.835893 0.604494 0.0232294
935 0.835893 0.606481 0.0234173
936 0.835893 0.582081 0.0248023
937 0.835893 0.590916 0.0217317
938 0.835893 0.574301 0.0297777
939 0.835893 0.589416 0.0269522
940 0.835893 0.566296 0.0273421
941 0.835893 0.576268 0.0270336
942 0.835893 0.605695 0.026041
943 0.835893 0.594668 0.0245875
944 0.835893 0.580147 0.022324
945 0.835893 0.598405 0.0231851
946 0.835893 0.591275 0.0209919
947 0.835893 0.584975 0.0217972
948 0.835893 0.576659 0.0277047
949 0.835893 0.578863 0.0259078
950 0.835893 0.592475 0.0234325
951 0.835893 0.566236 0.0265767
952 0.835893 0.590916 0.0252539
953 0.835893 0.585809 0.027118
954 0.835893 0.593021 0.0247979
955 0.835893 0.591665 0.0245114
956 0.835893 0.602731 0.0214732
957 0.835893 0.605327 0.0243861
958 0.835893 0.603763 0.0235341
959 0.835893 0.59809 0.0210883
960 0.835893 0.608184 0.0203729
961 0.835893 0.573416 0.0252659
962 0.835893 0.618762 0.0209349
963 0.835893 0.60306 0.0246379
964 0.835893 0.612978 0.0255548
965 0.835893 0.591241 0.0239607
966 0.835893 0.571949 0.0287117
967 0.835893 0.590578 0.0288164
968 0.835893 0.577029 0.0249035
969 0.835893 0.587267 0.025742
970 0.835893 0.594073 0.0294991
971 0.835893 0.590263 0.025155
972 0.835893 0.594291 0.02571
973 0.835893 0.605537 0.0254523
974 0.835893 0.598979 0.0255376
975 0.835893 0.596274 0.028701
976 0.835893 0.585087 0.0291026
977 0.835893 0.583692 0.02635
978 0.835893 0.583871 0.0230013
979 0.835893 0.592191 0.024042
980 0.835893 0.600071 0.0268818
981 0.835893 0.594514 0.0245461
982 0.835893 0.600647 0.0234057
983 0.835893 0.588708 0.0199649
984 0.835893 0.602113 0.0200583
985 0.835893 0.609301 0.0208259
986 0.835893 0.605736 0.0229517
987 0.835893 0.626916 0.0199216
988 0.835893 0.619251 0.0210369
989 0.835893 0.614348 0.0246768
990 0.835893 0.618912 0.0183912
991 0.835893 0.60991 0.0189952
992 0.835893 0.600048 0.0218757
993 0.835893 0.639261 0.0170298
994 0.835893 0.649748 0.0147707
995 0.835893 0.64434 0.0165539
996 0.835893 0.615437 0.0198915
997 0.835893 0.617158 0.0193914
998 0.835893 0.630888 0.0193636
999 0.835893 0.61799 0.019485
1000 0.835893 0.632808 0.0193572
