0 0.305891 0.251631 6.99783e-05
1 0.305891 0.252296 8.6586e-05
2 0.305891 0.253267 0.000139615
3 0.344982 0.255672 0.00033705
4 0.381482 0.259184 0.000577406
5 0.391183 0.262853 0.000962725
6 0.391183 0.268029 0.00144317
7 0.391183 0.273381 0.00192102
8 0.391183 0.281699 0.00230929
9 0.403389 0.284672 0.0031822
10 0.432445 0.282995 0.00321447
11 0.432445 0.282732 0.00345364
12 0.432445 0.284573 0.0035004
13 0.432445 0.289004 0.00378916
14 0.432445 0.287555 0.00348436
15 0.432445 0.289582 0.0032927
16 0.448259 0.291209 0.0036903
17 0.448259 0.29477 0.0037996
18 0.453146 0.302733 0.00454389
19 0.455171 0.301516 0.0046416
20 0.455171 0.297425 0.00434318
21 0.455171 0.298665 0.00428658
22 0.455171 0.300503 0.00530127
23 0.455171 0.311318 0.00551295
24 0.458103 0.31294 0.00599061
25 0.458103 0.321044 0.006592
26 0.458347 0.324323 0.00732711
27 0.465935 0.318487 0.00637661
28 0.465935 0.312027 0.00633687
29 0.468916 0.321335 0.00646033
30 0.475779 0.325502 0.00727115
31 0.486308 0.33235 0.00724026
32 0.503389 0.333163 0.00687013
33 0.503389 0.351778 0.00714924
34 0.503389 0.340155 0.00637798
35 0.510833 0.332078 0.00778864
36 0.510833 0.32751 0.00671315
37 0.510833 0.329962 0.00802474
38 0.510833 0.336909 0.00771293
39 0.510833 0.345855 0.00850621
40 0.516397 0.347284 0.00857884
41 0.516397 0.368734 0.00904627
42 0.543997 0.374191 0.00848898
43 0.543997 0.374651 0.00899845
44 0.543997 0.377265 0.00917906
45 0.544988 0.383062 0.00972138
46 0.544988 0.38815 0.0100164
47 0.544988 0.390022 0.00992838
48 0.544988 0.407024 0.0090306
49 0.544988 0.402798 0.00995508
50 0.544988 0.409096 0.0108551
51 0.544988 0.418858 0.0100065
52 0.544988 0.414612 0.0107723
53 0.5484 0.427729 0.00986409
54 0.5484 0.433214 0.0078609
55 0.5484 0.433843 0.00850874
56 0.5484 0.439102 0.00829584
57 0.5484 0.453131 0.00708236
58 0.5484 0.450858 0.00613864
59 0.5484 0.438823 0.00620412
60 0.5484 0.432024 0.00697446
61 0.5484 0.436391 0.00684633
62 0.5484 0.452954 0.00735588
63 0.5484 0.454333 0.00705397
64 0.5484 0.457042 0.00708921
65 0.5484 0.465928 0.00579335
66 0.5484 0.470663 0.00401627
67 0.5484 0.477507 0.00372584
68 0.5484 0.474689 0.00392553
69 0.5484 0.472866 0.00323211
70 0.5484 0.474555 0.00345756
71 0.5484 0.480009 0.00257429
72 0.5484 0.473966 0.00330591
73 0.556673 0.482432 0.00273888
74 0.556673 0.486235 0.00265719
75 0.556673 0.481111 0.00279837
76 0.558363 0.488731 0.00263616
77 0.568985 0.489051 0.00249842
78 0.570986 0.489643 0.00278716
79 0.570986 0.47673 0.00373643
80 0.570986 0.482478 0.0036499
81 0.570986 0.492767 0.00282846
82 0.57757 0.494146 0.00293064
83 0.57757 0.49745 0.00343545
84 0.57757 0.493994 0.00283407
85 0.57757 0.492855 0.00293108
86 0.57757 0.501485 0.00278235
87 0.57757 0.50099 0.00295725
88 0.578606 0.503271 0.00354053
89 0.578606 0.506577 0.0027043
90 0.578606 0.502266 0.00289958
91 0.57945 0.509892 0.00264316
92 0.58073 0.510345 0.00276517
93 0.58073 0.515836 0.00238635
94 0.58073 0.513049 0.00304306
95 0.581311 0.510945 0.00412462
96 0.581311 0.51605 0.00299784
97 0.586263 0.512672 0.00350685
98 0.592376 0.513408 0.00331985
99 0.592376 0.523608 0.00270969
100 0.593782 0.519311 0.00349996
101 0.593782 0.521411 0.00239556
102 0.593782 0.524516 0.00256488
103 0.593782 0.517973 0.00323997
104 0.649689 0.527446 0.00273341
105 0.649689 0.527865 0.00257443
106 0.649689 0.523127 0.00319194
107 0.649689 0.523437 0.00343019
108 0.649689 0.519707 0.00325264
109 0.649689 0.516278 0.00341652
110 0.653948 0.520033 0.0037779
111 0.660946 0.522001 0.00430814
112 0.660946 0.532484 0.00297964
113 0.660946 0.531383 0.00335323
114 0.660946 0.525161 0.00416786
115 0.660946 0.52091 0.00387739
116 0.660946 0.519768 0.00452507
117 0.660946 0.523075 0.004569
118 0.661081 0.528837 0.00525062
119 0.675114 0.522376 0.00555374
120 0.675114 0.52197 0.00499369
121 0.675114 0.521903 0.00537887
122 0.675114 0.520837 0.00559294
123 0.691734 0.529597 0.004651
124 0.691734 0.533764 0.00547193
125 0.691734 0.532485 0.00597619
126 0.691734 0.541731 0.00615067
127 0.691734 0.531242 0.00635983
128 0.691734 0.526596 0.00670147
129 0.691734 0.530286 0.0063298
130 0.694519 0.529211 0.00776291
131 0.694519 0.536365 0.00821295
132 0.694519 0.526655 0.00703049
133 0.694519 0.527548 0.00861371
134 0.694519 0.533363 0.00859023
135 0.699103 0.521971 0.00859835
136 0.699103 0.53025 0.00846847
137 0.699103 0.528383 0.00842729
138 0.699103 0.539001 0.00836203
139 0.699103 0.539745 0.00737656
140 0.699103 0.531159 0.00766602
141 0.699103 0.522551 0.00909686
142 0.699103 0.528108 0.00835919
143 0.699103 0.533421 0.00820463
144 0.699103 0.540918 0.00664572
145 0.699103 0.533552 0.00825865
146 0.704751 0.53881 0.00790917
147 0.704751 0.536222 0.00734657
148 0.704751 0.539738 0.0077051
149 0.704751 0.538588 0.00797225
150 0.704751 0.538033 0.00796643
151 0.707358 0.526192 0.00885081
152 0.707358 0.533987 0.00761048
153 0.707358 0.528833 0.00835427
154 0.707358 0.531024 0.0079497
155 0.707358 0.519602 0.0084754
156 0.707358 0.527357 0.00766706
157 0.71307 0.524781 0.00934786
158 0.71307 0.537783 0.00903552
159 0.71307 0.531447 0.00773038
160 0.71307 0.535772 0.00682246
161 0.71307 0.537979 0.0080512
162 0.71307 0.535224 0.00894306
163 0.71307 0.531774 0.0086521
164 0.71307 0.538317 0.00789008
165 0.71307 0.533719 0.00927548
166 0.71307 0.524348 0.0101286
167 0.71307 0.528579 0.00846125
168 0.717253 0.528286 0.00899133
169 0.717253 0.540736 0.00983678
170 0.717253 0.531344 0.0100122
171 0.717253 0.522353 0.0105325
172 0.717253 0.534094 0.0097613
173 0.717253 0.535832 0.00999674
174 0.717253 0.53203 0.00992513
175 0.717253 0.524312 0.00976384
176 0.717253 0.540547 0.00919082
177 0.717253 0.539985 0.0112169
178 0.717253 0.529345 0.0121772
179 0.717253 0.541982 0.00953455
180 0.717253 0.524719 0.0106415
181 0.719505 0.526226 0.00971631
182 0.719505 0.527756 0.00978656
183 0.729202 0.526202 0.011276
184 0.729202 0.532266 0.0118692
185 0.729202 0.531687 0.012173
186 0.729202 0.533211 0.0128393
187 0.729202 0.528715 0.0129251
188 0.729202 0.53357 0.0103416
189 0.729202 0.520987 0.0099193
190 0.729202 0.517528 0.0105692
191 0.729202 0.534785 0.0093956
192 0.729202 0.533938 0.0106169
193 0.729202 0.527855 0.0117856
194 0.729202 0.53916 0.0121611
195 0.729202 0.527757 0.0105297
196 0.729202 0.523757 0.0105099
197 0.729202 0.522062 0.0104953
198 0.729202 0.527676 0.0116261
199 0.729202 0.533715 0.0115638
200 0.729202 0.540505 0.00968119
201 0.729202 0.536871 0.0088625
202 0.729202 0.544559 0.00864999
203 0.729202 0.546284 0.00861601
204 0.729202 0.544187 0.00992173
205 0.729202 0.539596 0.00837256
206 0.729202 0.541757 0.00929457
207 0.729202 0.536798 0.00943868
208 0.729202 0.543364 0.0100041
209 0.729202 0.552659 0.00926689
210 0.729202 0.560426 0.0101418
211 0.729202 0.559245 0.00821533
212 0.729202 0.554854 0.00860948
213 0.729202 0.552108 0.00924647
214 0.729202 0.557085 0.00850103
215 0.729202 0.546255 0.00845355
216 0.729202 0.542272 0.00931841
217 0.729202 0.553194 0.00873504
218 0.729202 0.539384 0.010719
219 0.729202 0.545673 0.00996774
220 0.729202 0.536632 0.00916786
221 0.729202 0.538485 0.00994913
222 0.729202 0.547849 0.00863941
223 0.729202 0.544649 0.00887635
224 0.731151 0.550443 0.00831521
225 0.731151 0.558754 0.00805597
226 0.731151 0.561705 0.00947471
227 0.731151 0.556669 0.00834525
228 0.731151 0.556797 0.00987454
229 0.740014 0.565565 0.00963434
230 0.740014 0.557286 0.00931932
231 0.740014 0.571078 0.00839689
232 0.740014 0.552167 0.00896087
233 0.740014 0.548437 0.0101673
234 0.740014 0.539859 0.0091939
235 0.740014 0.545624 0.00835032
236 0.740014 0.544851 0.00824506
237 0.740014 0.554227 0.00965456
238 0.740014 0.555622 0.00886571
239 0.740014 0.559566 0.0103559
240 0.740014 0.552219 0.0111991
241 0.740014 0.549468 0.0111027
242 0.740014 0.546402 0.0102559
243 0.740014 0.562634 0.00924624
244 0.743958 0.567474 0.00939072
245 0.743958 0.560768 0.00960255
246 0.743958 0.557274 0.0105752
247 0.743958 0.549958 0.0107277
248 0.743958 0.558025 0.00930563
249 0.743958 0.565222 0.00952462
250 0.743958 0.563257 0.00997683
251 0.743958 0.556291 0.0103733
252 0.743958 0.570945 0.009269
253 0.743958 0.566697 0.00963973
254 0.743958 0.560426 0.0100603
255 0.743958 0.559515 0.011087
256 0.743958 0.559454 0.0116789
257 0.743958 0.556327 0.00974447
258 0.743958 0.563686 0.00992604
259 0.743958 0.562836 0.0100038
260 0.743958 0.555085 0.008914
261 0.743958 0.562094 0.00831853
262 0.743958 0.561258 0.00841522
263 0.743958 0.55067 0.00833192
264 0.743958 0.564878 0.00685893
265 0.743958 0.572998 0.00906377
266 0.743958 0.560991 0.00946564
267 0.743958 0.552168 0.00928079
268 0.743958 0.55129 0.00979719
269 0.743958 0.555474 0.00888311
270 0.743958 0.550318 0.0105559
271 0.743958 0.550073 0.01134
272 0.743958 0.552507 0.00995262
273 0.743958 0.561252 0.0102878
274 0.743958 0.571515 0.00860307
275 0.743958 0.564197 0.00833763
276 0.743958 0.554654 0.00901458
277 0.743958 0.553614 0.00984874
278 0.743958 0.550226 0.0100458
279 0.743958 0.561242 0.0113954
280 0.743958 0.553816 0.00962812
281 0.743958 0.547043 0.00918122
282 0.743958 0.55358 0.0103723
283 0.743958 0.549487 0.0110155
284 0.743958 0.558546 0.00957805
285 0.743958 0.554926 0.0104565
286 0.743958 0.550336 0.00953369
287 0.743958 0.552824 0.00854113
288 0.743958 0.542639 0.00925674
289 0.743958 0.553328 0.00785938
290 0.743958 0.551469 0.00936596
291 0.743958 0.552386 0.0101598
292 0.743958 0.550155 0.00986391
293 0.743958 0.558714 0.00922093
294 0.743958 0.547518 0.00985866
295 0.743958 0.551363 0.00875946
296 0.743958 0.558634 0.00994806
297 0.743958 0.553767 0.0105933
298 0.743958 0.550864 0.0102166
299 0.743958 0.552994 0.0099375
300 0.743958 0.548904 0.0102042
301 0.743958 0.545978 0.0105289
302 0.743958 0.553908 0.00997505
303 0.743958 0.544899 0.0113576
304 0.743958 0.547941 0.00973
305 0.743958 0.550734 0.00924969
306 0.743958 0.545296 0.0108183
307 0.743958 0.543699 0.00960017
308 0.743958 0.555619 0.00870836
309 0.743958 0.549072 0.0084301
310 0.743958 0.538802 0.00909493
311 0.743958 0.540664 0.0102446
312 0.743958 0.539577 0.00878295
313 0.743958 0.541654 0.0101121
314 0.743958 0.544605 0.00945438
315 0.743958 0.53954 0.0104087
316 0.743958 0.549917 0.00964915
317 0.743958 0.549692 0.00882081
318 0.743958 0.549516 0.00932544
319 0.743958 0.552678 0.0103964
320 0.743958 0.54763 0.0097552
321 0.743958 0.553906 0.00964086
322 0.743958 0.542489 0.00940659
323 0.743958 0.563908 0.0100502
324 0.743958 0.570519 0.0107931
325 0.743958 0.574189 0.00922251
326 0.743958 0.553979 0.00878144
327 0.743958 0.55152 0.00856609
328 0.743958 0.549418 0.0106333
329 0.743958 0.54007 0.0104834
330 0.743958 0.536238 0.0107397
331 0.743958 0.549555 0.0107226
332 0.743958 0.552741 0.0106647
333 0.743958 0.559901 0.0103205
334 0.743958 0.554421 0.010611
335 0.743958 0.552835 0.0107344
336 0.743958 0.546541 0.00998401
337 0.743958 0.544456 0.00977361
338 0.743958 0.546491 0.0109655
339 0.743958 0.550573 0.0100657
340 0.743958 0.557291 0.00992253
341 0.743958 0.554478 0.0106842
342 0.743958 0.53954 0.0104825
343 0.743958 0.543526 0.0116544
344 0.743958 0.550179 0.0124473
345 0.743958 0.544484 0.0110404
346 0.743958 0.550136 0.0105563
347 0.743958 0.559224 0.0103194
348 0.743958 0.55133 0.01093
349 0.743958 0.542669 0.0107089
350 0.743958 0.535056 0.0107521
351 0.743958 0.536005 0.00991826
352 0.743958 0.547329 0.0105953
353 0.743958 0.554034 0.0114875
354 0.743958 0.54828 0.0110161
355 0.743958 0.54428 0.0110668
356 0.743958 0.54931 0.00985596
357 0.743958 0.558425 0.00957298
358 0.743958 0.566982 0.00789796
359 0.743958 0.561089 0.0087538
360 0.743958 0.55184 0.0104722
361 0.743958 0.561265 0.00972094
362 0.743958 0.555157 0.0119347
363 0.743958 0.553885 0.0100972
364 0.743958 0.541136 0.00957603
365 0.743958 0.547531 0.0113471
366 0.743958 0.548574 0.0104648
367 0.743958 0.558521 0.0104083
368 0.743958 0.539647 0.0105448
369 0.743958 0.542323 0.0103201
370 0.743958 0.55174 0.0101793
371 0.743958 0.549141 0.00930527
372 0.743958 0.534386 0.0108852
373 0.743958 0.534191 0.0100159
374 0.743958 0.535792 0.0111001
375 0.743958 0.54223 0.011087
376 0.743958 0.540991 0.0120908
377 0.743958 0.541087 0.0115029
378 0.743958 0.542 0.0111493
379 0.743958 0.54331 0.010386
380 0.743958 0.536791 0.0104584
381 0.743958 0.539788 0.010643
382 0.751841 0.55758 0.0104498
383 0.751841 0.555452 0.00949127
384 0.751841 0.536247 0.00980341
385 0.751841 0.551339 0.00866706
386 0.751841 0.549544 0.00979342
387 0.751841 0.547924 0.00971036
388 0.751841 0.557024 0.0101102
389 0.751841 0.554736 0.0107535
390 0.751841 0.566406 0.00739942
391 0.751841 0.571829 0.0100832
392 0.751841 0.568477 0.00676016
393 0.751841 0.569492 0.00860708
394 0.751841 0.564769 0.00998831
395 0.751841 0.564616 0.0100123
396 0.751841 0.577977 0.00960065
397 0.751841 0.563654 0.00870908
398 0.751841 0.570434 0.00899927
399 0.751841 0.572362 0.0082639
400 0.751841 0.56974 0.00892244
401 0.751841 0.564584 0.00966785
402 0.751841 0.567364 0.00799644
403 0.751841 0.571253 0.00853701
404 0.751841 0.570016 0.00769877
405 0.751841 0.577706 0.00830446
406 0.751841 0.574212 0.00898127
407 0.751841 0.574621 0.00926514
408 0.751841 0.563471 0.00959612
409 0.751841 0.563142 0.0109392
410 0.751841 0.564405 0.00993649
411 0.751841 0.562906 0.0115835
412 0.751841 0.565715 0.0111457
413 0.751841 0.548395 0.0118155
414 0.751841 0.560116 0.0114581
415 0.751841 0.553122 0.0116321
416 0.751841 0.560171 0.0112226
417 0.751841 0.569276 0.0108
418 0.751841 0.576941 0.0100571
419 0.751841 0.575532 0.00902481
420 0.751841 0.58008 0.00992636
421 0.751841 0.574382 0.00865032
422 0.751841 0.573335 0.00860947
423 0.751841 0.58177 0.00841607
424 0.751841 0.574068 0.00966047
425 0.751841 0.578234 0.00913978
426 0.751841 0.566032 0.008604
427 0.751841 0.564494 0.0100025
428 0.751841 0.578979 0.00955265
429 0.751841 0.582221 0.00887073
430 0.751841 0.583398 0.0100439
431 0.751841 0.570907 0.00793932
432 0.751841 0.577061 0.00823208
433 0.751841 0.578921 0.0081865
434 0.751841 0.567977 0.00902733
435 0.751841 0.559173 0.0108659
436 0.760517 0.559993 0.0120756
437 0.760517 0.557288 0.0114683
438 0.760517 0.567678 0.0115604
439 0.760517 0.566263 0.00852855
440 0.760517 0.568921 0.0113103
441 0.760517 0.56823 0.00968535
442 0.760517 0.571715 0.0104976
443 0.760517 0.572647 0.0102251
444 0.762202 0.561167 0.0111175
445 0.762202 0.561511 0.0113769
446 0.762202 0.555262 0.0105882
447 0.762202 0.566315 0.0105572
448 0.762202 0.575575 0.0111296
449 0.762202 0.567068 0.0109407
450 0.762202 0.554455 0.0115945
451 0.762202 0.559266 0.0100146
452 0.762202 0.569063 0.0102467
453 0.762202 0.572913 0.0117859
454 0.762202 0.566788 0.011741
455 0.762202 0.566798 0.0121963
456 0.762202 0.569605 0.0100033
457 0.762202 0.580465 0.00998742
458 0.762202 0.580374 0.00970243
459 0.762202 0.579237 0.010409
460 0.762202 0.571941 0.00969227
461 0.762202 0.565304 0.0104046
462 0.762202 0.56705 0.0101538
463 0.762202 0.564372 0.0113868
464 0.762202 0.565219 0.0129398
465 0.762202 0.590047 0.00994987
466 0.762202 0.586725 0.0105056
467 0.762202 0.57974 0.00942069
468 0.762202 0.585836 0.00995822
469 0.762202 0.571828 0.0128233
470 0.762202 0.57079 0.0129648
471 0.762202 0.566484 0.0134027
472 0.762202 0.559331 0.0149134
473 0.762202 0.570322 0.0119661
474 0.762202 0.579515 0.0107142
475 0.762202 0.568361 0.0108642
476 0.762202 0.562048 0.0118729
477 0.762202 0.577913 0.00989399
478 0.762202 0.582944 0.01022
479 0.762202 0.571853 0.011234
480 0.762202 0.574154 0.0109734
481 0.762202 0.570232 0.011957
482 0.762202 0.564596 0.0126799
483 0.762202 0.568459 0.0123138
484 0.762202 0.569247 0.0129267
485 0.762202 0.571353 0.0139604
486 0.762202 0.556988 0.0122365
487 0.762202 0.561629 0.0123043
488 0.762202 0.556182 0.0122614
489 0.762202 0.565433 0.0122948
490 0.762202 0.561638 0.0106989
491 0.762202 0.569727 0.0113299
492 0.762202 0.561839 0.00976923
493 0.762202 0.565883 0.010528
494 0.762202 0.573178 0.0112014
495 0.76246 0.577255 0.0104381
496 0.76246 0.577151 0.00971589
497 0.76246 0.582912 0.0103719
498 0.76246 0.584398 0.00944304
499 0.76246 0.581438 0.0101561
500 0.76246 0.574383 0.0110451
501 0.76246 0.579708 0.0101221
502 0.76246 0.585701 0.008656
503 0.76246 0.592964 0.00992545
504 0.76246 0.577467 0.0117077
505 0.76246 0.580358 0.0106154
506 0.76246 0.578454 0.0115384
507 0.76246 0.577568 0.0115584
508 0.770946 0.584716 0.00940665
509 0.770946 0.581596 0.00949846
510 0.770946 0.583746 0.0114636
511 0.770946 0.588001 0.00892084
512 0.770946 0.574695 0.00945579
513 0.770946 0.588546 0.0108194
514 0.770946 0.589821 0.00928095
515 0.770946 0.584904 0.00952983
516 0.770946 0.572872 0.0109856
517 0.770946 0.577236 0.00965196
518 0.770946 0.579598 0.00984579
519 0.770946 0.582259 0.0106975
520 0.770946 0.57771 0.0107472
521 0.770946 0.581612 0.00838259
522 0.770946 0.569689 0.00999917
523 0.770946 0.575219 0.00973264
524 0.770946 0.583645 0.00956563
525 0.770946 0.57629 0.0120403
526 0.770946 0.58243 0.00911057
527 0.770946 0.574882 0.00969327
528 0.770946 0.579296 0.00808915
529 0.770946 0.581524 0.00880146
530 0.770946 0.588757 0.00933468
531 0.770946 0.57642 0.011095
532 0.770946 0.580242 0.0126692
533 0.770946 0.570333 0.0113181
534 0.770946 0.58428 0.00932995
535 0.770946 0.591752 0.00864908
536 0.770946 0.590121 0.01069
537 0.770946 0.583978 0.0110204
538 0.770946 0.581459 0.0113418
539 0.770946 0.595124 0.0114431
540 0.770946 0.583104 0.01041
541 0.770946 0.586018 0.00980004
542 0.770946 0.599818 0.00878313
543 0.770946 0.586442 0.0101763
544 0.770946 0.593736 0.00999808
545 0.770946 0.58545 0.00991821
546 0.770946 0.589642 0.0105111
547 0.770946 0.591247 0.0121946
548 0.770946 0.594829 0.0105046
549 0.770946 0.593711 0.010642
550 0.770946 0.595976 0.00960251
551 0.770946 0.590121 0.00999138
552 0.770946 0.596281 0.0101678
553 0.770946 0.591458 0.00991889
554 0.770946 0.587604 0.0109921
555 0.770946 0.592083 0.00962837
556 0.770946 0.587557 0.0114993
557 0.770946 0.586316 0.0110503
558 0.770946 0.597524 0.0109117
559 0.770946 0.596487 0.0111814
560 0.770946 0.578242 0.010576
561 0.770946 0.584296 0.0100664
562 0.770946 0.588497 0.010376
563 0.770946 0.589087 0.00827946
564 0.770946 0.57234 0.0109715
565 0.770946 0.568511 0.0111383
566 0.770946 0.569578 0.0122062
567 0.770946 0.563236 0.0120672
568 0.770946 0.564997 0.0123956
569 0.770946 0.573938 0.0123868
570 0.770946 0.565866 0.011639
571 0.770946 0.567668 0.0118073
572 0.770946 0.576477 0.0109308
573 0.770946 0.57057 0.0133092
574 0.770946 0.560463 0.01167
575 0.770946 0.566873 0.0117815
576 0.770946 0.563894 0.0111352
577 0.770946 0.568711 0.0114189
578 0.770946 0.557069 0.0119051
579 0.770946 0.574224 0.0107243
580 0.770946 0.581976 0.00953872
581 0.770946 0.578447 0.0103478
582 0.770946 0.574664 0.0113628
583 0.770946 0.563971 0.0103306
584 0.770946 0.561289 0.0126657
585 0.770946 0.568588 0.0123081
586 0.770946 0.580704 0.011474
587 0.770946 0.569506 0.0116526
588 0.770946 0.561851 0.0110089
589 0.770946 0.573457 0.0118546
590 0.770946 0.563117 0.0103832
591 0.77199 0.564845 0.0135434
592 0.77199 0.567805 0.0119343
593 0.77199 0.582343 0.0104689
594 0.77199 0.578999 0.0109292
595 0.772031 0.583722 0.0110458
596 0.772031 0.581449 0.0112253
597 0.772031 0.570645 0.0125757
598 0.772031 0.575552 0.011903
599 0.772031 0.571829 0.0110764
600 0.772031 0.572857 0.0115349
601 0.772031 0.578639 0.0105664
602 0.772031 0.587972 0.0105308
603 0.772031 0.588222 0.00911365
604 0.772031 0.592867 0.0102522
605 0.772031 0.604869 0.0102075
606 0.772031 0.602397 0.0100632
607 0.772031 0.598101 0.0114733
608 0.772031 0.605882 0.0109159
609 0.772031 0.586719 0.0113535
610 0.772031 0.581019 0.0120199
611 0.772031 0.586247 0.0120366
612 0.772031 0.583806 0.0116664
613 0.772031 0.591338 0.0110382
614 0.772031 0.584417 0.0119465
615 0.772031 0.588255 0.0097848
616 0.772031 0.58965 0.0103993
617 0.772031 0.586535 0.0105194
618 0.772031 0.582468 0.00960971
619 0.772031 0.57413 0.0101723
620 0.772031 0.594902 0.0100728
621 0.772031 0.603008 0.0104895
622 0.772031 0.603219 0.0102737
623 0.772031 0.598854 0.0125969
624 0.772031 0.590491 0.0116022
625 0.772417 0.57923 0.0119378
626 0.772417 0.580254 0.0116306
627 0.772417 0.588663 0.0106448
628 0.772417 0.576712 0.0112888
629 0.773653 0.572204 0.0115433
630 0.773653 0.584939 0.0113048
631 0.773653 0.567771 0.00986026
632 0.773653 0.584758 0.0100229
633 0.773653 0.578363 0.0110531
634 0.773653 0.579823 0.0102612
635 0.773653 0.576457 0.0102168
636 0.773653 0.583409 0.0111472
637 0.773653 0.573841 0.0114277
638 0.773653 0.573826 0.0109531
639 0.773653 0.590091 0.00979363
640 0.773653 0.591565 0.00826909
641 0.773653 0.591217 0.00963647
642 0.773653 0.59227 0.00994828
643 0.773653 0.588024 0.00918395
644 0.773653 0.582092 0.0103428
645 0.773653 0.566507 0.01132
646 0.773653 0.574681 0.0103625
647 0.776228 0.577336 0.011975
648 0.776228 0.580518 0.0107382
649 0.776228 0.58938 0.01118
650 0.776228 0.580537 0.00958112
651 0.776228 0.597119 0.00902428
652 0.776228 0.580149 0.0104317
653 0.776228 0.579256 0.012757
654 0.776228 0.567299 0.0110699
655 0.776228 0.579309 0.0110487
656 0.776228 0.56911 0.0132959
657 0.776228 0.581079 0.0116615
658 0.776228 0.575022 0.012162
659 0.776228 0.55675 0.0107598
660 0.776228 0.557607 0.0116022
661 0.776228 0.563841 0.011864
662 0.776228 0.558059 0.0147381
663 0.776228 0.57298 0.013806
664 0.776228 0.565922 0.013128
665 0.776228 0.566852 0.0134754
666 0.776228 0.568681 0.0112069
667 0.776228 0.562929 0.0098788
668 0.776228 0.560502 0.00994876
669 0.776228 0.579011 0.011962
670 0.776228 0.577373 0.0118361
671 0.776228 0.570968 0.0127506
672 0.776228 0.570483 0.0116495
673 0.776228 0.575956 0.0128704
674 0.776228 0.575153 0.0131706
675 0.776228 0.562481 0.0120666
676 0.776228 0.556638 0.010565
677 0.776228 0.567695 0.0111652
678 0.776228 0.578226 0.010256
679 0.776228 0.573447 0.01071
680 0.776228 0.58232 0.0125283
681 0.776228 0.576166 0.0129082
682 0.776228 0.584775 0.0111634
683 0.776228 0.585685 0.0106834
684 0.776228 0.577693 0.00989978
685 0.776228 0.571368 0.0102144
686 0.776228 0.576536 0.0115932
687 0.776228 0.571226 0.00999347
688 0.776228 0.584791 0.0107622
689 0.776228 0.59688 0.00884325
690 0.776228 0.591618 0.0118068
691 0.776228 0.596063 0.0112472
692 0.776228 0.589216 0.0117889
693 0.776228 0.601741 0.0100873
694 0.776228 0.596353 0.00966126
695 0.776228 0.579295 0.0105382
696 0.776228 0.5747 0.00957641
697 0.776228 0.565841 0.0101669
698 0.776228 0.579686 0.011542
699 0.776228 0.564991 0.0101919
700 0.777369 0.568879 0.0126218
701 0.777369 0.577182 0.011717
702 0.777369 0.575037 0.0118098
703 0.777369 0.583255 0.0112241
704 0.781166 0.583408 0.0114767
705 0.781166 0.584344 0.0114851
706 0.781166 0.580122 0.0122077
707 0.781166 0.568197 0.0120634
708 0.781166 0.568772 0.0141692
709 0.781166 0.564711 0.0140032
710 0.781166 0.566276 0.0146453
711 0.781166 0.579106 0.013428
712 0.781166 0.580067 0.0120343
713 0.781166 0.572701 0.0130424
714 0.781166 0.568041 0.013554
715 0.781166 0.580168 0.0127348
716 0.781166 0.579476 0.011181
717 0.781166 0.583389 0.0107112
718 0.781166 0.580456 0.0114158
719 0.781166 0.582134 0.0128303
720 0.781166 0.583483 0.00929697
721 0.781166 0.58296 0.0124961
722 0.781166 0.596316 0.0121856
723 0.781166 0.596348 0.0111344
724 0.781166 0.59099 0.0100787
725 0.781166 0.591148 0.0113031
726 0.781166 0.588298 0.010595
727 0.781166 0.589358 0.0110307
728 0.781166 0.583092 0.010337
729 0.781166 0.594692 0.0119131
730 0.781166 0.588046 0.0116112
731 0.781166 0.581102 0.0106251
732 0.781166 0.583462 0.0101328
733 0.781166 0.586009 0.0117318
734 0.781166 0.588081 0.0106641
735 0.781166 0.586965 0.0104309
736 0.781166 0.578269 0.0117869
737 0.781166 0.577625 0.0113767
738 0.781166 0.576882 0.0103294
739 0.781166 0.571984 0.0125307
740 0.781166 0.572701 0.0136765
741 0.781166 0.567261 0.0117913
742 0.781166 0.566252 0.0122128
743 0.781166 0.570698 0.0115682
744 0.781166 0.575008 0.0128211
745 0.781166 0.56746 0.0115632
746 0.781166 0.574375 0.0129468
747 0.781166 0.584573 0.0123237
748 0.781166 0.587787 0.0100273
749 0.781166 0.575417 0.00978554
750 0.781166 0.579607 0.0113236
751 0.781166 0.587639 0.0122861
752 0.781166 0.588194 0.0120642
753 0.781166 0.581338 0.0114823
754 0.781166 0.578535 0.0150011
755 0.781166 0.593518 0.0132083
756 0.781166 0.583954 0.0126436
757 0.781166 0.578562 0.0131136
758 0.781166 0.574498 0.0132035
759 0.781166 0.577405 0.0126422
760 0.781166 0.577747 0.0119896
761 0.781166 0.576672 0.0109363
762 0.781166 0.580794 0.0111139
763 0.781166 0.58768 0.0112208
764 0.781166 0.591229 0.011955
765 0.781166 0.578783 0.0110763
766 0.781166 0.568083 0.0105281
767 0.781166 0.571219 0.0117725
768 0.781166 0.57463 0.011763
769 0.781166 0.573968 0.0133157
770 0.781166 0.581843 0.0124271
771 0.781166 0.572787 0.0112768
772 0.781166 0.594041 0.00893599
773 0.781166 0.602001 0.00866698
774 0.781166 0.585443 0.00871272
775 0.781166 0.585345 0.00979213
776 0.781166 0.576514 0.0109845
777 0.781166 0.576786 0.00919197
778 0.781166 0.568607 0.01271
779 0.781166 0.568829 0.0113617
780 0.781166 0.572717 0.0119086
781 0.781166 0.562132 0.0121398
782 0.781166 0.557142 0.0113637
783 0.781166 0.578572 0.0118277
784 0.781166 0.575313 0.0127713
785 0.781166 0.570554 0.0123043
786 0.781166 0.576077 0.012662
787 0.781166 0.584247 0.0111599
788 0.781166 0.5759 0.0116519
789 0.781166 0.58927 0.014211
790 0.781166 0.575668 0.0123726
791 0.781166 0.575071 0.0115475
792 0.781166 0.579001 0.0110464
793 0.781166 0.577744 0.0111134
794 0.781166 0.590751 0.00956045
795 0.781166 0.59136 0.010264
796 0.781166 0.590217 0.00991343
797 0.781166 0.590898 0.00893547
798 0.781166 0.585702 0.0106077
799 0.781166 0.589845 0.0103321
800 0.781166 0.574999 0.0115077
801 0.781166 0.571998 0.0116825
802 0.781166 0.57724 0.0135269
803 0.781166 0.583415 0.0119052
804 0.781166 0.586587 0.0125016
805 0.781166 0.592863 0.0103042
806 0.781166 0.592737 0.01113
807 0.781166 0.572686 0.0113918
808 0.781166 0.563096 0.0102239
809 0.781166 0.576461 0.0115028
810 0.781166 0.586209 0.0100104
811 0.781166 0.57434 0.0113849
812 0.781166 0.570856 0.0111074
813 0.781166 0.595736 0.0109157
814 0.781166 0.581301 0.0111878
815 0.781166 0.592189 0.0117432
816 0.781166 0.575358 0.012043
817 0.781166 0.576906 0.011402
818 0.781166 0.586637 0.0132395
819 0.781166 0.57695 0.0116237
820 0.781166 0.565109 0.0110219
821 0.781166 0.583988 0.0120712
822 0.781166 0.590689 0.0121382
823 0.781166 0.581487 0.0107684
824 0.781166 0.586611 0.0111822
825 0.781166 0.576617 0.010369
826 0.781166 0.577071 0.0117298
827 0.781166 0.576201 0.00991987
828 0.781166 0.57682 0.0120141
829 0.781166 0.568536 0.0115643
830 0.781166 0.577808 0.0107383
831 0.781166 0.573153 0.010595
832 0.781166 0.565375 0.0125736
833 0.781166 0.574843 0.0115051
834 0.781166 0.587099 0.011149
835 0.781166 0.574831 0.0113207
836 0.781166 0.57976 0.0125306
837 0.781166 0.585176 0.00929597
838 0.781166 0.589778 0.00966954
839 0.781166 0.599571 0.00998307
840 0.781166 0.593293 0.00927104
841 0.781166 0.596203 0.0111589
842 0.781166 0.594258 0.0105747
843 0.781166 0.59482 0.0101544
844 0.781166 0.596057 0.00987254
845 0.781166 0.586758 0.00949039
846 0.781166 0.584304 0.0106689
847 0.781166 0.587595 0.0114411
848 0.781166 0.590143 0.0113303
849 0.781166 0.586602 0.0117822
850 0.781166 0.574697 0.0115005
851 0.781166 0.574298 0.0115719
852 0.781166 0.590285 0.0109108
853 0.781166 0.602051 0.0113627
854 0.781166 0.592426 0.0121385
855 0.781166 0.584079 0.0116798
856 0.781166 0.579297 0.0114418
857 0.781166 0.602012 0.00994884
858 0.781166 0.590775 0.010261
859 0.781166 0.587291 0.0109828
860 0.781166 0.594225 0.0110441
861 0.781166 0.595308 0.00900576
862 0.781166 0.589579 0.00934995
863 0.781166 0.592374 0.0099548
864 0.781166 0.58146 0.0103738
865 0.781166 0.591775 0.00947659
866 0.781166 0.587208 0.0116419
867 0.781166 0.592382 0.0100562
868 0.781166 0.591681 0.0129178
869 0.781166 0.577899 0.0131351
870 0.781166 0.571727 0.0137406
871 0.781166 0.590438 0.0141606
872 0.781166 0.563649 0.0119632
873 0.781166 0.563686 0.0136918
874 0.781166 0.573278 0.0123762
875 0.781166 0.565936 0.0118059
876 0.781166 0.581895 0.0113569
877 0.781166 0.581649 0.0113643
878 0.781166 0.58872 0.0116055
879 0.784444 0.589401 0.0114122
880 0.784444 0.583995 0.00999209
881 0.784444 0.582426 0.0118197
882 0.784444 0.57309 0.0126931
883 0.784444 0.563985 0.0116574
884 0.784444 0.570321 0.0124398
885 0.784444 0.57916 0.0135498
886 0.784444 0.569583 0.0121615
887 0.784444 0.579651 0.0104399
888 0.784444 0.579789 0.0109147
889 0.784444 0.569906 0.00942313
890 0.784444 0.576277 0.0109087
891 0.784444 0.575551 0.0117537
892 0.784444 0.578309 0.0121042
893 0.784444 0.581468 0.0103633
894 0.784444 0.574381 0.0106864
895 0.784444 0.565443 0.0118983
896 0.784444 0.575275 0.0127994
897 0.784444 0.578862 0.0129159
898 0.784444 0.567304 0.0130396
899 0.784444 0.564025 0.0116903
900 0.784444 0.571798 0.0116723
901 0.784444 0.579016 0.0116456
902 0.784444 0.58091 0.0116731
903 0.784444 0.594359 0.0128249
904 0.784444 0.588042 0.0120653
905 0.784444 0.591438 0.0104698
906 0.784444 0.582157 0.0115211
907 0.784444 0.571094 0.0107192
908 0.784444 0.564905 0.0114778
909 0.784444 0.571916 0.0113994
910 0.784444 0.576692 0.0105597
911 0.784444 0.576715 0.0104843
912 0.784444 0.583017 0.0099223
913 0.784444 0.584018 0.0102193
914 0.784444 0.595312 0.0115165
915 0.784444 0.595154 0.0102956
916 0.784444 0.594029 0.00862175
917 0.784444 0.590318 0.0106144
918 0.784444 0.583335 0.0103148
919 0.784444 0.575663 0.0111421
920 0.784444 0.594075 0.0118026
921 0.784444 0.593199 0.0101972
922 0.784444 0.57273 0.00961709
923 0.784444 0.582254 0.0118069
924 0.784444 0.593246 0.0111965
925 0.784444 0.582801 0.0123476
926 0.784444 0.583583 0.0104465
927 0.784444 0.588619 0.0111205
928 0.784444 0.591048 0.00991024
929 0.784444 0.599641 0.00915283
930 0.784444 0.597795 0.00818591
931 0.784444 0.602016 0.00855368
932 0.784444 0.601714 0.00845037
933 0.784444 0.613001 0.00897718
934 0.784444 0.599369 0.0109108
935 0.784444 0.60881 0.0100736
936 0.784444 0.59848 0.00943732
937 0.784444 0.596869 0.0113081
938 0.784444 0.611597 0.0108327
939 0.784444 0.607413 0.0114729
940 0.784444 0.586797 0.0105152
941 0.784444 0.601306 0.0107938
942 0.784444 0.592939 0.00973283
943 0.784444 0.596859 0.0107231
944 0.784444 0.601646 0.0109266
945 0.784444 0.591213 0.00998886
946 0.784444 0.586084 0.00969057
947 0.784444 0.599361 0.00899177
948 0.784444 0.595128 0.0101515
949 0.784444 0.588877 0.0106905
950 0.784444 0.583229 0.00985553
951 0.784444 0.59295 0.0102587
952 0.784444 0.592702 0.0116403
953 0.784444 0.586683 0.010254
954 0.784444 0.597423 0.00989173
955 0.784444 0.606388 0.00975812
956 0.784444 0.593976 0.0106264
957 0.784444 0.5842 0.0105983
958 0.784444 0.583198 0.011565
959 0.784444 0.584356 0.0103732
960 0.784444 0.586127 0.00924879
961 0.784444 0.601345 0.00777953
962 0.784444 0.60489 0.00820022
963 0.784444 0.585866 0.0107527
964 0.784444 0.58346 0.00930119
965 0.784444 0.594119 0.0109953
966 0.784444 0.594009 0.01114
967 0.784444 0.58705 0.0117415
968 0.784444 0.587496 0.0125593
969 0.784444 0.584211 0.0111301
970 0.784444 0.578671 0.0113571
971 0.784444 0.583694 0.0108885
972 0.784444 0.590446 0.0114392
973 0.784444 0.578899 0.0125018
974 0.784444 0.572012 0.0115347
975 0.784444 0.591273 0.0120505
976 0.784444 0.587851 0.0127682
977 0.784444 0.611604 0.0103288
978 0.784444 0.590673 0.012196
979 0.784444 0.590614 0.0117733
980 0.784444 0.572392 0.0121012
981 0.784444 0.571426 0.0128401
982 0.784444 0.569647 0.013537
983 0.784444 0.581471 0.0130443
984 0.784444 0.557315 0.0129862
985 0.784444 0.568524 0.0108191
986 0.784444 0.570892 0.0112366
987 0.784444 0.592148 0.0109078
988 0.784444 0.591002 0.0112302
989 0.784444 0.598405 0.0123055
990 0.784444 0.596964 0.01344
991 0.784444 0.586848 0.0110143
992 0.784444 0.589055 0.0120008
993 0.784444 0.585131 0.0104407
994 0.784444 0.587138 0.0105898
995 0.784444 0.583937 0.00975063
996 0.784444 0.582861 0.0109046
997 0.784444 0.572068 0.0127307
998 0.784444 0.574225 0.0116907
999 0.784444 0.574872 0.0127121
1000 0.784444 0.579966 0.0123413
