0 0.415637 0.251989 0.000770002
1 0.415637 0.25921 0.000975342
2 0.4493 0.268749 0.00191945
3 0.471607 0.271113 0.00279385
4 0.477096 0.27883 0.00448003
5 0.477096 0.287061 0.00573466
6 0.481583 0.28481 0.00546952
7 0.481583 0.291645 0.00667133
8 0.481583 0.29777 0.00747833
9 0.487537 0.306017 0.00876719
10 0.491796 0.302604 0.00950501
11 0.496983 0.308262 0.0107341
12 0.523125 0.316304 0.0131484
13 0.523125 0.32167 0.0117327
14 0.575271 0.324256 0.0130449
15 0.575271 0.318009 0.0116775
16 0.575271 0.326245 0.0131571
17 0.575271 0.335383 0.0160048
18 0.575271 0.32141 0.0152022
19 0.583787 0.33743 0.0155062
20 0.583787 0.321473 0.0155286
21 0.583787 0.316737 0.0148067
22 0.583787 0.320404 0.0167775
23 0.583787 0.318773 0.0172986
24 0.583787 0.319591 0.0146671
25 0.583787 0.328016 0.0167027
26 0.593658 0.329297 0.0177204
27 0.602686 0.339285 0.0190082
28 0.602686 0.334697 0.0183292
29 0.634705 0.331872 0.01917
30 0.634705 0.326394 0.0165367
31 0.634705 0.336816 0.0190181
32 0.634705 0.35887 0.0209347
33 0.634705 0.378445 0.0208464
34 0.634705 0.405968 0.022536
35 0.634705 0.391776 0.0217099
36 0.634705 0.405945 0.0226928
37 0.634705 0.407353 0.0226797
38 0.678307 0.424401 0.0250088
39 0.678307 0.440361 0.0215068
40 0.68739 0.447273 0.0210761
41 0.68739 0.467121 0.0200134
42 0.689142 0.493921 0.018139
43 0.689142 0.50627 0.0169804
44 0.696063 0.495014 0.0192712
45 0.696063 0.517891 0.019689
46 0.723608 0.535372 0.0180728
47 0.723608 0.53818 0.0167867
48 0.723608 0.55156 0.0144362
49 0.723608 0.549784 0.0134528
50 0.723608 0.543587 0.0130291
51 0.723608 0.558297 0.0133313
52 0.723608 0.574825 0.0109659
53 0.723608 0.585122 0.0116048
54 0.729061 0.577789 0.0113361
55 0.729103 0.572319 0.0110201
56 0.729103 0.577746 0.00972404
57 0.729103 0.586916 0.00936198
58 0.752716 0.599416 0.00850789
59 0.752716 0.602909 0.00894444
60 0.752716 0.606012 0.00866476
61 0.752716 0.603475 0.00856774
62 0.752716 0.604791 0.0084742
63 0.752716 0.607491 0.00898153
64 0.752716 0.586309 0.0105193
65 0.752716 0.595912 0.00999701
66 0.752716 0.607926 0.00718338
67 0.752716 0.608216 0.00803649
68 0.754139 0.612346 0.00851765
69 0.754139 0.620066 0.00746321
70 0.754139 0.629164 0.00762156
71 0.754139 0.633933 0.0059904
72 0.754139 0.620684 0.00733005
73 0.754139 0.613993 0.00897895
74 0.760784 0.618962 0.0081686
75 0.760784 0.624443 0.00833931
76 0.760784 0.62379 0.00908497
77 0.760784 0.632088 0.0104324
78 0.760784 0.626447 0.0119321
79 0.760784 0.640144 0.00961895
80 0.760784 0.64374 0.00830558
81 0.760784 0.64218 0.00676298
82 0.760784 0.64839 0.00698731
83 0.760784 0.641357 0.00653132
84 0.760784 0.643789 0.00774819
85 0.760784 0.652764 0.00839206
86 0.760784 0.644295 0.0088513
87 0.760784 0.645106 0.00906389
88 0.760784 0.656314 0.00855586
89 0.760784 0.659195 0.00714422
90 0.760784 0.654929 0.00625683
91 0.76292 0.641638 0.00853608
92 0.76292 0.644016 0.00883873
93 0.76292 0.65174 0.00647517
94 0.76292 0.659042 0.0051024
95 0.76292 0.662541 0.00570117
96 0.76292 0.663423 0.0058278
97 0.76292 0.659775 0.00695357
98 0.76292 0.665995 0.00551462
99 0.76292 0.660244 0.00571293
100 0.76292 0.66141 0.00513034
101 0.76292 0.666216 0.00477339
102 0.763004 0.660164 0.00659709
103 0.763004 0.668125 0.00516474
104 0.763004 0.663982 0.00574711
105 0.763004 0.668982 0.00623124
106 0.763004 0.6675 0.0046644
107 0.763004 0.658305 0.00656725
108 0.763022 0.66055 0.00666498
109 0.763022 0.66076 0.00697069
110 0.763022 0.657885 0.00690872
111 0.763022 0.656577 0.00762168
112 0.763022 0.663124 0.0053692
113 0.764316 0.652245 0.00621641
114 0.764316 0.655007 0.0055038
115 0.764316 0.66146 0.0056035
116 0.764316 0.650747 0.00715248
117 0.764316 0.660839 0.00520504
118 0.764316 0.67124 0.00542397
119 0.764316 0.671642 0.00570603
120 0.764316 0.668027 0.00630838
121 0.764316 0.668026 0.00576535
122 0.764316 0.653757 0.0074785
123 0.764316 0.653747 0.00665259
124 0.764316 0.655551 0.00697917
125 0.764316 0.654215 0.00631306
126 0.764316 0.657242 0.00790527
127 0.764316 0.652905 0.00533952
128 0.764316 0.66122 0.00577455
129 0.764316 0.657846 0.00509185
130 0.764316 0.65969 0.00449185
131 0.764316 0.656854 0.00758223
132 0.764316 0.658952 0.00504078
133 0.764721 0.663679 0.00570139
134 0.764721 0.66972 0.00609429
135 0.764721 0.679052 0.00464491
136 0.764721 0.680971 0.00372669
137 0.764721 0.66976 0.00377173
138 0.766534 0.660346 0.0073476
139 0.766534 0.659389 0.00550216
140 0.766534 0.667643 0.00561
141 0.766534 0.666684 0.00536058
142 0.766534 0.665047 0.0049701
143 0.766534 0.658194 0.00591746
144 0.766534 0.65612 0.00585964
145 0.766534 0.650764 0.00617429
146 0.772304 0.660385 0.00658111
147 0.772304 0.657854 0.00815914
148 0.772304 0.66341 0.00712201
149 0.772304 0.658729 0.00724875
150 0.772304 0.67247 0.00521058
151 0.772304 0.66085 0.0062126
152 0.772304 0.648224 0.0074242
153 0.772304 0.64881 0.00748751
154 0.772304 0.65577 0.00568022
155 0.772304 0.639835 0.010198
156 0.772304 0.637623 0.00849363
157 0.772304 0.63983 0.0113674
158 0.772304 0.633517 0.0120251
159 0.772304 0.638631 0.0124427
160 0.772304 0.648114 0.0106176
161 0.772304 0.638811 0.0095233
162 0.772304 0.645152 0.00952538
163 0.772304 0.66148 0.0092944
164 0.772304 0.667827 0.00655714
165 0.772304 0.663011 0.00702732
166 0.772304 0.668575 0.00631551
167 0.772304 0.660118 0.00690509
168 0.772304 0.646482 0.00950275
169 0.772304 0.643948 0.0100533
170 0.772304 0.647197 0.00913495
171 0.772304 0.653646 0.00981103
172 0.772304 0.640057 0.0109491
173 0.772304 0.641718 0.00724222
174 0.772304 0.6581 0.0071741
175 0.772304 0.649796 0.00687414
176 0.772304 0.651966 0.00695931
177 0.772304 0.66861 0.00488787
178 0.772304 0.66862 0.00529239
179 0.772304 0.648133 0.00789989
180 0.772304 0.660706 0.0064056
181 0.772304 0.650384 0.00665966
182 0.772304 0.649309 0.00824149
183 0.772304 0.651267 0.00755231
184 0.772304 0.653056 0.00622381
185 0.772304 0.65757 0.00647582
186 0.772304 0.663216 0.00690582
187 0.772304 0.6698 0.00599814
188 0.772304 0.673002 0.00689983
189 0.772304 0.673874 0.00760062
190 0.772304 0.660212 0.00660433
191 0.772304 0.656022 0.00776938
192 0.772304 0.661162 0.0078701
193 0.772304 0.666089 0.00733495
194 0.772304 0.664985 0.00658557
195 0.772304 0.679606 0.00585212
196 0.772304 0.676918 0.00558881
197 0.772304 0.673879 0.00609808
198 0.772304 0.679055 0.00476981
199 0.772304 0.677839 0.00563457
200 0.772304 0.675064 0.00686964
201 0.772304 0.675589 0.00669492
202 0.772304 0.66295 0.00703627
203 0.772304 0.653566 0.00747721
204 0.772304 0.668242 0.00633732
205 0.772304 0.660424 0.00797795
206 0.772304 0.66164 0.00636092
207 0.772304 0.657232 0.00738654
208 0.772304 0.664693 0.00650108
209 0.772304 0.669252 0.00462414
210 0.772304 0.663055 0.00536809
211 0.772304 0.659209 0.00638652
212 0.772304 0.649754 0.00931939
213 0.772304 0.649802 0.00786635
214 0.772304 0.658146 0.00778493
215 0.772304 0.657126 0.00767476
216 0.772304 0.662456 0.00540281
217 0.772304 0.65661 0.00631557
218 0.772304 0.651221 0.00756443
219 0.772304 0.662102 0.00676873
220 0.772304 0.657823 0.00673783
221 0.772304 0.656719 0.00767397
222 0.772304 0.653458 0.00756119
223 0.772304 0.668578 0.00547378
224 0.772304 0.67512 0.00473227
225 0.772304 0.675183 0.00508914
226 0.772304 0.666566 0.00489725
227 0.772304 0.679721 0.00489264
228 0.772304 0.678791 0.004949
229 0.772304 0.686618 0.00560914
230 0.772304 0.671809 0.00556682
231 0.772304 0.68107 0.00463266
232 0.772304 0.674654 0.00549309
233 0.772304 0.66363 0.00672418
234 0.772304 0.659723 0.0058591
235 0.772304 0.659875 0.00597362
236 0.772304 0.659681 0.0073478
237 0.772304 0.662865 0.00628702
238 0.772304 0.661719 0.00787396
239 0.772304 0.67091 0.00627003
240 0.772304 0.660805 0.00565336
241 0.772304 0.662299 0.00629982
242 0.772304 0.662113 0.0070554
243 0.772304 0.660571 0.00704554
244 0.772304 0.659672 0.00655073
245 0.772304 0.655683 0.00773888
246 0.772304 0.666013 0.00638678
247 0.772304 0.665091 0.00696097
248 0.772304 0.649144 0.00944057
249 0.772304 0.653837 0.00760729
250 0.772304 0.653001 0.00885282
251 0.772304 0.655368 0.00762858
252 0.772304 0.664423 0.0076673
253 0.772304 0.67182 0.00592786
254 0.772304 0.67946 0.00606885
255 0.772304 0.67498 0.00638011
256 0.772304 0.665569 0.00579644
257 0.772304 0.681185 0.00456132
258 0.772304 0.674569 0.00501334
259 0.772304 0.666547 0.00542083
260 0.772304 0.67712 0.00408726
261 0.772304 0.670348 0.00510072
262 0.772304 0.667886 0.00603472
263 0.772304 0.650121 0.00821945
264 0.772304 0.640489 0.00897251
265 0.772304 0.65489 0.00755141
266 0.772304 0.649449 0.00926517
267 0.772304 0.649945 0.0079534
268 0.772304 0.651162 0.00982227
269 0.772304 0.655505 0.00696476
270 0.772304 0.649025 0.00724764
271 0.772304 0.656888 0.00777222
272 0.772304 0.665766 0.00650116
273 0.772304 0.651989 0.00924431
274 0.772304 0.661701 0.00729739
275 0.772304 0.672045 0.00671853
276 0.772304 0.660516 0.00775856
277 0.772304 0.661094 0.00656149
278 0.772304 0.670042 0.00494826
279 0.772304 0.667434 0.00631052
280 0.772304 0.667356 0.00741643
281 0.772304 0.665651 0.00583185
282 0.772304 0.670698 0.00508622
283 0.772304 0.653478 0.00846519
284 0.772304 0.653754 0.00732032
285 0.772304 0.653189 0.00792958
286 0.772304 0.645098 0.0081295
287 0.772304 0.647725 0.00760408
288 0.772304 0.657119 0.0067677
289 0.772304 0.670278 0.00506857
290 0.772304 0.657164 0.0069356
291 0.772304 0.659934 0.00625132
292 0.772304 0.660976 0.00709696
293 0.772304 0.666808 0.00815418
294 0.772304 0.65583 0.00762738
295 0.772304 0.648642 0.0111496
296 0.772304 0.653857 0.00798369
297 0.772304 0.648029 0.00817696
298 0.772304 0.662716 0.00650589
299 0.772304 0.65637 0.00720446
300 0.772304 0.660124 0.0063284
301 0.772304 0.653509 0.00665266
302 0.772304 0.660843 0.00563586
303 0.772304 0.656114 0.00626884
304 0.772304 0.648016 0.00715506
305 0.772304 0.652743 0.00770968
306 0.772304 0.648537 0.0081596
307 0.772304 0.662876 0.00633285
308 0.772304 0.666326 0.00655548
309 0.772304 0.653431 0.00684358
310 0.772304 0.650813 0.00889779
311 0.772304 0.655178 0.00666349
312 0.772304 0.661504 0.00575732
313 0.772304 0.661249 0.00478682
314 0.772304 0.650931 0.00579463
315 0.774274 0.65708 0.00679742
316 0.774274 0.669733 0.00587318
317 0.774274 0.671527 0.00411604
318 0.774274 0.671287 0.00448009
319 0.774274 0.669619 0.00645417
320 0.774274 0.678012 0.00448778
321 0.774274 0.668276 0.00554351
322 0.774274 0.653811 0.00726644
323 0.774274 0.65609 0.00699934
324 0.774274 0.646526 0.00852805
325 0.774274 0.632492 0.0095646
326 0.774274 0.63305 0.0107908
327 0.774274 0.644714 0.0101405
328 0.774274 0.648084 0.0103001
329 0.774274 0.652532 0.00985213
330 0.774274 0.662262 0.00734824
331 0.774274 0.666716 0.00693672
332 0.774274 0.657362 0.00916528
333 0.774274 0.651158 0.00830476
334 0.774274 0.649165 0.00815475
335 0.774274 0.645529 0.00828619
336 0.774274 0.655274 0.00974513
337 0.774274 0.656151 0.00941269
338 0.774274 0.660752 0.00874351
339 0.774274 0.656999 0.00811102
340 0.774274 0.676762 0.0059139
341 0.774274 0.677304 0.00540628
342 0.774274 0.668128 0.00670782
343 0.774274 0.665668 0.0070592
344 0.774274 0.659444 0.00996409
345 0.774274 0.655958 0.00991885
346 0.774274 0.651319 0.00957772
347 0.774274 0.65307 0.00781249
348 0.774274 0.666265 0.00715542
349 0.774274 0.666127 0.00602905
350 0.774274 0.667021 0.00699342
351 0.774274 0.668177 0.00641844
352 0.774274 0.670717 0.00568099
353 0.774274 0.669633 0.00603528
354 0.774274 0.664185 0.00570902
355 0.774274 0.663026 0.0053812
356 0.774274 0.663543 0.00822184
357 0.774274 0.657484 0.00930484
358 0.774274 0.669919 0.00671741
359 0.774274 0.664229 0.00569852
360 0.774274 0.666592 0.00603497
361 0.774274 0.663899 0.00542419
362 0.774274 0.665021 0.00680474
363 0.774274 0.65413 0.00832804
364 0.774274 0.654443 0.00727921
365 0.774274 0.644883 0.00755802
366 0.774274 0.648586 0.00769174
367 0.774274 0.653045 0.00730286
368 0.774274 0.648122 0.00972429
369 0.774274 0.641534 0.0102194
370 0.774274 0.645255 0.00933163
371 0.774274 0.656927 0.00836434
372 0.774274 0.664633 0.00749745
373 0.774274 0.653538 0.00917928
374 0.774274 0.660802 0.00829965
375 0.774274 0.644764 0.0102031
376 0.774274 0.652564 0.00897247
377 0.774274 0.662413 0.0087056
378 0.774274 0.673594 0.00551155
379 0.774274 0.678537 0.00472876
380 0.774274 0.658185 0.00675834
381 0.774274 0.642486 0.0080332
382 0.774274 0.643673 0.00739755
383 0.774274 0.664082 0.00622492
384 0.774274 0.658908 0.00684294
385 0.774274 0.661603 0.00614603
386 0.774274 0.657361 0.00722195
387 0.774274 0.655606 0.00841935
388 0.774274 0.654957 0.00903845
389 0.774274 0.664843 0.006985
390 0.774274 0.660075 0.00713481
391 0.774274 0.66867 0.006591
392 0.774274 0.672907 0.00611429
393 0.774274 0.670069 0.0064308
394 0.774274 0.677247 0.00443768
395 0.774274 0.681805 0.00549689
396 0.774274 0.669761 0.00536313
397 0.774274 0.665036 0.00538613
398 0.774274 0.665631 0.00736392
399 0.774274 0.660762 0.00749902
400 0.774274 0.65667 0.0089119
401 0.774274 0.660101 0.00713999
402 0.774274 0.664877 0.00660362
403 0.774274 0.657338 0.00719071
404 0.774274 0.657096 0.00677756
405 0.774274 0.657251 0.00647595
406 0.774274 0.659264 0.00743719
407 0.774274 0.657105 0.00793307
408 0.774274 0.667615 0.00622167
409 0.774274 0.651023 0.00759587
410 0.774274 0.646964 0.00744879
411 0.774762 0.643786 0.00910638
412 0.774762 0.637675 0.0112123
413 0.774762 0.648499 0.0108071
414 0.774762 0.653614 0.00903928
415 0.774762 0.662653 0.00595528
416 0.774762 0.656038 0.00534081
417 0.774762 0.672707 0.00549474
418 0.774921 0.671581 0.00526439
419 0.774921 0.67124 0.00526395
420 0.77515 0.672379 0.00586458
421 0.77515 0.670161 0.00535444
422 0.77515 0.660703 0.00698586
423 0.77515 0.664491 0.00704116
424 0.77515 0.670142 0.00583082
425 0.77515 0.657022 0.00750634
426 0.77515 0.662121 0.00616653
427 0.77515 0.661367 0.0063532
428 0.77515 0.649606 0.00869849
429 0.77515 0.649939 0.00875575
430 0.77515 0.651389 0.00893362
431 0.77515 0.644947 0.0111173
432 0.77515 0.642297 0.0114649
433 0.77515 0.640621 0.0100625
434 0.77515 0.642131 0.00937655
435 0.77515 0.641745 0.0105666
436 0.77515 0.66321 0.0076992
437 0.77515 0.658003 0.00692377
438 0.77515 0.660795 0.0064192
439 0.77515 0.656113 0.00928167
440 0.77515 0.651461 0.0081813
441 0.77515 0.653087 0.00912274
442 0.77515 0.640844 0.00819383
443 0.77515 0.652015 0.0077013
444 0.77515 0.647556 0.00887159
445 0.77515 0.650577 0.0100488
446 0.77515 0.654739 0.00826434
447 0.77515 0.646586 0.0107121
448 0.77515 0.644081 0.00982344
449 0.77515 0.65375 0.00816224
450 0.775184 0.661103 0.00699813
451 0.775184 0.655758 0.00710799
452 0.775184 0.657396 0.00689621
453 0.775184 0.656722 0.00866888
454 0.775184 0.653213 0.0104657
455 0.775184 0.656049 0.00949525
456 0.775184 0.651302 0.00933705
457 0.775184 0.645629 0.00908899
458 0.775184 0.651279 0.00910376
459 0.775184 0.668949 0.00692511
460 0.775184 0.67337 0.00606531
461 0.775184 0.661356 0.00812457
462 0.775184 0.659308 0.00875469
463 0.775184 0.6691 0.00719559
464 0.775184 0.669331 0.00709807
465 0.775184 0.662958 0.00777591
466 0.775184 0.663028 0.00675145
467 0.775184 0.654301 0.00892316
468 0.775184 0.651691 0.00864908
469 0.775184 0.657997 0.00772216
470 0.775184 0.657626 0.0072027
471 0.775184 0.669945 0.00603484
472 0.775184 0.663591 0.00591748
473 0.775184 0.672531 0.00659751
474 0.775184 0.675493 0.00617187
475 0.775184 0.665546 0.0075097
476 0.775184 0.664969 0.00757146
477 0.775184 0.680456 0.00519292
478 0.775184 0.669622 0.00614437
479 0.775184 0.657261 0.0067713
480 0.775184 0.658871 0.00738688
481 0.77521 0.659625 0.00853652
482 0.77521 0.660787 0.00708611
483 0.77521 0.650014 0.00875222
484 0.77521 0.651673 0.00884244
485 0.77521 0.644246 0.00804008
486 0.77521 0.66296 0.00617745
487 0.77521 0.673415 0.00517957
488 0.77521 0.651061 0.0070822
489 0.77521 0.656102 0.00667877
490 0.77521 0.666495 0.005803
491 0.77521 0.654693 0.00662136
492 0.77521 0.653403 0.00667483
493 0.77521 0.659424 0.00628812
494 0.77521 0.647506 0.007578
495 0.77521 0.64672 0.00810699
496 0.77521 0.643487 0.00841721
497 0.77521 0.651008 0.00845273
498 0.77521 0.655305 0.00826246
499 0.77521 0.657515 0.00605136
500 0.77521 0.65855 0.0067169
501 0.77521 0.670918 0.0047455
502 0.77521 0.653314 0.00835707
503 0.77521 0.647752 0.0092077
504 0.77521 0.639382 0.0100566
505 0.77521 0.649334 0.00908345
506 0.77521 0.655379 0.00685112
507 0.77521 0.657604 0.00713671
508 0.77521 0.649008 0.00928497
509 0.77521 0.653264 0.00901307
510 0.77521 0.659685 0.00619022
511 0.775522 0.646996 0.00911219
512 0.775522 0.649827 0.00855746
513 0.775522 0.659623 0.00810469
514 0.775522 0.663446 0.00672922
515 0.775522 0.658786 0.006736
516 0.775522 0.653503 0.00696951
517 0.775522 0.666434 0.00629165
518 0.775522 0.668315 0.00520843
519 0.775522 0.655228 0.00659434
520 0.775522 0.660528 0.00734488
521 0.775522 0.659681 0.00681071
522 0.775522 0.649252 0.00675906
523 0.775522 0.665361 0.00655068
524 0.775522 0.655608 0.00558877
525 0.775522 0.658215 0.00627484
526 0.775522 0.661133 0.00618491
527 0.775522 0.662259 0.00668515
528 0.775522 0.6695 0.0054884
529 0.775522 0.66055 0.00632566
530 0.775522 0.667416 0.00600988
531 0.775522 0.663787 0.00487969
532 0.775522 0.677723 0.0043435
533 0.775522 0.669148 0.00454093
534 0.775522 0.664003 0.00500743
535 0.775522 0.661833 0.00556796
536 0.775522 0.660642 0.00570259
537 0.775522 0.658833 0.00647962
538 0.775522 0.65463 0.00610178
539 0.775522 0.656692 0.00730998
540 0.775522 0.669332 0.0062468
541 0.775522 0.676192 0.00579755
542 0.775522 0.666652 0.00742776
543 0.775522 0.663891 0.00656087
544 0.775522 0.651562 0.00923684
545 0.775522 0.657943 0.0071274
546 0.775522 0.662815 0.00844291
547 0.775522 0.6561 0.00773544
548 0.775522 0.659633 0.00750225
549 0.775522 0.66153 0.00672225
550 0.775522 0.658488 0.00769644
551 0.775522 0.64832 0.0093708
552 0.775522 0.649197 0.0088047
553 0.775522 0.647786 0.0108134
554 0.775522 0.642633 0.0120279
555 0.775522 0.651616 0.00977664
556 0.775522 0.659764 0.00864154
557 0.775522 0.647549 0.00795573
558 0.775522 0.658067 0.00836531
559 0.775522 0.660582 0.00790641
560 0.775522 0.658451 0.00793824
561 0.775522 0.661302 0.00651927
562 0.775522 0.657763 0.00715426
563 0.775522 0.670276 0.00564272
564 0.775522 0.658083 0.00679703
565 0.775522 0.658751 0.00753254
566 0.775522 0.647178 0.00888095
567 0.775522 0.670792 0.00649242
568 0.775522 0.673004 0.00563911
569 0.775522 0.667489 0.0061993
570 0.775522 0.664179 0.00699786
571 0.775522 0.665996 0.00718909
572 0.775522 0.6543 0.0120169
573 0.775522 0.655749 0.00846934
574 0.775522 0.660328 0.00821226
575 0.775522 0.66108 0.0085634
576 0.775522 0.664745 0.00760118
577 0.775522 0.65322 0.0096531
578 0.775522 0.681284 0.00543398
579 0.775522 0.662371 0.00688383
580 0.775522 0.661761 0.00577891
581 0.775522 0.654411 0.00647156
582 0.775522 0.661988 0.00636894
583 0.775522 0.665225 0.00658052
584 0.775522 0.655029 0.00805545
585 0.775522 0.655331 0.0100949
586 0.775522 0.666262 0.00726177
587 0.775522 0.65871 0.00799757
588 0.775522 0.665344 0.00648421
589 0.775522 0.66948 0.00704185
590 0.775522 0.660834 0.00735969
591 0.775522 0.660969 0.00721055
592 0.775522 0.653997 0.00838007
593 0.775522 0.654439 0.00819774
594 0.775522 0.652219 0.00835706
595 0.775522 0.659114 0.0075133
596 0.775522 0.660784 0.00795933
597 0.775522 0.642115 0.00880864
598 0.775522 0.633874 0.0101845
599 0.775522 0.63852 0.00981242
600 0.775522 0.644958 0.00940544
601 0.775522 0.640405 0.00881503
602 0.775522 0.629503 0.00861716
603 0.775522 0.644511 0.00880314
604 0.775522 0.649686 0.00835605
605 0.775522 0.628492 0.0111243
606 0.775522 0.624799 0.0113557
607 0.775522 0.640955 0.00961657
608 0.775522 0.642401 0.00871411
609 0.775522 0.644083 0.00861072
610 0.775522 0.637551 0.00985326
611 0.775522 0.635405 0.0134989
612 0.775522 0.636946 0.0120336
613 0.775522 0.652301 0.0095724
614 0.776306 0.649083 0.0102913
615 0.776306 0.650124 0.0104235
616 0.776306 0.640203 0.0108491
617 0.776306 0.655271 0.00800144
618 0.776306 0.647346 0.00789201
619 0.776306 0.638354 0.00963382
620 0.776306 0.625793 0.0110167
621 0.776306 0.64935 0.00795149
622 0.776306 0.657388 0.00911658
623 0.776306 0.648193 0.00734421
624 0.776306 0.661484 0.0063784
625 0.776306 0.661997 0.00782443
626 0.776306 0.667666 0.00823218
627 0.776306 0.672856 0.00788804
628 0.776306 0.659577 0.00796536
629 0.776306 0.645511 0.00927035
630 0.776306 0.655664 0.00956657
631 0.776306 0.660618 0.00872945
632 0.776306 0.658763 0.00907343
633 0.776306 0.660818 0.00900595
634 0.776306 0.655428 0.00850465
635 0.776306 0.670437 0.00634502
636 0.776306 0.654881 0.00914208
637 0.776306 0.663501 0.00594832
638 0.776306 0.654712 0.00869281
639 0.776306 0.645926 0.0109182
640 0.776306 0.653357 0.00832976
641 0.776306 0.667657 0.00730671
642 0.776568 0.655177 0.0102352
643 0.776568 0.64486 0.010865
644 0.776568 0.652475 0.00958946
645 0.776568 0.663109 0.00882363
646 0.776568 0.645586 0.00875278
647 0.776568 0.646633 0.0105506
648 0.776568 0.638726 0.010958
649 0.776568 0.627398 0.0133525
650 0.776568 0.640036 0.0105479
651 0.776568 0.637445 0.0108524
652 0.776568 0.654989 0.00930499
653 0.776568 0.659355 0.00638034
654 0.776568 0.649464 0.00811486
655 0.776568 0.635525 0.0102832
656 0.776568 0.640861 0.0105508
657 0.777458 0.650566 0.0106438
658 0.777458 0.66197 0.00806219
659 0.777458 0.656116 0.00744712
660 0.777458 0.661122 0.00586991
661 0.777458 0.659417 0.00858111
662 0.777458 0.649431 0.0106731
663 0.777458 0.646878 0.0105219
664 0.777458 0.634179 0.010566
665 0.777458 0.652958 0.00799903
666 0.777458 0.6575 0.00664512
667 0.777458 0.649792 0.00718918
668 0.777458 0.650819 0.00775153
669 0.777458 0.659312 0.00748851
670 0.777458 0.662311 0.0073172
671 0.777458 0.668847 0.00606814
672 0.777458 0.678091 0.00443456
673 0.777458 0.660303 0.00752638
674 0.777458 0.66442 0.00800076
675 0.777458 0.673778 0.00740781
676 0.777609 0.667198 0.00781486
677 0.777609 0.666419 0.00638187
678 0.777609 0.655344 0.00741631
679 0.777609 0.637879 0.00868591
680 0.777609 0.653253 0.00822672
681 0.777609 0.658402 0.00921779
682 0.777609 0.662525 0.00872657
683 0.777609 0.665629 0.00672171
684 0.777609 0.663295 0.00937741
685 0.777609 0.657184 0.00823055
686 0.777609 0.652968 0.00727596
687 0.777609 0.666813 0.00575377
688 0.777609 0.658552 0.00660849
689 0.777609 0.663283 0.00570402
690 0.777609 0.660236 0.00745193
691 0.777609 0.661035 0.00956057
692 0.777609 0.65973 0.00784189
693 0.777609 0.66992 0.00748259
694 0.777609 0.667175 0.00738529
695 0.777609 0.66371 0.00745602
696 0.777609 0.646266 0.00728225
697 0.777609 0.65481 0.00766502
698 0.777609 0.659593 0.00657457
699 0.778147 0.661796 0.00737498
700 0.781345 0.660084 0.00765863
701 0.781345 0.647956 0.0108672
702 0.781345 0.668987 0.00723435
703 0.781345 0.662579 0.00717215
704 0.781345 0.665986 0.00921074
705 0.781345 0.652151 0.0107483
706 0.781345 0.665256 0.0101134
707 0.781345 0.63911 0.0120158
708 0.781345 0.638268 0.0126359
709 0.781345 0.634605 0.0134989
710 0.781345 0.643314 0.0137773
711 0.781345 0.653976 0.0117062
712 0.781345 0.63722 0.0119271
713 0.781345 0.645923 0.0117066
714 0.781345 0.652787 0.0104922
715 0.781345 0.656137 0.00841089
716 0.781345 0.648749 0.00826474
717 0.781345 0.63018 0.00946434
718 0.781345 0.645737 0.00884029
719 0.781345 0.65181 0.00772006
720 0.781345 0.65262 0.00912956
721 0.781345 0.650176 0.00880468
722 0.781345 0.652228 0.00795195
723 0.781345 0.667702 0.00886617
724 0.781345 0.652375 0.00921063
725 0.781345 0.675648 0.00671001
726 0.781345 0.664873 0.00752442
727 0.781345 0.667096 0.00696603
728 0.781345 0.667177 0.00751449
729 0.781345 0.658323 0.00875599
730 0.781345 0.660715 0.00816976
731 0.781345 0.655182 0.00821181
732 0.781345 0.653287 0.00788541
733 0.781345 0.652716 0.00684558
734 0.781345 0.648683 0.00849616
735 0.781345 0.646139 0.00877967
736 0.781345 0.651347 0.00818856
737 0.781345 0.656426 0.00655563
738 0.781345 0.656789 0.00653462
739 0.781345 0.655979 0.00757003
740 0.781345 0.656409 0.00798554
741 0.781345 0.66072 0.00725786
742 0.781345 0.649838 0.00819389
743 0.781345 0.650583 0.0102874
744 0.781345 0.651081 0.00992959
745 0.781345 0.647982 0.0110768
746 0.781345 0.642277 0.010216
747 0.781345 0.650639 0.00989868
748 0.781345 0.650657 0.0104633
749 0.781345 0.66028 0.00796616
750 0.781345 0.655305 0.00795572
751 0.781345 0.659719 0.00856225
752 0.781345 0.656294 0.0085935
753 0.781345 0.652677 0.00767741
754 0.781345 0.652355 0.00818106
755 0.781345 0.658844 0.00627368
756 0.781345 0.666472 0.00583384
757 0.781345 0.661377 0.00679632
758 0.781345 0.661883 0.0078857
759 0.781345 0.661389 0.00739098
760 0.781345 0.652336 0.00816442
761 0.781345 0.661681 0.00732445
762 0.781345 0.673559 0.00582127
763 0.781345 0.66617 0.00650772
764 0.781345 0.659725 0.00739371
765 0.781345 0.654614 0.00928938
766 0.781345 0.657975 0.00879307
767 0.781345 0.662769 0.00840724
768 0.781345 0.658582 0.00901402
769 0.781345 0.648125 0.00942803
770 0.781345 0.64846 0.00901316
771 0.781345 0.648721 0.010394
772 0.781345 0.632831 0.0108768
773 0.781345 0.654366 0.0070611
774 0.781345 0.649768 0.00889145
775 0.781345 0.650945 0.0086103
776 0.781345 0.65853 0.00788095
777 0.781345 0.654652 0.00926767
778 0.781345 0.651797 0.00845752
779 0.781345 0.650749 0.00976608
780 0.781345 0.645682 0.00870976
781 0.781345 0.653262 0.00935066
782 0.781345 0.648609 0.00931419
783 0.781345 0.653438 0.00973187
784 0.781345 0.652555 0.00976839
785 0.781345 0.654435 0.00928461
786 0.781345 0.63765 0.00941228
787 0.781345 0.634854 0.00887006
788 0.781345 0.651802 0.00778747
789 0.781345 0.646958 0.0093221
790 0.781345 0.65661 0.0087124
791 0.781345 0.646787 0.0108645
792 0.781345 0.637276 0.00925342
793 0.781345 0.648019 0.00826545
794 0.781345 0.657236 0.00723538
795 0.781345 0.650399 0.00686609
796 0.781345 0.655845 0.00809799
797 0.781345 0.648076 0.00936159
798 0.781345 0.645169 0.0108087
799 0.781345 0.657004 0.00873698
800 0.781345 0.653953 0.00894419
801 0.781345 0.663252 0.00594487
802 0.781345 0.66032 0.00837441
803 0.781345 0.658045 0.00804163
804 0.781345 0.66152 0.00771173
805 0.781345 0.665145 0.00719379
806 0.781345 0.667889 0.00613259
807 0.781345 0.662305 0.0061778
808 0.781345 0.655836 0.00744507
809 0.781345 0.654595 0.00712319
810 0.781345 0.667296 0.00564625
811 0.781345 0.670013 0.00532843
812 0.781345 0.658235 0.00658367
813 0.781345 0.668689 0.00488595
814 0.781345 0.677829 0.00448948
815 0.781345 0.663703 0.00550375
816 0.781345 0.646924 0.00590036
817 0.781345 0.645871 0.00871458
818 0.781345 0.637136 0.0096803
819 0.781345 0.644486 0.00929774
820 0.781345 0.653261 0.00816518
821 0.781345 0.66564 0.00792032
822 0.781345 0.657568 0.00732536
823 0.781345 0.659878 0.00622659
824 0.781345 0.663296 0.00655104
825 0.782376 0.661978 0.00653748
826 0.782376 0.666409 0.00725636
827 0.782376 0.674822 0.00660024
828 0.782376 0.67103 0.00606071
829 0.782376 0.667506 0.00622889
830 0.782376 0.656951 0.00696977
831 0.782376 0.657018 0.00794772
832 0.782376 0.662411 0.00761908
833 0.782376 0.664173 0.00875053
834 0.782376 0.666957 0.00887336
835 0.782376 0.669705 0.00773095
836 0.782376 0.662644 0.00844735
837 0.782376 0.648999 0.00924132
838 0.782376 0.650302 0.00918211
839 0.782376 0.652706 0.00760688
840 0.782376 0.64893 0.00865167
841 0.782376 0.643528 0.00933033
842 0.782376 0.636632 0.00928406
843 0.782376 0.646964 0.0104324
844 0.782376 0.650012 0.00950282
845 0.782376 0.660381 0.00786172
846 0.782376 0.642876 0.00994479
847 0.782376 0.641108 0.0109468
848 0.782376 0.65885 0.00903533
849 0.782376 0.642577 0.0110424
850 0.782376 0.65577 0.00826779
851 0.782376 0.651588 0.00718262
852 0.782376 0.660699 0.00910796
853 0.782376 0.644647 0.0099363
854 0.782376 0.644474 0.00912816
855 0.782376 0.65415 0.00858502
856 0.782376 0.661953 0.00646145
857 0.782376 0.662707 0.00601229
858 0.782376 0.650066 0.00715982
859 0.782376 0.640796 0.00892873
860 0.782376 0.646001 0.00707792
861 0.782376 0.643762 0.00822824
862 0.782376 0.65092 0.00655842
863 0.782376 0.6609 0.00734353
864 0.782376 0.652448 0.00823731
865 0.782376 0.643673 0.00879349
866 0.782376 0.643672 0.00834602
867 0.782376 0.659194 0.00813336
868 0.782376 0.654497 0.00771757
869 0.782376 0.665655 0.0061081
870 0.782376 0.66388 0.00714546
871 0.782376 0.663951 0.00761884
872 0.782376 0.667796 0.00704048
873 0.782376 0.653626 0.00897709
874 0.782376 0.669741 0.0066655
875 0.782376 0.665907 0.00651657
876 0.782376 0.669005 0.00586144
877 0.782376 0.662545 0.00633998
878 0.782376 0.656451 0.00721034
879 0.782376 0.659946 0.00866954
880 0.782376 0.676349 0.00635616
881 0.782376 0.67672 0.00606029
882 0.782376 0.665048 0.00749602
883 0.782376 0.665474 0.00627653
884 0.782376 0.648505 0.00821607
885 0.782376 0.650076 0.00869214
886 0.782376 0.660805 0.00835128
887 0.782376 0.663505 0.00983943
888 0.782376 0.641008 0.0125273
889 0.782376 0.639475 0.0127263
890 0.782376 0.631555 0.0152641
891 0.782376 0.643413 0.0112393
892 0.782376 0.643474 0.011204
893 0.782376 0.645803 0.011243
894 0.782376 0.636763 0.0129037
895 0.782376 0.626664 0.0138897
896 0.782376 0.640051 0.0111618
897 0.782376 0.629162 0.0127884
898 0.782376 0.629335 0.0119244
899 0.782376 0.633553 0.0120625
900 0.782376 0.648692 0.0099011
901 0.782376 0.634967 0.0113459
902 0.782376 0.641501 0.00989833
903 0.782376 0.644829 0.0110831
904 0.782376 0.636202 0.012956
905 0.782376 0.634466 0.0138842
906 0.782376 0.651888 0.00818298
907 0.782376 0.666975 0.00629501
908 0.782376 0.650215 0.00790011
909 0.782376 0.630915 0.00993399
910 0.782471 0.643494 0.00891778
911 0.782471 0.633255 0.0119142
912 0.782471 0.649617 0.00889063
913 0.782471 0.648506 0.0104808
914 0.782471 0.640791 0.0106948
915 0.7834 0.647806 0.0088514
916 0.7834 0.6553 0.00710219
917 0.7834 0.653084 0.00781877
918 0.7834 0.670344 0.00602568
919 0.7834 0.654949 0.00944605
920 0.7834 0.660554 0.00867862
921 0.7834 0.659413 0.0066015
922 0.7834 0.667094 0.00671812
923 0.7834 0.66473 0.00577281
924 0.7834 0.659578 0.00704387
925 0.7834 0.655849 0.00775851
926 0.7834 0.651094 0.00911157
927 0.7834 0.654576 0.00800425
928 0.7834 0.649019 0.0101114
929 0.7834 0.652946 0.0100379
930 0.7834 0.657355 0.00900272
931 0.7834 0.637254 0.0108761
932 0.7834 0.653295 0.00812646
933 0.7834 0.65402 0.00794898
934 0.7834 0.661254 0.00683927
935 0.7834 0.661792 0.00668161
936 0.7834 0.673604 0.00685691
937 0.7834 0.672813 0.00573651
938 0.7834 0.684819 0.00477329
939 0.7834 0.670907 0.0069504
940 0.7834 0.678403 0.00782558
941 0.7834 0.673781 0.00800725
942 0.783492 0.671644 0.00615958
943 0.783492 0.662871 0.00749165
944 0.783492 0.649927 0.00847277
945 0.783492 0.652442 0.00864341
946 0.783492 0.656961 0.00964822
947 0.783492 0.655419 0.0103381
948 0.783492 0.6553 0.00918149
949 0.783492 0.640947 0.0099923
950 0.783492 0.63983 0.0110162
951 0.783492 0.650174 0.0102319
952 0.783492 0.635843 0.00993248
953 0.783492 0.647936 0.00950913
954 0.783492 0.642376 0.0101516
955 0.783492 0.638374 0.0115717
956 0.783492 0.64576 0.0100863
957 0.783492 0.621398 0.0133154
958 0.783492 0.644293 0.0103457
959 0.783492 0.65138 0.011052
960 0.783492 0.648165 0.0105633
961 0.783492 0.636294 0.0141452
962 0.783492 0.647499 0.0107924
963 0.783492 0.640108 0.0108506
964 0.783492 0.64787 0.00922419
965 0.783492 0.650097 0.0102271
966 0.783492 0.646764 0.0105654
967 0.783492 0.637714 0.011076
968 0.783492 0.635213 0.0130625
969 0.783492 0.636397 0.0123096
970 0.783492 0.642547 0.0110018
971 0.783585 0.637416 0.0125095
972 0.783585 0.644203 0.00950776
973 0.783585 0.642821 0.0117822
974 0.783585 0.657123 0.0122796
975 0.783585 0.641781 0.0120114
976 0.783585 0.642657 0.0114886
977 0.783585 0.629045 0.0104091
978 0.783825 0.651942 0.00949066
979 0.783825 0.64782 0.00887728
980 0.783825 0.63657 0.00980311
981 0.783825 0.658397 0.00913346
982 0.783825 0.642744 0.0101235
983 0.783825 0.650258 0.00766849
984 0.783825 0.644955 0.00818395
985 0.783825 0.668535 0.00581962
986 0.783825 0.662946 0.0078737
987 0.783825 0.669329 0.00699638
988 0.784069 0.659587 0.00842738
989 0.784069 0.667744 0.00691057
990 0.784069 0.667894 0.00756337
991 0.784069 0.668281 0.00669365
992 0.784069 0.672578 0.00612398
993 0.784069 0.672168 0.00637898
994 0.784069 0.644986 0.0105269
995 0.784069 0.641295 0.011504
996 0.784069 0.645759 0.0098581
997 0.784069 0.646359 0.0120419
998 0.784069 0.642172 0.0111732
999 0.784069 0.651191 0.00751867
1000 0.784069 0.651056 0.00879361
