-1.584104185283485011e-01
-1.586347945120784586e-01
3.071613135452639504e-02
2.455723782505302710e-01
-2.043108323980104557e-01
-2.526479473282430832e-01
-2.636835668568383029e-01
2.172765011496859567e-03
6.171180240096975356e-02
1.747175091448770756e-01
7.122272219471710575e-02
5.561287635132573515e-01
7.701077562392012466e-01
-7.603800107702748945e-02
2.855747121107480302e-01
5.253036065871016236e-01
5.402278944768024171e-01
-4.076138895639373066e-02
-2.961207351934479551e-02
-1.714431148075007960e-01
-3.410152568348952529e-01
1.413413415350892877e-01
8.357438898148028539e-02
3.632789645829448411e-01
8.837196085817351776e-02
1.369380490037616638e-01
2.335424963399259646e-01
1.749234727165785430e-01
-2.656171989380364806e-01
-2.615539378600323928e-01
2.828696406373995553e-01
9.923652091562019939e-02
-1.987027502962222525e-01
-1.963978853475687181e-01
-1.861488817174518640e-01
4.146632449939773868e-01
-4.860846863676180907e-01
-1.624025785198718319e-01
-5.860293106822791337e-02
3.687024200446176736e-01
-5.466012147565271762e-02
-1.737182885689059486e-01
2.299188646726706697e-01
1.246583571029080822e-01
-2.355851199820155600e-03
-1.567626199986475732e-01
-1.503310892739800064e-01
5.171616278471741213e-01
5.771309521056219305e-01
1.589691129200596631e-01
1.570867112774422258e-01
4.185334712540410285e-02
-1.894191244724183210e-01
-2.034422868199837198e-01
-1.850472766966388682e-01
-8.718497230837833623e-02
-1.791511117141199039e-01
-3.852184986222442764e-01
-1.628631935807941522e-01
-5.963423147900009241e-02
1.477858442828387624e-02
-6.061988110747912328e-02
1.837420495017469124e-01
-8.065714623283449462e-04
-1.139784710079259356e-01
4.244532779797439981e-02
-1.486661380861136472e-01
-1.916954478080478974e-01
-2.423350469998104550e-01
-2.601974608605417960e-01
-2.543481293490182926e-01
-4.460643378867198278e-02
-1.866379657733271691e-01
-1.922092212346609985e-01
-1.923096936158471271e-01
-1.440950034571668315e-01
4.810870832157414928e-02
1.792245711429055199e-02
9.894322190913035220e-02
-5.950791302704645097e-02
8.494373306503211207e-02
5.678424389029410602e-01
-1.735716674733596698e-01
1.708734195197216810e-01
7.798160546615369448e-02
-3.848500347377931119e-02
-1.772502541317709235e-01
-2.180006678109348006e-01
-2.315012869858701638e-01
-1.773475586748507471e-01
7.076492006867861617e-01
8.089157951008741909e-01
-1.726959213512777036e-01
5.222142159419473906e-01
3.719423181108009180e-01
2.577831637575154766e-01
1.016358561660232231e-02
-1.383494747138943604e-01
5.370680199334454397e-01
1.795818874261654874e-01
-5.374796728306792393e-02
-1.593979360648871690e-01
1.121050361689851088e-01
1.333915805706652469e-01
6.402991444380344566e-02
9.093107524170009892e-01
-1.890224737001936287e-02
-2.010242838182649261e-01
-1.808853373178965773e-01
-1.922651148061100060e-02
-9.714719521725197204e-02
-5.398915011403213754e-02
-2.261089665719811514e-01
-2.184244876760289278e-01
-4.246181040655777061e-01
-6.668627483268593000e-04
-7.693575571295446780e-02
-2.194686988227397273e-01
-7.820736774036929351e-02
1.205970311590952027e-01
1.790545711253837269e-01
1.366291491277179804e-01
3.030588265095274583e-02
8.490122798034210883e-02
-1.551475304999944405e-01
-1.237646299050712412e-01
-4.571122218340210874e-02
-1.159812456193831526e-01
-1.023819801817596326e-01
-2.562103019324319941e-01
-2.699474488266588312e-01
-4.290845112413115281e-01
-1.910549559727282506e-02
-9.490964857642933405e-02
-1.278587366120111646e-01
-9.647833620690129952e-02
1.671189793665909806e-01
1.789053479774116717e-01
7.807150383270189398e-02
7.191679739761364099e-02
7.075287423619305294e-01
-1.164423920264133078e-01
-7.720790889679121638e-02
5.761289739779883456e-01
-1.673575555734652387e-01
-1.868766726512261500e-01
1.596992448789706989e-02
8.124130123342213072e-02
-2.149072952579559118e-02
-9.938197213199595481e-02
-1.292611776777047861e-01
-1.010245797207281332e-01
6.687757089351027417e-01
-4.497676953187535465e-01
-2.480780674386327544e-01
-3.618485562149625911e-02
-1.133153657562522149e-01
-2.568265343728462491e-01
5.990162322352622359e-01
-3.592780242818493369e-02
7.013157544778791941e-02
2.243522854935745339e-02
9.519147182421329456e-02
-8.715570675931096079e-02
-9.919937842762331648e-02
-1.937997434524676640e-02
-1.008389711030694136e-01
3.693257805411025996e-01
-6.312322099829397182e-01
-7.357570117348566363e-02
-4.321605847124909694e-02
5.872423335162666458e-01
-3.058018819085939755e-01
2.686142117613657399e-01
1.967685114286277515e-01
3.555577961128593145e-01
-2.658533662686372590e-01
-2.574112765673535752e-01
4.256078263412079177e-01
5.111176239455070824e-01
-9.100285071864126774e-02
-8.120120513795157924e-02
2.232409938947547967e-01
1.156321000872609361e-01
-9.583507968488580789e-03
-4.939215175114561318e-02
5.688363944339944744e-01
2.726331259639501736e-01
2.084486307290686624e-01
1.776885095742165681e-03
6.649565996281522895e-02
4.675025353743361145e-01
1.198278243357733946e-01
-7.230202373229688284e-02
9.900378547505489513e-02
7.890584451005337729e-02
1.119977897020290603e-01
8.644433055318655190e-02
9.801592707582747199e-02
3.890685586599813145e-02
1.739797770387659093e-01
2.945638855657800037e-01
2.298243820892355571e-01
-7.641778590512851577e-02
-1.261059097717398825e-01
-7.768083560644463426e-02
2.868285620834964411e-01
-5.493155908841300672e-01
4.664768675082237026e-02
-6.158347672917385829e-02
6.592878073980535936e-01
-1.110419100607719645e-01
1.946804788487627724e-01
2.526472465782343413e-01
4.915656216847001936e-01
-6.961232276458433066e-02
-7.469777744757459537e-02
-5.724254982795121127e-02
-1.415510314265299718e-01
1.552386775482586800e-01
9.466434104072390943e-02
-9.941900034302152134e-02
2.063656769679096115e-01
3.347589361352341641e-01
5.139652784240229533e-01
-9.040948855972621989e-02
-6.999192406908523456e-02
-8.078829883353068342e-02
-3.376887012078047534e-01
-5.354946552350602074e-02
9.543239024204870635e-02
-1.808338151702075791e-01
-6.394756957155961485e-02
-4.216464842820882852e-02
4.859011371214478903e-01
-6.237792861803184707e-02
-1.842406928163892454e-01
-4.328270707686416793e-03
7.835514559004548574e-02
-4.487633827837724659e-02
2.169201588622340360e-01
1.089488571595868954e-01
-3.758608334605505474e-01
1.124192883598159887e-01
-5.830824575496753454e-02
-1.917570745829366152e-01
-2.113901475360991863e-02
-1.509024494475355756e-02
-6.075188798589844369e-02
-1.870335492134755570e-03
-3.047768045627384861e-02
2.045988883411672954e-01
-4.230022871888628466e-01
9.785871004893061109e-02
8.454747742676822775e-02
-5.288100419197728358e-02
-2.263336911545472604e-02
-6.493846498366219466e-02
7.837507593828314800e-02
5.235827493554710138e-02
2.603645123731324409e-02
-7.332562951066992629e-02
-1.025356524921558765e-01
9.919350617037070439e-02
1.405944083468334549e-01
4.102408147469072813e-02
-6.600254048297178600e-02
7.414227354123280322e-02
2.405013725534793298e-02
2.665642777807795266e-02
-4.619598528729778608e-01
-2.591712001199431570e-01
9.061256057743222181e-02
2.986939951484007469e-02
-1.204939052739008448e-01
-6.516101784061201219e-02
