0 0.403427 0.252973 0.000331517
1 0.403427 0.254271 0.000628385
2 0.403427 0.255372 0.0005286
3 0.407544 0.257923 0.000872051
4 0.407544 0.259754 0.000987826
5 0.423123 0.264714 0.00148468
6 0.424055 0.270257 0.00202752
7 0.424055 0.27155 0.00238352
8 0.424055 0.28067 0.00348242
9 0.424055 0.287021 0.00418844
10 0.451865 0.288934 0.00444776
11 0.466712 0.285065 0.00494729
12 0.475158 0.295901 0.00528155
13 0.475158 0.299555 0.00572643
14 0.475158 0.300054 0.00606038
15 0.47884 0.305738 0.00663434
16 0.514325 0.320608 0.00828447
17 0.527256 0.317988 0.00903696
18 0.527256 0.319195 0.00943146
19 0.527256 0.333802 0.0109404
20 0.537957 0.339499 0.0136443
21 0.537957 0.323896 0.0136633
22 0.537957 0.331078 0.0130116
23 0.538488 0.340462 0.0130731
24 0.538488 0.335085 0.0124064
25 0.545392 0.333517 0.013038
26 0.545392 0.341119 0.0139489
27 0.545392 0.352591 0.0154307
28 0.545392 0.359371 0.0147155
29 0.545392 0.372612 0.0147388
30 0.551874 0.369139 0.0166462
31 0.551874 0.362826 0.0165369
32 0.551874 0.364719 0.0151702
33 0.551874 0.36823 0.016508
34 0.551874 0.355144 0.0162599
35 0.551874 0.359154 0.015354
36 0.551951 0.372802 0.0164085
37 0.551951 0.390467 0.015309
38 0.555125 0.393392 0.016354
39 0.555125 0.396806 0.0163968
40 0.555125 0.398767 0.0166164
41 0.558605 0.396372 0.0172722
42 0.558754 0.41304 0.0161137
43 0.558754 0.405792 0.0154647
44 0.558754 0.421311 0.0153416
45 0.558754 0.421041 0.0127471
46 0.558754 0.435871 0.0105201
47 0.558754 0.447889 0.0103908
48 0.560163 0.456099 0.00901574
49 0.563879 0.463987 0.00902555
50 0.563879 0.46915 0.00833002
51 0.565872 0.459141 0.00940847
52 0.565872 0.473281 0.00826532
53 0.565872 0.481313 0.00668938
54 0.565872 0.474203 0.00628082
55 0.57575 0.478376 0.00671483
56 0.57575 0.475763 0.00786578
57 0.57575 0.480936 0.0072315
58 0.593892 0.488808 0.00592874
59 0.631551 0.490129 0.00619935
60 0.631551 0.499172 0.00604947
61 0.631551 0.496041 0.00570856
62 0.631551 0.494093 0.00590321
63 0.65642 0.495594 0.00674814
64 0.65642 0.480902 0.00871526
65 0.65642 0.496429 0.00811899
66 0.658107 0.501613 0.00853235
67 0.658107 0.492011 0.00913413
68 0.658546 0.491799 0.0100405
69 0.658546 0.476969 0.012614
70 0.663697 0.482399 0.0131194
71 0.666153 0.477959 0.0103706
72 0.666153 0.482056 0.0105534
73 0.679137 0.491694 0.0120307
74 0.679137 0.479088 0.0162073
75 0.706706 0.500429 0.0130666
76 0.706706 0.47987 0.01256
77 0.706706 0.485892 0.0153484
78 0.706706 0.484916 0.0166716
79 0.706706 0.506409 0.0151817
80 0.706706 0.509121 0.0136725
81 0.706706 0.502975 0.0168877
82 0.723764 0.501047 0.0162017
83 0.723764 0.503151 0.016211
84 0.723764 0.510636 0.0153687
85 0.723764 0.524514 0.0145148
86 0.723764 0.513067 0.0124154
87 0.723764 0.51189 0.0161612
88 0.723764 0.517009 0.0165185
89 0.728828 0.513592 0.0185995
90 0.732787 0.520735 0.0174411
91 0.73916 0.532868 0.0162712
92 0.73916 0.536764 0.0143572
93 0.73916 0.533493 0.0177443
94 0.741342 0.536216 0.0203988
95 0.759031 0.535635 0.0221574
96 0.759031 0.540095 0.0211803
97 0.784909 0.540266 0.0217404
98 0.784909 0.54607 0.0234966
99 0.784909 0.551197 0.0180379
100 0.784909 0.539253 0.0206652
101 0.784909 0.525003 0.0260415
102 0.786901 0.525222 0.0221594
103 0.786901 0.5287 0.024424
104 0.786901 0.499639 0.0261751
105 0.799251 0.49249 0.0313403
106 0.810206 0.51618 0.0222174
107 0.810206 0.526336 0.0246445
108 0.810206 0.526884 0.0272477
109 0.810206 0.537222 0.0264612
110 0.810206 0.521901 0.0276388
111 0.810206 0.538558 0.0300552
112 0.833148 0.548835 0.0271755
113 0.833148 0.523052 0.0291976
114 0.833148 0.530015 0.0265952
115 0.833148 0.532161 0.033713
116 0.833148 0.530319 0.0311353
117 0.833148 0.561714 0.0253278
118 0.833148 0.571814 0.0255692
119 0.833148 0.555835 0.0304123
120 0.835785 0.552027 0.0285779
121 0.835785 0.561805 0.0247773
122 0.835785 0.5783 0.0242259
123 0.835785 0.560083 0.0295148
124 0.835785 0.564572 0.0344376
125 0.835785 0.566247 0.0290256
126 0.835785 0.575954 0.0336845
127 0.835785 0.587909 0.0328964
128 0.836895 0.578071 0.0351
129 0.853691 0.601268 0.0305663
130 0.856598 0.614982 0.0281031
131 0.856598 0.631526 0.0249549
132 0.858052 0.606416 0.0312888
133 0.858052 0.610229 0.0286816
134 0.858052 0.622488 0.0243424
135 0.858052 0.643921 0.0238083
136 0.859327 0.619976 0.0312141
137 0.859327 0.61848 0.028447
138 0.878747 0.614699 0.0309191
139 0.878747 0.631341 0.0287979
140 0.878747 0.637397 0.0275202
141 0.878747 0.627449 0.0269377
142 0.878747 0.63607 0.022495
143 0.878747 0.659277 0.0197649
144 0.878747 0.634841 0.0251961
145 0.878747 0.658285 0.0207577
146 0.878747 0.6428 0.0248769
147 0.878747 0.64976 0.0237977
148 0.878747 0.667911 0.0184162
149 0.878747 0.647366 0.0258074
150 0.878747 0.635332 0.0269628
151 0.878747 0.646155 0.0239448
152 0.878747 0.631095 0.020591
153 0.878747 0.621118 0.0268568
154 0.878747 0.65237 0.0246851
155 0.880317 0.640762 0.0282482
156 0.880317 0.636398 0.0291675
157 0.880317 0.644508 0.0274254
158 0.880317 0.660265 0.0174464
159 0.880317 0.648987 0.0256352
160 0.880317 0.649624 0.0285029
161 0.880317 0.645851 0.0264831
162 0.880317 0.625628 0.0305488
163 0.880317 0.625847 0.028211
164 0.880317 0.621419 0.0255425
165 0.880317 0.628231 0.0238747
166 0.880317 0.630775 0.0272379
167 0.880317 0.633053 0.0283798
168 0.880317 0.617795 0.0306609
169 0.880317 0.633419 0.0305482
170 0.880317 0.619324 0.0340069
171 0.880317 0.622418 0.0319133
172 0.880317 0.62566 0.0280616
173 0.880317 0.638904 0.025175
174 0.880317 0.632386 0.0252529
175 0.880317 0.626766 0.0254059
176 0.880317 0.648232 0.0236024
177 0.880894 0.657997 0.0236153
178 0.880894 0.651226 0.0282802
179 0.885774 0.655469 0.0288455
180 0.885774 0.667909 0.0231636
181 0.885774 0.656019 0.0229614
182 0.885774 0.653892 0.0293489
183 0.885774 0.643461 0.0272491
184 0.885774 0.662477 0.0303743
185 0.885774 0.656135 0.0247732
186 0.885774 0.653638 0.0276931
187 0.885774 0.656313 0.0262521
188 0.885774 0.64546 0.0292284
189 0.885774 0.635094 0.0324514
190 0.885774 0.626795 0.0283023
191 0.885774 0.634659 0.027517
192 0.885774 0.64527 0.0258353
193 0.885774 0.635086 0.0317512
194 0.885774 0.639007 0.0324652
195 0.885774 0.651543 0.026388
196 0.885774 0.648124 0.0258701
197 0.885774 0.636827 0.0276679
198 0.885774 0.627563 0.0318383
199 0.885774 0.643072 0.0276793
200 0.885774 0.644682 0.0279344
201 0.885774 0.657439 0.0259834
202 0.885774 0.6473 0.0294614
203 0.885774 0.633992 0.0389054
204 0.885774 0.640597 0.0284186
205 0.885774 0.658188 0.0227527
206 0.885774 0.655334 0.0221583
207 0.885774 0.665147 0.0237239
208 0.885774 0.655163 0.026108
209 0.885774 0.632042 0.0329743
210 0.885774 0.627524 0.0365912
211 0.885774 0.643534 0.0331206
212 0.885774 0.65972 0.0288216
213 0.885774 0.669538 0.0227299
214 0.885774 0.663482 0.0223479
215 0.885774 0.668211 0.0225494
216 0.885774 0.671014 0.0248677
217 0.885774 0.653486 0.0306897
218 0.886788 0.652031 0.0329987
219 0.886788 0.658108 0.0255554
220 0.886788 0.653953 0.0262333
221 0.886788 0.647544 0.0292023
222 0.886788 0.665324 0.025863
223 0.886788 0.663226 0.0208775
224 0.887935 0.666767 0.0269865
225 0.887935 0.656435 0.0263242
226 0.887935 0.680123 0.020454
227 0.888379 0.675099 0.0191182
228 0.888379 0.665674 0.0237579
229 0.888379 0.675503 0.0200686
230 0.888379 0.682551 0.0190482
231 0.888379 0.666599 0.0179718
232 0.888379 0.688383 0.0191403
233 0.888379 0.695236 0.0209383
234 0.888379 0.665445 0.0203684
235 0.888379 0.682398 0.0194281
236 0.888379 0.691166 0.0217305
237 0.888379 0.666055 0.0223898
238 0.888379 0.664722 0.0237084
239 0.888813 0.660638 0.0266248
240 0.888813 0.652557 0.0268575
241 0.888813 0.668691 0.0260425
242 0.888813 0.664083 0.0255219
243 0.888813 0.670468 0.0282789
244 0.888813 0.663216 0.0270818
245 0.894048 0.687155 0.0205212
246 0.894048 0.675332 0.0236352
247 0.894048 0.685335 0.0212777
248 0.894048 0.654837 0.0290649
249 0.894048 0.660653 0.0293417
250 0.894048 0.656326 0.0325611
251 0.894048 0.664374 0.0324425
252 0.894048 0.655368 0.0350433
253 0.894048 0.659248 0.0294539
254 0.894048 0.662234 0.0267826
255 0.894048 0.645324 0.0228352
256 0.894048 0.634629 0.0272345
257 0.894048 0.64586 0.0329691
258 0.894048 0.644855 0.0293241
259 0.894048 0.634002 0.0302056
260 0.894048 0.623879 0.0322266
261 0.894048 0.614179 0.0315647
262 0.894048 0.620046 0.0338456
263 0.894048 0.62505 0.032552
264 0.894048 0.632924 0.0305892
265 0.894048 0.632287 0.0304653
266 0.894048 0.656434 0.0288813
267 0.894048 0.643521 0.029334
268 0.894048 0.663367 0.0261754
269 0.894048 0.670541 0.0219277
270 0.894048 0.665035 0.0222207
271 0.894048 0.670647 0.0202662
272 0.894048 0.662905 0.0275108
273 0.894048 0.642266 0.0303721
274 0.894048 0.650885 0.0254845
275 0.894048 0.647838 0.0291468
276 0.894048 0.660977 0.0280802
277 0.894048 0.656845 0.0310257
278 0.894048 0.651806 0.028132
279 0.894048 0.619062 0.0299535
280 0.894048 0.643751 0.0268624
281 0.894048 0.637779 0.0252351
282 0.894048 0.639825 0.0263754
283 0.894048 0.647727 0.0259774
284 0.894048 0.680676 0.021728
285 0.894048 0.678814 0.0230131
286 0.894048 0.659439 0.0243981
287 0.894048 0.666845 0.0205862
288 0.894048 0.667001 0.0215025
289 0.894048 0.677541 0.0222621
290 0.894048 0.675403 0.0222275
291 0.894048 0.67218 0.0265421
292 0.894048 0.664651 0.0285585
293 0.894048 0.662112 0.0275621
294 0.894048 0.661614 0.0296144
295 0.894048 0.666862 0.0280899
296 0.894048 0.65777 0.0275006
297 0.894048 0.641454 0.0288503
298 0.894048 0.635386 0.0267184
299 0.894048 0.645841 0.0232146
300 0.894048 0.631204 0.0269904
301 0.894048 0.642098 0.0304284
302 0.894048 0.644199 0.0304206
303 0.894048 0.656302 0.0252342
304 0.894048 0.651607 0.0252531
305 0.894048 0.651006 0.0235349
306 0.894048 0.67963 0.0172577
307 0.894048 0.676693 0.0225885
308 0.894048 0.644202 0.0271699
309 0.894048 0.648258 0.029268
310 0.894048 0.677325 0.0244824
311 0.894048 0.65414 0.0313833
312 0.894048 0.64842 0.028722
313 0.894048 0.666777 0.0243806
314 0.894048 0.654988 0.0220107
315 0.894048 0.659713 0.0220425
316 0.894048 0.677819 0.0197415
317 0.894048 0.674191 0.0275683
318 0.894048 0.665997 0.0246976
319 0.894048 0.643725 0.0271514
320 0.894048 0.656355 0.0301066
321 0.894048 0.67253 0.0234487
322 0.894048 0.658327 0.0297824
323 0.894048 0.660029 0.0293042
324 0.894048 0.669433 0.0242565
325 0.894048 0.6597 0.0267058
326 0.894048 0.655863 0.02948
327 0.894048 0.66948 0.0265835
328 0.894048 0.656389 0.027409
329 0.894048 0.647188 0.028231
330 0.894048 0.657402 0.0248024
331 0.894048 0.6686 0.0241656
332 0.894048 0.666131 0.0228439
333 0.894048 0.660526 0.0269413
334 0.894048 0.663646 0.0280021
335 0.894048 0.657011 0.0312882
336 0.894048 0.646356 0.0223985
337 0.894048 0.672406 0.0259957
338 0.894048 0.677819 0.0267754
339 0.894048 0.678557 0.0241466
340 0.894048 0.665352 0.0226144
341 0.894048 0.663396 0.0256817
342 0.894048 0.656172 0.0248532
343 0.894048 0.635809 0.0255957
344 0.894048 0.640356 0.0302767
345 0.894048 0.64751 0.0272898
346 0.894048 0.650502 0.0288014
347 0.894048 0.641645 0.0329201
348 0.894048 0.627423 0.036912
349 0.894048 0.665337 0.0267958
350 0.894048 0.646619 0.0299992
351 0.894048 0.643618 0.0282439
352 0.894048 0.667129 0.0249323
353 0.894048 0.662687 0.0254668
354 0.894048 0.670249 0.0222367
355 0.894048 0.682199 0.0203475
356 0.894048 0.663237 0.0219475
357 0.894048 0.646644 0.0263035
358 0.894048 0.642363 0.0328797
359 0.894048 0.665227 0.0253794
360 0.894048 0.652909 0.0286784
361 0.894048 0.655014 0.0231529
362 0.894048 0.65445 0.0287583
363 0.894048 0.665209 0.0229071
364 0.894048 0.639001 0.0378282
365 0.894048 0.642501 0.0317995
366 0.894048 0.658138 0.0252938
367 0.894048 0.658261 0.0283575
368 0.894048 0.64865 0.027842
369 0.894048 0.662322 0.0213248
370 0.894048 0.64394 0.0270312
371 0.894048 0.627236 0.0334235
372 0.894048 0.647928 0.0289156
373 0.894048 0.634394 0.0301918
374 0.894048 0.638263 0.0308987
375 0.894048 0.650181 0.0338898
376 0.894048 0.664246 0.0277925
377 0.894048 0.662971 0.0286005
378 0.894048 0.660959 0.0274181
379 0.894048 0.663387 0.0282863
380 0.894048 0.647736 0.0327454
381 0.894048 0.630972 0.0334132
382 0.894048 0.624362 0.0310921
383 0.894048 0.635659 0.0339284
384 0.894048 0.641484 0.0318302
385 0.894048 0.647394 0.0285383
386 0.894048 0.645928 0.0288893
387 0.894048 0.672025 0.0278981
388 0.894048 0.633486 0.0319375
389 0.894048 0.663068 0.0266168
390 0.894048 0.659201 0.0281141
391 0.894048 0.636959 0.0314168
392 0.894048 0.627915 0.0285579
393 0.895714 0.637626 0.0302067
394 0.895714 0.654604 0.0280016
395 0.895714 0.661053 0.0267835
396 0.895714 0.65513 0.0273628
397 0.895714 0.640258 0.0283722
398 0.895714 0.629376 0.0306844
399 0.895714 0.662736 0.0249254
400 0.895714 0.663354 0.0244872
401 0.895714 0.652616 0.0251641
402 0.895714 0.639004 0.0227053
403 0.895714 0.638916 0.0279147
404 0.895714 0.646585 0.0298045
405 0.895714 0.652204 0.028544
406 0.895714 0.64648 0.0286434
407 0.895714 0.659594 0.0252374
408 0.895714 0.660813 0.0247725
409 0.895714 0.646226 0.0241867
410 0.895714 0.644949 0.0284288
411 0.895714 0.647828 0.0260561
412 0.895714 0.629529 0.0286767
413 0.895714 0.643155 0.0286768
414 0.895714 0.649047 0.0281239
415 0.895714 0.629269 0.0311778
416 0.895714 0.629825 0.0307249
417 0.895714 0.636061 0.0286127
418 0.895714 0.62366 0.0306767
419 0.895714 0.617254 0.0362449
420 0.895714 0.629343 0.0322061
421 0.895714 0.617883 0.0365194
422 0.895714 0.61977 0.0276683
423 0.895714 0.615684 0.0334573
424 0.895714 0.625203 0.0367226
425 0.895714 0.644743 0.0328708
426 0.895714 0.6642 0.029615
427 0.895714 0.653966 0.030335
428 0.895714 0.641501 0.0365345
429 0.895714 0.64125 0.0371704
430 0.895714 0.653478 0.0294555
431 0.895714 0.66481 0.0284285
432 0.895714 0.655314 0.0321972
433 0.895714 0.689383 0.0240752
434 0.895714 0.67215 0.0298385
435 0.895714 0.673141 0.0213997
436 0.895714 0.671431 0.0219203
437 0.895714 0.682212 0.0222397
438 0.895714 0.678345 0.0234864
439 0.895714 0.663659 0.0218768
440 0.895714 0.658667 0.0257528
441 0.895714 0.676682 0.0245451
442 0.895714 0.663733 0.0279445
443 0.895714 0.650227 0.0316985
444 0.895714 0.659898 0.0256948
445 0.895714 0.656874 0.0271547
446 0.895714 0.643112 0.032049
447 0.895714 0.647275 0.0310193
448 0.895714 0.634459 0.031409
449 0.895714 0.641094 0.0248774
450 0.895714 0.667427 0.0231038
451 0.895714 0.648242 0.0286909
452 0.896019 0.660405 0.0261225
453 0.896019 0.66845 0.0233647
454 0.896019 0.669768 0.0218295
455 0.896019 0.661036 0.0242564
456 0.896019 0.667229 0.0261114
457 0.896019 0.665328 0.0246284
458 0.896019 0.680604 0.0235607
459 0.896019 0.677372 0.0218901
460 0.896019 0.671745 0.0271823
461 0.896019 0.65808 0.0296802
462 0.896019 0.627152 0.0270556
463 0.896019 0.64893 0.0300094
464 0.896019 0.664437 0.0246433
465 0.896019 0.65043 0.0266989
466 0.896019 0.658437 0.0280619
467 0.896019 0.655608 0.0251548
468 0.896019 0.638907 0.0290741
469 0.896019 0.647437 0.0337887
470 0.896019 0.672736 0.030245
471 0.896019 0.657617 0.0308477
472 0.896019 0.65852 0.0300792
473 0.896019 0.655454 0.0316944
474 0.896019 0.664831 0.0243289
475 0.896019 0.656011 0.0268411
476 0.896019 0.669391 0.0291233
477 0.896019 0.677423 0.0257554
478 0.896019 0.666483 0.0266362
479 0.896019 0.645175 0.0258458
480 0.896019 0.677528 0.0221194
481 0.896019 0.683354 0.0224622
482 0.896019 0.670654 0.0230174
483 0.896019 0.654326 0.0247542
484 0.896019 0.659659 0.0267073
485 0.896019 0.641631 0.029015
486 0.896019 0.637301 0.0315908
487 0.896019 0.614867 0.0342819
488 0.896019 0.630297 0.0252405
489 0.896019 0.643081 0.0307059
490 0.896019 0.650158 0.0377521
491 0.896019 0.641373 0.0392146
492 0.896019 0.645286 0.0311162
493 0.896019 0.639783 0.0326498
494 0.896019 0.661827 0.0258889
495 0.896019 0.661259 0.0275248
496 0.896019 0.650417 0.0328586
497 0.896019 0.647277 0.0265576
498 0.896019 0.643566 0.029159
499 0.896019 0.641795 0.0281044
500 0.896019 0.624304 0.0300215
501 0.896019 0.630041 0.0343167
502 0.896019 0.629796 0.0287676
503 0.896019 0.609794 0.0310967
504 0.896019 0.620251 0.0308368
505 0.896019 0.614035 0.0336248
506 0.896019 0.618373 0.0275602
507 0.896019 0.623415 0.0316948
508 0.896019 0.645241 0.0300105
509 0.896019 0.632955 0.0290227
510 0.896019 0.666977 0.0165214
511 0.896019 0.642436 0.029278
512 0.896019 0.649422 0.0285665
513 0.896019 0.643297 0.0283413
514 0.896019 0.642232 0.0280967
515 0.896019 0.648754 0.0266714
516 0.896019 0.662355 0.0240048
517 0.896019 0.660013 0.0251031
518 0.896019 0.645526 0.0285389
519 0.896019 0.652178 0.0294459
520 0.896019 0.634815 0.0345047
521 0.896019 0.656367 0.0304925
522 0.896019 0.658522 0.0266806
523 0.896019 0.663645 0.0284394
524 0.896019 0.653766 0.0276
525 0.896019 0.672328 0.0239042
526 0.896019 0.647303 0.0205793
527 0.896019 0.65816 0.0204586
528 0.896019 0.638809 0.0316949
529 0.896019 0.644298 0.0275364
530 0.896019 0.652866 0.0291299
531 0.896019 0.648023 0.0304196
532 0.896019 0.671288 0.0241684
533 0.896019 0.685077 0.025528
534 0.896019 0.689528 0.0205735
535 0.896019 0.686866 0.0198683
536 0.896019 0.655096 0.0315447
537 0.896019 0.657472 0.0280543
538 0.896019 0.650463 0.0260709
539 0.896019 0.655682 0.0224889
540 0.896019 0.646981 0.0283148
541 0.896019 0.652937 0.0271853
542 0.896019 0.650001 0.0255615
543 0.896019 0.637815 0.0302199
544 0.896019 0.647681 0.0287794
545 0.896019 0.655855 0.0326452
546 0.896019 0.655584 0.0288223
547 0.896019 0.636281 0.0339493
548 0.896019 0.633142 0.030692
549 0.896019 0.645102 0.0292865
550 0.896019 0.664344 0.02518
551 0.896019 0.66098 0.0259495
552 0.896019 0.664928 0.0239812
553 0.896019 0.646328 0.0303782
554 0.896019 0.632182 0.0311226
555 0.896019 0.651366 0.0288668
556 0.896019 0.648656 0.0312316
557 0.896019 0.647623 0.0319129
558 0.896019 0.660092 0.0309923
559 0.896019 0.664904 0.0304017
560 0.896954 0.647788 0.0246901
561 0.896954 0.658796 0.0266504
562 0.896954 0.681862 0.0193474
563 0.896954 0.655642 0.0246201
564 0.896954 0.653508 0.0269638
565 0.896954 0.649161 0.0238418
566 0.896954 0.636146 0.0290807
567 0.896954 0.669516 0.0207425
568 0.896954 0.680609 0.0191603
569 0.896954 0.688117 0.0190096
570 0.896954 0.680316 0.0207105
571 0.896954 0.677512 0.0214266
572 0.896954 0.665313 0.0189804
573 0.896954 0.645775 0.0260453
574 0.896954 0.649656 0.030807
575 0.896954 0.651623 0.0293036
576 0.896954 0.658917 0.0270405
577 0.896954 0.661969 0.0259638
578 0.896954 0.665795 0.0261115
579 0.896954 0.669003 0.0258914
580 0.896954 0.655302 0.0311225
581 0.896954 0.67333 0.0286291
582 0.896954 0.652737 0.0275581
583 0.896954 0.668327 0.0269852
584 0.896954 0.664615 0.024343
585 0.896954 0.65446 0.0264871
586 0.896954 0.666643 0.0211952
587 0.896954 0.67855 0.0208945
588 0.896954 0.646208 0.0289377
589 0.896954 0.637903 0.0279856
590 0.896954 0.623726 0.0320438
591 0.896954 0.630291 0.0305068
592 0.896954 0.633247 0.0291693
593 0.896954 0.649301 0.0209391
594 0.896954 0.648275 0.0235143
595 0.896954 0.634646 0.0268798
596 0.896954 0.659541 0.0266254
597 0.896954 0.677581 0.0266937
598 0.896954 0.669182 0.0261595
599 0.896954 0.662306 0.0302806
600 0.896954 0.659099 0.0292162
601 0.896954 0.643486 0.0274121
602 0.896954 0.65963 0.0279703
603 0.896954 0.633041 0.03181
604 0.896954 0.645774 0.02924
605 0.896954 0.632503 0.0334283
606 0.896954 0.613161 0.0325655
607 0.896954 0.624881 0.0330489
608 0.896954 0.619251 0.0313379
609 0.896954 0.639556 0.0300721
610 0.896954 0.663718 0.0256777
611 0.896954 0.660238 0.0254521
612 0.896985 0.659999 0.0233785
613 0.896985 0.676694 0.0247916
614 0.896985 0.669428 0.0211369
615 0.896985 0.69005 0.0203127
616 0.896985 0.67479 0.0229243
617 0.896985 0.667869 0.0246333
618 0.896985 0.665342 0.0261774
619 0.896985 0.66615 0.0233305
620 0.896985 0.660761 0.0254944
621 0.896985 0.669341 0.0260759
622 0.896985 0.679671 0.0182103
623 0.896985 0.665865 0.0232297
624 0.896985 0.665654 0.0216536
625 0.898026 0.688525 0.0200035
626 0.898026 0.692098 0.0195906
627 0.898026 0.695063 0.0214477
628 0.898026 0.675604 0.0245172
629 0.898026 0.678016 0.0250949
630 0.898026 0.689029 0.0228188
631 0.898026 0.697627 0.0239745
632 0.898026 0.6898 0.0187013
633 0.898026 0.682808 0.0224622
634 0.898026 0.692182 0.0179703
635 0.898026 0.694329 0.0192011
636 0.898026 0.67962 0.0278547
637 0.898026 0.662873 0.029503
638 0.898026 0.666409 0.0272085
639 0.898026 0.65982 0.0295556
640 0.898026 0.642615 0.0285656
641 0.898026 0.646443 0.0341212
642 0.898026 0.678583 0.030907
643 0.898026 0.683207 0.0284873
644 0.898026 0.683362 0.0253
645 0.898026 0.67709 0.0225471
646 0.898026 0.669528 0.022957
647 0.898026 0.666981 0.0223435
648 0.898026 0.678927 0.0216927
649 0.898026 0.65557 0.026617
650 0.898026 0.663171 0.0282387
651 0.898026 0.664824 0.0311629
652 0.898026 0.667205 0.0274101
653 0.898026 0.68645 0.0228187
654 0.898026 0.682025 0.0216285
655 0.898026 0.669871 0.0192013
656 0.898026 0.644596 0.0294194
657 0.898026 0.656962 0.0310678
658 0.898026 0.658954 0.0214328
659 0.898026 0.634215 0.026958
660 0.898026 0.648592 0.0232746
661 0.898026 0.671922 0.0188644
662 0.898026 0.647849 0.024603
663 0.898026 0.633547 0.0315605
664 0.898026 0.665589 0.0299142
665 0.898026 0.64709 0.0305573
666 0.898026 0.633391 0.0360406
667 0.898026 0.638157 0.0325444
668 0.898026 0.650238 0.0253574
669 0.898026 0.663235 0.025668
670 0.898026 0.659651 0.0235123
671 0.898026 0.666554 0.0250051
672 0.898026 0.661189 0.0287516
673 0.898026 0.664682 0.032294
674 0.898026 0.659105 0.0321203
675 0.898026 0.667886 0.0275197
676 0.898026 0.663947 0.0238453
677 0.898026 0.655886 0.0271053
678 0.898026 0.653946 0.0269766
679 0.898026 0.644254 0.0273452
680 0.898026 0.652867 0.0296172
681 0.898026 0.655273 0.0260387
682 0.898026 0.659753 0.0235245
683 0.898026 0.63677 0.0255496
684 0.898026 0.64036 0.0299184
685 0.898026 0.658403 0.0294774
686 0.898026 0.649036 0.0276721
687 0.898026 0.655292 0.029928
688 0.898281 0.658354 0.0346292
689 0.898281 0.656436 0.0326302
690 0.898281 0.666349 0.025738
691 0.898281 0.666106 0.0248842
692 0.898281 0.662603 0.0250659
693 0.898281 0.661103 0.0255965
694 0.898281 0.658785 0.0322836
695 0.898281 0.682331 0.0268448
696 0.898281 0.665494 0.0241964
697 0.898281 0.648027 0.026126
698 0.898281 0.681611 0.0219794
699 0.898281 0.657566 0.0290799
700 0.898281 0.675464 0.0279689
701 0.898281 0.660537 0.0283246
702 0.898281 0.677998 0.0233106
703 0.898281 0.690269 0.0203668
704 0.898281 0.680725 0.0181923
705 0.898281 0.678507 0.0221379
706 0.898281 0.647955 0.0296881
707 0.898281 0.662705 0.0236155
708 0.898281 0.654563 0.0286247
709 0.898281 0.642726 0.0378939
710 0.898281 0.660964 0.0278048
711 0.898281 0.678419 0.0243129
712 0.898281 0.668189 0.0269704
713 0.898281 0.650746 0.0272526
714 0.898281 0.651871 0.0331849
715 0.898281 0.65963 0.0340173
716 0.898281 0.644622 0.0310422
717 0.898281 0.637265 0.0391252
718 0.898281 0.654059 0.0283228
719 0.898281 0.649282 0.0308693
720 0.898281 0.663463 0.0255528
721 0.898281 0.661865 0.0298738
722 0.898281 0.675478 0.0275043
723 0.898281 0.680968 0.025484
724 0.898281 0.657165 0.0232409
725 0.898281 0.651811 0.0227528
726 0.898281 0.646022 0.0312201
727 0.898281 0.660453 0.0273289
728 0.898281 0.670662 0.0264146
729 0.898281 0.667245 0.0259892
730 0.898281 0.679709 0.0218718
731 0.898281 0.679932 0.0244875
732 0.898281 0.677341 0.0280858
733 0.898281 0.636157 0.0366991
734 0.898281 0.635478 0.0287234
735 0.898281 0.657893 0.0289244
736 0.898281 0.637697 0.0342662
737 0.898281 0.655014 0.0339387
738 0.898281 0.660702 0.0272443
739 0.898281 0.677338 0.0219252
740 0.898281 0.680894 0.0246355
741 0.898281 0.672334 0.0268186
742 0.898281 0.672327 0.0231999
743 0.898281 0.667069 0.0249189
744 0.898281 0.661772 0.0225082
745 0.898281 0.67601 0.0188372
746 0.898281 0.671035 0.0243082
747 0.898281 0.687112 0.0222109
748 0.898281 0.658842 0.0246142
749 0.898281 0.661009 0.021982
750 0.898281 0.66589 0.0192209
751 0.898281 0.667739 0.0201692
752 0.898281 0.675147 0.0191374
753 0.898281 0.663078 0.0221749
754 0.898281 0.6743 0.0249256
755 0.898281 0.690149 0.0183292
756 0.898281 0.671031 0.0288537
757 0.898281 0.690286 0.0178011
758 0.898281 0.669099 0.0207392
759 0.898281 0.687093 0.0196776
760 0.898281 0.687548 0.0194181
761 0.898281 0.694174 0.0196297
762 0.898281 0.661532 0.0246664
763 0.898281 0.664021 0.023967
764 0.898281 0.656506 0.0284528
765 0.898281 0.67355 0.0278152
766 0.898281 0.668148 0.0254687
767 0.898281 0.686576 0.0187971
768 0.898281 0.686632 0.0208008
769 0.898281 0.668449 0.0219386
770 0.898281 0.663555 0.025035
771 0.898281 0.658142 0.0263658
772 0.898281 0.645692 0.0314653
773 0.898281 0.640867 0.031039
774 0.898281 0.641575 0.030812
775 0.898281 0.661446 0.0254256
776 0.898281 0.644501 0.0246052
777 0.898281 0.648798 0.0264573
778 0.898281 0.62418 0.0310873
779 0.898281 0.6204 0.0345934
780 0.898281 0.646028 0.0262558
781 0.898281 0.649572 0.0255273
782 0.898281 0.653803 0.0258561
783 0.898281 0.64556 0.0257216
784 0.898281 0.649762 0.0265097
785 0.898281 0.67034 0.0260944
786 0.898281 0.672365 0.0230392
787 0.898281 0.68721 0.0206076
788 0.898281 0.686028 0.0176752
789 0.898281 0.705724 0.0166736
790 0.898281 0.708651 0.0159557
791 0.898281 0.687038 0.0244413
792 0.898281 0.64795 0.0319338
793 0.898281 0.653303 0.0268482
794 0.898281 0.657528 0.0309214
795 0.898281 0.659799 0.028262
796 0.898281 0.659015 0.025471
797 0.898281 0.646019 0.0294512
798 0.898281 0.658812 0.0254638
799 0.898281 0.651519 0.0295224
800 0.898368 0.654656 0.031759
801 0.898368 0.645386 0.0325387
802 0.898368 0.661347 0.0265347
803 0.898368 0.673377 0.0259036
804 0.898368 0.648897 0.0286295
805 0.898368 0.646224 0.0253052
806 0.898368 0.642217 0.0241138
807 0.898368 0.661791 0.0214708
808 0.898368 0.682229 0.0213931
809 0.898368 0.660822 0.0254126
810 0.898368 0.656241 0.024372
811 0.898368 0.662947 0.0250931
812 0.898368 0.657376 0.0268028
813 0.898368 0.643134 0.0282485
814 0.898368 0.623561 0.0383865
815 0.898368 0.602134 0.0370077
816 0.898368 0.612707 0.0363454
817 0.898368 0.634032 0.0320186
818 0.898368 0.638418 0.0346276
819 0.898368 0.633512 0.0303782
820 0.898368 0.648604 0.0303098
821 0.898368 0.637337 0.0306541
822 0.898368 0.617492 0.0350468
823 0.898368 0.645834 0.0303009
824 0.898368 0.636007 0.032356
825 0.898368 0.646428 0.0263776
826 0.898368 0.658315 0.0239032
827 0.898368 0.641636 0.03428
828 0.898368 0.651628 0.0318157
829 0.898368 0.667645 0.0243807
830 0.898368 0.670611 0.0244025
831 0.898368 0.663636 0.0244026
832 0.898368 0.659498 0.0242665
833 0.898368 0.665841 0.0238643
834 0.898368 0.651708 0.0317006
835 0.898368 0.655104 0.0325446
836 0.898368 0.65277 0.0306289
837 0.898368 0.653574 0.0301807
838 0.898368 0.637106 0.0343675
839 0.898368 0.612124 0.0342136
840 0.898368 0.609758 0.0338816
841 0.898368 0.631958 0.0283409
842 0.898368 0.635714 0.0316847
843 0.898368 0.650503 0.026864
844 0.898368 0.65339 0.0251064
845 0.898368 0.652284 0.0274533
846 0.898368 0.648219 0.0286727
847 0.898368 0.642707 0.0278906
848 0.898368 0.644081 0.0287901
849 0.898368 0.634444 0.0395522
850 0.898368 0.62582 0.0353632
851 0.898368 0.646161 0.0316576
852 0.898368 0.662588 0.0339382
853 0.898368 0.669072 0.0301328
854 0.898368 0.647957 0.0314462
855 0.898368 0.648583 0.0325292
856 0.898368 0.64223 0.0269725
857 0.898368 0.657497 0.024288
858 0.898368 0.641835 0.0277091
859 0.898368 0.631974 0.0321488
860 0.898368 0.647094 0.0248374
861 0.898368 0.648509 0.024574
862 0.898368 0.645835 0.0293132
863 0.898368 0.645268 0.0302634
864 0.898368 0.637918 0.0278825
865 0.898368 0.664631 0.0233949
866 0.898368 0.664268 0.0218988
867 0.898368 0.672035 0.0217499
868 0.898368 0.684561 0.021566
869 0.898368 0.675451 0.0182727
870 0.898368 0.678418 0.0216441
871 0.898368 0.697403 0.0172858
872 0.898368 0.674693 0.0159866
873 0.898368 0.669513 0.0179677
874 0.898368 0.652449 0.0225222
875 0.898368 0.661858 0.0247712
876 0.898368 0.649336 0.0288795
877 0.898368 0.652482 0.0241211
878 0.898368 0.657594 0.0245706
879 0.898368 0.629244 0.030689
880 0.898368 0.640752 0.0274455
881 0.898368 0.667295 0.0205311
882 0.898368 0.66947 0.0255236
883 0.898368 0.648093 0.027268
884 0.898368 0.659279 0.0259434
885 0.898393 0.658742 0.0247656
886 0.898393 0.662848 0.0241727
887 0.898393 0.652112 0.0268972
888 0.898393 0.678472 0.0238764
889 0.898393 0.692075 0.016278
890 0.898393 0.690984 0.0179039
891 0.898393 0.659381 0.0202079
892 0.898393 0.658598 0.0221647
893 0.898393 0.637902 0.0263339
894 0.898393 0.671614 0.0224286
895 0.898393 0.671151 0.0171811
896 0.898393 0.684765 0.0159753
897 0.898393 0.667242 0.0203029
898 0.898393 0.676123 0.0198404
899 0.898393 0.666732 0.0188056
900 0.898393 0.655282 0.0239262
901 0.898393 0.647333 0.0280962
902 0.898393 0.655564 0.0229446
903 0.898393 0.636443 0.0289657
904 0.898393 0.656859 0.0271809
905 0.898393 0.677534 0.0179905
906 0.898393 0.670805 0.0214777
907 0.898393 0.683558 0.0192122
908 0.898393 0.685767 0.0227213
909 0.898393 0.67978 0.0218833
910 0.898393 0.67517 0.0214916
911 0.898393 0.657058 0.0233768
912 0.898393 0.641314 0.0280466
913 0.898393 0.650562 0.0250397
914 0.898393 0.62856 0.0318508
915 0.898393 0.61417 0.0367881
916 0.898393 0.601657 0.0416563
917 0.898393 0.621327 0.0347776
918 0.898393 0.631323 0.0314305
919 0.898393 0.641083 0.031292
920 0.898393 0.644633 0.0255535
921 0.898393 0.640663 0.0321863
922 0.898393 0.647014 0.0289282
923 0.898393 0.660455 0.0292988
924 0.898393 0.662053 0.0361071
925 0.898393 0.655294 0.027678
926 0.898393 0.663364 0.0249863
927 0.898393 0.682239 0.0229024
928 0.898393 0.666325 0.0255312
929 0.898393 0.652595 0.0339617
930 0.898393 0.665902 0.0273857
931 0.898393 0.687573 0.0278823
932 0.898393 0.687728 0.023635
933 0.898393 0.681936 0.0251459
934 0.898393 0.654847 0.0288643
935 0.898393 0.635801 0.0303539
936 0.898393 0.661609 0.0301591
937 0.898393 0.680361 0.0219332
938 0.898393 0.665611 0.0272777
939 0.898393 0.661228 0.0294606
940 0.898393 0.650078 0.027658
941 0.898393 0.626549 0.0300478
942 0.898393 0.629326 0.0292419
943 0.898393 0.644595 0.0357257
944 0.898393 0.624743 0.0360673
945 0.898393 0.618864 0.0331901
946 0.898393 0.618163 0.0278966
947 0.898393 0.60091 0.0312397
948 0.898393 0.622596 0.0296038
949 0.898395 0.640911 0.0277069
950 0.898395 0.640034 0.0252442
951 0.898395 0.637438 0.0268232
952 0.898395 0.650196 0.0229859
953 0.898395 0.652171 0.0242181
954 0.898395 0.644759 0.0253357
955 0.898395 0.670919 0.0243775
956 0.898395 0.667714 0.0225574
957 0.898395 0.662932 0.0269196
958 0.898395 0.648114 0.0297943
959 0.898395 0.644187 0.0323878
960 0.898395 0.646447 0.0320403
961 0.898395 0.673947 0.0261347
962 0.898395 0.657821 0.0255554
963 0.898395 0.66369 0.0231663
964 0.898395 0.674904 0.0183773
965 0.898395 0.649663 0.0242881
966 0.898395 0.640511 0.0243316
967 0.898395 0.668239 0.0234142
968 0.898395 0.670064 0.0201449
969 0.898395 0.659396 0.0206092
970 0.898395 0.635325 0.0250491
971 0.898395 0.648875 0.0300368
972 0.898395 0.659842 0.0270592
973 0.898395 0.66351 0.0241988
974 0.898395 0.661515 0.0225814
975 0.898395 0.663431 0.0240858
976 0.898395 0.662505 0.0233762
977 0.898395 0.658289 0.0334426
978 0.898395 0.670081 0.0241733
979 0.898395 0.657843 0.0289097
980 0.898395 0.648466 0.0281766
981 0.898395 0.655047 0.0256322
982 0.898395 0.659431 0.027718
983 0.898395 0.666954 0.0296943
984 0.898395 0.662213 0.0296234
985 0.898395 0.685641 0.0225771
986 0.898395 0.681122 0.0223885
987 0.898395 0.674608 0.0242563
988 0.898395 0.674906 0.0258132
989 0.898395 0.645886 0.0288325
990 0.898395 0.652493 0.0264462
991 0.898395 0.661915 0.0282136
992 0.898395 0.63858 0.0259476
993 0.898395 0.637794 0.0299894
994 0.898395 0.639161 0.0300839
995 0.898395 0.64668 0.0245195
996 0.898395 0.642769 0.0252644
997 0.898395 0.640648 0.0305219
998 0.898395 0.65193 0.0284539
999 0.898395 0.659701 0.0286836
1000 0.898395 0.652503 0.0290566
