0 0.250001 0.25 1.60296e-14
1 0.270981 0.250147 6.03006e-06
2 0.30604 0.250787 3.79398e-05
3 0.307854 0.251354 7.12488e-05
4 0.307854 0.252466 0.000119637
5 0.325013 0.253341 0.000178313
6 0.325013 0.252486 0.000130851
7 0.379301 0.254036 0.000399454
8 0.379301 0.25545 0.000579839
9 0.379301 0.256731 0.000621148
10 0.420313 0.259112 0.000949714
11 0.420313 0.254943 0.000664207
12 0.420313 0.255548 0.000845742
13 0.440334 0.25558 0.00100107
14 0.440334 0.255023 0.000850475
15 0.441414 0.256169 0.0011516
16 0.441414 0.258397 0.00141877
17 0.456661 0.25837 0.00154139
18 0.456661 0.258642 0.00127777
19 0.456661 0.260234 0.00170429
20 0.456661 0.25824 0.00174674
21 0.456661 0.260741 0.00150202
22 0.456661 0.260431 0.00159751
23 0.456661 0.258803 0.00144871
24 0.456661 0.258942 0.00149913
25 0.498126 0.261498 0.0024661
26 0.498126 0.262178 0.00206975
27 0.498126 0.254053 0.00142446
28 0.498126 0.257903 0.00175853
29 0.498126 0.255507 0.00133454
30 0.498126 0.258584 0.00215679
31 0.498126 0.263322 0.00257307
32 0.498126 0.266819 0.00260082
33 0.498126 0.263309 0.00192001
34 0.498126 0.262337 0.00173625
35 0.498126 0.263024 0.00224988
36 0.498126 0.258627 0.00145792
37 0.498126 0.259337 0.00174159
38 0.498126 0.258822 0.00165515
39 0.498126 0.256703 0.0014651
40 0.596713 0.263216 0.00310128
41 0.596713 0.260096 0.00268219
42 0.596713 0.261258 0.00292196
43 0.596713 0.262681 0.00306781
44 0.596713 0.259589 0.00271248
45 0.596713 0.262226 0.00238498
46 0.666377 0.268314 0.00458943
47 0.666377 0.267022 0.00402808
48 0.666377 0.263473 0.0039411
49 0.666377 0.262562 0.00400738
50 0.682272 0.271356 0.00595248
51 0.682272 0.266631 0.00468495
52 0.682272 0.262516 0.00457431
53 0.682272 0.271189 0.00584445
54 0.682272 0.275182 0.00579753
55 0.682272 0.274413 0.00539523
56 0.682272 0.260396 0.00461298
57 0.682272 0.275729 0.00596454
58 0.682272 0.279296 0.00677413
59 0.682272 0.276812 0.0053715
60 0.682272 0.278183 0.00570683
61 0.682272 0.273574 0.00514043
62 0.682272 0.27391 0.00597224
63 0.682272 0.268271 0.00492849
64 0.682272 0.268814 0.0049991
65 0.682272 0.27764 0.00580487
66 0.682272 0.283696 0.00561695
67 0.682272 0.274045 0.00610338
68 0.682272 0.273742 0.00559819
69 0.682272 0.282073 0.00600531
70 0.682272 0.276462 0.00521965
71 0.682272 0.284233 0.00544575
72 0.682272 0.278784 0.00527416
73 0.682272 0.286957 0.00582868
74 0.682272 0.279935 0.00503779
75 0.682272 0.271657 0.00429996
76 0.682272 0.277385 0.00618778
77 0.682272 0.286217 0.00647319
78 0.682272 0.286467 0.00755804
79 0.682272 0.275807 0.00591365
80 0.682272 0.285306 0.00583134
81 0.682272 0.29418 0.00698065
82 0.682272 0.286335 0.00595063
83 0.682272 0.281615 0.00550969
84 0.682272 0.283906 0.00592767
85 0.682272 0.277755 0.00531185
86 0.682272 0.280988 0.00645048
87 0.682272 0.280845 0.00633562
88 0.68973 0.281583 0.00667394
89 0.68973 0.27442 0.00469633
90 0.68973 0.286104 0.00657391
91 0.721006 0.28585 0.00716478
92 0.721006 0.274327 0.0055271
93 0.721006 0.281837 0.00676423
94 0.721006 0.281847 0.00691155
95 0.721006 0.281105 0.00584333
96 0.721006 0.284065 0.00545524
97 0.721006 0.2774 0.00518367
98 0.721006 0.282901 0.00701945
99 0.721006 0.288244 0.00655876
100 0.721006 0.284025 0.00588359
101 0.721006 0.293685 0.00657268
102 0.721006 0.296956 0.00700984
103 0.721006 0.280528 0.00533682
104 0.721006 0.29037 0.00717057
105 0.721006 0.287024 0.00631238
106 0.721006 0.287847 0.0054889
107 0.721006 0.288115 0.00607261
108 0.721006 0.28689 0.00618845
109 0.721006 0.281362 0.00574976
110 0.721006 0.274612 0.00540205
111 0.721006 0.28271 0.00531784
112 0.721006 0.28558 0.00634777
113 0.721006 0.283626 0.00610446
114 0.721006 0.285861 0.00647816
115 0.721006 0.292824 0.00590752
116 0.721006 0.289377 0.00696015
117 0.721006 0.280507 0.00547371
118 0.721006 0.281571 0.00515156
119 0.721006 0.287514 0.00581054
120 0.721006 0.285346 0.00568968
121 0.7276 0.288258 0.00754241
122 0.7276 0.285965 0.00575433
123 0.7276 0.291313 0.00677792
124 0.7276 0.289527 0.00586606
125 0.7276 0.291928 0.0068049
126 0.7276 0.294822 0.00702443
127 0.7276 0.295288 0.00722055
128 0.7276 0.291045 0.00596375
129 0.7276 0.288795 0.00621123
130 0.7276 0.292345 0.00621236
131 0.7276 0.29051 0.00649582
132 0.7276 0.287757 0.0058689
133 0.7276 0.292473 0.00670176
134 0.7276 0.288436 0.00584625
135 0.7276 0.286669 0.0060695
136 0.7276 0.286366 0.00612546
137 0.7276 0.287654 0.00656332
138 0.7276 0.287235 0.0060532
139 0.7276 0.293206 0.00672275
140 0.7276 0.293199 0.00786034
141 0.7276 0.294452 0.00901495
142 0.7276 0.281601 0.00556801
143 0.7276 0.289408 0.00795325
144 0.7276 0.28311 0.0055881
145 0.7276 0.28967 0.00805311
146 0.7276 0.282676 0.00542077
147 0.7276 0.282324 0.00712753
148 0.7276 0.285209 0.00581844
149 0.7276 0.288244 0.00694476
150 0.7276 0.288686 0.00666862
151 0.7276 0.292763 0.00848424
152 0.7276 0.292943 0.00676229
153 0.7276 0.29357 0.00709809
154 0.7276 0.28735 0.00762955
155 0.7276 0.28422 0.00580282
156 0.7276 0.283276 0.00615089
157 0.7276 0.287176 0.00611937
158 0.7276 0.286953 0.00638304
159 0.7276 0.281794 0.00593659
160 0.7276 0.278949 0.00671309
161 0.7276 0.280351 0.0063534
162 0.7276 0.288178 0.00770185
163 0.7276 0.287709 0.00642448
164 0.7276 0.283594 0.00608376
165 0.7276 0.283569 0.00601225
166 0.7276 0.279312 0.00619194
167 0.7276 0.27717 0.00594065
168 0.7276 0.2736 0.00521776
169 0.7276 0.276419 0.00539416
170 0.7276 0.2776 0.00577039
171 0.7276 0.283611 0.00598424
172 0.7276 0.285051 0.0057531
173 0.7276 0.28519 0.00573693
174 0.7276 0.276298 0.00632677
175 0.7276 0.285265 0.00767512
176 0.7276 0.274817 0.00593132
177 0.7276 0.274259 0.00603466
178 0.7276 0.280059 0.00657645
179 0.7276 0.28134 0.0059549
180 0.7276 0.281454 0.00657161
181 0.7276 0.28426 0.00706458
182 0.7276 0.287138 0.00691493
183 0.7276 0.286762 0.00784016
184 0.7276 0.27599 0.00563748
185 0.7276 0.281701 0.0065525
186 0.7276 0.286149 0.00628286
187 0.7276 0.289434 0.0067984
188 0.7276 0.281636 0.00756146
189 0.7276 0.282924 0.00592474
190 0.7276 0.286315 0.00677743
191 0.7276 0.280118 0.00660018
192 0.7276 0.285713 0.00724254
193 0.7276 0.279936 0.00555076
194 0.7276 0.27918 0.00609904
195 0.7276 0.278266 0.00605892
196 0.733022 0.284164 0.0088011
197 0.733022 0.282534 0.0063025
198 0.733022 0.281721 0.00655439
199 0.733022 0.2812 0.00602527
200 0.733022 0.285396 0.00716884
201 0.733022 0.288284 0.00738678
202 0.733022 0.275956 0.0062138
203 0.733022 0.270908 0.00547906
204 0.733022 0.280262 0.00717269
205 0.740286 0.281163 0.00779542
206 0.740286 0.286353 0.00730574
207 0.740286 0.284072 0.00770117
208 0.740286 0.285548 0.00667017
209 0.740286 0.289184 0.00942631
210 0.740286 0.288513 0.00738685
211 0.740286 0.288076 0.00678735
212 0.740286 0.284814 0.00622042
213 0.740286 0.286732 0.00869795
214 0.740286 0.290586 0.00749591
215 0.740286 0.28749 0.00666967
216 0.740286 0.28664 0.00783775
217 0.740286 0.284206 0.00618758
218 0.740286 0.287762 0.00885438
219 0.740286 0.284552 0.00768961
220 0.740286 0.282026 0.00632418
221 0.740286 0.28636 0.00653109
222 0.740286 0.285886 0.00707149
223 0.740286 0.287343 0.00701349
224 0.740286 0.290728 0.00737146
225 0.740286 0.283066 0.0080489
226 0.740286 0.28824 0.00744416
227 0.740286 0.281728 0.0062872
228 0.740286 0.284673 0.00672102
229 0.740286 0.286382 0.00738307
230 0.740286 0.277371 0.00685743
231 0.740286 0.281906 0.00666713
232 0.740286 0.284001 0.00690023
233 0.740286 0.287548 0.00831615
234 0.76099 0.292834 0.00949288
235 0.76099 0.283476 0.0067241
236 0.76099 0.287467 0.00800883
237 0.76099 0.284106 0.00684319
238 0.76099 0.28716 0.00644177
239 0.76099 0.291639 0.00659378
240 0.76099 0.291945 0.00665042
241 0.76099 0.305067 0.00919294
242 0.76099 0.305171 0.00927619
243 0.76099 0.29406 0.00702536
244 0.76099 0.290399 0.00654871
245 0.76099 0.287294 0.0066565
246 0.76099 0.294038 0.00780928
247 0.76099 0.295949 0.00942217
248 0.76099 0.285436 0.00707675
249 0.76099 0.293303 0.00843514
250 0.769451 0.296952 0.0111536
251 0.769451 0.297909 0.00957814
252 0.769451 0.302245 0.00937683
253 0.769451 0.306013 0.00786748
254 0.769451 0.297168 0.00917367
255 0.769451 0.305671 0.00755042
256 0.769451 0.304642 0.008077
257 0.769451 0.300509 0.00874293
258 0.769451 0.293227 0.00688547
259 0.769451 0.29488 0.00927464
260 0.769451 0.292088 0.00709713
261 0.769451 0.297855 0.00721899
262 0.769451 0.292355 0.00672766
263 0.769451 0.300111 0.00810598
264 0.769451 0.304936 0.00910528
265 0.769451 0.295666 0.0073233
266 0.769451 0.290949 0.00781363
267 0.769451 0.291492 0.00729931
268 0.769451 0.288977 0.00679365
269 0.769451 0.29109 0.00687206
270 0.769451 0.296935 0.00800845
271 0.769451 0.286543 0.00676954
272 0.769451 0.284853 0.00688213
273 0.769451 0.290939 0.00759509
274 0.769451 0.283132 0.00656789
275 0.769451 0.295244 0.00722242
276 0.769451 0.298269 0.00818623
277 0.769451 0.300288 0.00793912
278 0.769451 0.300317 0.00764762
279 0.769451 0.290942 0.00659925
280 0.769451 0.297087 0.00811802
281 0.769451 0.287866 0.00670203
282 0.769451 0.283987 0.00711534
283 0.769451 0.298001 0.00814515
284 0.769451 0.303807 0.00958684
285 0.769451 0.294067 0.00959666
286 0.769451 0.284987 0.00763137
287 0.769451 0.283593 0.00681384
288 0.769451 0.28496 0.00758711
289 0.769451 0.287099 0.00757293
290 0.769451 0.288734 0.00845923
291 0.769451 0.288536 0.00784177
292 0.769451 0.290414 0.00786042
293 0.769451 0.287729 0.00710589
294 0.769451 0.294595 0.00774111
295 0.769451 0.288151 0.00678877
296 0.769451 0.282312 0.00658775
297 0.769451 0.28242 0.00634492
298 0.769451 0.278525 0.0068518
299 0.769451 0.286508 0.007289
300 0.769451 0.290856 0.00828974
301 0.769451 0.283161 0.00725594
302 0.769451 0.288352 0.00739274
303 0.769451 0.286194 0.00693687
304 0.769451 0.274602 0.00664608
305 0.769451 0.280816 0.00796105
306 0.769451 0.278939 0.00673834
307 0.769451 0.28075 0.00680847
308 0.769451 0.280223 0.00737533
309 0.769451 0.277301 0.00667323
310 0.769451 0.281658 0.00874815
311 0.769451 0.290626 0.0100653
312 0.769451 0.283936 0.00814925
313 0.769451 0.286622 0.00981408
314 0.769451 0.278833 0.00695454
315 0.769451 0.283662 0.00811623
316 0.769451 0.278832 0.00722585
317 0.769451 0.279636 0.00685238
318 0.769451 0.282885 0.00702672
319 0.769451 0.288672 0.00760059
320 0.769451 0.286476 0.00766053
321 0.769451 0.291646 0.00844379
322 0.769451 0.291021 0.00920475
323 0.769451 0.284692 0.00817152
324 0.769451 0.28152 0.00735486
325 0.769451 0.279761 0.00713049
326 0.769451 0.27993 0.00742874
327 0.769451 0.288527 0.00796174
328 0.769451 0.279355 0.00691219
329 0.769451 0.274673 0.00693051
330 0.769451 0.279022 0.00734267
331 0.769451 0.268227 0.00615027
332 0.769451 0.280074 0.00912524
333 0.769451 0.283273 0.00837899
334 0.769451 0.289343 0.0101391
335 0.769451 0.283269 0.00672858
336 0.769451 0.280259 0.00668138
337 0.769451 0.291662 0.00759408
338 0.769451 0.291204 0.00781265
339 0.769451 0.285906 0.00689542
340 0.769451 0.282903 0.00695817
341 0.769451 0.284623 0.00699871
342 0.769451 0.288306 0.00709765
343 0.769451 0.287989 0.00712973
344 0.769451 0.286426 0.00606203
345 0.769451 0.29043 0.00674943
346 0.769451 0.292728 0.00732689
347 0.769451 0.294485 0.00807684
348 0.769451 0.284849 0.00639107
349 0.769451 0.28324 0.006137
350 0.769451 0.287071 0.00671142
351 0.769451 0.285189 0.00665433
352 0.769451 0.289537 0.00694367
353 0.769451 0.284572 0.0069294
354 0.769451 0.281501 0.0061662
355 0.769451 0.287141 0.00727879
356 0.769451 0.288498 0.00740047
357 0.769451 0.29487 0.00865939
358 0.769451 0.289109 0.00859525
359 0.769451 0.294218 0.00771999
360 0.769451 0.293207 0.00737486
361 0.769451 0.285212 0.00723457
362 0.769451 0.288432 0.00791422
363 0.769451 0.291025 0.00806071
364 0.769451 0.287656 0.00695421
365 0.769451 0.283817 0.00687498
366 0.769451 0.282013 0.00734577
367 0.769451 0.288745 0.00748223
368 0.769451 0.287715 0.00730189
369 0.769451 0.296108 0.0086954
370 0.769451 0.298019 0.00885569
371 0.769451 0.300279 0.00942934
372 0.769451 0.30784 0.0104919
373 0.769451 0.296632 0.00856997
374 0.769451 0.308686 0.00917356
375 0.769451 0.293706 0.00841728
376 0.769451 0.291225 0.0071819
377 0.769451 0.301617 0.0097521
378 0.769451 0.298038 0.0105304
379 0.769451 0.297606 0.00776949
380 0.769451 0.299695 0.00838857
381 0.769451 0.293054 0.00824243
382 0.769451 0.292237 0.00776477
383 0.769451 0.282685 0.00666053
384 0.769451 0.289216 0.00709418
385 0.769451 0.296002 0.00778734
386 0.769451 0.300425 0.00809287
387 0.769451 0.294302 0.00730807
388 0.769451 0.298617 0.00783814
389 0.769451 0.288083 0.00707858
390 0.769451 0.290917 0.00835047
391 0.769451 0.282867 0.00676131
392 0.769451 0.290656 0.00719837
393 0.769451 0.28909 0.00947008
394 0.769451 0.286415 0.00736951
395 0.769451 0.292873 0.00773733
396 0.769451 0.299549 0.00990944
397 0.769451 0.300024 0.00925167
398 0.769451 0.285282 0.00743327
399 0.769451 0.288889 0.00773813
400 0.769451 0.29309 0.00720915
401 0.769451 0.309393 0.0091775
402 0.769451 0.294298 0.00792031
403 0.769451 0.297662 0.0082359
404 0.769451 0.302588 0.00882239
405 0.769451 0.303676 0.00998926
406 0.769451 0.309675 0.0103984
407 0.769451 0.298606 0.00727139
408 0.769451 0.297597 0.00781643
409 0.769451 0.29665 0.00991032
410 0.769451 0.285441 0.00672847
411 0.769451 0.297326 0.0077244
412 0.769451 0.294021 0.00772824
413 0.769451 0.298548 0.00938505
414 0.769451 0.293024 0.0090017
415 0.769451 0.295283 0.00743307
416 0.769451 0.282676 0.00700361
417 0.769451 0.284261 0.00656952
418 0.769451 0.288014 0.00756701
419 0.769451 0.294446 0.00874058
420 0.769451 0.292383 0.00846502
421 0.769451 0.285716 0.00748966
422 0.769451 0.295825 0.00805644
423 0.769451 0.289201 0.00755875
424 0.769451 0.287129 0.00753717
425 0.769451 0.295492 0.00825289
426 0.769451 0.284403 0.00643039
427 0.769451 0.288186 0.00790999
428 0.769451 0.285731 0.00770594
429 0.769451 0.289182 0.00746018
430 0.769451 0.287036 0.00803658
431 0.769451 0.287061 0.0071962
432 0.769451 0.28715 0.006518
433 0.769451 0.29606 0.00837509
434 0.769451 0.295015 0.00732331
435 0.769451 0.295631 0.00829006
436 0.769451 0.292867 0.00711524
437 0.769451 0.29085 0.00790041
438 0.769451 0.288027 0.00762435
439 0.769451 0.299299 0.0111029
440 0.769451 0.293816 0.00805867
441 0.769451 0.307554 0.0111574
442 0.769451 0.306475 0.0116462
443 0.769451 0.286224 0.00699964
444 0.769451 0.284165 0.00693235
445 0.769451 0.297472 0.00904858
446 0.769451 0.300416 0.00954793
447 0.769451 0.28952 0.00799603
448 0.769451 0.286967 0.00671075
449 0.769451 0.289055 0.008765
450 0.769451 0.291163 0.00781928
451 0.769451 0.286912 0.00833226
452 0.769451 0.278072 0.0071945
453 0.769451 0.289216 0.00736946
454 0.769451 0.287288 0.00857006
455 0.769451 0.28048 0.00701502
456 0.769451 0.27644 0.00663283
457 0.769451 0.282269 0.00810389
458 0.769451 0.286014 0.007507
459 0.769451 0.287785 0.00800338
460 0.769451 0.28738 0.00794877
461 0.769451 0.283938 0.00833453
462 0.769451 0.278226 0.00720029
463 0.769451 0.283122 0.00727195
464 0.769451 0.287574 0.00773194
465 0.769451 0.282848 0.00745543
466 0.769451 0.281219 0.00742831
467 0.769451 0.288495 0.0083478
468 0.769451 0.282266 0.00842962
469 0.769451 0.285224 0.00735476
470 0.769451 0.288629 0.00846644
471 0.769451 0.279356 0.00707598
472 0.769451 0.280054 0.00667666
473 0.769451 0.283997 0.00978963
474 0.769451 0.282341 0.00781607
475 0.769451 0.283302 0.00817761
476 0.769451 0.278503 0.00704409
477 0.769451 0.276066 0.0064451
478 0.769451 0.280417 0.00674878
479 0.769451 0.281754 0.00765089
480 0.769451 0.288603 0.00816497
481 0.769451 0.276341 0.00670721
482 0.769451 0.284278 0.00714217
483 0.769451 0.283097 0.00781834
484 0.769451 0.27787 0.00683941
485 0.769451 0.280786 0.00700747
486 0.769451 0.285864 0.00750966
487 0.769451 0.277505 0.00659914
488 0.769451 0.283873 0.00693949
489 0.769451 0.282637 0.00686707
490 0.769451 0.278009 0.00662995
491 0.769451 0.290383 0.00920704
492 0.769451 0.277022 0.00679451
493 0.769451 0.283211 0.00703813
494 0.769451 0.288794 0.00870655
495 0.769451 0.292733 0.00763504
496 0.769451 0.295765 0.0104911
497 0.769451 0.284557 0.00916024
498 0.769451 0.289747 0.00938625
499 0.769451 0.295656 0.00799225
500 0.769451 0.292758 0.010668
501 0.769451 0.286896 0.00690806
502 0.769451 0.300073 0.00864547
503 0.769451 0.292892 0.00793714
504 0.769451 0.296615 0.0088158
505 0.769451 0.277857 0.00657069
506 0.769451 0.280906 0.00632958
507 0.769451 0.293704 0.00968124
508 0.769451 0.297425 0.00971412
509 0.769451 0.296868 0.00813378
510 0.769451 0.294322 0.00837158
511 0.769451 0.284417 0.00679122
512 0.769451 0.287766 0.00711524
513 0.769451 0.29359 0.00949113
514 0.769451 0.290332 0.00789852
515 0.769451 0.301274 0.00900605
516 0.769451 0.293971 0.00891661
517 0.769451 0.284023 0.0073174
518 0.769451 0.285475 0.0070187
519 0.769451 0.285175 0.00805118
520 0.769451 0.28981 0.00731022
521 0.769451 0.285137 0.00639231
522 0.769451 0.291492 0.00805775
523 0.769451 0.287498 0.00789443
524 0.769451 0.279998 0.00736399
525 0.769451 0.288488 0.00768531
526 0.769451 0.297184 0.00795137
527 0.769451 0.289578 0.00728665
528 0.769451 0.295295 0.00771239
529 0.769451 0.296027 0.00797693
530 0.769451 0.297985 0.00786513
531 0.771665 0.291998 0.0100696
532 0.771665 0.28718 0.00922739
533 0.771665 0.28851 0.00730316
534 0.771665 0.296631 0.00957373
535 0.771665 0.299348 0.00994195
536 0.771665 0.296038 0.00760185
537 0.771665 0.291359 0.00893136
538 0.771665 0.281269 0.00727741
539 0.771665 0.286619 0.00772616
540 0.771665 0.284372 0.00719935
541 0.771665 0.288091 0.00804361
542 0.771665 0.28361 0.00783616
543 0.771665 0.285142 0.00737043
544 0.771665 0.286238 0.00827931
545 0.771665 0.285824 0.00697431
546 0.771665 0.292723 0.00812011
547 0.771665 0.289794 0.00701559
548 0.771665 0.290268 0.00791951
549 0.771665 0.288983 0.00778318
550 0.771665 0.279619 0.00689106
551 0.771665 0.281724 0.00744997
552 0.771665 0.285668 0.00799356
553 0.771665 0.282341 0.00707015
554 0.771665 0.276914 0.00722324
555 0.771665 0.284029 0.00714398
556 0.771665 0.290036 0.00769559
557 0.771665 0.288417 0.00712387
558 0.771665 0.280028 0.0071459
559 0.771665 0.273003 0.00650446
560 0.771665 0.275218 0.00719805
561 0.771665 0.27544 0.00709563
562 0.771665 0.276591 0.00684148
563 0.771665 0.274603 0.00700734
564 0.771665 0.288247 0.00926154
565 0.771665 0.284696 0.0103056
566 0.771665 0.280861 0.0107654
567 0.771665 0.280103 0.00664454
568 0.771665 0.274712 0.00709048
569 0.771665 0.280646 0.00820251
570 0.771665 0.281566 0.00842832
571 0.771665 0.277356 0.00716761
572 0.771665 0.282162 0.0073604
573 0.771665 0.29203 0.00905615
574 0.771665 0.284502 0.00693892
575 0.771665 0.285067 0.00677161
576 0.771665 0.285293 0.00731929
577 0.771665 0.279852 0.00669423
578 0.771665 0.280148 0.00719915
579 0.771665 0.284188 0.00824104
580 0.771665 0.285586 0.00869457
581 0.771665 0.28027 0.00678266
582 0.771665 0.287055 0.00698592
583 0.771665 0.279128 0.00711281
584 0.771665 0.289923 0.00865084
585 0.771665 0.288524 0.00765125
586 0.771665 0.286464 0.00700163
587 0.771665 0.277568 0.0065926
588 0.771665 0.291098 0.00956077
589 0.771665 0.28626 0.00787938
590 0.771665 0.280859 0.00656538
591 0.771665 0.280342 0.0069365
592 0.771665 0.282394 0.00732254
593 0.771665 0.284518 0.00694918
594 0.771665 0.290968 0.00921341
595 0.771665 0.280108 0.00701506
596 0.771665 0.281655 0.00676635
597 0.771665 0.278407 0.00650992
598 0.771665 0.281885 0.00684932
599 0.771665 0.287983 0.00940268
600 0.771665 0.274333 0.00615155
601 0.771665 0.27768 0.00698558
602 0.771665 0.280156 0.00740135
603 0.771665 0.289948 0.0092532
604 0.771665 0.286156 0.00837015
605 0.771665 0.278631 0.00751245
606 0.771665 0.287612 0.00873884
607 0.771665 0.276331 0.0071091
608 0.771665 0.279008 0.00682132
609 0.771665 0.273059 0.00605298
610 0.771665 0.274354 0.00644145
611 0.80541 0.281244 0.00954675
612 0.80541 0.284486 0.00878127
613 0.80541 0.274316 0.00692929
614 0.80541 0.282612 0.00959682
615 0.80541 0.282379 0.00792608
616 0.80541 0.2803 0.00725991
617 0.80541 0.280864 0.00868287
618 0.80541 0.278993 0.00742868
619 0.80541 0.285923 0.00867799
620 0.80541 0.279861 0.0072614
621 0.80541 0.280997 0.00744124
622 0.80541 0.288837 0.00991872
623 0.80541 0.284842 0.00848814
624 0.80541 0.29361 0.00961981
625 0.80541 0.278917 0.00708877
626 0.80541 0.282387 0.00731103
627 0.80541 0.281621 0.0076627
628 0.80541 0.281888 0.00782142
629 0.80541 0.283444 0.00816793
630 0.80541 0.272529 0.00653458
631 0.80541 0.283227 0.00787263
632 0.80541 0.282803 0.00764156
633 0.80541 0.286169 0.00771697
634 0.80541 0.283995 0.00769752
635 0.80541 0.291509 0.00873418
636 0.80541 0.287977 0.00735051
637 0.80541 0.281144 0.00695717
638 0.80541 0.27842 0.00733748
639 0.80541 0.283255 0.00798397
640 0.80541 0.274245 0.00684585
641 0.80541 0.282026 0.00774628
642 0.80541 0.282078 0.00772106
643 0.80541 0.289569 0.0080159
644 0.80541 0.281855 0.00747617
645 0.80541 0.301668 0.0112049
646 0.80541 0.295064 0.00953245
647 0.80541 0.281023 0.00694149
648 0.80541 0.289266 0.00812673
649 0.80541 0.293518 0.00872377
650 0.80541 0.294211 0.0121231
651 0.80541 0.285769 0.00799303
652 0.80541 0.284542 0.00769638
653 0.80541 0.286091 0.00765919
654 0.80541 0.280512 0.00701937
655 0.80541 0.2819 0.00794329
656 0.80541 0.279064 0.00783511
657 0.80541 0.27876 0.00706713
658 0.80541 0.283713 0.00814049
659 0.80541 0.279136 0.00698272
660 0.80541 0.278688 0.00699411
661 0.80541 0.283857 0.00772806
662 0.80541 0.278976 0.00753315
663 0.80541 0.276503 0.0071931
664 0.80541 0.284283 0.00984533
665 0.80541 0.291688 0.0120114
666 0.80541 0.279407 0.00681754
667 0.80541 0.277874 0.0070534
668 0.80541 0.277887 0.00710377
669 0.80541 0.284577 0.0078512
670 0.80541 0.280271 0.00756477
671 0.80541 0.275834 0.00729683
672 0.80541 0.28592 0.0088283
673 0.80541 0.286645 0.0101153
674 0.80541 0.280385 0.00751957
675 0.80541 0.281708 0.00766162
676 0.80541 0.283959 0.00864598
677 0.80541 0.295919 0.012709
678 0.80541 0.289263 0.0087323
679 0.80541 0.289025 0.0095993
680 0.80541 0.286948 0.00863455
681 0.80541 0.290019 0.00881938
682 0.80541 0.279136 0.00716339
683 0.80541 0.27922 0.00755904
684 0.81691 0.29139 0.0107481
685 0.81691 0.291647 0.00984905
686 0.81691 0.287916 0.0106162
687 0.81691 0.284818 0.0087137
688 0.81691 0.292864 0.00977882
689 0.81691 0.286597 0.00833265
690 0.81691 0.287973 0.00978259
691 0.81691 0.288304 0.0104235
692 0.81691 0.292346 0.0100433
693 0.81691 0.292032 0.0107547
694 0.81691 0.281644 0.00788587
695 0.81691 0.28819 0.00797313
696 0.81691 0.294318 0.00922065
697 0.81691 0.292591 0.00882926
698 0.81691 0.289337 0.00838423
699 0.81691 0.294635 0.00949313
700 0.81691 0.297168 0.011578
701 0.81691 0.28818 0.0101953
702 0.81691 0.282995 0.00732168
703 0.81691 0.282445 0.007397
704 0.81691 0.277465 0.00735809
705 0.81691 0.288611 0.0111822
706 0.81691 0.289584 0.00941664
707 0.81691 0.28695 0.0085726
708 0.81691 0.287627 0.00841737
709 0.81691 0.28466 0.00935609
710 0.81691 0.286254 0.00859702
711 0.81691 0.285942 0.00798069
712 0.81691 0.285824 0.00811798
713 0.81691 0.289609 0.00889139
714 0.81691 0.284803 0.00828356
715 0.81691 0.284726 0.00780024
716 0.81691 0.294858 0.00919411
717 0.81691 0.290451 0.0078055
718 0.81691 0.28488 0.00757194
719 0.81691 0.288328 0.00871307
720 0.81691 0.284498 0.0081785
721 0.81691 0.295488 0.010826
722 0.81691 0.291326 0.00863035
723 0.81691 0.2852 0.00789619
724 0.81691 0.294612 0.00935933
725 0.81691 0.280815 0.00711219
726 0.81691 0.282058 0.00734468
727 0.81691 0.279048 0.00732306
728 0.81691 0.288091 0.00841822
729 0.81691 0.288493 0.00828979
730 0.81691 0.294458 0.00896141
731 0.81691 0.282281 0.00750372
732 0.81691 0.285331 0.00753677
733 0.81691 0.282714 0.00751516
734 0.81691 0.28335 0.00722518
735 0.81691 0.288178 0.00851069
736 0.81691 0.288766 0.00786809
737 0.81691 0.292351 0.00992715
738 0.81691 0.285828 0.00717157
739 0.81691 0.287099 0.00790814
740 0.81691 0.288377 0.00835641
741 0.81691 0.302823 0.0090507
742 0.81691 0.295565 0.00743413
743 0.81691 0.290948 0.00817069
744 0.81691 0.29416 0.00921252
745 0.81691 0.295598 0.00859133
746 0.81691 0.284363 0.00740697
747 0.81691 0.291458 0.00860635
748 0.81691 0.289498 0.00762491
749 0.81691 0.293255 0.00832532
750 0.81691 0.293537 0.00816719
751 0.81691 0.286503 0.00917798
752 0.81691 0.284468 0.00836403
753 0.81691 0.293723 0.00831248
754 0.81691 0.296282 0.00827894
755 0.81691 0.292523 0.00859662
756 0.81691 0.295947 0.00791868
757 0.81691 0.299654 0.00853301
758 0.81691 0.305411 0.0118233
759 0.81691 0.294184 0.0114086
760 0.81691 0.288889 0.00815024
761 0.81691 0.290439 0.0080504
762 0.81691 0.28707 0.0087105
763 0.81691 0.290476 0.00897652
764 0.81691 0.283319 0.00838099
765 0.81691 0.293789 0.0100228
766 0.81691 0.29247 0.00994481
767 0.81691 0.279436 0.00831067
768 0.81691 0.281717 0.00858674
769 0.81691 0.285293 0.00884696
770 0.81691 0.282032 0.0076303
771 0.81691 0.277908 0.00825407
772 0.81691 0.283928 0.0096798
773 0.81691 0.279999 0.00875586
774 0.81691 0.288239 0.011354
775 0.81691 0.275427 0.00775243
776 0.81691 0.283352 0.00765407
777 0.81691 0.282118 0.00791175
778 0.81691 0.2749 0.00767273
779 0.81691 0.274687 0.00706828
780 0.81691 0.274584 0.0071065
781 0.81691 0.28329 0.00942944
782 0.81691 0.289024 0.00839661
783 0.81691 0.292603 0.00924756
784 0.81691 0.290762 0.00855183
785 0.81691 0.294645 0.00937713
786 0.81691 0.288345 0.00907592
787 0.81691 0.290394 0.00961019
788 0.81691 0.284959 0.00975538
789 0.81691 0.292561 0.00909999
790 0.81691 0.287292 0.00893597
791 0.81691 0.283723 0.00919454
792 0.81691 0.292341 0.0125235
793 0.81691 0.280997 0.00896697
794 0.81691 0.28161 0.00829746
795 0.81691 0.286735 0.00921466
796 0.81691 0.281438 0.010031
797 0.81691 0.276134 0.00797648
798 0.81691 0.282736 0.00736814
799 0.81691 0.288343 0.00857479
800 0.81691 0.288985 0.0109462
801 0.81691 0.287934 0.00860811
802 0.81691 0.279995 0.00823404
803 0.81691 0.280833 0.00770944
804 0.81691 0.28505 0.00842364
805 0.81691 0.284806 0.00801495
806 0.81691 0.284666 0.00824492
807 0.81691 0.286071 0.00859697
808 0.81691 0.282793 0.0088294
809 0.81691 0.286437 0.00891905
810 0.81691 0.291376 0.00841058
811 0.81691 0.28631 0.0085855
812 0.81691 0.288915 0.00824989
813 0.81691 0.289121 0.00864584
814 0.81691 0.285613 0.00845339
815 0.81691 0.280876 0.00763427
816 0.81691 0.288604 0.00824353
817 0.81691 0.281265 0.00804279
818 0.81691 0.289934 0.0126664
819 0.81691 0.288284 0.00973322
820 0.81691 0.29691 0.0111911
821 0.81691 0.283806 0.00939374
822 0.81691 0.282927 0.0113095
823 0.81691 0.27592 0.00776594
824 0.81691 0.284642 0.00891245
825 0.81691 0.279593 0.00933272
826 0.81691 0.282994 0.00860013
827 0.81691 0.286615 0.00978171
828 0.81691 0.284648 0.0102287
829 0.81691 0.280446 0.00816305
830 0.81691 0.277771 0.00716328
831 0.81691 0.284275 0.00912467
832 0.81691 0.280796 0.00919588
833 0.81691 0.282344 0.00872911
834 0.81691 0.275486 0.00751694
835 0.81691 0.279349 0.00750029
836 0.81691 0.287901 0.00831922
837 0.81691 0.289074 0.0082296
838 0.81691 0.288999 0.0100038
839 0.81691 0.286278 0.0081429
840 0.81691 0.278515 0.00784813
841 0.81691 0.277134 0.00811353
842 0.81691 0.27437 0.00809674
843 0.81691 0.285505 0.00839608
844 0.81691 0.281553 0.00803733
845 0.81691 0.282439 0.00814823
846 0.81691 0.284804 0.0098584
847 0.81691 0.284753 0.0108526
848 0.81691 0.283875 0.00882269
849 0.81691 0.281922 0.00829149
850 0.81691 0.288068 0.0120453
851 0.81691 0.288672 0.00900337
852 0.81691 0.290884 0.0110565
853 0.81691 0.290843 0.0100976
854 0.81691 0.294667 0.00972175
855 0.81691 0.289987 0.00890043
856 0.81691 0.290535 0.00822293
857 0.81691 0.29791 0.0107219
858 0.81691 0.289097 0.00805173
859 0.81691 0.299371 0.0101405
860 0.81691 0.280412 0.0077903
861 0.81691 0.286239 0.00826005
862 0.81691 0.287087 0.00917168
863 0.81691 0.292393 0.00961507
864 0.81691 0.28521 0.00816595
865 0.81691 0.288779 0.00875142
866 0.81691 0.30006 0.00926463
867 0.81691 0.288706 0.00835247
868 0.81691 0.296084 0.0091829
869 0.81691 0.293884 0.00854577
870 0.81691 0.287726 0.00799103
871 0.81691 0.284729 0.00812961
872 0.81691 0.287344 0.0078004
873 0.81691 0.293209 0.00835184
874 0.81691 0.289988 0.00985204
875 0.81691 0.283973 0.00750001
876 0.81691 0.293955 0.00908785
877 0.81691 0.290086 0.00962855
878 0.81691 0.287294 0.0103321
879 0.81691 0.28936 0.00950548
880 0.81691 0.288078 0.00881408
881 0.81691 0.303849 0.0129507
882 0.81691 0.289554 0.00864895
883 0.81691 0.281586 0.00879869
884 0.81691 0.292007 0.00849382
885 0.81691 0.28619 0.00964039
886 0.81691 0.281211 0.0083016
887 0.81691 0.286475 0.00806948
888 0.81691 0.286875 0.00826101
889 0.838144 0.305508 0.0130991
890 0.838144 0.281647 0.00836132
891 0.838144 0.302975 0.0121349
892 0.838144 0.290916 0.010374
893 0.838144 0.290152 0.00897733
894 0.838144 0.284569 0.00830444
895 0.838144 0.287618 0.00958849
896 0.838144 0.288027 0.00805093
897 0.838144 0.286166 0.00785142
898 0.838144 0.287138 0.00872084
899 0.838144 0.280245 0.00830714
900 0.838144 0.282871 0.00814285
901 0.838144 0.292722 0.00847261
902 0.838144 0.294492 0.0094199
903 0.838144 0.289451 0.00858065
904 0.838144 0.282814 0.00807822
905 0.838144 0.293494 0.00859636
906 0.838144 0.29173 0.0086687
907 0.838144 0.292062 0.00888273
908 0.838144 0.290846 0.00903868
909 0.838144 0.28827 0.0111355
910 0.838144 0.284442 0.00826932
911 0.838144 0.287222 0.00819702
912 0.838144 0.289163 0.008327
913 0.838144 0.290675 0.00885714
914 0.838144 0.299471 0.0105009
915 0.838144 0.293839 0.00981811
916 0.838144 0.293405 0.00955872
917 0.838144 0.297848 0.00951289
918 0.838144 0.29667 0.00884378
919 0.838144 0.296031 0.0105282
920 0.838144 0.284162 0.00777747
921 0.838144 0.294291 0.00986256
922 0.838144 0.296012 0.0097316
923 0.838144 0.301519 0.00995607
924 0.838144 0.291194 0.0079791
925 0.838144 0.298819 0.00862382
926 0.838144 0.295154 0.0105639
927 0.838144 0.288238 0.00817512
928 0.838144 0.295688 0.0106711
929 0.838144 0.299388 0.0090738
930 0.838144 0.301241 0.0120033
931 0.838144 0.288664 0.00861375
932 0.838144 0.289131 0.00816848
933 0.838144 0.293413 0.00852214
934 0.838144 0.299073 0.00833505
935 0.838144 0.29607 0.00862412
936 0.838144 0.297939 0.00938852
937 0.838144 0.304463 0.0106797
938 0.838144 0.294103 0.00794701
939 0.838144 0.30279 0.0100099
940 0.838144 0.305916 0.0097581
941 0.838144 0.314912 0.012646
942 0.838144 0.305013 0.0105882
943 0.838144 0.298052 0.00842327
944 0.838144 0.302407 0.00961563
945 0.838144 0.29346 0.00794176
946 0.838144 0.293263 0.00852819
947 0.838144 0.287237 0.00834182
948 0.838144 0.283688 0.00791612
949 0.838144 0.290977 0.00872137
950 0.838144 0.296379 0.00850895
951 0.838144 0.296603 0.00885535
952 0.838144 0.298415 0.00883607
953 0.838144 0.296096 0.00952607
954 0.838144 0.295851 0.00822845
955 0.840848 0.292269 0.0110523
956 0.840848 0.291663 0.00913594
957 0.840848 0.299106 0.00883069
958 0.840848 0.301829 0.0101882
959 0.840848 0.309854 0.0111012
960 0.840848 0.295348 0.00891728
961 0.840848 0.289706 0.00838001
962 0.840848 0.286933 0.00927054
963 0.840848 0.286276 0.00800119
964 0.840848 0.287868 0.00865069
965 0.840848 0.297737 0.0112144
966 0.840848 0.297976 0.0108781
967 0.840848 0.291133 0.0105082
968 0.840848 0.290621 0.00868331
969 0.840848 0.288373 0.00786418
970 0.840848 0.302831 0.0108513
971 0.840848 0.301537 0.00975129
972 0.840848 0.295031 0.00860129
973 0.840848 0.303327 0.0116928
974 0.840848 0.290676 0.00828164
975 0.840848 0.28668 0.00847892
976 0.840848 0.290512 0.00839879
977 0.840848 0.291683 0.00932263
978 0.840848 0.292811 0.00845504
979 0.840848 0.289166 0.0086541
980 0.840848 0.297215 0.00951325
981 0.840848 0.294271 0.00880686
982 0.840848 0.295406 0.00895591
983 0.840848 0.294314 0.00910372
984 0.840848 0.300121 0.00916547
985 0.840848 0.289941 0.00892881
986 0.840848 0.292033 0.00883066
987 0.840848 0.288754 0.0088029
988 0.840848 0.279922 0.00825064
989 0.840848 0.283495 0.00855368
990 0.840848 0.292394 0.00908474
991 0.840848 0.290047 0.0113126
992 0.840848 0.287597 0.00904124
993 0.840848 0.287816 0.00896736
994 0.840848 0.291565 0.00839926
995 0.840848 0.286265 0.00979755
996 0.840848 0.282825 0.00810156
997 0.840848 0.28135 0.00868441
998 0.840848 0.281696 0.00846609
999 0.840848 0.283367 0.00860832
1000 0.840848 0.281714 0.0109189
