0 0.270816 0.24822 0.000508763
1 0.27485 0.249199 0.000564608
2 0.290123 0.251485 0.000608083
3 0.290123 0.252007 0.00014256
4 0.306452 0.252442 0.000171307
5 0.412338 0.25416 0.00102175
6 0.412338 0.26103 0.00116348
7 0.412338 0.259495 0.00122639
8 0.412338 0.258657 0.00188197
9 0.412992 0.260189 0.00201475
10 0.414005 0.270456 0.00239718
11 0.426207 0.281375 0.00340665
12 0.426207 0.281115 0.00484006
13 0.426207 0.284413 0.00470024
14 0.426207 0.290351 0.00475585
15 0.427064 0.286706 0.00522377
16 0.501016 0.295715 0.00580038
17 0.501016 0.288468 0.00566028
18 0.504931 0.290971 0.00541568
19 0.504931 0.294854 0.00569018
20 0.504931 0.290919 0.00560137
21 0.61323 0.297829 0.0081815
22 0.61323 0.303056 0.0103418
23 0.636669 0.3077 0.0124865
24 0.636669 0.318728 0.0152295
25 0.645549 0.328486 0.0217035
26 0.645549 0.346938 0.0268754
27 0.6663 0.356836 0.0284003
28 0.6663 0.380861 0.0294409
29 0.676518 0.40611 0.0307682
30 0.676518 0.426661 0.0320563
31 0.676518 0.448762 0.0322039
32 0.676518 0.458909 0.0279861
33 0.676518 0.458528 0.0283907
34 0.688382 0.475123 0.0295179
35 0.699849 0.505395 0.0272231
36 0.699849 0.512246 0.0277438
37 0.699849 0.510068 0.0254825
38 0.706244 0.505572 0.0251048
39 0.706244 0.523667 0.0233389
40 0.706244 0.526125 0.0200623
41 0.706244 0.554065 0.0151527
42 0.706244 0.55873 0.0134105
43 0.706244 0.556542 0.0122221
44 0.706244 0.562358 0.0102079
45 0.706244 0.550321 0.0114857
46 0.706244 0.566787 0.00928785
47 0.706244 0.566053 0.00917251
48 0.706244 0.559337 0.0100834
49 0.706244 0.567294 0.00983919
50 0.706244 0.55948 0.00821086
51 0.706244 0.549636 0.00988685
52 0.710669 0.549181 0.0114234
53 0.714649 0.542915 0.0116529
54 0.714649 0.555154 0.00918115
55 0.714649 0.557667 0.00851054
56 0.714649 0.552819 0.00955345
57 0.714649 0.553121 0.00959147
58 0.714649 0.558787 0.0103234
59 0.714649 0.560582 0.0103079
60 0.716272 0.566514 0.0095371
61 0.716272 0.573348 0.0103916
62 0.717292 0.572954 0.00931687
63 0.727233 0.573974 0.0090332
64 0.727233 0.578536 0.00942627
65 0.727233 0.559715 0.0109448
66 0.729408 0.566303 0.0111561
67 0.729408 0.567166 0.0119691
68 0.729408 0.578719 0.010496
69 0.729408 0.603945 0.00854404
70 0.733997 0.61697 0.00771537
71 0.760188 0.600801 0.00852144
72 0.760188 0.614434 0.00806031
73 0.760188 0.603014 0.00957328
74 0.760188 0.61322 0.00977819
75 0.760188 0.608184 0.0126089
76 0.760188 0.614261 0.0109431
77 0.760188 0.618988 0.0104868
78 0.760188 0.614705 0.00935981
79 0.760188 0.611758 0.0106673
80 0.760188 0.618504 0.00927126
81 0.763863 0.633792 0.0077654
82 0.763863 0.625862 0.00894117
83 0.763863 0.628305 0.00913451
84 0.763863 0.624361 0.0105151
85 0.763863 0.632162 0.0106817
86 0.763863 0.631709 0.011442
87 0.763863 0.643283 0.00826458
88 0.763863 0.651929 0.00614702
89 0.763863 0.656174 0.00582655
90 0.763863 0.651049 0.00597141
91 0.763863 0.640139 0.00740251
92 0.763863 0.648192 0.00676472
93 0.763863 0.651824 0.00698306
94 0.765144 0.654332 0.00588808
95 0.765144 0.656306 0.00639541
96 0.765144 0.648632 0.00700018
97 0.775274 0.640907 0.00632873
98 0.775274 0.646957 0.00683806
99 0.782263 0.649517 0.00757064
100 0.782263 0.654194 0.00779633
101 0.782263 0.652927 0.00659678
102 0.782263 0.6448 0.00899263
103 0.782263 0.63815 0.00893263
104 0.782263 0.635932 0.00892021
105 0.782263 0.641619 0.00934921
106 0.782263 0.641929 0.00771418
107 0.782263 0.636131 0.00837271
108 0.782263 0.649498 0.0074775
109 0.782263 0.661391 0.00634424
110 0.782263 0.662067 0.00791085
111 0.782263 0.671592 0.00590955
112 0.782263 0.659638 0.00619872
113 0.782263 0.646753 0.00889287
114 0.782263 0.657561 0.00766176
115 0.782263 0.646283 0.00770606
116 0.782263 0.649188 0.0080662
117 0.782263 0.640096 0.00967399
118 0.782263 0.624415 0.0099309
119 0.782263 0.622896 0.0105517
120 0.782263 0.627955 0.0112482
121 0.782263 0.623817 0.0101724
122 0.782263 0.624932 0.0104781
123 0.782263 0.631776 0.0101823
124 0.786875 0.628518 0.0107331
125 0.786875 0.638236 0.0107938
126 0.786875 0.637977 0.00976139
127 0.786875 0.636705 0.00863984
128 0.786875 0.653642 0.00682955
129 0.786875 0.641587 0.00850465
130 0.786875 0.630751 0.0113108
131 0.786875 0.639836 0.0105961
132 0.786875 0.648983 0.0102443
133 0.786875 0.647761 0.00961397
134 0.786875 0.652284 0.00791059
135 0.786875 0.649253 0.00751766
136 0.786875 0.651611 0.00731673
137 0.788771 0.651344 0.00897507
138 0.788771 0.646754 0.0100221
139 0.788771 0.649114 0.0111907
140 0.788771 0.645812 0.0100134
141 0.788771 0.643066 0.00854333
142 0.788771 0.651072 0.00890883
143 0.788771 0.656326 0.00800706
144 0.788771 0.652784 0.0085104
145 0.788771 0.655509 0.0082135
146 0.788771 0.649396 0.00822519
147 0.788771 0.651038 0.00763695
148 0.788771 0.658536 0.0082356
149 0.788771 0.67359 0.00613239
150 0.788771 0.677935 0.00521885
151 0.788771 0.666187 0.00782148
152 0.788771 0.653031 0.00829901
153 0.788771 0.662412 0.0065531
154 0.788771 0.6684 0.00620232
155 0.789085 0.660953 0.00754817
156 0.789085 0.666605 0.00748239
157 0.789085 0.655863 0.00841132
158 0.792012 0.654112 0.00999025
159 0.792012 0.652395 0.00814675
160 0.792012 0.669146 0.00833942
161 0.792012 0.662898 0.00920421
162 0.792012 0.668688 0.00779048
163 0.795497 0.663028 0.00889699
164 0.795497 0.661034 0.00921844
165 0.795497 0.661431 0.00937446
166 0.795497 0.656573 0.0118371
167 0.798921 0.637185 0.0126919
168 0.798921 0.640156 0.0145544
169 0.798921 0.635118 0.013731
170 0.798921 0.627404 0.0142436
171 0.798921 0.640623 0.0118738
172 0.798921 0.649325 0.0119884
173 0.798921 0.659166 0.0113208
174 0.798921 0.651475 0.0116979
175 0.798921 0.649289 0.0101525
176 0.798921 0.638825 0.0098481
177 0.798921 0.649628 0.0108402
178 0.798921 0.652122 0.00874656
179 0.818468 0.64942 0.0100492
180 0.818468 0.648657 0.0134705
181 0.818468 0.637431 0.0128118
182 0.818468 0.64305 0.0137443
183 0.818468 0.661746 0.00986563
184 0.818468 0.658782 0.00713699
185 0.818468 0.663377 0.0085782
186 0.818468 0.668816 0.00898737
187 0.818468 0.663783 0.010902
188 0.818468 0.6752 0.00957517
189 0.818468 0.6697 0.0110391
190 0.818468 0.656798 0.00997187
191 0.818468 0.673573 0.00814993
192 0.818468 0.67096 0.0082015
193 0.818468 0.667177 0.00799573
194 0.818468 0.675836 0.0062732
195 0.818468 0.669732 0.00865841
196 0.818468 0.653795 0.00904786
197 0.818468 0.642063 0.011174
198 0.818468 0.654802 0.0133643
199 0.818468 0.655002 0.0121013
200 0.818468 0.645431 0.0104626
201 0.818468 0.636606 0.0125245
202 0.818468 0.65578 0.0101256
203 0.818468 0.658347 0.0097178
204 0.818468 0.655087 0.0106019
205 0.818468 0.6668 0.00978023
206 0.818468 0.670844 0.00928121
207 0.819665 0.668571 0.0117652
208 0.819665 0.676148 0.0101139
209 0.819665 0.667796 0.00941013
210 0.819665 0.672819 0.00823046
211 0.819665 0.678398 0.00894305
212 0.819665 0.686517 0.00699941
213 0.819665 0.687492 0.00907092
214 0.819665 0.6917 0.00712735
215 0.819665 0.693783 0.00889712
216 0.819665 0.684108 0.0080932
217 0.819665 0.678793 0.0083382
218 0.819665 0.678603 0.00933768
219 0.819665 0.680172 0.00890109
220 0.819665 0.684416 0.0103415
221 0.819665 0.679773 0.00850079
222 0.819665 0.671117 0.00879792
223 0.819665 0.685967 0.00667681
224 0.819665 0.679671 0.00940066
225 0.819665 0.686389 0.00882786
226 0.819665 0.672471 0.0120469
227 0.819665 0.676326 0.0118663
228 0.819665 0.66816 0.0103256
229 0.819665 0.677722 0.00874414
230 0.819665 0.667991 0.010705
231 0.819665 0.665874 0.0100778
232 0.819665 0.666159 0.00874057
233 0.821374 0.668551 0.00935688
234 0.821374 0.648281 0.0117394
235 0.821374 0.656496 0.00926539
236 0.821374 0.654861 0.0125855
237 0.821374 0.669179 0.0120116
238 0.821374 0.685001 0.00983786
239 0.821374 0.679909 0.00916357
240 0.821374 0.674209 0.0101834
241 0.821374 0.685156 0.0083201
242 0.821374 0.673977 0.00843405
243 0.821374 0.680867 0.0092814
244 0.821374 0.680797 0.00894384
245 0.821374 0.669434 0.0105541
246 0.821374 0.676536 0.0106798
247 0.821374 0.657187 0.0109498
248 0.821374 0.663254 0.00955736
249 0.821374 0.676391 0.00877131
250 0.821374 0.682999 0.00752638
251 0.821374 0.676065 0.00925832
252 0.821374 0.676768 0.00949066
253 0.821374 0.679849 0.00930987
254 0.821374 0.69078 0.0082351
255 0.821374 0.686433 0.00823617
256 0.821374 0.68863 0.00839934
257 0.821374 0.687673 0.00864345
258 0.821374 0.672876 0.0128928
259 0.821374 0.659627 0.0134192
260 0.821374 0.659449 0.0117927
261 0.821374 0.671797 0.0104387
262 0.821374 0.663095 0.0112698
263 0.821374 0.667383 0.00996374
264 0.821374 0.662636 0.00914133
265 0.821374 0.666638 0.0106286
266 0.821374 0.663295 0.0116381
267 0.821374 0.669838 0.0101813
268 0.821374 0.671509 0.01042
269 0.821374 0.690171 0.00752116
270 0.821374 0.682295 0.0104036
271 0.821374 0.67252 0.00997536
272 0.821374 0.666542 0.0108611
273 0.821374 0.652795 0.0114312
274 0.821374 0.668892 0.00983176
275 0.821374 0.674482 0.00920219
276 0.821374 0.671855 0.00902857
277 0.821374 0.660958 0.010938
278 0.821374 0.677673 0.0103144
279 0.821374 0.67605 0.0112474
280 0.821374 0.684892 0.0100316
281 0.821374 0.683565 0.00977865
282 0.821374 0.660538 0.0121325
283 0.821374 0.665547 0.011408
284 0.821374 0.674918 0.0118146
285 0.821374 0.668714 0.00965094
286 0.821374 0.654062 0.0120013
287 0.821374 0.650115 0.0121034
288 0.821374 0.650988 0.0120597
289 0.821374 0.656473 0.0105922
290 0.821374 0.653129 0.0106089
291 0.821374 0.645502 0.014752
292 0.821374 0.651973 0.0126363
293 0.821374 0.659419 0.0137965
294 0.821374 0.6552 0.0135328
295 0.821374 0.671666 0.0109653
296 0.822434 0.678506 0.00879966
297 0.822434 0.659723 0.0102989
298 0.822434 0.663572 0.00984878
299 0.822434 0.673242 0.0108509
300 0.822434 0.671753 0.0112533
301 0.822434 0.679215 0.00890127
302 0.822434 0.678374 0.00858827
303 0.822434 0.664468 0.0120218
304 0.822434 0.662089 0.0119349
305 0.822434 0.668796 0.0124089
306 0.822434 0.663035 0.0119585
307 0.822434 0.67124 0.0106303
308 0.822434 0.664197 0.0107243
309 0.826103 0.673955 0.0114089
310 0.826103 0.683466 0.0103306
311 0.826103 0.68631 0.00977736
312 0.826103 0.679568 0.00933623
313 0.826103 0.672805 0.0105065
314 0.826103 0.66291 0.0100404
315 0.826103 0.664607 0.010793
316 0.826103 0.670055 0.00891286
317 0.826103 0.667455 0.00868064
318 0.826103 0.672405 0.00776616
319 0.826103 0.680222 0.00945845
320 0.826103 0.682894 0.0078269
321 0.826103 0.673356 0.00933143
322 0.826103 0.670536 0.0111985
323 0.826103 0.668064 0.0110271
324 0.826103 0.652021 0.013498
325 0.826103 0.666911 0.0120121
326 0.826103 0.672346 0.00990758
327 0.826103 0.664385 0.00998178
328 0.826103 0.674826 0.0080271
329 0.826103 0.657808 0.0107253
330 0.826103 0.653896 0.0125602
331 0.826103 0.659495 0.0113987
332 0.826103 0.657789 0.0102198
333 0.826103 0.658204 0.0114961
334 0.826103 0.656581 0.0134767
335 0.826103 0.648314 0.0118413
336 0.826103 0.64243 0.0133075
337 0.826103 0.65272 0.0129637
338 0.826103 0.652424 0.0118637
339 0.826103 0.659586 0.0121995
340 0.826103 0.665585 0.0109108
341 0.826103 0.663827 0.0115374
342 0.826103 0.661788 0.00972324
343 0.826103 0.662571 0.00987517
344 0.826103 0.662553 0.0118011
345 0.826103 0.651104 0.0135832
346 0.826103 0.663199 0.00994093
347 0.826103 0.66715 0.00967933
348 0.826103 0.659663 0.0111484
349 0.826103 0.668121 0.00845409
350 0.826103 0.675463 0.00947114
351 0.826103 0.682697 0.00973368
352 0.826103 0.678434 0.00886882
353 0.826103 0.664596 0.00953578
354 0.826103 0.683054 0.0097528
355 0.826103 0.689471 0.0101331
356 0.826103 0.676918 0.0102316
357 0.826103 0.685296 0.00788579
358 0.826103 0.688394 0.00906478
359 0.826103 0.69178 0.00659516
360 0.826103 0.677945 0.0108589
361 0.826103 0.666672 0.0114241
362 0.826103 0.669944 0.0101276
363 0.826103 0.671404 0.0111542
364 0.826103 0.687744 0.0102345
365 0.826103 0.67852 0.00989774
366 0.826103 0.692444 0.00753708
367 0.826103 0.686827 0.00850232
368 0.826103 0.680219 0.0101174
369 0.826103 0.688027 0.0112669
370 0.826103 0.699363 0.0103459
371 0.826103 0.695559 0.00964607
372 0.826103 0.694891 0.0106673
373 0.826103 0.676815 0.0137944
374 0.826103 0.689972 0.0101737
375 0.826103 0.67567 0.0105828
376 0.826103 0.675525 0.00975403
377 0.826103 0.682077 0.0118248
378 0.826103 0.669836 0.0152193
379 0.826103 0.679944 0.0121194
380 0.826103 0.682241 0.0103591
381 0.826103 0.677087 0.0110025
382 0.826103 0.678571 0.00910375
383 0.826103 0.684806 0.00844639
384 0.826103 0.673095 0.0100632
385 0.826103 0.667485 0.0108788
386 0.826103 0.664772 0.0109103
387 0.826103 0.675639 0.00902266
388 0.826103 0.671122 0.0107458
389 0.826103 0.673025 0.0107032
390 0.826103 0.671224 0.0116558
391 0.826103 0.654972 0.0141217
392 0.826103 0.660634 0.0137062
393 0.826103 0.676797 0.0107121
394 0.826103 0.674797 0.00999174
395 0.826103 0.692052 0.00764869
396 0.826103 0.686947 0.00885251
397 0.826103 0.680697 0.00908227
398 0.826103 0.683189 0.00934674
399 0.826103 0.681762 0.00917939
400 0.826103 0.678798 0.0110883
401 0.826103 0.68057 0.00897382
402 0.826103 0.677114 0.00933955
403 0.827912 0.677823 0.0103352
404 0.827912 0.674394 0.0111381
405 0.827912 0.680382 0.0117446
406 0.827912 0.672157 0.0110833
407 0.827912 0.667023 0.0113485
408 0.827912 0.67541 0.00915646
409 0.827912 0.682726 0.00981184
410 0.827912 0.681848 0.0104691
411 0.827912 0.669983 0.00979456
412 0.827912 0.661536 0.0113793
413 0.827912 0.678838 0.0108056
414 0.827912 0.680809 0.0102841
415 0.827912 0.681139 0.0111407
416 0.827912 0.690245 0.00980819
417 0.827912 0.68148 0.0103341
418 0.827912 0.677547 0.011087
419 0.827912 0.684943 0.0106115
420 0.827912 0.675687 0.00913356
421 0.827912 0.670206 0.0119176
422 0.827912 0.6756 0.0111157
423 0.827912 0.683521 0.00932754
424 0.827912 0.680689 0.00905035
425 0.827912 0.686214 0.0102769
426 0.827912 0.682458 0.00989227
427 0.827912 0.676512 0.008222
428 0.827912 0.679472 0.0102775
429 0.827912 0.666827 0.0114788
430 0.827912 0.674859 0.009157
431 0.827912 0.676385 0.0089547
432 0.827912 0.681471 0.00893524
433 0.827912 0.667302 0.0127121
434 0.827912 0.668565 0.0100689
435 0.827912 0.664819 0.00925117
436 0.827912 0.657956 0.0127376
437 0.827912 0.66601 0.0121945
438 0.827912 0.668532 0.0122717
439 0.827912 0.660185 0.0139569
440 0.827912 0.651442 0.0132065
441 0.827912 0.64499 0.011664
442 0.827912 0.67509 0.00859293
443 0.827912 0.670857 0.0118927
444 0.827912 0.661154 0.0125862
445 0.827912 0.677816 0.012167
446 0.827912 0.680978 0.0106002
447 0.827912 0.685384 0.0114433
448 0.827912 0.685692 0.00986143
449 0.827912 0.687314 0.00773689
450 0.827912 0.68029 0.0115361
451 0.827912 0.66956 0.0119984
452 0.827912 0.667598 0.011275
453 0.827912 0.664647 0.0113621
454 0.827912 0.681605 0.00893609
455 0.827912 0.683546 0.00843806
456 0.827912 0.6839 0.008403
457 0.827912 0.670254 0.00882605
458 0.827912 0.661113 0.0119551
459 0.827912 0.666461 0.0110648
460 0.827912 0.667736 0.0114036
461 0.827912 0.675163 0.0119641
462 0.827912 0.681139 0.0095374
463 0.827912 0.685739 0.0100181
464 0.827912 0.680733 0.0103309
465 0.827912 0.671542 0.0121056
466 0.827912 0.679927 0.00934133
467 0.827912 0.682371 0.0102198
468 0.827912 0.685967 0.0109553
469 0.827912 0.672637 0.0096434
470 0.827912 0.665822 0.0128048
471 0.827912 0.647571 0.0155721
472 0.827912 0.669386 0.0129447
473 0.827912 0.673844 0.0108605
474 0.827912 0.681647 0.0123733
475 0.827912 0.67173 0.0121102
476 0.827912 0.656659 0.012455
477 0.827912 0.668614 0.0120745
478 0.827912 0.668022 0.0130484
479 0.827912 0.680856 0.00973827
480 0.827912 0.679989 0.00837315
481 0.827912 0.686653 0.00886579
482 0.827912 0.675219 0.0113108
483 0.827912 0.681372 0.0102553
484 0.827912 0.693429 0.00892281
485 0.827912 0.688751 0.00965801
486 0.827912 0.69242 0.00807697
487 0.828292 0.689219 0.00859193
488 0.828292 0.685571 0.00888873
489 0.828292 0.681482 0.0109988
490 0.828292 0.67883 0.010311
491 0.828292 0.679266 0.0110587
492 0.828292 0.687862 0.00741658
493 0.828292 0.686589 0.00813511
494 0.828292 0.687644 0.00904149
495 0.828292 0.682834 0.00910479
496 0.828292 0.684997 0.00810624
497 0.828292 0.677189 0.0107853
498 0.828292 0.688426 0.00953875
499 0.828292 0.694958 0.00855696
500 0.828292 0.683444 0.00975951
501 0.828292 0.690229 0.00816649
502 0.828292 0.684059 0.00864055
503 0.828292 0.677549 0.00914575
504 0.828292 0.679197 0.0101487
505 0.828292 0.683312 0.0091968
506 0.828617 0.679808 0.00943482
507 0.828617 0.673422 0.0102413
508 0.828617 0.667826 0.0122534
509 0.828617 0.661129 0.012812
510 0.828617 0.656532 0.0128094
511 0.828617 0.65898 0.0112121
512 0.828617 0.66354 0.0100414
513 0.828617 0.679501 0.00926929
514 0.828617 0.689284 0.00788968
515 0.828617 0.679017 0.00744063
516 0.828617 0.668344 0.0101993
517 0.828617 0.679357 0.00931853
518 0.828617 0.677153 0.00808592
519 0.828617 0.676971 0.00984037
520 0.828617 0.687898 0.0096035
521 0.828617 0.680989 0.00931176
522 0.828617 0.685805 0.00954368
523 0.828617 0.680098 0.0109237
524 0.828617 0.676814 0.0101132
525 0.828617 0.678865 0.0121868
526 0.828617 0.683908 0.0100528
527 0.828617 0.665785 0.0135655
528 0.829512 0.684727 0.010004
529 0.829512 0.694754 0.00875511
530 0.829512 0.6967 0.00987571
531 0.829512 0.678681 0.0104516
532 0.829512 0.680941 0.0107637
533 0.829512 0.686402 0.0107349
534 0.829512 0.686063 0.0106716
535 0.829512 0.687482 0.0109113
536 0.829512 0.699551 0.00816415
537 0.829512 0.696615 0.00805602
538 0.829512 0.687273 0.0107659
539 0.829684 0.675644 0.0109742
540 0.829684 0.670555 0.0102975
541 0.829684 0.678892 0.00927526
542 0.829684 0.67758 0.0107045
543 0.829684 0.684804 0.0106365
544 0.829684 0.681789 0.0115078
545 0.829684 0.698516 0.00853187
546 0.829684 0.687235 0.00856771
547 0.829684 0.692424 0.00748106
548 0.829684 0.680201 0.00994622
549 0.829684 0.693505 0.00624322
550 0.829684 0.692869 0.00746333
551 0.829684 0.688073 0.00834352
552 0.829684 0.694374 0.00816382
553 0.829684 0.684594 0.00845008
554 0.829684 0.68009 0.00990057
555 0.830095 0.67451 0.0105689
556 0.830095 0.675947 0.0119371
557 0.830095 0.67517 0.00963314
558 0.830095 0.677692 0.0121124
559 0.830095 0.669982 0.00930006
560 0.830095 0.666844 0.0133051
561 0.830095 0.670135 0.0121845
562 0.830095 0.683858 0.010359
563 0.830095 0.686039 0.0103476
564 0.830095 0.674586 0.0143203
565 0.830095 0.686964 0.00782606
566 0.830095 0.695986 0.00796413
567 0.830095 0.690712 0.00816187
568 0.830095 0.686814 0.0107468
569 0.830095 0.680616 0.00991472
570 0.830095 0.675736 0.00970786
571 0.830095 0.676216 0.00927559
572 0.830095 0.675984 0.0105537
573 0.830095 0.691567 0.00813691
574 0.830095 0.7038 0.00725565
575 0.830095 0.698324 0.00872321
576 0.830095 0.70559 0.00672714
577 0.830095 0.698198 0.00682032
578 0.830095 0.688214 0.00773916
579 0.830232 0.679059 0.0105563
580 0.830232 0.66385 0.0116562
581 0.830232 0.672596 0.0100954
582 0.830232 0.664925 0.012126
583 0.830232 0.659005 0.0120657
584 0.830232 0.671378 0.0106464
585 0.830232 0.681617 0.00934232
586 0.830232 0.696199 0.00779057
587 0.830232 0.690719 0.00820708
588 0.830232 0.684136 0.00961049
589 0.830232 0.69249 0.0084122
590 0.830232 0.686405 0.00995923
591 0.830232 0.688666 0.00864907
592 0.830232 0.687292 0.0102243
593 0.830232 0.679429 0.0105373
594 0.830232 0.683971 0.00920323
595 0.830232 0.677413 0.00996669
596 0.830232 0.680275 0.0102516
597 0.830232 0.666998 0.0111826
598 0.830232 0.688736 0.00814956
599 0.830232 0.687418 0.00758844
600 0.830232 0.671601 0.0120699
601 0.830232 0.672812 0.00999122
602 0.830232 0.664633 0.0111183
603 0.830232 0.670393 0.0108579
604 0.830232 0.684467 0.00840323
605 0.830232 0.680698 0.0103299
606 0.830232 0.680799 0.0107
607 0.830232 0.661144 0.0112568
608 0.830232 0.66849 0.00970076
609 0.830232 0.658508 0.0121829
610 0.830232 0.661325 0.011961
611 0.830676 0.664042 0.0139136
612 0.830676 0.68025 0.0106479
613 0.830676 0.684648 0.00943486
614 0.830676 0.677532 0.0096126
615 0.830676 0.678513 0.00966049
616 0.830676 0.669483 0.00953655
617 0.830676 0.660656 0.010846
618 0.830676 0.665649 0.0102723
619 0.830676 0.68087 0.0120334
620 0.830676 0.684945 0.010795
621 0.830676 0.671464 0.0148498
622 0.830676 0.681223 0.0112997
623 0.830676 0.680234 0.00951434
624 0.830676 0.676569 0.00879758
625 0.830676 0.685053 0.00938253
626 0.830676 0.679509 0.00990984
627 0.830676 0.685863 0.00801224
628 0.830676 0.692642 0.00771824
629 0.830676 0.67853 0.0118816
630 0.830676 0.670912 0.0141833
631 0.830676 0.669709 0.0114327
632 0.830676 0.680133 0.0109571
633 0.830676 0.68584 0.0104755
634 0.830676 0.683456 0.0100832
635 0.830676 0.675318 0.0107888
636 0.830676 0.676057 0.0112315
637 0.830676 0.670726 0.0108972
638 0.830676 0.681348 0.00945787
639 0.830676 0.688684 0.0112107
640 0.830676 0.692061 0.00797412
641 0.830676 0.679149 0.0119664
642 0.830676 0.694015 0.00881627
643 0.830676 0.690594 0.00862044
644 0.830676 0.688638 0.0068558
645 0.830676 0.677891 0.0098202
646 0.830676 0.676635 0.0114082
647 0.830676 0.692183 0.0103179
648 0.830676 0.690963 0.0098068
649 0.830676 0.690965 0.00958635
650 0.830676 0.689108 0.00911249
651 0.830676 0.694646 0.00740833
652 0.830676 0.696258 0.00846857
653 0.830676 0.678228 0.00903458
654 0.830676 0.680441 0.0090764
655 0.830676 0.682977 0.00922364
656 0.830676 0.67743 0.010698
657 0.830676 0.694532 0.00866672
658 0.830676 0.686991 0.0086741
659 0.830676 0.694047 0.00891838
660 0.830676 0.690083 0.00921649
661 0.830676 0.69084 0.00708415
662 0.830676 0.686515 0.00898674
663 0.830676 0.695462 0.00770254
664 0.830676 0.682546 0.00732542
665 0.830676 0.674983 0.00933059
666 0.830676 0.676017 0.010437
667 0.830676 0.673319 0.00993077
668 0.830676 0.667554 0.0127552
669 0.830676 0.670669 0.0102121
670 0.830676 0.678163 0.0090262
671 0.830676 0.680956 0.00867545
672 0.830676 0.681365 0.0078188
673 0.830676 0.667383 0.0100702
674 0.830676 0.669968 0.0105695
675 0.830676 0.661116 0.0101985
676 0.830676 0.664054 0.0114903
677 0.830676 0.669904 0.012095
678 0.830676 0.661314 0.011744
679 0.830676 0.664644 0.012929
680 0.830676 0.671044 0.0129759
681 0.830676 0.672222 0.0106999
682 0.830676 0.672697 0.0105
683 0.830676 0.667275 0.0104976
684 0.830676 0.67977 0.0107588
685 0.830676 0.684308 0.00959989
686 0.830676 0.67831 0.00968198
687 0.831532 0.679623 0.0129151
688 0.831532 0.690018 0.00907459
689 0.831532 0.691196 0.00752545
690 0.831532 0.679012 0.00725376
691 0.831532 0.67662 0.0098009
692 0.831532 0.674458 0.00876635
693 0.831532 0.68232 0.00921183
694 0.831532 0.686152 0.00729736
695 0.831532 0.683986 0.00828775
696 0.831532 0.683706 0.00815729
697 0.831532 0.683337 0.00929464
698 0.831532 0.681964 0.0113285
699 0.831532 0.67671 0.0128436
700 0.831532 0.669731 0.0130309
701 0.831532 0.663825 0.0109161
702 0.835104 0.674134 0.0123946
703 0.835104 0.673701 0.0112266
704 0.835104 0.670172 0.0128415
705 0.835104 0.675617 0.0122285
706 0.835104 0.691325 0.00922853
707 0.835104 0.679958 0.0117044
708 0.835104 0.673563 0.0118695
709 0.835104 0.666295 0.0124074
710 0.835104 0.669294 0.0106395
711 0.835104 0.66046 0.0124484
712 0.835104 0.673631 0.0103858
713 0.835104 0.659741 0.0137317
714 0.835104 0.674644 0.0131779
715 0.835104 0.666469 0.0136014
716 0.835104 0.658408 0.0126843
717 0.835104 0.672582 0.0107919
718 0.835104 0.668229 0.0141701
719 0.835104 0.671863 0.013854
720 0.835104 0.657115 0.0172674
721 0.835104 0.66855 0.0135515
722 0.835104 0.673434 0.0113478
723 0.835104 0.675293 0.00987829
724 0.835104 0.665452 0.0100876
725 0.835104 0.667913 0.0117118
726 0.835104 0.670967 0.0101864
727 0.835104 0.675426 0.0120606
728 0.835104 0.673783 0.0140502
729 0.835104 0.685152 0.0114266
730 0.835104 0.682105 0.0114376
731 0.835104 0.684872 0.010298
732 0.835104 0.682049 0.00970399
733 0.835104 0.669456 0.00965
734 0.835104 0.674178 0.0100408
735 0.835104 0.679668 0.0113241
736 0.835104 0.689451 0.0100756
737 0.835104 0.680117 0.0096494
738 0.835104 0.687782 0.00875184
739 0.835104 0.699655 0.00763534
740 0.835104 0.687147 0.0115855
741 0.835104 0.682056 0.0101307
742 0.835104 0.693369 0.00749361
743 0.835104 0.68644 0.00851234
744 0.835104 0.693297 0.00878223
745 0.835104 0.67958 0.0100964
746 0.835104 0.680312 0.0101438
747 0.835104 0.682201 0.0106438
748 0.835104 0.683391 0.0119324
749 0.835104 0.686101 0.0104209
750 0.835104 0.677945 0.0102343
751 0.835104 0.682659 0.00972835
752 0.835104 0.69262 0.0105862
753 0.835104 0.689162 0.00844139
754 0.835104 0.684875 0.0114653
755 0.835104 0.688471 0.009696
756 0.835104 0.689562 0.0096036
757 0.835104 0.697506 0.00960228
758 0.835104 0.68818 0.0103648
759 0.835104 0.691272 0.0120624
760 0.835104 0.687275 0.0113522
761 0.835104 0.6784 0.0114535
762 0.835104 0.677956 0.0111915
763 0.835104 0.67824 0.0104307
764 0.835104 0.66296 0.0121356
765 0.835104 0.658136 0.013766
766 0.835104 0.675537 0.0127598
767 0.835104 0.684656 0.0101185
768 0.835104 0.685312 0.00910135
769 0.835104 0.681555 0.0116044
770 0.835104 0.690545 0.00935302
771 0.835104 0.678253 0.0130552
772 0.835104 0.677371 0.0106618
773 0.835104 0.6772 0.0109753
774 0.835104 0.666242 0.0134174
775 0.835104 0.651311 0.0131836
776 0.835104 0.660132 0.0127151
777 0.835104 0.656965 0.016179
778 0.835104 0.682433 0.0108908
779 0.835104 0.687383 0.00858933
780 0.835104 0.677076 0.0110201
781 0.836237 0.673856 0.0100942
782 0.836237 0.665574 0.0119182
783 0.836237 0.682764 0.0117798
784 0.836237 0.678634 0.0124728
785 0.836237 0.677433 0.0107738
786 0.836237 0.690203 0.0105746
787 0.836237 0.683267 0.0116663
788 0.836237 0.666835 0.0134769
789 0.836237 0.656475 0.0151235
790 0.836237 0.669812 0.0104346
791 0.836237 0.677289 0.0106269
792 0.836237 0.673604 0.0111876
793 0.836237 0.682687 0.00841295
794 0.836237 0.690653 0.0102501
795 0.836237 0.686456 0.0107717
796 0.836237 0.683448 0.0123055
797 0.836237 0.676633 0.0103233
798 0.836237 0.662119 0.012187
799 0.836237 0.672354 0.0114024
800 0.836237 0.668496 0.0116045
801 0.836237 0.676766 0.0102091
802 0.836237 0.689247 0.00955663
803 0.836237 0.67974 0.0102466
804 0.836237 0.6799 0.00904766
805 0.836237 0.68342 0.00880212
806 0.836237 0.676809 0.00924462
807 0.836237 0.674739 0.0115371
808 0.836237 0.675645 0.0106574
809 0.836237 0.66828 0.011349
810 0.836237 0.662842 0.0122835
811 0.836237 0.660442 0.0140548
812 0.836237 0.663648 0.0150218
813 0.836237 0.664453 0.0124598
814 0.836237 0.666599 0.0158521
815 0.836237 0.669811 0.0138409
816 0.836237 0.671035 0.0134878
817 0.836237 0.663804 0.0121625
818 0.836237 0.664971 0.0137185
819 0.836237 0.679647 0.0106677
820 0.836237 0.682422 0.0109488
821 0.836237 0.684704 0.00927643
822 0.836237 0.67145 0.0116359
823 0.836237 0.672459 0.0134964
824 0.836237 0.665842 0.0119361
825 0.836237 0.666275 0.0128184
826 0.836237 0.675944 0.00967799
827 0.836237 0.672381 0.0105191
828 0.836237 0.673293 0.0131314
829 0.836237 0.669481 0.0123678
830 0.836237 0.6612 0.0115981
831 0.836237 0.664084 0.0152976
832 0.836237 0.658155 0.013341
833 0.836237 0.666223 0.0112084
834 0.836237 0.658566 0.0136008
835 0.836237 0.670009 0.0106876
836 0.836237 0.65907 0.011032
837 0.836237 0.659654 0.0118361
838 0.836237 0.66489 0.0133663
839 0.836237 0.673935 0.0130838
840 0.836237 0.681221 0.0100269
841 0.836237 0.674745 0.0134597
842 0.836237 0.681352 0.00991659
843 0.836237 0.663373 0.0128657
844 0.836237 0.664028 0.0145094
845 0.836237 0.669017 0.0101407
846 0.836237 0.677136 0.00908337
847 0.836237 0.671714 0.0121571
848 0.836237 0.684336 0.0108242
849 0.836237 0.689589 0.0107731
850 0.836237 0.681791 0.0097827
851 0.836237 0.669378 0.0108275
852 0.836237 0.667369 0.0103076
853 0.836237 0.673073 0.00992185
854 0.836237 0.680957 0.00988705
855 0.836237 0.679474 0.00927926
856 0.836237 0.691005 0.00911367
857 0.836237 0.694722 0.00824806
858 0.836237 0.695553 0.00777173
859 0.836237 0.694368 0.00798123
860 0.836237 0.692334 0.00831646
861 0.836237 0.693734 0.00907057
862 0.836237 0.69562 0.00761778
863 0.836237 0.682538 0.00850771
864 0.836237 0.678716 0.0109602
865 0.836237 0.680072 0.0127351
866 0.836237 0.678295 0.0110707
867 0.836237 0.673961 0.0115066
868 0.836237 0.679212 0.00993023
869 0.836237 0.685405 0.0112938
870 0.836237 0.677395 0.0141551
871 0.836237 0.68672 0.0113492
872 0.836237 0.689941 0.00960343
873 0.836237 0.668351 0.0114257
874 0.836237 0.661001 0.0117356
875 0.836237 0.659953 0.0137056
876 0.836237 0.647462 0.0131312
877 0.836237 0.654525 0.0123055
878 0.836237 0.653629 0.0121474
879 0.836237 0.669625 0.0111271
880 0.836237 0.671628 0.0108561
881 0.836237 0.676119 0.0102348
882 0.836237 0.678257 0.00946752
883 0.836237 0.682846 0.00940877
884 0.836237 0.67893 0.0093182
885 0.836237 0.681456 0.0104549
886 0.836237 0.67775 0.0114232
887 0.836237 0.67444 0.0120807
888 0.836237 0.678016 0.0100652
889 0.836237 0.678843 0.0110232
890 0.836237 0.69641 0.00805724
891 0.836237 0.697704 0.0088799
892 0.836237 0.695821 0.00728228
893 0.836417 0.703994 0.00770786
894 0.836417 0.692494 0.00880057
895 0.836417 0.697485 0.00890742
896 0.837064 0.695826 0.00824315
897 0.837064 0.679469 0.00826227
898 0.837064 0.687424 0.00984452
899 0.837064 0.679271 0.0105726
900 0.837064 0.68163 0.011736
901 0.837064 0.69481 0.0107533
902 0.837064 0.698247 0.0108352
903 0.837064 0.683427 0.0135108
904 0.837064 0.669841 0.0142202
905 0.837064 0.68176 0.0131773
906 0.837064 0.671176 0.00977326
907 0.837064 0.662278 0.012056
908 0.837064 0.67635 0.0108144
909 0.837064 0.663276 0.0116678
910 0.837064 0.655689 0.0131388
911 0.837064 0.677354 0.0128799
912 0.837064 0.681822 0.0106233
913 0.837064 0.686808 0.00942761
914 0.837064 0.674141 0.0112617
915 0.837064 0.680924 0.0100721
916 0.837064 0.686961 0.00995476
917 0.837064 0.693125 0.0114998
918 0.837064 0.680862 0.0122509
919 0.837064 0.679646 0.0106227
920 0.837064 0.669637 0.0135067
921 0.837064 0.672735 0.0107645
922 0.837064 0.680136 0.0100481
923 0.837064 0.676232 0.00995123
924 0.837353 0.678256 0.00935772
925 0.837353 0.671386 0.00917178
926 0.837353 0.668498 0.0115105
927 0.837353 0.668527 0.0132977
928 0.837353 0.670234 0.0129745
929 0.837353 0.65872 0.0140187
930 0.837353 0.669706 0.0124863
931 0.837353 0.670501 0.0119546
932 0.837353 0.667784 0.0123723
933 0.837353 0.67302 0.0114062
934 0.837353 0.667451 0.0127566
935 0.837353 0.67651 0.0127849
936 0.837353 0.674603 0.0112492
937 0.837353 0.691284 0.0104838
938 0.837353 0.670828 0.0129982
939 0.837353 0.691413 0.00724432
940 0.837353 0.680517 0.0109086
941 0.837353 0.681098 0.011318
942 0.837353 0.688786 0.0115372
943 0.837353 0.674732 0.0120635
944 0.837353 0.692371 0.00857734
945 0.837353 0.679534 0.00970496
946 0.837353 0.670729 0.0117354
947 0.837353 0.674186 0.0128958
948 0.837353 0.673881 0.0105507
949 0.837353 0.670258 0.0139305
950 0.837353 0.689739 0.0104817
951 0.837353 0.685335 0.0109063
952 0.837353 0.680291 0.0106279
953 0.837353 0.678061 0.0122581
954 0.837353 0.66446 0.0127978
955 0.837353 0.679907 0.0101825
956 0.837353 0.68115 0.00995597
957 0.837353 0.690787 0.0084253
958 0.837353 0.70362 0.0084026
959 0.837365 0.701637 0.00952884
960 0.837365 0.702314 0.00793616
961 0.837365 0.699862 0.00879521
962 0.837365 0.686941 0.0101521
963 0.837365 0.672569 0.0111818
964 0.837384 0.672043 0.0114388
965 0.837384 0.661565 0.0133612
966 0.837384 0.67723 0.0103806
967 0.837384 0.681894 0.00891515
968 0.837384 0.691316 0.00814717
969 0.837384 0.684389 0.00740962
970 0.837384 0.683856 0.00892506
971 0.837384 0.674765 0.0104993
972 0.837384 0.679444 0.00936299
973 0.837384 0.690398 0.00823064
974 0.837384 0.686806 0.00955746
975 0.837384 0.692129 0.00935393
976 0.837384 0.694138 0.0117427
977 0.837384 0.686281 0.0109595
978 0.837384 0.692577 0.00869504
979 0.837384 0.691825 0.00962369
980 0.837384 0.699127 0.00811184
981 0.837384 0.706842 0.00755216
982 0.837384 0.693138 0.00959626
983 0.837384 0.69219 0.00810905
984 0.83743 0.696327 0.00967168
985 0.83743 0.705851 0.00819627
986 0.83743 0.687088 0.00836726
987 0.83743 0.689867 0.00872647
988 0.837449 0.684944 0.0102492
989 0.837449 0.677123 0.0108534
990 0.837449 0.686535 0.0117602
991 0.837449 0.670375 0.0171877
992 0.837449 0.670699 0.0135532
993 0.837449 0.662292 0.0135812
994 0.837449 0.662667 0.0151277
995 0.837449 0.674126 0.0124501
996 0.837449 0.671953 0.0109858
997 0.837449 0.675542 0.00934936
998 0.837449 0.671695 0.0108945
999 0.837449 0.67044 0.0098845
1000 0.837449 0.668079 0.00953193
