0 0.283305 0.248315 0.000138672
1 0.346209 0.251125 0.000273395
2 0.35039 0.252158 0.000751522
3 0.35039 0.258405 0.000846178
4 0.409036 0.263906 0.00116879
5 0.713934 0.274761 0.00429951
6 0.713934 0.27914 0.00597514
7 0.713934 0.28566 0.00670466
8 0.714451 0.294681 0.0111992
9 0.714451 0.302297 0.0151915
10 0.721241 0.307877 0.020424
11 0.721241 0.320492 0.0250833
12 0.721241 0.328334 0.0280526
13 0.721241 0.322626 0.0300217
14 0.724633 0.34515 0.0331725
15 0.724633 0.348116 0.0300294
16 0.725111 0.361611 0.0334494
17 0.725111 0.369894 0.031695
18 0.725111 0.392857 0.0396582
19 0.741867 0.402712 0.0388997
20 0.741867 0.380188 0.0382694
21 0.741867 0.389904 0.0393706
22 0.791926 0.391156 0.0353273
23 0.793363 0.401274 0.0389658
24 0.793977 0.380855 0.0397276
25 0.793977 0.411847 0.0414355
26 0.793977 0.403297 0.0434516
27 0.793977 0.396297 0.0352355
28 0.793977 0.410977 0.0425676
29 0.793977 0.380939 0.0330069
30 0.795805 0.418685 0.0431646
31 0.801331 0.444456 0.0437736
32 0.801331 0.459848 0.0408513
33 0.801331 0.470539 0.0383244
34 0.801331 0.480683 0.0401152
35 0.801331 0.471098 0.0444719
36 0.801331 0.470416 0.0379313
37 0.804981 0.504623 0.034947
38 0.804981 0.493259 0.0347759
39 0.804981 0.502939 0.0369428
40 0.804981 0.5183 0.0358893
41 0.806138 0.5289 0.0342687
42 0.806138 0.510703 0.033424
43 0.806138 0.521552 0.0311752
44 0.806138 0.540565 0.0361621
45 0.806138 0.555201 0.0331827
46 0.806138 0.532652 0.0379318
47 0.806138 0.533046 0.0395038
48 0.810387 0.523763 0.0351894
49 0.810387 0.506874 0.0327003
50 0.810387 0.54549 0.0310898
51 0.810387 0.533714 0.0324096
52 0.810387 0.514135 0.0383024
53 0.810387 0.507727 0.0313606
54 0.810387 0.539791 0.0342184
55 0.810387 0.522628 0.0304336
56 0.810387 0.512124 0.0238224
57 0.810387 0.550042 0.03251
58 0.810387 0.526328 0.0309117
59 0.810387 0.512598 0.0308456
60 0.810387 0.509827 0.0291418
61 0.810387 0.51285 0.0299394
62 0.810387 0.52985 0.0282285
63 0.810387 0.539567 0.0336958
64 0.810387 0.530582 0.0296272
65 0.810387 0.535204 0.0277486
66 0.810387 0.551995 0.0313024
67 0.810387 0.532404 0.0290915
68 0.810387 0.51344 0.0258243
69 0.811342 0.513613 0.0299045
70 0.811342 0.524313 0.027984
71 0.811342 0.54046 0.0245642
72 0.812227 0.554097 0.029434
73 0.812227 0.546055 0.0323326
74 0.812227 0.515784 0.0361555
75 0.812227 0.500878 0.0330091
76 0.812593 0.543542 0.0372712
77 0.812593 0.533336 0.0390606
78 0.812593 0.523802 0.0337448
79 0.812593 0.537733 0.0339476
80 0.812593 0.517168 0.0360924
81 0.812593 0.534773 0.0430012
82 0.812593 0.572887 0.0310351
83 0.812774 0.542093 0.0338049
84 0.812774 0.546033 0.0344263
85 0.812774 0.56237 0.0297212
86 0.812901 0.542885 0.0307398
87 0.812901 0.529561 0.0282224
88 0.812901 0.550825 0.0329588
89 0.812901 0.566188 0.0400707
90 0.813407 0.571651 0.0364318
91 0.813407 0.570119 0.0340436
92 0.813407 0.5614 0.0325346
93 0.813407 0.566899 0.0335438
94 0.813407 0.575956 0.0302218
95 0.813407 0.579972 0.0262803
96 0.813407 0.574335 0.0269004
97 0.813407 0.569395 0.0342254
98 0.813675 0.580625 0.0284899
99 0.813675 0.538425 0.0315434
100 0.813675 0.558675 0.0307115
101 0.813675 0.545085 0.0321219
102 0.813675 0.543349 0.0297459
103 0.813675 0.535957 0.0298564
104 0.813675 0.566987 0.0326625
105 0.813675 0.587835 0.0288696
106 0.813675 0.571371 0.029366
107 0.813675 0.549438 0.0279269
108 0.813675 0.55122 0.0311774
109 0.813675 0.551039 0.0252717
110 0.813675 0.533944 0.0313108
111 0.813675 0.544269 0.028459
112 0.813675 0.547911 0.0293859
113 0.813675 0.554331 0.0236709
114 0.813675 0.537698 0.0261731
115 0.813675 0.543159 0.0255744
116 0.813675 0.546923 0.02922
117 0.813675 0.564031 0.0275268
118 0.813675 0.563034 0.0247265
119 0.813675 0.547768 0.0316766
120 0.813675 0.566068 0.0305687
121 0.813675 0.572056 0.0366892
122 0.813675 0.530441 0.0394562
123 0.813675 0.541077 0.034437
124 0.813675 0.533129 0.0288445
125 0.813675 0.545331 0.029294
126 0.813801 0.548062 0.0325666
127 0.813801 0.559385 0.0281568
128 0.813801 0.577206 0.0280024
129 0.813801 0.557717 0.0300778
130 0.813801 0.583245 0.025761
131 0.813801 0.562285 0.024906
132 0.813801 0.56159 0.0275336
133 0.813801 0.549372 0.0323614
134 0.813801 0.571496 0.0341078
135 0.813801 0.551758 0.0357757
136 0.814161 0.533322 0.0314751
137 0.814161 0.553715 0.0313945
138 0.814161 0.548267 0.0265159
139 0.814161 0.536795 0.0279428
140 0.814161 0.563144 0.0299229
141 0.814161 0.580706 0.022645
142 0.814161 0.568231 0.0263609
143 0.814161 0.554966 0.03055
144 0.814161 0.574312 0.0327402
145 0.814161 0.570922 0.0315705
146 0.814161 0.576469 0.0328633
147 0.814161 0.59023 0.0297428
148 0.814161 0.544533 0.0356872
149 0.814161 0.563255 0.027508
150 0.814161 0.558278 0.0229561
151 0.814161 0.567219 0.0242945
152 0.814161 0.56783 0.0266899
153 0.814161 0.583907 0.0273903
154 0.814161 0.572597 0.0251287
155 0.814161 0.584239 0.0222474
156 0.814161 0.599295 0.0274746
157 0.814161 0.56375 0.0273065
158 0.814161 0.578799 0.0267751
159 0.814161 0.579951 0.0296943
160 0.814185 0.572689 0.0271439
161 0.814185 0.56769 0.026272
162 0.814185 0.568732 0.0265636
163 0.814185 0.570807 0.0253764
164 0.814185 0.588873 0.0232728
165 0.814185 0.548124 0.0270852
166 0.814195 0.566921 0.0266828
167 0.814195 0.561769 0.0290348
168 0.814195 0.558065 0.0273291
169 0.814195 0.559488 0.0243733
170 0.814195 0.562202 0.0259234
171 0.814195 0.584976 0.0287234
172 0.814195 0.588253 0.0276944
173 0.814963 0.578145 0.0288428
174 0.814963 0.588162 0.0272933
175 0.814963 0.593501 0.0257892
176 0.814963 0.577678 0.0277683
177 0.814963 0.563512 0.0243737
178 0.814963 0.576389 0.025377
179 0.814963 0.552369 0.0307913
180 0.814963 0.551767 0.0307326
181 0.814963 0.559747 0.0306915
182 0.814963 0.563333 0.030079
183 0.814963 0.593235 0.0324644
184 0.814963 0.5707 0.0296325
185 0.814963 0.54748 0.0294309
186 0.814963 0.527053 0.0272694
187 0.814963 0.54858 0.0300375
188 0.814963 0.530759 0.025567
189 0.814963 0.560507 0.0307302
190 0.814963 0.551945 0.0307635
191 0.814963 0.562336 0.0297588
192 0.814963 0.575186 0.0255976
193 0.815151 0.573124 0.0263342
194 0.815151 0.578047 0.0264325
195 0.815151 0.595286 0.0296549
196 0.815151 0.558377 0.0289858
197 0.815151 0.562625 0.0251317
198 0.815151 0.5752 0.023519
199 0.815151 0.57145 0.0239766
200 0.815151 0.588997 0.0222705
201 0.815151 0.587201 0.0224128
202 0.815151 0.585457 0.0220576
203 0.815151 0.601022 0.0240995
204 0.815151 0.586267 0.0279361
205 0.815151 0.60297 0.0263629
206 0.815151 0.563193 0.0305921
207 0.815151 0.574081 0.0250875
208 0.815151 0.604025 0.0224033
209 0.815151 0.599753 0.0239132
210 0.815151 0.584399 0.0234327
211 0.815151 0.590409 0.0275544
212 0.815151 0.588479 0.0283579
213 0.815151 0.577416 0.0220487
214 0.815151 0.588841 0.0260411
215 0.815151 0.576551 0.0245234
216 0.815516 0.570358 0.0285976
217 0.815516 0.565862 0.0240043
218 0.815516 0.578726 0.0229658
219 0.815516 0.541203 0.0238608
220 0.815516 0.568418 0.0260473
221 0.815516 0.567758 0.0239591
222 0.815516 0.577122 0.0221085
223 0.815516 0.576141 0.0239331
224 0.815516 0.563043 0.023803
225 0.815516 0.545807 0.0276305
226 0.815516 0.580312 0.0229294
227 0.815516 0.590098 0.024628
228 0.815516 0.579123 0.0209271
229 0.815516 0.559769 0.0200356
230 0.815516 0.578322 0.0227496
231 0.815516 0.600969 0.0261196
232 0.815516 0.589337 0.0281742
233 0.815516 0.571507 0.0292059
234 0.815516 0.572977 0.0267846
235 0.815516 0.575377 0.0273433
236 0.815516 0.572462 0.0276117
237 0.815516 0.555279 0.0293096
238 0.815516 0.575584 0.0275338
239 0.815516 0.562466 0.0231037
240 0.815516 0.557468 0.0229967
241 0.815516 0.584782 0.0284208
242 0.815516 0.576956 0.0301575
243 0.815516 0.564275 0.0251956
244 0.815516 0.564384 0.0264827
245 0.815516 0.560417 0.0250412
246 0.815516 0.578234 0.0238917
247 0.815516 0.583926 0.0299279
248 0.815516 0.555502 0.0250359
249 0.815516 0.551374 0.0250214
250 0.815516 0.53926 0.0270791
251 0.815516 0.557711 0.0296448
252 0.815526 0.575808 0.0278734
253 0.815526 0.582045 0.0280856
254 0.816274 0.566511 0.0244927
255 0.822513 0.58044 0.0240219
256 0.822513 0.586179 0.0269683
257 0.822513 0.601668 0.0274725
258 0.822513 0.615712 0.0242859
259 0.822513 0.577361 0.026666
260 0.822513 0.552111 0.0280782
261 0.82311 0.547918 0.0263356
262 0.82311 0.569802 0.0233543
263 0.82311 0.57891 0.0291399
264 0.82311 0.554081 0.0269385
265 0.82311 0.549303 0.0284988
266 0.82311 0.562105 0.0267104
267 0.82311 0.559238 0.0267304
268 0.82311 0.544766 0.0272147
269 0.82311 0.553226 0.0311254
270 0.82311 0.544036 0.0268557
271 0.82311 0.561462 0.020806
272 0.82311 0.531726 0.0262033
273 0.82311 0.528432 0.0277253
274 0.82311 0.564811 0.0276448
275 0.82311 0.551255 0.0329078
276 0.82311 0.556236 0.0247744
277 0.82311 0.587267 0.0268778
278 0.82311 0.559084 0.0263649
279 0.82311 0.568455 0.0255675
280 0.82311 0.557546 0.0247567
281 0.82311 0.550079 0.0250415
282 0.82311 0.546419 0.0235493
283 0.82311 0.545923 0.0244295
284 0.82311 0.553415 0.027512
285 0.843542 0.541178 0.0274109
286 0.843542 0.545577 0.023788
287 0.843542 0.544062 0.022827
288 0.843542 0.569537 0.0226934
289 0.843542 0.573125 0.0241608
290 0.843542 0.549106 0.0241457
291 0.843542 0.561128 0.0248574
292 0.843542 0.568181 0.0223827
293 0.843542 0.567159 0.0297028
294 0.843542 0.571167 0.0252132
295 0.843542 0.561803 0.0265208
296 0.851484 0.546522 0.0283829
297 0.851484 0.549811 0.0282562
298 0.851484 0.558244 0.0271872
299 0.851484 0.550162 0.0255248
300 0.851484 0.547563 0.0296126
301 0.851484 0.556822 0.0292854
302 0.851484 0.557029 0.0275428
303 0.851484 0.561277 0.0297478
304 0.851484 0.537659 0.0327243
305 0.851484 0.543242 0.0291528
306 0.851484 0.543317 0.0278204
307 0.851484 0.541228 0.0244278
308 0.85618 0.529057 0.0226975
309 0.85618 0.523902 0.0253175
310 0.85618 0.508296 0.0266631
311 0.85618 0.517345 0.0219582
312 0.857827 0.522378 0.026666
313 0.857827 0.543571 0.0279807
314 0.857827 0.499464 0.0294501
315 0.860127 0.509841 0.0316472
316 0.869959 0.520828 0.02807
317 0.869959 0.506371 0.0281193
318 0.869959 0.526827 0.0302516
319 0.869959 0.512896 0.0295744
320 0.869959 0.503501 0.0292403
321 0.869959 0.539596 0.0255484
322 0.869959 0.535184 0.0300807
323 0.88329 0.559044 0.0310434
324 0.88329 0.533842 0.0295827
325 0.88329 0.522333 0.0339198
326 0.88329 0.508343 0.0368357
327 0.88329 0.502624 0.0324881
328 0.88329 0.499499 0.0303699
329 0.88329 0.49766 0.027952
330 0.88329 0.49886 0.0322575
331 0.88329 0.499552 0.0266833
332 0.88329 0.512847 0.0316464
333 0.88329 0.504441 0.0277649
334 0.88329 0.490085 0.0231623
335 0.88329 0.500026 0.029869
336 0.88329 0.501137 0.030414
337 0.88329 0.50456 0.0283984
338 0.88329 0.501834 0.0337186
339 0.88329 0.493252 0.0297283
340 0.88329 0.508064 0.0283636
341 0.88329 0.499782 0.0277706
342 0.88329 0.523014 0.0336796
343 0.887531 0.506854 0.0331764
344 0.887531 0.481211 0.0292171
345 0.887531 0.500418 0.0286982
346 0.887531 0.513542 0.0310752
347 0.887531 0.509519 0.0300926
348 0.887531 0.498694 0.0289501
349 0.887531 0.512467 0.0343198
350 0.887531 0.505136 0.030815
351 0.887531 0.520797 0.0323385
352 0.887531 0.494877 0.0357224
353 0.887531 0.51965 0.0357876
354 0.887531 0.484893 0.0307151
355 0.887531 0.485103 0.0268707
356 0.887531 0.477996 0.0295205
357 0.887531 0.483765 0.0323244
358 0.887531 0.515391 0.0389544
359 0.887531 0.517849 0.0305208
360 0.887531 0.521753 0.0330201
361 0.887531 0.513484 0.0338253
362 0.887531 0.4822 0.0314788
363 0.887531 0.499534 0.034619
364 0.887531 0.500062 0.0315175
365 0.887531 0.492319 0.0326916
366 0.887531 0.494625 0.0323402
367 0.887531 0.472182 0.0288531
368 0.887531 0.470368 0.0326732
369 0.887531 0.504249 0.0340278
370 0.887531 0.490589 0.0285211
371 0.887531 0.506413 0.0318939
372 0.888607 0.508191 0.0376829
373 0.893343 0.500716 0.0358332
374 0.893343 0.486648 0.0302929
375 0.893343 0.47783 0.0317004
376 0.893343 0.486969 0.0289017
377 0.893343 0.483134 0.0275527
378 0.893343 0.507698 0.0314326
379 0.893343 0.490165 0.0325458
380 0.893343 0.491936 0.0290493
381 0.893343 0.49647 0.0326756
382 0.893505 0.4844 0.0316954
383 0.893505 0.49136 0.0319931
384 0.893505 0.507347 0.0307994
385 0.893505 0.479081 0.0286336
386 0.893505 0.482714 0.034297
387 0.893505 0.488251 0.0324199
388 0.893798 0.492584 0.0328745
389 0.893798 0.50359 0.0367651
390 0.893798 0.507802 0.0327758
391 0.893798 0.511652 0.032646
392 0.893798 0.501979 0.0325465
393 0.893798 0.516253 0.0318527
394 0.895365 0.50233 0.0331872
395 0.895365 0.511332 0.0316888
396 0.895365 0.492572 0.0326072
397 0.895365 0.500242 0.0304288
398 0.895365 0.464992 0.033603
399 0.895365 0.464694 0.0304145
400 0.895365 0.493473 0.033349
401 0.895365 0.497775 0.0326477
402 0.895365 0.480572 0.0370762
403 0.895365 0.465894 0.035528
404 0.895365 0.470532 0.0339263
405 0.895365 0.471594 0.0382256
406 0.895365 0.495319 0.0337382
407 0.895365 0.502519 0.0346709
408 0.89559 0.500143 0.0354714
409 0.89559 0.486451 0.0423572
410 0.89559 0.474081 0.0385704
411 0.89559 0.490125 0.033837
412 0.896705 0.478633 0.038445
413 0.896705 0.492303 0.0298398
414 0.896705 0.478869 0.0333633
415 0.896705 0.468803 0.0319145
416 0.896705 0.477269 0.0342301
417 0.897235 0.502157 0.0334098
418 0.897235 0.48575 0.0350511
419 0.897235 0.488187 0.0308024
420 0.897235 0.479454 0.0349243
421 0.897235 0.456609 0.0341791
422 0.897235 0.472859 0.0338327
423 0.897235 0.474511 0.0345806
424 0.897235 0.503054 0.0375647
425 0.897235 0.488673 0.0323005
426 0.897382 0.464294 0.0356315
427 0.897382 0.443473 0.0321046
428 0.897382 0.443946 0.0325955
429 0.897382 0.450397 0.0341941
430 0.897382 0.473955 0.0349996
431 0.897382 0.468246 0.0362095
432 0.897382 0.467334 0.0292229
433 0.897382 0.470707 0.0296297
434 0.897382 0.479345 0.0343765
435 0.897382 0.47773 0.03277
436 0.897382 0.508467 0.032171
437 0.897382 0.482689 0.0333238
438 0.897382 0.510933 0.0333909
439 0.897382 0.499744 0.0332725
440 0.897382 0.484169 0.0360659
441 0.897382 0.501218 0.038699
442 0.897382 0.496626 0.0335636
443 0.897382 0.478041 0.0310957
444 0.897382 0.512158 0.035625
445 0.897382 0.501065 0.0329715
446 0.897382 0.493581 0.0338156
447 0.897382 0.507835 0.0349116
448 0.897382 0.485671 0.0316439
449 0.897382 0.48716 0.0341148
450 0.897382 0.484113 0.0321757
451 0.897382 0.495325 0.0341997
452 0.897382 0.494558 0.0376968
453 0.897382 0.483852 0.0367731
454 0.897382 0.476881 0.0311599
455 0.897382 0.486849 0.0343791
456 0.897382 0.485863 0.034426
457 0.897382 0.483968 0.0329585
458 0.897382 0.486251 0.0328718
459 0.897382 0.50078 0.0315933
460 0.897382 0.499507 0.0351457
461 0.897382 0.486745 0.0365987
462 0.897382 0.491592 0.038454
463 0.897382 0.462011 0.0336603
464 0.897382 0.469459 0.0379668
465 0.897382 0.467615 0.0292446
466 0.897382 0.479285 0.0337165
467 0.897382 0.469876 0.0363367
468 0.897382 0.504555 0.0412315
469 0.897382 0.495651 0.0304771
470 0.897382 0.483738 0.0348371
471 0.897382 0.483363 0.035051
472 0.897382 0.486126 0.0310671
473 0.897382 0.491924 0.0303064
474 0.897382 0.498126 0.0345034
475 0.897382 0.490533 0.0343155
476 0.897382 0.502017 0.0342834
477 0.897382 0.497671 0.0357306
478 0.897382 0.506033 0.0319485
479 0.897382 0.500542 0.0342854
480 0.897382 0.479796 0.0310815
481 0.897382 0.496775 0.0397129
482 0.897382 0.503372 0.0363055
483 0.897382 0.476004 0.0307298
484 0.897382 0.468851 0.0313511
485 0.897382 0.501254 0.0419793
486 0.897382 0.471283 0.0335218
487 0.897382 0.470665 0.0330335
488 0.897382 0.457708 0.0287213
489 0.897382 0.47498 0.0362615
490 0.897382 0.476992 0.038409
491 0.897869 0.482738 0.0371433
492 0.898332 0.508697 0.0363935
493 0.898332 0.503427 0.0297008
494 0.898332 0.492411 0.0293686
495 0.898332 0.476162 0.034487
496 0.898332 0.50471 0.0334279
497 0.898332 0.503834 0.0383112
498 0.898332 0.483563 0.0281171
499 0.898332 0.485477 0.0321227
500 0.898332 0.498599 0.0357986
501 0.898332 0.484469 0.031096
502 0.898332 0.474245 0.0344003
503 0.898332 0.490873 0.0366752
504 0.898332 0.474832 0.0310837
505 0.898332 0.491673 0.0304042
506 0.898332 0.501983 0.0300007
507 0.898332 0.483203 0.0304823
508 0.898332 0.487617 0.0359631
509 0.898332 0.480882 0.0313674
510 0.898332 0.498431 0.0284241
511 0.898332 0.500317 0.0324417
512 0.898332 0.494357 0.0294068
513 0.898332 0.520536 0.0311902
514 0.898332 0.515868 0.0292924
515 0.898332 0.497767 0.0352242
516 0.898332 0.49978 0.0368105
517 0.898332 0.501495 0.0367728
518 0.898332 0.497665 0.0355537
519 0.898332 0.489298 0.0337247
520 0.898332 0.493408 0.0339636
521 0.898332 0.508761 0.0335594
522 0.898332 0.50791 0.0294846
523 0.898332 0.485829 0.0338138
524 0.898332 0.504632 0.0409452
525 0.898332 0.498084 0.0286921
526 0.898332 0.487563 0.0362755
527 0.898332 0.516063 0.0328852
528 0.898332 0.504821 0.0392016
529 0.898332 0.492451 0.033735
530 0.898332 0.499528 0.0367675
531 0.898332 0.51604 0.0342533
532 0.898332 0.498443 0.032132
533 0.898332 0.488865 0.0364606
534 0.898332 0.505786 0.036984
535 0.898332 0.502582 0.0324477
536 0.898332 0.500518 0.0368449
537 0.898332 0.523958 0.0315527
538 0.898332 0.51794 0.0354523
539 0.898332 0.527275 0.0341241
540 0.898332 0.529136 0.0372037
541 0.898332 0.517971 0.0429934
542 0.898673 0.501061 0.0407177
543 0.898713 0.497107 0.0368744
544 0.898713 0.511277 0.0386955
545 0.898713 0.527188 0.0415279
546 0.898713 0.469992 0.0368111
547 0.898713 0.494444 0.0337974
548 0.898713 0.499401 0.0329103
549 0.898713 0.479265 0.0389241
550 0.898713 0.473054 0.0328148
551 0.898713 0.483013 0.037732
552 0.898713 0.497506 0.033693
553 0.898713 0.495249 0.0321274
554 0.898713 0.492621 0.0372847
555 0.898713 0.478217 0.0392127
556 0.898713 0.476043 0.0403359
557 0.898713 0.476556 0.0342256
558 0.898713 0.484629 0.0374106
559 0.898713 0.483447 0.0347075
560 0.898713 0.489645 0.0389598
561 0.898713 0.492773 0.0326776
562 0.898713 0.520373 0.0367274
563 0.898713 0.516173 0.0361492
564 0.898713 0.503957 0.0396618
565 0.898713 0.516847 0.0333097
566 0.898713 0.499414 0.0327578
567 0.898713 0.485292 0.0330769
568 0.898713 0.487787 0.0325402
569 0.898713 0.491806 0.0349002
570 0.898713 0.509339 0.0356682
571 0.898713 0.509907 0.0298423
572 0.898713 0.531344 0.0315925
573 0.898713 0.499905 0.0347967
574 0.898713 0.513642 0.0327064
575 0.898713 0.502572 0.0341185
576 0.898713 0.521371 0.0386158
577 0.898713 0.498211 0.0308233
578 0.898713 0.527076 0.0312055
579 0.898713 0.518227 0.0347595
580 0.898713 0.506768 0.0357434
581 0.898713 0.490762 0.0315184
582 0.898713 0.510028 0.0326486
583 0.898713 0.506366 0.0332359
584 0.898713 0.502565 0.032829
585 0.898713 0.519845 0.0308743
586 0.898713 0.508726 0.0356187
587 0.898713 0.496681 0.038727
588 0.898713 0.503002 0.0361448
589 0.898713 0.512965 0.0382938
590 0.898713 0.482392 0.0328806
591 0.898713 0.50467 0.0375745
592 0.898713 0.50462 0.0326099
593 0.898843 0.50335 0.0337548
594 0.898843 0.508779 0.0311397
595 0.898843 0.505718 0.0356671
596 0.898843 0.496432 0.0347287
597 0.898843 0.498367 0.036503
598 0.898843 0.488773 0.0356159
599 0.898843 0.483767 0.037268
600 0.898843 0.473358 0.0336566
601 0.898843 0.499827 0.0355317
602 0.898843 0.469388 0.0305817
603 0.898882 0.48199 0.041442
604 0.898882 0.503922 0.0384163
605 0.899331 0.476121 0.0393651
606 0.899331 0.502546 0.0422694
607 0.899331 0.467725 0.0370411
608 0.899331 0.471752 0.0358728
609 0.899331 0.511686 0.0355288
610 0.899331 0.49133 0.0298914
611 0.899331 0.508846 0.03455
612 0.899331 0.506801 0.0339375
613 0.899331 0.511189 0.0351654
614 0.899331 0.508855 0.0331384
615 0.899331 0.527641 0.04067
616 0.899331 0.505496 0.0339111
617 0.899331 0.487407 0.0374636
618 0.899331 0.496436 0.0311824
619 0.899331 0.516758 0.0448718
620 0.899331 0.515133 0.0369613
621 0.899331 0.48803 0.034046
622 0.899331 0.48958 0.0419796
623 0.899791 0.488772 0.0384257
624 0.899791 0.484794 0.0361333
625 0.899791 0.474756 0.0346316
626 0.899791 0.479266 0.0377078
627 0.899791 0.503499 0.0368313
628 0.899791 0.506432 0.0345774
629 0.899791 0.486481 0.0313556
630 0.899791 0.490982 0.0299934
631 0.899791 0.50584 0.0383715
632 0.899791 0.521236 0.0339236
633 0.899791 0.530133 0.0322798
634 0.899791 0.517327 0.029553
635 0.899791 0.483139 0.0348558
636 0.899791 0.50469 0.0355201
637 0.900074 0.515015 0.0347777
638 0.900074 0.515844 0.0406971
639 0.900074 0.520965 0.0406074
640 0.900074 0.49215 0.0375609
641 0.900074 0.508504 0.0419729
642 0.900074 0.492555 0.0332141
643 0.900074 0.488462 0.0308196
644 0.900074 0.484725 0.0373093
645 0.900074 0.49867 0.0359694
646 0.900074 0.508263 0.0365479
647 0.900074 0.482552 0.0338573
648 0.900074 0.486093 0.0342767
649 0.900074 0.479108 0.0357145
650 0.900074 0.498594 0.0375261
651 0.900074 0.51442 0.032702
652 0.900074 0.512712 0.0384592
653 0.900074 0.508817 0.0346695
654 0.900074 0.509387 0.0342909
655 0.900074 0.501121 0.033365
656 0.900074 0.504214 0.0353161
657 0.900074 0.484179 0.0365672
658 0.900074 0.499007 0.0345193
659 0.900074 0.511695 0.0321127
660 0.900074 0.510248 0.030412
661 0.900074 0.519615 0.0323482
662 0.900074 0.521113 0.0328478
663 0.900074 0.50636 0.0321036
664 0.900074 0.493857 0.0317179
665 0.900074 0.49121 0.0350325
666 0.900074 0.493943 0.0366855
667 0.900074 0.496763 0.0397862
668 0.900074 0.496274 0.0319052
669 0.900074 0.494735 0.0375489
670 0.900074 0.506281 0.0331879
671 0.900074 0.501623 0.0352007
672 0.900074 0.497534 0.034575
673 0.900074 0.52212 0.0370081
674 0.900074 0.517914 0.036881
675 0.900074 0.519759 0.029836
676 0.900074 0.505056 0.0289127
677 0.900074 0.491254 0.0337356
678 0.900074 0.515309 0.0375632
679 0.900074 0.497481 0.0321977
680 0.900074 0.46756 0.0314838
681 0.900074 0.488895 0.0315861
682 0.900074 0.489691 0.0294175
683 0.900074 0.505583 0.0298613
684 0.900074 0.49712 0.0291608
685 0.900074 0.512365 0.034111
686 0.900074 0.495238 0.0298935
687 0.900074 0.49948 0.0326829
688 0.900074 0.515384 0.0348505
689 0.900074 0.508019 0.0358367
690 0.900074 0.483681 0.0326949
691 0.900074 0.499217 0.0343502
692 0.900074 0.48792 0.0322649
693 0.900074 0.488686 0.037262
694 0.900074 0.500395 0.0347791
695 0.900074 0.504285 0.0335821
696 0.900074 0.504364 0.0366921
697 0.900074 0.49863 0.0366727
698 0.900074 0.528671 0.0344363
699 0.900074 0.513459 0.0361899
700 0.900074 0.516063 0.0421478
701 0.900074 0.501047 0.0365625
702 0.900074 0.489013 0.0319739
703 0.900074 0.510011 0.0307348
704 0.900074 0.487104 0.0274969
705 0.900074 0.502265 0.0315898
706 0.900074 0.495127 0.0340022
707 0.900074 0.495924 0.0327188
708 0.900074 0.500036 0.034482
709 0.900074 0.508342 0.0358558
710 0.900074 0.521047 0.0325721
711 0.900074 0.519871 0.035133
712 0.900074 0.524104 0.0346237
713 0.900074 0.506089 0.0312577
714 0.900074 0.503869 0.0330228
715 0.900074 0.505305 0.034557
716 0.900074 0.514052 0.0350381
717 0.900074 0.488564 0.038022
718 0.900074 0.476667 0.0338863
719 0.900074 0.481859 0.0367996
720 0.900074 0.510905 0.0402365
721 0.900074 0.494074 0.0328016
722 0.900074 0.51878 0.0368226
723 0.900074 0.515536 0.0305237
724 0.900074 0.50724 0.0310461
725 0.900074 0.499757 0.0326163
726 0.900074 0.492165 0.0368192
727 0.900074 0.495799 0.0350122
728 0.900074 0.493255 0.0353425
729 0.900074 0.492464 0.0351156
730 0.900074 0.479726 0.0367842
731 0.900074 0.498651 0.0362104
732 0.900074 0.512308 0.0351456
733 0.900074 0.518447 0.0325919
734 0.900074 0.510478 0.0320012
735 0.900074 0.509693 0.0346213
736 0.900074 0.49292 0.0321473
737 0.900074 0.481879 0.0334018
738 0.900074 0.479788 0.0316101
739 0.900074 0.457628 0.0346719
740 0.900074 0.465916 0.0346196
741 0.900074 0.466895 0.0345717
742 0.900074 0.474792 0.036527
743 0.900074 0.470202 0.031751
744 0.900074 0.471796 0.0391449
745 0.900074 0.49709 0.0358422
746 0.900074 0.474484 0.0337034
747 0.900074 0.487505 0.0357755
748 0.900074 0.512342 0.0349312
749 0.900074 0.491483 0.0317507
750 0.900074 0.504015 0.0314695
751 0.900074 0.491213 0.0353166
752 0.900074 0.477886 0.0365013
753 0.900074 0.482834 0.0350175
754 0.900074 0.48881 0.0320301
755 0.900074 0.503222 0.0316594
756 0.900074 0.474131 0.0310598
757 0.900074 0.476828 0.0338598
758 0.900074 0.473169 0.0324192
759 0.900074 0.471616 0.0333014
760 0.900074 0.479104 0.0392737
761 0.900074 0.476501 0.0311401
762 0.900074 0.477235 0.0322331
763 0.900074 0.495142 0.0367237
764 0.900074 0.50465 0.0324458
765 0.900074 0.494228 0.0393486
766 0.900074 0.490544 0.0316758
767 0.900074 0.486183 0.0352926
768 0.900074 0.504971 0.040136
769 0.900074 0.481212 0.0331332
770 0.900074 0.482598 0.039472
771 0.900074 0.496425 0.0354241
772 0.900074 0.478044 0.0364982
773 0.900074 0.500688 0.0324574
774 0.900074 0.507774 0.0378675
775 0.900074 0.518842 0.035172
776 0.900074 0.526507 0.0342224
777 0.900074 0.524568 0.034663
778 0.900074 0.507457 0.0382251
779 0.900074 0.498788 0.0349663
780 0.900074 0.497163 0.0295349
781 0.900074 0.501937 0.0315518
782 0.900074 0.491969 0.0324437
783 0.900074 0.501907 0.0311944
784 0.900074 0.528364 0.0324921
785 0.900074 0.51773 0.0382457
786 0.900074 0.509022 0.0413267
787 0.900074 0.531981 0.0371696
788 0.900074 0.524674 0.0381034
789 0.900074 0.518588 0.0347155
790 0.900074 0.51576 0.0353159
791 0.900074 0.513278 0.029662
792 0.900074 0.489917 0.0303276
793 0.900074 0.495855 0.0344976
794 0.900074 0.493727 0.0380143
795 0.900074 0.511676 0.0381864
796 0.900074 0.512729 0.0356552
797 0.900074 0.520608 0.037673
798 0.900074 0.505399 0.0335929
799 0.900074 0.483883 0.0353674
800 0.900074 0.488728 0.0356177
801 0.900074 0.503779 0.0360316
802 0.900074 0.5065 0.0327463
803 0.900074 0.53013 0.0376987
804 0.900074 0.528042 0.0333434
805 0.900074 0.507061 0.0344775
806 0.900074 0.507549 0.0321424
807 0.900074 0.514643 0.0351744
808 0.900074 0.506488 0.0295045
809 0.900074 0.530877 0.0372289
810 0.900074 0.500955 0.0332948
811 0.900074 0.474925 0.0287004
812 0.900074 0.481259 0.0295889
813 0.900074 0.485712 0.0310263
814 0.900074 0.489643 0.0340897
815 0.900074 0.509987 0.0350517
816 0.900074 0.500076 0.0322645
817 0.900074 0.501608 0.0370579
818 0.900074 0.503742 0.0317842
819 0.900074 0.505715 0.0331919
820 0.900074 0.501816 0.0302601
821 0.900074 0.517042 0.0381878
822 0.900074 0.48674 0.0292475
823 0.900074 0.514459 0.0351623
824 0.900074 0.495777 0.033674
825 0.900074 0.49381 0.0439309
826 0.900074 0.513393 0.042078
827 0.900074 0.481529 0.0345573
828 0.900074 0.481919 0.0354482
829 0.900074 0.475009 0.0394477
830 0.900074 0.477363 0.0358439
831 0.900074 0.496292 0.0337262
832 0.900074 0.521448 0.0387244
833 0.900074 0.500861 0.0318968
834 0.900074 0.473973 0.034184
835 0.900074 0.481748 0.0364745
836 0.900074 0.502329 0.0389626
837 0.900074 0.509922 0.0415188
838 0.900074 0.488273 0.0300424
839 0.900074 0.477802 0.0372192
840 0.900074 0.51452 0.038344
841 0.900074 0.495688 0.0327812
842 0.900074 0.498533 0.0340626
843 0.900074 0.502217 0.0344934
844 0.900074 0.509514 0.0374687
845 0.900074 0.504142 0.0328009
846 0.900074 0.497764 0.0341288
847 0.900074 0.515481 0.0338494
848 0.900074 0.528115 0.0380012
849 0.900074 0.492238 0.0308069
850 0.900074 0.49616 0.0360507
851 0.900074 0.513634 0.0367923
852 0.900074 0.505023 0.0376331
853 0.900074 0.494994 0.0325791
854 0.900074 0.494053 0.0337714
855 0.900074 0.528872 0.035397
856 0.900074 0.539139 0.0361129
857 0.900074 0.504549 0.0355016
858 0.900074 0.51247 0.0389666
859 0.900074 0.522235 0.0385654
860 0.900074 0.527396 0.0373694
861 0.900074 0.479652 0.0323984
862 0.900074 0.515949 0.0373234
863 0.900074 0.525549 0.0376083
864 0.900074 0.488371 0.0405902
865 0.900074 0.473475 0.0365107
866 0.900074 0.47836 0.0347895
867 0.900074 0.500802 0.0366052
868 0.900074 0.481895 0.032595
869 0.900074 0.503103 0.0339278
870 0.900074 0.496563 0.036468
871 0.900074 0.525234 0.0408038
872 0.900074 0.498311 0.0332819
873 0.900074 0.51483 0.0380236
874 0.900074 0.511447 0.037747
875 0.900074 0.516721 0.0340843
876 0.900074 0.551609 0.0453863
877 0.900074 0.51557 0.0370737
878 0.900074 0.492067 0.031923
879 0.900074 0.496318 0.0359052
880 0.900074 0.538061 0.0370209
881 0.900074 0.509564 0.038194
882 0.900098 0.48876 0.0387553
883 0.900098 0.498277 0.0358729
884 0.900098 0.482709 0.0348632
885 0.900098 0.471741 0.0378486
886 0.900098 0.529676 0.0340612
887 0.900098 0.511081 0.0321331
888 0.900098 0.515913 0.0303524
889 0.900098 0.512142 0.0322211
890 0.900098 0.507207 0.0354257
891 0.900098 0.503976 0.0274036
892 0.900098 0.504849 0.033907
893 0.900098 0.503974 0.0356743
894 0.900098 0.481617 0.0283284
895 0.900098 0.509451 0.0302505
896 0.900098 0.507812 0.0338095
897 0.900098 0.513054 0.0321362
898 0.900098 0.479841 0.035019
899 0.900098 0.508591 0.0360085
900 0.900098 0.493494 0.0365654
901 0.900098 0.496812 0.0361134
902 0.900098 0.516003 0.0358664
903 0.900098 0.498526 0.0371577
904 0.900098 0.495188 0.0338383
905 0.900098 0.483066 0.0386685
906 0.900098 0.484668 0.0371047
907 0.900098 0.494331 0.0299779
908 0.900098 0.489077 0.0324921
909 0.900098 0.505018 0.0334337
910 0.900098 0.49429 0.0330019
911 0.900098 0.49219 0.035389
912 0.900098 0.482571 0.0341408
913 0.900098 0.474695 0.0305818
914 0.900098 0.503301 0.0334229
915 0.900098 0.483204 0.0364712
916 0.900098 0.502222 0.0338303
917 0.900098 0.515903 0.0333313
918 0.900098 0.484192 0.0325107
919 0.900098 0.512717 0.0347289
920 0.900098 0.508144 0.0335929
921 0.900098 0.484895 0.0311516
922 0.900098 0.494358 0.033666
923 0.900098 0.536905 0.0390079
924 0.900098 0.519032 0.0362564
925 0.900098 0.482988 0.0327454
926 0.900098 0.464518 0.0325925
927 0.900098 0.467522 0.0317
928 0.900098 0.484763 0.037306
929 0.900098 0.48256 0.0331982
930 0.900098 0.494241 0.0332156
931 0.900098 0.52608 0.0370051
932 0.900098 0.492622 0.0331963
933 0.900098 0.511958 0.0324003
934 0.900098 0.500021 0.0362851
935 0.900098 0.514916 0.0340737
936 0.900098 0.504601 0.0312134
937 0.900098 0.510258 0.0326253
938 0.900098 0.512782 0.034205
939 0.900098 0.519769 0.033219
940 0.900098 0.494419 0.0352378
941 0.900098 0.499566 0.0393698
942 0.900098 0.52866 0.0351633
943 0.900098 0.501721 0.0333159
944 0.900098 0.518301 0.0370462
945 0.900098 0.529162 0.0349808
946 0.900098 0.510064 0.0330522
947 0.900098 0.513652 0.0333317
948 0.900098 0.529506 0.032442
949 0.900098 0.540987 0.0321071
950 0.900099 0.509323 0.0373036
951 0.900099 0.501959 0.0397962
952 0.900099 0.473892 0.0314385
953 0.900099 0.496276 0.0347109
954 0.900099 0.497852 0.0359394
955 0.900099 0.480617 0.0350154
956 0.900099 0.495462 0.0348364
957 0.900099 0.50184 0.0345471
958 0.900099 0.509506 0.0307527
959 0.900099 0.485043 0.0294038
960 0.900099 0.489756 0.0327512
961 0.900099 0.491563 0.0327724
962 0.900099 0.49882 0.0339996
963 0.900099 0.494982 0.0385191
964 0.900099 0.492864 0.0388968
965 0.900099 0.509173 0.0387211
966 0.900099 0.508091 0.0374978
967 0.900099 0.481013 0.0358597
968 0.900099 0.496824 0.0394486
969 0.900099 0.501097 0.0355343
970 0.900099 0.50967 0.0317651
971 0.900099 0.524826 0.0351363
972 0.900099 0.507619 0.0390369
973 0.900099 0.486015 0.0402622
974 0.900099 0.475498 0.0387842
975 0.900099 0.472377 0.0323174
976 0.900099 0.486876 0.0380714
977 0.900099 0.475148 0.0362594
978 0.900099 0.479646 0.0299671
979 0.900099 0.494529 0.0309043
980 0.900099 0.488933 0.034782
981 0.900099 0.504566 0.0408383
982 0.900099 0.501382 0.0345744
983 0.900099 0.504184 0.040592
984 0.900099 0.500879 0.0321365
985 0.900099 0.471423 0.0351367
986 0.900099 0.486898 0.0306566
987 0.900099 0.51325 0.0365645
988 0.900099 0.513835 0.0427158
989 0.900099 0.504254 0.0332482
990 0.900099 0.48551 0.0376912
991 0.900099 0.504286 0.0368968
992 0.900099 0.535368 0.0379324
993 0.900099 0.517525 0.0369158
994 0.900099 0.511288 0.0427434
995 0.900099 0.508442 0.0347556
996 0.900099 0.513957 0.0374397
997 0.900099 0.490176 0.0344313
998 0.900099 0.495359 0.0348809
999 0.900099 0.52329 0.0371664
1000 0.900099 0.482245 0.0353936
