0 0.560158 0.500431 0.000256501
1 0.56989 0.504157 0.000363559
2 0.591643 0.502256 0.00173186
3 0.591643 0.509154 0.000658959
4 0.591643 0.513651 0.000760677
5 0.591643 0.512514 0.00109201
6 0.614559 0.517581 0.00107193
7 0.704981 0.523699 0.00165594
8 0.704981 0.525528 0.00192886
9 0.704981 0.523946 0.00189159
10 0.704981 0.519366 0.00416096
11 0.704981 0.527251 0.00285469
12 0.704981 0.533003 0.00306254
13 0.717936 0.536017 0.00391663
14 0.717936 0.537155 0.00389519
15 0.717936 0.531519 0.00478677
16 0.717936 0.525124 0.00576596
17 0.717936 0.532487 0.00565425
18 0.717936 0.535948 0.00662857
19 0.725031 0.548012 0.00704735
20 0.725031 0.553653 0.00745992
21 0.73959 0.544502 0.0101319
22 0.73959 0.553768 0.00730516
23 0.73959 0.550101 0.00804865
24 0.73959 0.548791 0.00978543
25 0.73959 0.548098 0.00980481
26 0.73959 0.555752 0.00980028
27 0.73959 0.556876 0.0111303
28 0.73959 0.568093 0.00934377
29 0.741809 0.560208 0.0108321
30 0.741809 0.557688 0.0105014
31 0.741809 0.556032 0.0100062
32 0.741809 0.560312 0.00873873
33 0.742743 0.560778 0.00881799
34 0.742743 0.556105 0.0106228
35 0.742743 0.567736 0.00810813
36 0.742743 0.57104 0.00928816
37 0.742743 0.554781 0.00847244
38 0.742743 0.553399 0.0077967
39 0.77996 0.56762 0.00913399
40 0.77996 0.557733 0.00960379
41 0.77996 0.555334 0.0106226
42 0.77996 0.551746 0.013752
43 0.77996 0.558824 0.0103047
44 0.77996 0.563453 0.0084452
45 0.77996 0.559269 0.00860938
46 0.782529 0.564182 0.0101052
47 0.782529 0.563269 0.0105018
48 0.782529 0.562608 0.0106808
49 0.804674 0.567591 0.0128776
50 0.805627 0.569107 0.0148063
51 0.805627 0.578635 0.0161076
52 0.805627 0.585638 0.0165036
53 0.805627 0.579786 0.0146601
54 0.81006 0.580346 0.0157769
55 0.81006 0.594469 0.0143901
56 0.839863 0.602576 0.0137294
57 0.839863 0.60338 0.0176633
58 0.839863 0.608639 0.0155399
59 0.839863 0.609319 0.0164973
60 0.839863 0.625934 0.0136276
61 0.839863 0.639361 0.0163527
62 0.839863 0.632594 0.0151392
63 0.843797 0.651753 0.0154722
64 0.843797 0.671127 0.0173796
65 0.845891 0.673791 0.016918
66 0.848686 0.678804 0.0158571
67 0.848686 0.692674 0.0164574
68 0.848686 0.713347 0.0155467
69 0.856145 0.719628 0.0149013
70 0.856145 0.715945 0.012491
71 0.856145 0.710758 0.0139138
72 0.856145 0.728961 0.012666
73 0.856145 0.729474 0.0140896
74 0.856145 0.728127 0.0114076
75 0.856145 0.727191 0.0114148
76 0.856145 0.746285 0.00787332
77 0.856145 0.743553 0.00961624
78 0.858682 0.75678 0.00847181
79 0.860309 0.756521 0.00825811
80 0.860309 0.7519 0.00912162
81 0.860309 0.734947 0.0123065
82 0.860309 0.734086 0.0125979
83 0.860309 0.722097 0.016578
84 0.860309 0.726902 0.013558
85 0.860309 0.709856 0.0171121
86 0.860309 0.716945 0.0168901
87 0.860309 0.710801 0.0164425
88 0.860309 0.736713 0.0144883
89 0.863801 0.745907 0.0132141
90 0.863801 0.743831 0.012204
91 0.863801 0.730472 0.0138683
92 0.863801 0.751347 0.00998986
93 0.863801 0.740966 0.0134682
94 0.863801 0.755763 0.00934709
95 0.863801 0.757227 0.0111828
96 0.863801 0.732527 0.0165742
97 0.863801 0.735272 0.0122601
98 0.863801 0.737069 0.012702
99 0.863801 0.74778 0.0100422
100 0.863801 0.764069 0.0072922
101 0.863801 0.754849 0.0109702
102 0.863801 0.750605 0.0095369
103 0.863801 0.721613 0.0143407
104 0.863801 0.722437 0.0125083
105 0.863801 0.721826 0.0141696
106 0.863801 0.734485 0.0126465
107 0.863801 0.745375 0.0114841
108 0.863801 0.732981 0.0138282
109 0.863801 0.745369 0.0112141
110 0.863801 0.721678 0.0181283
111 0.863801 0.711158 0.0166555
112 0.863801 0.711789 0.0174402
113 0.863801 0.718384 0.0154546
114 0.863801 0.733872 0.012396
115 0.863801 0.736203 0.0115649
116 0.864166 0.746063 0.0122735
117 0.864166 0.734484 0.013708
118 0.864166 0.744582 0.0126643
119 0.864166 0.741133 0.0111545
120 0.864166 0.749135 0.0106301
121 0.864166 0.755244 0.00992492
122 0.864166 0.750266 0.0119028
123 0.864166 0.749592 0.0119679
124 0.864166 0.733167 0.0156909
125 0.864166 0.714059 0.0177098
126 0.864166 0.75043 0.0138703
127 0.864166 0.761353 0.0091533
128 0.864166 0.754962 0.0108041
129 0.864166 0.764929 0.00954313
130 0.864166 0.743989 0.0116697
131 0.864166 0.735366 0.0115799
132 0.866637 0.728378 0.0145387
133 0.866637 0.735053 0.0127326
134 0.86899 0.732951 0.0128808
135 0.86899 0.729344 0.0146746
136 0.87095 0.735941 0.0131248
137 0.87095 0.744331 0.0121669
138 0.87095 0.762874 0.00899173
139 0.87095 0.755604 0.0102737
140 0.87095 0.745708 0.0121225
141 0.87095 0.753982 0.00948692
142 0.87095 0.73917 0.0140133
143 0.87095 0.751948 0.0118362
144 0.87095 0.740721 0.0129123
145 0.871825 0.749205 0.0108145
146 0.871825 0.759892 0.00952217
147 0.871825 0.776508 0.00680317
148 0.871825 0.766206 0.00870033
149 0.871825 0.767507 0.0064938
150 0.871825 0.771248 0.00680554
151 0.871825 0.767391 0.00732089
152 0.871825 0.766897 0.00785095
153 0.871825 0.774451 0.00679179
154 0.871825 0.778883 0.00685118
155 0.871825 0.777011 0.00638712
156 0.871825 0.757067 0.01162
157 0.871825 0.772826 0.00827078
158 0.871825 0.76427 0.0108431
159 0.871825 0.781159 0.00639763
160 0.871825 0.75541 0.0118461
161 0.872496 0.771993 0.00799498
162 0.872496 0.77064 0.00780999
163 0.872496 0.754051 0.00909449
164 0.872496 0.74936 0.0124606
165 0.872496 0.755067 0.0115428
166 0.872496 0.761117 0.0112059
167 0.872496 0.750523 0.0112526
168 0.872496 0.744831 0.0136467
169 0.872496 0.766447 0.00943767
170 0.872496 0.765158 0.00961916
171 0.872496 0.772889 0.00746244
172 0.872496 0.775293 0.00733565
173 0.872496 0.766103 0.00715886
174 0.872496 0.771267 0.00804885
175 0.872496 0.764232 0.00946414
176 0.872496 0.778324 0.0068508
177 0.872496 0.778966 0.00939979
178 0.872496 0.763193 0.0129648
179 0.872496 0.754777 0.0162727
180 0.872496 0.751384 0.0142491
181 0.872496 0.761515 0.0101419
182 0.872496 0.753678 0.011157
183 0.872496 0.758701 0.0115851
184 0.872496 0.745722 0.0135285
185 0.872496 0.74453 0.0138512
186 0.872496 0.751833 0.0126542
187 0.872496 0.766608 0.00930697
188 0.872496 0.757063 0.0133231
189 0.872496 0.762344 0.0102844
190 0.872496 0.763154 0.0105288
191 0.872496 0.774243 0.00831604
192 0.872496 0.752376 0.0102195
193 0.872496 0.753743 0.0126191
194 0.872496 0.750792 0.0100271
195 0.872496 0.754672 0.0114991
196 0.872496 0.741971 0.015055
197 0.872496 0.751239 0.0155564
198 0.872496 0.751234 0.0123637
199 0.872496 0.744446 0.0176725
200 0.872496 0.750023 0.0115391
201 0.872496 0.749684 0.0110462
202 0.872496 0.747597 0.0129247
203 0.872496 0.746286 0.0124997
204 0.872496 0.761346 0.0107451
205 0.872496 0.762833 0.0112773
206 0.872496 0.756795 0.0133259
207 0.872496 0.75162 0.0140107
208 0.872496 0.755774 0.011624
209 0.872496 0.74158 0.0146914
210 0.872496 0.74772 0.0127955
211 0.872496 0.747761 0.0131147
212 0.872496 0.761811 0.0120055
213 0.872496 0.754205 0.0114459
214 0.872496 0.759965 0.00787054
215 0.872496 0.754186 0.0118305
216 0.872496 0.76228 0.00919331
217 0.872496 0.785701 0.00484105
218 0.872496 0.776875 0.00721451
219 0.872496 0.77739 0.009011
220 0.872496 0.784695 0.00631296
221 0.872496 0.789477 0.0043692
222 0.872496 0.782231 0.00562307
223 0.872496 0.780778 0.0059891
224 0.872496 0.775376 0.00595023
225 0.872685 0.770487 0.00908321
226 0.872685 0.762047 0.0101338
227 0.872685 0.76007 0.00938879
228 0.872685 0.738372 0.0152713
229 0.872685 0.755906 0.0143646
230 0.872685 0.761465 0.0106033
231 0.872685 0.770336 0.00929357
232 0.872685 0.765829 0.0115718
233 0.872685 0.766269 0.0115464
234 0.872685 0.752153 0.0125362
235 0.872685 0.759385 0.00984867
236 0.872685 0.776837 0.00846479
237 0.872685 0.77304 0.00902691
238 0.872685 0.754719 0.012171
239 0.872685 0.765979 0.00977164
240 0.872685 0.759089 0.0099216
241 0.872922 0.762356 0.0108948
242 0.872922 0.767255 0.00740092
243 0.872922 0.770837 0.00921742
244 0.872922 0.759068 0.0105744
245 0.872922 0.748942 0.012137
246 0.872922 0.757718 0.0108195
247 0.872922 0.764126 0.0109164
248 0.872922 0.761738 0.0128452
249 0.872922 0.746307 0.0151891
250 0.873266 0.749008 0.0141132
251 0.873266 0.743456 0.0154767
252 0.873266 0.748933 0.0145538
253 0.873266 0.754569 0.0125987
254 0.873266 0.762539 0.0113338
255 0.873266 0.756144 0.0114318
256 0.873266 0.752683 0.0125379
257 0.873266 0.751415 0.0160273
258 0.873266 0.758605 0.0130546
259 0.873266 0.767522 0.0100615
260 0.873266 0.76167 0.0128597
261 0.873266 0.765614 0.0111483
262 0.873266 0.748805 0.0134547
263 0.873266 0.739671 0.0147557
264 0.873266 0.742924 0.0124184
265 0.873266 0.774036 0.00744534
266 0.873266 0.775262 0.00648804
267 0.873266 0.77163 0.00960559
268 0.873266 0.763031 0.0111387
269 0.873266 0.762954 0.0110911
270 0.873266 0.763385 0.0102467
271 0.873266 0.763249 0.0109292
272 0.873266 0.749046 0.015073
273 0.873266 0.738072 0.0165082
274 0.873266 0.761863 0.0113444
275 0.873266 0.752746 0.0131217
276 0.873266 0.77128 0.00947388
277 0.873266 0.759771 0.0130328
278 0.873266 0.762382 0.0110499
279 0.873266 0.762494 0.00982261
280 0.873266 0.762254 0.0112695
281 0.873266 0.763462 0.0100247
282 0.873266 0.760188 0.0137816
283 0.873266 0.774295 0.0110448
284 0.873266 0.763077 0.0113398
285 0.873266 0.750213 0.0124284
286 0.873266 0.745562 0.0171693
287 0.873266 0.753021 0.0104096
288 0.873266 0.758151 0.0124078
289 0.873266 0.750361 0.0115759
290 0.873266 0.743215 0.0132856
291 0.873266 0.75413 0.0135305
292 0.873266 0.747734 0.0142978
293 0.873266 0.75386 0.0143631
294 0.873266 0.758085 0.010984
295 0.873266 0.774865 0.00924553
296 0.873266 0.755901 0.0115317
297 0.873266 0.756351 0.0128514
298 0.873266 0.762613 0.0101374
299 0.873266 0.753517 0.0136682
300 0.873266 0.73545 0.012976
301 0.873266 0.736556 0.0122427
302 0.873266 0.749204 0.011008
303 0.873266 0.760095 0.00860282
304 0.873266 0.750328 0.0126232
305 0.873266 0.77089 0.00816899
306 0.873266 0.756093 0.0106678
307 0.873266 0.756128 0.0117557
308 0.873266 0.762449 0.00964243
309 0.873266 0.755658 0.0111379
310 0.873266 0.76023 0.0108337
311 0.873266 0.763174 0.0102875
312 0.873266 0.746097 0.0132544
313 0.873266 0.751446 0.0128014
314 0.873266 0.753917 0.0151461
315 0.873266 0.759589 0.0120697
316 0.873266 0.747528 0.0137691
317 0.873266 0.749422 0.0128117
318 0.873266 0.764533 0.00909369
319 0.873266 0.755657 0.013264
320 0.873266 0.750348 0.0138007
321 0.873266 0.734909 0.0151944
322 0.873266 0.737184 0.0136589
323 0.873266 0.729177 0.0160391
324 0.873266 0.740532 0.0142499
325 0.873266 0.736984 0.0135305
326 0.873266 0.750265 0.0124043
327 0.873266 0.749006 0.0134077
328 0.873551 0.751684 0.0117074
329 0.873551 0.756867 0.0105968
330 0.873551 0.761709 0.00879922
331 0.873551 0.777027 0.00686086
332 0.873551 0.768263 0.011239
333 0.873551 0.780731 0.00783393
334 0.873551 0.771354 0.00861748
335 0.873551 0.77039 0.00783845
336 0.873551 0.773302 0.00782053
337 0.873551 0.762564 0.00813174
338 0.873551 0.754884 0.0131118
339 0.873551 0.766652 0.0103005
340 0.873551 0.769139 0.00914996
341 0.873551 0.779455 0.00726795
342 0.873551 0.780575 0.00623233
343 0.873647 0.763344 0.011743
344 0.873647 0.779587 0.00870838
345 0.873647 0.761886 0.0115703
346 0.873647 0.756764 0.0132853
347 0.873647 0.751803 0.0151077
348 0.873647 0.756444 0.0138518
349 0.873647 0.765156 0.0103172
350 0.873647 0.76829 0.00957519
351 0.873647 0.753643 0.011995
352 0.873647 0.746892 0.0148975
353 0.873647 0.760044 0.012659
354 0.873647 0.762716 0.00930446
355 0.873647 0.77643 0.00892667
356 0.873647 0.760339 0.0146944
357 0.873647 0.754844 0.0150845
358 0.873647 0.776012 0.00953112
359 0.873647 0.772457 0.0116052
360 0.873647 0.764766 0.0123422
361 0.873647 0.776962 0.00803327
362 0.873647 0.754806 0.0147845
363 0.873647 0.76443 0.00953253
364 0.873647 0.762358 0.0103894
365 0.873647 0.773429 0.00865414
366 0.873647 0.784923 0.00579939
367 0.873647 0.771481 0.00675395
368 0.873647 0.782033 0.00651392
369 0.873647 0.774118 0.00811401
370 0.873647 0.781731 0.00569011
371 0.873647 0.788203 0.00587375
372 0.873647 0.786153 0.00616393
373 0.873647 0.769326 0.00928255
374 0.873647 0.767365 0.0111982
375 0.873647 0.761813 0.0103901
376 0.873647 0.742965 0.0137067
377 0.873647 0.749648 0.0116057
378 0.873647 0.743871 0.0132503
379 0.873647 0.751079 0.00982908
380 0.873647 0.744053 0.0110918
381 0.873647 0.744257 0.0139146
382 0.873647 0.751645 0.0116625
383 0.873647 0.766968 0.00830959
384 0.873647 0.76383 0.00896962
385 0.873647 0.766688 0.0096039
386 0.873647 0.762126 0.0122298
387 0.873647 0.775961 0.00665345
388 0.873647 0.768462 0.010668
389 0.873647 0.772282 0.00796267
390 0.873647 0.788284 0.00453863
391 0.873647 0.763006 0.00917437
392 0.873647 0.781239 0.00582387
393 0.873647 0.77436 0.0062409
394 0.873647 0.764665 0.0107408
395 0.873647 0.757738 0.011837
396 0.873647 0.773137 0.00823799
397 0.873647 0.771663 0.00683093
398 0.873647 0.769031 0.0076276
399 0.873647 0.749853 0.0114679
400 0.873647 0.762489 0.0115775
401 0.873647 0.771191 0.00799704
402 0.873647 0.763535 0.010082
403 0.873647 0.7557 0.00957183
404 0.873647 0.75559 0.0112464
405 0.873647 0.771766 0.00776179
406 0.873647 0.760978 0.0111305
407 0.873647 0.759133 0.0120013
408 0.873647 0.745802 0.0134586
409 0.873647 0.759252 0.0114956
410 0.873647 0.75168 0.0133375
411 0.873647 0.772733 0.00805807
412 0.873647 0.770968 0.00948852
413 0.873647 0.746619 0.014744
414 0.873647 0.777536 0.00958979
415 0.873647 0.767055 0.0127476
416 0.873647 0.777758 0.00888381
417 0.873647 0.767487 0.00991692
418 0.873647 0.773044 0.00828926
419 0.873647 0.775561 0.00745965
420 0.873647 0.754208 0.0160896
421 0.873647 0.763715 0.0102481
422 0.873647 0.746812 0.0145064
423 0.873647 0.752902 0.0131269
424 0.873647 0.746546 0.0142846
425 0.873647 0.74676 0.0127278
426 0.873647 0.751706 0.0118533
427 0.873647 0.742507 0.0147593
428 0.873647 0.733961 0.0177638
429 0.873647 0.760635 0.0107065
430 0.873647 0.751527 0.0142574
431 0.873647 0.768547 0.0106899
432 0.873647 0.754606 0.0102856
433 0.873647 0.744841 0.013066
434 0.873647 0.751392 0.0118089
435 0.873647 0.748717 0.0128292
436 0.873647 0.748211 0.0144677
437 0.873647 0.759153 0.0117783
438 0.873647 0.757063 0.0129894
439 0.873647 0.750112 0.0121402
440 0.873647 0.735405 0.016138
441 0.873647 0.739953 0.0137064
442 0.873647 0.737664 0.0177086
443 0.873647 0.72594 0.0175995
444 0.873647 0.726351 0.0160021
445 0.873647 0.722226 0.0194495
446 0.873647 0.73888 0.0179663
447 0.873647 0.767039 0.0116459
448 0.873647 0.743928 0.0159859
449 0.873647 0.746356 0.0169109
450 0.873647 0.749347 0.0131283
451 0.873647 0.746947 0.0129416
452 0.873647 0.753645 0.0114191
453 0.873647 0.734747 0.0175274
454 0.873647 0.750579 0.0153442
455 0.873647 0.768146 0.0116292
456 0.873647 0.752096 0.0146724
457 0.873647 0.760728 0.0132673
458 0.873647 0.760036 0.0132244
459 0.873647 0.740677 0.0166122
460 0.873647 0.736861 0.015933
461 0.873647 0.729762 0.0209652
462 0.873647 0.735224 0.0181812
463 0.873647 0.733673 0.0172168
464 0.873647 0.740043 0.0170227
465 0.873647 0.74629 0.0163826
466 0.873647 0.764876 0.0144976
467 0.873647 0.747094 0.0160124
468 0.873647 0.764747 0.0112463
469 0.873647 0.746927 0.0126113
470 0.873647 0.735325 0.0140427
471 0.873647 0.747127 0.0138153
472 0.873647 0.765517 0.0103544
473 0.873647 0.772323 0.00906321
474 0.873647 0.766864 0.0109285
475 0.873647 0.770928 0.0101003
476 0.873647 0.767292 0.0103082
477 0.873647 0.772105 0.0107467
478 0.873647 0.768977 0.00981948
479 0.873647 0.765852 0.0104771
480 0.873647 0.756408 0.0125719
481 0.873647 0.763723 0.0119543
482 0.873647 0.760708 0.0117909
483 0.873647 0.750084 0.0134364
484 0.873647 0.744608 0.0135538
485 0.873647 0.759186 0.0125421
486 0.873647 0.733641 0.0194072
487 0.873647 0.748714 0.013962
488 0.873647 0.751025 0.0139151
489 0.873647 0.762979 0.0106136
490 0.873647 0.769614 0.00855947
491 0.873647 0.758957 0.0120702
492 0.873647 0.750761 0.013297
493 0.873647 0.754109 0.0128401
494 0.873647 0.758017 0.0114528
495 0.873647 0.754044 0.0119537
496 0.873647 0.747155 0.0148584
497 0.873647 0.763941 0.0118889
498 0.873647 0.762808 0.0106823
499 0.873647 0.756695 0.0104729
500 0.873647 0.764511 0.0115911
501 0.873647 0.745425 0.0141979
502 0.873647 0.748854 0.0152338
503 0.873647 0.763469 0.0109055
504 0.873647 0.763646 0.0104012
505 0.873647 0.76854 0.0119084
506 0.873647 0.762156 0.00943804
507 0.873647 0.761795 0.00911273
508 0.873647 0.762994 0.00939777
509 0.873647 0.771415 0.00933285
510 0.873647 0.772179 0.00905014
511 0.873647 0.767849 0.0100327
512 0.873647 0.767297 0.0101544
513 0.873647 0.761353 0.0113011
514 0.873647 0.753733 0.0121763
515 0.873647 0.756795 0.0132306
516 0.873647 0.771046 0.0110064
517 0.873647 0.771133 0.0118687
518 0.873647 0.757529 0.0127584
519 0.873647 0.755109 0.0157902
520 0.873647 0.75891 0.0142329
521 0.873647 0.751762 0.0121419
522 0.873647 0.751879 0.0118209
523 0.873647 0.768298 0.00701469
524 0.873647 0.780526 0.0062515
525 0.873647 0.765309 0.0088846
526 0.873647 0.758741 0.010146
527 0.873647 0.749743 0.0131402
528 0.873647 0.758578 0.0123594
529 0.873647 0.753659 0.0124902
530 0.873647 0.752848 0.0135332
531 0.873647 0.754113 0.0118389
532 0.873647 0.753339 0.0128004
533 0.873647 0.762957 0.00919826
534 0.873647 0.757185 0.00962598
535 0.873647 0.757448 0.0101821
536 0.873715 0.758378 0.0123925
537 0.873715 0.753973 0.0124947
538 0.873715 0.754479 0.0121773
539 0.873715 0.760051 0.00989791
540 0.873715 0.754665 0.0120083
541 0.873715 0.748042 0.0115748
542 0.873715 0.761276 0.00854249
543 0.873715 0.770227 0.00990348
544 0.873715 0.745329 0.0127247
545 0.873715 0.752352 0.0145394
546 0.873715 0.750848 0.0126658
547 0.873715 0.759209 0.0102369
548 0.873715 0.768405 0.00840136
549 0.873715 0.774468 0.00871402
550 0.873715 0.760074 0.00980927
551 0.873715 0.750802 0.0133862
552 0.873715 0.750391 0.0103659
553 0.873715 0.760191 0.00981262
554 0.873715 0.746633 0.0141821
555 0.873715 0.75607 0.0115533
556 0.873715 0.7731 0.00827732
557 0.873715 0.773492 0.00679523
558 0.873715 0.766691 0.00830238
559 0.873715 0.761864 0.0104506
560 0.873715 0.758379 0.0105202
561 0.873715 0.748445 0.0143361
562 0.873715 0.743404 0.0125121
563 0.873715 0.74188 0.0150028
564 0.873715 0.754021 0.0104774
565 0.873715 0.726952 0.0150125
566 0.873715 0.74432 0.0122484
567 0.873715 0.736886 0.0133824
568 0.873715 0.739632 0.0125458
569 0.873715 0.748102 0.0130218
570 0.873715 0.755693 0.00822327
571 0.873715 0.765658 0.00801679
572 0.873715 0.752351 0.0104266
573 0.873715 0.769278 0.00672649
574 0.873715 0.764552 0.00924403
575 0.873715 0.751015 0.0144271
576 0.873715 0.742374 0.0169493
577 0.873715 0.75388 0.0141848
578 0.873715 0.745775 0.0110618
579 0.873715 0.738728 0.0151369
580 0.873715 0.737706 0.017315
581 0.873715 0.745858 0.014274
582 0.873715 0.736584 0.0160354
583 0.873715 0.747988 0.012305
584 0.873715 0.744085 0.0135174
585 0.873715 0.736486 0.0181275
586 0.873715 0.73717 0.0168638
587 0.873715 0.735875 0.0177654
588 0.873715 0.730373 0.0169391
589 0.873715 0.727739 0.0187169
590 0.873715 0.737396 0.013396
591 0.873715 0.756164 0.0130812
592 0.873715 0.766425 0.0121206
593 0.873715 0.754784 0.0139948
594 0.873715 0.76577 0.0106046
595 0.873715 0.765897 0.0100272
596 0.873715 0.763829 0.0125745
597 0.873715 0.763803 0.0127598
598 0.873715 0.755769 0.0126216
599 0.873715 0.748679 0.0124669
600 0.873715 0.745504 0.0137314
601 0.873715 0.734654 0.0158553
602 0.873715 0.755589 0.0121047
603 0.873715 0.760318 0.0114637
604 0.873715 0.755295 0.0148678
605 0.873715 0.747796 0.0147504
606 0.873715 0.756642 0.0113092
607 0.873715 0.748941 0.0139941
608 0.873715 0.758209 0.0115252
609 0.873715 0.747924 0.0142687
610 0.873715 0.763044 0.0103902
611 0.873715 0.755112 0.0159448
612 0.873715 0.762039 0.0106157
613 0.873715 0.767273 0.0115186
614 0.873715 0.760352 0.0114938
615 0.873715 0.744262 0.0138326
616 0.873715 0.749574 0.0130878
617 0.873715 0.756951 0.0118322
618 0.873715 0.764963 0.0111098
619 0.873715 0.773981 0.00799702
620 0.873715 0.763171 0.0104967
621 0.873715 0.755449 0.0110235
622 0.873715 0.749497 0.0119668
623 0.873715 0.756836 0.00978672
624 0.873715 0.752112 0.0113301
625 0.873715 0.745658 0.0162207
626 0.873715 0.766278 0.00962788
627 0.873715 0.75517 0.0111768
628 0.873715 0.745333 0.012321
629 0.873715 0.762573 0.0109997
630 0.873715 0.764345 0.00902535
631 0.873715 0.76217 0.00848106
632 0.873715 0.747949 0.0109071
633 0.873715 0.752419 0.0118228
634 0.873715 0.774657 0.00699836
635 0.873715 0.779916 0.00549178
636 0.873715 0.780791 0.0060338
637 0.873715 0.773984 0.00901864
638 0.873715 0.780791 0.00748172
639 0.873715 0.765209 0.0095185
640 0.873715 0.757034 0.0106091
641 0.873715 0.751829 0.0114872
642 0.873715 0.746085 0.0146671
643 0.873715 0.758295 0.0110785
644 0.873715 0.757486 0.00970784
645 0.873715 0.769031 0.0107283
646 0.873715 0.763679 0.0104973
647 0.873715 0.756446 0.0116009
648 0.873715 0.75566 0.0125877
649 0.873715 0.776077 0.00819152
650 0.873715 0.759922 0.00933273
651 0.873715 0.77993 0.00690254
652 0.873715 0.779719 0.00571763
653 0.873715 0.762971 0.0101794
654 0.873715 0.772874 0.00856981
655 0.873715 0.780742 0.00554637
656 0.873715 0.764305 0.011912
657 0.873715 0.764304 0.0109498
658 0.873715 0.760913 0.00906018
659 0.873715 0.761623 0.00941062
660 0.873715 0.772356 0.00694902
661 0.873715 0.771339 0.00783074
662 0.873715 0.768644 0.00755137
663 0.873715 0.768817 0.00875632
664 0.873715 0.76954 0.010395
665 0.87378 0.774531 0.00739472
666 0.87378 0.755785 0.00888892
667 0.874359 0.769095 0.00856986
668 0.874359 0.766552 0.0107898
669 0.874359 0.772554 0.00939412
670 0.874359 0.758808 0.0117905
671 0.874359 0.759455 0.0105287
672 0.874359 0.768618 0.00879109
673 0.874359 0.77282 0.00998521
674 0.874359 0.764761 0.0109467
675 0.874359 0.763637 0.0100592
676 0.874359 0.770591 0.00908756
677 0.874359 0.76401 0.0105628
678 0.874359 0.776376 0.00739892
679 0.874359 0.768283 0.00930435
680 0.874359 0.775231 0.00611433
681 0.874359 0.7722 0.00688753
682 0.874359 0.771794 0.00825741
683 0.874359 0.766668 0.00960653
684 0.874359 0.771499 0.00797487
685 0.874359 0.75601 0.00856101
686 0.874359 0.762094 0.00871141
687 0.874359 0.759922 0.0112215
688 0.874359 0.742309 0.0118137
689 0.874359 0.762055 0.00860289
690 0.874359 0.752736 0.0086562
691 0.874359 0.757426 0.0106644
692 0.874359 0.754624 0.0118291
693 0.874359 0.758788 0.0118605
694 0.874359 0.753557 0.0119628
695 0.874359 0.766907 0.00830895
696 0.874359 0.753856 0.0117784
697 0.874359 0.761976 0.0103172
698 0.874359 0.743348 0.0140685
699 0.874359 0.748812 0.0134052
700 0.874359 0.762069 0.0109118
701 0.874359 0.768473 0.0100677
702 0.874359 0.750278 0.0116037
703 0.874359 0.756939 0.0120734
704 0.874359 0.768763 0.00726367
705 0.874359 0.760809 0.0103926
706 0.874359 0.77246 0.0091358
707 0.874359 0.765814 0.0108272
708 0.874359 0.751812 0.0126293
709 0.874359 0.757002 0.0125719
710 0.874359 0.740118 0.0148331
711 0.874359 0.74767 0.0135554
712 0.874359 0.753576 0.0126045
713 0.874359 0.744168 0.0117041
714 0.874359 0.745518 0.0135385
715 0.874359 0.737272 0.0151793
716 0.874359 0.75957 0.0110792
717 0.874359 0.750619 0.0104568
718 0.874359 0.756244 0.00989741
719 0.874359 0.746031 0.0138688
720 0.874359 0.759763 0.0120066
721 0.874359 0.764886 0.0100514
722 0.874359 0.780764 0.0064117
723 0.874359 0.764968 0.0101159
724 0.874359 0.754557 0.0115511
725 0.874359 0.755915 0.0127323
726 0.874359 0.758827 0.0121546
727 0.874359 0.7853 0.00786877
728 0.874359 0.762528 0.0111199
729 0.874359 0.748408 0.0144264
730 0.874359 0.753968 0.0118273
731 0.874359 0.756288 0.0127943
732 0.874359 0.754051 0.0140021
733 0.874359 0.759072 0.0101457
734 0.874359 0.777652 0.00870159
735 0.874359 0.772326 0.0115834
736 0.874359 0.77235 0.00874805
737 0.874359 0.766389 0.00988771
738 0.874359 0.771922 0.00948641
739 0.874359 0.77925 0.00813283
740 0.874359 0.765429 0.0105269
741 0.874359 0.774556 0.00883818
742 0.874359 0.77509 0.0078831
743 0.874359 0.764917 0.00949149
744 0.874359 0.769609 0.00973692
745 0.874359 0.766898 0.0127862
746 0.874359 0.76619 0.0107229
747 0.874359 0.761161 0.0106539
748 0.874359 0.764031 0.0100907
749 0.874359 0.764108 0.00931603
750 0.874359 0.76485 0.0105401
751 0.874359 0.7468 0.0127961
752 0.874359 0.758005 0.0111533
753 0.874359 0.743684 0.0141623
754 0.874359 0.749207 0.013625
755 0.874359 0.75871 0.0122513
756 0.874359 0.73919 0.0152815
757 0.874359 0.733931 0.0156786
758 0.874359 0.722269 0.0154678
759 0.874359 0.741133 0.0138911
760 0.874359 0.759026 0.010879
761 0.874359 0.749767 0.0152624
762 0.874359 0.768483 0.00925839
763 0.874359 0.747721 0.0118101
764 0.874359 0.736604 0.013536
765 0.874359 0.732964 0.0149349
766 0.874359 0.750112 0.0116239
767 0.874359 0.76959 0.00930578
768 0.874359 0.745172 0.0148945
769 0.874359 0.750549 0.0130933
770 0.874359 0.756884 0.0122982
771 0.874359 0.761902 0.0103936
772 0.874359 0.757327 0.0110809
773 0.874359 0.770204 0.00786322
774 0.874359 0.777561 0.00820682
775 0.874359 0.746945 0.0123716
776 0.874359 0.741479 0.0141476
777 0.874359 0.738769 0.01379
778 0.874359 0.737503 0.0161473
779 0.874359 0.765388 0.0116267
780 0.874359 0.770533 0.00978648
781 0.874359 0.749937 0.0142457
782 0.874359 0.737229 0.0142922
783 0.874359 0.747409 0.0141397
784 0.874359 0.750416 0.0117682
785 0.874359 0.764279 0.0101629
786 0.874359 0.771466 0.0110076
787 0.874359 0.770527 0.010695
788 0.874359 0.769762 0.0116617
789 0.874359 0.757761 0.0119155
790 0.874359 0.761249 0.0124737
791 0.874359 0.766294 0.0116353
792 0.874359 0.772272 0.00895563
793 0.874359 0.767265 0.0110046
794 0.874359 0.774887 0.00780627
795 0.874359 0.76811 0.0100604
796 0.874359 0.751292 0.0125027
797 0.874359 0.761817 0.0104632
798 0.874359 0.760377 0.0118726
799 0.874359 0.756339 0.0120594
800 0.874359 0.753214 0.0142787
801 0.874359 0.766434 0.0111379
802 0.874359 0.768556 0.00807227
803 0.874359 0.759391 0.0110868
804 0.874359 0.751024 0.0141355
805 0.874359 0.763031 0.0105863
806 0.874359 0.771841 0.00726616
807 0.874359 0.765226 0.00962618
808 0.874359 0.778681 0.00884903
809 0.874359 0.780092 0.00828925
810 0.874359 0.771459 0.00881706
811 0.874359 0.7637 0.0103495
812 0.874359 0.768236 0.00903789
813 0.874359 0.782546 0.0071888
814 0.874359 0.784137 0.005188
815 0.874359 0.785242 0.00538383
816 0.874359 0.777821 0.00768028
817 0.874359 0.790843 0.00517432
818 0.874359 0.761269 0.0141298
819 0.874359 0.769692 0.0101402
820 0.874359 0.766061 0.00944602
821 0.874359 0.75669 0.0130648
822 0.874359 0.76818 0.00750137
823 0.874359 0.764713 0.00972533
824 0.874359 0.781104 0.00596778
825 0.874359 0.786364 0.00439262
826 0.874359 0.778957 0.00733396
827 0.874359 0.78648 0.00628898
828 0.874359 0.778514 0.00796063
829 0.874359 0.764285 0.0096161
830 0.874359 0.763824 0.00969476
831 0.874359 0.7768 0.00688898
832 0.874359 0.769888 0.00775698
833 0.874359 0.768572 0.00803148
834 0.874359 0.762707 0.0080202
835 0.874359 0.758388 0.00836732
836 0.874359 0.752812 0.0117645
837 0.874359 0.748866 0.0120677
838 0.874359 0.763252 0.00886268
839 0.874359 0.754667 0.0107567
840 0.874359 0.743533 0.0119068
841 0.874359 0.744982 0.0128961
842 0.874359 0.762826 0.00930605
843 0.874359 0.769664 0.00992757
844 0.874359 0.767097 0.00750319
845 0.874359 0.745417 0.0121469
846 0.874359 0.755696 0.0107698
847 0.874359 0.752105 0.0116308
848 0.874359 0.74713 0.0137484
849 0.874359 0.745286 0.0153208
850 0.874359 0.739636 0.0161762
851 0.874359 0.76465 0.0105365
852 0.874359 0.759782 0.0101672
853 0.874359 0.757418 0.0102078
854 0.874359 0.752971 0.00980178
855 0.874359 0.749363 0.0166085
856 0.874359 0.746013 0.0160859
857 0.874359 0.741183 0.0154444
858 0.874359 0.757384 0.0132672
859 0.874359 0.74868 0.0133666
860 0.874359 0.735112 0.0179035
861 0.874359 0.755394 0.0130514
862 0.874359 0.746486 0.0157359
863 0.874359 0.749174 0.0134671
864 0.874359 0.73997 0.0142581
865 0.874359 0.759642 0.0102083
866 0.874494 0.764718 0.010019
867 0.874494 0.743552 0.0108784
868 0.874494 0.741129 0.0133904
869 0.874494 0.746145 0.012117
870 0.874494 0.744775 0.0130235
871 0.874494 0.750314 0.0100955
872 0.874494 0.755063 0.011489
873 0.874524 0.757958 0.0132468
874 0.874524 0.769997 0.00901219
875 0.874524 0.763949 0.011947
876 0.874524 0.773256 0.00832215
877 0.874524 0.777654 0.00847351
878 0.874524 0.746783 0.0145101
879 0.874524 0.760405 0.0132307
880 0.874524 0.746031 0.0129582
881 0.874524 0.758273 0.0121452
882 0.874524 0.756846 0.0108509
883 0.874524 0.762753 0.0111671
884 0.874524 0.756489 0.0117559
885 0.874524 0.763388 0.00911244
886 0.874524 0.765694 0.0130335
887 0.874524 0.761994 0.0117162
888 0.874524 0.751519 0.0117816
889 0.874524 0.73966 0.0143497
890 0.874524 0.765856 0.0083978
891 0.874524 0.74246 0.0149977
892 0.874524 0.745513 0.0127765
893 0.874524 0.750388 0.0147777
894 0.874524 0.750921 0.0130665
895 0.874524 0.759209 0.012633
896 0.874524 0.756703 0.0105955
897 0.874524 0.760289 0.0109723
898 0.874524 0.751563 0.0111278
899 0.874524 0.763224 0.0117036
900 0.874524 0.746872 0.0143295
901 0.874524 0.758156 0.0112016
902 0.874524 0.743426 0.0136372
903 0.874524 0.756841 0.0113475
904 0.874524 0.751401 0.0141416
905 0.874524 0.744087 0.0170211
906 0.874524 0.74016 0.0147487
907 0.874524 0.758099 0.0108182
908 0.874524 0.77083 0.00964929
909 0.874524 0.766559 0.0107051
910 0.874524 0.76464 0.0117487
911 0.874524 0.772059 0.00860311
912 0.874524 0.773229 0.0118861
913 0.874524 0.782197 0.00746889
914 0.874524 0.761842 0.0117882
915 0.874524 0.7664 0.0118402
916 0.874524 0.768039 0.0104586
917 0.874524 0.761335 0.0118817
918 0.874524 0.769798 0.00736346
919 0.874524 0.770635 0.00659082
920 0.874524 0.769045 0.00688608
921 0.874524 0.75677 0.00988173
922 0.874524 0.764399 0.00983575
923 0.874524 0.756584 0.0107147
924 0.874524 0.754764 0.0109521
925 0.874524 0.758921 0.011045
926 0.874524 0.752486 0.0113511
927 0.874524 0.76586 0.00831069
928 0.874524 0.755958 0.0108173
929 0.874612 0.745112 0.0133724
930 0.874612 0.757741 0.0114103
931 0.874612 0.784762 0.00760144
932 0.874612 0.780022 0.00730723
933 0.874612 0.773244 0.00867332
934 0.874612 0.767729 0.00994838
935 0.874612 0.756975 0.0110001
936 0.874612 0.753524 0.0115672
937 0.874612 0.764736 0.00928776
938 0.874612 0.764668 0.00951918
939 0.874612 0.757892 0.0109045
940 0.874612 0.781764 0.00697729
941 0.874612 0.786725 0.00705365
942 0.874612 0.775522 0.00623886
943 0.874612 0.767873 0.0101877
944 0.874612 0.766954 0.0107172
945 0.874612 0.769705 0.0108019
946 0.874612 0.789097 0.00707055
947 0.874612 0.772234 0.0102468
948 0.874612 0.768932 0.00802795
949 0.874612 0.776997 0.0094331
950 0.874612 0.782031 0.00705647
951 0.874612 0.781475 0.00806753
952 0.874619 0.773423 0.00738019
953 0.874619 0.784436 0.0057087
954 0.874619 0.786783 0.00551871
955 0.874619 0.773769 0.0109241
956 0.874619 0.777625 0.0102119
957 0.874619 0.78018 0.00853038
958 0.874619 0.782076 0.00851161
959 0.874619 0.782534 0.00669978
960 0.8747 0.780049 0.00647968
961 0.8747 0.771164 0.00726887
962 0.874704 0.765097 0.00768339
963 0.874704 0.767264 0.00768376
964 0.874704 0.761723 0.00725961
965 0.874704 0.761877 0.00877887
966 0.874704 0.760327 0.0104689
967 0.874704 0.777135 0.00710034
968 0.874704 0.777733 0.00692972
969 0.874704 0.764044 0.0115827
970 0.874704 0.766692 0.00835341
971 0.874704 0.759419 0.0108356
972 0.874704 0.752392 0.0129877
973 0.874704 0.757717 0.011266
974 0.874704 0.761963 0.0115221
975 0.874704 0.764576 0.00876688
976 0.874704 0.7645 0.0111303
977 0.874704 0.754966 0.00987934
978 0.874704 0.762987 0.00665283
979 0.874704 0.751179 0.0115318
980 0.874704 0.741962 0.0144848
981 0.874704 0.756472 0.0115115
982 0.874704 0.739356 0.0143256
983 0.874704 0.764998 0.00940084
984 0.874704 0.747691 0.0134627
985 0.874704 0.75263 0.0120753
986 0.874704 0.757056 0.0115186
987 0.874704 0.763457 0.0102206
988 0.874704 0.771582 0.00739203
989 0.874704 0.773913 0.00703188
990 0.874704 0.7615 0.0105595
991 0.874704 0.766417 0.00736041
992 0.874704 0.762809 0.00886963
993 0.874704 0.75898 0.0113528
994 0.874704 0.749032 0.0111958
995 0.874704 0.755136 0.0110034
996 0.874704 0.762123 0.00985256
997 0.874704 0.767964 0.00790436
998 0.874704 0.763104 0.00892688
999 0.874704 0.754089 0.0129197
1000 0.874704 0.759787 0.0122313
