0 0.270635 0.247935 0.000140896
1 0.318117 0.252323 0.00013592
2 0.318117 0.251522 0.000270234
3 0.335416 0.252674 0.000347049
4 0.432676 0.259891 0.00100299
5 0.432676 0.262098 0.00131344
6 0.432676 0.271327 0.00210048
7 0.434675 0.276284 0.00287001
8 0.446328 0.283769 0.00406486
9 0.446328 0.28199 0.0043676
10 0.448925 0.28649 0.00528907
11 0.456079 0.291668 0.00640689
12 0.481247 0.294065 0.00667964
13 0.481247 0.28885 0.00652633
14 0.481247 0.294005 0.00579214
15 0.481247 0.288205 0.00536202
16 0.481247 0.28554 0.00647881
17 0.497617 0.29376 0.00734635
18 0.501987 0.299349 0.00892029
19 0.501987 0.295713 0.00867966
20 0.501987 0.299963 0.00971946
21 0.51255 0.297805 0.00848208
22 0.51255 0.295878 0.00861294
23 0.51255 0.313646 0.0100625
24 0.538561 0.305535 0.0101676
25 0.538561 0.312113 0.0113616
26 0.538561 0.308867 0.0105652
27 0.538561 0.315367 0.0126152
28 0.538561 0.311713 0.0115232
29 0.538561 0.316685 0.0103463
30 0.545799 0.320839 0.0122354
31 0.545799 0.326641 0.0149904
32 0.545799 0.316291 0.0123988
33 0.545799 0.306905 0.0116006
34 0.545799 0.303822 0.0128287
35 0.545799 0.31363 0.0128108
36 0.545799 0.327078 0.0137317
37 0.546946 0.323377 0.0126659
38 0.550991 0.318947 0.0124918
39 0.552711 0.306728 0.012533
40 0.556436 0.325348 0.0148764
41 0.564727 0.324894 0.0149712
42 0.576646 0.335211 0.0151677
43 0.597432 0.339038 0.0169042
44 0.632122 0.352582 0.019004
45 0.632122 0.363554 0.018105
46 0.632122 0.374834 0.0191655
47 0.632757 0.382743 0.0213292
48 0.632757 0.387532 0.0201518
49 0.680224 0.37744 0.0230851
50 0.680224 0.400442 0.0205843
51 0.686052 0.402533 0.0198352
52 0.686767 0.424186 0.0211683
53 0.686767 0.423437 0.0224345
54 0.686767 0.4556 0.0233893
55 0.709369 0.47128 0.0210025
56 0.709369 0.47623 0.0177395
57 0.709369 0.474747 0.01673
58 0.709369 0.482088 0.0198526
59 0.709369 0.496939 0.0200644
60 0.709369 0.510651 0.0168897
61 0.709369 0.522129 0.0153621
62 0.709369 0.533146 0.016121
63 0.71428 0.54099 0.0158836
64 0.71428 0.53701 0.0157095
65 0.728158 0.543661 0.0152043
66 0.729271 0.551504 0.0164727
67 0.729271 0.554448 0.0159422
68 0.729271 0.562825 0.0134271
69 0.737974 0.554972 0.0155477
70 0.741598 0.565942 0.0168096
71 0.741598 0.568011 0.0168024
72 0.761399 0.576836 0.0144597
73 0.761399 0.587965 0.0151219
74 0.761399 0.59587 0.0128722
75 0.761399 0.586886 0.0143508
76 0.761399 0.583175 0.0153688
77 0.774081 0.570082 0.0181351
78 0.774081 0.600818 0.0150433
79 0.774081 0.577471 0.018595
80 0.774081 0.580214 0.014554
81 0.774081 0.584622 0.0137772
82 0.774081 0.582601 0.0143106
83 0.774081 0.557966 0.0165995
84 0.774537 0.558033 0.0191841
85 0.774537 0.549805 0.021468
86 0.774537 0.548794 0.0236906
87 0.774537 0.545558 0.0265516
88 0.774537 0.567425 0.0208471
89 0.774537 0.562235 0.0224913
90 0.774537 0.550923 0.0254974
91 0.774537 0.56979 0.0242741
92 0.774537 0.569715 0.0222738
93 0.774537 0.576001 0.0228897
94 0.774537 0.557225 0.0222601
95 0.774537 0.543023 0.0272546
96 0.774537 0.554214 0.0221718
97 0.774537 0.591813 0.0195031
98 0.774537 0.551426 0.022174
99 0.774537 0.560144 0.0216328
100 0.774537 0.585341 0.0231888
101 0.774537 0.559682 0.0238737
102 0.774537 0.532908 0.0235405
103 0.774537 0.54469 0.0260642
104 0.774537 0.555032 0.022858
105 0.774537 0.550194 0.0232802
106 0.774537 0.551417 0.0234565
107 0.774537 0.573078 0.0261177
108 0.777657 0.578302 0.0253605
109 0.778976 0.562081 0.0284736
110 0.778976 0.568507 0.0274462
111 0.778976 0.56819 0.0226297
112 0.778976 0.573894 0.0230854
113 0.778976 0.589321 0.0233378
114 0.778976 0.576714 0.0226302
115 0.778976 0.586509 0.0232454
116 0.785459 0.572013 0.0243277
117 0.787681 0.571795 0.0221409
118 0.787681 0.534443 0.0268084
119 0.787681 0.536464 0.0251307
120 0.787681 0.546496 0.0256441
121 0.787681 0.542656 0.0270026
122 0.787681 0.550891 0.0264687
123 0.787681 0.561641 0.0231348
124 0.787681 0.554629 0.0249077
125 0.790672 0.567233 0.0232438
126 0.790672 0.570673 0.0235627
127 0.790672 0.5596 0.022241
128 0.794228 0.556032 0.0255989
129 0.794228 0.564482 0.023456
130 0.794228 0.558659 0.0257201
131 0.794228 0.578838 0.0228682
132 0.794228 0.580486 0.020425
133 0.794228 0.58579 0.0212258
134 0.794228 0.585032 0.0207026
135 0.794228 0.578235 0.0211379
136 0.794228 0.579041 0.0199694
137 0.794228 0.591786 0.016601
138 0.794228 0.585991 0.0205973
139 0.794228 0.577864 0.0201809
140 0.794228 0.599206 0.0193693
141 0.794228 0.595564 0.0216638
142 0.794228 0.6209 0.0182973
143 0.794228 0.610502 0.0211347
144 0.794228 0.588219 0.0241908
145 0.794228 0.618289 0.020359
146 0.794228 0.62335 0.0167936
147 0.794228 0.599442 0.0219262
148 0.794228 0.586369 0.0195448
149 0.794228 0.579518 0.0217922
150 0.794228 0.609972 0.0220304
151 0.794228 0.621486 0.0199117
152 0.794228 0.608073 0.0217605
153 0.794228 0.616224 0.020691
154 0.794228 0.605879 0.0202741
155 0.794228 0.587084 0.0222515
156 0.794228 0.594731 0.0201554
157 0.794228 0.606859 0.0204723
158 0.794228 0.589928 0.0227929
159 0.794228 0.58265 0.0250986
160 0.794228 0.590785 0.0251586
161 0.794228 0.59331 0.022453
162 0.794228 0.608942 0.0211978
163 0.794228 0.615977 0.0199768
164 0.794228 0.612923 0.0213014
165 0.794228 0.613858 0.0204307
166 0.794228 0.624511 0.019363
167 0.794228 0.589861 0.0230347
168 0.794228 0.590064 0.0215302
169 0.794228 0.610549 0.0209283
170 0.794228 0.611467 0.020073
171 0.794228 0.596991 0.0198488
172 0.794228 0.595786 0.0177296
173 0.794228 0.589575 0.0211258
174 0.794228 0.592451 0.0239475
175 0.794228 0.610491 0.0216687
176 0.794228 0.614631 0.0204387
177 0.794228 0.619324 0.0197776
178 0.794228 0.628982 0.0159496
179 0.794228 0.623974 0.0190627
180 0.794228 0.621884 0.0192663
181 0.794228 0.617209 0.0191885
182 0.794228 0.618548 0.0190659
183 0.794228 0.620318 0.016855
184 0.794228 0.623803 0.0164162
185 0.794228 0.627164 0.0172927
186 0.794228 0.625243 0.0166764
187 0.794228 0.625321 0.0178965
188 0.794228 0.618753 0.0153847
189 0.794228 0.612632 0.0166464
190 0.794228 0.617912 0.0183869
191 0.794228 0.618713 0.0153621
192 0.794228 0.629113 0.015514
193 0.794228 0.611349 0.0180538
194 0.794228 0.609794 0.0166473
195 0.794228 0.605485 0.0182807
196 0.794228 0.597503 0.0182466
197 0.794228 0.608781 0.0181102
198 0.794228 0.624043 0.0144827
199 0.794228 0.610133 0.0184369
200 0.794228 0.595333 0.0214477
201 0.794228 0.603294 0.0212898
202 0.794228 0.623386 0.0190215
203 0.808936 0.629738 0.015777
204 0.808936 0.622805 0.0181902
205 0.808936 0.620009 0.0148481
206 0.808936 0.621815 0.0187984
207 0.808936 0.634439 0.0151935
208 0.808936 0.625775 0.0159945
209 0.811423 0.624354 0.0162647
210 0.811423 0.633009 0.020122
211 0.811423 0.628315 0.0193921
212 0.811423 0.636141 0.0195379
213 0.814059 0.63408 0.0196266
214 0.814059 0.626495 0.0199778
215 0.814059 0.62563 0.0172183
216 0.814059 0.653034 0.0131789
217 0.814059 0.632806 0.0171409
218 0.814059 0.641614 0.0173347
219 0.814922 0.652693 0.0182657
220 0.814922 0.660821 0.0142144
221 0.814922 0.665609 0.0139726
222 0.814922 0.663329 0.0147013
223 0.814922 0.657547 0.0152121
224 0.814922 0.655348 0.0182436
225 0.814922 0.647552 0.0222953
226 0.814922 0.647909 0.0207643
227 0.814922 0.650069 0.0197359
228 0.814922 0.656642 0.0187243
229 0.814922 0.656342 0.0185963
230 0.814922 0.655315 0.0192966
231 0.814922 0.653394 0.017539
232 0.814922 0.657175 0.014544
233 0.814922 0.649152 0.016369
234 0.814922 0.65779 0.0178564
235 0.814922 0.671384 0.0154531
236 0.818463 0.666447 0.0177888
237 0.820665 0.670073 0.0131681
238 0.820665 0.66615 0.015943
239 0.820665 0.670343 0.0175537
240 0.820665 0.669839 0.0182952
241 0.820665 0.687194 0.0137377
242 0.821569 0.666389 0.0187253
243 0.821569 0.659481 0.0160733
244 0.821569 0.632515 0.0195275
245 0.821569 0.655032 0.0159932
246 0.821569 0.649766 0.0182803
247 0.831449 0.644415 0.0222409
248 0.831449 0.653569 0.02132
249 0.831449 0.645457 0.0220317
250 0.831449 0.651068 0.0190911
251 0.831449 0.64742 0.0219715
252 0.831449 0.664486 0.0170667
253 0.831449 0.66649 0.0166807
254 0.8326 0.667207 0.014117
255 0.8326 0.688938 0.0134158
256 0.8326 0.690327 0.0104671
257 0.8326 0.688377 0.0118784
258 0.8326 0.690373 0.0107269
259 0.8326 0.688231 0.0100885
260 0.8326 0.664748 0.0142434
261 0.8326 0.6695 0.0148088
262 0.8326 0.669505 0.0166891
263 0.8326 0.666109 0.0144467
264 0.8326 0.654531 0.0145765
265 0.8326 0.647133 0.0163332
266 0.8326 0.641443 0.0208275
267 0.8408 0.643218 0.0213622
268 0.8408 0.644759 0.0181748
269 0.8408 0.663647 0.0154805
270 0.8408 0.674187 0.0132042
271 0.8408 0.68879 0.0125938
272 0.8408 0.673637 0.0162186
273 0.8408 0.673727 0.0160116
274 0.8408 0.664573 0.0189808
275 0.8408 0.662606 0.0185523
276 0.841602 0.648983 0.0196969
277 0.841602 0.666133 0.0155532
278 0.841602 0.639275 0.020972
279 0.841602 0.655415 0.0207766
280 0.841602 0.685251 0.0149791
281 0.841602 0.676164 0.0161503
282 0.841602 0.673711 0.0147928
283 0.841602 0.691911 0.0111578
284 0.844456 0.680945 0.0156422
285 0.844456 0.674846 0.0195687
286 0.844456 0.676876 0.0194297
287 0.844456 0.673829 0.0210195
288 0.844495 0.672632 0.0199032
289 0.844495 0.673757 0.0208496
290 0.844495 0.66368 0.0262785
291 0.844495 0.666966 0.0223669
292 0.844495 0.64946 0.0242362
293 0.844495 0.642734 0.0231914
294 0.844495 0.625979 0.0285291
295 0.844495 0.613888 0.0291262
296 0.844495 0.618157 0.0282725
297 0.844495 0.651479 0.0243297
298 0.844495 0.640223 0.0220718
299 0.844495 0.653469 0.0209815
300 0.844495 0.643385 0.0253372
301 0.844495 0.637533 0.0296561
302 0.844495 0.638847 0.0273934
303 0.844495 0.653009 0.0256438
304 0.849803 0.657747 0.0244484
305 0.849803 0.658872 0.0212224
306 0.849803 0.653409 0.0247874
307 0.849803 0.669974 0.0215863
308 0.849803 0.684545 0.0177338
309 0.849803 0.668929 0.0206379
310 0.849803 0.677875 0.0181156
311 0.849803 0.662417 0.0210923
312 0.849803 0.665067 0.0217285
313 0.849803 0.666854 0.0196851
314 0.849803 0.665197 0.0195987
315 0.849803 0.657558 0.0195388
316 0.849803 0.659768 0.0217854
317 0.849803 0.6717 0.021369
318 0.849803 0.668208 0.0215056
319 0.849803 0.658133 0.0218467
320 0.849803 0.659548 0.0210175
321 0.849803 0.682641 0.0126154
322 0.849803 0.676719 0.0227631
323 0.849803 0.665946 0.0250628
324 0.849803 0.678926 0.0192962
325 0.849803 0.685251 0.01858
326 0.849803 0.681439 0.0163267
327 0.849803 0.701668 0.0110435
328 0.849803 0.692974 0.0129225
329 0.849803 0.701548 0.0116008
330 0.849803 0.7056 0.0109471
331 0.849803 0.713847 0.0124469
332 0.849803 0.706824 0.0104808
333 0.849803 0.690344 0.0144756
334 0.849803 0.676835 0.0193921
335 0.849803 0.686575 0.015911
336 0.849803 0.68974 0.0125408
337 0.849803 0.698768 0.0130942
338 0.850373 0.702617 0.0128381
339 0.850373 0.708991 0.0117914
340 0.850373 0.695508 0.0165907
341 0.850373 0.687361 0.0141714
342 0.850373 0.672583 0.0178889
343 0.850373 0.691343 0.0151536
344 0.850373 0.690074 0.0151409
345 0.850373 0.697953 0.014593
346 0.851174 0.678863 0.019536
347 0.852349 0.660044 0.0206174
348 0.852349 0.672782 0.0159146
349 0.852349 0.67812 0.0175422
350 0.852349 0.662057 0.0191567
351 0.852726 0.684835 0.0181695
352 0.852726 0.69599 0.0195715
353 0.852726 0.704894 0.0170514
354 0.852726 0.685506 0.0173164
355 0.852726 0.67945 0.0196916
356 0.852726 0.675504 0.0226897
357 0.852726 0.690283 0.0178792
358 0.852726 0.682205 0.0198437
359 0.852726 0.655079 0.0266558
360 0.85282 0.649116 0.0264206
361 0.85282 0.672615 0.022287
362 0.85282 0.680339 0.0185478
363 0.85282 0.679824 0.0183525
364 0.85282 0.680862 0.0198741
365 0.85475 0.663686 0.0251844
366 0.85475 0.662824 0.0246759
367 0.85475 0.662326 0.0189956
368 0.85475 0.666686 0.0186852
369 0.85475 0.672961 0.0237101
370 0.85475 0.672067 0.0228594
371 0.85475 0.67356 0.0255245
372 0.85475 0.666494 0.0243875
373 0.85475 0.687001 0.0188503
374 0.85475 0.663112 0.0197083
375 0.85475 0.667888 0.0215667
376 0.85475 0.671292 0.0212465
377 0.85475 0.670842 0.0204731
378 0.85475 0.670918 0.0199941
379 0.85475 0.68075 0.0176163
380 0.85475 0.671142 0.0173744
381 0.85475 0.670984 0.0174235
382 0.85475 0.663574 0.0213627
383 0.85475 0.661214 0.0209918
384 0.85475 0.671407 0.0217079
385 0.85475 0.677658 0.0176495
386 0.85475 0.677323 0.0196633
387 0.85475 0.689066 0.016779
388 0.85475 0.687326 0.0173174
389 0.85475 0.701607 0.0145628
390 0.85475 0.698282 0.0190958
391 0.85475 0.673554 0.0220342
392 0.85475 0.68913 0.0136372
393 0.85475 0.708622 0.01397
394 0.85475 0.686377 0.0174808
395 0.85475 0.677046 0.0179396
396 0.85475 0.653327 0.0182046
397 0.85475 0.682287 0.0179582
398 0.85475 0.67227 0.0225904
399 0.85475 0.668222 0.0210927
400 0.85475 0.665381 0.0238522
401 0.85475 0.676902 0.0202471
402 0.85475 0.6622 0.0250874
403 0.85475 0.6768 0.0193332
404 0.85475 0.67517 0.0224764
405 0.85475 0.672347 0.0258892
406 0.85475 0.675732 0.0254314
407 0.85475 0.662073 0.0234475
408 0.85475 0.674881 0.0200354
409 0.85475 0.661376 0.023688
410 0.85475 0.662821 0.0220294
411 0.85475 0.676348 0.0203425
412 0.85475 0.683549 0.0208445
413 0.85475 0.680115 0.0214941
414 0.85475 0.697373 0.0177324
415 0.85475 0.69008 0.0201301
416 0.85475 0.671102 0.0173604
417 0.85475 0.677943 0.0170595
418 0.85475 0.691968 0.0158675
419 0.85475 0.683969 0.0170156
420 0.85475 0.686659 0.0175486
421 0.85475 0.688938 0.0176549
422 0.85475 0.667959 0.0186671
423 0.85475 0.682803 0.0152356
424 0.85475 0.661209 0.0209644
425 0.85475 0.650594 0.0227862
426 0.85475 0.658298 0.0198733
427 0.85475 0.667684 0.0222826
428 0.85475 0.670258 0.0225028
429 0.85475 0.665016 0.0239886
430 0.85475 0.649309 0.0255208
431 0.85475 0.684664 0.0196668
432 0.85475 0.698491 0.0186057
433 0.85475 0.689799 0.0206412
434 0.85475 0.682921 0.0216297
435 0.85475 0.688898 0.018607
436 0.85475 0.666882 0.0209876
437 0.85475 0.683367 0.0200309
438 0.85475 0.685613 0.0188358
439 0.85475 0.690496 0.0177496
440 0.85475 0.704546 0.0144423
441 0.85475 0.695413 0.0180306
442 0.85475 0.707834 0.0142688
443 0.85475 0.724339 0.00987546
444 0.85475 0.689442 0.0154173
445 0.85475 0.697215 0.0167405
446 0.85475 0.695371 0.0179506
447 0.85475 0.677732 0.0189655
448 0.85475 0.664319 0.0239994
449 0.85475 0.673636 0.0224485
450 0.85475 0.679148 0.0196883
451 0.85475 0.684932 0.0157749
452 0.85475 0.662304 0.0186213
453 0.85475 0.674417 0.0211857
454 0.85475 0.703409 0.014801
455 0.85475 0.695515 0.0160472
456 0.85475 0.686646 0.0174629
457 0.85475 0.679509 0.0207965
458 0.85475 0.684432 0.01757
459 0.85475 0.688895 0.017066
460 0.85475 0.690136 0.0164873
461 0.85475 0.70039 0.016432
462 0.85475 0.700804 0.0158954
463 0.85475 0.700811 0.0160492
464 0.85475 0.690123 0.0193469
465 0.85475 0.667945 0.0205825
466 0.85475 0.689596 0.0157631
467 0.85475 0.683845 0.0187309
468 0.85475 0.681151 0.0202112
469 0.85475 0.687178 0.0195525
470 0.85475 0.686597 0.0182283
471 0.85475 0.700159 0.0139043
472 0.85475 0.699891 0.0142183
473 0.85475 0.706165 0.0155809
474 0.85475 0.697574 0.0155746
475 0.85475 0.690263 0.0170377
476 0.85475 0.68901 0.0151462
477 0.85475 0.674637 0.0202677
478 0.85475 0.654762 0.0220748
479 0.85475 0.65167 0.0255381
480 0.85475 0.668305 0.0228541
481 0.85475 0.661698 0.0256921
482 0.85475 0.673046 0.0235172
483 0.85475 0.689748 0.0204754
484 0.85475 0.697208 0.0165016
485 0.85475 0.691268 0.0186279
486 0.85475 0.69373 0.0182856
487 0.85475 0.670505 0.0217969
488 0.85475 0.683884 0.0208196
489 0.85475 0.689408 0.0165653
490 0.85475 0.687419 0.0162352
491 0.85475 0.685849 0.0200972
492 0.85475 0.691787 0.0174987
493 0.855272 0.691023 0.0204518
494 0.855272 0.684518 0.0183481
495 0.855272 0.694563 0.0172934
496 0.855272 0.707648 0.0119525
497 0.855272 0.713839 0.0126451
498 0.855272 0.703584 0.0165344
499 0.855272 0.711914 0.0163738
500 0.855272 0.704984 0.0159875
501 0.855272 0.705608 0.0143122
502 0.855272 0.703436 0.0199563
503 0.855278 0.704588 0.0194234
504 0.855278 0.707629 0.0130573
505 0.855278 0.709809 0.012017
506 0.855278 0.71521 0.0142867
507 0.855278 0.708604 0.0139276
508 0.855278 0.710166 0.0136025
509 0.855278 0.712721 0.015703
510 0.855278 0.719329 0.0172847
511 0.855278 0.712943 0.0186247
512 0.855278 0.712132 0.0170404
513 0.855278 0.700966 0.0164675
514 0.855278 0.70404 0.0200511
515 0.855278 0.677968 0.0234907
516 0.855278 0.69586 0.0178953
517 0.855278 0.686518 0.0196457
518 0.855278 0.69363 0.0172912
519 0.855278 0.697621 0.0142506
520 0.855278 0.68811 0.0180031
521 0.855278 0.650049 0.0253826
522 0.855278 0.685455 0.0190205
523 0.855278 0.678651 0.0189688
524 0.855278 0.668103 0.0203152
525 0.855278 0.682689 0.0202703
526 0.855278 0.700471 0.0154929
527 0.855278 0.697967 0.0132509
528 0.855278 0.692378 0.0163337
529 0.855278 0.68289 0.0172118
530 0.855278 0.680088 0.021139
531 0.855278 0.686807 0.0176025
532 0.855278 0.703462 0.0161856
533 0.855278 0.669767 0.0227509
534 0.855278 0.649109 0.025647
535 0.855278 0.65355 0.0239592
536 0.855278 0.675109 0.0204958
537 0.855278 0.672571 0.0196494
538 0.855278 0.669055 0.0230543
539 0.855278 0.684776 0.020556
540 0.855278 0.679593 0.0224693
541 0.855278 0.663912 0.0229433
542 0.855278 0.659663 0.0233918
543 0.855278 0.650895 0.0255299
544 0.855278 0.662508 0.0214525
545 0.855278 0.666859 0.0224857
546 0.855278 0.668683 0.0207257
547 0.855278 0.670027 0.0197141
548 0.855278 0.648009 0.0243304
549 0.855278 0.650753 0.0220279
550 0.855278 0.662303 0.0220189
551 0.855278 0.673629 0.0233508
552 0.855278 0.668798 0.023095
553 0.855308 0.694611 0.015369
554 0.855308 0.678126 0.0229495
555 0.855308 0.679346 0.022258
556 0.855308 0.683275 0.0211288
557 0.855308 0.692384 0.0170621
558 0.855308 0.68891 0.0172913
559 0.855468 0.691428 0.0140295
560 0.855468 0.702074 0.0160679
561 0.855468 0.687174 0.020753
562 0.855468 0.68302 0.0176328
563 0.855468 0.677118 0.0170148
564 0.855468 0.665672 0.0219968
565 0.855489 0.671377 0.0230359
566 0.855489 0.674216 0.0198095
567 0.855489 0.685203 0.0226741
568 0.855489 0.686993 0.0246709
569 0.855489 0.68908 0.0210649
570 0.855489 0.681399 0.0199437
571 0.855489 0.666293 0.0246147
572 0.855489 0.680377 0.0235559
573 0.855489 0.705042 0.0177617
574 0.855489 0.691633 0.0181911
575 0.855489 0.676155 0.0158995
576 0.855489 0.664623 0.0181084
577 0.855489 0.683855 0.0137891
578 0.855489 0.67214 0.0202679
579 0.855489 0.664083 0.0222151
580 0.855489 0.666427 0.0202674
581 0.855489 0.693897 0.014907
582 0.855489 0.68536 0.0177264
583 0.855489 0.673047 0.016853
584 0.855489 0.682736 0.0167492
585 0.855489 0.690354 0.0169016
586 0.855489 0.689225 0.0149302
587 0.855489 0.687344 0.0163267
588 0.855489 0.692728 0.0163324
589 0.855489 0.688644 0.0167802
590 0.855489 0.676143 0.0159942
591 0.855489 0.689968 0.0142701
592 0.855489 0.683155 0.0186041
593 0.855489 0.686629 0.0156865
594 0.855489 0.698331 0.0168044
595 0.855489 0.708352 0.0131582
596 0.855489 0.717577 0.0142401
597 0.855489 0.71178 0.0139361
598 0.855489 0.702771 0.0164818
599 0.856184 0.686139 0.0176219
600 0.856184 0.674234 0.0214312
601 0.856184 0.660487 0.0221868
602 0.856184 0.666464 0.0241111
603 0.856184 0.686203 0.0194088
604 0.856184 0.677702 0.0191898
605 0.856184 0.675847 0.0177546
606 0.856184 0.701805 0.0138941
607 0.856184 0.691207 0.0148554
608 0.856184 0.682859 0.0167809
609 0.856184 0.690798 0.0166938
610 0.856184 0.708539 0.0139824
611 0.856184 0.697149 0.0179827
612 0.856184 0.665266 0.0191973
613 0.856184 0.672659 0.0211874
614 0.856184 0.662002 0.0218219
615 0.856184 0.669062 0.0248452
616 0.856184 0.671903 0.0251579
617 0.856184 0.653738 0.0280055
618 0.856184 0.670431 0.0275777
619 0.856184 0.675343 0.0243179
620 0.856184 0.667493 0.0238322
621 0.856184 0.678767 0.023305
622 0.856184 0.677869 0.0233291
623 0.856184 0.669941 0.0210775
624 0.856184 0.673183 0.0168654
625 0.856184 0.670841 0.017801
626 0.856184 0.680781 0.0195486
627 0.856184 0.668122 0.0174922
628 0.856184 0.674859 0.0203137
629 0.856184 0.667675 0.0196526
630 0.856184 0.675037 0.0191
631 0.856184 0.662181 0.0238813
632 0.856184 0.664737 0.0275579
633 0.856184 0.658209 0.0299553
634 0.856184 0.649439 0.0320545
635 0.856184 0.661297 0.0259446
636 0.856184 0.659698 0.0309891
637 0.856184 0.652072 0.0285854
638 0.856184 0.66074 0.0287726
639 0.856184 0.65919 0.0290267
640 0.856184 0.668463 0.0256482
641 0.856184 0.656648 0.0269696
642 0.856184 0.636834 0.029026
643 0.856184 0.652748 0.0278055
644 0.856184 0.64725 0.027746
645 0.856184 0.675468 0.0194654
646 0.856184 0.675881 0.0172117
647 0.856184 0.670501 0.0217724
648 0.856184 0.665934 0.02133
649 0.856184 0.660427 0.0231065
650 0.856184 0.646855 0.0266023
651 0.856184 0.658199 0.0191868
652 0.856184 0.657968 0.018885
653 0.85794 0.663541 0.0216943
654 0.85794 0.6764 0.0200263
655 0.85794 0.696984 0.0201619
656 0.85794 0.669018 0.0237315
657 0.85794 0.672512 0.0231729
658 0.85794 0.66922 0.0223162
659 0.85794 0.65488 0.0204814
660 0.85794 0.675039 0.019075
661 0.85794 0.668053 0.0235637
662 0.85794 0.667221 0.0211013
663 0.85794 0.674208 0.0217715
664 0.85794 0.676459 0.0196223
665 0.85794 0.688057 0.021035
666 0.85794 0.679024 0.0218087
667 0.85794 0.667894 0.0201544
668 0.85794 0.668248 0.019903
669 0.85794 0.663482 0.0248281
670 0.85794 0.661217 0.025272
671 0.85794 0.684882 0.0200031
672 0.85794 0.692733 0.0214631
673 0.85794 0.667955 0.0208916
674 0.85794 0.667671 0.0251952
675 0.85794 0.662723 0.0257304
676 0.85794 0.657375 0.0272921
677 0.85794 0.635192 0.025962
678 0.85794 0.655635 0.0228783
679 0.85794 0.678789 0.0211048
680 0.85794 0.671908 0.0185756
681 0.85794 0.674111 0.0204764
682 0.85794 0.683859 0.0217195
683 0.85794 0.670781 0.0247213
684 0.85794 0.660299 0.0265948
685 0.85794 0.645595 0.0287784
686 0.85794 0.648851 0.025334
687 0.85794 0.664879 0.0246842
688 0.85794 0.663098 0.0204362
689 0.85794 0.65522 0.023762
690 0.85794 0.651522 0.0246518
691 0.85794 0.666737 0.0245457
692 0.85794 0.664218 0.0261602
693 0.85794 0.655262 0.0254385
694 0.85794 0.653188 0.0273882
695 0.85794 0.648019 0.0317303
696 0.85794 0.660172 0.0237328
697 0.85794 0.665658 0.0236929
698 0.861921 0.685107 0.0206217
699 0.861921 0.662313 0.022052
700 0.861921 0.675457 0.0205286
701 0.861921 0.661768 0.0252494
702 0.861921 0.648093 0.0284293
703 0.861921 0.663456 0.0266795
704 0.861921 0.658467 0.0250141
705 0.861921 0.655346 0.0255959
706 0.861921 0.654724 0.0237803
707 0.861921 0.65754 0.0229778
708 0.861921 0.658336 0.0229359
709 0.861921 0.660325 0.0241842
710 0.861921 0.675562 0.0293485
711 0.861921 0.675374 0.0286709
712 0.861921 0.680384 0.0268713
713 0.861921 0.679591 0.0268515
714 0.861921 0.683955 0.0263054
715 0.861921 0.679287 0.026414
716 0.861921 0.679915 0.0277704
717 0.867934 0.666638 0.0304694
718 0.867934 0.67708 0.026257
719 0.867934 0.669702 0.0288381
720 0.867934 0.682885 0.0258636
721 0.867934 0.673148 0.0210525
722 0.867934 0.658057 0.0265748
723 0.867934 0.673209 0.0225571
724 0.867934 0.685969 0.0169842
725 0.867934 0.704925 0.0186142
726 0.867934 0.701747 0.0184445
727 0.867934 0.712042 0.0198713
728 0.867934 0.712688 0.0192913
729 0.867934 0.71323 0.0194351
730 0.867934 0.716763 0.0172136
731 0.867934 0.7088 0.018981
732 0.867934 0.697977 0.0169028
733 0.867934 0.708158 0.0200187
734 0.867934 0.6928 0.0184804
735 0.867934 0.692504 0.0218772
736 0.868505 0.69907 0.0217645
737 0.872191 0.699622 0.0186251
738 0.872191 0.681359 0.0251438
739 0.872191 0.688544 0.021666
740 0.872191 0.687213 0.023624
741 0.872191 0.674461 0.0241069
742 0.872191 0.677331 0.0243731
743 0.872191 0.710033 0.0155701
744 0.872191 0.690263 0.0174723
745 0.872191 0.685886 0.0187999
746 0.872191 0.689991 0.0175728
747 0.872191 0.671298 0.0214365
748 0.872191 0.68776 0.0213458
749 0.872191 0.681647 0.0227745
750 0.872191 0.711513 0.0167195
751 0.872191 0.714707 0.0162978
752 0.872191 0.701965 0.0159353
753 0.872191 0.683301 0.0253286
754 0.872191 0.676386 0.0293176
755 0.872191 0.687897 0.0242031
756 0.872191 0.691449 0.0255376
757 0.872191 0.689994 0.0264444
758 0.872191 0.670912 0.026673
759 0.872191 0.651251 0.0225759
760 0.872191 0.671593 0.0233531
761 0.873712 0.673286 0.0211783
762 0.873712 0.694834 0.0146218
763 0.873712 0.702806 0.0139477
764 0.873712 0.697078 0.0153851
765 0.873712 0.684103 0.0165762
766 0.873712 0.688313 0.0175362
767 0.873712 0.689932 0.0194081
768 0.875744 0.673114 0.0238138
769 0.875744 0.655671 0.0234636
770 0.875744 0.664442 0.0253631
771 0.875744 0.668554 0.0233396
772 0.875744 0.668509 0.0257548
773 0.875744 0.661487 0.0271694
774 0.875744 0.674913 0.0253138
775 0.875744 0.694307 0.0198003
776 0.875744 0.691387 0.024114
777 0.875744 0.699859 0.0227909
778 0.875744 0.692234 0.0203136
779 0.875744 0.675945 0.022372
780 0.875744 0.682179 0.0230243
781 0.875744 0.690439 0.0231505
782 0.875744 0.669677 0.0215066
783 0.875744 0.675322 0.0232252
784 0.875744 0.682001 0.0217066
785 0.875744 0.700017 0.0202245
786 0.875744 0.698387 0.0230115
787 0.875744 0.658058 0.0284779
788 0.875744 0.666464 0.0253882
789 0.875744 0.666013 0.0244337
790 0.875744 0.678764 0.0239825
791 0.875744 0.677222 0.0235199
792 0.875744 0.664585 0.0241878
793 0.875744 0.69497 0.0191574
794 0.875744 0.697605 0.0199288
795 0.875744 0.700435 0.0183826
796 0.875744 0.70491 0.0146931
797 0.875744 0.701288 0.0176793
798 0.875744 0.691251 0.0180684
799 0.875744 0.680815 0.019824
800 0.875744 0.667523 0.0226475
801 0.875744 0.669002 0.0252235
802 0.875744 0.669738 0.0256131
803 0.875744 0.669194 0.0225801
804 0.875744 0.677433 0.0217462
805 0.875744 0.655392 0.0253381
806 0.875744 0.659667 0.0252346
807 0.875744 0.659114 0.021694
808 0.875744 0.653038 0.0247969
809 0.875744 0.669581 0.022334
810 0.875744 0.668628 0.0262271
811 0.875744 0.680335 0.0233061
812 0.875744 0.694817 0.023121
813 0.875744 0.691642 0.0222925
814 0.875744 0.68633 0.0230762
815 0.875744 0.697907 0.0243959
816 0.875744 0.69867 0.0229055
817 0.875744 0.679818 0.0258728
818 0.875744 0.690653 0.0212954
819 0.875744 0.68769 0.0254119
820 0.875744 0.683802 0.0220051
821 0.875744 0.688712 0.0234488
822 0.875744 0.675902 0.0226014
823 0.875744 0.665592 0.0208978
824 0.875744 0.675894 0.026446
825 0.875744 0.682252 0.0268287
826 0.875744 0.682668 0.0260504
827 0.875744 0.656484 0.0313047
828 0.875744 0.656808 0.0300109
829 0.875744 0.646804 0.0349232
830 0.875744 0.65986 0.0290639
831 0.875744 0.681407 0.0283248
832 0.875744 0.703119 0.0263392
833 0.875744 0.688737 0.0274336
834 0.875744 0.696703 0.0234248
835 0.875744 0.70157 0.0199691
836 0.875744 0.706226 0.0263988
837 0.875744 0.69711 0.0220578
838 0.875744 0.697372 0.0176676
839 0.875744 0.682346 0.0195964
840 0.875744 0.694925 0.0220229
841 0.875744 0.67741 0.0208147
842 0.875744 0.673521 0.0248172
843 0.875744 0.671071 0.0242641
844 0.875744 0.679849 0.022425
845 0.875744 0.674802 0.0243991
846 0.875744 0.696416 0.021539
847 0.875744 0.693724 0.0210102
848 0.875744 0.702258 0.0223022
849 0.875744 0.718662 0.0173071
850 0.875744 0.706344 0.0158611
851 0.875744 0.711939 0.0186159
852 0.875744 0.703303 0.0197269
853 0.875744 0.68447 0.0217168
854 0.875744 0.683405 0.0234724
855 0.875744 0.686417 0.0248003
856 0.875744 0.689068 0.0238156
857 0.875744 0.708027 0.0175438
858 0.875744 0.703462 0.0193198
859 0.875744 0.694328 0.0195439
860 0.875744 0.678388 0.0218639
861 0.875744 0.667563 0.0231389
862 0.875744 0.68547 0.0235945
863 0.875744 0.693679 0.0230366
864 0.875744 0.688377 0.0193333
865 0.875744 0.687199 0.0194637
866 0.875744 0.674306 0.0239519
867 0.875744 0.67822 0.0234245
868 0.875744 0.684414 0.0230946
869 0.876243 0.68209 0.0234632
870 0.876243 0.68087 0.0220283
871 0.876243 0.688392 0.0218352
872 0.876243 0.684223 0.019891
873 0.876243 0.663552 0.0233113
874 0.876243 0.677267 0.0248561
875 0.876243 0.673086 0.0262
876 0.876243 0.699528 0.0213971
877 0.876243 0.723201 0.0148569
878 0.876243 0.716849 0.0163723
879 0.876243 0.705353 0.0187767
880 0.876243 0.707786 0.021453
881 0.876243 0.690882 0.0221364
882 0.876243 0.697572 0.0213467
883 0.876243 0.689063 0.0207539
884 0.876243 0.711095 0.01999
885 0.876243 0.697791 0.0182698
886 0.876243 0.700051 0.0200439
887 0.876243 0.69095 0.0214895
888 0.876243 0.699349 0.0195679
889 0.876243 0.706266 0.017725
890 0.876243 0.696788 0.0192746
891 0.876243 0.688137 0.0209294
892 0.876243 0.692286 0.0192776
893 0.876379 0.675993 0.0243562
894 0.876379 0.662091 0.0221889
895 0.876379 0.685188 0.020835
896 0.876379 0.705008 0.0166599
897 0.876379 0.696121 0.0179973
898 0.876379 0.70049 0.0193657
899 0.876379 0.690302 0.0222109
900 0.876379 0.682104 0.0221662
901 0.876379 0.662527 0.0257374
902 0.876379 0.662165 0.0285044
903 0.876379 0.66433 0.0255945
904 0.876379 0.674401 0.0248424
905 0.876379 0.695335 0.0191483
906 0.876379 0.676775 0.0211566
907 0.876379 0.708127 0.0133978
908 0.876379 0.710982 0.0134421
909 0.876379 0.706215 0.0169174
910 0.876379 0.693813 0.0174038
911 0.876379 0.68802 0.0232572
912 0.876379 0.693689 0.0199068
913 0.876379 0.685693 0.0187208
914 0.876379 0.689892 0.0213842
915 0.876379 0.663748 0.0242354
916 0.876379 0.654634 0.0261436
917 0.876379 0.644749 0.0275384
918 0.876379 0.627939 0.028852
919 0.876379 0.647008 0.028521
920 0.876379 0.659165 0.0271351
921 0.876379 0.678545 0.0242614
922 0.876379 0.683785 0.0243519
923 0.876379 0.673834 0.0209501
924 0.876379 0.668894 0.022185
925 0.876379 0.684973 0.0193326
926 0.876379 0.666217 0.0263505
927 0.876379 0.671339 0.0257966
928 0.876379 0.677513 0.0225084
929 0.876379 0.67512 0.0235362
930 0.876379 0.690746 0.0208711
931 0.876379 0.684545 0.0206899
932 0.876379 0.684908 0.0206058
933 0.876379 0.682383 0.0235603
934 0.876379 0.675812 0.0265441
935 0.876379 0.665819 0.030209
936 0.876379 0.677342 0.0250562
937 0.876379 0.673036 0.027402
938 0.876379 0.689557 0.021255
939 0.876379 0.692302 0.0237202
940 0.876379 0.677372 0.0236607
941 0.876379 0.707708 0.0221752
942 0.876379 0.698661 0.0226295
943 0.876379 0.691511 0.0252246
944 0.876379 0.678297 0.0244561
945 0.876379 0.705556 0.0223202
946 0.876379 0.698081 0.0205912
947 0.876379 0.684278 0.0235222
948 0.876379 0.66535 0.0214008
949 0.876379 0.666411 0.0250459
950 0.876379 0.66283 0.0300492
951 0.876379 0.664712 0.0286654
952 0.876379 0.672215 0.0227365
953 0.876499 0.670759 0.0212492
954 0.876499 0.677611 0.0180217
955 0.876499 0.674124 0.0254484
956 0.876499 0.673715 0.0276583
957 0.876499 0.669766 0.0262615
958 0.876499 0.681947 0.0240053
959 0.876499 0.68946 0.0234392
960 0.876499 0.692508 0.0237724
961 0.876499 0.667654 0.0307034
962 0.876499 0.661699 0.0295269
963 0.876499 0.667369 0.024017
964 0.876499 0.670476 0.0276748
965 0.876499 0.671236 0.0246246
966 0.876499 0.660494 0.0217422
967 0.876499 0.667118 0.0246622
968 0.876499 0.677219 0.0226938
969 0.876499 0.669978 0.0230041
970 0.876499 0.693245 0.0162607
971 0.876499 0.690547 0.0170274
972 0.876499 0.684928 0.0194036
973 0.876499 0.695014 0.0176433
974 0.876499 0.705254 0.0150331
975 0.876615 0.711235 0.0183187
976 0.876615 0.707927 0.0166608
977 0.876615 0.72401 0.0154933
978 0.876615 0.704715 0.0189752
979 0.876615 0.70073 0.0162468
980 0.876615 0.698245 0.0210578
981 0.876615 0.690925 0.0186543
982 0.876615 0.678035 0.0212782
983 0.876615 0.671561 0.0214793
984 0.876615 0.68397 0.0226832
985 0.876615 0.686412 0.0235211
986 0.876615 0.683372 0.0272749
987 0.876615 0.690909 0.023145
988 0.876615 0.69181 0.0227586
989 0.876615 0.682928 0.0199096
990 0.876615 0.685495 0.0148057
991 0.876615 0.693237 0.0148617
992 0.876615 0.647155 0.0233837
993 0.876615 0.652435 0.0230929
994 0.876615 0.667424 0.0263867
995 0.876615 0.649882 0.0269064
996 0.876615 0.656021 0.027604
997 0.876615 0.648151 0.0277228
998 0.876615 0.63984 0.0318134
999 0.876615 0.664063 0.0286173
1000 0.876615 0.658847 0.0258789
