0 0.461292 0.254602 0.0013693
1 0.461292 0.259445 0.00210054
2 0.46296 0.266778 0.00283328
3 0.46296 0.267362 0.00299513
4 0.468466 0.278799 0.00425269
5 0.468992 0.284034 0.0053169
6 0.535715 0.290017 0.00844043
7 0.535715 0.292462 0.00751542
8 0.543041 0.300475 0.00871304
9 0.543041 0.305234 0.00974065
10 0.543041 0.300431 0.0095791
11 0.543041 0.2966 0.0100321
12 0.543041 0.304519 0.0112946
13 0.550746 0.309783 0.012125
14 0.550746 0.309068 0.0133995
15 0.550746 0.324243 0.0148447
16 0.550746 0.315094 0.0130414
17 0.550746 0.320082 0.0139054
18 0.551924 0.320515 0.0128478
19 0.551924 0.315488 0.0136527
20 0.552786 0.32291 0.0163215
21 0.556565 0.337402 0.016597
22 0.556565 0.347503 0.015544
23 0.68989 0.348582 0.0166718
24 0.68989 0.349711 0.0193156
25 0.68989 0.360839 0.0184781
26 0.68989 0.375711 0.0195809
27 0.693182 0.386711 0.0210623
28 0.693182 0.393251 0.0236359
29 0.693182 0.401786 0.0248968
30 0.698648 0.410898 0.0262545
31 0.698648 0.403685 0.0275549
32 0.709216 0.432356 0.0287148
33 0.709216 0.438564 0.0303559
34 0.709216 0.439768 0.0284393
35 0.727866 0.459408 0.0279839
36 0.727866 0.482706 0.02831
37 0.727866 0.492773 0.0269144
38 0.727866 0.492133 0.0266157
39 0.727866 0.505022 0.0230087
40 0.727866 0.525167 0.0224469
41 0.727866 0.53696 0.0237349
42 0.733647 0.555676 0.0213919
43 0.733647 0.558948 0.0212995
44 0.746391 0.578202 0.0209141
45 0.767834 0.595807 0.0179928
46 0.767834 0.60416 0.0150778
47 0.767834 0.608057 0.0177756
48 0.767834 0.615741 0.0179571
49 0.767834 0.622749 0.0172009
50 0.767834 0.635655 0.0142238
51 0.767834 0.638392 0.0123572
52 0.767834 0.642187 0.0128864
53 0.767834 0.636285 0.0150612
54 0.767834 0.638722 0.0119706
55 0.767834 0.643228 0.0114328
56 0.767834 0.642872 0.0113559
57 0.767834 0.639533 0.0104174
58 0.768252 0.657832 0.00909179
59 0.768252 0.661086 0.00855703
60 0.768361 0.670908 0.00889913
61 0.768361 0.669555 0.00829438
62 0.768361 0.680876 0.00754438
63 0.77024 0.679041 0.0075569
64 0.77024 0.679033 0.00609841
65 0.77024 0.67239 0.00612476
66 0.77024 0.677852 0.00638406
67 0.77024 0.676244 0.00737199
68 0.77024 0.678361 0.00582026
69 0.77024 0.681395 0.00534539
70 0.77024 0.672311 0.00613285
71 0.77024 0.667586 0.00730315
72 0.77024 0.671566 0.00662971
73 0.77024 0.679275 0.00623412
74 0.77024 0.683052 0.00536578
75 0.776555 0.685084 0.0050295
76 0.776555 0.6849 0.00569534
77 0.776555 0.690467 0.0047737
78 0.776555 0.691794 0.00390566
79 0.776555 0.69658 0.00364376
80 0.776555 0.696476 0.00328257
81 0.776555 0.702446 0.00255025
82 0.776555 0.696819 0.00324454
83 0.776555 0.697063 0.00463665
84 0.776555 0.696485 0.00428402
85 0.776555 0.691276 0.00477477
86 0.776555 0.689136 0.00526868
87 0.776555 0.695133 0.0049079
88 0.776555 0.687128 0.00696971
89 0.776555 0.694117 0.00571437
90 0.776555 0.697286 0.00592733
91 0.776555 0.693421 0.00564972
92 0.776555 0.693948 0.00559641
93 0.776865 0.691453 0.00483613
94 0.776865 0.694357 0.00485492
95 0.776865 0.688937 0.00533745
96 0.776865 0.682825 0.00623941
97 0.776865 0.684246 0.00574255
98 0.776865 0.689666 0.00435536
99 0.776865 0.69131 0.00460649
100 0.776865 0.688002 0.0054269
101 0.776865 0.686116 0.00607979
102 0.776865 0.687743 0.00500182
103 0.776865 0.684737 0.00616338
104 0.776865 0.666986 0.00836814
105 0.781432 0.67265 0.00847723
106 0.781432 0.681451 0.00788682
107 0.781432 0.682806 0.00558903
108 0.781432 0.68432 0.00596844
109 0.781432 0.693214 0.0058717
110 0.781432 0.684971 0.0056443
111 0.781432 0.691298 0.00495417
112 0.781432 0.688358 0.00496896
113 0.781432 0.67614 0.00647365
114 0.781432 0.669029 0.0071603
115 0.781432 0.670098 0.00704281
116 0.783804 0.681989 0.00515484
117 0.783804 0.688722 0.00364328
118 0.783804 0.683085 0.00448436
119 0.783804 0.688566 0.00513657
120 0.783804 0.687434 0.00769557
121 0.783804 0.676135 0.00824142
122 0.783804 0.679713 0.00688472
123 0.783804 0.683843 0.00492154
124 0.783804 0.688383 0.00468409
125 0.783804 0.683016 0.00485738
126 0.783804 0.679231 0.00544218
127 0.783804 0.681811 0.00484959
128 0.783804 0.684281 0.00527899
129 0.783804 0.685673 0.00513776
130 0.783804 0.679918 0.00572127
131 0.783804 0.680457 0.00570396
132 0.783804 0.68187 0.00473521
133 0.783804 0.673879 0.00575317
134 0.783804 0.675294 0.00579831
135 0.783804 0.676473 0.00711516
136 0.783804 0.678756 0.00687746
137 0.783804 0.68377 0.00703351
138 0.784443 0.687741 0.00826197
139 0.784443 0.675613 0.00946278
140 0.784443 0.670368 0.00806546
141 0.784443 0.688435 0.00599658
142 0.784443 0.685123 0.00534439
143 0.784443 0.68581 0.00516982
144 0.784443 0.669411 0.00604332
145 0.784443 0.678766 0.00558617
146 0.784443 0.688185 0.00505035
147 0.784443 0.690303 0.00429199
148 0.784443 0.687361 0.00576264
149 0.784443 0.683996 0.0082928
150 0.784443 0.689984 0.00684738
151 0.784443 0.695471 0.0058247
152 0.784443 0.702618 0.00470453
153 0.784443 0.704921 0.00507244
154 0.784443 0.698594 0.00626862
155 0.784443 0.697199 0.00658911
156 0.784443 0.696483 0.00742067
157 0.784443 0.694886 0.00621239
158 0.784443 0.696774 0.00579833
159 0.784443 0.694959 0.0062664
160 0.784443 0.687392 0.00578354
161 0.784443 0.693857 0.00565141
162 0.784443 0.69546 0.00587029
163 0.784443 0.697364 0.00537316
164 0.784443 0.68912 0.00516274
165 0.784443 0.700656 0.00372942
166 0.784443 0.693029 0.00454267
167 0.784443 0.690193 0.0048962
168 0.784443 0.691309 0.00530265
169 0.784443 0.69321 0.00585862
170 0.784443 0.69236 0.00508864
171 0.784677 0.686769 0.00566465
172 0.784677 0.688958 0.0061557
173 0.784677 0.69491 0.00502423
174 0.784677 0.697219 0.00541597
175 0.784677 0.697657 0.00470597
176 0.784677 0.696894 0.0058702
177 0.784677 0.69005 0.00691192
178 0.784677 0.692475 0.00516489
179 0.784677 0.702616 0.00397342
180 0.784677 0.707045 0.00324669
181 0.784677 0.696839 0.00454206
182 0.784677 0.699881 0.00457542
183 0.784677 0.699933 0.00353409
184 0.784677 0.705291 0.00348717
185 0.784677 0.70351 0.00391671
186 0.784677 0.706011 0.00421983
187 0.784677 0.697404 0.0051835
188 0.784677 0.692637 0.00564377
189 0.784677 0.696917 0.00650713
190 0.784677 0.687255 0.00630067
191 0.784677 0.698354 0.00476829
192 0.784677 0.690979 0.00617328
193 0.784677 0.692543 0.00431775
194 0.784677 0.697796 0.00407486
195 0.784677 0.697852 0.00488112
196 0.784677 0.701241 0.00339826
197 0.784677 0.702918 0.00425173
198 0.784677 0.698013 0.00524633
199 0.784677 0.694141 0.00602251
200 0.784677 0.698268 0.00484252
201 0.784677 0.697139 0.00434924
202 0.784677 0.702899 0.00352815
203 0.784677 0.701383 0.00356929
204 0.784677 0.693436 0.00504447
205 0.784677 0.678407 0.00705757
206 0.784677 0.689018 0.00625455
207 0.785754 0.696873 0.00610655
208 0.785754 0.698517 0.00537447
209 0.785754 0.698189 0.00540417
210 0.785754 0.700547 0.00470847
211 0.785754 0.698055 0.00545886
212 0.785754 0.70529 0.00423071
213 0.785916 0.694553 0.00502861
214 0.785916 0.69887 0.00381664
215 0.785916 0.70691 0.00348021
216 0.785922 0.691672 0.00487646
217 0.785922 0.68201 0.00724286
218 0.785922 0.693052 0.00688641
219 0.785922 0.692404 0.00559685
220 0.786868 0.694833 0.00510364
221 0.78871 0.707635 0.00444713
222 0.78871 0.706092 0.00504195
223 0.78871 0.709193 0.00437
224 0.78871 0.709976 0.00371368
225 0.78871 0.711208 0.00406376
226 0.78871 0.707234 0.0037795
227 0.78871 0.709181 0.00450857
228 0.78871 0.71243 0.00447726
229 0.78871 0.714296 0.00346571
230 0.78871 0.703738 0.00402037
231 0.78871 0.712253 0.00370491
232 0.78871 0.704688 0.004551
233 0.78871 0.711087 0.0031729
234 0.78871 0.711576 0.00314068
235 0.78871 0.707479 0.00431763
236 0.78871 0.709268 0.00362696
237 0.78871 0.712655 0.00305824
238 0.78871 0.715196 0.00283833
239 0.78871 0.712726 0.00332221
240 0.78871 0.720175 0.0027281
241 0.78871 0.702604 0.00520447
242 0.78871 0.698537 0.00633138
243 0.78871 0.711423 0.0053081
244 0.78871 0.713747 0.00360949
245 0.78871 0.712959 0.00376969
246 0.78871 0.706112 0.00373773
247 0.78871 0.700211 0.0051898
248 0.790098 0.705751 0.00571869
249 0.790098 0.707144 0.00512561
250 0.790098 0.704983 0.00469367
251 0.790098 0.709727 0.00400983
252 0.790098 0.705572 0.00353959
253 0.790098 0.714141 0.00296614
254 0.790098 0.709327 0.00444342
255 0.790098 0.708177 0.00429931
256 0.790098 0.705578 0.00537408
257 0.790098 0.711575 0.00297491
258 0.790098 0.705979 0.00412792
259 0.790098 0.708749 0.00494084
260 0.790098 0.710405 0.00432252
261 0.790098 0.713685 0.00376171
262 0.790098 0.711374 0.00444172
263 0.790098 0.707916 0.00442957
264 0.790098 0.712009 0.00386351
265 0.790098 0.712454 0.00481451
266 0.790098 0.713548 0.00522913
267 0.790098 0.709063 0.00516165
268 0.790098 0.712467 0.00402314
269 0.790098 0.717978 0.00343033
270 0.790098 0.718149 0.00349871
271 0.790098 0.70525 0.00456927
272 0.790098 0.705588 0.00421337
273 0.790098 0.708277 0.0037473
274 0.790098 0.710805 0.00385505
275 0.790098 0.709824 0.00329883
276 0.790098 0.715534 0.00289589
277 0.790098 0.717866 0.00350399
278 0.790098 0.709535 0.00572436
279 0.790098 0.715524 0.00383224
280 0.790098 0.707529 0.00380152
281 0.790098 0.709917 0.00380416
282 0.790098 0.711236 0.00456148
283 0.790098 0.704172 0.00500883
284 0.790098 0.689707 0.00588574
285 0.790098 0.695563 0.00535036
286 0.790098 0.707296 0.00446616
287 0.790098 0.702332 0.00513428
288 0.790098 0.70204 0.00444715
289 0.790098 0.687625 0.00528768
290 0.790098 0.678107 0.00588106
291 0.790098 0.693248 0.00375125
292 0.790098 0.698093 0.00453772
293 0.790098 0.710151 0.00417583
294 0.790098 0.712341 0.00403575
295 0.790098 0.708651 0.00444151
296 0.790098 0.708436 0.00441153
297 0.790098 0.711755 0.00316314
298 0.790098 0.707982 0.0038672
299 0.790098 0.710879 0.00356245
300 0.790098 0.707932 0.00469027
301 0.790098 0.711347 0.00498294
302 0.790098 0.712363 0.00374175
303 0.790098 0.712361 0.00356161
304 0.790098 0.710975 0.00355927
305 0.790098 0.712094 0.0036252
306 0.790098 0.707025 0.00428529
307 0.790098 0.695866 0.00502012
308 0.790098 0.683501 0.00876397
309 0.790098 0.691153 0.0102513
310 0.790098 0.688276 0.012016
311 0.790098 0.687716 0.00770801
312 0.790098 0.681654 0.0110689
313 0.790098 0.677219 0.010065
314 0.790098 0.664449 0.011515
315 0.790098 0.666922 0.0153669
316 0.790098 0.687993 0.00995392
317 0.790098 0.685949 0.0147711
318 0.790098 0.696555 0.011416
319 0.790098 0.693233 0.0111538
320 0.790098 0.699514 0.009209
321 0.790098 0.713244 0.00460086
322 0.790289 0.709461 0.00476507
323 0.790289 0.701434 0.00553377
324 0.790289 0.699733 0.0050849
325 0.790289 0.695132 0.00500618
326 0.790289 0.695309 0.00695912
327 0.790289 0.6951 0.00768974
328 0.790289 0.690304 0.00786033
329 0.790289 0.694014 0.0108448
330 0.790289 0.703226 0.00795887
331 0.790289 0.706051 0.00616376
332 0.790289 0.706247 0.00645634
333 0.790289 0.707253 0.00731544
334 0.790289 0.717325 0.00464535
335 0.790289 0.711763 0.00533322
336 0.790289 0.707623 0.00508451
337 0.790289 0.708686 0.00512137
338 0.790289 0.70509 0.00397192
339 0.790289 0.70194 0.00518198
340 0.790289 0.693575 0.00680535
341 0.790289 0.701955 0.00420613
342 0.790289 0.709235 0.00364104
343 0.790289 0.708775 0.00354554
344 0.790289 0.707851 0.0032027
345 0.790289 0.706098 0.00328797
346 0.790289 0.696011 0.00527372
347 0.790289 0.699161 0.00486327
348 0.790289 0.697251 0.00600248
349 0.790289 0.690266 0.00683158
350 0.790289 0.692957 0.0054595
351 0.790289 0.691088 0.00662802
352 0.790289 0.692421 0.00661591
353 0.790289 0.694654 0.0074418
354 0.790289 0.692641 0.00614022
355 0.790289 0.702525 0.00501783
356 0.790289 0.704045 0.00518045
357 0.790289 0.702743 0.00455359
358 0.790289 0.69686 0.00580372
359 0.790289 0.694101 0.00667177
360 0.790289 0.693112 0.00608895
361 0.790289 0.684798 0.00732023
362 0.790289 0.692534 0.00610172
363 0.790289 0.706977 0.00378202
364 0.790289 0.704604 0.00459004
365 0.790289 0.705113 0.00450832
366 0.790289 0.706198 0.00425441
367 0.790289 0.703277 0.00521561
368 0.790289 0.697023 0.00523708
369 0.790289 0.706082 0.0042799
370 0.790289 0.705406 0.00420431
371 0.790289 0.709107 0.00474723
372 0.790289 0.711493 0.00376558
373 0.790289 0.710915 0.00333515
374 0.790289 0.713753 0.00287591
375 0.790289 0.717065 0.00305486
376 0.790289 0.710728 0.00439695
377 0.790289 0.719359 0.00312616
378 0.790289 0.717109 0.0034913
379 0.790289 0.712116 0.00371261
380 0.790289 0.703001 0.00539235
381 0.790289 0.704763 0.00597559
382 0.790293 0.719569 0.00346022
383 0.790293 0.713972 0.00442678
384 0.790293 0.714237 0.00322614
385 0.790293 0.708225 0.0037744
386 0.790293 0.703767 0.00517504
387 0.790293 0.71057 0.0039815
388 0.790293 0.709763 0.00475192
389 0.790293 0.71046 0.00478705
390 0.790293 0.709851 0.00395805
391 0.790293 0.71479 0.00346053
392 0.790293 0.70902 0.00376797
393 0.790293 0.712719 0.00300466
394 0.790304 0.708287 0.00416738
395 0.790304 0.70544 0.00396672
396 0.790304 0.705102 0.00416751
397 0.790304 0.701405 0.00493554
398 0.790385 0.705749 0.00454502
399 0.790385 0.703265 0.00499916
400 0.790385 0.699032 0.00499694
401 0.790385 0.692159 0.00672331
402 0.790385 0.689661 0.00759463
403 0.790385 0.680444 0.00887559
404 0.790385 0.669482 0.0102517
405 0.790385 0.674253 0.00922773
406 0.790385 0.673394 0.00953073
407 0.790385 0.683717 0.00921736
408 0.790385 0.689268 0.00811555
409 0.790385 0.691796 0.00836782
410 0.790385 0.702159 0.00646033
411 0.790385 0.698627 0.00559324
412 0.790385 0.697275 0.00637301
413 0.790385 0.701103 0.00450026
414 0.790385 0.709403 0.00394144
415 0.790385 0.71771 0.00288886
416 0.790385 0.713579 0.00316875
417 0.790385 0.714076 0.00306679
418 0.790385 0.713943 0.00333951
419 0.790385 0.716098 0.00375323
420 0.790385 0.723497 0.00225826
421 0.790385 0.71813 0.00342714
422 0.790385 0.711269 0.00403461
423 0.790385 0.706742 0.00505255
424 0.790385 0.709433 0.00494456
425 0.790385 0.712049 0.00473505
426 0.790385 0.716028 0.00405191
427 0.790385 0.721253 0.00326633
428 0.790385 0.715737 0.00354832
429 0.790385 0.720647 0.00269427
430 0.790385 0.719575 0.00316263
431 0.790385 0.71841 0.00371681
432 0.790385 0.716293 0.00391327
433 0.790385 0.722289 0.00313215
434 0.790385 0.707525 0.00486826
435 0.790385 0.714803 0.00329849
436 0.790385 0.706915 0.00419367
437 0.790385 0.703304 0.00487306
438 0.790385 0.701361 0.00547752
439 0.790385 0.695758 0.00564774
440 0.790385 0.697924 0.00593196
441 0.790385 0.694477 0.00732571
442 0.790385 0.697777 0.00691633
443 0.790385 0.687266 0.00917853
444 0.790385 0.692728 0.00741324
445 0.790385 0.6977 0.00698975
446 0.790385 0.706345 0.00572536
447 0.790385 0.708557 0.00560827
448 0.790385 0.700116 0.00608693
449 0.790385 0.69885 0.0058112
450 0.790385 0.702969 0.00611
451 0.790385 0.694035 0.007012
452 0.790385 0.709845 0.00399899
453 0.790385 0.706887 0.00428271
454 0.790385 0.709461 0.00368803
455 0.790385 0.713946 0.00365286
456 0.790385 0.706614 0.00355737
457 0.790385 0.703465 0.00454061
458 0.790385 0.697063 0.00583862
459 0.790385 0.700549 0.00589333
460 0.790385 0.69901 0.00599109
461 0.790385 0.706766 0.00435011
462 0.790385 0.703685 0.00602405
463 0.790385 0.710818 0.00437888
464 0.790385 0.719198 0.00308678
465 0.790385 0.714343 0.00403659
466 0.790385 0.705932 0.00505676
467 0.790385 0.69739 0.00612808
468 0.790385 0.69586 0.00783972
469 0.790385 0.697554 0.00808361
470 0.790385 0.691879 0.0106638
471 0.790385 0.687609 0.0131136
472 0.790385 0.686015 0.0164146
473 0.790385 0.683397 0.0135373
474 0.790385 0.681935 0.0144948
475 0.790385 0.675183 0.0147937
476 0.790385 0.676144 0.0130058
477 0.790385 0.688944 0.0112759
478 0.790385 0.687011 0.00960192
479 0.790385 0.687617 0.00874702
480 0.790385 0.696697 0.00708042
481 0.790385 0.707719 0.00449004
482 0.790385 0.709594 0.00427725
483 0.790385 0.706556 0.00396641
484 0.790385 0.700421 0.00380216
485 0.790385 0.697433 0.00433757
486 0.790386 0.698315 0.00483557
487 0.790386 0.696677 0.00516338
488 0.790386 0.70234 0.00399222
489 0.790386 0.710175 0.0030946
490 0.790386 0.700901 0.00413624
491 0.790386 0.688491 0.00765181
492 0.790386 0.698312 0.00652871
493 0.790386 0.703557 0.00506458
494 0.790386 0.702617 0.00442314
495 0.790386 0.702841 0.00416346
496 0.790386 0.702427 0.00453249
497 0.790386 0.699957 0.00485822
498 0.790386 0.692457 0.00600403
499 0.790386 0.701316 0.00536183
500 0.790386 0.702603 0.00483927
501 0.790386 0.709612 0.00464056
502 0.790386 0.707496 0.00465166
503 0.790386 0.707962 0.00440213
504 0.790386 0.712162 0.00361753
505 0.790386 0.712222 0.00440236
506 0.790386 0.71132 0.00480668
507 0.790386 0.708849 0.0040722
508 0.790386 0.70835 0.00398022
509 0.790386 0.711011 0.00382355
510 0.790386 0.712345 0.00413811
511 0.790386 0.712266 0.00362142
512 0.790386 0.721257 0.00299126
513 0.790386 0.713356 0.00379235
514 0.790386 0.716978 0.00285959
515 0.790386 0.712096 0.00436562
516 0.790386 0.714838 0.00370847
517 0.790386 0.718782 0.00325982
518 0.790386 0.714373 0.0043192
519 0.790386 0.714541 0.00333517
520 0.790386 0.713209 0.0054424
521 0.790386 0.719421 0.00441532
522 0.790386 0.708653 0.00417515
523 0.790386 0.704334 0.00482496
524 0.790386 0.705085 0.00511507
525 0.790386 0.716275 0.00356508
526 0.790386 0.707436 0.00508774
527 0.790386 0.705436 0.00514291
528 0.790386 0.700558 0.00533424
529 0.790386 0.688587 0.00734444
530 0.790386 0.696875 0.0062999
531 0.790386 0.703422 0.00527523
532 0.790386 0.70731 0.00634969
533 0.790386 0.698451 0.00708096
534 0.790386 0.699253 0.00677706
535 0.790386 0.710502 0.00462686
536 0.790386 0.707599 0.00415916
537 0.790386 0.703967 0.00542992
538 0.790386 0.705196 0.00485692
539 0.790386 0.699461 0.00538032
540 0.790386 0.699906 0.00479968
541 0.790386 0.70248 0.00470337
542 0.790386 0.70163 0.00467894
543 0.790386 0.706831 0.00432479
544 0.790386 0.706217 0.00522848
545 0.790386 0.698089 0.00680477
546 0.790386 0.69785 0.00637778
547 0.790386 0.702198 0.00564742
548 0.790386 0.708499 0.00499405
549 0.790386 0.705207 0.00607442
550 0.790386 0.702204 0.00699485
551 0.790386 0.694957 0.00602047
552 0.790386 0.681628 0.0105311
553 0.790386 0.688681 0.00887842
554 0.790386 0.704538 0.00538102
555 0.790386 0.711624 0.00402974
556 0.790386 0.711006 0.00372017
557 0.790386 0.713976 0.00281612
558 0.790386 0.700091 0.00563883
559 0.790386 0.696616 0.00574601
560 0.790386 0.700293 0.00453408
561 0.790386 0.702012 0.00381479
562 0.790386 0.707393 0.00375699
563 0.790386 0.699148 0.00420665
564 0.790386 0.702038 0.00405079
565 0.790386 0.69918 0.00617245
566 0.790386 0.695683 0.00651489
567 0.790386 0.703855 0.00513563
568 0.790386 0.701004 0.00483077
569 0.790386 0.696585 0.00680635
570 0.790386 0.701996 0.00718764
571 0.790386 0.70201 0.00590182
572 0.790386 0.70271 0.00764943
573 0.790386 0.709773 0.00383606
574 0.790386 0.701286 0.00500777
575 0.790386 0.704907 0.00399144
576 0.790386 0.712882 0.00453152
577 0.790386 0.702926 0.00484489
578 0.790386 0.702517 0.00636614
579 0.790386 0.710622 0.00444594
580 0.790386 0.712306 0.00480252
581 0.790386 0.707396 0.00506464
582 0.790386 0.70683 0.00406269
583 0.790386 0.691753 0.00609795
584 0.790386 0.701435 0.00625263
585 0.790386 0.704889 0.00603374
586 0.790386 0.702153 0.00561998
587 0.790386 0.7091 0.00430857
588 0.790386 0.710355 0.00457606
589 0.790386 0.70261 0.0055803
590 0.790386 0.703473 0.00546939
591 0.790386 0.71069 0.00329729
592 0.790386 0.714247 0.00384
593 0.790386 0.709921 0.0040599
594 0.790386 0.712315 0.00435492
595 0.790386 0.709366 0.00387093
596 0.790386 0.719059 0.00353322
597 0.790386 0.71564 0.00415245
598 0.790386 0.717246 0.00296482
599 0.790386 0.719402 0.00274959
600 0.790386 0.727391 0.00216774
601 0.790386 0.716357 0.00317889
602 0.790386 0.714361 0.00396354
603 0.790386 0.708977 0.00431034
604 0.790387 0.709635 0.00364724
605 0.790387 0.709736 0.00424916
606 0.790387 0.705435 0.00449835
607 0.790387 0.698787 0.0053652
608 0.790387 0.707624 0.00460907
609 0.790387 0.714986 0.00368106
610 0.790387 0.709424 0.00509191
611 0.790387 0.700896 0.00534035
612 0.790387 0.703797 0.00435537
613 0.790387 0.709156 0.00412136
614 0.790387 0.698253 0.00499815
615 0.790387 0.703949 0.00555623
616 0.790387 0.708236 0.00529315
617 0.790387 0.709606 0.00351389
618 0.790387 0.709544 0.00298905
619 0.790387 0.708264 0.00279704
620 0.790387 0.700788 0.00495751
621 0.790387 0.701701 0.0055866
622 0.790387 0.702872 0.00539491
623 0.790387 0.701657 0.00403091
624 0.790387 0.702828 0.00450416
625 0.790387 0.695782 0.00458702
626 0.790387 0.704692 0.00327656
627 0.790387 0.70226 0.00515143
628 0.790387 0.696931 0.00436588
629 0.790387 0.691037 0.00619832
630 0.790387 0.69309 0.00628754
631 0.790387 0.689225 0.00640873
632 0.790387 0.692352 0.00741322
633 0.790387 0.683723 0.00797054
634 0.790387 0.683857 0.00784628
635 0.790387 0.67984 0.00804407
636 0.790387 0.691779 0.00534339
637 0.790387 0.683514 0.0066
638 0.790387 0.691167 0.00584302
639 0.790387 0.699005 0.0048761
640 0.790387 0.710579 0.00348569
641 0.790387 0.700825 0.00472734
642 0.790387 0.6962 0.00578649
643 0.790387 0.692714 0.00537749
644 0.790387 0.693277 0.00611341
645 0.790387 0.697488 0.00640755
646 0.790387 0.699615 0.0067414
647 0.790387 0.698398 0.00656767
648 0.790387 0.700666 0.00760334
649 0.790387 0.704446 0.00517774
650 0.790387 0.699673 0.00589125
651 0.790387 0.710962 0.00530108
652 0.790387 0.709494 0.00477315
653 0.790387 0.711986 0.00419387
654 0.790387 0.702745 0.00555472
655 0.790387 0.70247 0.00519949
656 0.790387 0.705645 0.0040677
657 0.790387 0.696394 0.00543175
658 0.790387 0.693564 0.00734515
659 0.790387 0.700487 0.00426461
660 0.790387 0.70072 0.00478262
661 0.790387 0.70513 0.00595427
662 0.790387 0.699978 0.00690766
663 0.790387 0.696216 0.00809017
664 0.790387 0.687612 0.00858822
665 0.790387 0.699315 0.00562859
666 0.790387 0.693259 0.00595713
667 0.790387 0.704047 0.0060052
668 0.790387 0.703644 0.00440236
669 0.790387 0.701571 0.00487411
670 0.790387 0.71126 0.00381433
671 0.790387 0.70342 0.00431735
672 0.790387 0.70847 0.00407382
673 0.790387 0.709381 0.00378301
674 0.790387 0.708151 0.00491527
675 0.790387 0.709532 0.00445023
676 0.790387 0.711128 0.00359449
677 0.790387 0.703535 0.00359241
678 0.790387 0.709568 0.00396378
679 0.790387 0.712159 0.00322235
680 0.790387 0.706218 0.00526351
681 0.790387 0.707747 0.00412294
682 0.790387 0.704143 0.00413781
683 0.790387 0.69702 0.00397114
684 0.790387 0.698076 0.00431082
685 0.790387 0.698104 0.00484585
686 0.790387 0.686754 0.00709817
687 0.790387 0.6904 0.00543999
688 0.790387 0.68803 0.00487386
689 0.790387 0.703809 0.00380381
690 0.790387 0.703718 0.00369531
691 0.790387 0.695047 0.00503726
692 0.790387 0.692058 0.00538502
693 0.790387 0.692316 0.00546819
694 0.790387 0.688726 0.00676086
695 0.790387 0.692424 0.0056609
696 0.790387 0.696314 0.00618723
697 0.790387 0.708847 0.00491233
698 0.790387 0.720029 0.00313788
699 0.790387 0.722055 0.00283854
700 0.790387 0.718795 0.0025408
701 0.790387 0.713727 0.00288936
702 0.790387 0.711175 0.00441124
703 0.790387 0.708148 0.00505046
704 0.790387 0.702131 0.00501303
705 0.790387 0.706399 0.0045442
706 0.790387 0.701395 0.00573138
707 0.790387 0.70435 0.00453506
708 0.790387 0.697702 0.00495141
709 0.790387 0.699089 0.00465167
710 0.790387 0.699982 0.00578605
711 0.790387 0.698269 0.00690302
712 0.790387 0.697782 0.00770173
713 0.790387 0.699365 0.0055132
714 0.790387 0.707379 0.00458367
715 0.790387 0.699895 0.00542209
716 0.790387 0.705433 0.00542818
717 0.790387 0.702011 0.00628354
718 0.790387 0.707676 0.00389016
719 0.790387 0.701289 0.00477872
720 0.790387 0.704437 0.00511047
721 0.790387 0.712598 0.00336913
722 0.790387 0.714127 0.0039726
723 0.790387 0.7164 0.00390471
724 0.790387 0.707784 0.00475537
725 0.790387 0.704725 0.00507682
726 0.790387 0.691158 0.0058999
727 0.790438 0.690303 0.00592205
728 0.790438 0.689333 0.00602909
729 0.790438 0.704422 0.00479381
730 0.790438 0.697237 0.00706089
731 0.790438 0.688567 0.00751623
732 0.790438 0.688975 0.00632153
733 0.790438 0.70123 0.00554962
734 0.790438 0.711092 0.00432876
735 0.790438 0.701462 0.00605178
736 0.790438 0.694764 0.00701211
737 0.790438 0.704319 0.00486423
738 0.790438 0.698306 0.00550243
739 0.790438 0.702565 0.00415632
740 0.790438 0.704575 0.00458946
741 0.790438 0.704233 0.00506837
742 0.790438 0.706822 0.00443743
743 0.790438 0.707062 0.00440152
744 0.790438 0.700684 0.00456161
745 0.790438 0.700872 0.00677658
746 0.790438 0.705306 0.00424844
747 0.790438 0.700171 0.00513256
748 0.790438 0.694558 0.0064612
749 0.790438 0.697111 0.00604924
750 0.790438 0.681674 0.00694554
751 0.790438 0.680549 0.0073327
752 0.790438 0.686327 0.00748926
753 0.790438 0.693861 0.00862614
754 0.790438 0.698472 0.00553815
755 0.790438 0.697942 0.00547934
756 0.790438 0.695086 0.006036
757 0.790438 0.698086 0.00598274
758 0.790438 0.701808 0.00618803
759 0.790438 0.706441 0.00423138
760 0.790438 0.708265 0.00503321
761 0.790438 0.706767 0.00606333
762 0.790438 0.704623 0.00630365
763 0.790438 0.701148 0.00700919
764 0.790438 0.695598 0.00698474
765 0.790438 0.692285 0.00714988
766 0.790438 0.691282 0.00845142
767 0.790438 0.692272 0.00773356
768 0.790438 0.696233 0.00778187
769 0.790438 0.697099 0.0087041
770 0.790438 0.699909 0.00850697
771 0.790438 0.691497 0.00949549
772 0.790438 0.701505 0.00638035
773 0.790438 0.706709 0.00567734
774 0.790438 0.705128 0.00551312
775 0.790438 0.707843 0.00549551
776 0.790438 0.695331 0.00794342
777 0.790438 0.69242 0.00760248
778 0.790438 0.689767 0.00700378
779 0.790438 0.685879 0.00692301
780 0.790438 0.701383 0.00653186
781 0.790438 0.708434 0.00567212
782 0.790438 0.706052 0.00668799
783 0.790438 0.700395 0.00753555
784 0.790438 0.698586 0.00593776
785 0.790438 0.701908 0.00569915
786 0.790438 0.703034 0.00431973
787 0.790438 0.707267 0.00496548
788 0.790438 0.704162 0.00463573
789 0.790438 0.699418 0.00750895
790 0.790438 0.693151 0.00749635
791 0.790438 0.698479 0.00539738
792 0.790438 0.697829 0.00515348
793 0.790438 0.690786 0.00797694
794 0.790438 0.69185 0.00843367
795 0.790438 0.698572 0.00602013
796 0.790438 0.69232 0.00809884
797 0.790438 0.685066 0.00632346
798 0.790438 0.695808 0.00620723
799 0.790438 0.701289 0.00432085
800 0.790438 0.701958 0.00450199
801 0.790438 0.708967 0.0034101
802 0.790438 0.708533 0.00419549
803 0.790438 0.707839 0.00506002
804 0.790438 0.712594 0.00460371
805 0.790438 0.713004 0.00424623
806 0.790438 0.711458 0.00435685
807 0.790438 0.714329 0.00334435
808 0.790438 0.705464 0.00484421
809 0.790438 0.709778 0.00413005
810 0.790438 0.707867 0.00512637
811 0.790438 0.702385 0.00580374
812 0.790438 0.709782 0.00398392
813 0.790438 0.722419 0.00224134
814 0.790438 0.713527 0.00329559
815 0.790438 0.71396 0.00343547
816 0.790438 0.716271 0.003033
817 0.790438 0.716057 0.00310236
818 0.790438 0.710853 0.00419719
819 0.790438 0.711537 0.00338038
820 0.790438 0.70994 0.00456465
821 0.790438 0.714129 0.00351134
822 0.790438 0.703527 0.00505337
823 0.790438 0.707638 0.00515265
824 0.790438 0.702543 0.00516534
825 0.790438 0.694829 0.00608807
826 0.790438 0.698084 0.0056368
827 0.790438 0.701518 0.00579675
828 0.790438 0.694944 0.00660618
829 0.790438 0.694969 0.00619213
830 0.790438 0.693707 0.00645364
831 0.790438 0.700639 0.00535017
832 0.790438 0.690018 0.00642451
833 0.790438 0.701373 0.00568294
834 0.790438 0.685649 0.00831235
835 0.790438 0.689698 0.00718429
836 0.790438 0.705321 0.00480737
837 0.790438 0.706922 0.00373277
838 0.790438 0.707014 0.00426703
839 0.790438 0.705529 0.00497892
840 0.790438 0.71495 0.00391399
841 0.790438 0.705123 0.00488867
842 0.790438 0.707462 0.00598868
843 0.790438 0.708057 0.00465676
844 0.790438 0.712424 0.00358632
845 0.790438 0.700087 0.00549988
846 0.790438 0.699915 0.00433759
847 0.790438 0.696221 0.00581296
848 0.790438 0.684255 0.00779464
849 0.790438 0.689003 0.00691213
850 0.790438 0.68636 0.00773889
851 0.790438 0.68668 0.00700555
852 0.790438 0.690809 0.00572439
853 0.790438 0.695391 0.00490264
854 0.790438 0.695135 0.00550455
855 0.790438 0.692896 0.00543151
856 0.790438 0.692413 0.00637746
857 0.790438 0.69207 0.00497861
858 0.790438 0.695912 0.00500455
859 0.790438 0.696484 0.0070867
860 0.790438 0.695319 0.00590927
861 0.790438 0.700757 0.0055334
862 0.790438 0.706994 0.00511699
863 0.790438 0.704732 0.00489948
864 0.790438 0.709229 0.00360101
865 0.790438 0.707264 0.0039902
866 0.790438 0.707557 0.00555068
867 0.790438 0.714791 0.00354902
868 0.790438 0.702198 0.00437814
869 0.790438 0.702572 0.00432205
870 0.790438 0.703589 0.0052653
871 0.790438 0.704577 0.00577834
872 0.790438 0.698897 0.00676038
873 0.790438 0.701079 0.00802024
874 0.790438 0.703371 0.00684849
875 0.790438 0.699601 0.00656756
876 0.790438 0.709219 0.00387698
877 0.790438 0.709405 0.00507777
878 0.790438 0.70492 0.0062642
879 0.790438 0.711913 0.00594048
880 0.790438 0.715425 0.00361438
881 0.790438 0.719948 0.00361744
882 0.790438 0.717503 0.00277982
883 0.790438 0.711049 0.00454731
884 0.790438 0.709493 0.00482391
885 0.790438 0.712325 0.00478084
886 0.790438 0.710205 0.00465503
887 0.790438 0.704148 0.00562543
888 0.790438 0.708471 0.00538031
889 0.790438 0.697175 0.00560068
890 0.790438 0.694408 0.00535343
891 0.790438 0.69573 0.00545602
892 0.790438 0.699124 0.00494753
893 0.790438 0.692217 0.00604465
894 0.790438 0.686625 0.00719976
895 0.790438 0.685958 0.00758988
896 0.790438 0.698176 0.00639337
897 0.790438 0.703397 0.00553238
898 0.790438 0.703388 0.00497708
899 0.790438 0.705352 0.0042407
900 0.790438 0.703108 0.00502442
901 0.790438 0.706075 0.00348958
902 0.790438 0.708665 0.00338313
903 0.790438 0.710348 0.00298668
904 0.790438 0.716233 0.00260605
905 0.790438 0.716039 0.00340071
906 0.790438 0.710244 0.00319874
907 0.790438 0.712993 0.00305096
908 0.790438 0.715217 0.00280994
909 0.790438 0.712727 0.0031983
910 0.790438 0.712547 0.00236324
911 0.790438 0.714654 0.00352455
912 0.790438 0.704814 0.00377473
913 0.790438 0.701012 0.00431845
914 0.790438 0.693105 0.00556255
915 0.790438 0.692499 0.00570825
916 0.790438 0.6941 0.00685368
917 0.790438 0.698008 0.00658106
918 0.790438 0.701711 0.00541153
919 0.790438 0.696635 0.00553028
920 0.790438 0.698466 0.00371425
921 0.790438 0.693005 0.00460422
922 0.790438 0.69232 0.00680615
923 0.790438 0.692052 0.0073203
924 0.790438 0.68398 0.00828218
925 0.790438 0.683215 0.00906465
926 0.790438 0.695436 0.00562149
927 0.790438 0.685695 0.00687351
928 0.790438 0.688806 0.00646317
929 0.790438 0.697971 0.00599151
930 0.790438 0.698092 0.00558837
931 0.790438 0.701766 0.00547151
932 0.790438 0.697384 0.00612943
933 0.790438 0.705261 0.0050928
934 0.790438 0.700616 0.00524928
935 0.790438 0.693652 0.00579428
936 0.790438 0.696711 0.00509254
937 0.790438 0.69469 0.00698277
938 0.790438 0.690329 0.0066732
939 0.790438 0.693153 0.00662262
940 0.790438 0.701474 0.00632455
941 0.790438 0.701879 0.00632631
942 0.790438 0.698785 0.00599653
943 0.790438 0.712117 0.00472991
944 0.790438 0.712604 0.00383861
945 0.790438 0.706664 0.00377888
946 0.790438 0.703128 0.00490289
947 0.790438 0.691826 0.00540238
948 0.790438 0.694251 0.00512693
949 0.790438 0.694447 0.00514919
950 0.790438 0.695951 0.00616293
951 0.790438 0.696253 0.00663019
952 0.790438 0.703003 0.00453843
953 0.790438 0.701956 0.0043445
954 0.790438 0.707132 0.00347541
955 0.790438 0.704525 0.00370191
956 0.790438 0.69951 0.00496091
957 0.790438 0.699829 0.00555061
958 0.790438 0.691656 0.00733885
959 0.790438 0.682376 0.00820762
960 0.790438 0.686064 0.00821153
961 0.790438 0.686708 0.00864706
962 0.790438 0.688022 0.0113253
963 0.790438 0.705207 0.00730997
964 0.790438 0.699261 0.00849236
965 0.790438 0.705823 0.0069322
966 0.790438 0.706383 0.00688755
967 0.790438 0.717351 0.00331585
968 0.790438 0.70978 0.00364593
969 0.790438 0.713628 0.00433715
970 0.790438 0.719504 0.00304159
971 0.790438 0.724911 0.00272129
972 0.790438 0.72457 0.00230449
973 0.790438 0.716823 0.00259571
974 0.790438 0.71359 0.00273152
975 0.790438 0.712349 0.00277853
976 0.790438 0.708327 0.00409988
977 0.790438 0.712155 0.00332498
978 0.790438 0.709263 0.00373555
979 0.790438 0.704811 0.00467134
980 0.790438 0.704311 0.0036162
981 0.790438 0.710347 0.00271593
982 0.790438 0.709187 0.00293568
983 0.790438 0.705045 0.00493061
984 0.790438 0.713191 0.00300563
985 0.790438 0.706319 0.0033864
986 0.790438 0.709234 0.00360465
987 0.790438 0.708132 0.00403322
988 0.790438 0.709028 0.00499118
989 0.790438 0.71023 0.00414076
990 0.790438 0.712829 0.00337935
991 0.790438 0.708558 0.00392765
992 0.790438 0.706593 0.00419126
993 0.790438 0.704658 0.00493072
994 0.790438 0.700672 0.00562615
995 0.790438 0.704063 0.00426037
996 0.790438 0.714867 0.00360118
997 0.790438 0.720644 0.00286815
998 0.790438 0.721004 0.00248048
999 0.790438 0.711278 0.0036427
1000 0.790438 0.707728 0.00485265
