0 0.277879 0.248379 0.000188718
1 0.431028 0.252138 0.000575582
2 0.431028 0.257912 0.00104808
3 0.431028 0.267118 0.00133513
4 0.431028 0.272409 0.00188168
5 0.431028 0.266398 0.00225882
6 0.431028 0.268597 0.00228487
7 0.463662 0.268608 0.00351448
8 0.463662 0.273824 0.00415528
9 0.463662 0.279712 0.00433971
10 0.463662 0.284582 0.00570781
11 0.463662 0.293482 0.00515944
12 0.498988 0.292817 0.00643209
13 0.506344 0.305001 0.00827909
14 0.506344 0.301345 0.00759919
15 0.506344 0.29234 0.00769828
16 0.506344 0.30468 0.0079177
17 0.506344 0.305442 0.00918128
18 0.560827 0.308054 0.0114964
19 0.560827 0.31144 0.0104603
20 0.560827 0.312875 0.0115146
21 0.560827 0.322966 0.013865
22 0.560827 0.321541 0.0121375
23 0.560827 0.324071 0.0138393
24 0.573313 0.343556 0.0157542
25 0.573313 0.332204 0.0153738
26 0.637717 0.348352 0.0167315
27 0.637717 0.351455 0.0173779
28 0.637717 0.369091 0.0179563
29 0.655047 0.384661 0.0184943
30 0.655047 0.395017 0.0227141
31 0.655047 0.414885 0.0230001
32 0.655047 0.436616 0.0225907
33 0.699507 0.442638 0.0263079
34 0.699507 0.43328 0.0244636
35 0.699507 0.443985 0.0245811
36 0.699507 0.440193 0.0237241
37 0.699507 0.439251 0.0237063
38 0.705187 0.449907 0.0222641
39 0.705187 0.459809 0.0217864
40 0.715206 0.46431 0.020518
41 0.716661 0.477685 0.0247317
42 0.730627 0.481938 0.0234004
43 0.730627 0.500581 0.0248496
44 0.738207 0.51831 0.0230275
45 0.744577 0.552349 0.0222476
46 0.744577 0.538033 0.0214253
47 0.765062 0.548761 0.0211389
48 0.765062 0.55151 0.0213026
49 0.765062 0.553371 0.0202964
50 0.765062 0.561449 0.0194996
51 0.765062 0.558557 0.0218546
52 0.765062 0.56364 0.0187091
53 0.765062 0.579337 0.0185793
54 0.765062 0.604666 0.0157836
55 0.765062 0.617293 0.011418
56 0.767278 0.611861 0.00983352
57 0.767278 0.603821 0.0175835
58 0.767278 0.628656 0.01264
59 0.767278 0.606158 0.017433
60 0.767278 0.617175 0.0132879
61 0.767278 0.610909 0.0154523
62 0.767278 0.601089 0.0152094
63 0.767278 0.609571 0.0159753
64 0.771696 0.615952 0.0148398
65 0.771696 0.615213 0.01157
66 0.771696 0.596802 0.0158238
67 0.771696 0.585918 0.0169109
68 0.771696 0.578725 0.0228781
69 0.771696 0.603565 0.0166305
70 0.782677 0.633476 0.0109288
71 0.782677 0.634484 0.0117258
72 0.782677 0.620303 0.0124554
73 0.782677 0.642343 0.0116412
74 0.782677 0.645491 0.0122156
75 0.782677 0.636072 0.0165582
76 0.782677 0.640894 0.013538
77 0.782677 0.636539 0.0156407
78 0.788121 0.636671 0.0118532
79 0.788121 0.62005 0.0142849
80 0.788121 0.612463 0.0145315
81 0.788121 0.622211 0.0141765
82 0.788173 0.626776 0.0165202
83 0.788173 0.643053 0.0104984
84 0.788173 0.641564 0.0102411
85 0.788173 0.63237 0.0151966
86 0.788173 0.648768 0.0101491
87 0.792765 0.653314 0.0133979
88 0.792765 0.648699 0.013557
89 0.792765 0.653626 0.0125897
90 0.792765 0.673978 0.00858213
91 0.79726 0.666183 0.00981709
92 0.79726 0.664696 0.0109086
93 0.79726 0.650271 0.015906
94 0.79726 0.658883 0.0121742
95 0.79873 0.661688 0.0138112
96 0.79873 0.654159 0.0145473
97 0.79873 0.646977 0.0136486
98 0.803321 0.636159 0.0144276
99 0.803321 0.645994 0.0174262
100 0.803321 0.639411 0.0173409
101 0.803321 0.655256 0.0114538
102 0.803321 0.663221 0.0116481
103 0.803321 0.652753 0.016639
104 0.803321 0.652325 0.0124745
105 0.803321 0.664488 0.0106133
106 0.803321 0.659425 0.0132116
107 0.803321 0.657764 0.0138156
108 0.803321 0.655403 0.0153897
109 0.803321 0.657261 0.0142266
110 0.803321 0.64345 0.0158647
111 0.803321 0.639103 0.0193891
112 0.803321 0.636509 0.0223387
113 0.803321 0.622674 0.0206463
114 0.803321 0.62653 0.0208591
115 0.803321 0.645992 0.0176006
116 0.803321 0.639114 0.0191706
117 0.803321 0.635464 0.0175399
118 0.804322 0.633901 0.021316
119 0.804749 0.633141 0.0222773
120 0.804749 0.615824 0.0209352
121 0.804749 0.612146 0.0254075
122 0.804749 0.620605 0.0217607
123 0.804749 0.63681 0.0187851
124 0.804749 0.625987 0.0242829
125 0.804749 0.630017 0.0251293
126 0.810511 0.650366 0.0193991
127 0.810511 0.635086 0.0173578
128 0.810511 0.654052 0.0173227
129 0.810511 0.626795 0.0230111
130 0.810511 0.649822 0.0166126
131 0.810511 0.65262 0.0149512
132 0.810511 0.665363 0.0127485
133 0.810511 0.667111 0.0100596
134 0.810511 0.669646 0.0117186
135 0.810511 0.660114 0.0147828
136 0.810511 0.653851 0.0154291
137 0.810511 0.671468 0.0126726
138 0.810511 0.689004 0.0100264
139 0.811831 0.69373 0.0100836
140 0.811831 0.680725 0.00923515
141 0.811831 0.663526 0.0141855
142 0.811831 0.68604 0.0104349
143 0.814213 0.683972 0.0139708
144 0.814213 0.691298 0.0118026
145 0.814213 0.684605 0.0125592
146 0.814213 0.676722 0.0119573
147 0.814213 0.691736 0.00777543
148 0.814213 0.68912 0.00910475
149 0.814213 0.698397 0.0100168
150 0.814213 0.712156 0.00712133
151 0.814213 0.695659 0.011178
152 0.814213 0.699523 0.0106511
153 0.814777 0.674708 0.0186095
154 0.814777 0.682801 0.0190982
155 0.814777 0.695358 0.0113048
156 0.814777 0.673562 0.0147644
157 0.817164 0.688367 0.0138139
158 0.817164 0.685291 0.00904196
159 0.817164 0.67997 0.011449
160 0.834856 0.680656 0.0121147
161 0.834856 0.664046 0.0185954
162 0.834856 0.674572 0.0144156
163 0.834856 0.665085 0.0169369
164 0.834856 0.669652 0.0147225
165 0.834856 0.651279 0.0202783
166 0.834856 0.642957 0.0258695
167 0.834856 0.668096 0.0199746
168 0.834856 0.657088 0.0218074
169 0.834856 0.652594 0.0195515
170 0.834856 0.641596 0.0205867
171 0.834856 0.658843 0.0210204
172 0.834856 0.656803 0.0228599
173 0.834856 0.676095 0.0148321
174 0.834856 0.681314 0.0119403
175 0.834856 0.683713 0.0100391
176 0.834856 0.685326 0.0118029
177 0.834856 0.674868 0.0158444
178 0.834856 0.671343 0.0177527
179 0.834856 0.668456 0.019578
180 0.834856 0.676984 0.0137684
181 0.834856 0.65995 0.0175043
182 0.834856 0.646647 0.0199887
183 0.834856 0.645241 0.0202348
184 0.834856 0.653946 0.0206356
185 0.834856 0.674328 0.0135539
186 0.834856 0.690617 0.0135439
187 0.834856 0.691684 0.0114623
188 0.834856 0.676808 0.0165737
189 0.834856 0.659176 0.0196509
190 0.834856 0.676989 0.0158991
191 0.834856 0.673797 0.0188142
192 0.834856 0.676225 0.0155106
193 0.836521 0.668708 0.0197466
194 0.836521 0.658489 0.0183331
195 0.836521 0.668356 0.0167057
196 0.836521 0.65114 0.0223017
197 0.836521 0.655236 0.0172728
198 0.836521 0.65411 0.0185161
199 0.836521 0.649492 0.0189189
200 0.836521 0.654442 0.0217873
201 0.836521 0.665028 0.0150931
202 0.836521 0.64911 0.0183416
203 0.836521 0.640761 0.0232156
204 0.836521 0.644874 0.0190382
205 0.836521 0.671108 0.016267
206 0.836521 0.649685 0.0153418
207 0.836521 0.642774 0.0195799
208 0.840197 0.645824 0.0212127
209 0.840197 0.647263 0.0196772
210 0.840197 0.664699 0.0172602
211 0.84083 0.668348 0.0168474
212 0.84083 0.669075 0.0145445
213 0.84083 0.656008 0.0193385
214 0.84083 0.656118 0.0204626
215 0.84083 0.681098 0.0135265
216 0.84083 0.694188 0.0138632
217 0.84083 0.711445 0.0108495
218 0.84083 0.692394 0.0148521
219 0.84083 0.682167 0.0212162
220 0.84083 0.664618 0.0207349
221 0.84083 0.666332 0.0246962
222 0.84083 0.653284 0.0235634
223 0.84083 0.662026 0.0205745
224 0.84083 0.648287 0.0204284
225 0.84083 0.649714 0.0257856
226 0.84083 0.650577 0.0212079
227 0.84083 0.630551 0.0227656
228 0.84083 0.665252 0.0202448
229 0.84083 0.657058 0.022333
230 0.84083 0.669126 0.0161137
231 0.84083 0.664219 0.0166407
232 0.84083 0.657096 0.0128556
233 0.84083 0.662157 0.0163307
234 0.84083 0.657985 0.0185644
235 0.84083 0.656673 0.0198125
236 0.84083 0.661512 0.0229964
237 0.84083 0.664476 0.0212608
238 0.84083 0.672429 0.0160139
239 0.84083 0.678494 0.0147018
240 0.84083 0.677943 0.016281
241 0.84083 0.682675 0.0170016
242 0.84092 0.686602 0.0153004
243 0.84092 0.68993 0.0123504
244 0.84092 0.701807 0.00753118
245 0.84092 0.698226 0.0084797
246 0.84092 0.687452 0.0150006
247 0.84092 0.691756 0.0125516
248 0.84092 0.696057 0.0151207
249 0.84092 0.700121 0.0136541
250 0.84092 0.695292 0.0178178
251 0.84092 0.69763 0.0114437
252 0.84092 0.691861 0.0139851
253 0.84092 0.68777 0.0158183
254 0.84092 0.697218 0.0168594
255 0.84092 0.691428 0.0151118
256 0.84092 0.693865 0.0159033
257 0.84092 0.706004 0.00973031
258 0.84092 0.699176 0.0102557
259 0.84092 0.702524 0.010439
260 0.84092 0.69194 0.0101655
261 0.84092 0.678467 0.0115942
262 0.84092 0.669719 0.0158758
263 0.84092 0.672952 0.0158606
264 0.84092 0.652391 0.0264932
265 0.84092 0.65887 0.0176144
266 0.84092 0.666398 0.0171555
267 0.84092 0.68539 0.0155846
268 0.84092 0.69048 0.0127798
269 0.84092 0.694134 0.0130061
270 0.84092 0.705677 0.0105294
271 0.84092 0.683797 0.0122754
272 0.84092 0.672259 0.0156779
273 0.84092 0.663307 0.0167358
274 0.84092 0.660884 0.0192135
275 0.84092 0.658502 0.0189681
276 0.84092 0.676529 0.0177229
277 0.84092 0.663986 0.0167026
278 0.84092 0.676604 0.0155391
279 0.84092 0.669894 0.018163
280 0.84092 0.668126 0.0206587
281 0.84092 0.647334 0.0228342
282 0.84092 0.654903 0.0237058
283 0.84092 0.645565 0.0231842
284 0.84092 0.65586 0.0162816
285 0.84092 0.66316 0.017033
286 0.84092 0.642602 0.022103
287 0.84092 0.639859 0.0207061
288 0.84092 0.645343 0.0230719
289 0.84092 0.668115 0.0189884
290 0.84092 0.655715 0.0192707
291 0.84092 0.659139 0.0197268
292 0.84092 0.665486 0.0180138
293 0.84092 0.669178 0.0212139
294 0.84092 0.683297 0.0175797
295 0.84092 0.686618 0.0152806
296 0.84092 0.699742 0.0159239
297 0.84092 0.710314 0.0128005
298 0.84092 0.707942 0.00907104
299 0.84092 0.69493 0.0127394
300 0.84092 0.705849 0.0100956
301 0.84092 0.700018 0.00872603
302 0.84092 0.712467 0.00856778
303 0.84092 0.711224 0.00863693
304 0.84092 0.702587 0.0115102
305 0.84092 0.698489 0.0109879
306 0.84092 0.691543 0.0119894
307 0.84092 0.681427 0.0170605
308 0.84092 0.664501 0.0190138
309 0.84092 0.676474 0.0196896
310 0.84092 0.683809 0.0147802
311 0.84092 0.688689 0.0165224
312 0.84092 0.691497 0.0170162
313 0.84092 0.681884 0.0151559
314 0.84092 0.659321 0.0194003
315 0.84092 0.670852 0.016665
316 0.84092 0.685843 0.0141544
317 0.843338 0.684341 0.0131463
318 0.843338 0.688303 0.0134548
319 0.843338 0.672765 0.0184241
320 0.843338 0.673382 0.015833
321 0.843338 0.667617 0.017536
322 0.843338 0.690387 0.0115177
323 0.843338 0.67453 0.0133205
324 0.843338 0.6735 0.0143721
325 0.843338 0.683977 0.01554
326 0.843338 0.656942 0.0190208
327 0.843338 0.666693 0.0174157
328 0.843338 0.684124 0.0121845
329 0.843338 0.686644 0.0139418
330 0.843338 0.661893 0.0174973
331 0.843338 0.672599 0.0174752
332 0.843338 0.675555 0.0187688
333 0.843338 0.665474 0.0219274
334 0.843338 0.672726 0.0187111
335 0.843338 0.670675 0.016453
336 0.843338 0.67548 0.0182646
337 0.843338 0.674611 0.0241721
338 0.843338 0.683856 0.0142378
339 0.84737 0.689115 0.0152192
340 0.84737 0.694008 0.0175424
341 0.84737 0.689063 0.0175117
342 0.84737 0.694161 0.0171716
343 0.84737 0.688663 0.0144575
344 0.84737 0.685727 0.0149283
345 0.84737 0.690761 0.0153266
346 0.84737 0.685885 0.013605
347 0.84737 0.68152 0.0129122
348 0.84737 0.700362 0.0119234
349 0.84737 0.697922 0.012146
350 0.84737 0.691288 0.0123944
351 0.84737 0.680424 0.0141768
352 0.84737 0.701938 0.0132924
353 0.84737 0.704221 0.0129965
354 0.849919 0.691798 0.0136438
355 0.849919 0.700468 0.0121814
356 0.849919 0.702016 0.0141707
357 0.849919 0.700325 0.0132532
358 0.849919 0.699349 0.0109561
359 0.849919 0.692592 0.013001
360 0.849919 0.703032 0.0128337
361 0.850956 0.675835 0.0202293
362 0.858494 0.690989 0.0172245
363 0.858494 0.687558 0.0152625
364 0.858494 0.682064 0.0207839
365 0.859013 0.706026 0.0152709
366 0.859013 0.700795 0.0149029
367 0.859013 0.694672 0.0174839
368 0.859013 0.70373 0.0124709
369 0.859013 0.693739 0.0144832
370 0.859013 0.695844 0.0139569
371 0.859013 0.675773 0.0165956
372 0.86271 0.68518 0.0174077
373 0.86271 0.683411 0.0153692
374 0.86271 0.684705 0.0168122
375 0.86271 0.683318 0.0193195
376 0.86271 0.686715 0.0212477
377 0.86271 0.680374 0.0229154
378 0.86271 0.676542 0.0194005
379 0.863427 0.687723 0.0173579
380 0.863427 0.681421 0.0156775
381 0.863427 0.69097 0.0143662
382 0.863427 0.675666 0.0141931
383 0.863427 0.695762 0.0194028
384 0.863427 0.682891 0.0191289
385 0.863427 0.692139 0.0194296
386 0.863427 0.676834 0.024652
387 0.866612 0.677728 0.0211016
388 0.866612 0.695133 0.0177891
389 0.866612 0.690824 0.0193156
390 0.866612 0.696311 0.019914
391 0.866612 0.702194 0.0184778
392 0.866612 0.695128 0.0243073
393 0.866612 0.678595 0.0195051
394 0.866612 0.676383 0.0223979
395 0.867597 0.680743 0.0181754
396 0.867597 0.661542 0.0247112
397 0.867597 0.662003 0.0212726
398 0.867597 0.665132 0.0193894
399 0.867597 0.675219 0.0208625
400 0.867597 0.670028 0.0223687
401 0.867597 0.674449 0.0215264
402 0.868307 0.688745 0.0195748
403 0.868307 0.667745 0.0215792
404 0.868307 0.674215 0.0225592
405 0.868307 0.674611 0.0262026
406 0.868307 0.655802 0.0312994
407 0.868307 0.669422 0.0191546
408 0.868537 0.665194 0.022189
409 0.871416 0.665722 0.0179133
410 0.871416 0.664617 0.018251
411 0.871416 0.676266 0.0184773
412 0.871416 0.678034 0.0176355
413 0.871416 0.680841 0.020954
414 0.871416 0.674489 0.0200179
415 0.871416 0.656126 0.0251735
416 0.871416 0.65126 0.0253274
417 0.871416 0.665287 0.0233277
418 0.871416 0.689607 0.0243315
419 0.871416 0.691818 0.0242776
420 0.871416 0.687437 0.0219307
421 0.871416 0.687785 0.0199102
422 0.871416 0.667001 0.0244581
423 0.871416 0.668272 0.0262477
424 0.871416 0.666864 0.0260517
425 0.871416 0.66746 0.023873
426 0.871416 0.660433 0.0327694
427 0.871416 0.667715 0.0296299
428 0.871416 0.668017 0.0303573
429 0.871416 0.67349 0.0245703
430 0.871416 0.668786 0.0282525
431 0.871416 0.674386 0.0246102
432 0.871416 0.685558 0.0207643
433 0.871416 0.687874 0.0200881
434 0.871416 0.69083 0.0168509
435 0.871416 0.68307 0.0242125
436 0.876818 0.694655 0.0224874
437 0.876818 0.703913 0.0156992
438 0.876818 0.697718 0.0185567
439 0.876818 0.686485 0.0177287
440 0.876818 0.680519 0.025724
441 0.876818 0.683285 0.0244136
442 0.876818 0.676388 0.0230031
443 0.876818 0.675056 0.0257861
444 0.876818 0.68093 0.0260657
445 0.876818 0.6854 0.0261091
446 0.876818 0.706458 0.0180783
447 0.876818 0.70709 0.0147697
448 0.876818 0.711018 0.0139209
449 0.876818 0.703833 0.0168786
450 0.876818 0.695076 0.0222768
451 0.876818 0.688861 0.023132
452 0.876818 0.701064 0.0212761
453 0.876818 0.696633 0.0240641
454 0.876818 0.667236 0.0244739
455 0.876818 0.677834 0.024521
456 0.876818 0.700074 0.0204121
457 0.876818 0.699466 0.0176269
458 0.876818 0.676064 0.0236873
459 0.876818 0.690788 0.0239121
460 0.876818 0.681653 0.0225206
461 0.876818 0.674672 0.0250595
462 0.876818 0.672057 0.0184324
463 0.876818 0.674997 0.0199933
464 0.876818 0.689448 0.0176066
465 0.876818 0.681855 0.0177087
466 0.876818 0.670317 0.0225819
467 0.876818 0.680787 0.0209657
468 0.876818 0.688076 0.01463
469 0.876818 0.67858 0.0192233
470 0.876818 0.697295 0.0174505
471 0.876818 0.674502 0.0202016
472 0.876818 0.699604 0.0112563
473 0.876818 0.699734 0.0133422
474 0.876818 0.687544 0.0165063
475 0.876818 0.700258 0.0131596
476 0.876818 0.686785 0.0191654
477 0.876818 0.695633 0.0186151
478 0.876818 0.686364 0.0185125
479 0.876818 0.664097 0.0222394
480 0.876818 0.677234 0.0194758
481 0.876818 0.665523 0.0282319
482 0.876818 0.682585 0.0254447
483 0.876818 0.694467 0.0213802
484 0.876818 0.701034 0.0215761
485 0.876818 0.68121 0.0222946
486 0.876818 0.69472 0.0224602
487 0.876948 0.693335 0.0225598
488 0.876948 0.691478 0.0201036
489 0.876948 0.694806 0.0191857
490 0.876948 0.682886 0.025655
491 0.876948 0.678362 0.0242866
492 0.876948 0.677699 0.0269827
493 0.876948 0.692386 0.0232321
494 0.876948 0.684179 0.019546
495 0.876948 0.680148 0.0201718
496 0.876948 0.686376 0.0146301
497 0.876948 0.676625 0.017369
498 0.876948 0.681252 0.0181546
499 0.876948 0.659309 0.0229805
500 0.876948 0.674854 0.0213599
501 0.876948 0.679357 0.0204883
502 0.876948 0.659933 0.0207408
503 0.876948 0.670683 0.0217832
504 0.876948 0.665445 0.0221782
505 0.876948 0.682938 0.0194268
506 0.876948 0.689806 0.020622
507 0.876948 0.683616 0.0203693
508 0.876948 0.688657 0.015581
509 0.876948 0.687889 0.0160144
510 0.876948 0.702187 0.014217
511 0.876948 0.693039 0.0169837
512 0.876948 0.682788 0.0167079
513 0.876948 0.702241 0.0133637
514 0.876948 0.709885 0.013293
515 0.876948 0.706821 0.0152861
516 0.876948 0.698403 0.0177062
517 0.876948 0.696456 0.0164541
518 0.876948 0.697724 0.017757
519 0.876948 0.698128 0.0205904
520 0.876948 0.690185 0.023584
521 0.876948 0.698467 0.0188894
522 0.876948 0.696399 0.0206983
523 0.876948 0.694115 0.0237099
524 0.877525 0.685816 0.025972
525 0.877525 0.681592 0.0242672
526 0.877525 0.707082 0.0227592
527 0.877525 0.728215 0.0140159
528 0.877525 0.707717 0.0145695
529 0.877525 0.715367 0.0146775
530 0.877525 0.72684 0.014206
531 0.877525 0.723539 0.0127108
532 0.877525 0.721347 0.010229
533 0.877525 0.72558 0.0118216
534 0.877525 0.722966 0.0136645
535 0.877525 0.714625 0.0157942
536 0.877525 0.702556 0.0210082
537 0.877525 0.682016 0.0223718
538 0.877525 0.678218 0.0162788
539 0.877525 0.680118 0.0227695
540 0.877525 0.685015 0.0222929
541 0.877525 0.689439 0.0205744
542 0.877525 0.695547 0.0176123
543 0.877525 0.692915 0.0249695
544 0.877525 0.686243 0.0224951
545 0.877525 0.680927 0.0194486
546 0.877525 0.70055 0.0218977
547 0.877525 0.690429 0.0197576
548 0.877525 0.681593 0.0205101
549 0.877525 0.663746 0.025281
550 0.877525 0.66512 0.0251901
551 0.877525 0.67152 0.0172184
552 0.877525 0.691546 0.014257
553 0.877525 0.683094 0.019204
554 0.877525 0.676401 0.0217317
555 0.877525 0.674882 0.0240181
556 0.877525 0.668027 0.0244319
557 0.877525 0.673702 0.0231768
558 0.877525 0.664999 0.0316097
559 0.877525 0.658162 0.0308472
560 0.877525 0.682424 0.0247025
561 0.877525 0.68805 0.0236668
562 0.877525 0.691475 0.0232239
563 0.877525 0.677356 0.0286667
564 0.877525 0.677573 0.0284559
565 0.877525 0.676748 0.0283413
566 0.877525 0.679822 0.0246346
567 0.877525 0.677837 0.0286551
568 0.877525 0.687247 0.0301934
569 0.877525 0.675135 0.0294337
570 0.877525 0.682613 0.0236695
571 0.877525 0.682311 0.0230936
572 0.877525 0.67117 0.0235467
573 0.877525 0.65259 0.0246799
574 0.877525 0.654354 0.0277249
575 0.877525 0.661105 0.0244232
576 0.877525 0.677723 0.0218713
577 0.877525 0.666352 0.0228437
578 0.877525 0.677609 0.023969
579 0.877525 0.674234 0.0206372
580 0.877525 0.674189 0.0242358
581 0.877525 0.680273 0.0240599
582 0.877525 0.699028 0.0209215
583 0.877525 0.69552 0.0199444
584 0.877525 0.682924 0.0198177
585 0.877525 0.703794 0.0176699
586 0.877525 0.687804 0.0220269
587 0.877525 0.703631 0.0157211
588 0.877525 0.701402 0.0136144
589 0.877525 0.709084 0.0139676
590 0.877525 0.69026 0.0191878
591 0.877525 0.698111 0.0196307
592 0.877525 0.697369 0.0194458
593 0.877525 0.699847 0.0211497
594 0.877525 0.712243 0.0179206
595 0.877525 0.717343 0.0161831
596 0.877525 0.719466 0.0150603
597 0.877525 0.700563 0.0178292
598 0.877525 0.712337 0.0225621
599 0.877525 0.714884 0.0189588
600 0.877525 0.69562 0.0191466
601 0.877525 0.705595 0.0173533
602 0.877525 0.710306 0.0162678
603 0.877525 0.704994 0.0147446
604 0.877525 0.708048 0.0121633
605 0.877525 0.704714 0.0154179
606 0.877525 0.698834 0.0207321
607 0.877525 0.703603 0.0191744
608 0.877525 0.704979 0.0179237
609 0.877525 0.690061 0.0198969
610 0.877525 0.688298 0.0184763
611 0.877525 0.695219 0.0162262
612 0.877525 0.684917 0.0192693
613 0.877525 0.677977 0.0251108
614 0.877525 0.684001 0.0267938
615 0.877525 0.689667 0.0178698
616 0.877525 0.698104 0.0176692
617 0.877525 0.700186 0.0169753
618 0.877525 0.697407 0.0184966
619 0.877525 0.699927 0.0166855
620 0.877525 0.695976 0.015096
621 0.877525 0.689515 0.0147666
622 0.877525 0.696476 0.0163512
623 0.877525 0.679797 0.0200825
624 0.877525 0.68378 0.0220305
625 0.877525 0.676331 0.0225041
626 0.877525 0.677456 0.0271773
627 0.877525 0.688966 0.0258344
628 0.877525 0.706544 0.0200653
629 0.877525 0.730043 0.00985454
630 0.877525 0.72263 0.0125153
631 0.877525 0.720609 0.0173899
632 0.877525 0.710723 0.0185359
633 0.877525 0.706786 0.0182814
634 0.877525 0.688569 0.0219415
635 0.877525 0.662121 0.0294342
636 0.877525 0.661632 0.0261367
637 0.877525 0.677358 0.0233762
638 0.877525 0.676519 0.0241769
639 0.877525 0.684508 0.023143
640 0.877525 0.681739 0.0223122
641 0.877525 0.692352 0.0216198
642 0.877525 0.700777 0.019097
643 0.877525 0.690875 0.0189197
644 0.877544 0.705565 0.0160293
645 0.877544 0.720091 0.0161051
646 0.877544 0.722031 0.0172575
647 0.877544 0.716875 0.0147355
648 0.877544 0.707938 0.0193133
649 0.877544 0.713484 0.0175404
650 0.877544 0.700248 0.0219147
651 0.877544 0.700168 0.02066
652 0.877544 0.700944 0.0193903
653 0.877544 0.708162 0.0192305
654 0.877544 0.711841 0.0151336
655 0.877544 0.705571 0.0180714
656 0.877544 0.723907 0.0131788
657 0.877544 0.714355 0.018131
658 0.877544 0.718362 0.0143927
659 0.877544 0.711818 0.0169862
660 0.877544 0.708406 0.0131016
661 0.877544 0.704278 0.0192934
662 0.877544 0.693589 0.0183414
663 0.877544 0.689392 0.019581
664 0.877544 0.691106 0.020927
665 0.877544 0.69686 0.0193458
666 0.877544 0.692291 0.0190074
667 0.877544 0.676115 0.0234452
668 0.877544 0.680487 0.0212986
669 0.877544 0.688252 0.0201458
670 0.877544 0.696728 0.0181309
671 0.877544 0.687016 0.0252508
672 0.877544 0.694307 0.0205115
673 0.877544 0.679113 0.0255726
674 0.877544 0.678783 0.021671
675 0.877544 0.680344 0.0210696
676 0.877544 0.685741 0.019275
677 0.877544 0.687839 0.0221402
678 0.877544 0.692913 0.0210138
679 0.877544 0.679239 0.022584
680 0.878233 0.684507 0.0227297
681 0.878233 0.677245 0.0256672
682 0.878233 0.672519 0.0230468
683 0.878233 0.65991 0.0281573
684 0.878233 0.678664 0.0194386
685 0.878233 0.681865 0.0181618
686 0.878233 0.678011 0.0169895
687 0.878233 0.700697 0.0168486
688 0.878233 0.683195 0.0200633
689 0.878233 0.691947 0.021315
690 0.878233 0.703426 0.0162897
691 0.878233 0.698986 0.0174809
692 0.878233 0.698875 0.0153024
693 0.878233 0.699597 0.0145232
694 0.878233 0.690448 0.0188719
695 0.878233 0.686773 0.0332713
696 0.878233 0.688453 0.0292337
697 0.878233 0.692628 0.0221461
698 0.878233 0.687858 0.0227369
699 0.878233 0.692423 0.0221072
700 0.878233 0.688842 0.0188723
701 0.878233 0.697177 0.0194451
702 0.878233 0.700797 0.016434
703 0.878233 0.692404 0.0171615
704 0.878233 0.675267 0.0229644
705 0.878233 0.697684 0.0208116
706 0.878233 0.701157 0.0165547
707 0.878233 0.698651 0.0188031
708 0.878233 0.695627 0.0170658
709 0.878233 0.702176 0.0150743
710 0.878233 0.712439 0.014296
711 0.878233 0.718296 0.0137804
712 0.878233 0.732502 0.0105352
713 0.878233 0.711969 0.0124825
714 0.878233 0.719801 0.00909218
715 0.878233 0.72524 0.0118542
716 0.878233 0.705194 0.0148762
717 0.878233 0.723783 0.015014
718 0.878233 0.714095 0.0169078
719 0.878233 0.697064 0.0188631
720 0.878233 0.693433 0.0183488
721 0.878233 0.709978 0.0193466
722 0.878233 0.725785 0.0143816
723 0.878233 0.710667 0.0176536
724 0.878233 0.710934 0.0136847
725 0.878233 0.704445 0.0149396
726 0.878233 0.70762 0.0155944
727 0.878233 0.710641 0.0164852
728 0.878233 0.711494 0.0154423
729 0.878233 0.712855 0.0147671
730 0.878233 0.69464 0.0164296
731 0.878233 0.695575 0.0187749
732 0.878233 0.687684 0.0220625
733 0.878233 0.671553 0.0229696
734 0.878233 0.671943 0.0261274
735 0.878233 0.685022 0.0206894
736 0.878233 0.69653 0.0219801
737 0.878233 0.686637 0.0195581
738 0.878233 0.679463 0.0219193
739 0.878233 0.685303 0.0198414
740 0.878233 0.69536 0.0171468
741 0.878233 0.715098 0.0120867
742 0.878233 0.718368 0.0126335
743 0.878233 0.704728 0.0170742
744 0.878233 0.697082 0.0194249
745 0.878233 0.686619 0.018634
746 0.878233 0.691918 0.0166283
747 0.878233 0.702811 0.0157994
748 0.878233 0.690626 0.0167242
749 0.878233 0.684323 0.0185545
750 0.878233 0.671355 0.0182344
751 0.878233 0.677301 0.0172508
752 0.878233 0.686413 0.0169375
753 0.878233 0.687492 0.0158184
754 0.878233 0.667075 0.0191748
755 0.878233 0.673727 0.019491
756 0.878233 0.687792 0.0182062
757 0.878233 0.68916 0.0223655
758 0.878233 0.696362 0.015044
759 0.878233 0.699575 0.0188743
760 0.878233 0.694619 0.0234116
761 0.878233 0.683021 0.0189889
762 0.878233 0.683529 0.0207564
763 0.878233 0.675383 0.0232825
764 0.878233 0.694353 0.0230265
765 0.878233 0.697423 0.0221402
766 0.878233 0.69053 0.02042
767 0.878233 0.676052 0.0195676
768 0.878233 0.681559 0.0185236
769 0.878233 0.666735 0.0172458
770 0.878233 0.671823 0.0146631
771 0.878233 0.668706 0.0184898
772 0.878233 0.660763 0.0196482
773 0.878233 0.658156 0.021634
774 0.878233 0.657246 0.0240874
775 0.878233 0.639546 0.0239424
776 0.878233 0.666368 0.0226589
777 0.878233 0.667739 0.0260246
778 0.878233 0.691802 0.0189883
779 0.878233 0.703945 0.0185806
780 0.878233 0.681074 0.0186683
781 0.878233 0.687012 0.0172259
782 0.878233 0.682965 0.0191925
783 0.878233 0.669834 0.0256411
784 0.878233 0.695682 0.0169983
785 0.878233 0.690603 0.0179926
786 0.878233 0.695513 0.0159673
787 0.878233 0.686547 0.0132176
788 0.878233 0.682233 0.0151901
789 0.878233 0.682898 0.0162712
790 0.878233 0.697766 0.0191924
791 0.878233 0.699233 0.018681
792 0.878233 0.703412 0.0144281
793 0.878233 0.699094 0.0144086
794 0.878233 0.698447 0.0143329
795 0.878233 0.702598 0.011368
796 0.878233 0.686423 0.0133367
797 0.878233 0.698732 0.0102102
798 0.878233 0.688697 0.0125941
799 0.878233 0.681593 0.0182231
800 0.878233 0.684242 0.0280194
801 0.878233 0.718343 0.0155979
802 0.878233 0.73063 0.0116329
803 0.878233 0.715833 0.01137
804 0.878233 0.714509 0.012627
805 0.878233 0.720269 0.01405
806 0.878233 0.709555 0.0152747
807 0.878233 0.704055 0.0151677
808 0.878233 0.712346 0.0135225
809 0.878233 0.712186 0.0165959
810 0.878233 0.688824 0.0286843
811 0.878233 0.692079 0.0215989
812 0.878233 0.685287 0.0252458
813 0.878233 0.6948 0.0218398
814 0.878233 0.682858 0.0203191
815 0.878233 0.694035 0.0223137
816 0.878233 0.686875 0.0229747
817 0.878233 0.68933 0.0220677
818 0.878233 0.691841 0.0198539
819 0.878233 0.685069 0.0185151
820 0.878233 0.704844 0.0147441
821 0.878233 0.692189 0.01866
822 0.878233 0.698429 0.0124662
823 0.878233 0.695258 0.0164735
824 0.878233 0.700844 0.0152354
825 0.878233 0.709777 0.0170447
826 0.878233 0.718706 0.0153477
827 0.878233 0.695658 0.0185353
828 0.878233 0.69226 0.0198613
829 0.878233 0.692966 0.0187973
830 0.878233 0.711008 0.0158161
831 0.878233 0.721547 0.0138715
832 0.878233 0.713955 0.0153258
833 0.878233 0.722958 0.0150341
834 0.878233 0.716802 0.0161767
835 0.878233 0.718724 0.0148562
836 0.878233 0.696284 0.0236245
837 0.878233 0.716716 0.0157038
838 0.878233 0.71614 0.0129918
839 0.878233 0.72478 0.00943206
840 0.878233 0.733514 0.00882335
841 0.878233 0.726715 0.010713
842 0.878233 0.722504 0.0139997
843 0.878233 0.71836 0.0119594
844 0.878233 0.708471 0.0199684
845 0.878233 0.687204 0.0193772
846 0.878233 0.689016 0.0176153
847 0.878233 0.668685 0.0219529
848 0.878233 0.672636 0.0207695
849 0.878233 0.695156 0.0167575
850 0.878233 0.677738 0.0198661
851 0.878233 0.661469 0.0230872
852 0.878233 0.693011 0.0171083
853 0.878233 0.704842 0.0159212
854 0.878233 0.694857 0.014578
855 0.878233 0.702777 0.0179252
856 0.878233 0.711157 0.0185104
857 0.878233 0.691697 0.0189974
858 0.878233 0.708124 0.0156591
859 0.878233 0.712201 0.0155994
860 0.878233 0.702029 0.0212626
861 0.878233 0.702552 0.0206106
862 0.878233 0.71214 0.0193169
863 0.878233 0.714107 0.0185433
864 0.878233 0.713153 0.018867
865 0.878233 0.719785 0.0221972
866 0.878233 0.718078 0.0184049
867 0.878233 0.73206 0.0144246
868 0.878233 0.727227 0.0189838
869 0.878233 0.720688 0.0133166
870 0.878233 0.701673 0.015207
871 0.878233 0.705467 0.0158331
872 0.878233 0.704874 0.0134765
873 0.878233 0.701645 0.0218499
874 0.878233 0.697543 0.0208918
875 0.878233 0.687492 0.0207844
876 0.878233 0.686442 0.0221126
877 0.878233 0.670498 0.0249472
878 0.878233 0.668953 0.0222794
879 0.878233 0.676959 0.0209314
880 0.878233 0.657455 0.0210354
881 0.878233 0.665401 0.0239297
882 0.878233 0.692551 0.0239742
883 0.878233 0.693877 0.0206565
884 0.878233 0.693271 0.0150434
885 0.878233 0.687633 0.0181869
886 0.878233 0.694542 0.0178559
887 0.878233 0.682748 0.0216609
888 0.878233 0.684137 0.0199109
889 0.878233 0.685984 0.0184595
890 0.878233 0.69286 0.0183069
891 0.878233 0.681943 0.0191745
892 0.878233 0.67773 0.0163487
893 0.878233 0.680409 0.017332
894 0.878233 0.680028 0.0205604
895 0.878233 0.679135 0.0177423
896 0.878233 0.679881 0.0208715
897 0.878233 0.656522 0.0304372
898 0.878233 0.675514 0.0247529
899 0.878233 0.67464 0.0224169
900 0.878233 0.698305 0.0164067
901 0.878233 0.683795 0.0186127
902 0.878233 0.673214 0.0187315
903 0.878233 0.672542 0.0217687
904 0.878233 0.673003 0.0217794
905 0.878233 0.661584 0.0193654
906 0.878233 0.660962 0.0198794
907 0.878233 0.668565 0.0204699
908 0.878233 0.666388 0.0263399
909 0.878233 0.665409 0.0259953
910 0.878233 0.67938 0.0196409
911 0.878233 0.6829 0.0187109
912 0.878233 0.704502 0.0188909
913 0.878233 0.713137 0.0153356
914 0.878233 0.714768 0.0134538
915 0.878233 0.7135 0.0148194
916 0.878233 0.714163 0.0144344
917 0.878233 0.706454 0.0123194
918 0.878233 0.693265 0.0194788
919 0.878233 0.677717 0.0236315
920 0.878233 0.686672 0.0203537
921 0.878233 0.70584 0.018465
922 0.878233 0.698932 0.0202849
923 0.878233 0.707491 0.0193531
924 0.878233 0.69817 0.0224277
925 0.878233 0.689731 0.0237916
926 0.878233 0.683721 0.0238944
927 0.878233 0.681876 0.0204975
928 0.878233 0.689987 0.0171938
929 0.878233 0.691644 0.0163087
930 0.878233 0.692872 0.0172902
931 0.878233 0.703287 0.0173619
932 0.878233 0.715364 0.0129881
933 0.878233 0.702607 0.0110941
934 0.878233 0.702219 0.0149927
935 0.878233 0.69526 0.0172657
936 0.878233 0.672955 0.0200496
937 0.878233 0.675931 0.0199272
938 0.878233 0.672966 0.0221735
939 0.878233 0.696367 0.0236071
940 0.878233 0.703012 0.0170264
941 0.878233 0.718449 0.0170063
942 0.878233 0.739604 0.0119679
943 0.878233 0.723779 0.0128249
944 0.878233 0.720085 0.0134123
945 0.878233 0.697304 0.0126712
946 0.878233 0.698107 0.0160705
947 0.878233 0.697917 0.0150239
948 0.878233 0.690744 0.0147703
949 0.878233 0.687016 0.0154954
950 0.878233 0.682412 0.017855
951 0.878233 0.685783 0.0219272
952 0.878233 0.673277 0.0223418
953 0.878233 0.680984 0.0228651
954 0.878233 0.676157 0.0179945
955 0.878233 0.66955 0.0191161
956 0.878233 0.691265 0.0142308
957 0.878233 0.677692 0.0170788
958 0.878233 0.675806 0.0177511
959 0.878233 0.680166 0.0203113
960 0.878233 0.685101 0.0191642
961 0.878233 0.679908 0.0210911
962 0.878233 0.688052 0.0197078
963 0.878233 0.701552 0.0229156
964 0.878233 0.695268 0.0238646
965 0.878233 0.692546 0.0234865
966 0.878233 0.685798 0.0283579
967 0.878233 0.685815 0.0209246
968 0.878233 0.671066 0.0232149
969 0.878233 0.685942 0.02004
970 0.878233 0.689321 0.0221252
971 0.878233 0.688043 0.0227456
972 0.878233 0.683931 0.0288921
973 0.878233 0.686819 0.0220327
974 0.878233 0.693482 0.0233713
975 0.878233 0.684001 0.0222462
976 0.878233 0.677183 0.018998
977 0.878233 0.689557 0.0170761
978 0.878233 0.686831 0.0205834
979 0.878233 0.705623 0.0183444
980 0.878233 0.695424 0.0206895
981 0.878233 0.701988 0.0172882
982 0.878233 0.688398 0.0171588
983 0.878233 0.675826 0.0213368
984 0.878233 0.699725 0.0163436
985 0.878233 0.702677 0.0169623
986 0.878233 0.698929 0.0168663
987 0.878233 0.705207 0.0164242
988 0.878233 0.691023 0.0225034
989 0.878233 0.692142 0.0230928
990 0.878233 0.706017 0.0196583
991 0.878233 0.696702 0.021006
992 0.878233 0.694193 0.0178368
993 0.878233 0.685209 0.0207058
994 0.878233 0.698827 0.0212657
995 0.878233 0.703171 0.0189482
996 0.878233 0.697162 0.0180716
997 0.878233 0.682897 0.0188219
998 0.878233 0.686335 0.018783
999 0.878233 0.674555 0.0173052
1000 0.878233 0.686465 0.0162072
