0 0.298466 0.249006 0.000244385
1 0.311421 0.25408 0.000218729
2 0.311421 0.254166 0.000296845
3 0.311421 0.258557 0.000400976
4 0.33946 0.258757 0.000603597
5 0.33946 0.261795 0.000734249
6 0.357495 0.261274 0.000897575
7 0.486222 0.270601 0.00174291
8 0.486222 0.271398 0.00198615
9 0.486222 0.274111 0.0028453
10 0.486222 0.27656 0.003668
11 0.486222 0.27615 0.0040861
12 0.486222 0.275798 0.00465919
13 0.486222 0.280408 0.00500767
14 0.541345 0.291333 0.0070746
15 0.541345 0.284731 0.00571605
16 0.541345 0.284292 0.00660245
17 0.541345 0.2954 0.00802006
18 0.544877 0.301413 0.00989159
19 0.544877 0.293366 0.008322
20 0.560895 0.291691 0.00854106
21 0.560895 0.298747 0.0098342
22 0.560895 0.293599 0.00958601
23 0.560895 0.297482 0.0100381
24 0.560895 0.307272 0.0110773
25 0.560895 0.301898 0.00979942
26 0.560895 0.299513 0.00960423
27 0.560895 0.305449 0.011306
28 0.560895 0.302369 0.0105825
29 0.577489 0.302711 0.0105828
30 0.577489 0.307221 0.0111671
31 0.577489 0.301521 0.010277
32 0.577489 0.314753 0.0121772
33 0.590958 0.315497 0.0131572
34 0.590958 0.316211 0.013439
35 0.590958 0.311384 0.0127667
36 0.590958 0.309112 0.0130468
37 0.629039 0.321506 0.0156302
38 0.629039 0.322492 0.0154605
39 0.629039 0.320318 0.0144699
40 0.629039 0.334491 0.016695
41 0.629039 0.328308 0.0160972
42 0.629039 0.321918 0.0142888
43 0.629039 0.34889 0.0165024
44 0.629039 0.346411 0.0187254
45 0.629039 0.340308 0.0153465
46 0.629039 0.324542 0.0142381
47 0.629039 0.337418 0.013992
48 0.629039 0.328944 0.0152533
49 0.629039 0.332819 0.015391
50 0.629039 0.328997 0.0142912
51 0.629039 0.334685 0.0142277
52 0.629039 0.34866 0.0163126
53 0.629039 0.346032 0.0145983
54 0.629039 0.346475 0.0169419
55 0.629039 0.351683 0.0163869
56 0.629039 0.337122 0.0134599
57 0.629039 0.36013 0.0182316
58 0.629039 0.352809 0.0177179
59 0.629039 0.35875 0.0153909
60 0.629039 0.337674 0.0144551
61 0.629039 0.33217 0.0145863
62 0.629039 0.339192 0.0155486
63 0.629039 0.335107 0.0160965
64 0.629039 0.339095 0.0162102
65 0.629039 0.334225 0.0147599
66 0.629039 0.31997 0.0164093
67 0.629039 0.339672 0.0168177
68 0.629039 0.332755 0.0160967
69 0.629039 0.350343 0.0150055
70 0.642944 0.355282 0.0170508
71 0.642944 0.335406 0.016825
72 0.642944 0.324963 0.014362
73 0.642944 0.349114 0.0167894
74 0.642944 0.35893 0.0176822
75 0.642944 0.335389 0.0158863
76 0.642944 0.338331 0.0162624
77 0.642944 0.336544 0.0162496
78 0.642944 0.322042 0.0161957
79 0.642944 0.33805 0.0166837
80 0.642944 0.351602 0.0161224
81 0.65781 0.358873 0.0159307
82 0.676011 0.344754 0.0163549
83 0.676011 0.33551 0.0152518
84 0.676011 0.348258 0.0180706
85 0.676011 0.334333 0.0176861
86 0.676011 0.34138 0.0173145
87 0.676011 0.341691 0.0153849
88 0.676011 0.34845 0.0184624
89 0.676011 0.33822 0.0184205
90 0.676011 0.345157 0.0178764
91 0.676011 0.35447 0.0172896
92 0.676011 0.352504 0.0190474
93 0.676011 0.346262 0.0179214
94 0.676011 0.343829 0.0188479
95 0.676011 0.330182 0.0181147
96 0.676011 0.349549 0.0189748
97 0.676011 0.357477 0.0223601
98 0.676011 0.339488 0.0197122
99 0.676011 0.333811 0.0198394
100 0.676011 0.329032 0.0175282
101 0.676011 0.348046 0.0193759
102 0.676011 0.349311 0.0208229
103 0.676011 0.350635 0.0201999
104 0.676011 0.357885 0.0213179
105 0.676011 0.358534 0.0186896
106 0.676011 0.361992 0.0201363
107 0.676011 0.341551 0.0184104
108 0.676011 0.364227 0.0197208
109 0.676011 0.354834 0.0219971
110 0.676011 0.328703 0.0206471
111 0.676011 0.333826 0.0173025
112 0.676011 0.329335 0.0189307
113 0.676011 0.33662 0.0202319
114 0.676011 0.35738 0.0208934
115 0.676011 0.340646 0.021247
116 0.676011 0.347036 0.022189
117 0.676011 0.349414 0.0192622
118 0.676011 0.350085 0.0200635
119 0.676011 0.362634 0.0200736
120 0.676011 0.369124 0.0203218
121 0.676011 0.34662 0.0196785
122 0.676011 0.351579 0.0201399
123 0.710001 0.361842 0.0207688
124 0.710001 0.354468 0.0195433
125 0.710001 0.345185 0.0174094
126 0.710001 0.357148 0.0180865
127 0.710001 0.349879 0.0198799
128 0.710001 0.352763 0.0214992
129 0.730165 0.365941 0.0239665
130 0.730165 0.355744 0.0220818
131 0.730165 0.371925 0.021668
132 0.730165 0.35864 0.0202762
133 0.730165 0.374603 0.0195764
134 0.730165 0.352392 0.0198158
135 0.730165 0.348817 0.0225612
136 0.730165 0.354367 0.0205336
137 0.730165 0.364532 0.0230766
138 0.730165 0.354685 0.0203176
139 0.741822 0.354244 0.0220807
140 0.741822 0.358925 0.0221601
141 0.741822 0.340631 0.0210837
142 0.741822 0.351081 0.0241551
143 0.741822 0.360908 0.0240524
144 0.741822 0.359858 0.024863
145 0.741822 0.345327 0.0239491
146 0.741822 0.356239 0.0256516
147 0.741822 0.335746 0.0217746
148 0.741822 0.336128 0.0205854
149 0.741822 0.339395 0.0253838
150 0.752488 0.34809 0.0271312
151 0.752488 0.353045 0.0273681
152 0.752488 0.343638 0.0300341
153 0.752488 0.332437 0.0264204
154 0.752488 0.332201 0.0255084
155 0.752488 0.333991 0.0248358
156 0.752488 0.329054 0.0226231
157 0.752488 0.346607 0.0267049
158 0.752488 0.333757 0.0255494
159 0.752488 0.325094 0.0244762
160 0.752488 0.336661 0.0233232
161 0.752488 0.345865 0.0266925
162 0.752488 0.345165 0.0277998
163 0.752488 0.328528 0.0253535
164 0.752488 0.334256 0.0280153
165 0.752488 0.342994 0.0268821
166 0.752488 0.339681 0.0262005
167 0.752488 0.328111 0.026092
168 0.752488 0.34891 0.0282684
169 0.752488 0.348377 0.0296985
170 0.752488 0.344825 0.0271179
171 0.752488 0.336378 0.0261789
172 0.752488 0.327301 0.0245973
173 0.752488 0.337727 0.026346
174 0.752488 0.342219 0.0260854
175 0.752488 0.358013 0.02958
176 0.752488 0.344414 0.0283567
177 0.752488 0.350087 0.0269894
178 0.752488 0.338264 0.0290774
179 0.752488 0.364963 0.0278508
180 0.752488 0.348793 0.0264967
181 0.752488 0.345522 0.0262359
182 0.752488 0.353381 0.0276715
183 0.752488 0.352366 0.0274367
184 0.752488 0.376365 0.0348494
185 0.752488 0.338994 0.030409
186 0.756662 0.356629 0.0325247
187 0.756662 0.38266 0.0345073
188 0.756662 0.360991 0.0283441
189 0.756662 0.353038 0.0283512
190 0.756662 0.345124 0.0317095
191 0.756662 0.341719 0.0370642
192 0.756662 0.372768 0.0305838
193 0.756662 0.368576 0.0343681
194 0.756662 0.383917 0.0388098
195 0.756662 0.374844 0.0353851
196 0.756662 0.377041 0.0336934
197 0.756662 0.346892 0.0286768
198 0.756662 0.356004 0.0277035
199 0.77083 0.370581 0.0293534
200 0.77083 0.366379 0.0310206
201 0.77083 0.368203 0.0274719
202 0.77083 0.34324 0.028534
203 0.77083 0.344105 0.0307671
204 0.77083 0.353548 0.0290271
205 0.77083 0.360549 0.0289513
206 0.77083 0.355853 0.0284666
207 0.77083 0.355451 0.0298129
208 0.77083 0.363693 0.0311743
209 0.77083 0.378081 0.0320183
210 0.77083 0.369685 0.0329727
211 0.77083 0.364972 0.0313673
212 0.77083 0.346167 0.0317894
213 0.77083 0.374348 0.0321976
214 0.77083 0.366501 0.0335738
215 0.77083 0.34585 0.0320203
216 0.77083 0.340252 0.0295928
217 0.77083 0.328407 0.0322268
218 0.77083 0.341975 0.0313322
219 0.77083 0.332176 0.0251401
220 0.77083 0.338429 0.0311986
221 0.77083 0.356753 0.0335958
222 0.77083 0.350922 0.0285628
223 0.77083 0.340589 0.0344193
224 0.77083 0.361205 0.0329689
225 0.77083 0.359549 0.0313607
226 0.77083 0.351574 0.0346733
227 0.77083 0.342588 0.0324268
228 0.77083 0.362666 0.0343767
229 0.77083 0.337908 0.029191
230 0.77083 0.329611 0.0271757
231 0.77083 0.360918 0.0275527
232 0.77083 0.368575 0.0320814
233 0.77083 0.352964 0.0319029
234 0.77083 0.334271 0.0347283
235 0.77083 0.360164 0.0333987
236 0.77083 0.358979 0.0346891
237 0.77083 0.352622 0.0335266
238 0.77083 0.352858 0.0303914
239 0.77083 0.359305 0.0316488
240 0.77083 0.351319 0.0315928
241 0.77083 0.344736 0.0320318
242 0.77083 0.355064 0.0321585
243 0.77083 0.363923 0.0340296
244 0.77083 0.358175 0.0351985
245 0.77083 0.337532 0.0290631
246 0.77083 0.351308 0.0323574
247 0.77083 0.345925 0.0320909
248 0.77083 0.343317 0.0327868
249 0.77083 0.333012 0.0293647
250 0.77083 0.352604 0.033211
251 0.77083 0.367811 0.0379673
252 0.77083 0.373935 0.0336455
253 0.77083 0.37665 0.0346136
254 0.77083 0.344743 0.0292187
255 0.77083 0.35543 0.0327249
256 0.77083 0.376678 0.0331964
257 0.77083 0.359635 0.0327369
258 0.77083 0.358525 0.0308599
259 0.77083 0.360549 0.0306129
260 0.77083 0.331351 0.034077
261 0.77083 0.33924 0.0341134
262 0.77083 0.354793 0.0340648
263 0.77083 0.377866 0.0339818
264 0.77083 0.372879 0.0350599
265 0.77083 0.34411 0.0343734
266 0.77083 0.367508 0.0332901
267 0.77083 0.356477 0.0312958
268 0.77083 0.376867 0.0356619
269 0.77083 0.362651 0.0319371
270 0.77083 0.359439 0.0342617
271 0.77083 0.358296 0.0342475
272 0.77083 0.364305 0.0308409
273 0.77083 0.342758 0.0318899
274 0.77083 0.361614 0.0310587
275 0.77083 0.37106 0.0335008
276 0.77083 0.349214 0.0321822
277 0.77083 0.356254 0.0300804
278 0.77083 0.361062 0.0352021
279 0.77083 0.358003 0.0325696
280 0.77083 0.369883 0.0383497
281 0.77083 0.359778 0.0310378
282 0.77083 0.344571 0.0310983
283 0.77083 0.366402 0.0404328
284 0.77083 0.38803 0.0352654
285 0.77083 0.374394 0.0328257
286 0.77083 0.343045 0.0303051
287 0.77083 0.374597 0.0335492
288 0.77083 0.348664 0.0359057
289 0.77083 0.371903 0.032715
290 0.77083 0.348326 0.0335841
291 0.77083 0.350782 0.0319509
292 0.77083 0.361216 0.0362066
293 0.77083 0.391875 0.0311195
294 0.77083 0.379741 0.0331864
295 0.77083 0.356244 0.0324983
296 0.77083 0.363133 0.0364073
297 0.77083 0.3603 0.0315827
298 0.77083 0.366647 0.030459
299 0.77083 0.380342 0.0337676
300 0.77083 0.368979 0.0276782
301 0.77083 0.370354 0.0332651
302 0.77083 0.356347 0.0332359
303 0.77083 0.358954 0.0355523
304 0.77083 0.367919 0.0367767
305 0.77083 0.362138 0.0350059
306 0.77083 0.370983 0.033218
307 0.77083 0.37237 0.0347969
308 0.77083 0.371911 0.0350895
309 0.77083 0.366062 0.0304439
310 0.77083 0.365475 0.0316406
311 0.77083 0.369295 0.0338106
312 0.77083 0.373064 0.0292662
313 0.77083 0.364852 0.0323279
314 0.77083 0.355619 0.0325221
315 0.77083 0.359661 0.0355316
316 0.77083 0.352586 0.0355196
317 0.77083 0.365925 0.0330452
318 0.77083 0.339836 0.0339863
319 0.77083 0.358846 0.0310987
320 0.77083 0.339074 0.0293216
321 0.77083 0.35458 0.0290777
322 0.77083 0.36717 0.0267719
323 0.77083 0.361156 0.0303712
324 0.77083 0.345108 0.028488
325 0.77083 0.351129 0.0312051
326 0.77083 0.364541 0.0339759
327 0.77083 0.352671 0.0336372
328 0.77083 0.346685 0.0352232
329 0.77083 0.353836 0.0364784
330 0.77083 0.379639 0.0372645
331 0.77083 0.369813 0.0313974
332 0.77083 0.364414 0.0367097
333 0.77083 0.365841 0.034933
334 0.77083 0.365556 0.0363608
335 0.77083 0.350533 0.0327232
336 0.77083 0.374021 0.0348099
337 0.77083 0.376478 0.0305633
338 0.77083 0.355362 0.0331126
339 0.77083 0.359587 0.0325255
340 0.77083 0.361104 0.0306172
341 0.77083 0.343124 0.0320869
342 0.77083 0.365601 0.0321768
343 0.77083 0.364286 0.033264
344 0.77083 0.370392 0.0334673
345 0.773128 0.356846 0.0350624
346 0.773128 0.346913 0.0329766
347 0.773128 0.328466 0.0301862
348 0.773128 0.335373 0.028973
349 0.773128 0.348651 0.0302401
350 0.773128 0.356716 0.0335502
351 0.773128 0.374905 0.0348194
352 0.773128 0.357353 0.0359093
353 0.773128 0.357898 0.0296247
354 0.773128 0.344659 0.03103
355 0.773128 0.3631 0.0316626
356 0.773128 0.358982 0.0312273
357 0.773128 0.353839 0.0303446
358 0.773128 0.358403 0.0369508
359 0.773128 0.33303 0.0325436
360 0.773128 0.363244 0.0368978
361 0.773128 0.368689 0.0360157
362 0.773128 0.346089 0.0326752
363 0.773128 0.340456 0.0327421
364 0.773128 0.358643 0.0321666
365 0.773128 0.372077 0.0348242
366 0.774295 0.35645 0.0388273
367 0.774295 0.37371 0.0345351
368 0.774295 0.339596 0.0343644
369 0.774295 0.325858 0.0296018
370 0.774295 0.35394 0.0288823
371 0.774295 0.354968 0.0329511
372 0.774295 0.345199 0.0327353
373 0.774295 0.347692 0.0367758
374 0.774295 0.334714 0.0306838
375 0.774295 0.381376 0.034707
376 0.774295 0.368734 0.0316519
377 0.774295 0.381334 0.0319677
378 0.774295 0.353484 0.0330838
379 0.774295 0.358086 0.0276827
380 0.774295 0.365232 0.0333061
381 0.774295 0.347305 0.0284643
382 0.774295 0.34897 0.0315975
383 0.774295 0.356885 0.0320131
384 0.774295 0.38354 0.032487
385 0.774295 0.371164 0.0325668
386 0.774295 0.358477 0.0338945
387 0.774295 0.376604 0.0352899
388 0.774295 0.371096 0.0356937
389 0.774295 0.354943 0.0328508
390 0.774295 0.355024 0.0389591
391 0.774295 0.345233 0.0329639
392 0.774295 0.332869 0.0314228
393 0.774295 0.343794 0.0363333
394 0.774295 0.346562 0.0308514
395 0.774295 0.364116 0.0357198
396 0.774295 0.361773 0.0335852
397 0.774295 0.357989 0.0314791
398 0.774295 0.346049 0.0299244
399 0.774295 0.359987 0.0294007
400 0.774295 0.37536 0.0362095
401 0.774295 0.382634 0.039682
402 0.774295 0.377695 0.0316412
403 0.774295 0.369415 0.0309956
404 0.774295 0.376709 0.0318228
405 0.774295 0.383038 0.0347654
406 0.774295 0.375041 0.0342221
407 0.774295 0.388706 0.0345962
408 0.774295 0.368301 0.0328256
409 0.774295 0.372161 0.0342656
410 0.774295 0.360272 0.0372925
411 0.774295 0.361258 0.0342194
412 0.774295 0.386935 0.0370923
413 0.774295 0.361959 0.0311141
414 0.774295 0.358332 0.035525
415 0.774295 0.362077 0.0336711
416 0.774295 0.376345 0.0334781
417 0.774295 0.375218 0.0343625
418 0.774295 0.384107 0.0362951
419 0.774295 0.362548 0.0309965
420 0.774295 0.333959 0.0288681
421 0.774295 0.353397 0.0295141
422 0.774295 0.353489 0.0371283
423 0.774295 0.349524 0.0344236
424 0.774295 0.354137 0.0290201
425 0.774295 0.370254 0.0359828
426 0.774295 0.367453 0.0335981
427 0.774295 0.35627 0.0320498
428 0.774295 0.364396 0.0300558
429 0.774295 0.386187 0.0343955
430 0.774295 0.373683 0.0361976
431 0.777064 0.382454 0.0376372
432 0.777064 0.372394 0.0334685
433 0.777064 0.365671 0.0340762
434 0.777064 0.35423 0.039181
435 0.777064 0.369231 0.0339453
436 0.777064 0.357763 0.0288537
437 0.777064 0.36482 0.0298448
438 0.777064 0.360249 0.0355583
439 0.777064 0.379983 0.0301082
440 0.777064 0.363943 0.0348753
441 0.777064 0.385802 0.0365272
442 0.777064 0.388819 0.0350947
443 0.777064 0.368912 0.0346885
444 0.777064 0.361424 0.033524
445 0.777064 0.361058 0.0316874
446 0.777064 0.378042 0.0368723
447 0.777064 0.381348 0.0369216
448 0.777064 0.36441 0.034177
449 0.777064 0.366452 0.0349545
450 0.777064 0.377097 0.0375636
451 0.777064 0.383334 0.0351608
452 0.777064 0.379371 0.0363936
453 0.777064 0.361294 0.0349306
454 0.777064 0.375055 0.0320382
455 0.777064 0.358319 0.0312619
456 0.777064 0.355227 0.0312693
457 0.777064 0.357639 0.0306021
458 0.777064 0.373502 0.0356577
459 0.777064 0.375652 0.0344121
460 0.777064 0.347274 0.0332106
461 0.777064 0.358137 0.0341727
462 0.777064 0.370535 0.0307454
463 0.777064 0.381785 0.032823
464 0.777064 0.351318 0.0329715
465 0.777064 0.355445 0.0341193
466 0.777064 0.367682 0.0315929
467 0.777064 0.37256 0.0334865
468 0.777064 0.367026 0.0345223
469 0.777064 0.359401 0.0325026
470 0.777064 0.356916 0.0326392
471 0.777064 0.370827 0.0330776
472 0.777064 0.366431 0.0322311
473 0.777975 0.360171 0.0384246
474 0.777975 0.344569 0.0312079
475 0.777975 0.348782 0.032815
476 0.777975 0.357686 0.030637
477 0.777975 0.363252 0.0346879
478 0.777975 0.361492 0.0278441
479 0.777975 0.370759 0.0321767
480 0.777975 0.349506 0.0330276
481 0.777975 0.349513 0.0357328
482 0.777975 0.37778 0.0331936
483 0.777975 0.378102 0.0351389
484 0.777975 0.375572 0.0400024
485 0.777975 0.373416 0.0334076
486 0.777975 0.379132 0.0313919
487 0.777975 0.357507 0.0269345
488 0.777975 0.358463 0.0291711
489 0.777975 0.380046 0.0377453
490 0.777975 0.380444 0.0346292
491 0.777975 0.373647 0.0348429
492 0.777975 0.388346 0.0344945
493 0.777975 0.368412 0.0335179
494 0.777975 0.365678 0.0333579
495 0.777975 0.358581 0.0325627
496 0.777975 0.355187 0.0310346
497 0.777975 0.347279 0.0307906
498 0.777975 0.36614 0.0338608
499 0.77916 0.367475 0.0313209
500 0.77916 0.372128 0.0354976
501 0.77916 0.343404 0.0342222
502 0.77916 0.359676 0.0314765
503 0.77916 0.343972 0.0322502
504 0.77916 0.326161 0.0354988
505 0.77916 0.331155 0.0331456
506 0.77916 0.34034 0.03532
507 0.77916 0.332591 0.0310362
508 0.77916 0.339152 0.0326835
509 0.77916 0.344321 0.03279
510 0.77916 0.333449 0.0312874
511 0.77916 0.341469 0.0318593
512 0.77916 0.3539 0.0330675
513 0.77916 0.346604 0.0328837
514 0.77916 0.350177 0.0339474
515 0.77916 0.323078 0.0361734
516 0.77916 0.341718 0.0344938
517 0.77916 0.335506 0.0323291
518 0.77916 0.338939 0.033323
519 0.77916 0.369136 0.0373802
520 0.77916 0.350508 0.0307793
521 0.77916 0.3602 0.0355745
522 0.77916 0.348824 0.0348743
523 0.77916 0.346132 0.0342637
524 0.77916 0.372021 0.0368554
525 0.77916 0.376942 0.037919
526 0.77916 0.365331 0.0334442
527 0.77916 0.375314 0.0375499
528 0.77916 0.366271 0.0317715
529 0.77916 0.376547 0.0333647
530 0.77916 0.362792 0.031949
531 0.77916 0.344369 0.0315709
532 0.77916 0.353204 0.0298866
533 0.77916 0.366269 0.031978
534 0.77916 0.378517 0.0364504
535 0.77916 0.371475 0.0335948
536 0.77916 0.358537 0.0317774
537 0.77916 0.35685 0.0319202
538 0.77916 0.361379 0.0298351
539 0.77916 0.368072 0.0342072
540 0.77916 0.35189 0.0321815
541 0.77916 0.357003 0.0318485
542 0.77916 0.368723 0.0335193
543 0.77916 0.354524 0.0314526
544 0.77916 0.3684 0.0338181
545 0.77916 0.358305 0.0403961
546 0.77916 0.36888 0.0335301
547 0.77916 0.371001 0.0310505
548 0.77916 0.373992 0.0326462
549 0.77916 0.351641 0.0326997
550 0.77916 0.362267 0.0342559
551 0.77916 0.350198 0.0321649
552 0.77916 0.370278 0.0308664
553 0.77916 0.386292 0.0359121
554 0.77916 0.355568 0.0317429
555 0.77916 0.371987 0.0337098
556 0.77916 0.372076 0.0366114
557 0.77916 0.342711 0.0338183
558 0.77916 0.363926 0.0307673
559 0.77916 0.367483 0.0337433
560 0.77916 0.36855 0.0324931
561 0.77916 0.380262 0.0351481
562 0.77916 0.354714 0.0298003
563 0.77916 0.353613 0.0336451
564 0.779732 0.374798 0.0367163
565 0.779732 0.376036 0.0376095
566 0.779732 0.373141 0.0377619
567 0.779732 0.370814 0.0381296
568 0.779732 0.343006 0.032622
569 0.779732 0.363399 0.0331867
570 0.779732 0.347235 0.0293014
571 0.779732 0.349217 0.0311033
572 0.779732 0.368238 0.0393638
573 0.779732 0.379258 0.0352769
574 0.779732 0.365627 0.0332004
575 0.779732 0.350798 0.0356092
576 0.779732 0.359393 0.0329733
577 0.779732 0.351883 0.0321794
578 0.779732 0.362795 0.0364281
579 0.779732 0.393725 0.0381904
580 0.779732 0.370898 0.0365775
581 0.779732 0.348624 0.0319557
582 0.779732 0.357423 0.0322804
583 0.779732 0.382947 0.037972
584 0.779732 0.371833 0.0342573
585 0.779732 0.390392 0.0401693
586 0.779732 0.385122 0.0342951
587 0.779732 0.374385 0.0331752
588 0.779732 0.347452 0.0336142
589 0.779732 0.368401 0.0353635
590 0.779732 0.391093 0.0333018
591 0.779732 0.379326 0.0408055
592 0.779732 0.361391 0.0380256
593 0.779732 0.372595 0.0356428
594 0.779732 0.344973 0.0324604
595 0.779732 0.371578 0.0354992
596 0.779732 0.362634 0.0342048
597 0.779732 0.356101 0.0392111
598 0.779732 0.378228 0.0361997
599 0.779732 0.387603 0.037547
600 0.779732 0.361792 0.0337544
601 0.779732 0.35911 0.0388289
602 0.779732 0.345554 0.0308897
603 0.779732 0.33888 0.0328999
604 0.779732 0.348771 0.0372376
605 0.779732 0.368513 0.0361418
606 0.779732 0.350461 0.0359884
607 0.779732 0.367144 0.0335357
608 0.779732 0.347531 0.0323778
609 0.779732 0.33048 0.0358825
610 0.779732 0.355651 0.034209
611 0.779732 0.356403 0.0318237
612 0.779732 0.363061 0.0327137
613 0.779732 0.371206 0.0347081
614 0.779732 0.366455 0.0337507
615 0.779732 0.337018 0.0342416
616 0.779732 0.356537 0.0301678
617 0.779732 0.361779 0.0334532
618 0.779732 0.355876 0.0332726
619 0.779732 0.368613 0.0305744
620 0.779732 0.359266 0.0311978
621 0.779732 0.343959 0.0320157
622 0.779732 0.355255 0.0352698
623 0.779732 0.367166 0.036693
624 0.779732 0.382617 0.0379396
625 0.779732 0.365299 0.0349502
626 0.779732 0.378277 0.0335523
627 0.779732 0.350354 0.0312561
628 0.779732 0.353092 0.0331893
629 0.779732 0.362575 0.0353576
630 0.779732 0.363353 0.0357328
631 0.779732 0.385963 0.0357726
632 0.779732 0.376927 0.0361931
633 0.779732 0.359176 0.034297
634 0.779732 0.352091 0.0368202
635 0.779732 0.355496 0.0340462
636 0.779732 0.335848 0.0315763
637 0.779732 0.361648 0.0375889
638 0.779732 0.349538 0.0321563
639 0.779732 0.367466 0.0305061
640 0.779732 0.348039 0.0306398
641 0.779732 0.360385 0.0322787
642 0.779732 0.361312 0.0361564
643 0.779732 0.361685 0.0345821
644 0.779732 0.353317 0.0385149
645 0.779732 0.37575 0.0378379
646 0.779732 0.346596 0.0337482
647 0.779732 0.353274 0.0353072
648 0.779732 0.342432 0.0352419
649 0.779732 0.357261 0.0337985
650 0.779732 0.373587 0.0345387
651 0.779732 0.372869 0.0394309
652 0.779732 0.356901 0.0292839
653 0.779732 0.361287 0.0328887
654 0.779732 0.358858 0.0293994
655 0.779732 0.371765 0.0321026
656 0.779732 0.380764 0.0352878
657 0.779732 0.355603 0.0348552
658 0.779732 0.349387 0.0378819
659 0.779732 0.346868 0.0332221
660 0.779732 0.342057 0.0322872
661 0.779732 0.369199 0.0363581
662 0.779732 0.38046 0.0360655
663 0.779732 0.370887 0.0355645
664 0.779732 0.402159 0.0393739
665 0.779732 0.381003 0.0367035
666 0.779732 0.32714 0.0356435
667 0.779732 0.367132 0.0327192
668 0.779732 0.362062 0.0354204
669 0.779732 0.350168 0.0322903
670 0.779732 0.38055 0.0311421
671 0.779732 0.381513 0.0356472
672 0.779732 0.394003 0.0362759
673 0.779732 0.382016 0.0372524
674 0.779732 0.377323 0.0337193
675 0.779732 0.381345 0.0396638
676 0.779732 0.364174 0.0339395
677 0.779732 0.357257 0.0306894
678 0.779732 0.364031 0.0325511
679 0.779732 0.369692 0.0341889
680 0.779732 0.363098 0.0322104
681 0.779732 0.386165 0.0327503
682 0.779732 0.356176 0.0314991
683 0.779732 0.358605 0.0323106
684 0.779732 0.358019 0.033309
685 0.779732 0.366918 0.0354328
686 0.779732 0.360728 0.0358666
687 0.779732 0.371244 0.0380567
688 0.779732 0.383359 0.0337016
689 0.779732 0.378276 0.0352945
690 0.779732 0.365713 0.0338977
691 0.779732 0.364105 0.035041
692 0.779732 0.370263 0.0304838
693 0.779732 0.345674 0.0308462
694 0.779732 0.343274 0.0311874
695 0.779732 0.347403 0.0311013
696 0.779732 0.336962 0.0309097
697 0.779732 0.355651 0.0336006
698 0.779732 0.34922 0.0316381
699 0.779732 0.339636 0.034621
700 0.779732 0.36323 0.0371621
701 0.779732 0.358739 0.0385781
702 0.779732 0.344151 0.0337057
703 0.779732 0.357294 0.035575
704 0.779732 0.366385 0.0314915
705 0.779732 0.368334 0.0370517
706 0.779732 0.360549 0.0325941
707 0.779732 0.351374 0.0302838
708 0.779732 0.358666 0.0360991
709 0.779732 0.343691 0.0348125
710 0.779732 0.36928 0.0349831
711 0.779732 0.360177 0.029421
712 0.779732 0.353069 0.0346599
713 0.779732 0.366108 0.0345034
714 0.781245 0.366833 0.0363132
715 0.781245 0.371907 0.0361462
716 0.781245 0.355087 0.0336053
717 0.781245 0.379862 0.0372723
718 0.781245 0.363781 0.0339707
719 0.781245 0.36616 0.035958
720 0.781245 0.357683 0.033328
721 0.781245 0.347679 0.035888
722 0.781245 0.35252 0.0364029
723 0.781245 0.353871 0.0343602
724 0.781245 0.33935 0.0334584
725 0.781245 0.360912 0.0323647
726 0.781245 0.361828 0.0355247
727 0.781245 0.350525 0.0345173
728 0.781245 0.364544 0.0393677
729 0.781245 0.377871 0.0363481
730 0.781245 0.358901 0.0320184
731 0.781245 0.36812 0.0354057
732 0.781245 0.378721 0.0385334
733 0.781245 0.358856 0.0367578
734 0.781245 0.375739 0.0382209
735 0.781245 0.359686 0.0334775
736 0.781245 0.390545 0.0349882
737 0.781245 0.361698 0.0320844
738 0.781245 0.364691 0.0357912
739 0.781245 0.365824 0.031373
740 0.781245 0.352053 0.0321322
741 0.781245 0.370346 0.0372819
742 0.781245 0.381895 0.0374039
743 0.781245 0.369919 0.0305218
744 0.781245 0.364611 0.0329005
745 0.781245 0.356128 0.034109
746 0.781245 0.351994 0.0341023
747 0.781245 0.37084 0.0334091
748 0.781245 0.342964 0.0291147
749 0.781245 0.349366 0.0301914
750 0.781245 0.364986 0.0339111
751 0.781245 0.368566 0.0322153
752 0.781245 0.342964 0.0335035
753 0.781245 0.340438 0.0341459
754 0.781245 0.357901 0.0270643
755 0.781245 0.35899 0.0324852
756 0.781245 0.371781 0.0349932
757 0.781245 0.349417 0.0331686
758 0.781245 0.344351 0.0343137
759 0.781245 0.347826 0.0350072
760 0.781245 0.333599 0.0330769
761 0.781245 0.359232 0.0350886
762 0.781245 0.35692 0.0375835
763 0.781245 0.377518 0.0374494
764 0.781245 0.357545 0.0333558
765 0.781245 0.366484 0.0354272
766 0.781245 0.373699 0.0361
767 0.781245 0.379883 0.0414408
768 0.781245 0.364571 0.0357012
769 0.781245 0.366877 0.0328329
770 0.781245 0.356785 0.029754
771 0.781245 0.358109 0.0352953
772 0.781245 0.386487 0.035927
773 0.781245 0.369291 0.0313488
774 0.781245 0.363711 0.035024
775 0.781245 0.363224 0.0311121
776 0.781245 0.345905 0.0319086
777 0.781245 0.358937 0.0336719
778 0.781245 0.346681 0.0361061
779 0.781245 0.354164 0.0357448
780 0.781245 0.353516 0.0326
781 0.781245 0.36871 0.0300057
782 0.781245 0.378245 0.0345276
783 0.781245 0.355011 0.0339832
784 0.781245 0.372212 0.0342231
785 0.781245 0.360626 0.0370947
786 0.781245 0.334694 0.0357119
787 0.781245 0.350555 0.0318127
788 0.781245 0.358403 0.0373238
789 0.781245 0.352236 0.0352838
790 0.781245 0.3692 0.0298681
791 0.781245 0.358596 0.0332851
792 0.781245 0.362976 0.0330341
793 0.781245 0.378388 0.0382277
794 0.781245 0.368937 0.0336695
795 0.781245 0.367989 0.0319598
796 0.781245 0.3427 0.0304109
797 0.781245 0.356484 0.0331066
798 0.781245 0.345073 0.0294172
799 0.781245 0.348206 0.0345806
800 0.781245 0.326525 0.0357732
801 0.781245 0.355635 0.0333639
802 0.781245 0.363192 0.0342859
803 0.781245 0.353543 0.0320605
804 0.781245 0.347572 0.0319786
805 0.781245 0.367378 0.0377287
806 0.781245 0.345312 0.0332211
807 0.781247 0.369527 0.0405941
808 0.781247 0.369235 0.0383332
809 0.781247 0.349431 0.0346176
810 0.781247 0.366398 0.0374971
811 0.781247 0.361198 0.0359422
812 0.781247 0.342822 0.0330691
813 0.781247 0.37204 0.0358699
814 0.781247 0.370278 0.0364682
815 0.781247 0.388993 0.0348669
816 0.781247 0.403437 0.0356583
817 0.781247 0.392985 0.0365953
818 0.781247 0.37475 0.037504
819 0.781247 0.357486 0.0342234
820 0.781247 0.397928 0.0326692
821 0.781247 0.364317 0.0367679
822 0.781247 0.377663 0.0369657
823 0.781247 0.35643 0.0343555
824 0.781247 0.345986 0.0316008
825 0.781247 0.356174 0.0336112
826 0.781247 0.329171 0.0318865
827 0.781247 0.352247 0.0317199
828 0.781247 0.373383 0.0330457
829 0.781247 0.362026 0.0292627
830 0.781247 0.365201 0.03259
831 0.781247 0.366012 0.0329035
832 0.781247 0.362808 0.0357978
833 0.781247 0.36844 0.0356601
834 0.781247 0.365608 0.0324318
835 0.781247 0.37157 0.0339412
836 0.781247 0.348448 0.0312403
837 0.781247 0.357923 0.0342141
838 0.781247 0.367693 0.0358017
839 0.781247 0.384093 0.0331005
840 0.781247 0.365397 0.031106
841 0.781247 0.370776 0.0338387
842 0.781247 0.363757 0.03553
843 0.781247 0.37594 0.0365687
844 0.781247 0.356603 0.0357598
845 0.781247 0.367127 0.0316045
846 0.781247 0.344627 0.0354126
847 0.781247 0.36977 0.0360137
848 0.781247 0.363934 0.0349371
849 0.781247 0.332905 0.0303554
850 0.781247 0.360575 0.0324758
851 0.781247 0.357892 0.0328492
852 0.781247 0.370336 0.0361785
853 0.781247 0.354898 0.0308785
854 0.781247 0.369285 0.0325872
855 0.781247 0.371116 0.0324941
856 0.781247 0.356512 0.0355648
857 0.781247 0.378037 0.0374753
858 0.781247 0.369906 0.0337738
859 0.781247 0.337147 0.0291617
860 0.781247 0.362795 0.0330679
861 0.781247 0.357248 0.0278639
862 0.781247 0.345182 0.032237
863 0.781247 0.369129 0.0342608
864 0.781247 0.390269 0.0381692
865 0.781247 0.369994 0.0316564
866 0.781247 0.376893 0.034106
867 0.781247 0.347754 0.03139
868 0.781247 0.341394 0.0337355
869 0.781247 0.3418 0.0320674
870 0.781247 0.372366 0.0343677
871 0.781247 0.358639 0.0351051
872 0.781247 0.353709 0.0308436
873 0.781247 0.349645 0.0277301
874 0.781247 0.358497 0.0312574
875 0.781247 0.371171 0.0330969
876 0.781247 0.377744 0.0372695
877 0.781247 0.382566 0.0374207
878 0.781247 0.369302 0.037789
879 0.781247 0.368714 0.0393923
880 0.781247 0.357348 0.0303757
881 0.781247 0.365027 0.030713
882 0.781247 0.386177 0.0334907
883 0.781247 0.363144 0.0357086
884 0.781247 0.366318 0.0344534
885 0.781247 0.384304 0.0359055
886 0.781247 0.358226 0.0374799
887 0.781247 0.373569 0.0318942
888 0.781247 0.36706 0.033091
889 0.781247 0.361535 0.0331891
890 0.781247 0.374973 0.0368508
891 0.781247 0.378207 0.0347574
892 0.781247 0.380111 0.0391403
893 0.781247 0.384844 0.034277
894 0.781247 0.352336 0.0371688
895 0.781247 0.348754 0.0312381
896 0.781247 0.355334 0.0348993
897 0.781247 0.358432 0.0335663
898 0.781247 0.359798 0.0373221
899 0.781247 0.365589 0.0333537
900 0.781247 0.371514 0.0385743
901 0.781247 0.370547 0.0330738
902 0.781247 0.37711 0.0317554
903 0.781247 0.35773 0.0320148
904 0.781247 0.360044 0.0323788
905 0.781247 0.351835 0.034135
906 0.781247 0.375649 0.0341776
907 0.781247 0.347958 0.0339202
908 0.781247 0.357759 0.0350688
909 0.781247 0.350821 0.0319864
910 0.781247 0.347231 0.0332076
911 0.781247 0.348244 0.0285894
912 0.781247 0.363933 0.034251
913 0.781247 0.397315 0.0342622
914 0.781247 0.371182 0.033724
915 0.781247 0.367486 0.0285671
916 0.781247 0.382418 0.0338067
917 0.781247 0.370183 0.0310493
918 0.781247 0.382607 0.0335145
919 0.781247 0.378671 0.0314746
920 0.781247 0.356696 0.0329039
921 0.781247 0.350715 0.0336909
922 0.781247 0.363381 0.0341452
923 0.781247 0.350394 0.0327551
924 0.781247 0.356718 0.0335391
925 0.781247 0.360419 0.0308054
926 0.781247 0.361006 0.0348663
927 0.781247 0.365542 0.0349439
928 0.781247 0.379209 0.0319246
929 0.781247 0.364354 0.032636
930 0.781247 0.38 0.0377684
931 0.781247 0.37687 0.033535
932 0.781247 0.347294 0.0305101
933 0.781247 0.367454 0.0339656
934 0.781247 0.364472 0.0329652
935 0.781247 0.354777 0.0372109
936 0.781247 0.397488 0.0341787
937 0.781247 0.386577 0.0368632
938 0.781247 0.367506 0.0339142
939 0.781247 0.353696 0.0383371
940 0.781247 0.364311 0.033661
941 0.781247 0.371063 0.0389811
942 0.781247 0.357936 0.0355588
943 0.781247 0.36248 0.031651
944 0.781247 0.370153 0.0343059
945 0.781247 0.398384 0.0362103
946 0.781247 0.358054 0.0352625
947 0.781247 0.354527 0.0369073
948 0.781247 0.371174 0.0362783
949 0.781247 0.364424 0.0353088
950 0.781247 0.354383 0.0329848
951 0.781247 0.355531 0.031111
952 0.781247 0.345115 0.0337857
953 0.781247 0.344119 0.0297007
954 0.781247 0.370922 0.0347991
955 0.781247 0.372162 0.0356172
956 0.781247 0.345759 0.032285
957 0.781247 0.348212 0.0299542
958 0.781247 0.367727 0.0324585
959 0.781247 0.385506 0.0369374
960 0.781247 0.356271 0.0365809
961 0.781247 0.363591 0.0367851
962 0.781247 0.368187 0.0344435
963 0.781247 0.364558 0.0321847
964 0.781247 0.361207 0.0350255
965 0.781247 0.36215 0.0340657
966 0.781247 0.358837 0.0328058
967 0.781247 0.361771 0.0348024
968 0.781247 0.344761 0.0310257
969 0.781247 0.35231 0.0323036
970 0.781247 0.369092 0.0327167
971 0.781247 0.365498 0.0341224
972 0.781247 0.358755 0.0370715
973 0.781247 0.3687 0.0336746
974 0.781247 0.363191 0.0306933
975 0.781247 0.364012 0.0355487
976 0.781247 0.363375 0.0339731
977 0.781247 0.364829 0.0352366
978 0.781247 0.335682 0.0353052
979 0.781247 0.349171 0.0347103
980 0.781247 0.361251 0.0305802
981 0.781247 0.364955 0.0334878
982 0.781247 0.360504 0.0296334
983 0.781247 0.358285 0.0317849
984 0.781247 0.378465 0.0366334
985 0.781247 0.348293 0.0326276
986 0.781247 0.349544 0.0334043
987 0.781247 0.349725 0.0335705
988 0.781247 0.3785 0.0350655
989 0.781247 0.355502 0.0330868
990 0.781247 0.364038 0.0343822
991 0.781247 0.355674 0.0304692
992 0.781247 0.37012 0.031316
993 0.781247 0.33978 0.032126
994 0.781247 0.343022 0.0347144
995 0.781247 0.361585 0.0353968
996 0.781247 0.35757 0.0340542
997 0.781247 0.345623 0.0337132
998 0.781247 0.34472 0.0315591
999 0.781247 0.322469 0.0287224
1000 0.781247 0.34089 0.0305117
