0 0.535649 0.498989 0.000101184
1 0.544218 0.500565 0.000173117
2 0.545382 0.501667 0.000472278
3 0.705147 0.50654 0.00186753
4 0.705147 0.501419 0.00308684
5 0.790395 0.512618 0.00342441
6 0.790395 0.519994 0.00306298
7 0.831024 0.521437 0.00443945
8 0.831024 0.533629 0.00583618
9 0.831024 0.533733 0.00616969
10 0.831024 0.540136 0.00782272
11 0.844163 0.54967 0.00998574
12 0.882308 0.557981 0.0131658
13 0.882308 0.574887 0.0157784
14 0.882308 0.57843 0.0182448
15 0.882308 0.572694 0.0178619
16 0.882308 0.565614 0.0175784
17 0.892488 0.577806 0.0219642
18 0.920699 0.584921 0.0219079
19 0.920699 0.585567 0.0231716
20 0.998482 0.580792 0.0253174
21 0.998482 0.58419 0.0244473
22 0.998482 0.609235 0.0325348
23 0.998482 0.614242 0.0360015
24 0.998482 0.630788 0.0366796
25 0.998482 0.597821 0.0398837
26 0.998482 0.598896 0.0372691
27 0.998482 0.60355 0.0366258
28 0.9986 0.631665 0.0443519
29 0.9986 0.65981 0.0451047
30 0.9986 0.687285 0.0502374
31 0.998831 0.690273 0.0525635
32 0.998949 0.669244 0.0507848
33 0.998949 0.667438 0.0469668
34 0.998949 0.660129 0.045847
35 0.998949 0.67017 0.0440598
36 0.998949 0.691261 0.0463137
37 0.998949 0.70872 0.050227
38 0.998949 0.699164 0.0504643
39 0.998949 0.717433 0.0471947
40 0.998949 0.718071 0.0471685
41 0.998949 0.755115 0.0437388
42 0.998983 0.78579 0.0400702
43 0.998997 0.796681 0.0388086
44 0.999012 0.769333 0.041842
45 0.999127 0.778448 0.0406828
46 0.999127 0.819291 0.0355873
47 0.999127 0.843034 0.0302044
48 0.999127 0.860699 0.0231125
49 0.999127 0.883159 0.0192907
50 0.999127 0.868269 0.0217392
51 0.999127 0.8636 0.0209145
52 0.999127 0.86261 0.0198932
53 0.999127 0.871785 0.0195928
54 0.999127 0.857614 0.0250017
55 0.999127 0.855993 0.0203491
56 0.999127 0.883473 0.0171406
57 0.999127 0.866192 0.0236881
58 0.999127 0.85556 0.0276447
59 0.999127 0.861057 0.0204203
60 0.999127 0.862834 0.0199789
61 0.999146 0.833768 0.0264279
62 0.999146 0.844277 0.0278506
63 0.999146 0.826099 0.0297759
64 0.999146 0.821946 0.0313093
65 0.999354 0.844825 0.024782
66 0.999354 0.865299 0.0217534
67 0.999354 0.865673 0.0199201
68 0.999354 0.871739 0.0218711
69 0.999354 0.881494 0.0194365
70 0.999354 0.883747 0.0186252
71 0.999354 0.904531 0.0138148
72 0.999354 0.900791 0.0117524
73 0.999354 0.896502 0.00899598
74 0.999354 0.891699 0.0113242
75 0.999354 0.895238 0.0143943
76 0.999522 0.877301 0.0166264
77 0.999522 0.881232 0.0136432
78 0.999522 0.893776 0.0143904
79 0.999522 0.896769 0.0161132
80 0.999522 0.903146 0.0176496
81 0.999522 0.912079 0.0104514
82 0.999522 0.874337 0.0187984
83 0.999522 0.888119 0.0160939
84 0.999522 0.886346 0.0144223
85 0.999522 0.888855 0.012867
86 0.999522 0.893165 0.0124935
87 0.999522 0.895887 0.0128677
88 0.999522 0.888232 0.0152079
89 0.999522 0.885649 0.0154974
90 0.999522 0.870308 0.0172313
91 0.999522 0.888255 0.0181138
92 0.999522 0.878425 0.0200066
93 0.999522 0.887505 0.0196577
94 0.999522 0.88923 0.0168355
95 0.999522 0.900036 0.0141046
96 0.999522 0.895164 0.0119267
97 0.999522 0.88514 0.0174497
98 0.999522 0.888415 0.0153619
99 0.999522 0.889805 0.0155855
100 0.999522 0.884257 0.0194758
101 0.999522 0.899828 0.0160181
102 0.999522 0.902459 0.0160043
103 0.999522 0.898347 0.0133486
104 0.999522 0.9047 0.0125026
105 0.999553 0.900548 0.0111512
106 0.999553 0.893996 0.0129558
107 0.999553 0.885666 0.0177846
108 0.999553 0.883483 0.0187741
109 0.999553 0.888935 0.0165853
110 0.999553 0.896485 0.0139492
111 0.999553 0.887379 0.0166429
112 0.999553 0.885252 0.0161765
113 0.999553 0.852083 0.0261206
114 0.999553 0.867272 0.0225832
115 0.999553 0.888039 0.019002
116 0.999553 0.903501 0.0116633
117 0.999553 0.892227 0.0129429
118 0.999553 0.904915 0.0100961
119 0.999553 0.892127 0.0151253
120 0.999553 0.881579 0.0179006
121 0.999553 0.874821 0.0178987
122 0.999553 0.869207 0.0229049
123 0.999553 0.867721 0.024931
124 0.999553 0.863059 0.0248291
125 0.999553 0.870099 0.0233726
126 0.999553 0.875664 0.0228479
127 0.999553 0.886518 0.0209518
128 0.999553 0.887137 0.0187951
129 0.999553 0.893869 0.0182841
130 0.999553 0.89043 0.0213799
131 0.999553 0.865403 0.0267644
132 0.999553 0.863574 0.0266801
133 0.999553 0.896824 0.0223283
134 0.999553 0.889915 0.0206575
135 0.999553 0.896524 0.01955
136 0.999553 0.875824 0.0248537
137 0.999553 0.865494 0.0234867
138 0.999553 0.858822 0.0217097
139 0.999553 0.86847 0.0212283
140 0.999575 0.868141 0.0233756
141 0.999575 0.87671 0.026181
142 0.999575 0.861706 0.0275562
143 0.999575 0.87851 0.0221093
144 0.999575 0.854182 0.0277606
145 0.999575 0.865808 0.023852
146 0.999575 0.859724 0.0251606
147 0.999575 0.857201 0.0251624
148 0.999575 0.874928 0.0228246
149 0.999575 0.871253 0.0168829
150 0.999575 0.87838 0.0168255
151 0.999575 0.879382 0.0137047
152 0.999575 0.882156 0.0176232
153 0.999575 0.901116 0.0146681
154 0.999575 0.894929 0.0125953
155 0.999575 0.888514 0.0204148
156 0.999575 0.89057 0.0195678
157 0.999575 0.901052 0.0154562
158 0.999575 0.907387 0.0138917
159 0.999575 0.911955 0.0103128
160 0.999575 0.905018 0.0150736
161 0.999575 0.895028 0.0176341
162 0.999575 0.866181 0.0235054
163 0.999575 0.878373 0.020571
164 0.999575 0.878284 0.0203605
165 0.999575 0.886468 0.0190637
166 0.999575 0.895181 0.0165503
167 0.999575 0.892625 0.019632
168 0.999575 0.902875 0.0145505
169 0.999593 0.905338 0.0155997
170 0.999593 0.918662 0.0115631
171 0.999593 0.906819 0.0104406
172 0.999593 0.901336 0.013149
173 0.999593 0.883816 0.0180972
174 0.999593 0.898721 0.0135576
175 0.999593 0.905011 0.0124817
176 0.999593 0.883054 0.0161838
177 0.999593 0.864846 0.0259434
178 0.999593 0.880342 0.0194996
179 0.999593 0.892063 0.0147061
180 0.999593 0.892976 0.0143782
181 0.999593 0.911083 0.0109156
182 0.999593 0.914335 0.0121221
183 0.999593 0.892998 0.0152916
184 0.999593 0.896304 0.0172728
185 0.999593 0.892036 0.0151613
186 0.999593 0.893125 0.0139501
187 0.999593 0.883736 0.0150369
188 0.999593 0.898099 0.0115361
189 0.999593 0.908259 0.0121601
190 0.999593 0.904673 0.0162787
191 0.999593 0.910453 0.012175
192 0.999593 0.927487 0.00690408
193 0.999593 0.911495 0.00761914
194 0.999593 0.905277 0.0114383
195 0.999593 0.902571 0.0126194
196 0.999593 0.900429 0.0121794
197 0.999593 0.882754 0.0187357
198 0.999593 0.88461 0.0194336
199 0.999593 0.902988 0.0178374
200 0.999593 0.897329 0.0199011
201 0.999593 0.899817 0.0199249
202 0.999593 0.909386 0.0146745
203 0.999593 0.915278 0.0100918
204 0.999604 0.895919 0.0133946
205 0.999604 0.900174 0.0154863
206 0.999604 0.887595 0.0197777
207 0.999604 0.895499 0.0172056
208 0.999604 0.889627 0.0222599
209 0.999604 0.880939 0.0226378
210 0.999604 0.886395 0.0202804
211 0.999604 0.878957 0.0190798
212 0.999604 0.893043 0.0180684
213 0.999604 0.912405 0.0117362
214 0.999604 0.897198 0.0145246
215 0.999604 0.90817 0.0149492
216 0.999606 0.905598 0.0201952
217 0.999606 0.888406 0.0240213
218 0.999606 0.870421 0.026967
219 0.999606 0.88797 0.0203443
220 0.999606 0.885903 0.0182375
221 0.999606 0.857466 0.0257966
222 0.999606 0.859215 0.0267891
223 0.999606 0.858218 0.0268344
224 0.999606 0.872721 0.0217879
225 0.999606 0.866815 0.0226227
226 0.999606 0.882979 0.0190061
227 0.999606 0.865866 0.0230043
228 0.999606 0.866527 0.0208502
229 0.999606 0.889056 0.0143768
230 0.999606 0.903997 0.00963714
231 0.999606 0.895884 0.0151227
232 0.999606 0.891447 0.0181932
233 0.999606 0.914733 0.0133579
234 0.999606 0.915833 0.0105331
235 0.999606 0.922535 0.00952435
236 0.999611 0.915948 0.0088381
237 0.999611 0.89552 0.0161656
238 0.999611 0.90453 0.0146423
239 0.999611 0.908253 0.0173767
240 0.999611 0.915566 0.00902036
241 0.999611 0.92376 0.00834816
242 0.999611 0.920047 0.00882738
243 0.999611 0.937454 0.00460754
244 0.999611 0.931034 0.00514824
245 0.999611 0.922686 0.00713694
246 0.999614 0.922159 0.00872539
247 0.999614 0.927447 0.00684351
248 0.999614 0.919629 0.0113161
249 0.999614 0.90372 0.0169379
250 0.999614 0.900876 0.0185617
251 0.999614 0.891805 0.023627
252 0.999614 0.879848 0.0256254
253 0.999614 0.879594 0.0260376
254 0.999614 0.878137 0.021757
255 0.999614 0.856496 0.0269775
256 0.999614 0.851302 0.0305906
257 0.999614 0.86229 0.0270667
258 0.999614 0.883613 0.0264874
259 0.999614 0.884379 0.0232774
260 0.999614 0.880615 0.0198014
261 0.999614 0.874868 0.0216176
262 0.999614 0.879916 0.0210422
263 0.999614 0.892047 0.0207912
264 0.999614 0.895138 0.0186606
265 0.999614 0.923549 0.0133155
266 0.999614 0.899117 0.0186693
267 0.999614 0.91332 0.0136255
268 0.999614 0.917686 0.0110707
269 0.999614 0.905505 0.0135607
270 0.999614 0.897342 0.0157728
271 0.999614 0.898945 0.0125614
272 0.999614 0.901296 0.0155926
273 0.999614 0.905565 0.0122978
274 0.999614 0.9081 0.0124688
275 0.999614 0.903792 0.0155752
276 0.999614 0.881311 0.0161548
277 0.999614 0.878697 0.014422
278 0.999614 0.880733 0.0180373
279 0.999614 0.885125 0.0187995
280 0.999614 0.869552 0.02053
281 0.999614 0.880924 0.0198732
282 0.999614 0.889019 0.0214791
283 0.999614 0.893381 0.0229983
284 0.999614 0.898029 0.0170347
285 0.999616 0.907375 0.0179834
286 0.999616 0.9057 0.0116095
287 0.999616 0.896945 0.0159141
288 0.999616 0.897042 0.0142228
289 0.999616 0.900221 0.0158112
290 0.999616 0.872935 0.0192429
291 0.999616 0.874954 0.0159296
292 0.999616 0.893064 0.0145589
293 0.999616 0.878857 0.0175796
294 0.999616 0.8734 0.0196161
295 0.999616 0.875803 0.0183803
296 0.999616 0.876464 0.0163845
297 0.999616 0.875675 0.0173242
298 0.999616 0.890937 0.0105927
299 0.999616 0.879928 0.0165192
300 0.999616 0.880682 0.0180646
301 0.999616 0.892069 0.0105611
302 0.999616 0.905975 0.00884421
303 0.999616 0.906421 0.0107541
304 0.999616 0.908233 0.0126625
305 0.999616 0.902628 0.0136917
306 0.999616 0.907382 0.0132678
307 0.999616 0.896065 0.0178363
308 0.999616 0.879502 0.0246224
309 0.999616 0.884938 0.0202193
310 0.999616 0.888516 0.0183431
311 0.999616 0.89786 0.0124209
312 0.999616 0.903745 0.00980473
313 0.999616 0.903752 0.0117549
314 0.999616 0.921635 0.00729858
315 0.999616 0.932383 0.00475354
316 0.999616 0.919813 0.00823188
317 0.999616 0.909449 0.00989671
318 0.999616 0.921291 0.00783018
319 0.999616 0.908141 0.0103878
320 0.999616 0.903684 0.0133862
321 0.999616 0.888279 0.0151909
322 0.999616 0.877403 0.0196944
323 0.999616 0.879827 0.0178692
324 0.999616 0.876898 0.0185077
325 0.999616 0.900329 0.0143847
326 0.999616 0.902315 0.0116643
327 0.999616 0.906553 0.0127404
328 0.999616 0.91005 0.00931347
329 0.999616 0.900489 0.0131613
330 0.999616 0.892071 0.0167484
331 0.999616 0.911139 0.0164863
332 0.999616 0.906135 0.0123858
333 0.999616 0.894885 0.0119211
334 0.999616 0.900153 0.0175674
335 0.999616 0.908779 0.016157
336 0.999616 0.904389 0.0180341
337 0.999616 0.891331 0.0216447
338 0.999616 0.891133 0.0223102
339 0.999616 0.901342 0.0193354
340 0.999616 0.896428 0.0201256
341 0.999616 0.895872 0.0179375
342 0.999616 0.893855 0.0188071
343 0.999616 0.915394 0.0107734
344 0.999616 0.918109 0.0111591
345 0.999616 0.901914 0.0174136
346 0.999616 0.915025 0.00933846
347 0.999616 0.907829 0.0124534
348 0.999616 0.91652 0.00976623
349 0.999616 0.893599 0.0167755
350 0.999616 0.888001 0.0191531
351 0.999616 0.898181 0.0156059
352 0.999616 0.910901 0.0110311
353 0.999616 0.899828 0.0128138
354 0.999616 0.909069 0.0126125
355 0.999616 0.904727 0.0155787
356 0.999616 0.913884 0.0111247
357 0.999616 0.906756 0.00973158
358 0.999616 0.903377 0.0107317
359 0.999616 0.903053 0.0130396
360 0.999616 0.883382 0.0148836
361 0.999616 0.899376 0.0118386
362 0.999616 0.882483 0.0196943
363 0.999616 0.889061 0.0176157
364 0.999616 0.875867 0.0210411
365 0.999616 0.882916 0.0179351
366 0.999616 0.897595 0.0155564
367 0.999616 0.8816 0.0159561
368 0.999616 0.892496 0.0134598
369 0.999616 0.886847 0.0157463
370 0.999616 0.88897 0.0125805
371 0.999616 0.906261 0.00881555
372 0.999616 0.89797 0.0131028
373 0.999616 0.913415 0.00864087
374 0.999616 0.90312 0.0109986
375 0.999616 0.909749 0.0115359
376 0.999616 0.897513 0.011129
377 0.999616 0.902579 0.0129789
378 0.999616 0.882231 0.0173704
379 0.999616 0.876213 0.0241758
380 0.999616 0.902139 0.0145432
381 0.999616 0.902676 0.011783
382 0.999616 0.903512 0.0111459
383 0.999616 0.896978 0.0121198
384 0.999616 0.901064 0.0138394
385 0.999616 0.895999 0.0141607
386 0.999616 0.902837 0.00974006
387 0.999616 0.874763 0.016991
388 0.999616 0.868742 0.0184646
389 0.999616 0.865205 0.0232002
390 0.999616 0.862223 0.0258567
391 0.999616 0.896849 0.018275
392 0.999616 0.897524 0.0173803
393 0.999616 0.904583 0.0125834
394 0.999616 0.89565 0.0154177
395 0.999616 0.910931 0.011763
396 0.999616 0.900549 0.0134057
397 0.999616 0.898992 0.0155407
398 0.999616 0.90934 0.00976471
399 0.999616 0.893897 0.0147654
400 0.999616 0.901055 0.015423
401 0.999616 0.898157 0.0142983
402 0.999616 0.903132 0.0129956
403 0.999616 0.908183 0.0140756
404 0.999616 0.901529 0.0159672
405 0.999616 0.894223 0.0134951
406 0.999616 0.898535 0.0111143
407 0.999616 0.920303 0.00661378
408 0.999616 0.914167 0.0110228
409 0.999616 0.916163 0.00985932
410 0.999616 0.91856 0.00921666
411 0.999616 0.898316 0.0128983
412 0.999616 0.905971 0.0124221
413 0.999616 0.90481 0.0105928
414 0.999616 0.894778 0.0120176
415 0.999616 0.893541 0.0143567
416 0.999616 0.902019 0.0128769
417 0.999616 0.892873 0.0159502
418 0.999616 0.884714 0.0157432
419 0.999616 0.88201 0.0153016
420 0.999616 0.896528 0.0142706
421 0.999616 0.891116 0.0188909
422 0.999616 0.879978 0.0215555
423 0.999616 0.89482 0.0150826
424 0.999616 0.902895 0.0173438
425 0.999616 0.907643 0.0137181
426 0.999616 0.910119 0.0122443
427 0.999616 0.90736 0.0149834
428 0.999616 0.924427 0.0102963
429 0.999616 0.917775 0.010588
430 0.999616 0.924672 0.0111022
431 0.999616 0.924869 0.00696341
432 0.999616 0.910925 0.01366
433 0.999616 0.880906 0.0192991
434 0.999683 0.885681 0.0201972
435 0.999683 0.906039 0.0123704
436 0.999683 0.891831 0.0156854
437 0.999683 0.904726 0.0158413
438 0.999683 0.90021 0.0137824
439 0.999683 0.896012 0.0175222
440 0.999683 0.897594 0.0157602
441 0.999683 0.909001 0.0103808
442 0.999683 0.908362 0.00999844
443 0.999683 0.902328 0.015197
444 0.999683 0.897755 0.0187141
445 0.999683 0.881469 0.0219747
446 0.999683 0.899052 0.0164053
447 0.999683 0.898331 0.0169033
448 0.999683 0.890071 0.0175485
449 0.999683 0.898833 0.0159437
450 0.999683 0.877375 0.0200802
451 0.999683 0.888548 0.0191453
452 0.999683 0.881686 0.0221055
453 0.999683 0.891575 0.0170963
454 0.999683 0.898203 0.0171364
455 0.999683 0.887279 0.0166061
456 0.999683 0.892122 0.014061
457 0.999683 0.896366 0.0128696
458 0.999683 0.886448 0.016813
459 0.999683 0.901137 0.0134442
460 0.999683 0.898007 0.0109601
461 0.999683 0.901185 0.00855557
462 0.999683 0.881427 0.0126802
463 0.999683 0.88908 0.0147587
464 0.999683 0.900197 0.0157637
465 0.999683 0.907063 0.0137743
466 0.999683 0.908701 0.0125537
467 0.999683 0.907006 0.0159081
468 0.999683 0.899329 0.0207316
469 0.999683 0.909384 0.0163322
470 0.999683 0.924919 0.0101363
471 0.999683 0.923755 0.0106109
472 0.999683 0.914661 0.0124595
473 0.999683 0.901482 0.014084
474 0.999683 0.891749 0.0201015
475 0.999683 0.887264 0.0211069
476 0.999683 0.873215 0.0203846
477 0.999683 0.87692 0.0229791
478 0.999683 0.874807 0.0217379
479 0.999683 0.876891 0.0219181
480 0.999683 0.888377 0.0240591
481 0.999683 0.904559 0.0181695
482 0.999683 0.89833 0.0208935
483 0.999683 0.895336 0.0232719
484 0.999683 0.893913 0.0210542
485 0.999683 0.89564 0.0156511
486 0.999683 0.917123 0.0128731
487 0.999683 0.912763 0.0105378
488 0.999683 0.913455 0.0121797
489 0.999683 0.923523 0.00898726
490 0.999683 0.911778 0.0146565
491 0.999683 0.900989 0.0161287
492 0.999683 0.902885 0.0168228
493 0.999683 0.896343 0.019682
494 0.999683 0.886893 0.0222119
495 0.999683 0.879517 0.0215195
496 0.999683 0.896717 0.0188318
497 0.999683 0.871425 0.0246126
498 0.999683 0.884095 0.0231294
499 0.999683 0.9026 0.0133135
500 0.999683 0.910811 0.00911412
501 0.999683 0.887829 0.015529
502 0.999683 0.882846 0.0201413
503 0.999683 0.894501 0.0164554
504 0.999683 0.912476 0.0107873
505 0.999683 0.912552 0.0116157
506 0.999683 0.912251 0.0123943
507 0.999683 0.906278 0.0141149
508 0.999683 0.908302 0.0144697
509 0.999683 0.896901 0.0182786
510 0.999683 0.909675 0.017251
511 0.999683 0.901185 0.0178379
512 0.999742 0.917336 0.0127767
513 0.999742 0.918361 0.00952637
514 0.999742 0.915501 0.00927872
515 0.999742 0.89587 0.0143056
516 0.999742 0.899183 0.0157849
517 0.999742 0.919304 0.0106142
518 0.999742 0.899061 0.0161193
519 0.999742 0.903939 0.0133595
520 0.999742 0.901905 0.0146956
521 0.999742 0.887197 0.0161415
522 0.999742 0.8946 0.0183934
523 0.999742 0.910086 0.0143066
524 0.999742 0.923446 0.00883755
525 0.999742 0.924744 0.00966567
526 0.999742 0.916026 0.01499
527 0.999742 0.916802 0.0127885
528 0.999742 0.914528 0.0137042
529 0.999742 0.916472 0.0130065
530 0.999742 0.910992 0.0127479
531 0.999742 0.913953 0.0107937
532 0.999742 0.920205 0.0092936
533 0.999742 0.928963 0.0062739
534 0.999742 0.915181 0.0143037
535 0.999742 0.910218 0.0154964
536 0.999742 0.924813 0.010864
537 0.999742 0.912931 0.0113213
538 0.999742 0.913672 0.0117006
539 0.999742 0.920066 0.00907177
540 0.999742 0.89255 0.018515
541 0.999742 0.887267 0.0222354
542 0.999742 0.897732 0.0194463
543 0.999742 0.897556 0.0170694
544 0.999742 0.882012 0.0212439
545 0.999742 0.903577 0.0152267
546 0.999742 0.919711 0.012372
547 0.999742 0.921435 0.015661
548 0.999742 0.917343 0.014783
549 0.999742 0.902372 0.017983
550 0.999742 0.898836 0.0200281
551 0.999742 0.890573 0.0227954
552 0.999742 0.890294 0.0263502
553 0.999742 0.912792 0.0156047
554 0.999742 0.912294 0.01524
555 0.999742 0.914569 0.0148966
556 0.999742 0.909268 0.0132081
557 0.999742 0.907764 0.016431
558 0.999742 0.910588 0.0149521
559 0.999742 0.917514 0.0138695
560 0.999742 0.916674 0.0139481
561 0.999742 0.925553 0.0096483
562 0.999742 0.930721 0.0100691
563 0.999742 0.931474 0.0097794
564 0.999742 0.936385 0.00519556
565 0.999742 0.946948 0.00627795
566 0.999742 0.938275 0.00802544
567 0.999742 0.937833 0.00563785
568 0.999742 0.919401 0.0108717
569 0.999742 0.888333 0.019942
570 0.999742 0.900855 0.0176721
571 0.999742 0.890923 0.0173379
572 0.999742 0.905501 0.0162499
573 0.999742 0.910614 0.0170667
574 0.999742 0.911235 0.0171586
575 0.999742 0.900263 0.0155215
576 0.999742 0.891683 0.0170848
577 0.999742 0.894766 0.0185532
578 0.999742 0.906987 0.0175973
579 0.999742 0.898867 0.0194509
580 0.999742 0.896568 0.0217806
581 0.999742 0.8998 0.022856
582 0.999742 0.900354 0.0191117
583 0.999742 0.911237 0.0156827
584 0.999742 0.901303 0.0162813
585 0.999742 0.913756 0.0141423
586 0.999742 0.918066 0.0156124
587 0.999742 0.915583 0.016824
588 0.999742 0.922028 0.013207
589 0.999742 0.927526 0.0117904
590 0.999742 0.919362 0.0152411
591 0.999742 0.928282 0.0113539
592 0.999742 0.928004 0.00934167
593 0.999742 0.915387 0.0117563
594 0.999742 0.923813 0.0090568
595 0.999742 0.923533 0.0116131
596 0.999742 0.914288 0.0154798
597 0.999742 0.921344 0.0126563
598 0.999742 0.926041 0.00966416
599 0.999742 0.923837 0.010579
600 0.999742 0.932084 0.0106763
601 0.999742 0.949898 0.00556077
602 0.999742 0.939246 0.00777963
603 0.999742 0.938166 0.0101692
604 0.999742 0.936545 0.00887816
605 0.999742 0.9187 0.0129188
606 0.999742 0.900341 0.0173614
607 0.999742 0.903515 0.013376
608 0.999742 0.893128 0.0215781
609 0.999742 0.900755 0.0179274
610 0.999742 0.905987 0.0160068
611 0.999742 0.930992 0.00560185
612 0.999758 0.908458 0.0122368
613 0.999758 0.906022 0.0162474
614 0.999758 0.886197 0.0203697
615 0.999758 0.868786 0.0213245
616 0.999758 0.899518 0.0184516
617 0.999758 0.892218 0.024352
618 0.999758 0.902056 0.0196665
619 0.999758 0.894494 0.0217757
620 0.999758 0.889176 0.0217021
621 0.999758 0.901262 0.0194925
622 0.999758 0.902801 0.0177859
623 0.999758 0.908282 0.01714
624 0.999758 0.89487 0.0198789
625 0.999758 0.897498 0.0166091
626 0.999758 0.875539 0.0244565
627 0.999758 0.88227 0.0220811
628 0.999758 0.911438 0.015551
629 0.999758 0.903742 0.0153006
630 0.999758 0.903666 0.0147584
631 0.999758 0.905869 0.0123159
632 0.999758 0.903406 0.0143268
633 0.999758 0.888618 0.0188907
634 0.999758 0.906912 0.0141661
635 0.999758 0.917023 0.0115897
636 0.999758 0.923828 0.011114
637 0.999758 0.928701 0.0123057
638 0.999758 0.919954 0.0168156
639 0.999758 0.915746 0.0155312
640 0.999758 0.920908 0.011763
641 0.999758 0.927149 0.00822592
642 0.999758 0.920406 0.0105068
643 0.999758 0.901141 0.0189188
644 0.999758 0.904689 0.0166905
645 0.999758 0.908682 0.0145341
646 0.999758 0.924375 0.0110297
647 0.999758 0.908377 0.0151721
648 0.999758 0.907177 0.0146679
649 0.999758 0.89636 0.0176924
650 0.999758 0.895296 0.0164593
651 0.999758 0.916603 0.0139889
652 0.999758 0.925606 0.00997994
653 0.999758 0.918357 0.0144067
654 0.999758 0.907303 0.0169132
655 0.999758 0.903619 0.0149056
656 0.999758 0.899623 0.019529
657 0.999758 0.902843 0.0170633
658 0.999758 0.917716 0.011768
659 0.999758 0.920924 0.0114322
660 0.999758 0.913454 0.0113846
661 0.999758 0.926921 0.00983419
662 0.999758 0.928861 0.00817272
663 0.999758 0.917379 0.0104018
664 0.999758 0.913631 0.012368
665 0.999758 0.922496 0.0101815
666 0.999758 0.928444 0.0115118
667 0.999758 0.936072 0.0078904
668 0.999758 0.92057 0.0141053
669 0.999758 0.915238 0.0124332
670 0.999758 0.923974 0.00988628
671 0.999758 0.911077 0.0113881
672 0.999758 0.916897 0.0129431
673 0.999758 0.902734 0.0156344
674 0.999758 0.900188 0.019287
675 0.99976 0.888359 0.022008
676 0.99976 0.912053 0.015064
677 0.99976 0.90394 0.0160555
678 0.99976 0.896399 0.0204406
679 0.99976 0.911061 0.0193901
680 0.99976 0.902738 0.0230931
681 0.99976 0.920738 0.0120898
682 0.99976 0.918733 0.0128143
683 0.99976 0.906998 0.017283
684 0.99976 0.909483 0.0148539
685 0.99976 0.915051 0.0148927
686 0.99976 0.918707 0.013283
687 0.99976 0.923849 0.0125778
688 0.99976 0.93626 0.00878557
689 0.99976 0.930517 0.00796767
690 0.99976 0.931781 0.00707559
691 0.99976 0.926186 0.0107884
692 0.99976 0.933968 0.00879549
693 0.99976 0.93115 0.00985511
694 0.99976 0.932583 0.0102578
695 0.99976 0.918583 0.0140967
696 0.99976 0.917592 0.0121455
697 0.99976 0.920769 0.0119565
698 0.99976 0.933869 0.00936179
699 0.99976 0.928874 0.00989737
700 0.99976 0.934324 0.00614398
701 0.99976 0.930408 0.00791302
702 0.99976 0.922836 0.0103934
703 0.99976 0.913234 0.0143471
704 0.99976 0.919291 0.0117314
705 0.99976 0.944193 0.00446414
706 0.99976 0.929598 0.0101199
707 0.99976 0.936234 0.00762611
708 0.99976 0.936268 0.010427
709 0.99976 0.930649 0.0108861
710 0.99976 0.916929 0.0103399
711 0.99976 0.925091 0.00974925
712 0.99976 0.908013 0.0137251
713 0.99976 0.909372 0.0133478
714 0.99976 0.9084 0.013295
715 0.99976 0.919951 0.0110228
716 0.99976 0.917051 0.0163956
717 0.99976 0.908261 0.0190007
718 0.99976 0.909874 0.01717
719 0.99976 0.922647 0.0127401
720 0.99976 0.923204 0.0119132
721 0.99976 0.924402 0.0124955
722 0.99976 0.912564 0.0104516
723 0.999763 0.897031 0.0185362
724 0.999763 0.904426 0.0150768
725 0.999763 0.889767 0.0191145
726 0.999763 0.898445 0.0179251
727 0.999763 0.897865 0.0144194
728 0.999763 0.907653 0.0152396
729 0.999763 0.900187 0.0202918
730 0.999763 0.905802 0.0210421
731 0.999763 0.88027 0.0290068
732 0.999763 0.891035 0.0268121
733 0.999763 0.892928 0.0269965
734 0.999763 0.903348 0.0206532
735 0.999763 0.889743 0.025188
736 0.999763 0.885685 0.0246336
737 0.999763 0.878833 0.0251902
738 0.999763 0.878623 0.0296847
739 0.999763 0.898185 0.0221717
740 0.999763 0.902549 0.0198331
741 0.999763 0.913525 0.0152791
742 0.999763 0.90394 0.0160598
743 0.999763 0.90209 0.0193225
744 0.999763 0.903589 0.0175699
745 0.999763 0.898533 0.0206171
746 0.999763 0.887542 0.0253379
747 0.999763 0.890588 0.0223028
748 0.999763 0.907736 0.0219111
749 0.999763 0.906595 0.0219931
750 0.999763 0.898533 0.0241342
751 0.999763 0.889464 0.0246855
752 0.999763 0.908688 0.0164121
753 0.999763 0.923109 0.0127308
754 0.999763 0.917621 0.0136141
755 0.999763 0.918734 0.0139188
756 0.999763 0.901541 0.0152779
757 0.999763 0.894742 0.0151593
758 0.999763 0.90758 0.0135184
759 0.999763 0.911172 0.0143864
760 0.999763 0.911957 0.0123503
761 0.999763 0.916413 0.0142657
762 0.999763 0.920313 0.0111847
763 0.999763 0.914122 0.0138696
764 0.999763 0.90851 0.0150879
765 0.999763 0.92553 0.00940606
766 0.999763 0.905949 0.016174
767 0.999763 0.91129 0.012168
768 0.999763 0.918306 0.00929889
769 0.999763 0.911125 0.0119661
770 0.999763 0.910549 0.00986877
771 0.999763 0.903666 0.0165272
772 0.999763 0.920611 0.0125374
773 0.999763 0.915064 0.0147114
774 0.999763 0.925868 0.0106748
775 0.999763 0.896437 0.0172829
776 0.999763 0.905123 0.0142329
777 0.999763 0.904825 0.0138921
778 0.999763 0.918801 0.0116232
779 0.999763 0.910184 0.013385
780 0.999763 0.910855 0.0157712
781 0.999763 0.914432 0.0134644
782 0.999763 0.923797 0.0097927
783 0.999763 0.92615 0.0090304
784 0.999763 0.928044 0.00547316
785 0.999763 0.920166 0.00814217
786 0.999763 0.920973 0.0112197
787 0.999763 0.930688 0.00771967
788 0.999763 0.937317 0.00803744
789 0.999763 0.930321 0.0113874
790 0.999763 0.92999 0.0114988
791 0.999763 0.921833 0.0134844
792 0.999763 0.934918 0.00801364
793 0.999763 0.934317 0.0101594
794 0.999763 0.939081 0.0089574
795 0.999763 0.934676 0.0096158
796 0.999763 0.93428 0.00618689
797 0.999763 0.937587 0.00411055
798 0.999763 0.919244 0.0119191
799 0.999763 0.912688 0.0146707
800 0.999763 0.932893 0.00896852
801 0.999763 0.927587 0.0103319
802 0.999763 0.940793 0.00609505
803 0.999763 0.925068 0.0113919
804 0.999763 0.944223 0.00569007
805 0.999763 0.920976 0.0111361
806 0.999763 0.930858 0.00574624
807 0.999763 0.922725 0.00921006
808 0.999763 0.922402 0.0117773
809 0.999763 0.911327 0.014549
810 0.999763 0.912688 0.0133359
811 0.999763 0.914956 0.012516
812 0.999763 0.916261 0.0152186
813 0.999763 0.891382 0.0184245
814 0.999763 0.898791 0.0147391
815 0.999763 0.907099 0.0140577
816 0.999763 0.897278 0.0189632
817 0.999763 0.907848 0.0126759
818 0.999763 0.889681 0.0226214
819 0.999763 0.91536 0.0130058
820 0.999763 0.90535 0.0149759
821 0.999763 0.904933 0.013942
822 0.999763 0.899771 0.016533
823 0.999763 0.886432 0.0221027
824 0.999763 0.876851 0.0202385
825 0.999763 0.902573 0.0193711
826 0.999763 0.90522 0.0157482
827 0.999763 0.906904 0.0108735
828 0.999763 0.907729 0.0134424
829 0.999763 0.902619 0.0139749
830 0.999763 0.898673 0.0129298
831 0.999763 0.892359 0.014933
832 0.999763 0.906362 0.0146878
833 0.999763 0.902547 0.0177755
834 0.999763 0.907491 0.0130869
835 0.999763 0.905713 0.0122841
836 0.999763 0.903528 0.0168324
837 0.999763 0.901373 0.0187451
838 0.999763 0.909902 0.0142939
839 0.999763 0.904908 0.0149081
840 0.999763 0.908371 0.0152951
841 0.999763 0.898906 0.0141946
842 0.999763 0.910187 0.0128296
843 0.999763 0.938302 0.00591438
844 0.999763 0.944441 0.0045002
845 0.999763 0.938863 0.00651852
846 0.999763 0.932563 0.00632608
847 0.999763 0.916644 0.010756
848 0.999763 0.926433 0.00747724
849 0.999763 0.90557 0.0111725
850 0.999763 0.918995 0.00785082
851 0.999763 0.909849 0.0113093
852 0.999763 0.915187 0.00948819
853 0.999763 0.909989 0.0141139
854 0.999763 0.920766 0.00889987
855 0.999763 0.928361 0.00744958
856 0.999763 0.916986 0.00707373
857 0.999763 0.921788 0.00641668
858 0.999763 0.91814 0.00778685
859 0.999763 0.916533 0.00858955
860 0.999763 0.920257 0.00986111
861 0.999763 0.908854 0.0133155
862 0.999763 0.903729 0.0125208
863 0.999763 0.897544 0.0133317
864 0.999763 0.897869 0.0139406
865 0.999763 0.904118 0.0140122
866 0.999763 0.890744 0.0161908
867 0.999763 0.878462 0.0155572
868 0.999763 0.881591 0.0181553
869 0.999763 0.899721 0.0144677
870 0.999763 0.900736 0.0139461
871 0.999763 0.904592 0.0171558
872 0.999763 0.916251 0.0140981
873 0.999763 0.914701 0.00883466
874 0.999763 0.915844 0.00973692
875 0.999763 0.917669 0.0144285
876 0.999763 0.925329 0.0110881
877 0.999763 0.904461 0.0152338
878 0.999763 0.918045 0.013122
879 0.999763 0.92241 0.00837679
880 0.999763 0.917081 0.0110637
881 0.999763 0.90611 0.0122132
882 0.999763 0.905939 0.0120605
883 0.999763 0.930823 0.00685318
884 0.999763 0.912396 0.0117651
885 0.999763 0.914156 0.014351
886 0.999783 0.914925 0.0134359
887 0.999783 0.908557 0.0155924
888 0.999783 0.905322 0.0148742
889 0.999783 0.921102 0.0111215
890 0.999783 0.921756 0.0111846
891 0.999783 0.910803 0.0153438
892 0.999783 0.889156 0.0213979
893 0.999783 0.882036 0.0243225
894 0.999783 0.88335 0.0227466
895 0.999783 0.868041 0.021046
896 0.999783 0.884716 0.0212664
897 0.999783 0.893399 0.0191035
898 0.999783 0.906235 0.0153745
899 0.999783 0.903861 0.012623
900 0.999783 0.920701 0.00883405
901 0.999783 0.926869 0.00783653
902 0.999783 0.914741 0.0106441
903 0.999783 0.916624 0.0118578
904 0.999783 0.902545 0.0122183
905 0.999783 0.916132 0.0138279
906 0.999783 0.935453 0.00748063
907 0.999783 0.934318 0.00724004
908 0.999783 0.927148 0.00995158
909 0.999783 0.937351 0.00524708
910 0.999783 0.919228 0.00903862
911 0.999783 0.937962 0.00477187
912 0.999783 0.913129 0.0124737
913 0.999783 0.92194 0.0115028
914 0.999783 0.9154 0.0149844
915 0.999783 0.903943 0.0149908
916 0.999783 0.898854 0.0151343
917 0.999783 0.884571 0.0134776
918 0.999783 0.907602 0.00852326
919 0.999783 0.894533 0.01659
920 0.999783 0.899094 0.0151968
921 0.999783 0.911515 0.0121185
922 0.999783 0.920713 0.0121501
923 0.999783 0.931124 0.00809084
924 0.999783 0.932123 0.00904751
925 0.999783 0.928891 0.0092883
926 0.999783 0.921777 0.0095988
927 0.999783 0.923142 0.00919651
928 0.999783 0.930081 0.00836172
929 0.999783 0.924044 0.0108031
930 0.999783 0.925865 0.010836
931 0.999783 0.915449 0.0107949
932 0.999783 0.918529 0.0110218
933 0.999783 0.905806 0.0153198
934 0.999783 0.92229 0.00923643
935 0.999783 0.918721 0.0109236
936 0.999783 0.921322 0.0114249
937 0.999783 0.914395 0.0150447
938 0.999783 0.919633 0.0145232
939 0.999783 0.920915 0.0147435
940 0.999783 0.889692 0.0222915
941 0.999783 0.904149 0.0166532
942 0.999783 0.907842 0.0174515
943 0.999783 0.909099 0.0172161
944 0.999783 0.905066 0.0189924
945 0.999783 0.906416 0.0189668
946 0.999783 0.916222 0.0132347
947 0.999783 0.915198 0.0132045
948 0.999783 0.916572 0.0100404
949 0.999783 0.909829 0.0113424
950 0.999783 0.909349 0.0125783
951 0.999783 0.924931 0.00978032
952 0.999783 0.907098 0.0129365
953 0.999783 0.916886 0.0115649
954 0.999783 0.916391 0.0133882
955 0.999783 0.931944 0.00868418
956 0.999783 0.946434 0.00414239
957 0.999783 0.947937 0.00424071
958 0.999783 0.950423 0.00357166
959 0.999783 0.935751 0.00553445
960 0.999783 0.934019 0.00942658
961 0.999783 0.919473 0.0149716
962 0.999783 0.899684 0.0205363
963 0.999783 0.926298 0.0120604
964 0.999783 0.916519 0.0126287
965 0.999783 0.921958 0.0121495
966 0.999783 0.932533 0.0129808
967 0.999783 0.946272 0.00689354
968 0.999783 0.935353 0.00955167
969 0.999783 0.930209 0.00952256
970 0.999783 0.926867 0.0128769
971 0.999783 0.927396 0.0108435
972 0.999783 0.936837 0.00786471
973 0.999783 0.917726 0.0152392
974 0.999783 0.89596 0.0205334
975 0.999783 0.90027 0.0201818
976 0.999783 0.888854 0.0211945
977 0.999783 0.881976 0.022752
978 0.999783 0.886849 0.0207243
979 0.999783 0.877672 0.0214094
980 0.999783 0.870325 0.0215496
981 0.999783 0.867046 0.0234812
982 0.999783 0.888293 0.0163439
983 0.999783 0.887724 0.0173786
984 0.999783 0.887884 0.0190747
985 0.999783 0.893966 0.0173534
986 0.999783 0.892086 0.0206968
987 0.999783 0.883434 0.023426
988 0.999783 0.901919 0.0175345
989 0.999783 0.908896 0.0151269
990 0.999783 0.921564 0.01411
991 0.999783 0.926161 0.0122221
992 0.999783 0.917449 0.0119637
993 0.999783 0.917793 0.0106721
994 0.999783 0.914531 0.0136022
995 0.999783 0.923134 0.0110428
996 0.999783 0.923821 0.0122402
997 0.999783 0.918995 0.0125168
998 0.999783 0.907669 0.0128386
999 0.999783 0.901647 0.0149114
1000 0.999783 0.91015 0.0118441
