0 0.381159 0.252034 0.000327967
1 0.381159 0.25495 0.000447004
2 0.381159 0.259611 0.000685842
3 0.441373 0.268618 0.00160712
4 0.441373 0.270689 0.00223751
5 0.441373 0.281683 0.00354826
6 0.455349 0.28444 0.00447845
7 0.455618 0.285785 0.00491695
8 0.465541 0.286197 0.00536219
9 0.465809 0.290719 0.00671289
10 0.651227 0.291577 0.00827341
11 0.651227 0.293455 0.00876622
12 0.651227 0.29223 0.00950086
13 0.651227 0.28916 0.00925498
14 0.651227 0.302058 0.0108876
15 0.651227 0.301936 0.0115899
16 0.651227 0.314908 0.0159762
17 0.66171 0.315757 0.0188502
18 0.6886 0.32447 0.0214094
19 0.6886 0.32236 0.020354
20 0.6886 0.334247 0.0235786
21 0.704836 0.334668 0.0242225
22 0.704836 0.334548 0.023725
23 0.704836 0.339904 0.0275531
24 0.704836 0.335645 0.0262907
25 0.708931 0.346685 0.0277674
26 0.708931 0.368461 0.0320357
27 0.708931 0.391249 0.0353413
28 0.709946 0.384163 0.0348521
29 0.709946 0.364935 0.0326969
30 0.715686 0.367961 0.0343471
31 0.722218 0.397083 0.0349966
32 0.726606 0.411095 0.037033
33 0.726606 0.425715 0.037346
34 0.733647 0.44619 0.0349204
35 0.733647 0.439805 0.03517
36 0.733647 0.457661 0.0368985
37 0.733647 0.46337 0.0339782
38 0.733647 0.471469 0.0335403
39 0.741212 0.504944 0.0355713
40 0.741212 0.499684 0.032176
41 0.749598 0.530655 0.0298009
42 0.761143 0.540017 0.0298457
43 0.761143 0.562653 0.0242723
44 0.761143 0.550512 0.0257368
45 0.779058 0.564335 0.0261226
46 0.779058 0.579802 0.0243975
47 0.779058 0.589532 0.0237512
48 0.779165 0.583201 0.024372
49 0.779165 0.585909 0.0242961
50 0.784111 0.598944 0.0229276
51 0.784111 0.624497 0.0231316
52 0.784111 0.642841 0.0172632
53 0.784111 0.636972 0.0195236
54 0.784111 0.66497 0.0138592
55 0.784111 0.657441 0.0153694
56 0.784111 0.65233 0.0157537
57 0.784111 0.661154 0.0147594
58 0.784111 0.685625 0.0106179
59 0.784111 0.686702 0.0110651
60 0.784513 0.694558 0.0089729
61 0.784513 0.704032 0.00804402
62 0.784513 0.710065 0.00733004
63 0.784513 0.701263 0.0093186
64 0.784513 0.713136 0.00725737
65 0.787924 0.711964 0.0066087
66 0.792675 0.718404 0.00591882
67 0.800649 0.721789 0.00572091
68 0.800649 0.724942 0.00597986
69 0.800649 0.726459 0.00573963
70 0.800649 0.722223 0.00696806
71 0.802707 0.719069 0.00719513
72 0.802707 0.716798 0.00662345
73 0.802707 0.713439 0.00690776
74 0.802707 0.716379 0.00748198
75 0.802707 0.726834 0.00548093
76 0.802707 0.742142 0.00290045
77 0.802707 0.741602 0.00275187
78 0.806053 0.739167 0.00308702
79 0.815585 0.740858 0.00339652
80 0.815585 0.734389 0.00487803
81 0.818831 0.736709 0.00476529
82 0.818831 0.736843 0.00531819
83 0.818831 0.74065 0.0044321
84 0.820538 0.736739 0.00637254
85 0.820538 0.73665 0.00581677
86 0.820538 0.737068 0.0060747
87 0.820632 0.729826 0.00786749
88 0.820632 0.734085 0.005706
89 0.820632 0.7494 0.00372027
90 0.820632 0.750016 0.003842
91 0.825662 0.753891 0.00446858
92 0.825662 0.759164 0.00360186
93 0.825662 0.753532 0.00424207
94 0.825662 0.750534 0.00384509
95 0.825662 0.746756 0.00504144
96 0.825662 0.753395 0.00370369
97 0.825662 0.754832 0.00372302
98 0.825662 0.758163 0.00400066
99 0.825662 0.749389 0.0065866
100 0.825662 0.746015 0.00446022
101 0.825662 0.751421 0.00379563
102 0.825662 0.751671 0.00342288
103 0.829744 0.752872 0.00420435
104 0.829744 0.756483 0.00284495
105 0.829744 0.755559 0.00350899
106 0.829744 0.754009 0.0034418
107 0.829744 0.748538 0.00672056
108 0.829744 0.74983 0.00515516
109 0.829744 0.747709 0.00480834
110 0.829744 0.747926 0.00466016
111 0.829744 0.750672 0.00466448
112 0.829744 0.738495 0.0083852
113 0.829744 0.746349 0.00651585
114 0.829744 0.763597 0.00294894
115 0.829744 0.757937 0.00276981
116 0.829744 0.755181 0.00316176
117 0.829744 0.757392 0.0044675
118 0.829744 0.748353 0.00527319
119 0.829744 0.759262 0.00288735
120 0.829744 0.760442 0.0031576
121 0.829744 0.768956 0.00227457
122 0.829744 0.761175 0.00268232
123 0.829744 0.766174 0.00256365
124 0.829744 0.759649 0.00442389
125 0.829744 0.751887 0.00651044
126 0.830738 0.747339 0.00836492
127 0.830738 0.757724 0.00462001
128 0.830738 0.764694 0.00435966
129 0.830738 0.754592 0.00587904
130 0.830738 0.749707 0.00628274
131 0.830738 0.752906 0.00489328
132 0.830738 0.754797 0.00499118
133 0.830738 0.749471 0.00671061
134 0.830738 0.743049 0.0086522
135 0.830738 0.743711 0.00613848
136 0.830738 0.755275 0.00398023
137 0.830738 0.755942 0.0034863
138 0.830738 0.755398 0.00464493
139 0.830738 0.758881 0.00362363
140 0.830738 0.760155 0.00271769
141 0.830738 0.746745 0.00666861
142 0.830738 0.740985 0.00593463
143 0.830738 0.738035 0.00514008
144 0.830738 0.740883 0.0072858
145 0.830738 0.742385 0.0082107
146 0.830738 0.745199 0.00697209
147 0.830738 0.748923 0.00595496
148 0.830738 0.754826 0.00470333
149 0.830738 0.753799 0.00483052
150 0.830738 0.76076 0.00354902
151 0.835018 0.761489 0.00497779
152 0.835018 0.757851 0.00444889
153 0.835018 0.758403 0.00398398
154 0.835018 0.754849 0.00488588
155 0.835018 0.762029 0.00337362
156 0.835018 0.76473 0.00355027
157 0.835018 0.767328 0.00383722
158 0.835018 0.766668 0.00308499
159 0.835018 0.759733 0.00525482
160 0.835018 0.758283 0.00597478
161 0.836141 0.753516 0.00606156
162 0.836141 0.760772 0.00475665
163 0.836141 0.760872 0.00456036
164 0.836141 0.747197 0.00543273
165 0.836141 0.746434 0.00738143
166 0.836141 0.743714 0.00786115
167 0.836141 0.746536 0.00655791
168 0.836141 0.749797 0.00779951
169 0.836141 0.752802 0.0061767
170 0.836141 0.749701 0.00743739
171 0.836141 0.757695 0.00505106
172 0.836141 0.74736 0.00744229
173 0.836141 0.754536 0.0042486
174 0.836141 0.753198 0.0049189
175 0.836141 0.763065 0.00368753
176 0.836141 0.75309 0.00659981
177 0.836141 0.754972 0.00468235
178 0.836141 0.754891 0.00372589
179 0.836141 0.74905 0.00494894
180 0.836141 0.756588 0.00380887
181 0.836141 0.755356 0.00376817
182 0.836141 0.767941 0.00278229
183 0.836141 0.758791 0.0047136
184 0.836141 0.756023 0.00519528
185 0.836141 0.754912 0.00542069
186 0.836141 0.760043 0.00423275
187 0.836141 0.760191 0.00392005
188 0.836141 0.763113 0.00315175
189 0.836141 0.771022 0.00257194
190 0.836141 0.764776 0.00217182
191 0.836141 0.772996 0.00188696
192 0.836141 0.767299 0.00253139
193 0.836141 0.77053 0.00238509
194 0.836141 0.760371 0.00419471
195 0.836717 0.765204 0.00334808
196 0.836717 0.753792 0.00494342
197 0.836717 0.750519 0.00555558
198 0.836717 0.760285 0.00431742
199 0.836717 0.755936 0.00526513
200 0.836717 0.752934 0.00527723
201 0.836717 0.754547 0.00433606
202 0.836717 0.752673 0.00352495
203 0.839158 0.743546 0.00554443
204 0.839158 0.737655 0.00752733
205 0.839158 0.739913 0.00614501
206 0.839158 0.742313 0.00647733
207 0.839158 0.738732 0.00755854
208 0.839158 0.752793 0.00485792
209 0.839158 0.750304 0.00552111
210 0.839158 0.75397 0.00467133
211 0.839158 0.759399 0.00442032
212 0.839158 0.76085 0.00449278
213 0.839158 0.760734 0.00424295
214 0.839158 0.759995 0.00362452
215 0.839158 0.753117 0.00492905
216 0.839158 0.756268 0.00458308
217 0.839158 0.757766 0.00540485
218 0.839158 0.766058 0.00302939
219 0.839158 0.766994 0.00356777
220 0.839158 0.767315 0.00390673
221 0.839158 0.767697 0.00353374
222 0.839158 0.755141 0.00407562
223 0.839158 0.754534 0.00348036
224 0.839158 0.760007 0.00379183
225 0.839158 0.760844 0.00432319
226 0.839158 0.774602 0.00296294
227 0.839158 0.770663 0.00299902
228 0.839158 0.772083 0.00348884
229 0.839158 0.76814 0.00353519
230 0.839158 0.754983 0.00577547
231 0.839158 0.748343 0.00699482
232 0.839158 0.747309 0.00929687
233 0.839158 0.754765 0.00508378
234 0.839158 0.755625 0.0058291
235 0.839158 0.756787 0.00597643
236 0.839158 0.753763 0.00670612
237 0.839158 0.761107 0.00485519
238 0.839158 0.75739 0.00453968
239 0.839158 0.746264 0.00633907
240 0.839158 0.755662 0.0052953
241 0.839158 0.754464 0.00623889
242 0.839158 0.756497 0.00363729
243 0.839158 0.757194 0.00362927
244 0.839158 0.761132 0.0041928
245 0.839158 0.753711 0.00689813
246 0.839158 0.746408 0.00686331
247 0.839158 0.757378 0.00438001
248 0.839158 0.751544 0.0057715
249 0.839158 0.755364 0.00558427
250 0.839158 0.755978 0.00563862
251 0.839158 0.752768 0.00607435
252 0.839158 0.762654 0.00436491
253 0.839158 0.756847 0.00450906
254 0.839158 0.755819 0.00512259
255 0.839158 0.755821 0.00531436
256 0.839158 0.757383 0.00585759
257 0.839158 0.753124 0.00470172
258 0.839158 0.7516 0.00642021
259 0.839158 0.756108 0.00432305
260 0.839158 0.756318 0.00504389
261 0.839158 0.754283 0.00490085
262 0.839158 0.764851 0.00387834
263 0.839158 0.758802 0.0052568
264 0.839158 0.753665 0.00711709
265 0.839158 0.754842 0.00745703
266 0.839158 0.747283 0.00895461
267 0.839158 0.756181 0.00407667
268 0.839158 0.747831 0.00526686
269 0.839158 0.745944 0.0050057
270 0.839158 0.746838 0.00541589
271 0.839158 0.756043 0.0031257
272 0.839158 0.758842 0.00291433
273 0.839158 0.754008 0.0052525
274 0.839158 0.743924 0.00838636
275 0.839158 0.750044 0.0058242
276 0.839158 0.749174 0.0065461
277 0.839158 0.750081 0.00746702
278 0.839158 0.756354 0.00533636
279 0.839158 0.758093 0.00350261
280 0.839158 0.75554 0.00472943
281 0.839158 0.752605 0.00593644
282 0.839158 0.757319 0.00551542
283 0.839158 0.75261 0.00745648
284 0.839158 0.757178 0.00621185
285 0.839158 0.755382 0.00431682
286 0.839158 0.749817 0.00508638
287 0.839158 0.755704 0.00677722
288 0.839158 0.762781 0.00404386
289 0.839158 0.755232 0.00406166
290 0.839158 0.749299 0.00473014
291 0.839158 0.753792 0.00449693
292 0.839158 0.755844 0.00440508
293 0.839158 0.757196 0.00457935
294 0.839158 0.758094 0.00481417
295 0.839158 0.758817 0.00433365
296 0.839158 0.758099 0.00542376
297 0.839158 0.766445 0.00458619
298 0.839158 0.767315 0.00354315
299 0.839158 0.77185 0.00259135
300 0.839158 0.77171 0.00224048
301 0.839158 0.770145 0.00280179
302 0.839158 0.76576 0.00337746
303 0.839158 0.766472 0.0045025
304 0.839158 0.759728 0.00619747
305 0.839158 0.760171 0.0046099
306 0.839158 0.765985 0.00436869
307 0.839158 0.764409 0.00433233
308 0.839158 0.770981 0.00468005
309 0.839158 0.772221 0.00273925
310 0.839158 0.770224 0.00295509
311 0.839158 0.771309 0.00251617
312 0.839158 0.764749 0.00551435
313 0.839158 0.760587 0.00552843
314 0.839158 0.755431 0.00532061
315 0.839158 0.758739 0.00528801
316 0.839158 0.743818 0.00644424
317 0.839158 0.754731 0.00541039
318 0.839158 0.760423 0.00481276
319 0.839158 0.753497 0.00660219
320 0.839158 0.759378 0.00501477
321 0.839158 0.755905 0.00669853
322 0.839158 0.757519 0.00689043
323 0.839158 0.752871 0.00738832
324 0.839158 0.763017 0.00521247
325 0.839158 0.766355 0.00390222
326 0.839158 0.766482 0.00381894
327 0.839158 0.762936 0.0046726
328 0.839158 0.75937 0.00618801
329 0.839158 0.756789 0.0065352
330 0.839158 0.761985 0.00427475
331 0.839158 0.759578 0.00482759
332 0.839158 0.76436 0.00295178
333 0.839158 0.759827 0.00341642
334 0.839158 0.763517 0.00424885
335 0.839158 0.764599 0.00331071
336 0.839158 0.765011 0.00272299
337 0.839158 0.759754 0.00405632
338 0.839158 0.758726 0.00410021
339 0.839158 0.752461 0.00508082
340 0.839158 0.749465 0.00517308
341 0.839158 0.747854 0.00384805
342 0.839158 0.746452 0.00493487
343 0.839158 0.743751 0.00604172
344 0.839158 0.742231 0.00741522
345 0.839158 0.741138 0.00950055
346 0.839158 0.733861 0.0107053
347 0.839158 0.741558 0.010622
348 0.839158 0.744651 0.0118037
349 0.839158 0.736958 0.0113894
350 0.839158 0.754035 0.00636904
351 0.839158 0.762748 0.00512184
352 0.839158 0.757636 0.00447194
353 0.839158 0.761905 0.00282521
354 0.839158 0.75656 0.00374102
355 0.839158 0.754729 0.00341956
356 0.839158 0.756763 0.00438796
357 0.839158 0.754773 0.0052606
358 0.839158 0.757211 0.00470566
359 0.839158 0.757407 0.00439166
360 0.839158 0.765648 0.0028457
361 0.839158 0.76008 0.00337026
362 0.839158 0.759313 0.00386143
363 0.839158 0.75808 0.0042188
364 0.839158 0.751409 0.00653157
365 0.839158 0.760775 0.00370633
366 0.839158 0.765611 0.00320437
367 0.839158 0.76529 0.00377719
368 0.83984 0.768777 0.00373849
369 0.83984 0.761113 0.00409525
370 0.83984 0.756478 0.00629124
371 0.83984 0.755441 0.00705986
372 0.83984 0.742436 0.00775736
373 0.83984 0.74658 0.00778876
374 0.83984 0.749726 0.00760373
375 0.83984 0.743685 0.00892695
376 0.83984 0.742427 0.00830178
377 0.83984 0.735333 0.00960552
378 0.83984 0.745544 0.0088143
379 0.83984 0.752742 0.00612223
380 0.83984 0.749641 0.0053766
381 0.83984 0.76113 0.00394914
382 0.83984 0.753415 0.0042502
383 0.83984 0.762498 0.00462046
384 0.83984 0.764662 0.00374741
385 0.83984 0.757736 0.00522532
386 0.83984 0.755523 0.00476057
387 0.83984 0.753308 0.00375426
388 0.83984 0.755742 0.00321301
389 0.83984 0.767848 0.00266668
390 0.83984 0.753313 0.00428377
391 0.83984 0.751751 0.00480882
392 0.83984 0.759362 0.00526831
393 0.83984 0.765248 0.00344017
394 0.83984 0.75982 0.00302439
395 0.83984 0.751805 0.00709167
396 0.83984 0.749506 0.00506866
397 0.83984 0.755405 0.00463715
398 0.83984 0.756893 0.00593521
399 0.83984 0.761478 0.00399026
400 0.83984 0.761992 0.0051469
401 0.83984 0.754906 0.00692069
402 0.83984 0.749905 0.00623841
403 0.83984 0.753193 0.0048525
404 0.83984 0.749276 0.00701237
405 0.83984 0.755484 0.00547527
406 0.83984 0.751637 0.00642623
407 0.83984 0.759415 0.00512764
408 0.83984 0.751139 0.00604032
409 0.83984 0.751107 0.00513198
410 0.83984 0.754297 0.00474085
411 0.83984 0.745536 0.00553026
412 0.83984 0.741382 0.00833616
413 0.83984 0.751115 0.00648299
414 0.83984 0.751444 0.00801356
415 0.83984 0.750531 0.00884433
416 0.83984 0.749513 0.00798257
417 0.842529 0.748423 0.00865654
418 0.842529 0.750466 0.00786103
419 0.842529 0.752049 0.00654604
420 0.842529 0.732118 0.0114569
421 0.842529 0.735296 0.0102759
422 0.842529 0.740852 0.00898187
423 0.842529 0.735216 0.00934512
424 0.842529 0.731534 0.0100312
425 0.842529 0.734877 0.00816848
426 0.842529 0.740881 0.00572857
427 0.842529 0.741474 0.00659251
428 0.842529 0.746224 0.00604271
429 0.842529 0.739503 0.00751174
430 0.842529 0.750723 0.00641101
431 0.842529 0.748512 0.00539473
432 0.842529 0.731167 0.0084818
433 0.842529 0.73345 0.0090665
434 0.844642 0.748181 0.00680381
435 0.844642 0.74917 0.00724039
436 0.844642 0.736642 0.00988035
437 0.844642 0.737738 0.0086798
438 0.844642 0.738044 0.00684508
439 0.844642 0.75421 0.00580214
440 0.844642 0.753275 0.00592228
441 0.844642 0.762319 0.00492172
442 0.844642 0.75346 0.00672857
443 0.844642 0.760936 0.0060568
444 0.844642 0.753375 0.00721034
445 0.844642 0.762465 0.00521961
446 0.844642 0.747638 0.00716143
447 0.844642 0.752061 0.00694969
448 0.844642 0.749791 0.00656769
449 0.844642 0.747307 0.0059577
450 0.844642 0.747353 0.00788881
451 0.844642 0.751246 0.00691614
452 0.844642 0.755572 0.00543162
453 0.844642 0.753401 0.00560547
454 0.844642 0.753507 0.00548903
455 0.844642 0.751397 0.00528008
456 0.844642 0.744727 0.00611023
457 0.844642 0.754893 0.00573954
458 0.844642 0.752097 0.00532204
459 0.844642 0.747694 0.0073616
460 0.844642 0.744144 0.00907467
461 0.844642 0.763306 0.00541567
462 0.844642 0.751812 0.00713205
463 0.844642 0.741962 0.00657125
464 0.844642 0.751276 0.00465165
465 0.844642 0.758242 0.00411609
466 0.846613 0.759501 0.00399196
467 0.846613 0.760816 0.0052837
468 0.846613 0.755249 0.00726416
469 0.846613 0.762648 0.00557881
470 0.846613 0.760003 0.00411845
471 0.846613 0.743405 0.00819807
472 0.846613 0.759625 0.00466867
473 0.846613 0.742805 0.00770076
474 0.846613 0.738711 0.00760451
475 0.847306 0.744484 0.00786217
476 0.847306 0.730326 0.00872578
477 0.847306 0.736516 0.00875456
478 0.847306 0.739873 0.00689074
479 0.847306 0.742865 0.00703528
480 0.850612 0.751504 0.00622089
481 0.850612 0.751175 0.00485462
482 0.850612 0.749351 0.00404511
483 0.850612 0.744234 0.00538395
484 0.850612 0.733659 0.00774075
485 0.850612 0.749716 0.00663245
486 0.850612 0.752215 0.0048494
487 0.850612 0.754223 0.00513238
488 0.850612 0.748514 0.00529916
489 0.850612 0.743105 0.00590948
490 0.850612 0.748121 0.00712916
491 0.850612 0.747699 0.00990712
492 0.850612 0.74995 0.00930014
493 0.850612 0.746178 0.00938798
494 0.850612 0.728337 0.011542
495 0.850612 0.734507 0.0118932
496 0.850612 0.740926 0.00878332
497 0.850612 0.750081 0.00708008
498 0.851613 0.755222 0.00614264
499 0.851613 0.745892 0.00717691
500 0.851613 0.754364 0.0051779
501 0.851613 0.744628 0.00726903
502 0.851613 0.735656 0.00993854
503 0.851613 0.734531 0.00936325
504 0.851613 0.749498 0.00555071
505 0.851613 0.762008 0.00387813
506 0.851613 0.759919 0.00539964
507 0.851613 0.761052 0.00642941
508 0.851613 0.759693 0.00630096
509 0.851613 0.754558 0.0077283
510 0.851613 0.752752 0.00845109
511 0.851613 0.759123 0.00583631
512 0.851613 0.759459 0.00543218
513 0.851613 0.769566 0.00467551
514 0.851613 0.763406 0.00379093
515 0.851613 0.769933 0.00287745
516 0.851613 0.765096 0.00569044
517 0.851613 0.773873 0.00325639
518 0.851613 0.762693 0.00346578
519 0.851613 0.763572 0.00314776
520 0.851613 0.770429 0.00268233
521 0.851613 0.760199 0.00321393
522 0.851613 0.7611 0.00300478
523 0.851613 0.767159 0.00379938
524 0.851613 0.769244 0.00380015
525 0.851613 0.775192 0.00232937
526 0.851613 0.768169 0.00275578
527 0.851613 0.75881 0.00356588
528 0.851613 0.753978 0.00525189
529 0.851613 0.764136 0.0034732
530 0.851613 0.771188 0.00320836
531 0.851613 0.764673 0.00376244
532 0.851613 0.753337 0.00405281
533 0.851884 0.7513 0.00397461
534 0.851884 0.76226 0.00369884
535 0.852092 0.761289 0.00394717
536 0.853892 0.769324 0.00338382
537 0.853892 0.768443 0.00411664
538 0.85439 0.757223 0.00420247
539 0.85439 0.76611 0.0040938
540 0.85439 0.761458 0.00440661
541 0.85439 0.765774 0.00435995
542 0.85439 0.765506 0.00408552
543 0.85439 0.760279 0.00415779
544 0.85439 0.757316 0.00359881
545 0.85439 0.765462 0.00366354
546 0.85773 0.765206 0.00446288
547 0.85773 0.765735 0.00475954
548 0.85773 0.751716 0.00543615
549 0.85773 0.751633 0.00509506
550 0.85773 0.754553 0.00638078
551 0.85773 0.758418 0.00565988
552 0.85773 0.753603 0.00532501
553 0.85773 0.749122 0.00565309
554 0.85773 0.755927 0.00508581
555 0.85773 0.750193 0.00471743
556 0.85773 0.753454 0.00414911
557 0.85773 0.7542 0.00475815
558 0.85773 0.764834 0.00369706
559 0.85773 0.769975 0.00315562
560 0.85773 0.766469 0.00267057
561 0.85773 0.763418 0.00395216
562 0.85773 0.76871 0.00361617
563 0.85773 0.757711 0.00512474
564 0.85773 0.754577 0.00425838
565 0.85773 0.763468 0.00420079
566 0.85773 0.765732 0.00379653
567 0.85773 0.765687 0.00345615
568 0.85773 0.765836 0.00360335
569 0.85773 0.776683 0.0029548
570 0.85773 0.77349 0.00322587
571 0.85773 0.761397 0.00403923
572 0.85773 0.758023 0.00388094
573 0.85773 0.762052 0.00316643
574 0.85773 0.765355 0.00270374
575 0.85773 0.763439 0.00379343
576 0.8615 0.760754 0.00489438
577 0.8615 0.749245 0.00658839
578 0.8615 0.755473 0.00488183
579 0.8615 0.757197 0.00443913
580 0.8615 0.753374 0.0042492
581 0.8615 0.754005 0.00589549
582 0.8615 0.753728 0.00621686
583 0.8615 0.755272 0.00717239
584 0.8615 0.760021 0.00576212
585 0.8615 0.762713 0.00489448
586 0.8615 0.75995 0.00471294
587 0.8615 0.752633 0.00540487
588 0.8615 0.752262 0.00473484
589 0.8615 0.757428 0.00562239
590 0.8615 0.762176 0.00488965
591 0.8615 0.761927 0.00507177
592 0.8615 0.763488 0.00559102
593 0.8615 0.766493 0.00377869
594 0.8615 0.757544 0.00493793
595 0.8615 0.758412 0.0059236
596 0.8615 0.759147 0.00518883
597 0.8615 0.754033 0.00576151
598 0.8615 0.746254 0.00803342
599 0.8615 0.749895 0.00745349
600 0.8615 0.752605 0.00597834
601 0.8615 0.751925 0.00584351
602 0.8615 0.756249 0.00555901
603 0.8615 0.758727 0.00509753
604 0.8615 0.753813 0.00556697
605 0.8615 0.757177 0.00539994
606 0.8615 0.760879 0.00576015
607 0.8615 0.761727 0.00486699
608 0.8615 0.762876 0.00462267
609 0.8615 0.76887 0.00349978
610 0.8615 0.762903 0.00519535
611 0.8615 0.758593 0.00578082
612 0.8615 0.753242 0.00725302
613 0.8615 0.753787 0.00585913
614 0.8615 0.748451 0.00663457
615 0.8615 0.746399 0.00534895
616 0.8615 0.740276 0.00717935
617 0.8615 0.740486 0.00833151
618 0.8615 0.741453 0.00944309
619 0.8615 0.747783 0.00791098
620 0.8615 0.75162 0.00704722
621 0.8615 0.755564 0.00500508
622 0.8615 0.752099 0.00685873
623 0.8615 0.761942 0.00489033
624 0.8615 0.754534 0.00472374
625 0.8615 0.753367 0.00469471
626 0.8615 0.753398 0.00557883
627 0.8615 0.752897 0.00576318
628 0.8615 0.750688 0.00541355
629 0.8615 0.753585 0.00514308
630 0.8615 0.755761 0.00553978
631 0.8615 0.75831 0.00636161
632 0.8615 0.756748 0.00622812
633 0.8615 0.758884 0.00544982
634 0.8615 0.760665 0.0036911
635 0.8615 0.757416 0.0041168
636 0.8615 0.755104 0.00486732
637 0.8615 0.755951 0.00416275
638 0.8615 0.756229 0.0049991
639 0.8615 0.755132 0.0052271
640 0.8615 0.753677 0.00515893
641 0.8615 0.757593 0.00512981
642 0.8615 0.760523 0.00470172
643 0.8615 0.757479 0.00505226
644 0.8615 0.751123 0.00530612
645 0.8615 0.751141 0.00519501
646 0.8615 0.755321 0.0040754
647 0.8615 0.753863 0.00393168
648 0.8615 0.755101 0.00408854
649 0.8615 0.754607 0.0044372
650 0.8615 0.766283 0.00462322
651 0.8615 0.760569 0.00485654
652 0.8615 0.765069 0.00427709
653 0.8615 0.764381 0.00472926
654 0.8615 0.764413 0.00519785
655 0.8615 0.763124 0.00490377
656 0.8615 0.754222 0.00561903
657 0.8615 0.753459 0.00488716
658 0.8615 0.757126 0.00541535
659 0.8615 0.753889 0.00546274
660 0.8615 0.75045 0.0054967
661 0.8615 0.748299 0.00710911
662 0.8615 0.745964 0.00665267
663 0.8615 0.744476 0.0074903
664 0.8615 0.747522 0.00464824
665 0.8615 0.752853 0.00453388
666 0.8615 0.74596 0.00575949
667 0.8615 0.753928 0.00511723
668 0.8615 0.75006 0.00598968
669 0.8615 0.745423 0.0065161
670 0.8615 0.75042 0.00610723
671 0.8615 0.750986 0.00651312
672 0.8615 0.753111 0.00559793
673 0.8615 0.737224 0.0074261
674 0.86178 0.745765 0.00588454
675 0.86178 0.744909 0.00753365
676 0.86178 0.743281 0.00712608
677 0.861825 0.754559 0.00469134
678 0.861825 0.756662 0.00574261
679 0.861825 0.758469 0.00442502
680 0.861825 0.760339 0.00380786
681 0.861825 0.76029 0.00636286
682 0.861825 0.766725 0.00472457
683 0.861825 0.771934 0.00394363
684 0.861825 0.766496 0.00391695
685 0.861825 0.754928 0.00558776
686 0.861825 0.749945 0.00738105
687 0.861825 0.751548 0.00733757
688 0.861825 0.747472 0.00878584
689 0.861825 0.751801 0.00739011
690 0.861825 0.761698 0.00541449
691 0.861825 0.752874 0.00756637
692 0.861825 0.751498 0.00619523
693 0.861825 0.758488 0.0055188
694 0.861825 0.756802 0.00581962
695 0.861825 0.753108 0.00536065
696 0.861825 0.741435 0.00900917
697 0.861825 0.750795 0.00616318
698 0.861825 0.750972 0.00502399
699 0.861825 0.753098 0.00503132
700 0.861825 0.751775 0.00546933
701 0.861825 0.765585 0.00419845
702 0.861825 0.770793 0.00322376
703 0.861825 0.762447 0.00435278
704 0.861825 0.754059 0.00699787
705 0.861825 0.751887 0.00802277
706 0.861825 0.75786 0.00626075
707 0.861825 0.750058 0.00718404
708 0.861825 0.758 0.00556781
709 0.862016 0.761311 0.00483839
710 0.862016 0.759617 0.0046972
711 0.862016 0.74757 0.00493729
712 0.862016 0.745727 0.00707702
713 0.862016 0.740042 0.00743538
714 0.862016 0.735206 0.00933926
715 0.862016 0.73475 0.00837753
716 0.862016 0.746509 0.00686493
717 0.862016 0.748593 0.00460494
718 0.862016 0.745883 0.0055941
719 0.862016 0.752549 0.00540388
720 0.862016 0.743204 0.0072998
721 0.862016 0.743579 0.00721327
722 0.862016 0.741708 0.00766665
723 0.862016 0.742473 0.00824921
724 0.862016 0.754088 0.0058499
725 0.862016 0.750467 0.00628562
726 0.862016 0.757136 0.00475433
727 0.862016 0.752624 0.00413424
728 0.862016 0.751197 0.00449045
729 0.862016 0.752437 0.00493036
730 0.862016 0.752884 0.0058081
731 0.862016 0.754567 0.00530061
732 0.862016 0.755711 0.00683299
733 0.862016 0.752395 0.00663648
734 0.862016 0.760702 0.00516324
735 0.862016 0.762023 0.00561409
736 0.862016 0.756981 0.00534227
737 0.862016 0.755718 0.00527136
738 0.862016 0.756191 0.00500798
739 0.862016 0.760388 0.00426902
740 0.862016 0.763192 0.00391705
741 0.862016 0.760113 0.00427254
742 0.862016 0.767102 0.00309526
743 0.862016 0.751946 0.00473774
744 0.862016 0.750982 0.00511783
745 0.862016 0.761022 0.00517252
746 0.862016 0.757777 0.00642357
747 0.862016 0.757702 0.00645368
748 0.862016 0.75845 0.00706383
749 0.862016 0.764923 0.00668869
750 0.862016 0.761908 0.00646352
751 0.862016 0.75986 0.00495916
752 0.862125 0.768958 0.00383458
753 0.862125 0.753656 0.00530242
754 0.862125 0.751049 0.00581403
755 0.862125 0.750337 0.00666514
756 0.862125 0.750236 0.00652642
757 0.862125 0.74598 0.00755718
758 0.862125 0.753389 0.00605912
759 0.862125 0.75838 0.00607196
760 0.862125 0.759865 0.00529814
761 0.862125 0.752956 0.00622554
762 0.862125 0.760387 0.00645798
763 0.862125 0.755841 0.00532179
764 0.862125 0.752984 0.00517158
765 0.862125 0.754542 0.00549713
766 0.862125 0.757042 0.00418826
767 0.862125 0.753184 0.00560639
768 0.862125 0.763928 0.00317206
769 0.862125 0.764283 0.00401241
770 0.862125 0.769641 0.00373347
771 0.862125 0.757368 0.00397173
772 0.862125 0.758225 0.00458088
773 0.862125 0.751975 0.00508996
774 0.862125 0.759592 0.00555073
775 0.862125 0.753376 0.00601286
776 0.862125 0.753262 0.0054359
777 0.862125 0.755082 0.00461015
778 0.862125 0.756094 0.00460232
779 0.862125 0.751376 0.00607245
780 0.862125 0.753204 0.00583666
781 0.862125 0.753724 0.00590632
782 0.862125 0.755244 0.00502522
783 0.862125 0.759001 0.00450474
784 0.862125 0.766642 0.00437926
785 0.862125 0.762257 0.00452898
786 0.862125 0.767081 0.00349778
787 0.862125 0.768878 0.00317502
788 0.862125 0.75555 0.00432793
789 0.862125 0.757806 0.00400704
790 0.862125 0.759206 0.00509436
791 0.862125 0.755276 0.00470752
792 0.862125 0.749591 0.00650242
793 0.862125 0.744129 0.00635841
794 0.862125 0.742503 0.00651328
795 0.862125 0.756566 0.0056695
796 0.862125 0.753719 0.00515091
797 0.862125 0.754018 0.00511148
798 0.862125 0.754177 0.00630199
799 0.862125 0.764793 0.00404069
800 0.862125 0.767281 0.00394134
801 0.862125 0.766351 0.00449017
802 0.862125 0.767079 0.0041123
803 0.862125 0.774832 0.00315033
804 0.862125 0.776453 0.00321243
805 0.862125 0.757155 0.00533172
806 0.862125 0.743923 0.00796402
807 0.862125 0.744974 0.00786629
808 0.862125 0.755462 0.00773873
809 0.862125 0.765965 0.00635259
810 0.862125 0.757347 0.00812229
811 0.862125 0.755289 0.00779983
812 0.862125 0.746042 0.00777782
813 0.862125 0.740723 0.0094522
814 0.862125 0.737161 0.0106986
815 0.862125 0.751377 0.00903184
816 0.862125 0.755177 0.0062542
817 0.862125 0.764117 0.00416267
818 0.862125 0.760988 0.00429835
819 0.862125 0.758653 0.00354324
820 0.862125 0.755417 0.00530363
821 0.862125 0.748675 0.00625333
822 0.862125 0.750863 0.00641957
823 0.862125 0.755139 0.00476388
824 0.862125 0.749303 0.00662853
825 0.862125 0.749689 0.00699854
826 0.862324 0.755362 0.0063241
827 0.862324 0.744139 0.00800601
828 0.862324 0.750692 0.00624702
829 0.862324 0.758802 0.0054073
830 0.862324 0.755517 0.00498466
831 0.862324 0.751995 0.00516356
832 0.862324 0.751226 0.00706197
833 0.862324 0.741387 0.00830863
834 0.862324 0.742746 0.00892264
835 0.862324 0.739902 0.00976523
836 0.862324 0.743146 0.00890488
837 0.862324 0.735243 0.00878148
838 0.862324 0.747268 0.00617693
839 0.862324 0.737486 0.00752981
840 0.862324 0.738834 0.00809152
841 0.862324 0.73938 0.0090745
842 0.862324 0.750823 0.00612378
843 0.862324 0.743943 0.00727455
844 0.862324 0.739824 0.00964925
845 0.862324 0.745543 0.00792264
846 0.862324 0.748977 0.00637766
847 0.862324 0.74474 0.00793551
848 0.862324 0.743289 0.00655299
849 0.862324 0.74721 0.00762075
850 0.862324 0.750707 0.00670149
851 0.862324 0.769782 0.00484206
852 0.862324 0.762374 0.00558002
853 0.862324 0.757682 0.00650848
854 0.862324 0.75304 0.00685403
855 0.862324 0.75402 0.00633954
856 0.862324 0.753234 0.00595645
857 0.862324 0.760587 0.00634577
858 0.862324 0.765836 0.00519035
859 0.862324 0.759448 0.00605021
860 0.862324 0.753807 0.00735146
861 0.862324 0.754653 0.00682868
862 0.862324 0.756341 0.00742679
863 0.862324 0.752401 0.00827451
864 0.862324 0.760005 0.00740233
865 0.862324 0.763433 0.00569975
866 0.862324 0.754295 0.00695557
867 0.862324 0.755518 0.00770724
868 0.862324 0.758414 0.0072988
869 0.862324 0.763287 0.00538412
870 0.862324 0.76548 0.00395999
871 0.862324 0.768281 0.00378785
872 0.862324 0.763133 0.00403758
873 0.862324 0.761972 0.00469709
874 0.862324 0.75724 0.00577984
875 0.862324 0.75876 0.00527744
876 0.862483 0.763881 0.0045012
877 0.862483 0.760784 0.00457197
878 0.862483 0.75952 0.00542595
879 0.862483 0.761358 0.00425774
880 0.862483 0.763287 0.00420974
881 0.862483 0.768785 0.00398078
882 0.862483 0.767687 0.00368674
883 0.862483 0.770422 0.003371
884 0.862483 0.766209 0.00327752
885 0.862483 0.767262 0.00345811
886 0.862483 0.764511 0.00360291
887 0.862483 0.748272 0.00848082
888 0.862483 0.752494 0.00746364
889 0.862483 0.755936 0.00813553
890 0.862483 0.764712 0.00505807
891 0.862483 0.766526 0.00363153
892 0.862483 0.763861 0.00536378
893 0.862953 0.770343 0.00440036
894 0.862953 0.767812 0.0049027
895 0.862953 0.77123 0.00334847
896 0.862953 0.772164 0.00332901
897 0.862953 0.769038 0.00398711
898 0.862953 0.768941 0.00397064
899 0.862953 0.758129 0.00438114
900 0.862953 0.764372 0.00442048
901 0.862953 0.769515 0.00469032
902 0.862953 0.762977 0.0051158
903 0.862953 0.765791 0.0048109
904 0.862953 0.762874 0.00459127
905 0.862953 0.750657 0.00720085
906 0.862953 0.749718 0.00825625
907 0.862953 0.753194 0.00690686
908 0.862953 0.751668 0.00577882
909 0.862953 0.75035 0.00816571
910 0.862953 0.759291 0.0066435
911 0.862953 0.755938 0.00600695
912 0.862953 0.749672 0.00725732
913 0.862953 0.761001 0.00630736
914 0.862953 0.758642 0.0056961
915 0.862953 0.759123 0.00550349
916 0.862953 0.75921 0.0049406
917 0.862953 0.769547 0.00407401
918 0.862953 0.76534 0.00581122
919 0.862953 0.766628 0.0052792
920 0.862953 0.767421 0.0048519
921 0.862953 0.747134 0.00821558
922 0.862953 0.742341 0.00840978
923 0.862953 0.744403 0.00795932
924 0.862953 0.748786 0.0073064
925 0.862953 0.746989 0.00642357
926 0.862953 0.753408 0.0053663
927 0.862953 0.753135 0.00480341
928 0.862953 0.747396 0.0055165
929 0.862953 0.763132 0.00481751
930 0.862953 0.750945 0.00778564
931 0.862953 0.753079 0.00568116
932 0.862953 0.759273 0.00534549
933 0.862953 0.75246 0.00519417
934 0.862953 0.754152 0.00521901
935 0.862953 0.744492 0.00713362
936 0.862953 0.746903 0.00815676
937 0.862953 0.74505 0.00748839
938 0.862953 0.756288 0.00564836
939 0.862953 0.760448 0.00493375
940 0.862953 0.764594 0.00599031
941 0.862953 0.760262 0.00576748
942 0.862953 0.755872 0.00471921
943 0.862953 0.75149 0.00738879
944 0.862953 0.75043 0.00836753
945 0.862953 0.752872 0.0081936
946 0.862953 0.749361 0.00741176
947 0.862953 0.754533 0.00663931
948 0.862953 0.752343 0.00635397
949 0.862953 0.752648 0.00671914
950 0.862953 0.751956 0.00595449
951 0.862953 0.753588 0.0057165
952 0.862953 0.757957 0.00500743
953 0.862953 0.762082 0.00426507
954 0.862953 0.757117 0.00447384
955 0.862953 0.749531 0.00541986
956 0.862953 0.756142 0.00575431
957 0.862953 0.747714 0.00597299
958 0.862953 0.748676 0.00791635
959 0.862953 0.749083 0.00626063
960 0.862953 0.759033 0.00405174
961 0.862953 0.752552 0.00588221
962 0.862953 0.765166 0.0049293
963 0.862953 0.761152 0.00376336
964 0.862953 0.753362 0.00564699
965 0.862953 0.755101 0.00716486
966 0.862953 0.747272 0.00611917
967 0.862953 0.759581 0.00452086
968 0.862953 0.751861 0.0060092
969 0.862953 0.753456 0.00513789
970 0.862953 0.749698 0.00467962
971 0.862953 0.747219 0.00410295
972 0.862953 0.751447 0.00455526
973 0.862953 0.756173 0.00446536
974 0.862953 0.744431 0.00552711
975 0.862953 0.746155 0.00671666
976 0.862953 0.740682 0.00695387
977 0.862953 0.747368 0.00771908
978 0.862953 0.741973 0.00947071
979 0.862953 0.738375 0.00984265
980 0.862953 0.758603 0.00664957
981 0.862953 0.7599 0.00619624
982 0.862953 0.755766 0.00601723
983 0.862953 0.753911 0.00595732
984 0.862953 0.751679 0.00610355
985 0.862953 0.745927 0.0062954
986 0.862953 0.745993 0.00619739
987 0.862953 0.752984 0.00403797
988 0.862953 0.754262 0.00434597
989 0.862953 0.741271 0.00861838
990 0.862953 0.752717 0.00647504
991 0.862953 0.745373 0.00714592
992 0.862953 0.74502 0.00724652
993 0.862953 0.74712 0.0055875
994 0.862953 0.744471 0.00756295
995 0.862953 0.737523 0.00770274
996 0.862953 0.744667 0.00832307
997 0.862953 0.739835 0.00913034
998 0.862953 0.737966 0.0109697
999 0.862953 0.737999 0.0102924
1000 0.862953 0.740802 0.00812668
