0 0.523903 0.499696 2.5609e-05
1 0.577433 0.500791 0.000110442
2 0.863477 0.505336 0.00246784
3 0.863477 0.505956 0.00255923
4 0.863477 0.51108 0.0032728
5 0.863477 0.517969 0.00384185
6 0.863477 0.519805 0.00398074
7 0.863477 0.527027 0.00538525
8 0.863477 0.533986 0.0076211
9 0.863477 0.544991 0.00923595
10 0.899138 0.544256 0.0119155
11 0.953955 0.565454 0.0188992
12 0.965186 0.571849 0.0212925
13 0.968598 0.581835 0.0243157
14 0.968598 0.581081 0.0284719
15 0.968598 0.602938 0.029347
16 0.968598 0.602993 0.0367038
17 0.968598 0.618656 0.0375182
18 0.968922 0.630318 0.0407488
19 0.97323 0.645676 0.0409256
20 0.981353 0.635403 0.0449619
21 0.981353 0.647721 0.0429471
22 0.981353 0.649517 0.044728
23 0.981353 0.670319 0.0426774
24 0.981353 0.701346 0.0420687
25 0.989384 0.6861 0.0433573
26 0.989565 0.687122 0.0466701
27 0.991566 0.697154 0.0395094
28 0.991566 0.678955 0.0388351
29 0.991566 0.71705 0.040792
30 0.994217 0.756854 0.036834
31 0.994217 0.759935 0.040916
32 0.994217 0.752168 0.0406062
33 0.994217 0.774343 0.0386316
34 0.994661 0.800691 0.0363198
35 0.994661 0.792593 0.0381205
36 0.996186 0.821063 0.0315748
37 0.996186 0.824682 0.0315427
38 0.996186 0.805713 0.0329409
39 0.996431 0.817747 0.0322177
40 0.996431 0.82145 0.032277
41 0.996431 0.823374 0.0312953
42 0.996431 0.841488 0.0283924
43 0.996431 0.849893 0.0238174
44 0.996431 0.828209 0.0309368
45 0.99668 0.856657 0.0264611
46 0.996796 0.887838 0.0164946
47 0.996796 0.887079 0.0177951
48 0.996992 0.907365 0.012715
49 0.996992 0.910385 0.0117535
50 0.997543 0.917919 0.0100138
51 0.997585 0.907593 0.0107347
52 0.997585 0.901643 0.0123469
53 0.997585 0.913199 0.0121959
54 0.997585 0.885122 0.0155797
55 0.997585 0.876649 0.0179116
56 0.998276 0.868055 0.0176386
57 0.998276 0.845596 0.0236821
58 0.998276 0.85326 0.0252051
59 0.998276 0.850758 0.0232486
60 0.998276 0.846441 0.0254069
61 0.998276 0.871611 0.0190839
62 0.998276 0.881919 0.0146519
63 0.998765 0.862014 0.022811
64 0.998765 0.866199 0.027741
65 0.998765 0.880585 0.0213013
66 0.998765 0.856845 0.0264458
67 0.998765 0.863784 0.0226487
68 0.998765 0.860224 0.0201693
69 0.998765 0.861281 0.0200336
70 0.998765 0.860409 0.0182511
71 0.998765 0.867851 0.0172163
72 0.998765 0.875122 0.0166942
73 0.998765 0.887433 0.0165913
74 0.998765 0.878288 0.0176282
75 0.999197 0.86736 0.0196324
76 0.999197 0.86083 0.0234371
77 0.999197 0.886642 0.0155445
78 0.999197 0.869569 0.0175309
79 0.999197 0.881207 0.0154214
80 0.999197 0.880819 0.0168119
81 0.999197 0.885563 0.0173114
82 0.999197 0.884649 0.0224142
83 0.999382 0.879918 0.0189331
84 0.999382 0.883977 0.0189495
85 0.999382 0.882518 0.0172888
86 0.999382 0.887313 0.0150879
87 0.999382 0.901738 0.0121504
88 0.999382 0.903819 0.012062
89 0.999382 0.899959 0.0123043
90 0.999382 0.905203 0.0101626
91 0.999382 0.91513 0.00880586
92 0.999391 0.904518 0.0111607
93 0.999391 0.903903 0.0100733
94 0.999391 0.90283 0.0126655
95 0.999391 0.900879 0.009681
96 0.999391 0.908578 0.00750242
97 0.999391 0.915739 0.00728481
98 0.999391 0.917963 0.00672817
99 0.999391 0.902773 0.0074957
100 0.999391 0.90487 0.00704261
101 0.999391 0.893127 0.0127349
102 0.999391 0.902723 0.0105468
103 0.999391 0.894607 0.011529
104 0.999391 0.891341 0.0119823
105 0.999391 0.885149 0.0150116
106 0.999391 0.899817 0.0116917
107 0.999391 0.902539 0.0122757
108 0.999391 0.894017 0.0153486
109 0.999503 0.895313 0.0188916
110 0.999503 0.904796 0.0147699
111 0.999503 0.884759 0.0205564
112 0.999503 0.887897 0.0233274
113 0.999503 0.897847 0.0144739
114 0.999503 0.900364 0.0146394
115 0.999503 0.912731 0.00980877
116 0.999503 0.913352 0.0112534
117 0.999503 0.915249 0.0112812
118 0.999503 0.919318 0.0121001
119 0.999503 0.913036 0.011865
120 0.999503 0.927129 0.00764066
121 0.999503 0.924864 0.00904593
122 0.999503 0.918561 0.00884748
123 0.999503 0.928457 0.0082107
124 0.999503 0.91441 0.0100179
125 0.999602 0.902757 0.0117357
126 0.999602 0.913452 0.0095406
127 0.999602 0.910438 0.0113123
128 0.999602 0.891562 0.0156016
129 0.999602 0.901209 0.0155913
130 0.999602 0.903976 0.0141519
131 0.999602 0.906427 0.013527
132 0.999602 0.889651 0.015703
133 0.999602 0.894289 0.0157194
134 0.999602 0.905791 0.012445
135 0.999602 0.875153 0.019098
136 0.999605 0.88321 0.0138659
137 0.999605 0.899436 0.00989528
138 0.999605 0.905203 0.00905509
139 0.999605 0.903529 0.0109136
140 0.999605 0.889869 0.01844
141 0.999686 0.909129 0.0147769
142 0.999686 0.907076 0.0144787
143 0.999686 0.91521 0.0105639
144 0.999686 0.90374 0.0106627
145 0.999686 0.90538 0.0112412
146 0.999686 0.898937 0.0121638
147 0.999686 0.905163 0.00985849
148 0.999686 0.902567 0.0138117
149 0.999686 0.90916 0.0126942
150 0.999686 0.914693 0.00874582
151 0.999686 0.923625 0.00615425
152 0.999686 0.902459 0.0124263
153 0.999686 0.916187 0.0105037
154 0.999686 0.925351 0.00798866
155 0.999686 0.917395 0.0106611
156 0.999686 0.916246 0.0104137
157 0.999686 0.899059 0.00937656
158 0.999686 0.870287 0.0180168
159 0.999686 0.885769 0.0137433
160 0.999686 0.883973 0.0132763
161 0.999686 0.879722 0.0175511
162 0.999686 0.882591 0.0176187
163 0.999686 0.89457 0.0170551
164 0.999686 0.911859 0.0124134
165 0.999686 0.904144 0.014333
166 0.999686 0.907614 0.0126746
167 0.999686 0.898289 0.0109066
168 0.999686 0.901021 0.0107835
169 0.999686 0.901735 0.0109257
170 0.999686 0.897624 0.0124667
171 0.999686 0.872659 0.0174946
172 0.999686 0.871609 0.0157094
173 0.999686 0.892205 0.0129993
174 0.999686 0.883424 0.015376
175 0.999686 0.870357 0.0181905
176 0.999686 0.867742 0.0175544
177 0.999686 0.873892 0.0168725
178 0.999686 0.86847 0.0241419
179 0.999686 0.889798 0.0169293
180 0.999686 0.880228 0.0208374
181 0.999686 0.882476 0.0196185
182 0.999686 0.890182 0.0147603
183 0.999686 0.891714 0.0127451
184 0.999686 0.895181 0.0133991
185 0.999686 0.873666 0.0153635
186 0.999686 0.889241 0.0106825
187 0.999686 0.900478 0.00895276
188 0.999686 0.899536 0.0105518
189 0.999686 0.907976 0.00929438
190 0.999686 0.905023 0.0114064
191 0.999686 0.90766 0.0109405
192 0.999686 0.907839 0.0131385
193 0.999686 0.901804 0.0128694
194 0.999686 0.899724 0.0129939
195 0.999686 0.901939 0.0156509
196 0.999686 0.922632 0.0115964
197 0.999686 0.918516 0.0109434
198 0.999686 0.906031 0.0118688
199 0.999686 0.910684 0.00847899
200 0.999686 0.898848 0.0132332
201 0.999686 0.894827 0.0149633
202 0.999686 0.878768 0.0152194
203 0.999686 0.868422 0.0164841
204 0.999686 0.875041 0.0135873
205 0.999686 0.882113 0.0133587
206 0.999686 0.898869 0.00850574
207 0.999686 0.898177 0.0100708
208 0.999686 0.891937 0.0155852
209 0.999686 0.900567 0.0129346
210 0.999686 0.882368 0.0173346
211 0.999686 0.8817 0.0167607
212 0.999686 0.891747 0.0202445
213 0.999686 0.86442 0.0181489
214 0.999686 0.848269 0.0199078
215 0.999686 0.871855 0.0144048
216 0.999686 0.880441 0.0160925
217 0.999686 0.875956 0.0171416
218 0.999686 0.878352 0.0176685
219 0.999686 0.87899 0.020139
220 0.999686 0.86494 0.0228393
221 0.999686 0.883103 0.016031
222 0.999686 0.873464 0.0168625
223 0.999686 0.878055 0.0153767
224 0.999686 0.873588 0.0165085
225 0.999686 0.896811 0.01409
226 0.999686 0.899206 0.0106242
227 0.999686 0.887607 0.013243
228 0.999686 0.900789 0.00741154
229 0.999686 0.905204 0.00985247
230 0.999686 0.884103 0.0106749
231 0.999686 0.890484 0.0123864
232 0.999686 0.884869 0.0131393
233 0.999686 0.8728 0.0219932
234 0.999686 0.875845 0.0183292
235 0.999686 0.889144 0.0158665
236 0.999686 0.903719 0.0101792
237 0.999686 0.905236 0.0103078
238 0.999686 0.905942 0.0110439
239 0.999686 0.897545 0.0118772
240 0.999686 0.896951 0.0116374
241 0.999686 0.901107 0.0113443
242 0.999686 0.88352 0.0128952
243 0.999686 0.884649 0.0137147
244 0.999686 0.87858 0.0203659
245 0.999686 0.888585 0.0104867
246 0.999686 0.903403 0.0122393
247 0.999686 0.906555 0.0114522
248 0.999686 0.91566 0.00960119
249 0.999686 0.906032 0.0104378
250 0.999686 0.911768 0.0109765
251 0.999686 0.906572 0.0112495
252 0.999686 0.889646 0.0170175
253 0.999686 0.886247 0.0128093
254 0.999686 0.906972 0.0119093
255 0.999704 0.886978 0.0149975
256 0.999704 0.909 0.0105523
257 0.999704 0.895576 0.0121437
258 0.999704 0.892755 0.014146
259 0.999704 0.876142 0.0194291
260 0.999704 0.872713 0.020366
261 0.999704 0.870867 0.0190745
262 0.999704 0.882018 0.0167656
263 0.999704 0.887092 0.0159579
264 0.999704 0.895695 0.0126316
265 0.999704 0.889951 0.0146623
266 0.999714 0.890385 0.0141934
267 0.999714 0.900372 0.0114498
268 0.999714 0.906467 0.0118168
269 0.999714 0.909447 0.0131711
270 0.999714 0.90167 0.0139252
271 0.999714 0.908458 0.0123735
272 0.999714 0.910574 0.0132825
273 0.999722 0.902319 0.0147699
274 0.999722 0.901158 0.0144816
275 0.999722 0.90052 0.0117229
276 0.999722 0.893847 0.0166068
277 0.999722 0.877972 0.0177211
278 0.999722 0.879454 0.017559
279 0.999722 0.900722 0.0130072
280 0.999722 0.893137 0.012721
281 0.999722 0.909476 0.0084735
282 0.999722 0.901345 0.00717913
283 0.999722 0.896337 0.00909579
284 0.999722 0.896912 0.0117944
285 0.999722 0.894115 0.0111698
286 0.999722 0.897489 0.0127844
287 0.999722 0.900842 0.00891678
288 0.999722 0.890026 0.0109067
289 0.999722 0.875488 0.0131655
290 0.999722 0.901612 0.0126584
291 0.999722 0.902794 0.0115871
292 0.999722 0.918324 0.00944915
293 0.999722 0.910086 0.0107914
294 0.999722 0.908843 0.0101465
295 0.999722 0.89691 0.00993082
296 0.999722 0.875566 0.0150087
297 0.999722 0.892476 0.0145126
298 0.999722 0.883836 0.0137273
299 0.999722 0.896812 0.0103478
300 0.999722 0.881637 0.0128483
301 0.999722 0.895133 0.014412
302 0.999722 0.893297 0.0134097
303 0.999722 0.888003 0.014333
304 0.999722 0.901093 0.0126207
305 0.999722 0.8977 0.0161548
306 0.999722 0.911886 0.0111202
307 0.999722 0.920306 0.00947836
308 0.999722 0.914374 0.0126586
309 0.999722 0.907538 0.0145499
310 0.999742 0.907352 0.0148104
311 0.999742 0.901177 0.0124069
312 0.999743 0.907489 0.0115456
313 0.999743 0.906416 0.0112959
314 0.999743 0.897905 0.0132036
315 0.999743 0.911312 0.00878101
316 0.999743 0.895107 0.0111629
317 0.999743 0.885421 0.014428
318 0.999743 0.873773 0.0178703
319 0.999743 0.899763 0.0153987
320 0.999743 0.908854 0.0122494
321 0.999743 0.90611 0.0130911
322 0.999743 0.886906 0.0152815
323 0.999743 0.888125 0.0104221
324 0.999743 0.897573 0.0138079
325 0.999743 0.898346 0.0120718
326 0.999743 0.902393 0.0123508
327 0.999743 0.897261 0.0115168
328 0.999743 0.903724 0.0099664
329 0.999743 0.907963 0.00960532
330 0.999743 0.904069 0.0074627
331 0.999743 0.91019 0.00836484
332 0.999743 0.908829 0.0100064
333 0.999743 0.919872 0.00932568
334 0.999743 0.911894 0.0126281
335 0.999743 0.921214 0.00801462
336 0.999743 0.920855 0.00803222
337 0.999743 0.920146 0.00876629
338 0.999743 0.909981 0.012357
339 0.999743 0.908764 0.00878582
340 0.999743 0.926401 0.00642184
341 0.999777 0.921762 0.00904976
342 0.999777 0.910706 0.0122516
343 0.999777 0.908598 0.00959084
344 0.999777 0.9076 0.0107904
345 0.999777 0.909207 0.0090044
346 0.999777 0.912025 0.00929254
347 0.999777 0.916153 0.0114494
348 0.999777 0.90836 0.0104592
349 0.999777 0.912093 0.00961933
350 0.999777 0.904544 0.0136109
351 0.999777 0.904404 0.0165339
352 0.999777 0.915592 0.0137725
353 0.999777 0.896809 0.0160454
354 0.999777 0.90206 0.0143464
355 0.999777 0.907123 0.0105475
356 0.999777 0.903801 0.0107835
357 0.999777 0.907416 0.00867123
358 0.999777 0.924554 0.00648562
359 0.999777 0.932982 0.00394
360 0.999777 0.916828 0.00952672
361 0.999777 0.89781 0.0145577
362 0.999777 0.89164 0.0155749
363 0.999777 0.887385 0.0140757
364 0.999777 0.884585 0.0145067
365 0.999777 0.870632 0.0166789
366 0.999777 0.893707 0.0131648
367 0.999777 0.904239 0.0113431
368 0.999777 0.899529 0.0132548
369 0.999777 0.904158 0.0122918
370 0.999777 0.904035 0.00987585
371 0.999777 0.899181 0.0117433
372 0.999777 0.89103 0.0142195
373 0.999777 0.877629 0.0164548
374 0.999777 0.867495 0.0171429
375 0.999777 0.871607 0.0157293
376 0.999777 0.87692 0.0124881
377 0.999777 0.886558 0.011147
378 0.999777 0.892679 0.0101918
379 0.999795 0.896928 0.0099697
380 0.999795 0.905048 0.00839039
381 0.999795 0.911473 0.00746958
382 0.999795 0.912277 0.00901938
383 0.999795 0.917822 0.00687605
384 0.999795 0.905383 0.00837265
385 0.999795 0.909377 0.0101195
386 0.999795 0.912275 0.0082819
387 0.999795 0.895591 0.0120222
388 0.999795 0.884362 0.0114681
389 0.999795 0.884307 0.0144066
390 0.999795 0.902841 0.0099069
391 0.999795 0.89527 0.011428
392 0.999795 0.892331 0.0143576
393 0.999795 0.889763 0.0148015
394 0.999795 0.888673 0.0161536
395 0.999795 0.907769 0.0122343
396 0.999795 0.90422 0.0146418
397 0.999795 0.894011 0.0163832
398 0.999795 0.900206 0.0126941
399 0.999795 0.895545 0.0154439
400 0.999795 0.904136 0.0144972
401 0.999795 0.884538 0.0172191
402 0.999795 0.892833 0.0161603
403 0.999795 0.892158 0.0180961
404 0.999795 0.889555 0.0178977
405 0.999795 0.905094 0.0140486
406 0.999795 0.891974 0.0146985
407 0.999795 0.89608 0.0180718
408 0.999795 0.926331 0.00731882
409 0.999795 0.942113 0.00412331
410 0.999829 0.913796 0.0108783
411 0.999829 0.910399 0.00936733
412 0.999829 0.912501 0.0106269
413 0.999829 0.892331 0.0151287
414 0.999829 0.908891 0.0113298
415 0.999829 0.889069 0.0160017
416 0.999829 0.896855 0.0163882
417 0.999829 0.888047 0.0143687
418 0.999829 0.885452 0.0161424
419 0.999829 0.877422 0.0147708
420 0.999829 0.894279 0.0115139
421 0.999829 0.889175 0.0142256
422 0.999829 0.891707 0.0116482
423 0.999829 0.902565 0.0117018
424 0.999829 0.91362 0.0123888
425 0.999829 0.901783 0.0111897
426 0.999829 0.896747 0.0112292
427 0.999829 0.90959 0.00614858
428 0.999829 0.901483 0.010689
429 0.999829 0.890771 0.0103292
430 0.999829 0.882097 0.0171238
431 0.999829 0.895042 0.0160642
432 0.999829 0.887043 0.0164641
433 0.999829 0.891206 0.0133177
434 0.999829 0.89482 0.0132587
435 0.999829 0.898725 0.0129466
436 0.999829 0.900093 0.011717
437 0.999829 0.882048 0.0154769
438 0.999829 0.899794 0.0118802
439 0.999829 0.890572 0.0133773
440 0.999829 0.885105 0.0140107
441 0.999829 0.877768 0.0177089
442 0.999829 0.868091 0.0187785
443 0.999829 0.854555 0.0291416
444 0.999829 0.862259 0.0255666
445 0.999829 0.861554 0.0229253
446 0.999829 0.870563 0.0212986
447 0.999829 0.896618 0.0168443
448 0.999829 0.913448 0.0143814
449 0.999829 0.896948 0.0155254
450 0.999829 0.887163 0.0155476
451 0.999829 0.894937 0.0114272
452 0.999829 0.896008 0.0118235
453 0.999829 0.886793 0.0135198
454 0.999829 0.878498 0.0170113
455 0.999829 0.896225 0.0138139
456 0.999829 0.886137 0.016535
457 0.999829 0.902085 0.0104454
458 0.999829 0.894733 0.0126261
459 0.999829 0.879359 0.0141773
460 0.999829 0.891725 0.0140874
461 0.999829 0.875888 0.0175239
462 0.999829 0.888186 0.0158509
463 0.999829 0.885264 0.0165576
464 0.999829 0.901073 0.0130302
465 0.999829 0.887236 0.0154385
466 0.999829 0.893277 0.0179177
467 0.999829 0.905154 0.0106969
468 0.999829 0.895457 0.0156073
469 0.999829 0.896173 0.00828125
470 0.999829 0.881704 0.0119086
471 0.999829 0.880595 0.0140349
472 0.999829 0.896938 0.0116877
473 0.999829 0.893997 0.00918098
474 0.999829 0.896156 0.00868208
475 0.999829 0.875756 0.0117831
476 0.999829 0.881733 0.0115919
477 0.999829 0.862151 0.01598
478 0.999829 0.875948 0.0131453
479 0.999829 0.883993 0.0120576
480 0.999829 0.897187 0.00977393
481 0.999829 0.889444 0.0144145
482 0.999829 0.886209 0.0142065
483 0.999829 0.893229 0.0133243
484 0.999829 0.908975 0.0111892
485 0.999829 0.893483 0.0124967
486 0.999829 0.912125 0.00992226
487 0.999829 0.901928 0.0105225
488 0.999829 0.896052 0.0105356
489 0.999829 0.894808 0.0159523
490 0.999829 0.891713 0.0154404
491 0.999829 0.885908 0.0148012
492 0.999829 0.89459 0.0143868
493 0.999829 0.883103 0.0172173
494 0.999829 0.870585 0.0191514
495 0.999834 0.872079 0.0202015
496 0.999834 0.864321 0.0193131
497 0.999834 0.869482 0.0212848
498 0.999834 0.855362 0.0222973
499 0.999834 0.877388 0.018655
500 0.999834 0.877535 0.0196164
501 0.999834 0.891836 0.0180907
502 0.999834 0.889872 0.0170623
503 0.999834 0.87485 0.0167046
504 0.999834 0.898091 0.0145311
505 0.999834 0.864753 0.0166643
506 0.999834 0.883533 0.0152019
507 0.999834 0.865871 0.0200823
508 0.999834 0.873505 0.0173943
509 0.999834 0.888568 0.0155447
510 0.999834 0.890746 0.0120141
511 0.999834 0.90456 0.00778951
512 0.999834 0.895826 0.00920022
513 0.999834 0.893563 0.0110491
514 0.999834 0.895089 0.0113807
515 0.999834 0.885008 0.0120297
516 0.999834 0.896862 0.0114306
517 0.999836 0.894897 0.0124528
518 0.999836 0.894248 0.0138186
519 0.999836 0.90118 0.0129889
520 0.999836 0.90289 0.0115657
521 0.999836 0.903851 0.00775348
522 0.999836 0.91409 0.00904944
523 0.999836 0.893939 0.0106576
524 0.999836 0.89633 0.0102955
525 0.999836 0.896466 0.0121067
526 0.999836 0.898475 0.0140902
527 0.999836 0.905845 0.0127162
528 0.999836 0.905048 0.0107821
529 0.999836 0.890285 0.0115235
530 0.999836 0.891177 0.0154531
531 0.999836 0.908997 0.0103408
532 0.999836 0.913813 0.0103305
533 0.999836 0.892285 0.0142723
534 0.999836 0.897798 0.0126039
535 0.999836 0.909519 0.0101597
536 0.999836 0.90831 0.0118849
537 0.999836 0.903445 0.0122136
538 0.999836 0.916208 0.00723973
539 0.999836 0.929455 0.00555559
540 0.999836 0.928108 0.00824381
541 0.999836 0.921727 0.00640798
542 0.999836 0.895546 0.0120657
543 0.999836 0.882643 0.0149142
544 0.999836 0.906824 0.0103887
545 0.999836 0.908694 0.0112662
546 0.999836 0.911124 0.00976742
547 0.999836 0.909533 0.0110362
548 0.999836 0.91217 0.0117979
549 0.999836 0.906091 0.0114152
550 0.999836 0.908762 0.012593
551 0.999836 0.903039 0.0113422
552 0.999836 0.90515 0.0103053
553 0.999836 0.908891 0.00900427
554 0.999836 0.917234 0.0084901
555 0.999836 0.910609 0.0106699
556 0.999836 0.905063 0.0115507
557 0.999836 0.897165 0.0120811
558 0.999836 0.892579 0.0149612
559 0.999836 0.891097 0.0135172
560 0.999836 0.885977 0.0182729
561 0.999836 0.895354 0.0179999
562 0.999836 0.916957 0.0121968
563 0.999836 0.891089 0.0155786
564 0.999836 0.901545 0.0137166
565 0.999836 0.890274 0.0138389
566 0.999836 0.891765 0.0144068
567 0.999836 0.882544 0.020088
568 0.999836 0.890764 0.016078
569 0.999836 0.910197 0.00818909
570 0.999836 0.919616 0.00494429
571 0.999836 0.898617 0.00923442
572 0.999836 0.891811 0.0137489
573 0.999836 0.89747 0.0125722
574 0.999836 0.90031 0.00985368
575 0.999836 0.890769 0.0110979
576 0.999836 0.906869 0.0120572
577 0.999836 0.897042 0.0152761
578 0.999836 0.90771 0.0091653
579 0.999836 0.89456 0.0175141
580 0.999836 0.897954 0.0113288
581 0.999836 0.895211 0.0140791
582 0.999836 0.901851 0.0131287
583 0.999836 0.88268 0.0179458
584 0.999836 0.898082 0.0133463
585 0.999836 0.870487 0.0152833
586 0.999836 0.880012 0.0127733
587 0.999836 0.864021 0.0186022
588 0.999837 0.883721 0.014922
589 0.999837 0.872405 0.0161891
590 0.999837 0.881462 0.0149099
591 0.999837 0.882537 0.0138914
592 0.999837 0.892521 0.014753
593 0.999837 0.880726 0.0145151
594 0.999837 0.896841 0.0134633
595 0.999837 0.901339 0.0139228
596 0.999837 0.891186 0.0109374
597 0.999837 0.888247 0.013502
598 0.999837 0.883715 0.0151427
599 0.999837 0.885381 0.0138454
600 0.999837 0.870273 0.0154221
601 0.999837 0.869268 0.0168949
602 0.999837 0.865089 0.0177049
603 0.999837 0.874141 0.0151247
604 0.999837 0.878697 0.0140933
605 0.999837 0.858835 0.0210574
606 0.999837 0.873037 0.0216947
607 0.999837 0.876023 0.0230998
608 0.999837 0.893108 0.0149458
609 0.999837 0.888866 0.0171029
610 0.999837 0.90166 0.015055
611 0.999837 0.88945 0.0160807
612 0.999837 0.910418 0.00982571
613 0.999837 0.89838 0.012091
614 0.999837 0.89094 0.0130504
615 0.999837 0.891223 0.0160917
616 0.999837 0.896308 0.0153747
617 0.999837 0.900702 0.0097946
618 0.999837 0.906018 0.00952671
619 0.999837 0.89949 0.0127513
620 0.999837 0.901789 0.0104797
621 0.999837 0.896797 0.0134211
622 0.999837 0.904305 0.0113268
623 0.999837 0.885139 0.0160422
624 0.999837 0.881879 0.0146179
625 0.999837 0.866957 0.0170029
626 0.999837 0.882419 0.0153099
627 0.999837 0.882188 0.0137174
628 0.999837 0.861268 0.0170131
629 0.999837 0.873039 0.0135048
630 0.999837 0.882454 0.0123585
631 0.999837 0.89319 0.0117809
632 0.999837 0.882648 0.0124591
633 0.999837 0.877021 0.0156996
634 0.999837 0.894477 0.0161641
635 0.999837 0.884868 0.017306
636 0.999837 0.888154 0.015747
637 0.999837 0.894082 0.0146632
638 0.999837 0.906258 0.0121076
639 0.999837 0.907393 0.0133811
640 0.999837 0.904038 0.0105465
641 0.999837 0.900826 0.0109723
642 0.999837 0.892696 0.0140238
643 0.999837 0.896287 0.012277
644 0.999837 0.90471 0.00912839
645 0.999837 0.896213 0.0111863
646 0.999837 0.88621 0.0136104
647 0.999837 0.895527 0.0136146
648 0.999837 0.890544 0.0152342
649 0.999837 0.888967 0.0131864
650 0.999837 0.888162 0.0145827
651 0.999837 0.871185 0.0157016
652 0.999837 0.896714 0.0145962
653 0.999837 0.891802 0.015103
654 0.999837 0.870291 0.0149926
655 0.999837 0.878315 0.0127992
656 0.999837 0.887638 0.0125952
657 0.999837 0.870577 0.0131752
658 0.999837 0.859929 0.01718
659 0.999837 0.849255 0.0203527
660 0.999837 0.882189 0.0148262
661 0.999837 0.849614 0.0200689
662 0.999837 0.861819 0.017672
663 0.999837 0.863585 0.0161412
664 0.999837 0.895635 0.0142818
665 0.999837 0.896764 0.012541
666 0.999837 0.897719 0.0138027
667 0.999837 0.898057 0.0142217
668 0.999837 0.895693 0.0145051
669 0.999837 0.867945 0.0200914
670 0.999837 0.882854 0.0135707
671 0.999837 0.91539 0.00691691
672 0.999837 0.914891 0.00811437
673 0.999837 0.914016 0.00899773
674 0.999837 0.901129 0.0116698
675 0.999837 0.904156 0.0119758
676 0.999837 0.907254 0.0101254
677 0.999837 0.921458 0.00867714
678 0.999837 0.903896 0.0119557
679 0.999837 0.892754 0.0135599
680 0.999837 0.901216 0.0111286
681 0.999837 0.899111 0.0125697
682 0.999837 0.905887 0.0101225
683 0.999837 0.900755 0.00903407
684 0.999837 0.911515 0.0077543
685 0.999837 0.900622 0.0105798
686 0.999837 0.897773 0.0128393
687 0.999837 0.894556 0.011431
688 0.999837 0.893439 0.0142332
689 0.999837 0.882248 0.01705
690 0.999837 0.87073 0.0207556
691 0.999837 0.864678 0.0175383
692 0.999837 0.874365 0.0131262
693 0.999837 0.898413 0.0111947
694 0.999837 0.883894 0.0166747
695 0.999837 0.902834 0.0140648
696 0.999837 0.87266 0.0218863
697 0.999837 0.880244 0.0192428
698 0.999837 0.883137 0.0165848
699 0.999837 0.877099 0.0214352
700 0.999837 0.86901 0.020483
701 0.999837 0.878747 0.018792
702 0.999837 0.874684 0.0186375
703 0.999837 0.885407 0.0172657
704 0.999837 0.878326 0.0172759
705 0.999837 0.885048 0.0185063
706 0.999837 0.891855 0.0162079
707 0.999837 0.882824 0.0179775
708 0.999837 0.873367 0.0162372
709 0.999837 0.905093 0.00972759
710 0.999837 0.909702 0.00918778
711 0.999837 0.905665 0.00786819
712 0.999837 0.896869 0.0121572
713 0.999837 0.902941 0.0133096
714 0.999837 0.892729 0.013149
715 0.999837 0.887827 0.0144842
716 0.999837 0.910574 0.0100465
717 0.999837 0.903986 0.00977961
718 0.999837 0.910801 0.0123906
719 0.999837 0.920755 0.00717304
720 0.999837 0.914891 0.00754655
721 0.999837 0.901594 0.0127788
722 0.999837 0.89095 0.0152267
723 0.999837 0.882137 0.0178679
724 0.999837 0.904288 0.0145991
725 0.999837 0.912013 0.0128689
726 0.999837 0.896389 0.0148596
727 0.999837 0.912996 0.0100535
728 0.999837 0.912734 0.00977533
729 0.999837 0.915129 0.00809423
730 0.999837 0.910257 0.00699803
731 0.999837 0.912901 0.0092085
732 0.999837 0.883204 0.0162163
733 0.999837 0.899019 0.0118249
734 0.999837 0.890227 0.0132453
735 0.999837 0.877977 0.0149682
736 0.999837 0.899707 0.0117757
737 0.999837 0.886738 0.0125539
738 0.999837 0.88913 0.0122004
739 0.999837 0.882092 0.0144173
740 0.999837 0.897098 0.0135771
741 0.999837 0.888513 0.0159334
742 0.999837 0.893623 0.010507
743 0.999837 0.904131 0.0114302
744 0.999837 0.900997 0.0113008
745 0.999837 0.902723 0.0140753
746 0.999837 0.893836 0.016317
747 0.999837 0.884039 0.0182313
748 0.999837 0.91316 0.0111286
749 0.999837 0.906524 0.0119238
750 0.999837 0.896126 0.0153888
751 0.999837 0.910898 0.0118576
752 0.999837 0.894537 0.0139582
753 0.999837 0.897099 0.0145286
754 0.999837 0.880265 0.0171934
755 0.999837 0.882564 0.0187134
756 0.999837 0.885035 0.0192617
757 0.999837 0.889732 0.0131579
758 0.999837 0.899514 0.0107204
759 0.999837 0.905957 0.0116093
760 0.999837 0.915052 0.00935366
761 0.999837 0.914639 0.00995132
762 0.999837 0.893393 0.0107657
763 0.999837 0.896476 0.0125813
764 0.999837 0.892639 0.0146104
765 0.999837 0.89 0.0132999
766 0.999837 0.894208 0.0106686
767 0.999837 0.891804 0.0119886
768 0.999837 0.898266 0.00837413
769 0.999837 0.890612 0.0119201
770 0.999837 0.890742 0.0117938
771 0.999837 0.896005 0.0106069
772 0.999837 0.889024 0.0115545
773 0.999837 0.891711 0.0106676
774 0.999837 0.899578 0.00972688
775 0.999837 0.877146 0.0146942
776 0.999837 0.889438 0.0151196
777 0.999837 0.89157 0.00998943
778 0.999837 0.892511 0.0123561
779 0.999837 0.902659 0.0110394
780 0.999837 0.874709 0.0170756
781 0.999837 0.900868 0.0140485
782 0.999837 0.890336 0.0128576
783 0.999837 0.89676 0.0133898
784 0.999837 0.900495 0.0111015
785 0.999837 0.892855 0.0147228
786 0.999837 0.890046 0.0149709
787 0.999837 0.889914 0.0139154
788 0.999837 0.888485 0.0128692
789 0.999837 0.892856 0.00967167
790 0.999837 0.894856 0.0121596
791 0.999837 0.903165 0.0121668
792 0.999837 0.893474 0.0137528
793 0.999837 0.890029 0.0147587
794 0.999837 0.887845 0.0142565
795 0.999837 0.89845 0.0130595
796 0.999837 0.884454 0.0140047
797 0.999837 0.888283 0.0152473
798 0.999837 0.888024 0.0136212
799 0.999837 0.879669 0.0173232
800 0.999837 0.875666 0.0204993
801 0.999837 0.881922 0.0179489
802 0.999837 0.881574 0.0176931
803 0.999837 0.878179 0.020548
804 0.999837 0.86636 0.0219116
805 0.999837 0.877715 0.0195198
806 0.999837 0.88874 0.019851
807 0.999837 0.895262 0.0149689
808 0.999837 0.889266 0.0164151
809 0.999837 0.894741 0.0141587
810 0.999837 0.893951 0.0130994
811 0.999837 0.905361 0.0107519
812 0.999837 0.922588 0.00756483
813 0.999837 0.916969 0.00746466
814 0.999837 0.924573 0.00667953
815 0.999837 0.920718 0.00817152
816 0.999837 0.916877 0.00652663
817 0.999837 0.917357 0.00805088
818 0.999837 0.914155 0.00755051
819 0.999837 0.912481 0.00937382
820 0.999837 0.921332 0.00640934
821 0.999837 0.89981 0.00869862
822 0.999837 0.909617 0.00674264
823 0.999837 0.924731 0.00543571
824 0.999837 0.924581 0.00587297
825 0.999837 0.918849 0.00778653
826 0.999837 0.91923 0.00775913
827 0.999837 0.911253 0.00647341
828 0.999837 0.914044 0.00713941
829 0.999837 0.909719 0.0113876
830 0.999837 0.909862 0.0131765
831 0.999837 0.900507 0.0127752
832 0.999837 0.900374 0.0135859
833 0.999837 0.900108 0.0143832
834 0.999837 0.893669 0.0156318
835 0.999837 0.903952 0.0143469
836 0.999837 0.906381 0.0127664
837 0.999837 0.904631 0.0123037
838 0.999837 0.910662 0.010966
839 0.999837 0.922 0.00878188
840 0.999837 0.902475 0.013177
841 0.999837 0.893906 0.0115445
842 0.999837 0.88797 0.0123962
843 0.999837 0.901129 0.0126398
844 0.999837 0.88442 0.0173963
845 0.999837 0.891159 0.0109283
846 0.999837 0.889616 0.0148809
847 0.999837 0.890319 0.0152605
848 0.999837 0.89649 0.0127164
849 0.999837 0.888052 0.0135081
850 0.999837 0.884766 0.0147988
851 0.999837 0.889398 0.0177031
852 0.999837 0.877424 0.0186401
853 0.999837 0.871209 0.0213185
854 0.999837 0.861815 0.0171203
855 0.999837 0.881449 0.0156664
856 0.999837 0.862747 0.0182114
857 0.999837 0.856608 0.0206278
858 0.999837 0.872401 0.0184829
859 0.999837 0.890212 0.0104584
860 0.999837 0.894943 0.0106878
861 0.999837 0.888154 0.0124085
862 0.999837 0.883939 0.0128426
863 0.999837 0.896012 0.016196
864 0.999837 0.899002 0.0116436
865 0.999837 0.892345 0.0134657
866 0.999837 0.899287 0.0114726
867 0.999837 0.921171 0.0084987
868 0.999837 0.901324 0.0138146
869 0.999837 0.910346 0.0114404
870 0.999837 0.893756 0.0141443
871 0.999837 0.897574 0.0131309
872 0.999837 0.919758 0.00798418
873 0.999837 0.915518 0.0101768
874 0.999837 0.906335 0.0135072
875 0.999837 0.911816 0.0104527
876 0.999837 0.907374 0.0136463
877 0.999837 0.908784 0.012428
878 0.999837 0.920182 0.00931711
879 0.999837 0.906743 0.0147875
880 0.999837 0.894971 0.0179589
881 0.999837 0.885283 0.0169468
882 0.999837 0.891413 0.0178793
883 0.999837 0.902161 0.0114364
884 0.999837 0.882129 0.0155065
885 0.999837 0.89113 0.0173369
886 0.999837 0.898462 0.0135847
887 0.999837 0.893703 0.0178279
888 0.999837 0.900497 0.0160522
889 0.999837 0.900128 0.0161637
890 0.999837 0.894836 0.0167259
891 0.999837 0.888358 0.0181746
892 0.999837 0.878457 0.0183345
893 0.999837 0.876148 0.0200697
894 0.999837 0.894658 0.0155624
895 0.999837 0.890645 0.0176357
896 0.999837 0.879579 0.0170848
897 0.999837 0.906786 0.0124806
898 0.999837 0.896381 0.0147926
899 0.999837 0.90264 0.0126958
900 0.999837 0.900596 0.0132949
901 0.999837 0.881822 0.0166171
902 0.999837 0.88155 0.0181876
903 0.999837 0.876328 0.0166958
904 0.999837 0.889133 0.0132795
905 0.999837 0.87769 0.0173896
906 0.999837 0.887041 0.0166991
907 0.999837 0.871305 0.0211976
908 0.999837 0.870736 0.0200921
909 0.999837 0.876448 0.0224761
910 0.999837 0.884844 0.0159815
911 0.999837 0.890807 0.0146166
912 0.999837 0.884129 0.0168997
913 0.999837 0.870118 0.0226384
914 0.999837 0.857867 0.0202515
915 0.999837 0.864215 0.0194787
916 0.999837 0.871482 0.0220356
917 0.999837 0.880362 0.0216858
918 0.999837 0.866517 0.0239767
919 0.999837 0.88808 0.0187486
920 0.999837 0.874549 0.0198937
921 0.999837 0.869164 0.0220751
922 0.999837 0.860891 0.019459
923 0.999837 0.859895 0.0208013
924 0.999837 0.894301 0.0169869
925 0.999837 0.885999 0.0156556
926 0.999837 0.891838 0.0179968
927 0.999837 0.894039 0.0146782
928 0.999837 0.869408 0.0181765
929 0.999837 0.87661 0.0169581
930 0.999837 0.874822 0.0174469
931 0.999837 0.865129 0.0176704
932 0.999837 0.868047 0.0196039
933 0.999837 0.857219 0.020313
934 0.999837 0.869377 0.018414
935 0.999837 0.881099 0.0166105
936 0.999837 0.915124 0.0109333
937 0.999837 0.903047 0.0114134
938 0.999837 0.913318 0.00908553
939 0.999837 0.899608 0.00757154
940 0.999837 0.899097 0.0102862
941 0.999837 0.910121 0.00793011
942 0.999837 0.897983 0.00965754
943 0.999837 0.882804 0.011143
944 0.999837 0.886974 0.0109678
945 0.999837 0.889066 0.0109809
946 0.999837 0.882746 0.0108053
947 0.999837 0.883391 0.0135314
948 0.999837 0.895789 0.0127349
949 0.999837 0.89557 0.0132408
950 0.999837 0.904101 0.00935975
951 0.999837 0.910492 0.0105122
952 0.999837 0.911079 0.0100809
953 0.999837 0.905547 0.0105372
954 0.999837 0.89633 0.0110642
955 0.999837 0.901903 0.0110005
956 0.999837 0.884812 0.0135908
957 0.999837 0.88274 0.0114176
958 0.999837 0.884433 0.0146477
959 0.999837 0.880083 0.014489
960 0.999837 0.881673 0.0145165
961 0.999837 0.877504 0.0142023
962 0.999837 0.885711 0.0132016
963 0.999837 0.893754 0.0119188
964 0.999837 0.877819 0.0203805
965 0.999837 0.890043 0.0151863
966 0.999837 0.898193 0.0116164
967 0.999837 0.892583 0.0162472
968 0.999837 0.901469 0.0131281
969 0.999837 0.901648 0.0164454
970 0.999837 0.91546 0.00811715
971 0.999837 0.894941 0.0115515
972 0.999837 0.909708 0.010708
973 0.999837 0.893738 0.015638
974 0.999837 0.905534 0.0121645
975 0.999837 0.898263 0.0133561
976 0.999837 0.903918 0.012578
977 0.999837 0.903868 0.0118076
978 0.999837 0.89208 0.0139233
979 0.999837 0.888781 0.014706
980 0.999837 0.902672 0.0104405
981 0.999837 0.902582 0.0138986
982 0.999837 0.915987 0.0109941
983 0.999837 0.894392 0.0156337
984 0.999837 0.896545 0.0133304
985 0.999837 0.873582 0.0182977
986 0.999837 0.872276 0.0205892
987 0.999837 0.87738 0.0193474
988 0.999837 0.887793 0.0157394
989 0.999837 0.877529 0.0179336
990 0.999837 0.883749 0.019404
991 0.999837 0.893108 0.0156596
992 0.999837 0.898923 0.0167699
993 0.999837 0.886245 0.0179732
994 0.999837 0.887068 0.016246
995 0.999837 0.887257 0.0147389
996 0.999837 0.895804 0.0131098
997 0.999837 0.89366 0.0111329
998 0.999837 0.901665 0.0122892
999 0.999837 0.896032 0.0112661
1000 0.999837 0.887386 0.0131771
