0 0.320428 0.252346 0.000172319
1 0.349377 0.253615 0.000358816
2 0.349377 0.25627 0.000432072
3 0.389795 0.261679 0.000906771
4 0.389988 0.263048 0.00116308
5 0.428159 0.27129 0.00189787
6 0.428159 0.276207 0.00262107
7 0.440897 0.276652 0.00287582
8 0.443134 0.277612 0.00335186
9 0.443134 0.278991 0.00331304
10 0.443134 0.27829 0.00390054
11 0.501271 0.288793 0.00485016
12 0.508724 0.293431 0.00550243
13 0.508724 0.299015 0.00608846
14 0.508724 0.297796 0.00570872
15 0.510032 0.294537 0.00646087
16 0.510032 0.312984 0.00804368
17 0.512405 0.326304 0.00913289
18 0.512405 0.330313 0.00972653
19 0.512405 0.328106 0.00962844
20 0.512405 0.324223 0.00877986
21 0.512405 0.330368 0.00948972
22 0.512405 0.339875 0.00994128
23 0.512405 0.335315 0.00887929
24 0.524677 0.341832 0.00889966
25 0.524677 0.333608 0.00776914
26 0.524677 0.341871 0.00824
27 0.524677 0.342308 0.00865878
28 0.524677 0.336861 0.00800043
29 0.524677 0.340758 0.00777542
30 0.524677 0.359551 0.00910247
31 0.524677 0.361677 0.00832037
32 0.538728 0.367727 0.0079462
33 0.538728 0.367438 0.00668322
34 0.540032 0.370976 0.00759127
35 0.540032 0.371012 0.00734863
36 0.540032 0.373608 0.00699096
37 0.540032 0.381418 0.00786452
38 0.540032 0.395106 0.00717454
39 0.540032 0.401232 0.00693041
40 0.540032 0.412499 0.00585183
41 0.540032 0.414397 0.0066173
42 0.540032 0.401533 0.00676134
43 0.540256 0.397165 0.00638377
44 0.540256 0.398145 0.00663108
45 0.540256 0.413603 0.00550537
46 0.542413 0.411874 0.00649803
47 0.542413 0.413512 0.00540841
48 0.542413 0.404366 0.00632154
49 0.542413 0.408884 0.00620353
50 0.542413 0.416128 0.00602736
51 0.542413 0.420405 0.0051126
52 0.542413 0.42025 0.00542682
53 0.542413 0.423348 0.00489726
54 0.542413 0.416206 0.00477956
55 0.542413 0.424151 0.00457648
56 0.542413 0.4198 0.00567857
57 0.542413 0.419299 0.00525992
58 0.542413 0.399379 0.00607649
59 0.542413 0.409485 0.00536284
60 0.542413 0.40711 0.00585529
61 0.542413 0.411652 0.00636239
62 0.542413 0.419787 0.00632579
63 0.553188 0.418505 0.00624606
64 0.553188 0.418665 0.00603537
65 0.554078 0.430252 0.0058316
66 0.554078 0.420226 0.00551396
67 0.556102 0.419783 0.00568719
68 0.556102 0.418183 0.0051053
69 0.556102 0.422235 0.00571053
70 0.556102 0.410272 0.00595197
71 0.556102 0.416613 0.0060341
72 0.556102 0.416234 0.00674314
73 0.556102 0.422043 0.00571878
74 0.556102 0.417044 0.00591869
75 0.556719 0.428798 0.00600904
76 0.556719 0.431428 0.00639026
77 0.556719 0.429606 0.00672185
78 0.580094 0.418791 0.00670648
79 0.580094 0.418181 0.00682284
80 0.580094 0.431148 0.00637106
81 0.580094 0.434815 0.00694884
82 0.580094 0.440525 0.00623782
83 0.580094 0.424811 0.00720757
84 0.580094 0.437821 0.00743624
85 0.580094 0.436322 0.00731794
86 0.580094 0.428786 0.00767112
87 0.580094 0.43446 0.00780649
88 0.580094 0.427505 0.00876313
89 0.580094 0.436256 0.00699352
90 0.580094 0.433344 0.00656898
91 0.580094 0.44432 0.00664078
92 0.580094 0.437264 0.00714896
93 0.580094 0.433255 0.00676065
94 0.581932 0.449614 0.00732624
95 0.58974 0.450277 0.00741062
96 0.596294 0.446911 0.00763106
97 0.596294 0.445659 0.00745047
98 0.596294 0.445354 0.00766282
99 0.596294 0.442377 0.00779412
100 0.596294 0.445998 0.00836026
101 0.596294 0.438841 0.00846613
102 0.596294 0.445453 0.00814514
103 0.596294 0.440767 0.00909758
104 0.597092 0.445522 0.0092285
105 0.597092 0.447402 0.00884215
106 0.597092 0.442346 0.00966949
107 0.597092 0.461298 0.00912921
108 0.597092 0.457038 0.00971328
109 0.597092 0.466305 0.00866807
110 0.598001 0.471725 0.00958933
111 0.598001 0.451131 0.00947015
112 0.598001 0.44472 0.00936053
113 0.598789 0.443655 0.00877339
114 0.598789 0.437789 0.00899253
115 0.598789 0.457081 0.00921745
116 0.598789 0.458169 0.00985427
117 0.598789 0.451916 0.00955879
118 0.598789 0.457433 0.00978826
119 0.601435 0.434925 0.00923142
120 0.601435 0.457418 0.009285
121 0.601435 0.472416 0.00811502
122 0.601435 0.464263 0.00934645
123 0.602989 0.456529 0.00912476
124 0.602989 0.450667 0.00948829
125 0.602989 0.447256 0.00895302
126 0.603943 0.454666 0.0104868
127 0.608244 0.454392 0.00906114
128 0.608244 0.442236 0.00965482
129 0.608244 0.439356 0.00970678
130 0.608244 0.443144 0.00866063
131 0.608244 0.436134 0.00944437
132 0.608244 0.442646 0.0087564
133 0.609749 0.444578 0.0088133
134 0.609749 0.451675 0.00927847
135 0.609749 0.456901 0.00807436
136 0.621587 0.464602 0.00963216
137 0.621587 0.46185 0.00848424
138 0.621587 0.446267 0.00708521
139 0.621587 0.450952 0.00912199
140 0.621587 0.449165 0.00883138
141 0.621587 0.443397 0.00868817
142 0.621587 0.438504 0.00977546
143 0.621587 0.428388 0.0107257
144 0.621587 0.416124 0.0115154
145 0.621587 0.424141 0.0107911
146 0.621587 0.431487 0.0103866
147 0.621587 0.431736 0.0112237
148 0.621587 0.440381 0.0116062
149 0.621587 0.437528 0.0106319
150 0.621587 0.432089 0.0103118
151 0.621587 0.442929 0.0103971
152 0.621587 0.450513 0.00945078
153 0.621587 0.449853 0.010998
154 0.621587 0.449717 0.0118079
155 0.621587 0.432826 0.0109001
156 0.621587 0.44661 0.0106076
157 0.621587 0.451782 0.0110052
158 0.629156 0.453144 0.00965392
159 0.629156 0.456011 0.0106211
160 0.629156 0.439556 0.0100698
161 0.629156 0.441997 0.0113424
162 0.630867 0.434632 0.0094925
163 0.630867 0.443949 0.010566
164 0.631513 0.460689 0.0111695
165 0.631513 0.448805 0.0117216
166 0.631513 0.4603 0.0109603
167 0.631513 0.444897 0.0114391
168 0.631513 0.446186 0.0107675
169 0.631513 0.454947 0.0116112
170 0.631513 0.440845 0.0115365
171 0.631513 0.441826 0.0111606
172 0.631513 0.449239 0.0109439
173 0.631513 0.439451 0.0125203
174 0.631513 0.458201 0.0139215
175 0.631513 0.460867 0.0124478
176 0.631513 0.451995 0.0110653
177 0.631513 0.449133 0.0126093
178 0.631513 0.448634 0.0117471
179 0.631513 0.450387 0.0126267
180 0.634368 0.463883 0.0126287
181 0.634368 0.445236 0.0122031
182 0.634368 0.449751 0.0118076
183 0.634368 0.450303 0.0114016
184 0.634368 0.467212 0.0112343
185 0.634368 0.466605 0.0115589
186 0.634368 0.453354 0.0112122
187 0.634368 0.450778 0.0122654
188 0.634368 0.443737 0.0124927
189 0.634368 0.447754 0.0131567
190 0.634368 0.444795 0.0141938
191 0.634368 0.442206 0.0138802
192 0.634368 0.44228 0.0129798
193 0.634368 0.457345 0.0118836
194 0.634368 0.45791 0.0113988
195 0.634368 0.468431 0.0113918
196 0.634368 0.456874 0.0126875
197 0.634368 0.469244 0.0128213
198 0.634368 0.467021 0.0138583
199 0.634368 0.458623 0.013738
200 0.634368 0.471397 0.0114151
201 0.634368 0.471639 0.0127214
202 0.634368 0.4614 0.011143
203 0.634368 0.473 0.0118678
204 0.634368 0.471732 0.0120017
205 0.634368 0.459337 0.0122429
206 0.634368 0.431664 0.0126585
207 0.634368 0.440876 0.0151644
208 0.634368 0.445918 0.0142186
209 0.634368 0.413959 0.0142125
210 0.634368 0.441466 0.0141577
211 0.634368 0.434702 0.0147963
212 0.634368 0.434727 0.0139926
213 0.634368 0.429478 0.0140377
214 0.634368 0.436971 0.0144841
215 0.634368 0.434421 0.0132242
216 0.634368 0.44757 0.0131759
217 0.634368 0.461344 0.0117525
218 0.634368 0.444803 0.0109458
219 0.634368 0.449847 0.0108512
220 0.634368 0.44922 0.0119609
221 0.634368 0.442678 0.0118003
222 0.634368 0.449211 0.0115287
223 0.634368 0.451491 0.0122392
224 0.634368 0.451506 0.0126284
225 0.634368 0.448858 0.0135777
226 0.634368 0.434903 0.013715
227 0.634368 0.446172 0.0132685
228 0.634368 0.447967 0.0141093
229 0.634368 0.440291 0.0126806
230 0.634368 0.445112 0.0126856
231 0.634368 0.449752 0.012206
232 0.636896 0.448784 0.0116601
233 0.636896 0.443694 0.014142
234 0.636896 0.432582 0.0124464
235 0.636896 0.442058 0.0144662
236 0.636896 0.424706 0.013452
237 0.636896 0.445681 0.0137009
238 0.636896 0.445083 0.0138514
239 0.636896 0.434644 0.0133193
240 0.636896 0.431767 0.0148497
241 0.636896 0.430673 0.0149922
242 0.636896 0.435153 0.014761
243 0.636896 0.432137 0.0127941
244 0.636896 0.443582 0.014187
245 0.636896 0.443781 0.0133056
246 0.636896 0.453662 0.0137138
247 0.636896 0.453761 0.0136681
248 0.636896 0.452069 0.0130465
249 0.636896 0.452194 0.0110098
250 0.636896 0.428621 0.0109085
251 0.636896 0.433197 0.0115158
252 0.636896 0.433866 0.0127945
253 0.636896 0.42374 0.0136519
254 0.636896 0.422054 0.0113248
255 0.636896 0.428023 0.0108621
256 0.639886 0.433449 0.0123776
257 0.639886 0.440827 0.0116899
258 0.639886 0.449292 0.0110289
259 0.639886 0.459069 0.0122773
260 0.639886 0.462635 0.0112845
261 0.639886 0.452087 0.0106896
262 0.639886 0.444964 0.0111785
263 0.639886 0.451379 0.012736
264 0.639886 0.441167 0.012606
265 0.639886 0.441006 0.011805
266 0.639886 0.443767 0.011992
267 0.639886 0.448244 0.0124492
268 0.639886 0.446456 0.0111783
269 0.639886 0.445433 0.0117877
270 0.639886 0.461985 0.0142339
271 0.639886 0.449032 0.0122595
272 0.639886 0.452147 0.0131986
273 0.639886 0.451204 0.0127553
274 0.639886 0.435162 0.0119721
275 0.639886 0.430519 0.0116505
276 0.639886 0.412561 0.0132293
277 0.639886 0.43528 0.0124603
278 0.639886 0.429849 0.0123572
279 0.639886 0.43789 0.0133239
280 0.639886 0.4287 0.0129805
281 0.639886 0.433578 0.0128168
282 0.639886 0.433345 0.0111653
283 0.639886 0.433418 0.0115542
284 0.639886 0.441397 0.012095
285 0.639886 0.46527 0.0127763
286 0.639886 0.457992 0.0113953
287 0.639886 0.440143 0.0127568
288 0.639886 0.450389 0.0134828
289 0.639886 0.423459 0.0138158
290 0.639886 0.436186 0.0140383
291 0.639886 0.44327 0.0107035
292 0.639886 0.443672 0.0110966
293 0.639886 0.442589 0.0117331
294 0.639886 0.452207 0.0112232
295 0.639886 0.445084 0.011982
296 0.639886 0.448456 0.0129414
297 0.639886 0.431004 0.012239
298 0.639886 0.443932 0.0126915
299 0.639886 0.439016 0.0118405
300 0.639886 0.452394 0.0123633
301 0.639886 0.431307 0.0111412
302 0.639886 0.430583 0.0121114
303 0.639886 0.441011 0.0136293
304 0.639886 0.4439 0.0118854
305 0.639886 0.446047 0.01421
306 0.639886 0.440835 0.01267
307 0.639886 0.455979 0.0130131
308 0.639886 0.442714 0.0131533
309 0.639886 0.435632 0.0141494
310 0.639886 0.425536 0.0139767
311 0.639886 0.438867 0.0134131
312 0.639886 0.43326 0.0147759
313 0.639886 0.447421 0.0134085
314 0.639886 0.450889 0.0119469
315 0.639886 0.448395 0.0129103
316 0.639886 0.440359 0.0136837
317 0.639886 0.436507 0.0143564
318 0.639886 0.443202 0.0146055
319 0.639886 0.448638 0.0150796
320 0.639886 0.435854 0.0145955
321 0.639886 0.430029 0.0148989
322 0.639886 0.434002 0.0163524
323 0.639886 0.43083 0.0145927
324 0.639886 0.439521 0.0164867
325 0.639886 0.443605 0.0147394
326 0.639886 0.446648 0.0155712
327 0.639886 0.425931 0.0149626
328 0.639886 0.438004 0.0120773
329 0.639886 0.433367 0.0132642
330 0.639886 0.445088 0.0139459
331 0.643496 0.449603 0.0141646
332 0.643496 0.437794 0.0149504
333 0.643496 0.455182 0.0146654
334 0.643496 0.437342 0.0141821
335 0.643496 0.453383 0.013654
336 0.643496 0.440878 0.0138272
337 0.643496 0.432216 0.0141363
338 0.643496 0.450302 0.0142104
339 0.643496 0.454511 0.0129132
340 0.643496 0.43005 0.0140384
341 0.643496 0.461469 0.0133618
342 0.643496 0.441725 0.013095
343 0.643496 0.437658 0.0142553
344 0.643496 0.4263 0.0145522
345 0.643496 0.432216 0.0151162
346 0.643496 0.447517 0.0148461
347 0.643496 0.464787 0.0122334
348 0.643496 0.460843 0.0123119
349 0.643496 0.464444 0.0132273
350 0.643496 0.442602 0.0121969
351 0.643496 0.443211 0.0116291
352 0.643496 0.459316 0.0141342
353 0.643496 0.464447 0.0139343
354 0.643496 0.459211 0.0114914
355 0.643496 0.447521 0.0110185
356 0.643496 0.437464 0.0123298
357 0.643496 0.434107 0.0112324
358 0.643496 0.444897 0.0116902
359 0.643496 0.456751 0.0118386
360 0.643496 0.461502 0.0114187
361 0.643496 0.457829 0.0118641
362 0.643496 0.455265 0.0129612
363 0.643496 0.460314 0.0127391
364 0.643496 0.466574 0.0123769
365 0.643496 0.457533 0.0129116
366 0.643496 0.434891 0.011434
367 0.643496 0.44734 0.0111475
368 0.643496 0.441246 0.0109312
369 0.643496 0.447005 0.0111296
370 0.643496 0.443293 0.0117454
371 0.643496 0.450146 0.0154649
372 0.643496 0.44846 0.0124679
373 0.643496 0.453326 0.0142394
374 0.643496 0.450666 0.0128765
375 0.643496 0.45065 0.0156571
376 0.643496 0.447693 0.0148266
377 0.643496 0.441989 0.0128873
378 0.643496 0.451369 0.0132388
379 0.643496 0.43057 0.0137338
380 0.643496 0.465268 0.0136277
381 0.643496 0.457696 0.012185
382 0.643496 0.455654 0.0140058
383 0.643496 0.453508 0.0125441
384 0.643496 0.458053 0.0115851
385 0.643496 0.46425 0.0142249
386 0.643496 0.450364 0.0133419
387 0.643496 0.441948 0.0147811
388 0.643496 0.4616 0.0137853
389 0.643496 0.44648 0.0125259
390 0.643496 0.458121 0.0103694
391 0.643496 0.459361 0.0124406
392 0.643496 0.454165 0.014092
393 0.643496 0.459566 0.0142557
394 0.643496 0.450191 0.0148813
395 0.643496 0.458281 0.0149005
396 0.643496 0.460957 0.0144313
397 0.643496 0.464946 0.0122298
398 0.643496 0.463816 0.0124689
399 0.643496 0.459094 0.0116314
400 0.643496 0.456705 0.0123321
401 0.643496 0.462244 0.0140211
402 0.643496 0.435461 0.0109787
403 0.643496 0.454833 0.0114535
404 0.643814 0.467129 0.0107561
405 0.643814 0.457903 0.0126925
406 0.643814 0.446452 0.0141878
407 0.643814 0.451871 0.0122687
408 0.643814 0.467404 0.0117632
409 0.643814 0.464095 0.0105505
410 0.643814 0.435338 0.0107411
411 0.643814 0.453913 0.0123946
412 0.643814 0.45998 0.0126582
413 0.643814 0.437532 0.0132542
414 0.643814 0.427289 0.0126302
415 0.643814 0.436462 0.0137365
416 0.643814 0.452007 0.0136396
417 0.643814 0.457694 0.0122918
418 0.643814 0.457843 0.0124926
419 0.643814 0.462766 0.0131607
420 0.643814 0.455976 0.0112388
421 0.643814 0.451337 0.0132279
422 0.643814 0.442689 0.0149017
423 0.643814 0.454344 0.014443
424 0.643814 0.452708 0.0138209
425 0.643814 0.451235 0.0127361
426 0.643814 0.447551 0.0119887
427 0.643814 0.455998 0.0128556
428 0.643814 0.450474 0.0138585
429 0.643814 0.434573 0.0137111
430 0.643814 0.430999 0.0123436
431 0.643814 0.4338 0.0141503
432 0.643814 0.438115 0.0141936
433 0.643814 0.434922 0.0109821
434 0.643814 0.439844 0.0134919
435 0.643814 0.427373 0.0109072
436 0.643814 0.420896 0.014274
437 0.643814 0.431117 0.0158925
438 0.643814 0.424427 0.016472
439 0.643814 0.43814 0.0149117
440 0.643814 0.42438 0.0144268
441 0.643814 0.432206 0.0134004
442 0.643814 0.4408 0.0128328
443 0.643814 0.445041 0.0136638
444 0.643814 0.454984 0.0131071
445 0.643814 0.455052 0.0120822
446 0.643814 0.442431 0.0123856
447 0.643814 0.447733 0.0132535
448 0.643814 0.430345 0.0131654
449 0.643814 0.438568 0.014687
450 0.643814 0.436028 0.0132078
451 0.643814 0.437605 0.0137756
452 0.643814 0.455648 0.0154864
453 0.643814 0.454086 0.0139862
454 0.643814 0.472904 0.0123083
455 0.643814 0.484269 0.010454
456 0.643814 0.462467 0.0126351
457 0.643814 0.461979 0.0143298
458 0.643814 0.45674 0.0131629
459 0.643814 0.459624 0.0143383
460 0.643814 0.473624 0.0126301
461 0.643814 0.465631 0.0128106
462 0.643814 0.458111 0.0118449
463 0.643814 0.459058 0.0122885
464 0.643814 0.474683 0.0100245
465 0.643814 0.453797 0.0126101
466 0.643814 0.457885 0.0137107
467 0.643814 0.441071 0.0124736
468 0.643814 0.445989 0.0144742
469 0.643814 0.44481 0.0136574
470 0.643814 0.438439 0.0128278
471 0.643814 0.469399 0.0131031
472 0.643814 0.450528 0.0153513
473 0.643814 0.45464 0.0116558
474 0.643814 0.438962 0.0139573
475 0.643814 0.450163 0.0122173
476 0.643814 0.456381 0.0144675
477 0.643814 0.464095 0.0132133
478 0.643814 0.475463 0.0130889
479 0.643814 0.461275 0.01257
480 0.643814 0.457222 0.0120744
481 0.643814 0.472306 0.0125607
482 0.643814 0.470147 0.00939729
483 0.643814 0.466354 0.0110727
484 0.643814 0.445449 0.0115051
485 0.643814 0.457706 0.0111442
486 0.643814 0.465021 0.00928458
487 0.643814 0.448713 0.0105803
488 0.643814 0.457809 0.0111964
489 0.643814 0.453748 0.0105688
490 0.643814 0.477439 0.0104784
491 0.643814 0.469064 0.0108452
492 0.644398 0.466608 0.011638
493 0.644398 0.458858 0.0117717
494 0.644398 0.465186 0.0108034
495 0.644398 0.471374 0.0119328
496 0.644398 0.473045 0.0140818
497 0.644398 0.47535 0.0113388
498 0.644398 0.465177 0.0118022
499 0.644398 0.466827 0.0124169
500 0.644398 0.465005 0.0106364
501 0.644398 0.453405 0.0115704
502 0.644398 0.45371 0.0115622
503 0.644398 0.462944 0.0117199
504 0.644398 0.465978 0.0134755
505 0.644398 0.468755 0.0133708
506 0.644398 0.460438 0.0139062
507 0.644398 0.46454 0.0136181
508 0.644398 0.463589 0.011827
509 0.644398 0.458228 0.0129179
510 0.644398 0.460559 0.0134699
511 0.644398 0.448789 0.013139
512 0.644398 0.466242 0.0129303
513 0.644398 0.465549 0.0126431
514 0.644398 0.451068 0.0136123
515 0.644398 0.439333 0.0129099
516 0.644398 0.44876 0.0133548
517 0.644398 0.43442 0.0116441
518 0.644398 0.45227 0.0135339
519 0.644398 0.456307 0.0142479
520 0.644398 0.457763 0.0127231
521 0.644398 0.462595 0.0110798
522 0.644398 0.459133 0.012887
523 0.644398 0.443336 0.0138988
524 0.644398 0.453288 0.0126574
525 0.644398 0.463213 0.012808
526 0.644398 0.450299 0.0133204
527 0.644398 0.438211 0.013717
528 0.644398 0.455924 0.0148428
529 0.644398 0.450994 0.0127146
530 0.644398 0.47093 0.0130111
531 0.644398 0.462164 0.0138785
532 0.644398 0.463654 0.0137076
533 0.644398 0.470002 0.0120713
534 0.644398 0.472519 0.0120105
535 0.644398 0.459727 0.012021
536 0.644398 0.456553 0.0125506
537 0.644523 0.452622 0.0139326
538 0.644523 0.443444 0.0132424
539 0.644523 0.466515 0.0124888
540 0.644523 0.467991 0.0129575
541 0.644523 0.472752 0.0133028
542 0.644523 0.470705 0.0137688
543 0.644523 0.467043 0.0125661
544 0.644547 0.453368 0.0130227
545 0.644547 0.441784 0.0133579
546 0.644773 0.443439 0.0146205
547 0.644773 0.433955 0.0139069
548 0.644773 0.444104 0.0131195
549 0.644773 0.458756 0.0139786
550 0.644773 0.463145 0.0129092
551 0.644773 0.460632 0.0129301
552 0.644773 0.466068 0.0111312
553 0.644773 0.461587 0.0113477
554 0.644773 0.468075 0.0121322
555 0.644773 0.452507 0.0122527
556 0.644773 0.465934 0.0133122
557 0.644773 0.459221 0.0135991
558 0.644773 0.464308 0.0139326
559 0.644773 0.476355 0.0122045
560 0.644773 0.459093 0.0128584
561 0.644773 0.462566 0.013302
562 0.644773 0.480822 0.0110963
563 0.644773 0.474138 0.0125725
564 0.644773 0.467474 0.012198
565 0.644821 0.45825 0.0124968
566 0.644821 0.461494 0.0125044
567 0.644821 0.463999 0.0125587
568 0.644821 0.45777 0.0120854
569 0.644821 0.487935 0.0110349
570 0.644821 0.461716 0.0116463
571 0.644821 0.451463 0.0132762
572 0.644821 0.462763 0.0131431
573 0.644821 0.467605 0.0119176
574 0.644821 0.43984 0.0151148
575 0.644821 0.462809 0.0136419
576 0.644821 0.452069 0.0131287
577 0.644821 0.461915 0.0116448
578 0.644821 0.45391 0.0118887
579 0.644821 0.461373 0.0112535
580 0.644821 0.460549 0.0113336
581 0.644821 0.454302 0.012967
582 0.644821 0.475756 0.0119917
583 0.644821 0.469736 0.0116104
584 0.645479 0.467434 0.0125143
585 0.645479 0.455967 0.0134486
586 0.645479 0.458661 0.0133696
587 0.645479 0.454918 0.0128824
588 0.645479 0.45733 0.0138976
589 0.645479 0.4801 0.0128685
590 0.645479 0.47719 0.0124174
591 0.645479 0.466204 0.0127828
592 0.645479 0.458257 0.0131045
593 0.645479 0.465721 0.0116434
594 0.645479 0.454691 0.0111991
595 0.645479 0.459422 0.0128205
596 0.645479 0.457359 0.0134274
597 0.645479 0.44338 0.0131214
598 0.645479 0.435472 0.0161863
599 0.645479 0.435868 0.0156586
600 0.645479 0.440168 0.0159516
601 0.645479 0.449056 0.0157064
602 0.645479 0.460623 0.014578
603 0.645479 0.469801 0.0144366
604 0.645479 0.463979 0.0124714
605 0.645479 0.453129 0.0128137
606 0.645479 0.453923 0.0129182
607 0.645479 0.448343 0.0127199
608 0.645479 0.449181 0.0141569
609 0.645479 0.447292 0.0153233
610 0.645479 0.44679 0.0132113
611 0.645479 0.452356 0.0159945
612 0.645479 0.451752 0.0153068
613 0.645479 0.453379 0.0140943
614 0.645479 0.45893 0.0136571
615 0.645479 0.446973 0.0132183
616 0.645479 0.459121 0.0125495
617 0.645479 0.451419 0.0122995
618 0.645479 0.453855 0.012509
619 0.645479 0.46169 0.0136113
620 0.645479 0.455652 0.0137008
621 0.645479 0.45525 0.0136414
622 0.645479 0.452205 0.0135877
623 0.645479 0.458345 0.0117084
624 0.645479 0.44167 0.0132998
625 0.645479 0.445247 0.0132892
626 0.645479 0.452465 0.01212
627 0.645479 0.456985 0.0113643
628 0.645479 0.472118 0.0128926
629 0.645479 0.465418 0.0105442
630 0.645479 0.463422 0.0127822
631 0.645479 0.455928 0.0122432
632 0.645479 0.444204 0.0125489
633 0.645479 0.447101 0.0122041
634 0.645479 0.437851 0.0135044
635 0.645479 0.453263 0.0134618
636 0.645479 0.467774 0.0140081
637 0.645479 0.463875 0.0128519
638 0.645479 0.474643 0.0114695
639 0.645479 0.476655 0.012691
640 0.645479 0.446681 0.0129254
641 0.645479 0.457857 0.0125277
642 0.645479 0.45628 0.0123168
643 0.645479 0.458559 0.0124346
644 0.645479 0.465625 0.0127184
645 0.645479 0.468007 0.012988
646 0.645479 0.472677 0.0106588
647 0.645479 0.461404 0.0124977
648 0.645479 0.462968 0.0120082
649 0.645479 0.46249 0.0110174
650 0.645479 0.462193 0.0100008
651 0.645479 0.447984 0.0100732
652 0.645479 0.439594 0.0106393
653 0.645479 0.456144 0.0116058
654 0.645479 0.451198 0.0119262
655 0.645479 0.452749 0.0115949
656 0.645479 0.47046 0.0120673
657 0.645479 0.465307 0.0112871
658 0.645479 0.478743 0.0107085
659 0.645479 0.467414 0.0100089
660 0.645479 0.447509 0.0110822
661 0.645479 0.459711 0.0108357
662 0.645479 0.478801 0.00963456
663 0.645479 0.471374 0.0117623
664 0.645479 0.473256 0.0107089
665 0.645479 0.466822 0.0114491
666 0.645479 0.464678 0.0122463
667 0.645479 0.459947 0.0106517
668 0.645479 0.442781 0.0115278
669 0.645479 0.464194 0.0118619
670 0.646085 0.473928 0.0119719
671 0.646085 0.464085 0.0120184
672 0.646085 0.450161 0.0130593
673 0.646085 0.462415 0.0133015
674 0.646085 0.475493 0.0121955
675 0.646085 0.475179 0.0124339
676 0.646085 0.476989 0.00988264
677 0.646085 0.474829 0.0113803
678 0.646085 0.446504 0.012263
679 0.646085 0.459562 0.0124633
680 0.646085 0.465493 0.0109052
681 0.646085 0.458992 0.0114471
682 0.646085 0.448518 0.0104612
683 0.646085 0.447763 0.0109669
684 0.646085 0.454654 0.0106201
685 0.646085 0.44429 0.0101475
686 0.646085 0.455333 0.0123982
687 0.646085 0.451241 0.0121435
688 0.646085 0.456922 0.0121812
689 0.646085 0.437364 0.0110422
690 0.646085 0.441824 0.0111575
691 0.646085 0.460353 0.0120599
692 0.646085 0.454777 0.0118517
693 0.646085 0.455638 0.0127298
694 0.646085 0.447079 0.0139306
695 0.646085 0.445463 0.0139493
696 0.646085 0.446775 0.0129043
697 0.646085 0.454266 0.01293
698 0.646085 0.466864 0.0128565
699 0.646085 0.459239 0.0130149
700 0.646085 0.463772 0.0115633
701 0.646085 0.457549 0.0129213
702 0.646085 0.456569 0.0127658
703 0.646085 0.468598 0.0135185
704 0.646085 0.451062 0.0127052
705 0.646085 0.460643 0.0143757
706 0.646085 0.454309 0.012399
707 0.646085 0.448781 0.0146991
708 0.646085 0.446779 0.0149896
709 0.646085 0.459181 0.0131426
710 0.646085 0.461326 0.0117429
711 0.646085 0.457157 0.0123963
712 0.646085 0.454789 0.0121046
713 0.646085 0.443515 0.0125817
714 0.646085 0.461398 0.012881
715 0.646085 0.459804 0.0127079
716 0.646085 0.465793 0.010112
717 0.646085 0.471698 0.0100025
718 0.646085 0.471426 0.0112667
719 0.646085 0.46331 0.0110016
720 0.646085 0.473343 0.0097682
721 0.646085 0.4649 0.00971712
722 0.646085 0.470685 0.0106615
723 0.646085 0.46534 0.0111694
724 0.646085 0.466486 0.0119633
725 0.646085 0.467531 0.0115718
726 0.646085 0.457857 0.0114469
727 0.646085 0.454774 0.0123185
728 0.646085 0.467467 0.012238
729 0.646085 0.456631 0.0109156
730 0.646085 0.459622 0.0111451
731 0.646085 0.466439 0.0134653
732 0.646085 0.461357 0.0121778
733 0.646085 0.462077 0.0129779
734 0.646085 0.483698 0.0129126
735 0.646085 0.4572 0.0143987
736 0.646085 0.450687 0.0163324
737 0.646085 0.442587 0.0154578
738 0.646085 0.442633 0.0152118
739 0.646085 0.45409 0.0152802
740 0.646085 0.456977 0.0138222
741 0.646085 0.464383 0.0130014
742 0.646085 0.466083 0.0126407
743 0.646085 0.464505 0.0129315
744 0.646085 0.449871 0.0137313
745 0.646085 0.453954 0.0129724
746 0.646085 0.462204 0.0144339
747 0.646085 0.453247 0.0140717
748 0.646085 0.46604 0.0137847
749 0.646085 0.463005 0.0121745
750 0.646085 0.481502 0.0113639
751 0.646085 0.482732 0.0104157
752 0.646085 0.453193 0.0101817
753 0.646085 0.470933 0.0108535
754 0.646085 0.464521 0.010589
755 0.646085 0.472082 0.01032
756 0.646085 0.474998 0.0108132
757 0.646085 0.478092 0.0105917
758 0.646085 0.45949 0.0120197
759 0.646085 0.452198 0.0119848
760 0.646085 0.451065 0.0131376
761 0.646085 0.447268 0.0117354
762 0.646085 0.466007 0.011454
763 0.646085 0.470828 0.0110676
764 0.646085 0.475007 0.0101464
765 0.646085 0.472516 0.0113793
766 0.646085 0.453414 0.0120174
767 0.646085 0.477525 0.0108194
768 0.646085 0.457984 0.0121506
769 0.646085 0.464244 0.0107282
770 0.646085 0.470186 0.0103278
771 0.646085 0.477569 0.0130904
772 0.646085 0.454679 0.0122932
773 0.646085 0.450894 0.0114574
774 0.646085 0.461802 0.0115569
775 0.646085 0.477912 0.0123327
776 0.646085 0.463424 0.0129761
777 0.646085 0.466234 0.012112
778 0.646085 0.44872 0.0127399
779 0.646085 0.449651 0.0140744
780 0.646085 0.446947 0.0117782
781 0.646085 0.442839 0.0124358
782 0.646085 0.438814 0.0134319
783 0.646085 0.446303 0.0124152
784 0.646085 0.454316 0.0133913
785 0.646085 0.437468 0.0142455
786 0.646085 0.448066 0.0145356
787 0.646085 0.444485 0.0140048
788 0.646085 0.445972 0.0154065
789 0.646085 0.450377 0.0138842
790 0.646085 0.449829 0.0145013
791 0.646085 0.4549 0.0135546
792 0.646085 0.448802 0.0131894
793 0.646085 0.443921 0.0135713
794 0.646085 0.452366 0.0125779
795 0.646085 0.461169 0.0124116
796 0.646085 0.445365 0.0145246
797 0.646085 0.431944 0.0125266
798 0.646085 0.445243 0.012623
799 0.646085 0.460042 0.0118593
800 0.646085 0.453829 0.0123112
801 0.646085 0.446438 0.0129288
802 0.646085 0.45148 0.012512
803 0.646085 0.447125 0.0127668
804 0.646085 0.448822 0.0118913
805 0.646085 0.446137 0.0133509
806 0.646085 0.446602 0.0140633
807 0.646085 0.449342 0.0139236
808 0.646085 0.437769 0.0130454
809 0.646085 0.437125 0.0134413
810 0.646085 0.434045 0.0163131
811 0.646085 0.435273 0.0144216
812 0.646085 0.444718 0.0138523
813 0.646085 0.437115 0.0140174
814 0.646085 0.453844 0.0140649
815 0.646085 0.458169 0.0131601
816 0.646085 0.462851 0.0115646
817 0.646085 0.466538 0.0106153
818 0.646085 0.446822 0.0134487
819 0.646085 0.435624 0.0141487
820 0.646085 0.426033 0.013948
821 0.646085 0.43379 0.0153647
822 0.646085 0.446297 0.0142267
823 0.646085 0.430143 0.0154399
824 0.646085 0.446015 0.0138905
825 0.646085 0.452304 0.014119
826 0.646085 0.438071 0.0139843
827 0.646085 0.448678 0.0139613
828 0.646085 0.457074 0.0145602
829 0.646085 0.452385 0.014075
830 0.646085 0.471565 0.01466
831 0.646085 0.451212 0.0152773
832 0.646085 0.465968 0.0139965
833 0.646085 0.45653 0.0158595
834 0.646085 0.451685 0.0158553
835 0.646085 0.459199 0.0158761
836 0.646085 0.467998 0.0121442
837 0.646085 0.470488 0.0128278
838 0.646085 0.467063 0.0138303
839 0.646085 0.46134 0.0136075
840 0.646085 0.45817 0.0140059
841 0.646085 0.453331 0.0138613
842 0.646085 0.458708 0.0143603
843 0.646085 0.471746 0.0125657
844 0.646085 0.467639 0.0132553
845 0.646085 0.453724 0.0141777
846 0.646085 0.459067 0.0130851
847 0.646085 0.458348 0.0127816
848 0.646085 0.462674 0.014607
849 0.646085 0.47199 0.0130984
850 0.646085 0.473127 0.0124943
851 0.646085 0.444791 0.0137309
852 0.646085 0.452045 0.0166759
853 0.646085 0.443739 0.0138804
854 0.646085 0.449255 0.0144094
855 0.646085 0.450006 0.012773
856 0.646085 0.445813 0.0143005
857 0.646085 0.445636 0.0124209
858 0.646085 0.436615 0.0135341
859 0.646085 0.455986 0.0133098
860 0.646085 0.463104 0.0135012
861 0.646085 0.444162 0.013405
862 0.646085 0.456939 0.0127202
863 0.646085 0.444398 0.0125521
864 0.646085 0.453934 0.0134804
865 0.646085 0.452048 0.0133099
866 0.646085 0.448148 0.0137547
867 0.646085 0.471457 0.0109657
868 0.646085 0.46217 0.0132008
869 0.646085 0.485594 0.012264
870 0.646085 0.463404 0.0127559
871 0.646085 0.456438 0.0113032
872 0.646085 0.45352 0.0119035
873 0.646085 0.455697 0.0118637
874 0.646085 0.456944 0.0141207
875 0.646085 0.442488 0.0134777
876 0.646085 0.450454 0.012173
877 0.646085 0.46259 0.0125148
878 0.646085 0.443083 0.0127572
879 0.646085 0.450168 0.0116896
880 0.646085 0.46185 0.0119535
881 0.646085 0.476478 0.0102577
882 0.646085 0.468814 0.0109958
883 0.646085 0.453108 0.0104157
884 0.646085 0.452339 0.0126546
885 0.646085 0.451108 0.0122425
886 0.646085 0.431597 0.0136571
887 0.646085 0.451717 0.0137472
888 0.646085 0.456488 0.0125648
889 0.646085 0.456184 0.0124004
890 0.646085 0.451389 0.0141352
891 0.646085 0.466819 0.0146899
892 0.646085 0.459611 0.0127952
893 0.646085 0.453287 0.0126943
894 0.646085 0.454357 0.0134233
895 0.646085 0.446217 0.0129054
896 0.646085 0.458825 0.0126992
897 0.646085 0.466591 0.0121372
898 0.646085 0.457566 0.0131039
899 0.646085 0.461463 0.0136611
900 0.646085 0.457513 0.0134622
901 0.646085 0.45806 0.0134082
902 0.646085 0.456104 0.0137949
903 0.646085 0.47529 0.0119724
904 0.646085 0.479459 0.0111228
905 0.646085 0.461468 0.0126106
906 0.646085 0.444266 0.0141973
907 0.646085 0.459961 0.0142107
908 0.646085 0.462864 0.0127886
909 0.646085 0.468325 0.0122917
910 0.646085 0.474672 0.0125908
911 0.646085 0.466747 0.0131256
912 0.646085 0.473469 0.0111466
913 0.646085 0.467775 0.0119033
914 0.646085 0.484685 0.00989162
915 0.646085 0.462166 0.0108249
916 0.646085 0.468839 0.0130008
917 0.646085 0.483819 0.0130764
918 0.646085 0.480671 0.0127578
919 0.646085 0.472557 0.0126159
920 0.646085 0.469957 0.0119867
921 0.646085 0.468464 0.0124737
922 0.646085 0.467406 0.0138427
923 0.646085 0.469922 0.0122566
924 0.646085 0.471327 0.0117526
925 0.646085 0.460886 0.0120517
926 0.646085 0.461164 0.0129849
927 0.646085 0.452403 0.0140887
928 0.646085 0.464525 0.0128749
929 0.646085 0.459017 0.0135608
930 0.646085 0.450144 0.0149851
931 0.646085 0.46515 0.0151495
932 0.646085 0.471376 0.0138615
933 0.646085 0.439882 0.0149678
934 0.646085 0.436975 0.0136897
935 0.646085 0.464339 0.0146128
936 0.646085 0.456061 0.0148695
937 0.646085 0.468823 0.0115282
938 0.646085 0.468506 0.0127238
939 0.646085 0.461176 0.013401
940 0.646085 0.449699 0.01181
941 0.646085 0.438567 0.0123728
942 0.646085 0.442053 0.0146986
943 0.646085 0.43817 0.0151418
944 0.646085 0.435665 0.0155357
945 0.646085 0.442828 0.0142964
946 0.646085 0.441637 0.0141954
947 0.646085 0.431069 0.0125037
948 0.646085 0.432732 0.0135767
949 0.646085 0.45712 0.0150508
950 0.646085 0.452554 0.0146193
951 0.646085 0.451227 0.0133953
952 0.646085 0.462499 0.013644
953 0.646085 0.462315 0.0138407
954 0.646085 0.441373 0.015076
955 0.646085 0.459409 0.0145326
956 0.646085 0.460034 0.0127396
957 0.646085 0.462481 0.0119488
958 0.646085 0.456996 0.0126582
959 0.646085 0.448223 0.0137111
960 0.646085 0.444743 0.013726
961 0.646085 0.46351 0.0135616
962 0.646085 0.471583 0.0112017
963 0.646085 0.460098 0.0116668
964 0.646085 0.461213 0.0143092
965 0.646085 0.45872 0.0122378
966 0.646085 0.452554 0.0121928
967 0.646085 0.463182 0.0129506
968 0.646085 0.449844 0.0132378
969 0.646085 0.455599 0.0156105
970 0.646085 0.457249 0.0149842
971 0.646085 0.451896 0.0134416
972 0.646085 0.450251 0.0133829
973 0.646085 0.446526 0.0132789
974 0.646085 0.444015 0.014242
975 0.646085 0.455248 0.0128445
976 0.646085 0.449786 0.0111732
977 0.646085 0.447174 0.0127453
978 0.646085 0.461301 0.0120569
979 0.646085 0.461146 0.0105375
980 0.646085 0.48209 0.0107175
981 0.646085 0.483703 0.0100807
982 0.646085 0.474454 0.0122811
983 0.646085 0.482705 0.0113879
984 0.646085 0.477493 0.0117916
985 0.646085 0.477978 0.0109111
986 0.646085 0.466262 0.0112251
987 0.646085 0.456528 0.0115009
988 0.646085 0.453682 0.0137105
989 0.646085 0.44019 0.0149465
990 0.646085 0.442319 0.0148588
991 0.646085 0.436642 0.0147773
992 0.646085 0.445893 0.0146869
993 0.646085 0.453418 0.0131182
994 0.646085 0.460289 0.0136824
995 0.646085 0.457876 0.0135046
996 0.646085 0.447903 0.012366
997 0.646085 0.446075 0.0143552
998 0.646085 0.452424 0.0135085
999 0.646085 0.450008 0.0123894
1000 0.646085 0.454711 0.0129112
