0 0.525995 0.499494 4.39053e-05
1 0.525995 0.499787 5.39724e-05
2 0.587277 0.501879 0.00011118
3 0.587277 0.503436 0.000164305
4 0.587277 0.502665 0.0004117
5 0.587277 0.505313 0.000592854
6 0.625854 0.51323 0.00130459
7 0.633451 0.517841 0.00114314
8 0.633451 0.51997 0.00151973
9 0.664189 0.529064 0.00260138
10 0.664189 0.519793 0.00295035
11 0.688502 0.520875 0.00315985
12 0.697401 0.53508 0.00488858
13 0.708861 0.544933 0.00584574
14 0.833173 0.538731 0.00649721
15 0.833173 0.541937 0.00631737
16 0.833173 0.550137 0.00760088
17 0.833173 0.552114 0.00933168
18 0.833173 0.545967 0.00982127
19 0.833173 0.551515 0.010219
20 0.850261 0.55294 0.0120128
21 0.850261 0.565541 0.0123853
22 0.850261 0.572678 0.0144719
23 0.850261 0.587953 0.0170073
24 0.87035 0.583913 0.0180618
25 0.870659 0.596106 0.0198724
26 0.870659 0.60151 0.0183676
27 0.870659 0.584133 0.0163295
28 0.870659 0.601716 0.0199198
29 0.870659 0.619035 0.0205522
30 0.870659 0.626215 0.0204886
31 0.870659 0.646222 0.0178544
32 0.874512 0.631855 0.0167301
33 0.874512 0.622675 0.0153763
34 0.874512 0.63369 0.0216302
35 0.879651 0.641703 0.0223025
36 0.893948 0.650334 0.0202824
37 0.893948 0.656976 0.0218127
38 0.914748 0.658758 0.0214363
39 0.914748 0.671636 0.0196215
40 0.914748 0.661615 0.0214971
41 0.915782 0.681897 0.0195355
42 0.915782 0.689847 0.0228391
43 0.915782 0.68146 0.0265221
44 0.919215 0.682821 0.0307865
45 0.919215 0.698282 0.0156404
46 0.929493 0.695562 0.0251225
47 0.929493 0.690003 0.0187538
48 0.929493 0.687783 0.0221479
49 0.929493 0.683864 0.0234428
50 0.929493 0.690532 0.0277756
51 0.931496 0.707058 0.0312624
52 0.931496 0.692197 0.0272557
53 0.933681 0.703049 0.0274095
54 0.933681 0.703636 0.0241619
55 0.938304 0.703587 0.0231727
56 0.953063 0.695358 0.0243009
57 0.953063 0.714881 0.0271644
58 0.955569 0.728675 0.0293341
59 0.955573 0.750116 0.0259
60 0.955573 0.734263 0.0294536
61 0.955573 0.732041 0.0291342
62 0.960831 0.720116 0.0274172
63 0.960831 0.745564 0.0254053
64 0.960831 0.767105 0.0180758
65 0.960831 0.758743 0.0231932
66 0.960831 0.76481 0.0202303
67 0.964945 0.780039 0.0207493
68 0.967216 0.784066 0.0186714
69 0.968147 0.784803 0.018195
70 0.979257 0.775165 0.0204528
71 0.979257 0.756132 0.0206042
72 0.979257 0.762108 0.0229205
73 0.979257 0.764014 0.0237191
74 0.979257 0.786105 0.0240691
75 0.979257 0.794788 0.0219591
76 0.979257 0.774462 0.0241136
77 0.979257 0.757156 0.0246151
78 0.979257 0.776261 0.0250907
79 0.979257 0.752568 0.0297961
80 0.979257 0.744032 0.0293873
81 0.979257 0.767194 0.0300172
82 0.981505 0.764351 0.0327437
83 0.981971 0.786484 0.0254926
84 0.981971 0.806377 0.0219864
85 0.982862 0.780807 0.0292999
86 0.982862 0.777505 0.0300833
87 0.982862 0.78102 0.0257837
88 0.982862 0.761169 0.0291505
89 0.982862 0.758782 0.0321704
90 0.982862 0.762056 0.0285616
91 0.982862 0.754552 0.0263831
92 0.982862 0.746021 0.0342965
93 0.982862 0.760586 0.0324749
94 0.982862 0.759699 0.028953
95 0.983658 0.757424 0.0284619
96 0.983658 0.772483 0.0333776
97 0.983658 0.763669 0.02825
98 0.991181 0.783748 0.0274697
99 0.991181 0.785691 0.0293525
100 0.991181 0.780888 0.0303428
101 0.991181 0.797876 0.0298311
102 0.991181 0.804787 0.0229661
103 0.991439 0.796666 0.0228721
104 0.991439 0.809414 0.0213
105 0.991439 0.79596 0.0225423
106 0.991439 0.7929 0.0281343
107 0.991534 0.805408 0.0232959
108 0.991534 0.817726 0.0271188
109 0.991534 0.81045 0.0314336
110 0.991534 0.794257 0.0245508
111 0.992864 0.795976 0.0264808
112 0.992864 0.795823 0.0282392
113 0.992864 0.799581 0.0300799
114 0.992864 0.803219 0.024668
115 0.992864 0.779952 0.0273622
116 0.992864 0.772751 0.0334973
117 0.992864 0.773068 0.0286339
118 0.992864 0.77312 0.0313141
119 0.992864 0.787708 0.0370681
120 0.99407 0.779475 0.0349885
121 0.99407 0.791194 0.0312606
122 0.99407 0.773792 0.0370504
123 0.99407 0.792421 0.0228811
124 0.99407 0.751373 0.0321587
125 0.99407 0.759521 0.0365165
126 0.99407 0.790042 0.0338921
127 0.99407 0.782402 0.0326547
128 0.99407 0.773564 0.0290523
129 0.99407 0.806303 0.0297818
130 0.99407 0.821334 0.0228444
131 0.99407 0.795359 0.0296134
132 0.994766 0.814367 0.0290715
133 0.994796 0.83679 0.0207825
134 0.994796 0.831298 0.0226713
135 0.994796 0.814472 0.0291434
136 0.995358 0.828877 0.0289827
137 0.995358 0.798294 0.0293643
138 0.995358 0.81213 0.0264143
139 0.995358 0.825853 0.0249024
140 0.995685 0.800715 0.033011
141 0.995685 0.765047 0.031844
142 0.995685 0.775153 0.03566
143 0.995685 0.785331 0.0421617
144 0.995685 0.78568 0.0462696
145 0.995685 0.780121 0.0382376
146 0.995685 0.770894 0.0347801
147 0.995685 0.777828 0.0360589
148 0.995685 0.769962 0.024504
149 0.995685 0.777894 0.0293823
150 0.996262 0.768332 0.0272519
151 0.996602 0.759608 0.030564
152 0.996602 0.768323 0.0329559
153 0.996602 0.784605 0.0274835
154 0.996602 0.778294 0.02902
155 0.996602 0.782865 0.032684
156 0.996602 0.770014 0.0316819
157 0.996602 0.780503 0.0370966
158 0.996602 0.777441 0.0365192
159 0.996645 0.776035 0.04022
160 0.996645 0.802219 0.0297253
161 0.996645 0.824193 0.023889
162 0.996645 0.810221 0.0222214
163 0.996646 0.794555 0.0299672
164 0.996646 0.796131 0.0356762
165 0.996646 0.776196 0.0380142
166 0.996646 0.750326 0.0308739
167 0.996646 0.777232 0.0323693
168 0.996646 0.801576 0.0279482
169 0.996646 0.782769 0.0323745
170 0.996646 0.788203 0.0372132
171 0.996646 0.792921 0.0305602
172 0.996646 0.75668 0.0339225
173 0.996646 0.762606 0.0352409
174 0.996646 0.790826 0.0321812
175 0.996646 0.7702 0.0361482
176 0.996646 0.799679 0.0329672
177 0.996746 0.795827 0.0317016
178 0.996787 0.810881 0.0360226
179 0.996787 0.816294 0.0358425
180 0.996787 0.810232 0.0345573
181 0.996787 0.808512 0.0353181
182 0.99684 0.833221 0.0283071
183 0.99684 0.797614 0.0298145
184 0.99684 0.812394 0.0320094
185 0.99684 0.798633 0.0330105
186 0.99684 0.80123 0.0321027
187 0.99684 0.785164 0.032601
188 0.99684 0.758044 0.0408479
189 0.99684 0.758619 0.0415405
190 0.99684 0.795119 0.0342403
191 0.99684 0.785959 0.0338509
192 0.99684 0.776256 0.0320439
193 0.99684 0.786693 0.0349181
194 0.99684 0.790458 0.0368767
195 0.99684 0.80976 0.0306778
196 0.99684 0.786705 0.0335551
197 0.99684 0.798652 0.0292536
198 0.99684 0.796596 0.0278319
199 0.99684 0.790273 0.0329166
200 0.99684 0.775449 0.0383262
201 0.99684 0.788438 0.0318726
202 0.99684 0.780653 0.0278169
203 0.99684 0.769823 0.0310175
204 0.99684 0.748999 0.0307808
205 0.99684 0.760076 0.0272168
206 0.99684 0.768886 0.0288842
207 0.99684 0.775922 0.0264162
208 0.99684 0.770849 0.0289547
209 0.99684 0.758373 0.0329903
210 0.99684 0.753053 0.0330017
211 0.99684 0.767174 0.0355027
212 0.99684 0.765737 0.038404
213 0.99684 0.771677 0.0325743
214 0.99684 0.777854 0.0328807
215 0.99684 0.781048 0.0326949
216 0.99684 0.790606 0.0281641
217 0.996981 0.818092 0.024484
218 0.996981 0.80076 0.0283634
219 0.996981 0.782582 0.0325241
220 0.996981 0.821096 0.0278521
221 0.996981 0.819216 0.0289249
222 0.996981 0.769999 0.0323062
223 0.996981 0.789275 0.0264486
224 0.996981 0.808525 0.0272384
225 0.996981 0.807988 0.0259197
226 0.996981 0.811632 0.0272051
227 0.996981 0.817551 0.0292176
228 0.996981 0.784778 0.0278789
229 0.996981 0.825559 0.0243657
230 0.996981 0.815343 0.0273007
231 0.996981 0.813123 0.0252414
232 0.996984 0.820057 0.0228963
233 0.996984 0.8087 0.027138
234 0.996984 0.784671 0.0300783
235 0.996984 0.797946 0.031919
236 0.996994 0.792695 0.031024
237 0.996994 0.79231 0.030269
238 0.996994 0.80607 0.0336505
239 0.997041 0.811336 0.029128
240 0.997041 0.809127 0.0329399
241 0.997041 0.791814 0.0312866
242 0.997041 0.809928 0.0300745
243 0.997041 0.807218 0.0323042
244 0.997041 0.759344 0.0386379
245 0.997041 0.785862 0.0321357
246 0.997041 0.777035 0.0359124
247 0.997041 0.761418 0.0390313
248 0.997058 0.772004 0.0397643
249 0.997058 0.804806 0.0379844
250 0.997058 0.804248 0.0299146
251 0.99713 0.798117 0.0299705
252 0.99713 0.782966 0.0372332
253 0.99713 0.798611 0.0385012
254 0.99713 0.789195 0.0351277
255 0.99713 0.786509 0.0313564
256 0.99713 0.771588 0.0407212
257 0.99713 0.771954 0.0412097
258 0.99713 0.774767 0.0380315
259 0.99713 0.774367 0.0377109
260 0.99713 0.771588 0.0357946
261 0.99713 0.753268 0.0340622
262 0.99713 0.798914 0.0339703
263 0.99713 0.78137 0.0360259
264 0.99713 0.782874 0.0375863
265 0.997156 0.800966 0.0302307
266 0.997156 0.80307 0.0318144
267 0.997156 0.796153 0.0328984
268 0.997156 0.76972 0.0356277
269 0.997156 0.79477 0.0343514
270 0.997156 0.784172 0.0282501
271 0.997156 0.772799 0.0340707
272 0.997156 0.742338 0.0348642
273 0.997156 0.775628 0.0369005
274 0.997156 0.78949 0.0341545
275 0.997156 0.765626 0.0372641
276 0.997156 0.78717 0.0289737
277 0.997156 0.793958 0.0259718
278 0.997156 0.768777 0.0306587
279 0.997156 0.759114 0.0323249
280 0.997156 0.778684 0.0314223
281 0.997156 0.776812 0.029656
282 0.997156 0.787719 0.032622
283 0.997156 0.796198 0.0343561
284 0.997156 0.808481 0.0297594
285 0.997156 0.785932 0.0362529
286 0.997156 0.789299 0.0344791
287 0.997156 0.828157 0.0349332
288 0.997156 0.815766 0.033985
289 0.997156 0.811016 0.036169
290 0.997156 0.807854 0.0353745
291 0.997156 0.791804 0.0329313
292 0.997156 0.794717 0.0379249
293 0.997156 0.795335 0.0412433
294 0.997156 0.78764 0.0405131
295 0.997156 0.78729 0.0425926
296 0.997156 0.764106 0.0442232
297 0.997156 0.765542 0.0438103
298 0.997156 0.773767 0.0410645
299 0.997156 0.765972 0.0383512
300 0.997156 0.778042 0.033661
301 0.997156 0.763614 0.0379505
302 0.997156 0.793383 0.0414671
303 0.997156 0.778458 0.040207
304 0.997196 0.727632 0.0427453
305 0.997196 0.76366 0.0405418
306 0.997196 0.791248 0.0314077
307 0.997196 0.781139 0.0364963
308 0.997196 0.76595 0.036133
309 0.997196 0.773415 0.0361525
310 0.997196 0.782471 0.0400368
311 0.997196 0.799661 0.034852
312 0.997196 0.791112 0.032934
313 0.997196 0.780568 0.0371491
314 0.997196 0.787847 0.0428171
315 0.997196 0.782594 0.0423781
316 0.997196 0.794762 0.0347668
317 0.997196 0.766039 0.0439972
318 0.997196 0.799366 0.0348428
319 0.997196 0.801948 0.0293839
320 0.997196 0.792938 0.0378319
321 0.997196 0.775367 0.0360506
322 0.997196 0.797263 0.0354783
323 0.997196 0.817484 0.0311803
324 0.997196 0.823578 0.0267117
325 0.997196 0.840962 0.0291353
326 0.997196 0.822127 0.0298469
327 0.997196 0.7693 0.0385349
328 0.997196 0.77761 0.0340076
329 0.997196 0.75993 0.0369031
330 0.997196 0.778685 0.0325492
331 0.997196 0.755769 0.0396827
332 0.997196 0.776936 0.0321049
333 0.997196 0.779444 0.0366553
334 0.997196 0.767482 0.0413289
335 0.997196 0.782774 0.0364607
336 0.997213 0.77715 0.035572
337 0.997213 0.754527 0.0406278
338 0.997213 0.763954 0.0412829
339 0.997275 0.781873 0.0438888
340 0.997275 0.77893 0.0447436
341 0.997275 0.768345 0.0431772
342 0.997275 0.773713 0.0423324
343 0.997275 0.769187 0.0376009
344 0.997275 0.789101 0.037999
345 0.997275 0.766985 0.0390093
346 0.997275 0.766601 0.0369793
347 0.997275 0.781347 0.0431962
348 0.997275 0.787323 0.0311426
349 0.997275 0.771887 0.0323388
350 0.997275 0.781808 0.0362264
351 0.997275 0.787867 0.0360653
352 0.997275 0.826062 0.0271741
353 0.997275 0.792386 0.0423859
354 0.997275 0.819963 0.0342965
355 0.997275 0.798237 0.0392915
356 0.997275 0.801059 0.0393733
357 0.997276 0.805941 0.031473
358 0.997312 0.797953 0.0320781
359 0.997362 0.783653 0.0430922
360 0.997362 0.782515 0.0464057
361 0.997362 0.778577 0.0450935
362 0.997362 0.774547 0.0390751
363 0.997362 0.778271 0.0372447
364 0.997362 0.765661 0.0416884
365 0.997362 0.779609 0.0387246
366 0.997362 0.776743 0.0437348
367 0.997362 0.752553 0.0475211
368 0.997362 0.78826 0.0343579
369 0.997362 0.791571 0.0412845
370 0.997362 0.797251 0.0328274
371 0.997362 0.781428 0.0360951
372 0.997362 0.787081 0.0347872
373 0.997362 0.77675 0.0426211
374 0.997362 0.784583 0.035003
375 0.997362 0.779222 0.0365537
376 0.997362 0.760141 0.0410712
377 0.997362 0.789657 0.0358479
378 0.997362 0.756085 0.0405805
379 0.997371 0.759488 0.0377392
380 0.997371 0.761255 0.0424478
381 0.997371 0.742147 0.039943
382 0.997371 0.727055 0.0409109
383 0.997378 0.739289 0.0402162
384 0.997378 0.743307 0.0457003
385 0.997378 0.732471 0.0381407
386 0.997378 0.756709 0.0410392
387 0.997381 0.744085 0.0398554
388 0.997489 0.749236 0.0436097
389 0.997489 0.74885 0.0456539
390 0.997489 0.745071 0.0446352
391 0.997489 0.768973 0.0433238
392 0.997489 0.766219 0.0402039
393 0.997489 0.759026 0.0414758
394 0.997489 0.806318 0.0378001
395 0.997489 0.772999 0.0374887
396 0.997489 0.75683 0.041873
397 0.997489 0.757028 0.0414809
398 0.997489 0.794857 0.0353263
399 0.997489 0.810732 0.0342179
400 0.997489 0.775096 0.0397232
401 0.997489 0.818037 0.0354977
402 0.997489 0.795258 0.0366824
403 0.997489 0.803541 0.0359613
404 0.997489 0.796508 0.0369822
405 0.997489 0.814755 0.0318418
406 0.997489 0.81993 0.0362959
407 0.997569 0.810578 0.0293248
408 0.997569 0.823316 0.0322026
409 0.997569 0.815335 0.0331788
410 0.997569 0.823723 0.0264905
411 0.997569 0.842125 0.0282204
412 0.997569 0.83044 0.0290464
413 0.997569 0.822196 0.0401531
414 0.997569 0.792608 0.0328216
415 0.997569 0.785998 0.0369708
416 0.997569 0.784288 0.0349407
417 0.997569 0.773789 0.0342525
418 0.997569 0.802547 0.0272506
419 0.997569 0.782389 0.0402095
420 0.997569 0.769582 0.0386209
421 0.997569 0.746826 0.0434492
422 0.997569 0.767269 0.0371527
423 0.997569 0.754016 0.0387385
424 0.997569 0.764295 0.0405607
425 0.997569 0.789897 0.0333551
426 0.997569 0.784057 0.0352983
427 0.997569 0.794573 0.0368398
428 0.997569 0.786034 0.03331
429 0.997569 0.788041 0.0380217
430 0.997569 0.789624 0.0393656
431 0.997569 0.767154 0.0409037
432 0.997569 0.757858 0.0371848
433 0.997569 0.741267 0.0401705
434 0.997569 0.767666 0.0392699
435 0.997569 0.776307 0.03684
436 0.997569 0.786978 0.0376649
437 0.997569 0.799256 0.0336995
438 0.997569 0.797259 0.032515
439 0.997569 0.809299 0.0351538
440 0.997569 0.796607 0.0429156
441 0.997569 0.791492 0.0374314
442 0.997569 0.758114 0.0437794
443 0.997569 0.779253 0.0410505
444 0.997569 0.759544 0.0406076
445 0.997569 0.775536 0.0379535
446 0.997569 0.764514 0.0396305
447 0.997569 0.761001 0.0399707
448 0.997569 0.775191 0.0389249
449 0.997569 0.783352 0.0321076
450 0.997569 0.792574 0.032092
451 0.997569 0.77514 0.0360056
452 0.997634 0.79697 0.0384576
453 0.997634 0.771584 0.0443587
454 0.997634 0.750647 0.0394086
455 0.997634 0.754104 0.0389795
456 0.997634 0.752135 0.0340013
457 0.997634 0.764881 0.0406939
458 0.997634 0.740343 0.0492011
459 0.997634 0.738857 0.0473027
460 0.997634 0.73798 0.0461362
461 0.997634 0.722484 0.0500731
462 0.997634 0.731701 0.0540633
463 0.997634 0.752686 0.0452282
464 0.997634 0.724707 0.0457332
465 0.997634 0.729965 0.0428345
466 0.997634 0.744935 0.0431299
467 0.997634 0.725374 0.0489499
468 0.997634 0.725291 0.0490038
469 0.997634 0.710148 0.0526553
470 0.997634 0.727902 0.042024
471 0.997634 0.714201 0.0410976
472 0.997634 0.730435 0.0392288
473 0.997634 0.717128 0.0408052
474 0.997634 0.725695 0.0451182
475 0.997634 0.748299 0.0339633
476 0.997634 0.718647 0.0407365
477 0.997634 0.741282 0.0435369
478 0.997634 0.752476 0.0400709
479 0.997634 0.77266 0.0317205
480 0.997634 0.765651 0.0346242
481 0.997634 0.750751 0.0391033
482 0.997634 0.777195 0.0325292
483 0.997634 0.787139 0.0342552
484 0.997696 0.797595 0.0353057
485 0.997696 0.780759 0.0384025
486 0.997696 0.770356 0.0363831
487 0.997696 0.798888 0.0330381
488 0.997696 0.768325 0.032817
489 0.997696 0.785654 0.0369305
490 0.997696 0.776004 0.0431514
491 0.997696 0.798942 0.0307243
492 0.997696 0.805086 0.0321032
493 0.997696 0.801388 0.0362438
494 0.997696 0.783778 0.0399176
495 0.997696 0.757204 0.0415416
496 0.997696 0.729745 0.035898
497 0.997696 0.723752 0.0353548
498 0.997696 0.74969 0.0362053
499 0.997696 0.769928 0.0376827
500 0.997696 0.77325 0.0408558
501 0.997696 0.745132 0.0400557
502 0.997696 0.760985 0.0341031
503 0.997696 0.756485 0.0339985
504 0.997696 0.782771 0.0329153
505 0.997696 0.769368 0.0370866
506 0.997696 0.760897 0.038154
507 0.997696 0.763846 0.0357383
508 0.997696 0.784035 0.0390192
509 0.997696 0.795431 0.0370217
510 0.997696 0.782106 0.0315812
511 0.997696 0.758339 0.032849
512 0.997696 0.771288 0.0353373
513 0.99773 0.766362 0.0422337
514 0.99773 0.784101 0.0335891
515 0.99773 0.767134 0.0267853
516 0.99773 0.777035 0.0309871
517 0.99773 0.789238 0.0360031
518 0.99773 0.793364 0.0351224
519 0.99773 0.741036 0.0408232
520 0.99773 0.76564 0.0407479
521 0.99773 0.73856 0.0457995
522 0.99773 0.759292 0.0422653
523 0.99773 0.765924 0.0374511
524 0.99773 0.767565 0.0385813
525 0.99773 0.766211 0.0393804
526 0.99773 0.775059 0.0428928
527 0.99773 0.758218 0.0469776
528 0.997739 0.784104 0.0428796
529 0.997739 0.783501 0.0376569
530 0.997739 0.779705 0.0414467
531 0.997739 0.7615 0.0366804
532 0.997739 0.780212 0.0336596
533 0.997739 0.782541 0.0363785
534 0.997739 0.798006 0.0321276
535 0.997739 0.787271 0.0332234
536 0.997739 0.789433 0.0354331
537 0.997739 0.763551 0.0374702
538 0.997755 0.756639 0.0378767
539 0.997755 0.772429 0.0340503
540 0.997755 0.785905 0.0360884
541 0.997755 0.779366 0.0380797
542 0.997755 0.772249 0.0405355
543 0.997755 0.7648 0.0447117
544 0.997781 0.78739 0.0423102
545 0.997803 0.78071 0.0464545
546 0.997803 0.763097 0.0447773
547 0.997803 0.779255 0.0427711
548 0.997803 0.778069 0.0430821
549 0.997803 0.77971 0.0400549
550 0.997805 0.733587 0.040028
551 0.997807 0.749892 0.0409593
552 0.997807 0.752038 0.0404421
553 0.997807 0.756472 0.0380019
554 0.997807 0.784838 0.0407837
555 0.997807 0.75101 0.0405102
556 0.997807 0.715707 0.0449226
557 0.997807 0.7332 0.0397356
558 0.997807 0.75035 0.0370478
559 0.997807 0.786818 0.0355863
560 0.997807 0.811729 0.0300137
561 0.997807 0.809947 0.0317023
562 0.997807 0.794266 0.0388673
563 0.997807 0.783216 0.0363967
564 0.997807 0.775413 0.0335471
565 0.997807 0.767251 0.039127
566 0.997807 0.753223 0.0361057
567 0.997807 0.778627 0.0350944
568 0.997807 0.764682 0.0322508
569 0.997807 0.774611 0.0380674
570 0.997807 0.777797 0.0352798
571 0.997807 0.778513 0.0389359
572 0.997807 0.754022 0.0378515
573 0.997807 0.739594 0.0358427
574 0.997807 0.745809 0.0314749
575 0.997812 0.785535 0.0347898
576 0.997812 0.779415 0.0358864
577 0.997812 0.769711 0.0364811
578 0.997812 0.773501 0.0397855
579 0.997812 0.777256 0.0399967
580 0.997812 0.765203 0.0389159
581 0.997812 0.78641 0.0344574
582 0.997818 0.784438 0.0366185
583 0.997818 0.75696 0.0350678
584 0.997818 0.767039 0.0385982
585 0.997818 0.782143 0.0354076
586 0.997818 0.764179 0.0359751
587 0.997818 0.78109 0.0368261
588 0.997818 0.801163 0.0301578
589 0.997818 0.807737 0.0361687
590 0.997818 0.799049 0.0331246
591 0.997818 0.800308 0.0386996
592 0.997818 0.808961 0.0367637
593 0.997818 0.798517 0.0306757
594 0.997818 0.790111 0.0296271
595 0.997818 0.782204 0.0325965
596 0.997818 0.796843 0.0286427
597 0.997818 0.805333 0.0295058
598 0.997818 0.802041 0.0283645
599 0.997818 0.765065 0.0413241
600 0.997818 0.769412 0.0414856
601 0.997818 0.781877 0.0369135
602 0.997818 0.773566 0.0417691
603 0.997818 0.781686 0.0427414
604 0.997818 0.784625 0.0448366
605 0.99784 0.76446 0.0445985
606 0.99784 0.785445 0.0390076
607 0.99784 0.789077 0.036833
608 0.99784 0.76844 0.0357663
609 0.99784 0.759173 0.0377968
610 0.99784 0.765403 0.0351944
611 0.99784 0.777071 0.0337456
612 0.99784 0.787593 0.0349979
613 0.997843 0.809495 0.0279066
614 0.997852 0.8099 0.0326332
615 0.997852 0.802286 0.034646
616 0.997852 0.796491 0.0379713
617 0.997861 0.768234 0.0378591
618 0.997861 0.751911 0.0417397
619 0.997861 0.75436 0.0376114
620 0.997861 0.781096 0.0343161
621 0.997861 0.777996 0.0356255
622 0.997861 0.782922 0.0345266
623 0.997861 0.802476 0.0310592
624 0.997861 0.783342 0.0300411
625 0.997861 0.805182 0.0330691
626 0.997861 0.790521 0.0289154
627 0.997861 0.787851 0.0324376
628 0.997861 0.827026 0.0268806
629 0.997861 0.803064 0.0267256
630 0.997861 0.79824 0.0327438
631 0.997861 0.797198 0.0300332
632 0.997863 0.80454 0.0334722
633 0.997863 0.811325 0.0306731
634 0.997863 0.786835 0.0268344
635 0.997863 0.804078 0.0303118
636 0.997863 0.796873 0.0295375
637 0.997863 0.794667 0.0297104
638 0.997863 0.78096 0.0324492
639 0.997863 0.783777 0.0320875
640 0.997863 0.77935 0.031908
641 0.997863 0.775641 0.0363621
642 0.997863 0.758691 0.0397452
643 0.997863 0.778733 0.0389598
644 0.997863 0.776471 0.0384716
645 0.997863 0.766343 0.0441647
646 0.997863 0.751367 0.0489081
647 0.997863 0.770173 0.0400448
648 0.997863 0.737905 0.0392687
649 0.997863 0.748693 0.0397564
650 0.997863 0.77159 0.0337303
651 0.997863 0.756431 0.0334616
652 0.997863 0.761625 0.0389098
653 0.997863 0.749302 0.0416739
654 0.997863 0.74239 0.0387815
655 0.997863 0.754028 0.0287715
656 0.997863 0.757717 0.03204
657 0.997863 0.766657 0.036546
658 0.997863 0.784809 0.0309171
659 0.997863 0.80324 0.0344414
660 0.997863 0.795998 0.0395602
661 0.997863 0.792747 0.0327481
662 0.997863 0.800573 0.03409
663 0.997863 0.79541 0.0298092
664 0.99787 0.775514 0.034151
665 0.99787 0.77509 0.0356188
666 0.99787 0.76298 0.0423387
667 0.99787 0.762335 0.0419887
668 0.99787 0.753122 0.034931
669 0.997879 0.747012 0.0375985
670 0.997879 0.740342 0.0359055
671 0.997879 0.762962 0.0374725
672 0.997879 0.723882 0.0409409
673 0.997879 0.711489 0.0448502
674 0.997879 0.716686 0.0410008
675 0.997879 0.728543 0.041868
676 0.997879 0.746736 0.0465769
677 0.997879 0.759594 0.0463039
678 0.997879 0.781137 0.0442949
679 0.997879 0.717221 0.0551322
680 0.997879 0.730596 0.0537016
681 0.997879 0.760751 0.047728
682 0.997879 0.769012 0.0406756
683 0.997879 0.778326 0.0477159
684 0.997879 0.743629 0.0499722
685 0.997879 0.779086 0.0381187
686 0.997879 0.7752 0.0363261
687 0.997879 0.802642 0.0369726
688 0.997879 0.81828 0.0280618
689 0.997879 0.800911 0.0365929
690 0.997879 0.80017 0.0355028
691 0.997879 0.783772 0.0374656
692 0.997879 0.774695 0.0322278
693 0.997879 0.73761 0.0444087
694 0.997879 0.738305 0.0383577
695 0.997879 0.730753 0.0502691
696 0.997879 0.753352 0.0474188
697 0.997879 0.758893 0.0445049
698 0.997879 0.748976 0.0439112
699 0.997879 0.752592 0.0444145
700 0.997879 0.765463 0.0403689
701 0.997879 0.749585 0.0440175
702 0.997879 0.732934 0.0438766
703 0.997879 0.751217 0.0478223
704 0.997879 0.76787 0.0383685
705 0.997879 0.785204 0.0396808
706 0.997879 0.77096 0.0447006
707 0.997881 0.788121 0.0405204
708 0.997881 0.762937 0.0421094
709 0.997881 0.7668 0.0468736
710 0.997881 0.757672 0.0550608
711 0.997881 0.767529 0.0504676
712 0.997881 0.799992 0.0416798
713 0.997881 0.812243 0.0391651
714 0.997881 0.79567 0.039245
715 0.997881 0.789405 0.0372334
716 0.997881 0.779039 0.0377278
717 0.997881 0.756689 0.0393038
718 0.997881 0.766811 0.0428552
719 0.997881 0.792924 0.0300623
720 0.997881 0.788049 0.0294645
721 0.997881 0.805817 0.0286668
722 0.997881 0.784044 0.0265777
723 0.997881 0.785083 0.0274459
724 0.997881 0.765206 0.0331354
725 0.997881 0.764482 0.0386196
726 0.997881 0.784877 0.034603
727 0.997881 0.750566 0.0414214
728 0.997881 0.78869 0.0426707
729 0.997881 0.78092 0.049369
730 0.997881 0.791295 0.0435361
731 0.997881 0.810958 0.0338636
732 0.997881 0.805911 0.0355062
733 0.997881 0.826426 0.0293448
734 0.997881 0.781142 0.0398112
735 0.997881 0.762256 0.0349947
736 0.997881 0.739547 0.0342813
737 0.997881 0.745116 0.0416459
738 0.997881 0.748251 0.0398699
739 0.997881 0.761035 0.0376819
740 0.997881 0.771747 0.0318063
741 0.997881 0.763396 0.0392154
742 0.997881 0.778934 0.0326175
743 0.997881 0.777242 0.0425202
744 0.997881 0.758854 0.0316235
745 0.997881 0.730789 0.0374097
746 0.997881 0.751788 0.0368222
747 0.997881 0.755301 0.036937
748 0.997881 0.754773 0.0324905
749 0.997881 0.725778 0.0420552
750 0.997881 0.758964 0.0438725
751 0.997881 0.747203 0.0425122
752 0.997881 0.790373 0.0387732
753 0.997881 0.768408 0.0406039
754 0.997881 0.755738 0.039913
755 0.997881 0.779313 0.0343885
756 0.997881 0.79366 0.032301
757 0.997881 0.778541 0.0338232
758 0.997881 0.791947 0.0359794
759 0.997881 0.806281 0.0324356
760 0.997881 0.845328 0.0306379
761 0.997897 0.80852 0.0390946
762 0.997897 0.817847 0.0324805
763 0.997897 0.806389 0.0340374
764 0.997897 0.791279 0.0362014
765 0.997897 0.767964 0.0359749
766 0.997897 0.790524 0.0336709
767 0.997897 0.773938 0.029462
768 0.997897 0.771021 0.0325794
769 0.997897 0.769423 0.0381453
770 0.997897 0.77087 0.0291807
771 0.997897 0.74116 0.0345186
772 0.997897 0.769382 0.0359406
773 0.997897 0.744604 0.0409783
774 0.997897 0.791985 0.0331381
775 0.997897 0.763716 0.0394632
776 0.997897 0.802683 0.0385528
777 0.997897 0.780446 0.0447662
778 0.997897 0.800275 0.0389306
779 0.997897 0.78824 0.0445374
780 0.997897 0.766022 0.0394186
781 0.997897 0.805738 0.0329278
782 0.997897 0.780205 0.0375334
783 0.997897 0.774108 0.0406422
784 0.997897 0.769062 0.0401881
785 0.997897 0.768835 0.0372185
786 0.997897 0.759099 0.0394159
787 0.997897 0.770459 0.0390573
788 0.997897 0.77827 0.0352428
789 0.997897 0.76584 0.0387695
790 0.997897 0.771369 0.035447
791 0.997897 0.739989 0.0334938
792 0.997897 0.74522 0.0361562
793 0.997897 0.719869 0.0429101
794 0.997897 0.733562 0.037545
795 0.997897 0.743846 0.0371336
796 0.997897 0.753193 0.0383898
797 0.997897 0.744608 0.0415401
798 0.997897 0.740057 0.0376164
799 0.997897 0.773164 0.0324478
800 0.997897 0.745874 0.0311935
801 0.997897 0.754867 0.0321039
802 0.997897 0.77587 0.0347371
803 0.997897 0.787579 0.0379225
804 0.997897 0.789058 0.0336202
805 0.997901 0.796398 0.0280278
806 0.997901 0.765345 0.0338601
807 0.997901 0.771142 0.0356265
808 0.997901 0.785439 0.0390218
809 0.997901 0.785653 0.0386763
810 0.997901 0.765084 0.0350175
811 0.997901 0.756722 0.0367461
812 0.997901 0.785637 0.0360407
813 0.997901 0.782911 0.0353294
814 0.997901 0.797366 0.0308645
815 0.997901 0.772647 0.0348536
816 0.997901 0.756304 0.0412465
817 0.997901 0.764768 0.0407303
818 0.997901 0.742317 0.0348822
819 0.997901 0.765275 0.0393122
820 0.997901 0.752787 0.0348212
821 0.997901 0.729568 0.0405287
822 0.997901 0.727428 0.0435477
823 0.997901 0.777035 0.0431415
824 0.997901 0.7831 0.0374
825 0.997901 0.774759 0.0338951
826 0.997901 0.792815 0.036016
827 0.997901 0.812938 0.0324664
828 0.997901 0.793174 0.035073
829 0.997901 0.750996 0.0360394
830 0.997901 0.759243 0.0325372
831 0.997901 0.812251 0.0287896
832 0.997901 0.792157 0.0292765
833 0.997901 0.81854 0.0305886
834 0.997901 0.826723 0.0265771
835 0.997901 0.81033 0.0363249
836 0.997901 0.795229 0.0308558
837 0.997901 0.798689 0.0325996
838 0.997901 0.799357 0.035913
839 0.997901 0.811493 0.0339529
840 0.997901 0.82901 0.0342931
841 0.997901 0.808165 0.034428
842 0.997901 0.82829 0.0315329
843 0.997901 0.809219 0.0380427
844 0.997901 0.798404 0.0401916
845 0.997901 0.809271 0.0337271
846 0.997901 0.826158 0.0270357
847 0.997901 0.819385 0.0248082
848 0.997901 0.801038 0.0282833
849 0.997901 0.810161 0.0328627
850 0.997901 0.81182 0.031761
851 0.997901 0.809644 0.0277958
852 0.997901 0.788456 0.0336905
853 0.997901 0.792359 0.0332811
854 0.997901 0.822484 0.0278807
855 0.997901 0.793044 0.0392222
856 0.997909 0.787876 0.0407423
857 0.997909 0.81736 0.0395166
858 0.997909 0.831671 0.0297536
859 0.997909 0.830112 0.0285437
860 0.997909 0.838275 0.0290916
861 0.997909 0.799292 0.0355185
862 0.997909 0.767658 0.0392297
863 0.997909 0.756693 0.041975
864 0.997909 0.767769 0.0383337
865 0.997909 0.774996 0.041189
866 0.997909 0.770361 0.041373
867 0.997909 0.750631 0.0433162
868 0.997909 0.753495 0.0376841
869 0.997909 0.793072 0.0349366
870 0.997909 0.801812 0.033041
871 0.997909 0.760445 0.0356778
872 0.997909 0.774557 0.0364085
873 0.997909 0.775536 0.0294108
874 0.997909 0.76917 0.0296008
875 0.997909 0.775137 0.036543
876 0.997909 0.772005 0.0379084
877 0.997909 0.793377 0.0368526
878 0.997909 0.785889 0.0334804
879 0.997909 0.777746 0.039849
880 0.997909 0.793325 0.0342683
881 0.99792 0.805657 0.0366927
882 0.99792 0.821221 0.0316096
883 0.99792 0.819581 0.0306561
884 0.99792 0.78602 0.0356257
885 0.99792 0.774386 0.0456814
886 0.99792 0.806896 0.0324748
887 0.99792 0.810726 0.0315737
888 0.99792 0.808037 0.0312109
889 0.99792 0.793754 0.0320394
890 0.99792 0.782514 0.0373216
891 0.99792 0.785016 0.0385051
892 0.99792 0.799481 0.0425833
893 0.99792 0.841621 0.0295029
894 0.99792 0.80562 0.0394716
895 0.99792 0.842683 0.02614
896 0.99792 0.823937 0.030777
897 0.99792 0.796631 0.0342141
898 0.99792 0.78857 0.0324589
899 0.99792 0.775625 0.0392853
900 0.99792 0.782613 0.0364604
901 0.99792 0.789441 0.037361
902 0.99792 0.778542 0.0353609
903 0.99792 0.744141 0.039355
904 0.99792 0.764263 0.0454966
905 0.99792 0.751662 0.0405185
906 0.99792 0.758927 0.0461835
907 0.99792 0.767776 0.0416402
908 0.99792 0.766093 0.0409962
909 0.99792 0.720873 0.0434257
910 0.99792 0.749399 0.0365159
911 0.99792 0.771826 0.0367998
912 0.99792 0.787973 0.0303254
913 0.99792 0.788192 0.0323947
914 0.99792 0.766361 0.0356111
915 0.99792 0.736006 0.0425139
916 0.99792 0.732206 0.0454099
917 0.99792 0.735235 0.0428189
918 0.99792 0.774261 0.0407983
919 0.99792 0.746335 0.0402558
920 0.99792 0.739339 0.044148
921 0.99792 0.739035 0.0458916
922 0.99792 0.729174 0.0443617
923 0.99792 0.740518 0.0384864
924 0.99792 0.754397 0.0422361
925 0.99792 0.766571 0.0393869
926 0.99792 0.779711 0.0412478
927 0.99792 0.798328 0.0313293
928 0.997921 0.796379 0.0359982
929 0.997921 0.804704 0.0344034
930 0.997921 0.792316 0.035726
931 0.997921 0.784217 0.0415792
932 0.997921 0.799947 0.0405233
933 0.997921 0.7514 0.0438525
934 0.997921 0.750475 0.0473217
935 0.997921 0.742192 0.0437143
936 0.997921 0.754538 0.0414367
937 0.997921 0.758024 0.0421127
938 0.997921 0.754703 0.0434406
939 0.997921 0.759508 0.0443089
940 0.997921 0.745634 0.0441822
941 0.997921 0.771122 0.0349056
942 0.997921 0.761156 0.039193
943 0.997921 0.779505 0.0388141
944 0.997921 0.764233 0.0382936
945 0.997921 0.78368 0.0359632
946 0.997921 0.774003 0.0342505
947 0.997921 0.782346 0.0323459
948 0.997921 0.799008 0.0261959
949 0.997921 0.808221 0.0302545
950 0.997921 0.807854 0.0297105
951 0.997921 0.833683 0.0257584
952 0.997921 0.808291 0.0337676
953 0.997921 0.805214 0.0322727
954 0.997921 0.793295 0.0373542
955 0.997921 0.79918 0.0369388
956 0.997921 0.793297 0.0335103
957 0.997921 0.780206 0.0390313
958 0.997921 0.754359 0.0350347
959 0.997921 0.744938 0.0379448
960 0.997921 0.733284 0.0384963
961 0.997921 0.739799 0.0411507
962 0.997921 0.74551 0.0362002
963 0.997921 0.78899 0.0315134
964 0.997921 0.789635 0.0308387
965 0.997921 0.800012 0.0347606
966 0.997921 0.805789 0.0343617
967 0.997921 0.80189 0.0319772
968 0.997921 0.837121 0.0299331
969 0.997921 0.810612 0.0336898
970 0.997921 0.787667 0.0375761
971 0.997921 0.806346 0.0335546
972 0.997921 0.814112 0.0288961
973 0.997921 0.810089 0.0344911
974 0.997921 0.823306 0.0346349
975 0.997921 0.818141 0.0289398
976 0.997921 0.782055 0.0364221
977 0.997921 0.787705 0.0408204
978 0.997921 0.759425 0.0445107
979 0.997921 0.796208 0.035988
980 0.997921 0.768256 0.0398339
981 0.997921 0.774458 0.0384243
982 0.997921 0.761627 0.0447474
983 0.997921 0.766925 0.0438047
984 0.997921 0.769027 0.0365929
985 0.997921 0.824377 0.0274953
986 0.997921 0.788017 0.0298911
987 0.997921 0.784446 0.0354333
988 0.997921 0.778868 0.035416
989 0.997921 0.783926 0.0310925
990 0.997921 0.789019 0.02998
991 0.997921 0.80004 0.0330884
992 0.997921 0.768191 0.033371
993 0.997921 0.775151 0.0325137
994 0.997921 0.804053 0.0239734
995 0.997921 0.79169 0.0289526
996 0.997921 0.793702 0.0410613
997 0.997921 0.80031 0.0374211
998 0.997921 0.792854 0.0389432
999 0.997921 0.81588 0.0328854
1000 0.997921 0.813541 0.0310155
