0 0.339018 0.251102 0.000183751
1 0.376609 0.254335 0.000379385
2 0.378185 0.259023 0.000718678
3 0.402656 0.261433 0.0011134
4 0.402656 0.263092 0.00144191
5 0.592108 0.27868 0.00401609
6 0.592108 0.281145 0.00504835
7 0.592108 0.279812 0.00559889
8 0.592108 0.288817 0.00543483
9 0.592108 0.284568 0.00601915
10 0.592108 0.283286 0.00627273
11 0.592108 0.28598 0.00599344
12 0.592108 0.290803 0.00657568
13 0.592108 0.292651 0.00856358
14 0.624063 0.305554 0.0111929
15 0.636595 0.291323 0.0109036
16 0.636595 0.298767 0.0124451
17 0.636595 0.300812 0.013257
18 0.636595 0.32173 0.0170339
19 0.636595 0.323206 0.0165079
20 0.636595 0.342081 0.0195268
21 0.636595 0.357121 0.0209491
22 0.643884 0.366347 0.0236842
23 0.643884 0.37659 0.0234756
24 0.643884 0.376156 0.0236199
25 0.643884 0.3845 0.0246401
26 0.643884 0.379944 0.0237093
27 0.643884 0.377213 0.0235288
28 0.646274 0.389327 0.0247469
29 0.655923 0.406405 0.0267427
30 0.674699 0.42077 0.0257414
31 0.674699 0.428675 0.0252547
32 0.674699 0.44906 0.0236172
33 0.68069 0.470094 0.0205156
34 0.68069 0.467842 0.0213045
35 0.68069 0.475874 0.0207128
36 0.68069 0.474042 0.0202039
37 0.68069 0.506439 0.0186723
38 0.68069 0.530203 0.0158471
39 0.68069 0.551226 0.0121536
40 0.680983 0.546703 0.0131524
41 0.680983 0.551237 0.0116074
42 0.680983 0.558519 0.0108707
43 0.700938 0.568507 0.00905668
44 0.700938 0.571186 0.00976213
45 0.700938 0.580424 0.00747079
46 0.700938 0.561304 0.00869013
47 0.700938 0.571342 0.0084394
48 0.700938 0.574827 0.0079107
49 0.700938 0.581433 0.00856134
50 0.700938 0.580732 0.00760285
51 0.700938 0.583252 0.00673092
52 0.700938 0.585546 0.0072294
53 0.709735 0.581759 0.00937927
54 0.709735 0.581027 0.0100162
55 0.709735 0.571831 0.0106366
56 0.709735 0.57329 0.010951
57 0.709735 0.558752 0.0129514
58 0.711843 0.573265 0.0102643
59 0.711843 0.593389 0.0084094
60 0.711843 0.588303 0.0085312
61 0.723577 0.590696 0.00851758
62 0.723577 0.585312 0.00829334
63 0.723577 0.57773 0.00915438
64 0.723577 0.594899 0.00838664
65 0.723577 0.592317 0.00933655
66 0.723577 0.60344 0.00850251
67 0.723577 0.606537 0.00849029
68 0.723577 0.610577 0.00803318
69 0.723577 0.608369 0.00612773
70 0.723577 0.618362 0.00557372
71 0.727908 0.619613 0.00703275
72 0.727908 0.622152 0.00618241
73 0.727908 0.63093 0.00512318
74 0.727908 0.61853 0.00690456
75 0.727908 0.616763 0.00717575
76 0.727908 0.627462 0.00574736
77 0.727908 0.616872 0.00638231
78 0.727908 0.614436 0.00649821
79 0.727908 0.617819 0.00601227
80 0.728765 0.62291 0.0055414
81 0.732596 0.626952 0.00599523
82 0.732596 0.614689 0.00792053
83 0.732596 0.626012 0.00622551
84 0.732596 0.623999 0.00648698
85 0.732596 0.618582 0.00962629
86 0.732596 0.625643 0.00748262
87 0.732596 0.635444 0.00619928
88 0.732596 0.627553 0.00711934
89 0.732596 0.629004 0.00799365
90 0.732596 0.625381 0.00758298
91 0.732596 0.625758 0.00823145
92 0.732762 0.624487 0.00710575
93 0.733186 0.637217 0.0073543
94 0.733186 0.643297 0.00571497
95 0.733186 0.650041 0.0057146
96 0.740136 0.642565 0.00713865
97 0.740136 0.625084 0.00811069
98 0.740136 0.638245 0.0080813
99 0.740136 0.643462 0.00640533
100 0.740136 0.647608 0.00629695
101 0.740136 0.65064 0.00544545
102 0.741058 0.649575 0.00706647
103 0.741058 0.634533 0.00813505
104 0.741058 0.636293 0.00754537
105 0.741058 0.644905 0.00802939
106 0.741058 0.652135 0.00629995
107 0.741058 0.638221 0.00694621
108 0.751856 0.646621 0.00656632
109 0.751856 0.639968 0.00648391
110 0.751856 0.642471 0.00570148
111 0.751856 0.63815 0.00584437
112 0.751856 0.639999 0.00627977
113 0.751856 0.634154 0.00604565
114 0.751856 0.636517 0.00649073
115 0.751856 0.627913 0.00801615
116 0.751856 0.625653 0.00840301
117 0.751856 0.627005 0.00908861
118 0.751856 0.614353 0.0102717
119 0.751856 0.604909 0.00850184
120 0.751856 0.608617 0.0108776
121 0.751856 0.604933 0.00999879
122 0.751856 0.613851 0.00850717
123 0.751856 0.611925 0.00863704
124 0.751856 0.6081 0.00966408
125 0.751856 0.60985 0.0099633
126 0.754098 0.616423 0.00989736
127 0.754098 0.621419 0.00815757
128 0.758852 0.630348 0.0105653
129 0.758852 0.636406 0.00898995
130 0.758852 0.638441 0.00617802
131 0.758852 0.63834 0.00682015
132 0.758852 0.644748 0.00741037
133 0.758852 0.639577 0.00792663
134 0.758852 0.644741 0.00674554
135 0.762926 0.640766 0.00924127
136 0.762926 0.629624 0.00813022
137 0.762926 0.634087 0.00937747
138 0.762926 0.640811 0.0100268
139 0.762926 0.651227 0.00864856
140 0.762926 0.639623 0.00944967
141 0.762926 0.648536 0.00737727
142 0.762926 0.653243 0.0062985
143 0.762926 0.668632 0.00502011
144 0.762926 0.667845 0.00517181
145 0.762926 0.667918 0.00542333
146 0.762926 0.659935 0.00696088
147 0.762926 0.654071 0.00629779
148 0.762926 0.654093 0.00608481
149 0.762926 0.669325 0.00463318
150 0.764129 0.669579 0.00521414
151 0.766848 0.662435 0.0054832
152 0.766848 0.668499 0.00556204
153 0.768928 0.672669 0.00503981
154 0.768928 0.658799 0.00647964
155 0.768928 0.659122 0.00747255
156 0.768928 0.659863 0.00714016
157 0.768928 0.672241 0.0053521
158 0.768928 0.661362 0.00632058
159 0.768928 0.660379 0.00633096
160 0.771908 0.672141 0.00571475
161 0.774772 0.682955 0.00633243
162 0.774772 0.667948 0.00682878
163 0.774772 0.661897 0.00761977
164 0.774772 0.655725 0.00815758
165 0.774772 0.658659 0.00830294
166 0.774772 0.648129 0.00919925
167 0.776427 0.660613 0.00884136
168 0.77826 0.666279 0.00816118
169 0.77826 0.675502 0.00731678
170 0.783799 0.677597 0.00695477
171 0.786206 0.674258 0.00807342
172 0.786206 0.677504 0.00781277
173 0.786206 0.669546 0.0098676
174 0.79933 0.686833 0.00582788
175 0.79933 0.685309 0.0080257
176 0.79933 0.681427 0.00904875
177 0.79933 0.673805 0.00930574
178 0.79933 0.675894 0.00746983
179 0.79933 0.676352 0.00795537
180 0.79933 0.679534 0.00629616
181 0.79933 0.669783 0.00858622
182 0.79933 0.674487 0.00926972
183 0.79933 0.678251 0.0064137
184 0.79933 0.684752 0.00657305
185 0.800632 0.682344 0.00767028
186 0.800632 0.695847 0.00582561
187 0.800632 0.693641 0.00780565
188 0.800632 0.691593 0.00794872
189 0.800632 0.69175 0.00842202
190 0.800632 0.693635 0.00731277
191 0.800632 0.690849 0.00837362
192 0.800632 0.689774 0.0099529
193 0.802984 0.684773 0.00804504
194 0.802984 0.697057 0.00930524
195 0.802984 0.697943 0.00662267
196 0.802984 0.690414 0.00826884
197 0.802984 0.697131 0.00814377
198 0.802984 0.713509 0.00623079
199 0.802984 0.717564 0.00513214
200 0.802984 0.706783 0.00591794
201 0.802984 0.693153 0.00782735
202 0.802984 0.69386 0.00799807
203 0.802984 0.684244 0.0100556
204 0.802984 0.70945 0.00678418
205 0.802984 0.708572 0.00775196
206 0.802984 0.713194 0.0061552
207 0.802984 0.721839 0.0060793
208 0.802984 0.713273 0.00653779
209 0.802984 0.718425 0.0052238
210 0.802984 0.724725 0.00485115
211 0.802984 0.72375 0.00453182
212 0.802984 0.719231 0.0042668
213 0.804031 0.714384 0.00596523
214 0.804031 0.71175 0.00575168
215 0.808785 0.712071 0.00605935
216 0.808785 0.708927 0.00766779
217 0.808785 0.701411 0.00739522
218 0.808785 0.71529 0.00507181
219 0.808785 0.704635 0.00603675
220 0.808785 0.691487 0.00902125
221 0.808785 0.700705 0.00869191
222 0.808785 0.691512 0.0101803
223 0.808785 0.686584 0.0109748
224 0.808785 0.699182 0.0084711
225 0.808785 0.699924 0.00931687
226 0.808785 0.707777 0.00726131
227 0.808785 0.713049 0.00644677
228 0.808785 0.708946 0.00677055
229 0.808785 0.71131 0.00662354
230 0.808785 0.711562 0.00679446
231 0.808785 0.717785 0.00536799
232 0.808785 0.717928 0.00469525
233 0.808785 0.710342 0.00589993
234 0.808785 0.698847 0.00734155
235 0.808785 0.705325 0.00662979
236 0.808785 0.710734 0.00629456
237 0.808785 0.712385 0.00540561
238 0.808785 0.715732 0.00741684
239 0.808785 0.717454 0.00668588
240 0.808785 0.728905 0.0058864
241 0.808785 0.736083 0.00480608
242 0.808785 0.735143 0.00356418
243 0.808785 0.721546 0.00450317
244 0.808785 0.724999 0.0037391
245 0.809665 0.723831 0.00407384
246 0.809665 0.714276 0.00602586
247 0.809665 0.705247 0.00753764
248 0.809665 0.717912 0.00705097
249 0.809665 0.711105 0.00794923
250 0.809665 0.717605 0.0056923
251 0.809665 0.718187 0.00581032
252 0.809665 0.724962 0.00438485
253 0.809665 0.730787 0.00398579
254 0.809665 0.733449 0.00483856
255 0.809665 0.729995 0.00408084
256 0.809665 0.734283 0.004119
257 0.809665 0.726923 0.00550734
258 0.809665 0.737198 0.0043133
259 0.809665 0.730299 0.00470655
260 0.809665 0.721365 0.00548413
261 0.809665 0.727174 0.00496894
262 0.809665 0.722449 0.00804234
263 0.809665 0.715262 0.00699531
264 0.809665 0.714093 0.00671892
265 0.809665 0.722466 0.00709874
266 0.809665 0.72174 0.00505016
267 0.809665 0.722438 0.00543173
268 0.809665 0.712591 0.00714977
269 0.809665 0.710009 0.00732867
270 0.809665 0.711666 0.00730363
271 0.809665 0.708614 0.00720648
272 0.809665 0.712036 0.00615453
273 0.809665 0.69964 0.00938589
274 0.809665 0.700883 0.00911239
275 0.809665 0.711166 0.00729512
276 0.809665 0.707352 0.00773725
277 0.809665 0.715356 0.00631921
278 0.809665 0.703235 0.00797189
279 0.809665 0.704748 0.00661534
280 0.809665 0.704551 0.00862386
281 0.809665 0.708052 0.00635238
282 0.809665 0.707529 0.00738428
283 0.809665 0.700467 0.00853863
284 0.809665 0.697108 0.00716847
285 0.809665 0.700528 0.00833776
286 0.809665 0.704241 0.00700853
287 0.809665 0.698933 0.00834677
288 0.809665 0.698422 0.00802536
289 0.809665 0.706652 0.00647939
290 0.809665 0.708885 0.00633265
291 0.809665 0.712826 0.00625179
292 0.809665 0.71851 0.00668355
293 0.809665 0.713448 0.00632682
294 0.810195 0.716129 0.00621744
295 0.810195 0.725612 0.00534788
296 0.810195 0.719538 0.00535099
297 0.810195 0.716514 0.00566022
298 0.810195 0.721328 0.00617018
299 0.810195 0.713071 0.00578607
300 0.810195 0.719438 0.00563042
301 0.810195 0.71058 0.00625542
302 0.810195 0.712516 0.00567158
303 0.810195 0.709924 0.00645236
304 0.810195 0.709245 0.00559681
305 0.810195 0.705847 0.00589259
306 0.810195 0.706257 0.00612833
307 0.810195 0.700697 0.00882656
308 0.810195 0.700018 0.00819146
309 0.810195 0.721289 0.00578015
310 0.810195 0.719865 0.00542323
311 0.810195 0.723255 0.00419817
312 0.810195 0.72107 0.00428461
313 0.810195 0.724314 0.00455852
314 0.810195 0.719937 0.00596109
315 0.810195 0.714697 0.00608766
316 0.810195 0.717294 0.00787823
317 0.810195 0.716218 0.00840125
318 0.810195 0.701275 0.01071
319 0.810195 0.707423 0.00986613
320 0.810195 0.719893 0.00829701
321 0.810195 0.723305 0.00724285
322 0.810195 0.718658 0.00684164
323 0.810195 0.716845 0.00799031
324 0.810195 0.714026 0.00687155
325 0.810195 0.70361 0.0094316
326 0.810195 0.697697 0.00781265
327 0.810195 0.713072 0.00726181
328 0.812224 0.714394 0.00835376
329 0.812224 0.717533 0.00681546
330 0.812224 0.718129 0.00812973
331 0.812224 0.715304 0.00850078
332 0.812224 0.713343 0.00774462
333 0.812224 0.718651 0.00548655
334 0.812224 0.721334 0.00571333
335 0.812224 0.732428 0.00485606
336 0.812224 0.720481 0.00617002
337 0.812224 0.720654 0.00565911
338 0.812224 0.725228 0.00555649
339 0.812224 0.726857 0.00537412
340 0.812224 0.716681 0.00751604
341 0.812224 0.723767 0.00799547
342 0.812224 0.717421 0.006503
343 0.812224 0.723185 0.00673794
344 0.812224 0.724344 0.00612397
345 0.812224 0.724447 0.00552256
346 0.812224 0.720841 0.0058835
347 0.812224 0.729497 0.00565095
348 0.812224 0.728978 0.0054839
349 0.812224 0.73178 0.00465989
350 0.812224 0.726883 0.00490712
351 0.812224 0.719039 0.00515042
352 0.812224 0.719412 0.00731167
353 0.812224 0.712933 0.00807648
354 0.812224 0.709683 0.00873901
355 0.812224 0.721806 0.00687226
356 0.812224 0.714226 0.00766552
357 0.812224 0.733764 0.0047221
358 0.812224 0.729133 0.00711732
359 0.812224 0.737619 0.00485435
360 0.812224 0.735424 0.00431144
361 0.812224 0.724091 0.00502762
362 0.812224 0.730831 0.00452054
363 0.812224 0.723215 0.00469158
364 0.812224 0.725408 0.00453346
365 0.812224 0.716794 0.00810538
366 0.812224 0.713661 0.00693488
367 0.812224 0.711135 0.0113074
368 0.812224 0.706412 0.00956433
369 0.812224 0.707936 0.00877138
370 0.812224 0.703474 0.00881646
371 0.812224 0.718258 0.00577363
372 0.812224 0.721661 0.00565066
373 0.812224 0.721042 0.0058221
374 0.812224 0.715139 0.00746295
375 0.812224 0.726804 0.00506139
376 0.812224 0.722971 0.00595885
377 0.812224 0.731858 0.00415666
378 0.812224 0.735045 0.00326837
379 0.812224 0.731342 0.0045557
380 0.812224 0.730814 0.00494673
381 0.812224 0.724891 0.00653662
382 0.812224 0.72177 0.00610251
383 0.812224 0.721409 0.00586619
384 0.812224 0.724571 0.00731587
385 0.812224 0.71926 0.00801805
386 0.812224 0.728915 0.00568953
387 0.812224 0.728966 0.00468659
388 0.812224 0.719044 0.00632704
389 0.812224 0.709852 0.0076079
390 0.812224 0.7083 0.00789346
391 0.812224 0.703018 0.00790771
392 0.812224 0.699965 0.00859735
393 0.812224 0.714276 0.00661827
394 0.812224 0.722826 0.00608975
395 0.812224 0.714929 0.00647483
396 0.812224 0.718244 0.00801289
397 0.812224 0.711321 0.00945529
398 0.812224 0.711095 0.00994098
399 0.812224 0.718808 0.00656113
400 0.812224 0.723167 0.00603418
401 0.812224 0.719966 0.00707499
402 0.812224 0.719487 0.00683594
403 0.812224 0.703667 0.00792446
404 0.812224 0.699654 0.00972175
405 0.812224 0.715677 0.00665395
406 0.812224 0.708945 0.00771558
407 0.812224 0.720285 0.00625253
408 0.812224 0.726668 0.00538588
409 0.812224 0.7299 0.0047259
410 0.812224 0.728698 0.00422897
411 0.812224 0.730451 0.00554838
412 0.812224 0.737602 0.00364032
413 0.812224 0.725822 0.00706274
414 0.812224 0.729974 0.00569528
415 0.812224 0.728919 0.00557899
416 0.812224 0.718871 0.00743781
417 0.812224 0.715045 0.00838028
418 0.812224 0.717196 0.00711145
419 0.812224 0.720751 0.00729924
420 0.812224 0.731944 0.00586956
421 0.812224 0.728472 0.00575611
422 0.812224 0.720557 0.00602871
423 0.812224 0.725306 0.00568434
424 0.812224 0.726161 0.00655722
425 0.812224 0.727987 0.00623623
426 0.812224 0.717895 0.00785948
427 0.812224 0.714371 0.0079675
428 0.812224 0.72352 0.00568491
429 0.812224 0.72381 0.00666197
430 0.812224 0.721817 0.00621329
431 0.812224 0.717857 0.00599547
432 0.812224 0.709958 0.00717278
433 0.812224 0.713269 0.00775256
434 0.812224 0.702769 0.00825364
435 0.812224 0.711352 0.00786405
436 0.812224 0.708033 0.00668316
437 0.812224 0.715408 0.0055472
438 0.812224 0.713874 0.00702074
439 0.812224 0.713636 0.00707659
440 0.812224 0.714675 0.00863434
441 0.812224 0.732591 0.00471851
442 0.812224 0.732044 0.00453731
443 0.812224 0.725262 0.00474511
444 0.812224 0.716442 0.00706431
445 0.812224 0.722638 0.00689106
446 0.812224 0.728115 0.00668725
447 0.812224 0.734547 0.00543714
448 0.812224 0.739116 0.00431483
449 0.812224 0.744071 0.00370821
450 0.812224 0.743468 0.00381592
451 0.812224 0.726743 0.00470703
452 0.812224 0.730818 0.00491654
453 0.812224 0.73003 0.00650377
454 0.812224 0.717661 0.00758579
455 0.812224 0.706648 0.00997507
456 0.812224 0.70863 0.00887903
457 0.812224 0.69971 0.0113716
458 0.812224 0.699735 0.00916827
459 0.812224 0.7006 0.0107368
460 0.812224 0.696062 0.0117863
461 0.812224 0.704406 0.0091368
462 0.812224 0.705322 0.0106328
463 0.812224 0.707814 0.00896017
464 0.812376 0.720415 0.00711615
465 0.812376 0.717045 0.00773392
466 0.812376 0.726434 0.00576767
467 0.812376 0.729957 0.00508404
468 0.812376 0.733608 0.00402271
469 0.812376 0.716683 0.0066412
470 0.812376 0.719513 0.00536662
471 0.812376 0.728985 0.0058577
472 0.812376 0.721391 0.00756945
473 0.812376 0.730092 0.00663701
474 0.812376 0.723747 0.00588642
475 0.812376 0.714333 0.0076271
476 0.812376 0.717149 0.00824923
477 0.812376 0.724637 0.00744007
478 0.812376 0.723667 0.00662787
479 0.812376 0.722376 0.00610901
480 0.812376 0.723426 0.00585193
481 0.812376 0.726378 0.00606023
482 0.812376 0.728862 0.00817769
483 0.812376 0.73433 0.00539612
484 0.812376 0.74057 0.00377515
485 0.812376 0.728655 0.0060161
486 0.812376 0.731386 0.00368599
487 0.812376 0.718797 0.00625698
488 0.812376 0.725924 0.00600036
489 0.812376 0.725412 0.00544286
490 0.812376 0.727934 0.00532772
491 0.812376 0.730843 0.00373631
492 0.812376 0.732681 0.00350125
493 0.812376 0.731113 0.00393197
494 0.812376 0.727615 0.00463914
495 0.812376 0.72442 0.00597916
496 0.812376 0.724555 0.00592655
497 0.812376 0.728543 0.00409912
498 0.812376 0.722968 0.00446638
499 0.812376 0.718271 0.00542183
500 0.812376 0.713649 0.00753053
501 0.812376 0.718082 0.00612082
502 0.812376 0.715183 0.00711739
503 0.812376 0.710078 0.00704415
504 0.812376 0.707788 0.00837698
505 0.812376 0.707457 0.00772209
506 0.812376 0.707293 0.00674345
507 0.812376 0.709031 0.00671924
508 0.812376 0.707264 0.00623327
509 0.812376 0.709322 0.00524801
510 0.81248 0.700179 0.00776121
511 0.81248 0.691504 0.00976294
512 0.81248 0.705226 0.00900079
513 0.81248 0.721041 0.00571775
514 0.81248 0.708001 0.00559791
515 0.81248 0.724209 0.00518148
516 0.81248 0.725342 0.00492142
517 0.81248 0.727662 0.00426485
518 0.81248 0.726469 0.00565932
519 0.81248 0.710995 0.00723326
520 0.812523 0.717003 0.00696103
521 0.812523 0.725967 0.00655415
522 0.812523 0.713331 0.0104802
523 0.812528 0.729092 0.00486841
524 0.812528 0.727523 0.00498916
525 0.812528 0.717321 0.00596988
526 0.812528 0.709659 0.0065823
527 0.812528 0.71115 0.00837456
528 0.812576 0.712756 0.00611905
529 0.812576 0.703836 0.00762551
530 0.812576 0.706478 0.00743428
531 0.812576 0.703414 0.00741114
532 0.812576 0.717625 0.00560539
533 0.812576 0.717262 0.00662017
534 0.812576 0.712866 0.00673365
535 0.812576 0.718576 0.00559949
536 0.812576 0.724119 0.00572829
537 0.812576 0.715881 0.00730444
538 0.812576 0.706324 0.00833512
539 0.812576 0.711452 0.00652503
540 0.812576 0.70789 0.00729271
541 0.812576 0.706138 0.00741764
542 0.812576 0.717316 0.00595053
543 0.812576 0.706451 0.00771253
544 0.812576 0.710018 0.00813035
545 0.812576 0.719124 0.00672077
546 0.812576 0.720548 0.00690526
547 0.812576 0.712116 0.007374
548 0.812576 0.719885 0.0068231
549 0.812576 0.71702 0.00891898
550 0.812747 0.725925 0.00696495
551 0.812747 0.718012 0.00764846
552 0.812747 0.715722 0.00604863
553 0.812747 0.716155 0.00447801
554 0.812747 0.715068 0.00636283
555 0.812747 0.712791 0.00700366
556 0.812747 0.707931 0.0079561
557 0.812747 0.711916 0.00711767
558 0.812747 0.709851 0.00864323
559 0.812747 0.718816 0.00631162
560 0.812747 0.725 0.0056445
561 0.812747 0.717778 0.00830383
562 0.812747 0.709999 0.00860125
563 0.813759 0.717049 0.00691009
564 0.813759 0.719139 0.00650719
565 0.813759 0.718292 0.00716895
566 0.813759 0.721926 0.00793494
567 0.813759 0.731282 0.00598675
568 0.813759 0.736698 0.00418761
569 0.813759 0.723684 0.00588017
570 0.813759 0.729241 0.00509947
571 0.813759 0.736884 0.00398549
572 0.813759 0.720633 0.00622449
573 0.813759 0.719217 0.00605505
574 0.813759 0.70919 0.00792782
575 0.813759 0.709422 0.00892993
576 0.813759 0.701916 0.00942786
577 0.813759 0.713988 0.00713028
578 0.813759 0.708919 0.00694215
579 0.813759 0.713604 0.0071777
580 0.813759 0.708712 0.00787226
581 0.813759 0.719702 0.00573947
582 0.813759 0.720896 0.00796049
583 0.813759 0.71891 0.00897893
584 0.813759 0.730363 0.00617745
585 0.813759 0.73165 0.00590321
586 0.813759 0.726518 0.0082584
587 0.813759 0.732404 0.00583108
588 0.813759 0.738329 0.00348632
589 0.813759 0.732992 0.00450439
590 0.813759 0.732799 0.00591609
591 0.813759 0.733438 0.00552595
592 0.813759 0.729732 0.00499988
593 0.813759 0.723257 0.00628911
594 0.813759 0.721838 0.00625315
595 0.813759 0.70933 0.00905476
596 0.813759 0.715399 0.00807464
597 0.813759 0.715686 0.00808409
598 0.813759 0.720992 0.00649302
599 0.813759 0.71013 0.00785762
600 0.813759 0.70767 0.00632346
601 0.813759 0.700554 0.007811
602 0.813759 0.710401 0.00879204
603 0.813759 0.722499 0.00731386
604 0.813759 0.733869 0.00477781
605 0.813759 0.727189 0.00650391
606 0.813759 0.719291 0.00735869
607 0.813759 0.717921 0.00547962
608 0.813759 0.709418 0.0076043
609 0.813759 0.718395 0.00749181
610 0.813759 0.73029 0.00503207
611 0.81426 0.727234 0.00458897
612 0.81426 0.729772 0.0047726
613 0.81426 0.713955 0.00749464
614 0.81426 0.718581 0.00566176
615 0.81426 0.727198 0.00685432
616 0.81426 0.731601 0.00517522
617 0.81426 0.725393 0.00665414
618 0.81426 0.719929 0.00626185
619 0.81426 0.72409 0.00744684
620 0.81426 0.733606 0.00624865
621 0.81426 0.72575 0.007861
622 0.81426 0.733757 0.00511371
623 0.81426 0.728345 0.00581273
624 0.81426 0.736219 0.00431184
625 0.81426 0.729673 0.00545273
626 0.81426 0.730808 0.00524629
627 0.81426 0.720345 0.0055477
628 0.81426 0.710316 0.00896693
629 0.81426 0.714811 0.00943387
630 0.81426 0.718444 0.00787221
631 0.81426 0.728154 0.00529796
632 0.81426 0.723738 0.00725253
633 0.81426 0.731822 0.00534406
634 0.81426 0.720996 0.00614992
635 0.81426 0.729251 0.00514487
636 0.81426 0.729399 0.00504458
637 0.81426 0.734958 0.00418735
638 0.81426 0.736729 0.00332939
639 0.814275 0.734961 0.00489163
640 0.814275 0.745318 0.0028533
641 0.814275 0.739621 0.00379638
642 0.814275 0.742293 0.00307387
643 0.814275 0.733742 0.00439688
644 0.814275 0.72073 0.00544352
645 0.814275 0.716921 0.00545486
646 0.814275 0.720357 0.00632466
647 0.814275 0.716626 0.00787459
648 0.814275 0.723826 0.00560132
649 0.814275 0.727267 0.00416108
650 0.814275 0.724338 0.00474603
651 0.814275 0.730641 0.00539107
652 0.814275 0.734407 0.00450578
653 0.814275 0.740946 0.00350084
654 0.814275 0.730807 0.00534271
655 0.814275 0.729611 0.00573154
656 0.814275 0.725959 0.00672355
657 0.814275 0.720536 0.00670082
658 0.814275 0.724764 0.00809172
659 0.814275 0.719607 0.0081279
660 0.814275 0.736116 0.00565433
661 0.814275 0.734094 0.00550603
662 0.814275 0.72319 0.00679977
663 0.814275 0.730467 0.00676485
664 0.814275 0.738606 0.00464815
665 0.814275 0.731439 0.00689584
666 0.814275 0.724761 0.00703393
667 0.814275 0.727667 0.00597965
668 0.814275 0.732876 0.0056174
669 0.814275 0.729422 0.00614563
670 0.814275 0.727004 0.00661038
671 0.814275 0.732757 0.0061557
672 0.814275 0.732231 0.00383178
673 0.814275 0.723423 0.0068674
674 0.814275 0.714865 0.00643907
675 0.814275 0.709199 0.00694247
676 0.814275 0.705259 0.00906358
677 0.814275 0.71072 0.00806392
678 0.814275 0.710909 0.00803106
679 0.814275 0.708484 0.00965885
680 0.814558 0.71423 0.0091621
681 0.814558 0.724963 0.00652448
682 0.814558 0.734302 0.00578863
683 0.814558 0.731518 0.0062866
684 0.814558 0.7186 0.00840061
685 0.814558 0.725802 0.00660189
686 0.814558 0.724406 0.00547231
687 0.814558 0.722434 0.00570901
688 0.814558 0.718583 0.00683752
689 0.814558 0.722335 0.00767711
690 0.814558 0.714283 0.00697785
691 0.814558 0.717581 0.00818452
692 0.814558 0.7265 0.00667138
693 0.814558 0.737588 0.00463023
694 0.814558 0.737929 0.004516
695 0.814558 0.728809 0.00529645
696 0.814558 0.729315 0.00461417
697 0.814558 0.721502 0.00558869
698 0.814558 0.717719 0.00592147
699 0.814558 0.717189 0.00730509
700 0.814558 0.711895 0.00802781
701 0.814558 0.722669 0.00546748
702 0.814558 0.717862 0.00796838
703 0.814558 0.716812 0.00982477
704 0.814558 0.701076 0.0106515
705 0.814558 0.718311 0.0076077
706 0.814558 0.709546 0.0077773
707 0.814558 0.718861 0.00911055
708 0.814558 0.720939 0.00779381
709 0.814558 0.717722 0.00798292
710 0.814558 0.72277 0.00648044
711 0.814558 0.71669 0.00722212
712 0.814558 0.716532 0.00652542
713 0.814558 0.718616 0.00756095
714 0.814558 0.714936 0.0067495
715 0.814558 0.715698 0.00852687
716 0.814558 0.720759 0.00672495
717 0.814558 0.726597 0.00484252
718 0.814558 0.713911 0.00567213
719 0.814558 0.713063 0.00666682
720 0.814558 0.704353 0.00887875
721 0.814558 0.709259 0.0089027
722 0.814558 0.716868 0.006377
723 0.814558 0.72256 0.00617732
724 0.814558 0.730615 0.00520131
725 0.814558 0.729953 0.00562544
726 0.814558 0.729937 0.00512409
727 0.814558 0.72815 0.00696877
728 0.814558 0.725366 0.0065111
729 0.814558 0.718509 0.0068852
730 0.814558 0.724053 0.00623039
731 0.814558 0.720615 0.00553964
732 0.814558 0.722473 0.00538192
733 0.814558 0.715873 0.00743554
734 0.814558 0.719303 0.00703071
735 0.814558 0.715029 0.00594122
736 0.814558 0.710426 0.00730879
737 0.814558 0.724505 0.0072077
738 0.814558 0.706767 0.0091087
739 0.814558 0.719967 0.0069845
740 0.814558 0.7198 0.00775372
741 0.814558 0.727172 0.00573679
742 0.814558 0.732738 0.00534247
743 0.814558 0.720234 0.0060469
744 0.814558 0.734213 0.00465648
745 0.814558 0.720816 0.0073864
746 0.814558 0.727272 0.00584469
747 0.814558 0.724353 0.00661254
748 0.814558 0.726079 0.00452696
749 0.814558 0.730501 0.0051043
750 0.814558 0.721465 0.00476117
751 0.814558 0.725281 0.00397048
752 0.814558 0.72128 0.0055495
753 0.814558 0.728637 0.00395204
754 0.814558 0.722457 0.00475093
755 0.814558 0.720192 0.00704967
756 0.814558 0.723289 0.00762888
757 0.814558 0.721653 0.00784024
758 0.814879 0.736228 0.00587572
759 0.814879 0.736278 0.00678004
760 0.814879 0.738539 0.00431038
761 0.814879 0.742441 0.004184
762 0.814879 0.7296 0.00408124
763 0.814879 0.738336 0.00342028
764 0.814879 0.740027 0.00269967
765 0.814879 0.736488 0.00349472
766 0.814879 0.724251 0.0055104
767 0.814879 0.715381 0.00636467
768 0.814879 0.712316 0.00670165
769 0.814879 0.716682 0.00680353
770 0.814879 0.729798 0.00417472
771 0.814879 0.715604 0.00761194
772 0.814879 0.708604 0.00895321
773 0.814879 0.713381 0.00855319
774 0.814879 0.723227 0.00805632
775 0.814879 0.73489 0.00575331
776 0.814879 0.735524 0.00457774
777 0.814879 0.737935 0.00413954
778 0.814879 0.735798 0.00453789
779 0.814879 0.722142 0.00606624
780 0.814879 0.727068 0.00504459
781 0.814879 0.740441 0.00335454
782 0.814879 0.735417 0.0045451
783 0.814879 0.735874 0.00405386
784 0.814879 0.723438 0.00817288
785 0.814879 0.713659 0.00781005
786 0.814879 0.714762 0.00868352
787 0.814879 0.714196 0.00793713
788 0.814879 0.721218 0.00604396
789 0.814879 0.724168 0.00626216
790 0.814879 0.726664 0.00536734
791 0.814879 0.721138 0.00600916
792 0.814879 0.731176 0.00527519
793 0.814879 0.724774 0.00547122
794 0.814879 0.722315 0.00622556
795 0.814879 0.722021 0.00624829
796 0.814879 0.720221 0.00670451
797 0.814879 0.717212 0.00708564
798 0.814879 0.716968 0.00807525
799 0.814879 0.717936 0.00615754
800 0.814879 0.71903 0.00596998
801 0.814879 0.721088 0.00769946
802 0.814879 0.729057 0.00566786
803 0.814879 0.717089 0.0088895
804 0.814879 0.715479 0.0078162
805 0.814879 0.708804 0.00791195
806 0.814879 0.716113 0.00692063
807 0.814879 0.719956 0.00612966
808 0.814879 0.725826 0.00560612
809 0.814879 0.721379 0.00681281
810 0.814879 0.716732 0.00768065
811 0.814879 0.708963 0.0102979
812 0.814879 0.716927 0.00896251
813 0.814879 0.710002 0.00910227
814 0.814879 0.718281 0.00802293
815 0.814879 0.710107 0.0119463
816 0.814879 0.715948 0.00769734
817 0.814879 0.709598 0.00854171
818 0.814879 0.691363 0.0117807
819 0.814879 0.695907 0.012105
820 0.814879 0.697575 0.0117797
821 0.814879 0.692823 0.01284
822 0.814879 0.699419 0.0114067
823 0.814879 0.704897 0.01077
824 0.814879 0.701642 0.0103398
825 0.814879 0.710308 0.00986264
826 0.814879 0.702073 0.0115884
827 0.814879 0.717148 0.00763631
828 0.814879 0.706293 0.00731442
829 0.814879 0.711223 0.00753484
830 0.814879 0.702308 0.00899939
831 0.814879 0.708104 0.00926135
832 0.814879 0.714161 0.00879739
833 0.814879 0.730452 0.005453
834 0.814879 0.729056 0.00522353
835 0.814879 0.732441 0.00490686
836 0.814879 0.732336 0.00575474
837 0.814879 0.730973 0.00625395
838 0.814879 0.723097 0.00727183
839 0.814879 0.716522 0.00809651
840 0.814879 0.727838 0.00618864
841 0.814879 0.722796 0.00698606
842 0.814879 0.728555 0.00525189
843 0.814879 0.732355 0.00697073
844 0.814879 0.731453 0.00621991
845 0.814879 0.719394 0.00749916
846 0.814879 0.722665 0.00631592
847 0.814879 0.720186 0.00647125
848 0.814879 0.722838 0.0068548
849 0.814879 0.717442 0.00749727
850 0.814879 0.715871 0.00846424
851 0.814879 0.715803 0.00851712
852 0.814879 0.712304 0.00818242
853 0.814879 0.725075 0.00654182
854 0.814879 0.726837 0.00557245
855 0.814879 0.731837 0.00454761
856 0.814879 0.725538 0.00580515
857 0.814879 0.71709 0.00716166
858 0.814879 0.71556 0.00624839
859 0.814879 0.696156 0.00968723
860 0.814879 0.705394 0.00897637
861 0.814879 0.691777 0.0107972
862 0.814883 0.686123 0.0119194
863 0.814883 0.692704 0.0102744
864 0.814883 0.717117 0.00708159
865 0.814883 0.700674 0.00821586
866 0.814883 0.69797 0.00914619
867 0.814883 0.691768 0.0114699
868 0.814883 0.69166 0.0111693
869 0.814883 0.687531 0.0119884
870 0.814883 0.698371 0.0112022
871 0.814883 0.704691 0.00796548
872 0.814883 0.70476 0.00848911
873 0.814883 0.70875 0.00735424
874 0.814883 0.70062 0.00721447
875 0.814883 0.71069 0.0081324
876 0.814883 0.705343 0.00821764
877 0.814883 0.714303 0.00653644
878 0.814883 0.72209 0.00614253
879 0.814883 0.719709 0.00594606
880 0.814883 0.711972 0.00697698
881 0.814883 0.70905 0.00659684
882 0.814883 0.720744 0.00704466
883 0.814883 0.741345 0.00306617
884 0.814883 0.733261 0.00463178
885 0.814883 0.721774 0.00567289
886 0.814883 0.72221 0.0071047
887 0.814883 0.722658 0.00594227
888 0.814883 0.727626 0.00610949
889 0.814883 0.728582 0.00609917
890 0.814883 0.727948 0.00586013
891 0.814883 0.726561 0.00670501
892 0.814883 0.722688 0.00687678
893 0.814883 0.711616 0.00722713
894 0.814883 0.710814 0.00652007
895 0.814883 0.704582 0.00844482
896 0.814883 0.703773 0.00948192
897 0.814883 0.704609 0.0100894
898 0.814883 0.710068 0.00970575
899 0.814883 0.720872 0.00601533
900 0.814883 0.722554 0.00602572
901 0.814883 0.727694 0.00552189
902 0.814883 0.729571 0.00498305
903 0.814883 0.734668 0.0040868
904 0.814883 0.735024 0.00413184
905 0.814883 0.732144 0.0051512
906 0.814883 0.729539 0.0045741
907 0.814883 0.731479 0.00394501
908 0.814883 0.726305 0.00457676
909 0.814883 0.731596 0.00463997
910 0.814883 0.722328 0.00543722
911 0.814883 0.725045 0.0062181
912 0.814883 0.727913 0.00615963
913 0.814883 0.727509 0.00648588
914 0.814883 0.726754 0.00704978
915 0.814883 0.721409 0.00860085
916 0.814883 0.719034 0.0087736
917 0.814883 0.71446 0.00904125
918 0.814883 0.709367 0.00989287
919 0.814883 0.707439 0.00919433
920 0.814883 0.706903 0.00847118
921 0.814883 0.714914 0.00813471
922 0.814883 0.705397 0.00898299
923 0.814883 0.713951 0.00855298
924 0.814883 0.714014 0.0101572
925 0.814883 0.725132 0.00759532
926 0.814883 0.720767 0.00820307
927 0.814883 0.723763 0.00644784
928 0.814883 0.727083 0.00641703
929 0.814883 0.724158 0.00698371
930 0.814883 0.724354 0.00553736
931 0.814883 0.727231 0.00539152
932 0.814883 0.729323 0.00564995
933 0.814883 0.740353 0.00333093
934 0.814883 0.729985 0.00550103
935 0.814883 0.727143 0.0059822
936 0.814883 0.729862 0.00462057
937 0.814883 0.724578 0.0047542
938 0.814883 0.72737 0.00443427
939 0.814883 0.719185 0.00620157
940 0.814883 0.714024 0.00663638
941 0.814883 0.716158 0.00570588
942 0.814883 0.716023 0.00659138
943 0.814883 0.728858 0.00476926
944 0.814883 0.727243 0.0044938
945 0.814883 0.724048 0.00555403
946 0.814883 0.724578 0.00544806
947 0.814883 0.728261 0.00491519
948 0.814883 0.729395 0.00496519
949 0.814883 0.731347 0.00452832
950 0.814883 0.730546 0.00580716
951 0.814883 0.733278 0.00432724
952 0.814883 0.731553 0.00432787
953 0.814883 0.729847 0.00536144
954 0.814883 0.720863 0.00585256
955 0.814883 0.722894 0.00561332
956 0.814883 0.718121 0.00641608
957 0.814883 0.722575 0.0062662
958 0.814883 0.721661 0.00591186
959 0.814883 0.718916 0.00522716
960 0.814883 0.720807 0.00500639
961 0.814883 0.727096 0.00532911
962 0.814883 0.725035 0.00481138
963 0.814883 0.72881 0.00438502
964 0.814883 0.712234 0.0067709
965 0.814883 0.707826 0.00876328
966 0.814883 0.698113 0.0100299
967 0.814883 0.709104 0.00889656
968 0.814883 0.705292 0.00947675
969 0.814883 0.713609 0.00922612
970 0.814883 0.724855 0.00633012
971 0.814889 0.720765 0.00633393
972 0.814889 0.718368 0.00663403
973 0.814889 0.727776 0.00454032
974 0.814889 0.719215 0.00759033
975 0.814889 0.733294 0.00420741
976 0.814889 0.734402 0.00466588
977 0.814889 0.737968 0.00399565
978 0.814889 0.729962 0.00334581
979 0.814889 0.722449 0.0057043
980 0.814889 0.730595 0.00473749
981 0.814889 0.740167 0.00410621
982 0.814889 0.742759 0.00371326
983 0.8149 0.730151 0.00518645
984 0.8149 0.726278 0.00570672
985 0.8149 0.727366 0.00462865
986 0.8149 0.719197 0.00599783
987 0.8149 0.716201 0.00605251
988 0.8149 0.721756 0.00534819
989 0.8149 0.724015 0.00507301
990 0.8149 0.727363 0.00458089
991 0.8149 0.728247 0.00389493
992 0.8149 0.716397 0.00515279
993 0.8149 0.713906 0.00672262
994 0.814903 0.717295 0.00622161
995 0.814903 0.725511 0.00504973
996 0.814903 0.720292 0.00514065
997 0.814903 0.728503 0.00492907
998 0.814903 0.728855 0.00553541
999 0.814903 0.740948 0.00309079
1000 0.814903 0.727399 0.00505284
