0 0.669239 0.50211 0.000846799
1 0.669239 0.505382 0.00149348
2 0.669239 0.512324 0.00149113
3 0.684312 0.518707 0.00240428
4 0.684312 0.525294 0.0025482
5 0.684312 0.531978 0.00311721
6 0.684312 0.534286 0.00448175
7 0.684312 0.543337 0.00516283
8 0.684312 0.531651 0.00428344
9 0.727935 0.540008 0.00563998
10 0.742738 0.540426 0.00632962
11 0.744653 0.542029 0.00647335
12 0.744653 0.542134 0.00703383
13 0.744653 0.538551 0.00753271
14 0.878729 0.548264 0.00990528
15 0.878729 0.562613 0.0116616
16 0.878729 0.565234 0.0137941
17 0.881907 0.574596 0.0168297
18 0.885577 0.580658 0.0195571
19 0.885577 0.572343 0.0181749
20 0.885577 0.559681 0.0199638
21 0.885577 0.57401 0.0214479
22 0.905908 0.584562 0.022204
23 0.905908 0.583913 0.0214023
24 0.905908 0.573941 0.0211337
25 0.906725 0.572466 0.0221486
26 0.906725 0.581389 0.0243876
27 0.906725 0.598275 0.0264859
28 0.907473 0.614318 0.0268435
29 0.907473 0.628786 0.0275319
30 0.910458 0.63335 0.027369
31 0.926544 0.639331 0.0306281
32 0.937474 0.662549 0.0319639
33 0.937474 0.664422 0.0332526
34 0.937474 0.671555 0.033914
35 0.937474 0.682759 0.0319527
36 0.937474 0.673988 0.0291518
37 0.937474 0.699805 0.0291252
38 0.938004 0.70359 0.0302714
39 0.938004 0.722475 0.029523
40 0.944776 0.727037 0.0276442
41 0.944776 0.725312 0.0271754
42 0.952169 0.742672 0.0301677
43 0.955359 0.746005 0.0314511
44 0.955359 0.761061 0.0272392
45 0.955359 0.77478 0.0237927
46 0.955359 0.777506 0.0223447
47 0.955359 0.775658 0.0216065
48 0.955359 0.783657 0.0201583
49 0.955359 0.803375 0.0183967
50 0.955359 0.793011 0.017084
51 0.955359 0.799612 0.0162054
52 0.955359 0.813195 0.0109777
53 0.955359 0.817901 0.0101966
54 0.955359 0.831201 0.00938084
55 0.960081 0.839459 0.00803769
56 0.960081 0.841333 0.00787401
57 0.960081 0.844787 0.00842926
58 0.960081 0.852009 0.00649649
59 0.960081 0.847272 0.00714897
60 0.960081 0.848208 0.00680159
61 0.960081 0.831936 0.00910793
62 0.960081 0.837924 0.00964259
63 0.960081 0.854011 0.00706033
64 0.960081 0.849449 0.00604935
65 0.960081 0.852872 0.00586264
66 0.960081 0.866367 0.00436267
67 0.960081 0.866537 0.00481834
68 0.960081 0.856502 0.00730989
69 0.960081 0.858901 0.00683879
70 0.960081 0.85563 0.0059235
71 0.960081 0.86108 0.00585515
72 0.960081 0.856363 0.00758281
73 0.960081 0.855893 0.00565107
74 0.960081 0.852651 0.00547543
75 0.960081 0.849402 0.00695129
76 0.960081 0.860981 0.00550305
77 0.960081 0.864481 0.00497797
78 0.960081 0.863635 0.0047632
79 0.960081 0.878879 0.00338857
80 0.960081 0.872365 0.0035947
81 0.960081 0.861381 0.00397814
82 0.960081 0.86858 0.00442219
83 0.960081 0.867029 0.004638
84 0.960081 0.854753 0.00518349
85 0.960081 0.851529 0.00447991
86 0.960081 0.849688 0.00499951
87 0.960081 0.852432 0.00583373
88 0.960081 0.85529 0.00469563
89 0.960081 0.860516 0.00430781
90 0.960081 0.863101 0.00430883
91 0.960081 0.864695 0.00509147
92 0.960081 0.875685 0.00423487
93 0.960081 0.866225 0.00445968
94 0.960081 0.869531 0.00366278
95 0.960081 0.873014 0.00365868
96 0.960081 0.875786 0.00305633
97 0.960081 0.876852 0.00339505
98 0.960081 0.874013 0.00362555
99 0.96089 0.87146 0.00463481
100 0.96089 0.864603 0.0056205
101 0.96089 0.870462 0.00522709
102 0.96089 0.868713 0.00462812
103 0.96089 0.862157 0.00476001
104 0.96089 0.865482 0.00388427
105 0.96089 0.871164 0.00393315
106 0.96089 0.87379 0.00409729
107 0.96089 0.879677 0.00366352
108 0.96089 0.87619 0.0029116
109 0.962408 0.871888 0.00452156
110 0.962408 0.873226 0.00421159
111 0.962408 0.874212 0.00457983
112 0.962408 0.86687 0.00488731
113 0.962408 0.864745 0.00543097
114 0.962408 0.871834 0.00414396
115 0.962408 0.872881 0.00409739
116 0.962408 0.866159 0.00417445
117 0.962408 0.862994 0.00436919
118 0.962408 0.87509 0.00347688
119 0.962408 0.87302 0.00348629
120 0.971024 0.882173 0.00306764
121 0.971024 0.877284 0.00377795
122 0.971024 0.870515 0.00389396
123 0.971024 0.880641 0.00271096
124 0.971024 0.877722 0.0034367
125 0.971024 0.88522 0.00283578
126 0.971024 0.880223 0.00299641
127 0.971024 0.878213 0.0031285
128 0.971024 0.886541 0.00296941
129 0.971024 0.885464 0.00280042
130 0.971024 0.884576 0.00294027
131 0.971024 0.878372 0.00299798
132 0.971024 0.880486 0.00313541
133 0.971024 0.885071 0.00347462
134 0.971024 0.881481 0.00362629
135 0.971024 0.875122 0.00419066
136 0.971024 0.872746 0.00466754
137 0.971024 0.877054 0.00361273
138 0.971024 0.874728 0.00432544
139 0.971024 0.882 0.00376202
140 0.971024 0.884317 0.00341778
141 0.971024 0.881636 0.00388023
142 0.971024 0.895268 0.00318684
143 0.971024 0.887663 0.00287182
144 0.971024 0.878935 0.00484495
145 0.971024 0.886161 0.0034546
146 0.971024 0.880044 0.00387197
147 0.971024 0.887242 0.00461769
148 0.971024 0.891485 0.00358353
149 0.971024 0.896327 0.00358069
150 0.971024 0.897477 0.00532339
151 0.971024 0.9002 0.00454204
152 0.971024 0.895359 0.00495027
153 0.971024 0.899341 0.00292586
154 0.971024 0.897619 0.00286442
155 0.971412 0.895114 0.0030403
156 0.971412 0.895612 0.00299615
157 0.971412 0.891391 0.00454556
158 0.971412 0.89389 0.00309182
159 0.971412 0.892139 0.00369028
160 0.971412 0.893383 0.00293757
161 0.971412 0.891216 0.00356754
162 0.971412 0.891898 0.00343618
163 0.971412 0.900014 0.00307866
164 0.971412 0.906923 0.00201098
165 0.971412 0.908559 0.00184254
166 0.971412 0.902659 0.00259852
167 0.971412 0.898974 0.00250434
168 0.971412 0.902601 0.00247269
169 0.971412 0.904317 0.00193598
170 0.971412 0.912589 0.00169069
171 0.971412 0.897225 0.00273936
172 0.971412 0.901771 0.00244043
173 0.971412 0.899263 0.00229531
174 0.971412 0.902826 0.00281648
175 0.971412 0.90378 0.00172002
176 0.971412 0.899045 0.00322052
177 0.971412 0.894412 0.00292361
178 0.971412 0.897505 0.00262274
179 0.971412 0.899655 0.00318192
180 0.971412 0.904419 0.00242188
181 0.971412 0.909329 0.00254572
182 0.971412 0.898529 0.00275751
183 0.971412 0.907482 0.00240017
184 0.971412 0.898502 0.00253213
185 0.971412 0.898546 0.00336472
186 0.971412 0.899463 0.00316861
187 0.972345 0.895734 0.00351408
188 0.972345 0.904557 0.00261948
189 0.972345 0.900624 0.00365588
190 0.972345 0.897921 0.00291204
191 0.972345 0.908392 0.00268615
192 0.972345 0.905612 0.00267885
193 0.972345 0.90501 0.00312329
194 0.972345 0.912663 0.00218308
195 0.972345 0.907114 0.00267584
196 0.972345 0.905867 0.00226401
197 0.972345 0.902947 0.00302732
198 0.972345 0.904213 0.00263164
199 0.972345 0.905243 0.00231364
200 0.972345 0.899392 0.00277603
201 0.972345 0.905244 0.0022024
202 0.972345 0.902519 0.00320191
203 0.972345 0.892013 0.00348189
204 0.972345 0.894882 0.00440327
205 0.972345 0.892119 0.00572781
206 0.972345 0.899353 0.0032436
207 0.972345 0.903326 0.0027643
208 0.972345 0.902265 0.00268906
209 0.972345 0.894646 0.00371844
210 0.972345 0.900351 0.00252036
211 0.972345 0.896493 0.00302073
212 0.972345 0.902866 0.00308451
213 0.972345 0.895754 0.00385617
214 0.972345 0.898887 0.00424143
215 0.972345 0.900135 0.00348287
216 0.973211 0.900861 0.00337002
217 0.973211 0.896827 0.00345288
218 0.973211 0.8985 0.00224472
219 0.973211 0.889587 0.00273425
220 0.973211 0.888745 0.00377952
221 0.973211 0.891321 0.00422808
222 0.973211 0.895396 0.00339549
223 0.973211 0.88593 0.00458758
224 0.973211 0.889913 0.00483888
225 0.973211 0.892206 0.00371974
226 0.973211 0.888004 0.00355612
227 0.973211 0.88709 0.00360934
228 0.973211 0.895084 0.00265999
229 0.973211 0.898844 0.00256986
230 0.973211 0.89535 0.00405051
231 0.973211 0.898534 0.00253854
232 0.973211 0.895559 0.00337127
233 0.973211 0.893005 0.00338411
234 0.973211 0.897708 0.00272588
235 0.973211 0.90117 0.00332483
236 0.973211 0.886371 0.00391659
237 0.973211 0.890059 0.00445836
238 0.973211 0.890352 0.00399793
239 0.973211 0.891989 0.00364928
240 0.973211 0.89643 0.00386844
241 0.973211 0.89685 0.00319274
242 0.973211 0.903415 0.0024307
243 0.973732 0.893008 0.00294731
244 0.973732 0.895495 0.00269959
245 0.974622 0.902309 0.00246427
246 0.974622 0.900409 0.00268372
247 0.974622 0.896783 0.00205134
248 0.974622 0.896883 0.00214603
249 0.974622 0.899389 0.00298284
250 0.974622 0.899507 0.00328785
251 0.974622 0.894164 0.00319872
252 0.974887 0.898839 0.00260482
253 0.974887 0.89768 0.00314716
254 0.975306 0.890528 0.00381996
255 0.975306 0.89047 0.00448637
256 0.975306 0.88787 0.0033926
257 0.975306 0.89356 0.00427451
258 0.975306 0.895237 0.00325711
259 0.975306 0.902155 0.00278551
260 0.975306 0.89379 0.00324056
261 0.975306 0.896816 0.00347749
262 0.975306 0.895455 0.00314906
263 0.975306 0.896875 0.0031667
264 0.975306 0.894542 0.00362274
265 0.975306 0.88775 0.00478285
266 0.975306 0.897801 0.0040653
267 0.975306 0.891441 0.00401819
268 0.975306 0.894596 0.00349054
269 0.975306 0.896413 0.00350298
270 0.975306 0.894108 0.00414942
271 0.975306 0.883641 0.00478031
272 0.975306 0.885239 0.00357338
273 0.975306 0.889251 0.00360895
274 0.975306 0.888127 0.004782
275 0.975648 0.89747 0.00380181
276 0.975648 0.888265 0.00418327
277 0.975648 0.882959 0.00495796
278 0.975648 0.888775 0.00390231
279 0.975648 0.894759 0.00330241
280 0.975648 0.896806 0.00257369
281 0.975648 0.902311 0.00242572
282 0.975648 0.904272 0.00225426
283 0.975648 0.902753 0.00253914
284 0.975648 0.900456 0.00204094
285 0.975648 0.89894 0.00262491
286 0.975648 0.90375 0.0025266
287 0.975648 0.895621 0.00336858
288 0.975648 0.890748 0.00337617
289 0.975648 0.886587 0.0041552
290 0.975648 0.897934 0.00314333
291 0.975648 0.899132 0.00292996
292 0.975648 0.903037 0.00308436
293 0.975648 0.91637 0.00210435
294 0.975648 0.912073 0.00244291
295 0.975648 0.906304 0.00318787
296 0.975648 0.902581 0.00278924
297 0.975648 0.905227 0.00333801
298 0.975648 0.902009 0.00318509
299 0.975648 0.908842 0.00310571
300 0.975648 0.900086 0.00385655
301 0.975648 0.900273 0.00346554
302 0.975648 0.895305 0.00326
303 0.975648 0.896261 0.0037476
304 0.975648 0.901336 0.00309253
305 0.975648 0.891149 0.00409981
306 0.975648 0.8957 0.0040337
307 0.975648 0.894141 0.00347964
308 0.975648 0.904441 0.0035094
309 0.975648 0.89653 0.00416199
310 0.975648 0.898234 0.0037973
311 0.975648 0.891466 0.00431175
312 0.975648 0.898355 0.00369173
313 0.975648 0.899498 0.00293126
314 0.975648 0.899477 0.00277902
315 0.975648 0.901959 0.00254829
316 0.975648 0.899231 0.00313034
317 0.975648 0.894697 0.00415995
318 0.975648 0.903929 0.00439473
319 0.975757 0.901286 0.00396812
320 0.975757 0.896575 0.00337754
321 0.975757 0.897992 0.00378179
322 0.975757 0.890742 0.00441701
323 0.975757 0.902781 0.00331183
324 0.975757 0.904594 0.0031423
325 0.975757 0.91 0.00257571
326 0.975757 0.90966 0.00267635
327 0.975757 0.903231 0.00272977
328 0.975757 0.909747 0.00236595
329 0.975757 0.907858 0.00263633
330 0.975757 0.909579 0.00236029
331 0.975757 0.906956 0.00281321
332 0.975757 0.906777 0.00358897
333 0.975757 0.900011 0.00475533
334 0.975757 0.902416 0.00472954
335 0.975757 0.902553 0.00370201
336 0.975757 0.900791 0.00419433
337 0.975757 0.898874 0.00368441
338 0.975757 0.897271 0.00460182
339 0.975757 0.895286 0.00404941
340 0.975757 0.899361 0.00405289
341 0.975757 0.89211 0.00432761
342 0.975757 0.896112 0.00431594
343 0.975757 0.887071 0.00421121
344 0.975757 0.895183 0.00400433
345 0.975757 0.889501 0.00452474
346 0.975757 0.889566 0.00373825
347 0.975757 0.892286 0.00371027
348 0.975757 0.89621 0.00329863
349 0.975757 0.896398 0.00362037
350 0.975757 0.89639 0.00371301
351 0.975757 0.897753 0.00278202
352 0.975757 0.893567 0.00315258
353 0.975757 0.891045 0.00381608
354 0.975757 0.893756 0.00432194
355 0.975757 0.88925 0.00365793
356 0.975757 0.897459 0.00357784
357 0.975757 0.89563 0.00415009
358 0.975757 0.897789 0.00364933
359 0.975757 0.892379 0.00395451
360 0.975757 0.897866 0.00292468
361 0.975757 0.905966 0.00242438
362 0.975757 0.89853 0.00242091
363 0.975757 0.905568 0.00262965
364 0.975757 0.891863 0.00342526
365 0.975757 0.903935 0.00332789
366 0.975757 0.910262 0.00261096
367 0.975757 0.90748 0.00244678
368 0.975757 0.908824 0.00229658
369 0.975757 0.902543 0.00322342
370 0.975757 0.899957 0.00305253
371 0.975757 0.897583 0.00346442
372 0.975757 0.895489 0.00417573
373 0.975757 0.896544 0.0048496
374 0.975757 0.885739 0.00580756
375 0.975757 0.885583 0.00728906
376 0.975757 0.892398 0.00506427
377 0.975757 0.89004 0.00599734
378 0.975757 0.887933 0.00605464
379 0.975757 0.888344 0.00516563
380 0.975757 0.88181 0.0057439
381 0.975757 0.894524 0.00425861
382 0.975757 0.893749 0.00470071
383 0.975757 0.890375 0.00492471
384 0.975757 0.898247 0.00391109
385 0.975757 0.902936 0.00270629
386 0.975757 0.898364 0.00419285
387 0.975757 0.891969 0.00471775
388 0.975757 0.899278 0.00483336
389 0.975757 0.898587 0.00568806
390 0.975757 0.900743 0.00428147
391 0.975757 0.90013 0.00487306
392 0.975757 0.900675 0.00307457
393 0.975757 0.895959 0.00443095
394 0.975757 0.894171 0.00423914
395 0.975757 0.896696 0.00390457
396 0.975757 0.895024 0.00352728
397 0.975757 0.902543 0.00321608
398 0.975757 0.90195 0.0032608
399 0.975757 0.909276 0.00244525
400 0.975757 0.911095 0.00237445
401 0.975757 0.910458 0.00199019
402 0.975757 0.902276 0.00347439
403 0.975757 0.901679 0.00236579
404 0.975757 0.904572 0.00308429
405 0.975757 0.902834 0.00381714
406 0.975757 0.906905 0.00269715
407 0.975757 0.905004 0.00289047
408 0.975757 0.898229 0.0032027
409 0.975757 0.905283 0.00275284
410 0.975757 0.904751 0.00237551
411 0.975757 0.903621 0.00339428
412 0.975757 0.90281 0.00355532
413 0.975757 0.902819 0.00353559
414 0.975757 0.902308 0.0028632
415 0.975757 0.906021 0.00213668
416 0.975757 0.90481 0.00235008
417 0.975757 0.901457 0.00335125
418 0.975757 0.89385 0.00371169
419 0.975757 0.896072 0.0041914
420 0.975757 0.902635 0.00327362
421 0.975757 0.900234 0.00330483
422 0.975757 0.903314 0.00332464
423 0.975757 0.897611 0.00325859
424 0.975757 0.894583 0.00326161
425 0.975757 0.899572 0.00300424
426 0.975757 0.898305 0.0034517
427 0.975757 0.900492 0.0037243
428 0.975757 0.896181 0.00371035
429 0.975757 0.897782 0.0043958
430 0.975757 0.89786 0.00490141
431 0.975757 0.89551 0.00524483
432 0.975757 0.902731 0.00285799
433 0.975757 0.89777 0.00355909
434 0.975757 0.895192 0.00432271
435 0.975757 0.887029 0.00545635
436 0.975757 0.891878 0.00401145
437 0.975757 0.890932 0.00450001
438 0.975757 0.895489 0.0037444
439 0.975757 0.89471 0.00376947
440 0.975757 0.891604 0.00426665
441 0.975757 0.889805 0.00489092
442 0.975757 0.894791 0.00366267
443 0.975757 0.893247 0.00379837
444 0.975757 0.893246 0.00400443
445 0.975757 0.898447 0.00227059
446 0.975757 0.900418 0.0030789
447 0.975757 0.900216 0.00317387
448 0.975757 0.893681 0.00415527
449 0.975757 0.88874 0.00437353
450 0.975757 0.894325 0.0041782
451 0.975757 0.894898 0.00319832
452 0.975757 0.900547 0.00296196
453 0.975757 0.909842 0.00296462
454 0.975757 0.904311 0.00330434
455 0.975757 0.907472 0.00313333
456 0.975757 0.901799 0.00284411
457 0.975757 0.897082 0.00363197
458 0.975757 0.896192 0.00393377
459 0.975757 0.900274 0.00352053
460 0.975757 0.901811 0.00494261
461 0.975757 0.907025 0.00428326
462 0.975757 0.897868 0.0042167
463 0.975757 0.89732 0.00410012
464 0.975757 0.89989 0.00392
465 0.975757 0.901251 0.0028761
466 0.975757 0.900728 0.00249983
467 0.975757 0.903085 0.00291454
468 0.975757 0.897314 0.00303016
469 0.975757 0.89393 0.00336315
470 0.975757 0.89366 0.00421017
471 0.975757 0.889061 0.00438206
472 0.975757 0.899668 0.00350803
473 0.975757 0.907399 0.0031771
474 0.975757 0.901007 0.00310762
475 0.975757 0.903898 0.00316918
476 0.975757 0.903975 0.00326471
477 0.975757 0.899907 0.00373817
478 0.976451 0.895705 0.00386369
479 0.976451 0.900308 0.00299726
480 0.976451 0.897082 0.00280248
481 0.976451 0.893808 0.00267239
482 0.976451 0.889316 0.00342782
483 0.976451 0.888676 0.00486691
484 0.976451 0.901428 0.00405461
485 0.976451 0.902283 0.00255489
486 0.976451 0.901721 0.00342136
487 0.976451 0.901238 0.00277737
488 0.976451 0.899917 0.002988
489 0.976451 0.893325 0.00448353
490 0.976451 0.899732 0.00333297
491 0.976451 0.906145 0.00380115
492 0.976451 0.900044 0.00291201
493 0.976451 0.891755 0.00460027
494 0.976451 0.898189 0.00348883
495 0.976451 0.897574 0.0043812
496 0.976451 0.896593 0.00288798
497 0.976486 0.89426 0.00354904
498 0.976486 0.895661 0.00328858
499 0.976486 0.900586 0.0022057
500 0.976486 0.901237 0.00337114
501 0.976486 0.900729 0.00311707
502 0.976486 0.890232 0.0034221
503 0.976486 0.895662 0.00288419
504 0.976486 0.887876 0.00392295
505 0.976486 0.891386 0.00458935
506 0.976486 0.901711 0.00385099
507 0.976486 0.892819 0.00421049
508 0.976486 0.899759 0.00434953
509 0.976486 0.897357 0.0035166
510 0.976486 0.901065 0.0034044
511 0.976486 0.894955 0.00410839
512 0.976486 0.891701 0.00431165
513 0.976486 0.892325 0.00430853
514 0.976486 0.898364 0.00466987
515 0.976486 0.899238 0.00386548
516 0.976486 0.907543 0.00292885
517 0.976486 0.906058 0.0030111
518 0.977755 0.910232 0.00248996
519 0.977755 0.901235 0.00330798
520 0.977755 0.897233 0.00525525
521 0.977755 0.886534 0.00480483
522 0.977755 0.888723 0.0040852
523 0.977755 0.893303 0.00461055
524 0.977755 0.892897 0.00493323
525 0.977755 0.894644 0.00428951
526 0.977755 0.895671 0.00364318
527 0.977755 0.895955 0.00319813
528 0.977755 0.899952 0.00350537
529 0.977755 0.910217 0.00247319
530 0.977755 0.898653 0.0027136
531 0.977755 0.897381 0.00326226
532 0.977755 0.899771 0.00351941
533 0.977755 0.901552 0.00354738
534 0.977755 0.900188 0.00309373
535 0.977755 0.897809 0.00386243
536 0.977755 0.903841 0.00315409
537 0.977755 0.898962 0.00308459
538 0.977755 0.904424 0.00279646
539 0.977755 0.902413 0.0029388
540 0.977755 0.906347 0.00264679
541 0.977755 0.905201 0.00329499
542 0.977755 0.901916 0.00255677
543 0.977755 0.897028 0.00358568
544 0.977755 0.896534 0.00407597
545 0.977755 0.894356 0.00445424
546 0.977755 0.897925 0.00390332
547 0.977755 0.8943 0.00391455
548 0.977755 0.902088 0.00313088
549 0.977755 0.901989 0.00275642
550 0.977755 0.894673 0.00349013
551 0.977755 0.890842 0.00323124
552 0.977755 0.892555 0.00393362
553 0.977755 0.896812 0.00307589
554 0.977755 0.908056 0.00225201
555 0.977755 0.898394 0.00260899
556 0.977755 0.904207 0.00262943
557 0.977755 0.901563 0.00297883
558 0.977755 0.898217 0.00339842
559 0.977755 0.893989 0.00288888
560 0.977755 0.901932 0.00255914
561 0.977755 0.89718 0.00296927
562 0.977755 0.901545 0.00308711
563 0.977755 0.8956 0.00360255
564 0.977755 0.894431 0.00309754
565 0.977755 0.894073 0.0038429
566 0.977755 0.889557 0.00412079
567 0.977755 0.894189 0.00391472
568 0.977755 0.890977 0.00410459
569 0.977755 0.896705 0.00314699
570 0.977755 0.896955 0.00330051
571 0.977755 0.899634 0.00241514
572 0.977755 0.895823 0.00356666
573 0.977755 0.899549 0.00259797
574 0.977755 0.900903 0.0029236
575 0.977755 0.903593 0.00297202
576 0.977755 0.906975 0.00277619
577 0.977755 0.899368 0.0041061
578 0.977755 0.905756 0.00306881
579 0.977755 0.901213 0.00335603
580 0.977755 0.906373 0.00232198
581 0.977755 0.908037 0.00207457
582 0.977755 0.904824 0.00287114
583 0.977755 0.899638 0.00373456
584 0.977755 0.894465 0.00395601
585 0.977755 0.892789 0.00474468
586 0.977755 0.8928 0.00526761
587 0.977755 0.89153 0.00374092
588 0.977755 0.899004 0.00399079
589 0.977755 0.88679 0.00464576
590 0.977755 0.886145 0.00384855
591 0.977755 0.890299 0.00504398
592 0.977755 0.885626 0.00427353
593 0.977755 0.898724 0.00311881
594 0.977755 0.891855 0.00345355
595 0.977755 0.887051 0.00347458
596 0.977755 0.894242 0.00389299
597 0.977755 0.896976 0.00307987
598 0.977755 0.89548 0.00302547
599 0.977755 0.892393 0.00348488
600 0.977755 0.898472 0.00304109
601 0.977755 0.892113 0.00390656
602 0.977755 0.889804 0.0046955
603 0.977755 0.891546 0.00520316
604 0.977755 0.907245 0.00290642
605 0.977755 0.905201 0.00281643
606 0.977755 0.898717 0.00328114
607 0.977755 0.894751 0.00489588
608 0.977755 0.896126 0.00469355
609 0.977755 0.883183 0.0050498
610 0.977755 0.884142 0.00518803
611 0.977755 0.881167 0.0051815
612 0.977755 0.889707 0.00378711
613 0.977755 0.885133 0.00505424
614 0.977755 0.89655 0.00440709
615 0.977755 0.897179 0.00476604
616 0.977755 0.899073 0.00367635
617 0.977755 0.893868 0.00398767
618 0.977755 0.888566 0.00561169
619 0.977755 0.894394 0.00591387
620 0.977755 0.900243 0.00397978
621 0.977755 0.895928 0.00394225
622 0.977755 0.89781 0.00411893
623 0.977755 0.896664 0.00472817
624 0.977755 0.891189 0.00396186
625 0.977755 0.895461 0.00421669
626 0.977755 0.891025 0.00399739
627 0.977755 0.893472 0.00450539
628 0.977755 0.900044 0.00394887
629 0.977755 0.901956 0.00330757
630 0.977755 0.893722 0.00414703
631 0.977755 0.899671 0.00378749
632 0.977755 0.894174 0.00427981
633 0.977755 0.89912 0.00321643
634 0.977755 0.896878 0.00396866
635 0.977755 0.893864 0.00406379
636 0.977755 0.900715 0.00359221
637 0.977755 0.900605 0.00374337
638 0.977755 0.897197 0.00369593
639 0.977755 0.901486 0.00371672
640 0.977755 0.907937 0.00202584
641 0.977755 0.904838 0.00290061
642 0.977755 0.902325 0.00383622
643 0.977755 0.902771 0.00344622
644 0.977755 0.905876 0.00295355
645 0.977755 0.901311 0.00421606
646 0.977755 0.905028 0.00365007
647 0.977755 0.90868 0.00309966
648 0.977755 0.90668 0.00332023
649 0.977755 0.895411 0.00368345
650 0.977755 0.90653 0.00262903
651 0.977755 0.906771 0.00252435
652 0.977755 0.909744 0.00222423
653 0.977755 0.911131 0.00229564
654 0.977755 0.908057 0.00282634
655 0.977755 0.902339 0.00373372
656 0.977755 0.904425 0.00381114
657 0.977755 0.905548 0.00352352
658 0.977755 0.90218 0.00296592
659 0.977755 0.898995 0.00316022
660 0.977755 0.900326 0.00351916
661 0.977755 0.906062 0.00254055
662 0.977755 0.89447 0.00333775
663 0.977755 0.891842 0.00382075
664 0.977755 0.897223 0.00412754
665 0.977755 0.897887 0.00397857
666 0.977755 0.898042 0.00334579
667 0.977755 0.88079 0.00575676
668 0.977755 0.881318 0.0043756
669 0.977755 0.893499 0.00403187
670 0.977755 0.884546 0.0043451
671 0.977755 0.890214 0.00434585
672 0.977755 0.891709 0.0028508
673 0.977755 0.897002 0.00281387
674 0.977755 0.895399 0.00422387
675 0.977755 0.897831 0.0034886
676 0.977755 0.897955 0.00353365
677 0.977755 0.895324 0.00355031
678 0.977755 0.902247 0.00271814
679 0.977755 0.891814 0.0034003
680 0.977755 0.887332 0.00427804
681 0.977755 0.889339 0.00424144
682 0.977755 0.897505 0.00360535
683 0.977755 0.89543 0.00317697
684 0.977755 0.894993 0.00366695
685 0.977755 0.889765 0.00400796
686 0.977755 0.886802 0.00537346
687 0.977755 0.894302 0.00429787
688 0.977755 0.886484 0.00465302
689 0.977755 0.886401 0.00472774
690 0.977755 0.897197 0.00369512
691 0.977755 0.886224 0.00522851
692 0.977755 0.883306 0.00502918
693 0.977755 0.887558 0.00421788
694 0.977755 0.884763 0.0054834
695 0.977755 0.89285 0.00371574
696 0.977755 0.884249 0.00444503
697 0.977755 0.881939 0.00435498
698 0.977755 0.886797 0.00414697
699 0.977755 0.886476 0.00441984
700 0.977755 0.890284 0.0049214
701 0.977755 0.890018 0.00472193
702 0.977755 0.88758 0.00539176
703 0.977755 0.885031 0.00600161
704 0.977755 0.887108 0.00481354
705 0.977755 0.893698 0.00486237
706 0.977755 0.884502 0.00602462
707 0.977755 0.879359 0.0068558
708 0.977755 0.883174 0.00565037
709 0.977755 0.888667 0.0052467
710 0.977755 0.891377 0.00595443
711 0.977755 0.889191 0.00513694
712 0.977755 0.880004 0.0077419
713 0.977755 0.886694 0.00602176
714 0.977755 0.87456 0.00717478
715 0.977755 0.877525 0.00717154
716 0.977755 0.88385 0.0063818
717 0.977755 0.883762 0.00645187
718 0.977755 0.892096 0.006045
719 0.977755 0.893051 0.00521242
720 0.977755 0.896219 0.00501616
721 0.977755 0.890556 0.00459237
722 0.977755 0.89527 0.00505063
723 0.977755 0.902623 0.0044411
724 0.977755 0.896975 0.00435218
725 0.977755 0.897898 0.00438346
726 0.977755 0.89936 0.00459336
727 0.977755 0.901585 0.00329817
728 0.977755 0.900917 0.00316358
729 0.977755 0.900097 0.00356343
730 0.977755 0.90246 0.00307535
731 0.977755 0.899809 0.00365558
732 0.977755 0.89681 0.00374782
733 0.977755 0.897879 0.00383113
734 0.977755 0.898888 0.00317148
735 0.977755 0.898137 0.00330169
736 0.977755 0.89619 0.00420379
737 0.977755 0.903836 0.00353989
738 0.977755 0.896276 0.00411833
739 0.977755 0.893692 0.00336485
740 0.977755 0.887007 0.00466082
741 0.977755 0.894999 0.00368171
742 0.977755 0.896292 0.00273246
743 0.977755 0.904085 0.00308826
744 0.977755 0.900038 0.00381152
745 0.977755 0.900432 0.00381713
746 0.977755 0.900561 0.00379266
747 0.977755 0.902908 0.00452479
748 0.977755 0.903351 0.00406349
749 0.977755 0.904518 0.00445053
750 0.977755 0.907553 0.00319141
751 0.977755 0.908956 0.00270291
752 0.977755 0.910277 0.00276205
753 0.977755 0.906802 0.00311835
754 0.977755 0.91181 0.00214436
755 0.977755 0.908398 0.00255202
756 0.977755 0.905402 0.00266799
757 0.977755 0.902559 0.00320531
758 0.977755 0.904531 0.00330377
759 0.977755 0.898132 0.0046216
760 0.977755 0.905597 0.00294817
761 0.977755 0.896983 0.00386263
762 0.977755 0.894523 0.0037966
763 0.977755 0.894795 0.00470641
764 0.977755 0.889155 0.00503295
765 0.977755 0.89628 0.0036831
766 0.977755 0.890121 0.00406098
767 0.977755 0.897265 0.0038318
768 0.977755 0.900431 0.00317664
769 0.977755 0.905949 0.00196986
770 0.977755 0.909019 0.00271166
771 0.977755 0.902101 0.00382927
772 0.977755 0.902586 0.00346974
773 0.977755 0.893284 0.00426827
774 0.977755 0.885277 0.0045975
775 0.977755 0.891529 0.00362595
776 0.977755 0.891478 0.00444114
777 0.977755 0.895201 0.00363393
778 0.977755 0.890714 0.00394011
779 0.977755 0.888893 0.00435116
780 0.977755 0.892189 0.00449332
781 0.977755 0.898665 0.00422378
782 0.977755 0.894445 0.0039487
783 0.977755 0.895659 0.00329494
784 0.977755 0.897768 0.00421039
785 0.977755 0.892941 0.00464393
786 0.977755 0.892924 0.00323814
787 0.977755 0.889468 0.0034747
788 0.977755 0.901231 0.00305307
789 0.977755 0.906433 0.00239748
790 0.977755 0.910311 0.00250631
791 0.977755 0.90964 0.00289069
792 0.977755 0.899252 0.00361754
793 0.977755 0.898134 0.0033037
794 0.977755 0.903244 0.0034006
795 0.977755 0.906512 0.00306732
796 0.977755 0.89035 0.00430381
797 0.977755 0.89752 0.00384895
798 0.977755 0.898341 0.00318293
799 0.977755 0.889685 0.00449133
800 0.977755 0.893215 0.00473946
801 0.977755 0.895359 0.00349564
802 0.977755 0.90203 0.00328902
803 0.977755 0.894252 0.00393397
804 0.977755 0.88851 0.0053684
805 0.977755 0.888161 0.00523204
806 0.977755 0.891689 0.00509755
807 0.977755 0.893257 0.00482356
808 0.977755 0.891505 0.00423923
809 0.977755 0.900104 0.00282714
810 0.977755 0.897577 0.00287237
811 0.977755 0.904072 0.00310087
812 0.977755 0.901702 0.00303483
813 0.977755 0.901202 0.00312709
814 0.977755 0.904803 0.0030487
815 0.977755 0.894009 0.00503968
816 0.977755 0.892931 0.00391717
817 0.977755 0.894509 0.00458611
818 0.977755 0.893041 0.00492948
819 0.977755 0.898691 0.00430413
820 0.977757 0.905775 0.00343411
821 0.977757 0.90321 0.00368735
822 0.977757 0.903108 0.00505929
823 0.977757 0.907996 0.00480587
824 0.977757 0.90331 0.00406022
825 0.977757 0.908919 0.00266644
826 0.977757 0.903439 0.00339917
827 0.977757 0.897217 0.00331408
828 0.977757 0.900136 0.00348534
829 0.977757 0.885718 0.00360912
830 0.977757 0.884409 0.00419894
831 0.977757 0.900626 0.00326196
832 0.977757 0.897668 0.00373914
833 0.977757 0.895303 0.00418283
834 0.977757 0.890876 0.00562866
835 0.977757 0.893663 0.00335354
836 0.977757 0.889868 0.00355551
837 0.977757 0.894528 0.0035473
838 0.977757 0.905936 0.0030962
839 0.977757 0.907726 0.0028039
840 0.977757 0.899913 0.00311292
841 0.977757 0.908004 0.00362308
842 0.977757 0.908196 0.0026978
843 0.977757 0.907207 0.00343335
844 0.977757 0.916403 0.00186892
845 0.977757 0.905273 0.00306696
846 0.977757 0.902384 0.00392059
847 0.977757 0.901066 0.0039736
848 0.977757 0.904132 0.00301312
849 0.977757 0.894705 0.00428149
850 0.977757 0.890565 0.00487674
851 0.977757 0.89051 0.0046135
852 0.977757 0.885295 0.00583024
853 0.977757 0.894626 0.00478016
854 0.977757 0.903471 0.00353679
855 0.977757 0.902179 0.00373751
856 0.977757 0.894506 0.0039931
857 0.977757 0.897528 0.0047352
858 0.977757 0.899382 0.00372687
859 0.977757 0.89139 0.00481866
860 0.977757 0.892081 0.00401432
861 0.977757 0.898532 0.00328056
862 0.977757 0.901439 0.00312338
863 0.977757 0.905686 0.00247766
864 0.977757 0.89865 0.00355683
865 0.977757 0.906254 0.00296804
866 0.977757 0.903406 0.00295743
867 0.977757 0.906218 0.00279926
868 0.977757 0.89795 0.00351025
869 0.977757 0.895245 0.00329462
870 0.977757 0.894562 0.00324088
871 0.977757 0.896782 0.00270309
872 0.977757 0.906179 0.00230066
873 0.977757 0.897858 0.00341416
874 0.977757 0.894157 0.00405486
875 0.977794 0.902206 0.00288751
876 0.977794 0.892106 0.00375865
877 0.977794 0.904429 0.00333331
878 0.977794 0.904432 0.0035988
879 0.97795 0.897049 0.00464859
880 0.97795 0.893572 0.00387707
881 0.97795 0.892925 0.00424837
882 0.97795 0.893638 0.00382534
883 0.97795 0.897226 0.00388824
884 0.97795 0.89475 0.00414726
885 0.97795 0.891064 0.00356528
886 0.97795 0.888132 0.00512666
887 0.97795 0.891044 0.00527055
888 0.97795 0.892815 0.00441359
889 0.97795 0.885423 0.00513556
890 0.97795 0.877756 0.00503817
891 0.97795 0.882564 0.00521377
892 0.97795 0.887183 0.00448443
893 0.97795 0.892585 0.00451161
894 0.97795 0.904714 0.00326128
895 0.97795 0.890006 0.00410311
896 0.97795 0.899077 0.00344205
897 0.97795 0.894194 0.00318956
898 0.97795 0.90238 0.00341988
899 0.97795 0.900188 0.00369756
900 0.97795 0.899446 0.00360585
901 0.97795 0.900932 0.00352536
902 0.97795 0.90219 0.00281522
903 0.97795 0.909671 0.00284115
904 0.97795 0.901018 0.00280822
905 0.97795 0.905099 0.00242382
906 0.97795 0.913783 0.00213992
907 0.97795 0.904158 0.00318411
908 0.97795 0.901603 0.00323401
909 0.97795 0.887603 0.0039999
910 0.97795 0.893535 0.00333376
911 0.97795 0.903688 0.00287955
912 0.97795 0.907289 0.00268342
913 0.97795 0.911228 0.0028534
914 0.97795 0.906266 0.00309805
915 0.97795 0.895185 0.00401931
916 0.97795 0.907017 0.00282775
917 0.97795 0.90054 0.00325782
918 0.97795 0.900004 0.00437617
919 0.97795 0.890473 0.00508045
920 0.97795 0.892476 0.00571826
921 0.97795 0.894552 0.00546198
922 0.97795 0.895598 0.00417511
923 0.97795 0.892079 0.00432556
924 0.97795 0.891518 0.00395428
925 0.97795 0.889391 0.00466768
926 0.97795 0.893654 0.00449721
927 0.97795 0.883573 0.00547901
928 0.97795 0.898558 0.0049904
929 0.97795 0.898822 0.00375571
930 0.97795 0.905953 0.00286995
931 0.97795 0.907656 0.00288909
932 0.97795 0.906308 0.00252067
933 0.97795 0.906315 0.00229851
934 0.97795 0.904834 0.00265232
935 0.97795 0.902664 0.00319541
936 0.97795 0.898592 0.00363343
937 0.97795 0.897227 0.00359242
938 0.97795 0.896988 0.00433503
939 0.97795 0.895014 0.00488538
940 0.97795 0.891036 0.00535424
941 0.97795 0.90987 0.00324207
942 0.97795 0.906185 0.00387609
943 0.97795 0.913828 0.00331149
944 0.97795 0.903464 0.00343024
945 0.97795 0.908436 0.00451014
946 0.97795 0.89664 0.00571368
947 0.97795 0.896664 0.00589021
948 0.97795 0.893759 0.00609746
949 0.97795 0.905798 0.00365791
950 0.97795 0.909789 0.00341681
951 0.97795 0.900742 0.00370598
952 0.97795 0.90038 0.00347103
953 0.97795 0.901771 0.0027192
954 0.97795 0.899036 0.00275532
955 0.97795 0.900075 0.0042325
956 0.97795 0.900963 0.00368977
957 0.97795 0.910209 0.00292113
958 0.97795 0.910139 0.00332839
959 0.97795 0.913483 0.00243465
960 0.97795 0.91185 0.00200234
961 0.97795 0.917627 0.00163127
962 0.97795 0.915678 0.00172129
963 0.97795 0.91602 0.00237322
964 0.97795 0.91196 0.00305808
965 0.97795 0.908903 0.00307103
966 0.97795 0.907408 0.00310998
967 0.97795 0.909369 0.00382083
968 0.97795 0.907516 0.00386275
969 0.97795 0.897881 0.00485678
970 0.97795 0.901858 0.00356188
971 0.97795 0.902153 0.00435871
972 0.97795 0.897444 0.00374258
973 0.97795 0.903214 0.00302003
974 0.97795 0.895994 0.00417226
975 0.97795 0.900048 0.00396157
976 0.97795 0.89422 0.00397603
977 0.97795 0.902324 0.00292743
978 0.97795 0.902925 0.00297165
979 0.97795 0.909574 0.00262101
980 0.97795 0.908872 0.00257263
981 0.97795 0.907663 0.00313701
982 0.97795 0.912403 0.00285067
983 0.97795 0.91004 0.00295248
984 0.97795 0.912568 0.00322696
985 0.97795 0.908758 0.0026643
986 0.97795 0.906137 0.00253759
987 0.97795 0.906743 0.00237751
988 0.97795 0.901353 0.00332029
989 0.97795 0.899368 0.00367157
990 0.97795 0.901555 0.00403797
991 0.97795 0.901498 0.00437275
992 0.97795 0.883814 0.0068233
993 0.97795 0.887366 0.00527465
994 0.97795 0.892371 0.00518565
995 0.97795 0.89732 0.00598681
996 0.97795 0.900991 0.00449211
997 0.97795 0.89653 0.00479188
998 0.97795 0.892426 0.00511175
999 0.97795 0.895928 0.00461568
1000 0.97795 0.891125 0.00482076
