0 0.283065 0.25076 3.67643e-05
1 0.289379 0.252148 6.22065e-05
2 0.466567 0.256839 0.000778935
3 0.466567 0.259288 0.00141691
4 0.468562 0.265658 0.0022161
5 0.468562 0.270662 0.00285105
6 0.468562 0.275645 0.00359193
7 0.46952 0.282383 0.00529101
8 0.46952 0.293265 0.00719796
9 0.46952 0.298907 0.00785098
10 0.514943 0.302227 0.00865464
11 0.518068 0.308189 0.00868205
12 0.518068 0.308351 0.00886487
13 0.601481 0.313625 0.00958988
14 0.601481 0.326474 0.0106727
15 0.601481 0.326775 0.011354
16 0.601481 0.327399 0.0138113
17 0.601481 0.322267 0.0133494
18 0.603312 0.334234 0.0152994
19 0.603312 0.338527 0.0168591
20 0.603312 0.340429 0.0164385
21 0.640857 0.337644 0.0171916
22 0.654235 0.332506 0.019467
23 0.654235 0.330696 0.0182332
24 0.654235 0.341672 0.020154
25 0.654235 0.352789 0.0184369
26 0.654235 0.378677 0.0217701
27 0.669047 0.385489 0.0225593
28 0.669047 0.393226 0.0256386
29 0.680165 0.399055 0.0234804
30 0.680165 0.392813 0.0228648
31 0.680165 0.397027 0.0211316
32 0.680165 0.406793 0.0225255
33 0.680165 0.409296 0.0233192
34 0.713694 0.436142 0.0244954
35 0.713694 0.427141 0.0204807
36 0.713694 0.441366 0.0215778
37 0.713694 0.435506 0.0212323
38 0.731138 0.44925 0.0204304
39 0.731138 0.448761 0.0227579
40 0.731138 0.450986 0.0226323
41 0.753234 0.47387 0.024687
42 0.753234 0.493822 0.0269994
43 0.753234 0.487068 0.0204934
44 0.753234 0.488105 0.0250438
45 0.753234 0.49875 0.0211113
46 0.753234 0.519253 0.0237571
47 0.76887 0.50306 0.0222224
48 0.76887 0.510818 0.0206435
49 0.76887 0.518959 0.0162797
50 0.76887 0.515852 0.0186633
51 0.76887 0.525765 0.0194035
52 0.76887 0.524313 0.0216324
53 0.76887 0.524877 0.0210316
54 0.76887 0.534479 0.0183811
55 0.76887 0.550677 0.0176501
56 0.76887 0.549067 0.0165586
57 0.76887 0.560105 0.0142683
58 0.76887 0.543184 0.0209163
59 0.76887 0.53903 0.0223596
60 0.820172 0.553694 0.0249163
61 0.820172 0.551258 0.0190667
62 0.836324 0.566527 0.0208833
63 0.836324 0.545468 0.0259027
64 0.836324 0.551363 0.0264179
65 0.836324 0.554999 0.0233887
66 0.836324 0.542123 0.0269953
67 0.836324 0.552102 0.0272491
68 0.836324 0.56666 0.0214734
69 0.836324 0.568595 0.021701
70 0.836324 0.564533 0.023409
71 0.836324 0.584875 0.0231829
72 0.836324 0.555272 0.0216276
73 0.836324 0.575791 0.0262708
74 0.836324 0.587298 0.024168
75 0.836324 0.589555 0.0228753
76 0.836324 0.613337 0.0196573
77 0.836324 0.586465 0.0229717
78 0.836324 0.613419 0.0182558
79 0.836324 0.644002 0.0143362
80 0.836324 0.654456 0.0129437
81 0.836324 0.641174 0.0172163
82 0.836324 0.623975 0.0222233
83 0.836324 0.631717 0.0219789
84 0.836324 0.635037 0.0190416
85 0.836324 0.643271 0.0199555
86 0.836324 0.646102 0.0167812
87 0.836324 0.621534 0.0252799
88 0.836324 0.635329 0.0220517
89 0.836324 0.643087 0.017829
90 0.836324 0.647087 0.0161195
91 0.836324 0.641848 0.0164528
92 0.836324 0.661041 0.0143739
93 0.836324 0.660021 0.0138984
94 0.836324 0.661529 0.0137274
95 0.836324 0.667893 0.0115266
96 0.836324 0.679531 0.0123369
97 0.836324 0.665153 0.0151836
98 0.836324 0.659172 0.0170105
99 0.840857 0.629984 0.0179354
100 0.840857 0.674382 0.0118996
101 0.840857 0.655507 0.0160477
102 0.840857 0.628568 0.023006
103 0.841314 0.625212 0.0248925
104 0.841314 0.640113 0.0224332
105 0.841314 0.630327 0.0222387
106 0.841314 0.635505 0.0158975
107 0.841314 0.650165 0.0195038
108 0.841314 0.64561 0.0193192
109 0.841795 0.651306 0.0196766
110 0.841795 0.655102 0.0192766
111 0.841795 0.637326 0.0211484
112 0.841795 0.624541 0.018563
113 0.841795 0.627693 0.017834
114 0.841795 0.619924 0.0180363
115 0.841795 0.644447 0.0163479
116 0.841795 0.646108 0.017868
117 0.841795 0.656338 0.0160596
118 0.841795 0.65127 0.0199026
119 0.84282 0.621443 0.0224372
120 0.84282 0.623413 0.0220527
121 0.850413 0.630723 0.0212491
122 0.850413 0.623623 0.0241828
123 0.850413 0.625309 0.0233625
124 0.850413 0.627647 0.0233291
125 0.850413 0.615842 0.0246263
126 0.853933 0.617634 0.0262753
127 0.853933 0.606942 0.0267869
128 0.853933 0.607169 0.0241063
129 0.853933 0.611065 0.02858
130 0.853933 0.641244 0.0263659
131 0.860678 0.642487 0.0286183
132 0.860678 0.665288 0.0234142
133 0.860678 0.65368 0.0253383
134 0.860678 0.681421 0.0141801
135 0.860678 0.665262 0.0170369
136 0.860678 0.672861 0.0199957
137 0.860678 0.662505 0.0176464
138 0.860678 0.65146 0.0216986
139 0.860678 0.675648 0.0160893
140 0.860678 0.660719 0.0197566
141 0.860678 0.66544 0.021721
142 0.860678 0.669978 0.0187286
143 0.860678 0.676523 0.0194717
144 0.860678 0.660411 0.0230327
145 0.860678 0.684916 0.0190782
146 0.860678 0.650029 0.0203211
147 0.860678 0.671984 0.0190441
148 0.860678 0.656864 0.0250945
149 0.860678 0.641989 0.0246083
150 0.860678 0.662285 0.0238954
151 0.860678 0.685243 0.0153927
152 0.860678 0.680529 0.0181574
153 0.871683 0.687009 0.0148045
154 0.871683 0.652195 0.0193544
155 0.871683 0.651229 0.0254638
156 0.871683 0.657813 0.0229962
157 0.876096 0.669048 0.022813
158 0.876096 0.679743 0.0196324
159 0.876096 0.66025 0.0234088
160 0.876096 0.658205 0.0237195
161 0.876096 0.643014 0.0239669
162 0.876096 0.660946 0.0193069
163 0.876096 0.64272 0.0225471
164 0.877948 0.653315 0.0247359
165 0.87831 0.657931 0.0205953
166 0.87831 0.629683 0.025395
167 0.87831 0.62875 0.026848
168 0.87831 0.652899 0.0255911
169 0.87831 0.637087 0.0291292
170 0.87831 0.654271 0.020472
171 0.87831 0.66326 0.0198827
172 0.87831 0.63897 0.027039
173 0.87831 0.652268 0.0267996
174 0.87831 0.66238 0.0223265
175 0.87831 0.625647 0.0279258
176 0.87831 0.650401 0.0225609
177 0.87831 0.649549 0.0290975
178 0.87831 0.685252 0.0247436
179 0.881138 0.668787 0.023846
180 0.881138 0.662331 0.0288312
181 0.881138 0.661637 0.0319792
182 0.881138 0.675098 0.0236721
183 0.881138 0.656523 0.0232285
184 0.881138 0.671763 0.023316
185 0.881138 0.665493 0.0254959
186 0.881138 0.683858 0.0186617
187 0.881138 0.639165 0.0300472
188 0.881138 0.663382 0.0287783
189 0.881138 0.68651 0.0242933
190 0.881138 0.671396 0.0222104
191 0.881138 0.685839 0.0217799
192 0.881138 0.704314 0.0193774
193 0.881138 0.697808 0.0199085
194 0.881138 0.68795 0.0247395
195 0.885265 0.675583 0.0281962
196 0.904331 0.681767 0.0171163
197 0.904331 0.681175 0.0199328
198 0.904331 0.673762 0.020195
199 0.904331 0.680265 0.0199047
200 0.904331 0.688943 0.0185721
201 0.904331 0.674049 0.0224529
202 0.904331 0.654244 0.0236931
203 0.908716 0.657634 0.0260676
204 0.908716 0.664967 0.0234724
205 0.908716 0.674732 0.0218765
206 0.908716 0.674802 0.0230259
207 0.908716 0.662779 0.0238173
208 0.908716 0.658003 0.0230809
209 0.908716 0.663585 0.0206543
210 0.908716 0.654425 0.024823
211 0.908716 0.67435 0.0222519
212 0.908716 0.646326 0.0322537
213 0.908716 0.644749 0.0360973
214 0.908716 0.638807 0.0331587
215 0.908716 0.65507 0.0330218
216 0.908716 0.669366 0.0291681
217 0.908716 0.641159 0.0345553
218 0.908716 0.648392 0.0314698
219 0.908716 0.661822 0.0304328
220 0.908716 0.672794 0.0312184
221 0.908716 0.653369 0.0312508
222 0.908716 0.673442 0.0277966
223 0.908716 0.635415 0.0296452
224 0.908716 0.656974 0.0294036
225 0.908716 0.667114 0.0290097
226 0.908716 0.665535 0.0209962
227 0.913315 0.659776 0.0268046
228 0.913315 0.669904 0.021184
229 0.913315 0.684778 0.0175718
230 0.913315 0.656169 0.0254264
231 0.913315 0.656383 0.0256493
232 0.913315 0.66629 0.0224426
233 0.913315 0.686231 0.0191343
234 0.913315 0.681299 0.0235566
235 0.913315 0.683461 0.022213
236 0.913315 0.667691 0.0278478
237 0.913315 0.652775 0.0282908
238 0.913315 0.650862 0.0276564
239 0.913315 0.665532 0.0235985
240 0.915686 0.642355 0.0329529
241 0.915686 0.640305 0.0306079
242 0.915686 0.646452 0.029319
243 0.915686 0.636526 0.0327439
244 0.915686 0.664456 0.0277176
245 0.915686 0.643755 0.0261881
246 0.915686 0.665051 0.026734
247 0.915686 0.646325 0.0319582
248 0.915686 0.637771 0.0353609
249 0.915686 0.639168 0.0344391
250 0.915686 0.643424 0.0298094
251 0.916469 0.646206 0.0307995
252 0.916469 0.64854 0.0266459
253 0.916469 0.664675 0.0228001
254 0.916469 0.688644 0.0178417
255 0.916469 0.66628 0.0240461
256 0.916469 0.673622 0.0246635
257 0.916469 0.678191 0.0255528
258 0.916469 0.65849 0.02945
259 0.916469 0.671986 0.0261718
260 0.916469 0.676624 0.0259333
261 0.916469 0.681555 0.0260191
262 0.916469 0.673912 0.025486
263 0.916469 0.652603 0.025369
264 0.916469 0.649289 0.0280393
265 0.916469 0.642033 0.032381
266 0.916469 0.654556 0.0343218
267 0.916469 0.644705 0.0319332
268 0.916469 0.657953 0.0267923
269 0.916469 0.64398 0.0239252
270 0.916469 0.647759 0.0292531
271 0.916469 0.673461 0.0271752
272 0.916469 0.653628 0.0312467
273 0.916469 0.637994 0.0314349
274 0.916469 0.633389 0.0327959
275 0.916469 0.607599 0.0383106
276 0.916469 0.640498 0.0301172
277 0.917522 0.615655 0.040911
278 0.917522 0.621989 0.037922
279 0.91936 0.662451 0.0294313
280 0.91936 0.671707 0.0254518
281 0.91936 0.66063 0.0276957
282 0.91936 0.65473 0.0341964
283 0.91936 0.687488 0.0211757
284 0.91936 0.681887 0.02239
285 0.91936 0.682096 0.022396
286 0.91936 0.674396 0.0259348
287 0.91936 0.664452 0.0275149
288 0.91936 0.652319 0.0326583
289 0.91936 0.680076 0.0256761
290 0.91936 0.650158 0.0286957
291 0.91936 0.642116 0.0340496
292 0.91936 0.646387 0.0330368
293 0.91936 0.643868 0.0297971
294 0.91936 0.659651 0.0310093
295 0.91936 0.662546 0.0301297
296 0.91936 0.666211 0.0281519
297 0.91936 0.637555 0.0298712
298 0.91936 0.645978 0.0327795
299 0.91936 0.616766 0.0406399
300 0.91936 0.630082 0.0342553
301 0.91936 0.615739 0.0381966
302 0.91936 0.619771 0.0395816
303 0.91936 0.637961 0.0353982
304 0.91936 0.606611 0.0396783
305 0.919603 0.634284 0.0362351
306 0.919603 0.627849 0.0359462
307 0.919603 0.614671 0.0378874
308 0.919603 0.620119 0.0324367
309 0.919603 0.627946 0.0361379
310 0.919603 0.664079 0.0273152
311 0.919603 0.636735 0.0310905
312 0.919603 0.649214 0.026515
313 0.919603 0.657436 0.0272504
314 0.919603 0.662461 0.0222331
315 0.919603 0.682158 0.0247666
316 0.919603 0.660821 0.0220126
317 0.919603 0.651971 0.0231339
318 0.919603 0.644498 0.0273819
319 0.919603 0.668764 0.0281551
320 0.919603 0.655429 0.0327298
321 0.919603 0.639369 0.0333069
322 0.919603 0.622734 0.0299666
323 0.919603 0.632941 0.0347391
324 0.919603 0.620586 0.0414366
325 0.919603 0.643111 0.035078
326 0.919603 0.666803 0.0300749
327 0.919603 0.653082 0.0292973
328 0.919603 0.650432 0.0254831
329 0.919603 0.649515 0.0277071
330 0.919603 0.639858 0.0303451
331 0.919603 0.646204 0.0303056
332 0.919603 0.630942 0.0348381
333 0.919603 0.655095 0.0326047
334 0.919967 0.650976 0.0268766
335 0.923252 0.63296 0.0286673
336 0.923252 0.621021 0.0285368
337 0.923252 0.63758 0.0267467
338 0.923252 0.652074 0.0281412
339 0.923252 0.637698 0.0280663
340 0.923252 0.658244 0.0260756
341 0.923252 0.644666 0.02388
342 0.923252 0.638628 0.0278211
343 0.923252 0.641824 0.0267573
344 0.923252 0.68318 0.0225228
345 0.923252 0.678763 0.0238286
346 0.923252 0.66762 0.0234872
347 0.923252 0.659154 0.0298417
348 0.923252 0.637426 0.0245212
349 0.923252 0.633997 0.0275322
350 0.923252 0.656901 0.0329317
351 0.923252 0.698657 0.0275157
352 0.923252 0.676485 0.0371847
353 0.923252 0.664718 0.0360286
354 0.923252 0.641518 0.0338849
355 0.923252 0.657868 0.0311695
356 0.923507 0.656335 0.0299677
357 0.923507 0.669019 0.0262242
358 0.923507 0.682596 0.0254541
359 0.923507 0.688525 0.0198644
360 0.923507 0.681245 0.0258857
361 0.923507 0.665434 0.0278607
362 0.923507 0.668548 0.0249758
363 0.923507 0.645192 0.0259038
364 0.923507 0.665807 0.02824
365 0.923752 0.637554 0.0384302
366 0.923752 0.649264 0.035877
367 0.923752 0.645766 0.034486
368 0.923752 0.628683 0.0397979
369 0.923752 0.642185 0.0433755
370 0.923752 0.638104 0.0384747
371 0.923752 0.646425 0.0405164
372 0.923752 0.641949 0.0459956
373 0.923752 0.674399 0.0298521
374 0.923752 0.662716 0.0303119
375 0.923752 0.675343 0.0313774
376 0.923752 0.652453 0.0275385
377 0.923752 0.676557 0.029208
378 0.923752 0.668925 0.028512
379 0.923752 0.679149 0.0263322
380 0.923752 0.654245 0.0360299
381 0.923752 0.658442 0.0279586
382 0.923752 0.660525 0.0253405
383 0.923752 0.655894 0.0277781
384 0.923752 0.662279 0.0316273
385 0.923752 0.694524 0.023293
386 0.923752 0.655082 0.0290673
387 0.923752 0.664402 0.0297936
388 0.923752 0.669992 0.0293995
389 0.923752 0.669738 0.030734
390 0.923752 0.678729 0.0265181
391 0.923752 0.696915 0.0234369
392 0.923752 0.668878 0.0266429
393 0.923752 0.650083 0.0306033
394 0.923752 0.651244 0.0300939
395 0.923752 0.66952 0.0238115
396 0.923752 0.661346 0.0246556
397 0.923752 0.666599 0.0274301
398 0.923752 0.635698 0.0294283
399 0.923752 0.661533 0.0292115
400 0.923752 0.640702 0.0285503
401 0.923752 0.647905 0.026356
402 0.923752 0.656685 0.0256571
403 0.923752 0.661273 0.0266311
404 0.923752 0.66704 0.0254748
405 0.923752 0.650476 0.0304672
406 0.923752 0.643313 0.0304054
407 0.923752 0.623293 0.036549
408 0.923752 0.640858 0.0371017
409 0.923752 0.632401 0.0375095
410 0.923752 0.65388 0.0276404
411 0.923752 0.665838 0.0248879
412 0.924304 0.675935 0.0236411
413 0.924304 0.675868 0.0212908
414 0.924304 0.686278 0.0269045
415 0.924396 0.672579 0.0247419
416 0.924396 0.646429 0.0301623
417 0.924396 0.686599 0.0184934
418 0.924396 0.674636 0.0212097
419 0.924396 0.693469 0.0219021
420 0.924396 0.692145 0.0195308
421 0.924396 0.682641 0.0220929
422 0.924396 0.665368 0.0228629
423 0.924396 0.690258 0.0266768
424 0.924396 0.676392 0.0244661
425 0.924396 0.688692 0.0233244
426 0.924396 0.649676 0.0351059
427 0.924396 0.650045 0.0279358
428 0.924396 0.665627 0.0281962
429 0.924396 0.666135 0.03595
430 0.924396 0.671975 0.0252514
431 0.924396 0.661682 0.0264295
432 0.924396 0.646111 0.0286776
433 0.924396 0.668021 0.0295616
434 0.924396 0.661446 0.0266063
435 0.924396 0.681905 0.0226786
436 0.924396 0.665591 0.0259305
437 0.924396 0.697072 0.0198593
438 0.924396 0.679347 0.0260858
439 0.924396 0.681853 0.0219041
440 0.924396 0.672677 0.0256158
441 0.924396 0.691734 0.0260624
442 0.924396 0.683924 0.0271165
443 0.924396 0.688184 0.0197898
444 0.924396 0.698071 0.0193792
445 0.924396 0.685267 0.026821
446 0.924396 0.670319 0.028609
447 0.924396 0.675332 0.0249613
448 0.924396 0.680681 0.0204853
449 0.924396 0.664886 0.0282238
450 0.924396 0.649854 0.0308829
451 0.924396 0.652208 0.0350581
452 0.924396 0.681349 0.0289822
453 0.924396 0.676864 0.0285554
454 0.924396 0.660348 0.0253767
455 0.924396 0.658691 0.028719
456 0.924396 0.662598 0.0312292
457 0.924396 0.634461 0.0267703
458 0.924396 0.657276 0.0251445
459 0.924396 0.668206 0.0226848
460 0.924396 0.66781 0.0240996
461 0.924396 0.655974 0.0266033
462 0.924396 0.67972 0.0210464
463 0.924396 0.683366 0.0271877
464 0.924396 0.690957 0.0231653
465 0.924396 0.658979 0.0238706
466 0.924698 0.671898 0.0236577
467 0.924698 0.644072 0.0308737
468 0.924698 0.668214 0.0338364
469 0.924698 0.675729 0.026639
470 0.924698 0.695779 0.0266616
471 0.924698 0.701772 0.0225595
472 0.924698 0.697465 0.0272541
473 0.924698 0.684871 0.0258627
474 0.924698 0.684287 0.024906
475 0.924698 0.677416 0.030122
476 0.924698 0.683672 0.0254914
477 0.924698 0.688396 0.0265249
478 0.924698 0.690175 0.0205223
479 0.924698 0.685797 0.0184636
480 0.924698 0.655555 0.0223131
481 0.924698 0.683567 0.0237741
482 0.924698 0.666966 0.028661
483 0.924698 0.673442 0.0253003
484 0.924698 0.660266 0.0246293
485 0.924698 0.663132 0.0251551
486 0.924698 0.675909 0.0299983
487 0.924698 0.670031 0.0252135
488 0.924698 0.680956 0.0264913
489 0.92478 0.664543 0.0279447
490 0.92478 0.686062 0.0244925
491 0.92478 0.664205 0.0299978
492 0.92478 0.660211 0.0331312
493 0.92478 0.672397 0.0282437
494 0.92478 0.641736 0.0322781
495 0.92478 0.661711 0.0265712
496 0.92478 0.644467 0.0333591
497 0.92478 0.666516 0.0348077
498 0.92478 0.649171 0.028995
499 0.92478 0.626141 0.0332736
500 0.92478 0.628929 0.0345228
501 0.92478 0.648531 0.0309845
502 0.92478 0.643158 0.032488
503 0.92478 0.644879 0.0347052
504 0.92478 0.661456 0.0300221
505 0.92478 0.660098 0.0285475
506 0.92478 0.643536 0.0241098
507 0.92478 0.630764 0.0285159
508 0.92478 0.637666 0.0307396
509 0.92478 0.660123 0.0268981
510 0.92478 0.637904 0.0265533
511 0.92478 0.641555 0.0293636
512 0.92478 0.658297 0.0280964
513 0.92478 0.640861 0.0311232
514 0.92478 0.641852 0.0296078
515 0.92478 0.645829 0.029982
516 0.92478 0.654593 0.0263846
517 0.92478 0.663931 0.0302313
518 0.92478 0.690219 0.0244436
519 0.92478 0.689788 0.0271225
520 0.92478 0.680402 0.0252168
521 0.92478 0.668699 0.0321725
522 0.92478 0.659181 0.0334704
523 0.92478 0.655514 0.0297006
524 0.92478 0.663918 0.0346101
525 0.92478 0.665444 0.0372125
526 0.92478 0.649147 0.0310379
527 0.92478 0.669573 0.0255059
528 0.925777 0.692285 0.0220873
529 0.925777 0.697023 0.0306385
530 0.925777 0.683334 0.0284792
531 0.925777 0.676551 0.0346326
532 0.925777 0.699359 0.0274043
533 0.925777 0.700316 0.0283737
534 0.925777 0.676585 0.0289335
535 0.925777 0.68198 0.0291865
536 0.925777 0.68557 0.0254319
537 0.925777 0.659343 0.024606
538 0.925777 0.685093 0.0194712
539 0.925777 0.680748 0.0224822
540 0.925777 0.679092 0.0207655
541 0.925777 0.690192 0.0237871
542 0.925777 0.682888 0.0238966
543 0.925777 0.653017 0.0288994
544 0.925777 0.65846 0.031632
545 0.925777 0.666017 0.0303984
546 0.925777 0.677288 0.031185
547 0.925777 0.677731 0.0273488
548 0.925777 0.668916 0.0234574
549 0.925777 0.65779 0.0248876
550 0.925777 0.686685 0.0208356
551 0.925777 0.673217 0.0237094
552 0.925777 0.681798 0.0212006
553 0.925777 0.662499 0.0239067
554 0.925777 0.636452 0.0248782
555 0.925777 0.662583 0.0272542
556 0.925777 0.66561 0.0316184
557 0.925777 0.653906 0.0251456
558 0.925777 0.647722 0.026113
559 0.925777 0.637006 0.0255427
560 0.925777 0.642199 0.0271091
561 0.925777 0.641916 0.0282537
562 0.925777 0.635728 0.0304811
563 0.925777 0.679686 0.0280685
564 0.925777 0.667275 0.0263161
565 0.925777 0.652886 0.0314952
566 0.925777 0.670169 0.0240229
567 0.925777 0.674717 0.0239335
568 0.925777 0.672747 0.0227193
569 0.925777 0.65531 0.0240681
570 0.925777 0.656926 0.0287085
571 0.925777 0.619638 0.0305637
572 0.925777 0.637775 0.0324852
573 0.925777 0.659305 0.029274
574 0.925777 0.682945 0.029639
575 0.925777 0.639554 0.0301822
576 0.925777 0.657788 0.0267467
577 0.925777 0.650748 0.0283041
578 0.925777 0.656357 0.0307082
579 0.925777 0.647731 0.030682
580 0.925777 0.691988 0.0225226
581 0.925777 0.678131 0.0312336
582 0.925777 0.668416 0.0241359
583 0.925777 0.652088 0.0246846
584 0.925777 0.654279 0.0271058
585 0.925777 0.656949 0.0252006
586 0.925777 0.673891 0.0203238
587 0.925777 0.674147 0.0232434
588 0.925777 0.660101 0.0260584
589 0.925777 0.672173 0.0233726
590 0.925777 0.654032 0.0355915
591 0.925777 0.672432 0.0280844
592 0.925777 0.66283 0.0251362
593 0.925777 0.660407 0.0296729
594 0.925777 0.64952 0.0290375
595 0.925777 0.675716 0.0279778
596 0.925777 0.656402 0.0308203
597 0.925777 0.662964 0.0244854
598 0.925777 0.657484 0.0322587
599 0.925777 0.660289 0.0345099
600 0.925777 0.643577 0.0319715
601 0.925777 0.639523 0.0352039
602 0.925777 0.61781 0.0392244
603 0.925777 0.610358 0.0360408
604 0.925777 0.63263 0.0314495
605 0.925777 0.632868 0.0293563
606 0.925777 0.658152 0.0372031
607 0.925777 0.641355 0.0283918
608 0.925777 0.659604 0.032072
609 0.925777 0.639896 0.0338758
610 0.925777 0.642561 0.0392301
611 0.925777 0.654591 0.036444
612 0.925777 0.633264 0.0337607
613 0.925777 0.663289 0.0275203
614 0.925777 0.670935 0.0252997
615 0.925777 0.658189 0.0330897
616 0.925777 0.65454 0.0288102
617 0.925777 0.635775 0.03807
618 0.925777 0.629934 0.0321092
619 0.925777 0.66038 0.0273042
620 0.925777 0.675388 0.0255153
621 0.925777 0.664397 0.0266943
622 0.925777 0.654928 0.0268157
623 0.925777 0.638836 0.0351699
624 0.925777 0.640568 0.0375567
625 0.925777 0.646247 0.0353096
626 0.925777 0.636917 0.0369863
627 0.925777 0.656566 0.0309751
628 0.925777 0.670361 0.0310926
629 0.925777 0.675519 0.0286753
630 0.925777 0.677018 0.0237603
631 0.925777 0.660302 0.0262614
632 0.925777 0.640112 0.0274494
633 0.925777 0.644283 0.0325643
634 0.925777 0.670052 0.0290794
635 0.925777 0.654251 0.0289515
636 0.925777 0.67772 0.0246334
637 0.925777 0.693089 0.0204971
638 0.925777 0.694566 0.0240871
639 0.925777 0.69987 0.0208296
640 0.925777 0.699324 0.0178614
641 0.925777 0.678704 0.0272653
642 0.925777 0.675289 0.0283519
643 0.925777 0.685532 0.0246038
644 0.925777 0.681469 0.0265538
645 0.925777 0.697328 0.0213437
646 0.925777 0.675394 0.024265
647 0.925777 0.69599 0.0205402
648 0.925777 0.715329 0.0202138
649 0.925777 0.681409 0.0293735
650 0.925777 0.678894 0.0297609
651 0.925777 0.680339 0.0261615
652 0.925777 0.649602 0.0256307
653 0.925777 0.663369 0.0242722
654 0.925777 0.661393 0.0224567
655 0.925777 0.663945 0.0287591
656 0.925777 0.668689 0.0274079
657 0.925777 0.644602 0.0289519
658 0.925777 0.656758 0.0274877
659 0.925777 0.649873 0.0342929
660 0.925777 0.644341 0.0293898
661 0.925777 0.660599 0.0280773
662 0.925777 0.641016 0.0254042
663 0.925777 0.638107 0.0307712
664 0.925777 0.651968 0.0334529
665 0.925777 0.643121 0.0280348
666 0.925777 0.655826 0.0261353
667 0.925777 0.63406 0.0283381
668 0.925777 0.649357 0.0302482
669 0.925777 0.673462 0.0264372
670 0.925777 0.655411 0.0325727
671 0.925777 0.641407 0.0318146
672 0.925777 0.635934 0.0357191
673 0.925777 0.621873 0.0403439
674 0.925777 0.627424 0.0378561
675 0.925777 0.645774 0.0298321
676 0.925777 0.666578 0.0253885
677 0.925777 0.661392 0.0340528
678 0.925777 0.630767 0.0387069
679 0.925777 0.648346 0.0379354
680 0.925777 0.620408 0.0425277
681 0.925777 0.630984 0.0383548
682 0.925777 0.631749 0.0366174
683 0.925777 0.650126 0.03821
684 0.925777 0.656574 0.0282229
685 0.925777 0.654822 0.0293363
686 0.925777 0.654992 0.0323362
687 0.925777 0.678944 0.0291025
688 0.925777 0.673978 0.0280357
689 0.925777 0.685536 0.0256314
690 0.925777 0.670339 0.0285984
691 0.925777 0.670567 0.0297346
692 0.925777 0.668973 0.0311726
693 0.925777 0.680022 0.0288714
694 0.925777 0.655873 0.0384838
695 0.925777 0.659074 0.0353529
696 0.925777 0.642073 0.0326028
697 0.925777 0.645503 0.0338396
698 0.925777 0.670551 0.0272701
699 0.925777 0.671397 0.0330365
700 0.925777 0.68938 0.0373776
701 0.926252 0.678102 0.0443122
702 0.926252 0.655707 0.0454732
703 0.926252 0.652616 0.0417481
704 0.926252 0.625116 0.0429324
705 0.926252 0.634929 0.0477866
706 0.926252 0.64513 0.0376181
707 0.926252 0.636753 0.0344661
708 0.926252 0.656544 0.0270212
709 0.926252 0.649437 0.0299596
710 0.926252 0.649165 0.028401
711 0.926252 0.667906 0.0300104
712 0.926252 0.674714 0.0239812
713 0.926252 0.66232 0.0307569
714 0.926252 0.67826 0.0245507
715 0.926252 0.65323 0.0334116
716 0.926252 0.646176 0.0317211
717 0.926252 0.650398 0.0290301
718 0.926252 0.668845 0.024727
719 0.926252 0.649262 0.0268923
720 0.926252 0.626199 0.029191
721 0.926252 0.642155 0.0303758
722 0.926252 0.65792 0.0301311
723 0.926252 0.662941 0.03194
724 0.926252 0.648098 0.0290806
725 0.926252 0.679511 0.0205611
726 0.926252 0.682136 0.0238597
727 0.926252 0.68855 0.0244135
728 0.926252 0.684463 0.0292141
729 0.926252 0.666934 0.0271956
730 0.926252 0.660472 0.0311249
731 0.926252 0.645563 0.0393065
732 0.926252 0.66404 0.0358246
733 0.926252 0.661369 0.028294
734 0.926252 0.670649 0.0287863
735 0.926252 0.653396 0.0270352
736 0.926252 0.673469 0.0244819
737 0.926252 0.67036 0.0285454
738 0.926252 0.679978 0.026847
739 0.926252 0.654631 0.0320403
740 0.926252 0.658511 0.02906
741 0.926252 0.656792 0.0245384
742 0.926252 0.676927 0.0234705
743 0.926252 0.68419 0.0245812
744 0.926252 0.673954 0.0284536
745 0.926252 0.654194 0.0315678
746 0.926252 0.670702 0.0292813
747 0.926252 0.643103 0.0323409
748 0.926252 0.633491 0.0382358
749 0.926252 0.662951 0.0312454
750 0.926252 0.668479 0.0305935
751 0.926252 0.640842 0.0384367
752 0.926252 0.656308 0.0350351
753 0.926252 0.671393 0.0273512
754 0.926252 0.658255 0.0335386
755 0.926252 0.653075 0.029372
756 0.926252 0.661802 0.0239049
757 0.926252 0.677118 0.0275361
758 0.926252 0.642565 0.0366203
759 0.926252 0.669348 0.0306505
760 0.926252 0.665197 0.0337117
761 0.926252 0.683745 0.0283222
762 0.926252 0.67296 0.0312749
763 0.926252 0.674661 0.0268965
764 0.926252 0.666489 0.0306989
765 0.926252 0.653565 0.0272979
766 0.926252 0.67263 0.0285124
767 0.926252 0.696261 0.0272133
768 0.926252 0.668509 0.0273805
769 0.926252 0.673221 0.0257418
770 0.926252 0.664304 0.0272789
771 0.926252 0.651139 0.0246433
772 0.926252 0.64026 0.0293852
773 0.926252 0.649279 0.0273456
774 0.926252 0.650448 0.0281409
775 0.926252 0.651502 0.0280963
776 0.926252 0.65436 0.0239635
777 0.926252 0.666438 0.0277452
778 0.926252 0.6508 0.0291936
779 0.926252 0.657722 0.0307647
780 0.926532 0.684674 0.0255243
781 0.926532 0.675251 0.0199359
782 0.926532 0.676766 0.0242554
783 0.926532 0.672397 0.0261177
784 0.926532 0.672668 0.0200767
785 0.926532 0.667126 0.0246599
786 0.926532 0.656878 0.0307254
787 0.926532 0.652682 0.0333694
788 0.926532 0.654607 0.0359995
789 0.926532 0.666132 0.030253
790 0.926532 0.681793 0.0291272
791 0.926532 0.680419 0.027372
792 0.926532 0.678831 0.0344331
793 0.926532 0.685937 0.030015
794 0.926532 0.647369 0.0390552
795 0.926532 0.639911 0.0418702
796 0.926532 0.660278 0.0333539
797 0.926532 0.63203 0.0392153
798 0.926532 0.658708 0.0265961
799 0.926532 0.666565 0.0251781
800 0.926532 0.674629 0.0265847
801 0.926532 0.688445 0.0254997
802 0.926532 0.682401 0.0262048
803 0.926532 0.660938 0.0239866
804 0.926532 0.641802 0.0309931
805 0.926532 0.664028 0.0236736
806 0.926532 0.690904 0.0248267
807 0.926532 0.674646 0.0259213
808 0.926532 0.665304 0.0306547
809 0.926532 0.6752 0.0296906
810 0.926532 0.674631 0.0245952
811 0.926532 0.672107 0.0296069
812 0.926532 0.676824 0.0299092
813 0.926532 0.681692 0.0222528
814 0.926532 0.668025 0.0272587
815 0.926532 0.656711 0.0283297
816 0.926532 0.66366 0.0323359
817 0.926532 0.668372 0.0313539
818 0.926532 0.686946 0.0327168
819 0.926532 0.697371 0.0227769
820 0.926532 0.681861 0.0235009
821 0.926532 0.687753 0.0225536
822 0.926532 0.686863 0.0239453
823 0.928454 0.690355 0.0188309
824 0.928454 0.686381 0.0242174
825 0.928454 0.678147 0.0294564
826 0.928454 0.690562 0.0201512
827 0.928454 0.673496 0.0267552
828 0.928454 0.667552 0.0227888
829 0.928454 0.701055 0.0234667
830 0.928454 0.681038 0.0254367
831 0.928454 0.685524 0.0230325
832 0.928454 0.662859 0.0217424
833 0.928454 0.645986 0.0249862
834 0.928454 0.681777 0.0229232
835 0.928454 0.690571 0.0253067
836 0.928454 0.69845 0.0294864
837 0.928454 0.675297 0.0268818
838 0.928454 0.680041 0.0284026
839 0.928454 0.699598 0.029621
840 0.928454 0.68969 0.0278315
841 0.928454 0.660584 0.0303781
842 0.928454 0.681091 0.0244669
843 0.928454 0.682819 0.0219457
844 0.928678 0.689703 0.0249522
845 0.928678 0.656234 0.0264711
846 0.928678 0.642811 0.0367063
847 0.928678 0.659488 0.0296286
848 0.928678 0.649726 0.0325801
849 0.929047 0.663321 0.0274082
850 0.929047 0.678473 0.0277786
851 0.929047 0.678159 0.0258026
852 0.929047 0.656611 0.0283033
853 0.929047 0.672152 0.0269259
854 0.929047 0.672617 0.0255874
855 0.929047 0.673297 0.0237202
856 0.929047 0.685723 0.0192354
857 0.929047 0.693277 0.0191308
858 0.929047 0.691579 0.0242556
859 0.929047 0.694467 0.0224169
860 0.929047 0.700269 0.0235337
861 0.929047 0.689337 0.0211253
862 0.929047 0.678568 0.0244982
863 0.929047 0.670248 0.0238515
864 0.929047 0.664452 0.0214856
865 0.929047 0.670196 0.0222903
866 0.929047 0.684759 0.023459
867 0.929047 0.687427 0.0221706
868 0.929047 0.697572 0.0209581
869 0.929047 0.681693 0.0231363
870 0.929047 0.671561 0.0261524
871 0.929047 0.68828 0.026195
872 0.929047 0.633671 0.0318257
873 0.929047 0.648392 0.0294955
874 0.929047 0.640168 0.0326267
875 0.929047 0.645338 0.0302159
876 0.929047 0.644872 0.0334473
877 0.929047 0.644001 0.0288016
878 0.929047 0.653267 0.0315541
879 0.929503 0.657228 0.0303279
880 0.929503 0.650357 0.0370489
881 0.929503 0.653375 0.0376637
882 0.929503 0.66748 0.0326994
883 0.929503 0.663545 0.0291183
884 0.929503 0.675093 0.0246412
885 0.929503 0.668818 0.0238936
886 0.929503 0.689985 0.0240751
887 0.929503 0.682879 0.0249123
888 0.929503 0.656755 0.029364
889 0.929503 0.688158 0.0321089
890 0.929503 0.675611 0.0305227
891 0.929503 0.66748 0.0337959
892 0.929503 0.647132 0.0326924
893 0.929653 0.662857 0.0367315
894 0.929653 0.659833 0.0316151
895 0.929653 0.654037 0.0331209
896 0.929653 0.651213 0.0335844
897 0.929653 0.640347 0.0359044
898 0.929653 0.650784 0.037095
899 0.929653 0.626929 0.0361994
900 0.929653 0.664342 0.0351459
901 0.929653 0.65642 0.0300983
902 0.929653 0.644242 0.0316858
903 0.929653 0.653419 0.0330315
904 0.929653 0.649222 0.0335869
905 0.929653 0.657274 0.0321662
906 0.929653 0.646284 0.0359616
907 0.929653 0.649313 0.0309581
908 0.929653 0.622626 0.0368647
909 0.929653 0.626122 0.0330405
910 0.929653 0.659907 0.0303348
911 0.929653 0.651491 0.0264354
912 0.929653 0.631716 0.0440452
913 0.929653 0.651584 0.0419723
914 0.929653 0.651707 0.0274388
915 0.929653 0.676068 0.0279251
916 0.929653 0.669862 0.0329774
917 0.929653 0.679389 0.0339168
918 0.929653 0.718378 0.0252495
919 0.929653 0.689634 0.0271077
920 0.929653 0.698459 0.0232393
921 0.929653 0.671101 0.0294722
922 0.929653 0.683508 0.0229393
923 0.929653 0.682144 0.0228972
924 0.929653 0.675867 0.0282266
925 0.929653 0.649972 0.0326277
926 0.929653 0.66902 0.0310717
927 0.929653 0.682625 0.0275887
928 0.929653 0.687107 0.0253375
929 0.929667 0.687769 0.0238649
930 0.929667 0.680719 0.0264466
931 0.929667 0.664694 0.0305829
932 0.929667 0.654731 0.0235265
933 0.929797 0.634854 0.0311044
934 0.929797 0.644772 0.026089
935 0.929797 0.650342 0.0298724
936 0.929797 0.661893 0.0292605
937 0.929797 0.663198 0.0261248
938 0.929797 0.673696 0.0250558
939 0.929797 0.684106 0.0250733
940 0.929797 0.705645 0.0222253
941 0.929797 0.676226 0.0256115
942 0.929797 0.681564 0.0239514
943 0.929797 0.689763 0.0205028
944 0.929797 0.680716 0.0192881
945 0.929797 0.66437 0.0203825
946 0.929797 0.685747 0.0213811
947 0.929797 0.673523 0.0251821
948 0.929797 0.684189 0.0259227
949 0.929797 0.657066 0.0313634
950 0.929797 0.66871 0.0257747
951 0.929797 0.672576 0.0251317
952 0.929797 0.662388 0.021007
953 0.929797 0.680412 0.019252
954 0.929797 0.701855 0.0177404
955 0.929797 0.704526 0.0212905
956 0.929797 0.651907 0.024826
957 0.929797 0.677523 0.0199448
958 0.929797 0.681473 0.0267381
959 0.929797 0.657128 0.0299076
960 0.929797 0.664681 0.0242376
961 0.930041 0.66206 0.0263628
962 0.930041 0.660653 0.031662
963 0.930041 0.664816 0.0288
964 0.930041 0.656436 0.0300679
965 0.930041 0.649966 0.0271376
966 0.930041 0.660909 0.0315988
967 0.930041 0.646702 0.0343005
968 0.930041 0.648383 0.0267545
969 0.930041 0.652514 0.0268464
970 0.930041 0.647262 0.0375862
971 0.930041 0.651339 0.0292704
972 0.930041 0.665268 0.026398
973 0.930041 0.66481 0.0302747
974 0.930041 0.662848 0.0285889
975 0.930041 0.664591 0.0273909
976 0.930041 0.660613 0.0277339
977 0.930041 0.650882 0.0299283
978 0.930041 0.671365 0.0220004
979 0.930041 0.681828 0.0225925
980 0.930041 0.688484 0.0190929
981 0.930041 0.703931 0.0188356
982 0.930041 0.679604 0.0240652
983 0.930041 0.66705 0.027292
984 0.930041 0.686416 0.0239624
985 0.930041 0.680936 0.0259791
986 0.930041 0.686 0.0289713
987 0.930041 0.651765 0.0239078
988 0.930041 0.648425 0.0332441
989 0.930041 0.637799 0.0392214
990 0.930041 0.655378 0.0283963
991 0.930041 0.646322 0.0335838
992 0.930041 0.643697 0.0315208
993 0.930041 0.633918 0.0334432
994 0.930041 0.652926 0.0342705
995 0.930041 0.649164 0.0277658
996 0.930041 0.676927 0.0253262
997 0.930041 0.694017 0.0238497
998 0.930041 0.665333 0.0292436
999 0.930041 0.668927 0.0267746
1000 0.930041 0.65552 0.0284292
