0 0.372559 0.25206 0.000422523
1 0.372559 0.24899 0.00110126
2 0.372559 0.25553 0.00122922
3 0.372559 0.254697 0.00175784
4 0.388166 0.26115 0.00195613
5 0.388166 0.266723 0.00183953
6 0.388166 0.270939 0.00253895
7 0.454819 0.278666 0.00351379
8 0.454819 0.288541 0.00418907
9 0.469287 0.290748 0.00450644
10 0.485021 0.303875 0.00560255
11 0.485021 0.300582 0.00687124
12 0.491796 0.297128 0.00732398
13 0.519058 0.294877 0.00832291
14 0.519058 0.298206 0.00939476
15 0.519058 0.297896 0.010821
16 0.519058 0.287839 0.0103591
17 0.522571 0.303365 0.011003
18 0.522571 0.300605 0.0105885
19 0.522571 0.318169 0.0114359
20 0.528011 0.327942 0.0117355
21 0.529834 0.326672 0.011924
22 0.557541 0.333887 0.0139092
23 0.557541 0.329369 0.0161068
24 0.557541 0.337619 0.0136144
25 0.557541 0.323754 0.0137251
26 0.557541 0.325321 0.014579
27 0.564371 0.326462 0.0139582
28 0.564371 0.337245 0.0133838
29 0.564371 0.344003 0.0135972
30 0.564371 0.338086 0.0127854
31 0.564371 0.351716 0.0145583
32 0.577307 0.362504 0.0154934
33 0.577307 0.364547 0.0149434
34 0.577307 0.366029 0.0135259
35 0.577307 0.368943 0.0128463
36 0.577307 0.383602 0.0112929
37 0.577307 0.381063 0.0117854
38 0.577307 0.371168 0.0147163
39 0.577307 0.3837 0.011884
40 0.577307 0.37425 0.0126863
41 0.582718 0.390924 0.0129656
42 0.582718 0.385522 0.0132144
43 0.582718 0.393945 0.0123918
44 0.582718 0.406726 0.0141301
45 0.582718 0.408525 0.0142737
46 0.582718 0.409613 0.0129974
47 0.598314 0.405659 0.0132305
48 0.598314 0.410618 0.0126961
49 0.598314 0.392006 0.0149001
50 0.598314 0.401671 0.0137617
51 0.598314 0.397902 0.0147643
52 0.598314 0.385619 0.0159675
53 0.598314 0.383624 0.0182055
54 0.598314 0.387702 0.0156061
55 0.598314 0.400984 0.0144423
56 0.598314 0.424996 0.0131326
57 0.598314 0.427098 0.013847
58 0.598314 0.428219 0.0118184
59 0.598314 0.397169 0.0147236
60 0.607651 0.38761 0.015187
61 0.607651 0.411768 0.0160692
62 0.607651 0.407334 0.0158946
63 0.607651 0.39988 0.0164689
64 0.607651 0.402528 0.0174336
65 0.607651 0.4172 0.01348
66 0.607651 0.400244 0.0172932
67 0.607651 0.392798 0.0171616
68 0.607651 0.404402 0.013894
69 0.607651 0.406304 0.0147209
70 0.607651 0.396483 0.0144357
71 0.607651 0.389767 0.0147998
72 0.607651 0.39168 0.0150446
73 0.607651 0.395592 0.0162483
74 0.607651 0.379515 0.0158932
75 0.607651 0.379806 0.0164097
76 0.607651 0.38443 0.0154527
77 0.607651 0.399369 0.0165181
78 0.607651 0.414053 0.0160258
79 0.622327 0.415237 0.0148601
80 0.629114 0.409394 0.0161532
81 0.629114 0.391757 0.0169812
82 0.629114 0.397487 0.0177409
83 0.629114 0.398634 0.0179164
84 0.661448 0.40043 0.0166131
85 0.661448 0.392701 0.0170563
86 0.661448 0.391877 0.018857
87 0.661448 0.390651 0.0185782
88 0.661448 0.410941 0.0182507
89 0.661448 0.404617 0.0173068
90 0.661448 0.420052 0.0160883
91 0.661448 0.411523 0.017656
92 0.66745 0.432059 0.0190106
93 0.66745 0.433238 0.0164542
94 0.66745 0.427442 0.0197527
95 0.66745 0.420661 0.0180042
96 0.66745 0.420719 0.0202926
97 0.66745 0.401518 0.0214306
98 0.66745 0.399179 0.0225792
99 0.66745 0.413968 0.0192919
100 0.66745 0.412699 0.0196564
101 0.670674 0.406161 0.0205161
102 0.670674 0.415451 0.0193557
103 0.670674 0.422047 0.019547
104 0.670674 0.418544 0.0211807
105 0.670674 0.42316 0.0186658
106 0.670674 0.418394 0.0188701
107 0.670674 0.419586 0.0186324
108 0.670674 0.412158 0.0200783
109 0.670674 0.394044 0.0186796
110 0.670674 0.410285 0.0198361
111 0.670674 0.414661 0.019899
112 0.670674 0.405629 0.0184402
113 0.676257 0.39947 0.0211268
114 0.676257 0.40068 0.0196651
115 0.676257 0.400533 0.0203561
116 0.676257 0.41125 0.0184699
117 0.676257 0.417655 0.0201955
118 0.676257 0.416019 0.0211386
119 0.676257 0.418191 0.0211666
120 0.676257 0.407889 0.0236432
121 0.676257 0.41966 0.0213583
122 0.676257 0.418857 0.0210578
123 0.676257 0.412774 0.0195568
124 0.676257 0.415088 0.0168016
125 0.676257 0.432444 0.0189342
126 0.676257 0.415413 0.0177636
127 0.676257 0.403695 0.0199016
128 0.676257 0.423378 0.0200472
129 0.676257 0.417174 0.0213188
130 0.676257 0.411255 0.0226281
131 0.676257 0.416926 0.0188018
132 0.676257 0.423431 0.0211495
133 0.676257 0.426798 0.0199014
134 0.676257 0.437912 0.0195295
135 0.676257 0.444286 0.0191219
136 0.676257 0.432396 0.0204274
137 0.676257 0.439148 0.0206254
138 0.676257 0.445015 0.0184694
139 0.676257 0.424442 0.0191347
140 0.676257 0.423974 0.0212446
141 0.676257 0.422543 0.0191623
142 0.676257 0.413766 0.017825
143 0.676257 0.394832 0.0192039
144 0.676257 0.402298 0.0204668
145 0.676257 0.411169 0.0176362
146 0.676257 0.415882 0.0172212
147 0.676257 0.415884 0.0188546
148 0.676257 0.430823 0.0173459
149 0.676257 0.431861 0.0195357
150 0.676257 0.438533 0.0175077
151 0.676257 0.435583 0.0158091
152 0.676257 0.416351 0.0172705
153 0.676257 0.423766 0.0197289
154 0.676257 0.422495 0.0209861
155 0.676257 0.428594 0.0216191
156 0.676257 0.428857 0.0196534
157 0.676257 0.441999 0.02125
158 0.682166 0.42054 0.0215484
159 0.682166 0.408474 0.0199795
160 0.682166 0.410921 0.0192129
161 0.682166 0.41681 0.0208976
162 0.682166 0.408838 0.0196533
163 0.682166 0.402946 0.0214575
164 0.682166 0.411073 0.0200314
165 0.682166 0.406654 0.0211704
166 0.682166 0.403417 0.0214793
167 0.682166 0.397336 0.023215
168 0.682166 0.412756 0.0210296
169 0.682166 0.440247 0.0205178
170 0.682166 0.40528 0.020394
171 0.682166 0.421921 0.0234753
172 0.682166 0.418801 0.0244865
173 0.682166 0.3984 0.0235502
174 0.682166 0.417891 0.0232203
175 0.682166 0.411334 0.020907
176 0.682166 0.41446 0.0180667
177 0.682166 0.424377 0.019316
178 0.682166 0.407222 0.0198198
179 0.682166 0.418186 0.0226597
180 0.682166 0.410814 0.0202157
181 0.682166 0.405444 0.0225348
182 0.682166 0.397996 0.0200037
183 0.682166 0.408365 0.0201679
184 0.682166 0.417026 0.0205785
185 0.682166 0.418191 0.0188104
186 0.682166 0.405935 0.0183205
187 0.682166 0.415067 0.0190281
188 0.682166 0.439047 0.0187237
189 0.682166 0.443839 0.0154532
190 0.682166 0.429376 0.0165807
191 0.682166 0.430847 0.0169592
192 0.682166 0.413788 0.0179293
193 0.682166 0.411605 0.0169618
194 0.682166 0.405995 0.0199898
195 0.682166 0.413318 0.0222653
196 0.682166 0.415182 0.017899
197 0.682166 0.415659 0.0170617
198 0.682166 0.403826 0.0180996
199 0.682166 0.389336 0.0191429
200 0.682166 0.418303 0.0195024
201 0.682166 0.406232 0.020424
202 0.682166 0.413876 0.0210967
203 0.682166 0.412011 0.0199963
204 0.682166 0.401078 0.0209964
205 0.682166 0.396616 0.016748
206 0.682166 0.395204 0.0190341
207 0.682166 0.413036 0.0224342
208 0.682166 0.417828 0.0193218
209 0.682166 0.415265 0.0218031
210 0.682166 0.411771 0.0197941
211 0.682166 0.391023 0.0200547
212 0.682166 0.411796 0.0203468
213 0.682166 0.410038 0.0184243
214 0.682166 0.402983 0.0205322
215 0.682166 0.389892 0.0221193
216 0.682166 0.390332 0.0209788
217 0.682166 0.388781 0.0207756
218 0.682166 0.404678 0.0195706
219 0.682166 0.408329 0.0216908
220 0.682166 0.390378 0.0229773
221 0.682166 0.412484 0.0191878
222 0.682166 0.426009 0.0187238
223 0.682166 0.433814 0.0174773
224 0.682166 0.42441 0.0214571
225 0.682166 0.403173 0.0214433
226 0.682166 0.433829 0.0180052
227 0.682166 0.433675 0.0185516
228 0.682166 0.430409 0.019773
229 0.682166 0.434307 0.0185385
230 0.682166 0.415582 0.0204154
231 0.682166 0.411074 0.0190789
232 0.682166 0.406414 0.0183404
233 0.682166 0.400461 0.0171365
234 0.682166 0.411853 0.0188074
235 0.682166 0.418926 0.0170443
236 0.682166 0.40769 0.0188742
237 0.682166 0.414005 0.0194027
238 0.682166 0.428788 0.021658
239 0.682166 0.43333 0.0200448
240 0.682166 0.423272 0.0188843
241 0.682166 0.413486 0.0201724
242 0.682166 0.419961 0.0179922
243 0.682166 0.422488 0.0185927
244 0.682166 0.422456 0.01676
245 0.682166 0.408338 0.0197613
246 0.682166 0.422028 0.0191561
247 0.682166 0.41526 0.0184963
248 0.682166 0.416793 0.021264
249 0.682166 0.418141 0.0191496
250 0.682166 0.416522 0.0182182
251 0.682166 0.408029 0.0169727
252 0.682166 0.393683 0.0187914
253 0.682166 0.403958 0.0211193
254 0.682166 0.398609 0.0206895
255 0.682166 0.402134 0.0193402
256 0.682166 0.415088 0.0213227
257 0.682166 0.422284 0.0180647
258 0.682166 0.416981 0.0168544
259 0.682166 0.432703 0.0165151
260 0.682166 0.402881 0.0181784
261 0.682166 0.427827 0.017355
262 0.682166 0.436226 0.0181854
263 0.682166 0.418375 0.0177044
264 0.682166 0.420106 0.0182638
265 0.682166 0.419222 0.017563
266 0.682166 0.407176 0.0218969
267 0.682166 0.395498 0.0215715
268 0.682166 0.405411 0.0201744
269 0.682166 0.41373 0.0182723
270 0.682166 0.416015 0.0197304
271 0.682166 0.405083 0.0216277
272 0.682166 0.410067 0.0175643
273 0.682166 0.449733 0.0162599
274 0.682166 0.444033 0.0189281
275 0.682166 0.417878 0.0204633
276 0.682166 0.430601 0.0198177
277 0.682166 0.432119 0.0164167
278 0.682166 0.433567 0.0162936
279 0.682166 0.425839 0.0167302
280 0.682166 0.416193 0.0185576
281 0.682166 0.430384 0.0198527
282 0.682166 0.429065 0.0206851
283 0.682166 0.448204 0.0187142
284 0.682166 0.419355 0.0202493
285 0.682166 0.437222 0.0195446
286 0.682166 0.427609 0.0210622
287 0.682166 0.414515 0.020922
288 0.682166 0.409566 0.0207698
289 0.682166 0.425905 0.0176519
290 0.682166 0.426812 0.0179199
291 0.682166 0.410091 0.0193645
292 0.682166 0.404133 0.0205761
293 0.682166 0.423881 0.0203626
294 0.682166 0.404502 0.0225596
295 0.682166 0.421614 0.0223552
296 0.682166 0.382794 0.0246501
297 0.682166 0.377168 0.0212136
298 0.682166 0.402791 0.0207145
299 0.682166 0.415427 0.0234112
300 0.682166 0.406235 0.0220034
301 0.682166 0.416419 0.0210045
302 0.682166 0.415354 0.0211033
303 0.682166 0.418154 0.0198579
304 0.682166 0.418688 0.0165504
305 0.682166 0.416083 0.0179387
306 0.682166 0.404313 0.0201915
307 0.682166 0.404132 0.0196737
308 0.682166 0.414517 0.0204334
309 0.682166 0.417784 0.0210301
310 0.682166 0.41863 0.0193657
311 0.682166 0.409709 0.0213877
312 0.682166 0.422273 0.0219128
313 0.682166 0.425175 0.0216388
314 0.682166 0.420159 0.0216082
315 0.682166 0.428929 0.0194811
316 0.682166 0.413687 0.0210703
317 0.682166 0.411381 0.0207805
318 0.682166 0.401119 0.0214349
319 0.682166 0.394361 0.0222564
320 0.682166 0.396105 0.0211802
321 0.682166 0.413516 0.0205268
322 0.682166 0.40839 0.0199369
323 0.682166 0.411709 0.0212369
324 0.682166 0.416009 0.0198448
325 0.682166 0.409559 0.0176205
326 0.682166 0.406536 0.0209493
327 0.682166 0.43952 0.0179781
328 0.682166 0.407992 0.0198778
329 0.682166 0.419818 0.0207397
330 0.682166 0.416831 0.0208931
331 0.682166 0.412098 0.021065
332 0.682166 0.397314 0.0204491
333 0.682166 0.392795 0.0186209
334 0.682166 0.404609 0.0205331
335 0.682166 0.396504 0.0186391
336 0.682166 0.408373 0.0211074
337 0.682166 0.429646 0.0220528
338 0.682166 0.418715 0.02052
339 0.682166 0.393301 0.0228592
340 0.682166 0.392035 0.0243211
341 0.682166 0.418381 0.0208603
342 0.682166 0.390451 0.0217883
343 0.682166 0.396034 0.0240078
344 0.682166 0.403786 0.0206859
345 0.682166 0.398067 0.0220657
346 0.682166 0.392612 0.0213898
347 0.682166 0.396182 0.0210988
348 0.682166 0.405809 0.0207849
349 0.682166 0.40448 0.0222231
350 0.682166 0.415926 0.019969
351 0.682166 0.412259 0.0206074
352 0.682166 0.393887 0.0209785
353 0.682166 0.403547 0.0191552
354 0.682166 0.420073 0.0222109
355 0.682166 0.401991 0.0188514
356 0.682166 0.423244 0.0200873
357 0.682166 0.418731 0.0197224
358 0.682166 0.431497 0.0219901
359 0.682166 0.419175 0.0195405
360 0.682166 0.417897 0.0217679
361 0.682166 0.40674 0.0235844
362 0.682166 0.428051 0.0241392
363 0.682166 0.408362 0.0228958
364 0.682166 0.40092 0.023759
365 0.691254 0.413055 0.0217474
366 0.691254 0.402606 0.0215735
367 0.691254 0.395199 0.022582
368 0.691254 0.400206 0.0214003
369 0.691254 0.408551 0.0205807
370 0.691254 0.418798 0.0189247
371 0.691254 0.421353 0.0232871
372 0.691254 0.400809 0.0237735
373 0.691254 0.399647 0.0221955
374 0.691254 0.406357 0.0211901
375 0.691254 0.432532 0.0194002
376 0.691254 0.409238 0.0219503
377 0.691254 0.423099 0.0192588
378 0.691254 0.41779 0.020993
379 0.691254 0.408134 0.0204866
380 0.691254 0.401973 0.0217997
381 0.691254 0.416242 0.020549
382 0.691254 0.406197 0.0206154
383 0.691254 0.412851 0.0204445
384 0.691254 0.421501 0.0219938
385 0.691254 0.380289 0.021583
386 0.691254 0.389995 0.0230432
387 0.691254 0.387728 0.0223983
388 0.691254 0.404033 0.0219698
389 0.691254 0.41281 0.0247467
390 0.691254 0.409523 0.0249508
391 0.691254 0.403174 0.025897
392 0.691254 0.410492 0.0222111
393 0.691254 0.407756 0.0224097
394 0.691254 0.391846 0.0221034
395 0.691254 0.378472 0.0220192
396 0.691254 0.414803 0.0253338
397 0.691254 0.383854 0.0211073
398 0.700227 0.381342 0.0238871
399 0.700227 0.405281 0.0247068
400 0.716968 0.395726 0.0240723
401 0.716968 0.394292 0.0234696
402 0.716968 0.386891 0.0228959
403 0.716968 0.391103 0.0222709
404 0.716968 0.40155 0.0249516
405 0.716968 0.370208 0.0259129
406 0.716968 0.410088 0.0233469
407 0.716968 0.41067 0.021844
408 0.716968 0.396715 0.0219223
409 0.716968 0.382433 0.0203655
410 0.716968 0.374467 0.022025
411 0.716968 0.407305 0.0217871
412 0.716968 0.404559 0.0225364
413 0.716968 0.408193 0.0216586
414 0.716968 0.427741 0.0209569
415 0.716968 0.393437 0.0241294
416 0.716968 0.390315 0.0251084
417 0.716968 0.392519 0.025147
418 0.716968 0.375765 0.0236634
419 0.716968 0.375969 0.0229987
420 0.716968 0.378027 0.0229141
421 0.716968 0.394507 0.0224261
422 0.716968 0.40891 0.0205278
423 0.716968 0.419401 0.0219984
424 0.716968 0.39977 0.0217489
425 0.716968 0.429578 0.0226157
426 0.716968 0.418846 0.0255083
427 0.716968 0.413463 0.0217476
428 0.716968 0.421408 0.024315
429 0.716968 0.4085 0.0238386
430 0.716968 0.418815 0.0211925
431 0.716968 0.425841 0.0245611
432 0.716968 0.404838 0.0243496
433 0.716968 0.405678 0.0251263
434 0.716968 0.443237 0.024474
435 0.716968 0.444839 0.024804
436 0.716968 0.43481 0.0219792
437 0.716968 0.417022 0.02548
438 0.716968 0.426629 0.0253902
439 0.716968 0.396083 0.0218048
440 0.716968 0.42035 0.0218274
441 0.716968 0.429069 0.022573
442 0.716968 0.433796 0.0229223
443 0.716968 0.437954 0.0237031
444 0.716968 0.433093 0.0222904
445 0.716968 0.457951 0.0237923
446 0.716968 0.44332 0.0200538
447 0.716968 0.456239 0.0227125
448 0.716968 0.441907 0.022711
449 0.716968 0.450608 0.0202302
450 0.716968 0.44731 0.0214251
451 0.717474 0.468918 0.0205603
452 0.717474 0.465581 0.0208421
453 0.717474 0.466918 0.0169871
454 0.717474 0.454656 0.0200509
455 0.717474 0.448708 0.0219179
456 0.717474 0.439252 0.0221471
457 0.717474 0.449973 0.023087
458 0.717474 0.460344 0.0222284
459 0.717474 0.416977 0.0219238
460 0.717474 0.426576 0.024206
461 0.717474 0.401286 0.029484
462 0.717474 0.418616 0.0250986
463 0.717474 0.434861 0.0256225
464 0.718294 0.44351 0.0285311
465 0.718294 0.435708 0.0274004
466 0.718294 0.41744 0.0250696
467 0.718294 0.414298 0.0261344
468 0.718294 0.420714 0.0232894
469 0.718294 0.438083 0.0230073
470 0.718294 0.448385 0.0237828
471 0.718294 0.455212 0.0253205
472 0.718294 0.454342 0.0227109
473 0.718294 0.456654 0.0218511
474 0.725332 0.448516 0.0241278
475 0.725332 0.440138 0.0250598
476 0.725332 0.406685 0.0310982
477 0.725332 0.42834 0.0237317
478 0.725332 0.416844 0.0247234
479 0.725332 0.413465 0.0258993
480 0.725332 0.428948 0.0266524
481 0.725332 0.418815 0.0236584
482 0.725332 0.443166 0.0278596
483 0.725332 0.426569 0.0249163
484 0.725332 0.423697 0.025253
485 0.725332 0.428534 0.027598
486 0.725332 0.438888 0.0267511
487 0.725332 0.432328 0.0240577
488 0.725332 0.421668 0.0242691
489 0.725332 0.444182 0.025147
490 0.725332 0.419209 0.0244018
491 0.725332 0.420278 0.0254825
492 0.725332 0.418952 0.0249366
493 0.725332 0.412087 0.0255497
494 0.725332 0.430052 0.0273431
495 0.725332 0.430565 0.0241875
496 0.731088 0.431909 0.027327
497 0.731088 0.436051 0.0214805
498 0.731088 0.451355 0.0220143
499 0.731088 0.437686 0.0272734
500 0.731088 0.4173 0.0253723
501 0.731088 0.427427 0.0237425
502 0.731088 0.431667 0.027903
503 0.731088 0.422566 0.0260635
504 0.731088 0.455476 0.0280272
505 0.731088 0.460073 0.0250437
506 0.731088 0.429546 0.0254595
507 0.731088 0.430991 0.0253228
508 0.731088 0.403065 0.0265292
509 0.731088 0.42098 0.0289082
510 0.731088 0.426314 0.0273261
511 0.731088 0.421393 0.0277482
512 0.731088 0.430083 0.0245674
513 0.731088 0.435048 0.0260115
514 0.731088 0.432734 0.0286742
515 0.731088 0.444012 0.030661
516 0.731088 0.448192 0.0271352
517 0.731088 0.41978 0.0249598
518 0.731088 0.424781 0.0252481
519 0.731088 0.425968 0.0260236
520 0.731088 0.42725 0.0258859
521 0.731088 0.413927 0.0281316
522 0.731088 0.41522 0.0275171
523 0.731088 0.409273 0.0246796
524 0.731088 0.434997 0.0275051
525 0.731088 0.427482 0.0251596
526 0.731088 0.429107 0.0281449
527 0.731088 0.421431 0.025778
528 0.731088 0.415166 0.0280136
529 0.731088 0.411367 0.0266959
530 0.731088 0.427137 0.0292176
531 0.731088 0.413454 0.0272991
532 0.731088 0.433047 0.0265876
533 0.731088 0.403313 0.0312768
534 0.731088 0.429636 0.0300833
535 0.731088 0.447544 0.0251568
536 0.731088 0.439172 0.0267033
537 0.731088 0.44526 0.0253153
538 0.731088 0.467934 0.0215813
539 0.731088 0.443057 0.0277457
540 0.731088 0.445739 0.0306632
541 0.731088 0.439711 0.0315036
542 0.731088 0.451138 0.0268431
543 0.731088 0.426572 0.0271287
544 0.731088 0.440862 0.029516
545 0.731088 0.428344 0.0259338
546 0.731088 0.440985 0.0273391
547 0.731088 0.422627 0.0294461
548 0.731844 0.399725 0.0269573
549 0.731844 0.430932 0.0267697
550 0.731844 0.453514 0.0245443
551 0.731844 0.446875 0.0254791
552 0.731844 0.466517 0.022604
553 0.740828 0.449093 0.0245551
554 0.740828 0.431764 0.0267601
555 0.740828 0.453037 0.0272174
556 0.740828 0.461172 0.0247066
557 0.740828 0.451477 0.0263948
558 0.740828 0.453803 0.0250348
559 0.740828 0.441563 0.0281739
560 0.740828 0.433831 0.0276632
561 0.740828 0.454007 0.026694
562 0.740828 0.46109 0.0264658
563 0.740828 0.453579 0.0243232
564 0.740828 0.452243 0.0256466
565 0.740828 0.451042 0.0261236
566 0.740828 0.450958 0.0227768
567 0.740828 0.457712 0.0259226
568 0.740828 0.459148 0.0276757
569 0.740828 0.448649 0.0268189
570 0.744857 0.453729 0.0265349
571 0.744857 0.434928 0.0245501
572 0.744857 0.421608 0.024857
573 0.744857 0.445194 0.028412
574 0.744857 0.43426 0.0281392
575 0.744857 0.434974 0.0245438
576 0.744857 0.440857 0.0276868
577 0.744857 0.444262 0.0260016
578 0.744857 0.44825 0.0262274
579 0.744857 0.439635 0.0273445
580 0.744857 0.444234 0.0256466
581 0.744857 0.445434 0.029664
582 0.744857 0.474393 0.0296203
583 0.744857 0.460252 0.0278142
584 0.744857 0.466454 0.0243241
585 0.744857 0.469659 0.0232723
586 0.744857 0.449314 0.0248566
587 0.744857 0.465791 0.023026
588 0.744857 0.469631 0.0247467
589 0.744857 0.446157 0.0247853
590 0.744857 0.452192 0.0239747
591 0.744857 0.460127 0.0234592
592 0.744857 0.455747 0.0279534
593 0.744857 0.473859 0.0251933
594 0.744857 0.460716 0.0272905
595 0.744857 0.471739 0.0284745
596 0.744857 0.466207 0.0267603
597 0.744857 0.443572 0.025642
598 0.744857 0.437183 0.0273992
599 0.744857 0.464513 0.0259141
600 0.744857 0.462455 0.0246605
601 0.744857 0.44441 0.0258074
602 0.744857 0.462498 0.0259938
603 0.744857 0.467388 0.025235
604 0.744857 0.469825 0.0240093
605 0.744857 0.45472 0.0259122
606 0.744857 0.451551 0.0221515
607 0.744857 0.462528 0.0252705
608 0.744857 0.46 0.025334
609 0.744857 0.455738 0.0273273
610 0.744857 0.457765 0.0232599
611 0.744857 0.458055 0.0257058
612 0.744857 0.450985 0.0250782
613 0.744857 0.462216 0.0223714
614 0.744857 0.465632 0.0250759
615 0.744857 0.462674 0.0256188
616 0.744857 0.444037 0.0296954
617 0.750961 0.448871 0.0265063
618 0.750961 0.450772 0.0254119
619 0.750961 0.444405 0.0269388
620 0.750961 0.457295 0.0288282
621 0.750961 0.458697 0.0308232
622 0.750961 0.455303 0.0292796
623 0.750961 0.44857 0.029854
624 0.750961 0.436391 0.0310831
625 0.750961 0.413506 0.029399
626 0.750961 0.409596 0.0298306
627 0.750961 0.418563 0.0308066
628 0.750961 0.429364 0.0301939
629 0.750961 0.425475 0.0293117
630 0.750961 0.429794 0.0317693
631 0.750961 0.449297 0.0318411
632 0.750961 0.440575 0.0305745
633 0.750961 0.427374 0.0278344
634 0.750961 0.439196 0.025151
635 0.750961 0.469496 0.0267033
636 0.750961 0.461842 0.0243706
637 0.750961 0.465983 0.0213771
638 0.750961 0.444661 0.026237
639 0.750961 0.437687 0.028563
640 0.750961 0.465454 0.0291163
641 0.750961 0.448633 0.0281842
642 0.750961 0.458779 0.0280364
643 0.750961 0.435415 0.0287021
644 0.750961 0.429738 0.0299911
645 0.750961 0.425275 0.0311183
646 0.752167 0.427506 0.0311781
647 0.752167 0.429808 0.0285974
648 0.752167 0.450616 0.0284579
649 0.752167 0.431289 0.0265193
650 0.752167 0.431574 0.0278446
651 0.752167 0.432791 0.0282348
652 0.752167 0.437859 0.0285902
653 0.752167 0.443826 0.0275556
654 0.752167 0.428738 0.0275903
655 0.752167 0.441817 0.0260684
656 0.752167 0.428086 0.0298539
657 0.752167 0.468454 0.025687
658 0.752167 0.453966 0.0317105
659 0.752167 0.457494 0.0240239
660 0.752167 0.470102 0.0261186
661 0.752167 0.4555 0.0248197
662 0.752167 0.459085 0.0295854
663 0.752167 0.437565 0.029451
664 0.752167 0.449849 0.0264327
665 0.752167 0.454691 0.0264326
666 0.752167 0.443617 0.0282365
667 0.752167 0.442063 0.0295177
668 0.752167 0.426458 0.0260337
669 0.752167 0.435411 0.025571
670 0.752167 0.450282 0.0284123
671 0.752167 0.462945 0.0265814
672 0.752167 0.458282 0.0255662
673 0.752167 0.482753 0.0247794
674 0.752167 0.503266 0.0216936
675 0.752167 0.49401 0.0270129
676 0.752167 0.478516 0.0265453
677 0.752167 0.45684 0.0273301
678 0.752167 0.465595 0.0271158
679 0.752167 0.464181 0.0256186
680 0.752167 0.481555 0.0242748
681 0.752167 0.471044 0.0321496
682 0.752167 0.466213 0.0296158
683 0.752167 0.449839 0.0325761
684 0.752167 0.468543 0.0302445
685 0.752167 0.471402 0.0277709
686 0.752167 0.462674 0.0225388
687 0.752167 0.467289 0.0251238
688 0.752167 0.472613 0.0226343
689 0.752167 0.478651 0.0237206
690 0.752167 0.478398 0.0263603
691 0.752167 0.463808 0.0234191
692 0.752167 0.453015 0.0234574
693 0.752167 0.469775 0.0236483
694 0.752167 0.472714 0.0254482
695 0.752167 0.461588 0.0267595
696 0.752167 0.466475 0.0241937
697 0.752167 0.455317 0.0270939
698 0.752167 0.443223 0.0245135
699 0.752167 0.437929 0.0287417
700 0.752167 0.450019 0.0277508
701 0.752167 0.440351 0.0330406
702 0.752167 0.437602 0.0297844
703 0.752167 0.436099 0.0306074
704 0.752167 0.44697 0.0287887
705 0.752167 0.444237 0.0316996
706 0.752167 0.437964 0.0289206
707 0.752167 0.456484 0.0301275
708 0.752167 0.443026 0.0279805
709 0.752167 0.446354 0.0280729
710 0.752167 0.451636 0.0248579
711 0.752167 0.466691 0.0263148
712 0.752356 0.443986 0.0273068
713 0.752356 0.441856 0.0293056
714 0.752356 0.423626 0.0282718
715 0.752356 0.467347 0.0280892
716 0.752356 0.477345 0.0309213
717 0.752356 0.449204 0.0297071
718 0.752356 0.431655 0.0337982
719 0.752794 0.459163 0.0326652
720 0.752794 0.457021 0.027976
721 0.752794 0.452537 0.0292529
722 0.752794 0.453471 0.0265101
723 0.752794 0.448158 0.0269381
724 0.752794 0.467389 0.0261683
725 0.752794 0.438451 0.0284743
726 0.752794 0.438017 0.0278724
727 0.752794 0.449319 0.0264102
728 0.752794 0.450868 0.0243727
729 0.752794 0.461218 0.026002
730 0.752794 0.435901 0.027957
731 0.752794 0.456906 0.0259907
732 0.752794 0.461601 0.0261727
733 0.752794 0.460614 0.0233891
734 0.752794 0.46409 0.0269282
735 0.752794 0.480632 0.0286717
736 0.752794 0.462247 0.0287381
737 0.752794 0.464466 0.0273956
738 0.758049 0.4701 0.0275263
739 0.758049 0.460841 0.0280823
740 0.758049 0.461278 0.0280838
741 0.758049 0.451987 0.0274019
742 0.758049 0.445916 0.027073
743 0.758049 0.457848 0.0256206
744 0.758571 0.45404 0.0287138
745 0.758571 0.466873 0.0286371
746 0.758571 0.461394 0.0287313
747 0.758571 0.449768 0.0276054
748 0.758571 0.467144 0.0252303
749 0.758571 0.468997 0.0255491
750 0.758571 0.459585 0.026679
751 0.758571 0.452683 0.0270773
752 0.758571 0.433263 0.0282919
753 0.758571 0.444036 0.0305032
754 0.758571 0.445023 0.0271341
755 0.758571 0.44255 0.0311024
756 0.758571 0.438911 0.0372085
757 0.758571 0.439924 0.0371047
758 0.758571 0.437009 0.0340624
759 0.758571 0.423183 0.0282489
760 0.758571 0.444738 0.0286541
761 0.758571 0.455864 0.0291746
762 0.758571 0.433414 0.0295004
763 0.758571 0.444874 0.0324977
764 0.758571 0.437673 0.0317914
765 0.758571 0.43929 0.029313
766 0.758571 0.432848 0.0283666
767 0.758571 0.449111 0.0309659
768 0.758571 0.435021 0.0285182
769 0.758571 0.432411 0.0281082
770 0.758571 0.443059 0.0294298
771 0.758571 0.42457 0.029054
772 0.758571 0.436247 0.032575
773 0.758571 0.444714 0.0303053
774 0.758571 0.432123 0.0280394
775 0.758571 0.447486 0.0281982
776 0.758571 0.436872 0.0275161
777 0.758571 0.432461 0.0283058
778 0.758571 0.456542 0.02708
779 0.760196 0.423846 0.0279779
780 0.760196 0.430655 0.0318215
781 0.760196 0.434148 0.0294574
782 0.760196 0.443082 0.0308204
783 0.760196 0.424785 0.0312853
784 0.760196 0.433343 0.0299337
785 0.760196 0.449308 0.0272744
786 0.760196 0.444745 0.0274967
787 0.760196 0.433061 0.028774
788 0.760196 0.466128 0.02582
789 0.760196 0.467216 0.0246311
790 0.760196 0.465631 0.0298332
791 0.760196 0.456643 0.0260875
792 0.760196 0.461968 0.0264495
793 0.760196 0.447831 0.0294354
794 0.760196 0.457685 0.0297739
795 0.760196 0.463434 0.0269608
796 0.760196 0.468739 0.0267011
797 0.760196 0.475904 0.0222931
798 0.760196 0.491282 0.026109
799 0.760196 0.458102 0.0287133
800 0.760196 0.460836 0.0290227
801 0.760196 0.44949 0.0315139
802 0.760196 0.431175 0.0298017
803 0.760196 0.418232 0.0306003
804 0.760196 0.430901 0.0325986
805 0.760196 0.449776 0.0298874
806 0.760196 0.456708 0.0291995
807 0.760196 0.457164 0.0298078
808 0.760196 0.462741 0.0280617
809 0.760196 0.458607 0.0301388
810 0.760196 0.456261 0.0279355
811 0.760196 0.448861 0.0245155
812 0.760196 0.444603 0.0255092
813 0.760196 0.44875 0.0241075
814 0.760196 0.443067 0.0261684
815 0.760196 0.449128 0.028186
816 0.760196 0.441017 0.0284757
817 0.760196 0.419295 0.0270162
818 0.760196 0.424947 0.0273059
819 0.760196 0.428973 0.0301241
820 0.760196 0.409267 0.0302694
821 0.760196 0.423944 0.0298778
822 0.760196 0.428846 0.0343822
823 0.760196 0.410038 0.0295455
824 0.760196 0.41723 0.0338874
825 0.760196 0.414958 0.0289746
826 0.760196 0.461704 0.0296844
827 0.760196 0.471815 0.0282795
828 0.760196 0.46755 0.0268373
829 0.760196 0.479762 0.0246574
830 0.760196 0.462185 0.0248759
831 0.760196 0.458744 0.0241669
832 0.760196 0.449758 0.0250491
833 0.760196 0.458084 0.0267636
834 0.760196 0.450519 0.0267388
835 0.760196 0.448681 0.0218954
836 0.760196 0.449821 0.0287286
837 0.760196 0.450852 0.0250624
838 0.760196 0.448311 0.0280051
839 0.760196 0.450847 0.0292427
840 0.760196 0.451511 0.0262529
841 0.760196 0.452086 0.0255608
842 0.760196 0.42709 0.0272937
843 0.760196 0.424308 0.0276378
844 0.760196 0.427074 0.0311271
845 0.760196 0.421048 0.0316642
846 0.760196 0.414256 0.029033
847 0.760196 0.430701 0.0284827
848 0.760196 0.44333 0.0291268
849 0.760196 0.463453 0.0294169
850 0.760196 0.457895 0.0284361
851 0.760196 0.449237 0.0301379
852 0.760196 0.453881 0.0306096
853 0.760196 0.464215 0.0287397
854 0.760196 0.465812 0.0274261
855 0.760196 0.465614 0.0263122
856 0.760196 0.484049 0.0252527
857 0.760196 0.460476 0.026618
858 0.760196 0.448584 0.029545
859 0.760196 0.487562 0.0266372
860 0.760196 0.510838 0.024821
861 0.760196 0.472998 0.0263826
862 0.760196 0.473262 0.0261871
863 0.760196 0.456127 0.0269326
864 0.760196 0.462789 0.0269291
865 0.760196 0.457803 0.0294978
866 0.760196 0.443112 0.0298136
867 0.760196 0.428123 0.0301571
868 0.760196 0.424525 0.0287258
869 0.760196 0.441418 0.0296129
870 0.760196 0.429578 0.029843
871 0.760196 0.426384 0.0286871
872 0.760196 0.436731 0.0309023
873 0.760196 0.444848 0.0290072
874 0.760196 0.463297 0.0274809
875 0.760196 0.467353 0.029271
876 0.760196 0.432887 0.0287706
877 0.760196 0.43777 0.0326095
878 0.760196 0.450658 0.0301173
879 0.760196 0.423263 0.0310866
880 0.760196 0.431459 0.0276399
881 0.760196 0.451113 0.0282002
882 0.760196 0.45548 0.0278204
883 0.760196 0.445802 0.0261684
884 0.760196 0.435588 0.026334
885 0.760196 0.430387 0.0295114
886 0.760196 0.440116 0.0288324
887 0.760196 0.458143 0.0268118
888 0.760196 0.440898 0.0304878
889 0.760196 0.438901 0.032532
890 0.760196 0.437382 0.0283128
891 0.760196 0.442461 0.026506
892 0.760196 0.464955 0.0264282
893 0.760196 0.458533 0.0254331
894 0.760196 0.452315 0.0295802
895 0.760196 0.454432 0.0339844
896 0.760196 0.455512 0.02967
897 0.760196 0.428983 0.0329491
898 0.760196 0.422319 0.0320358
899 0.760196 0.41707 0.0289269
900 0.760196 0.412087 0.0262557
901 0.760196 0.436239 0.0310624
902 0.760196 0.42938 0.0285186
903 0.760196 0.451165 0.0295311
904 0.760196 0.465131 0.0283799
905 0.760196 0.448533 0.0283482
906 0.760196 0.458271 0.0268162
907 0.760196 0.468199 0.0295524
908 0.760196 0.457252 0.0273974
909 0.760196 0.464556 0.0276767
910 0.760196 0.460847 0.0277655
911 0.760196 0.455629 0.0278423
912 0.760196 0.45406 0.0336446
913 0.760196 0.452573 0.0320512
914 0.760196 0.446081 0.0281608
915 0.760196 0.428183 0.0293884
916 0.760196 0.438365 0.0308261
917 0.760196 0.436075 0.0274311
918 0.760196 0.446697 0.026907
919 0.760196 0.44573 0.0282909
920 0.760196 0.422199 0.03162
921 0.760196 0.43074 0.0285943
922 0.760196 0.423881 0.0298542
923 0.760196 0.432986 0.0335092
924 0.760196 0.436187 0.0313571
925 0.760196 0.458903 0.0293234
926 0.760196 0.434888 0.0292026
927 0.760196 0.430543 0.0316107
928 0.760196 0.43078 0.0249347
929 0.760196 0.446923 0.0264462
930 0.760196 0.492979 0.0285447
931 0.760196 0.446797 0.0305534
932 0.760196 0.430414 0.0282806
933 0.760196 0.440839 0.0329817
934 0.760196 0.445689 0.0296774
935 0.760196 0.441806 0.0300303
936 0.760196 0.441567 0.0298353
937 0.760196 0.444945 0.0320751
938 0.760196 0.43334 0.0295182
939 0.760196 0.45484 0.0285051
940 0.760196 0.442674 0.0272743
941 0.760196 0.450266 0.0291624
942 0.760196 0.453163 0.0257556
943 0.760196 0.455015 0.0288964
944 0.760196 0.463566 0.0279416
945 0.760196 0.471148 0.0275291
946 0.760196 0.475034 0.0271893
947 0.760196 0.454091 0.0307113
948 0.760196 0.44545 0.0256147
949 0.760196 0.459662 0.0280239
950 0.760196 0.442899 0.0271698
951 0.760196 0.471323 0.0284523
952 0.760196 0.44874 0.0285119
953 0.760196 0.448577 0.0310313
954 0.760196 0.424549 0.0315385
955 0.760196 0.424874 0.0309568
956 0.760196 0.432709 0.0329637
957 0.760196 0.447263 0.0334335
958 0.760196 0.434898 0.0281108
959 0.760196 0.439695 0.0278617
960 0.760196 0.433851 0.0277215
961 0.760196 0.446783 0.0295206
962 0.760196 0.410955 0.0306999
963 0.760196 0.445247 0.0281204
964 0.760196 0.434965 0.0249282
965 0.760196 0.424381 0.0289206
966 0.760196 0.451083 0.0307069
967 0.760196 0.452519 0.0315919
968 0.760196 0.468375 0.030299
969 0.760196 0.453286 0.0271736
970 0.760196 0.435673 0.0300468
971 0.760196 0.454193 0.0269919
972 0.760196 0.436461 0.0275199
973 0.760196 0.418137 0.027404
974 0.760196 0.438139 0.0285305
975 0.760196 0.449645 0.0269622
976 0.760196 0.427558 0.0270794
977 0.760196 0.436402 0.0280358
978 0.760196 0.449742 0.0317205
979 0.760196 0.434736 0.0334038
980 0.760196 0.420384 0.0303956
981 0.760196 0.417421 0.029373
982 0.760196 0.416162 0.0298161
983 0.760196 0.434152 0.0300786
984 0.760196 0.427519 0.0304877
985 0.760196 0.434489 0.0291777
986 0.760196 0.443958 0.027365
987 0.760196 0.453076 0.025264
988 0.760196 0.447266 0.0263796
989 0.760196 0.453616 0.0253323
990 0.760196 0.449018 0.0263402
991 0.760196 0.440325 0.0264786
992 0.760196 0.440285 0.0287895
993 0.760196 0.445536 0.0279821
994 0.760196 0.450608 0.0275226
995 0.760196 0.450863 0.0280147
996 0.760196 0.445242 0.0274477
997 0.760196 0.462198 0.0281074
998 0.760196 0.428685 0.0286623
999 0.760196 0.425452 0.0258439
1000 0.760196 0.436956 0.0269101
