0 0.384829 0.252251 0.00050808
1 0.384829 0.254281 0.000662137
2 0.40495 0.2624 0.00153359
3 0.40495 0.264625 0.00221997
4 0.415476 0.274933 0.00290323
5 0.415476 0.274374 0.00303964
6 0.415476 0.271906 0.00295624
7 0.423071 0.280499 0.00329095
8 0.450661 0.285285 0.0044366
9 0.463433 0.284151 0.00516368
10 0.470582 0.287744 0.00474288
11 0.474236 0.284398 0.0058737
12 0.565589 0.290713 0.00656085
13 0.565589 0.29769 0.00727934
14 0.565589 0.299966 0.00793102
15 0.565589 0.305597 0.00899804
16 0.580032 0.307004 0.0112514
17 0.580032 0.324597 0.0125591
18 0.580032 0.319743 0.0134866
19 0.670481 0.322819 0.0180478
20 0.670481 0.334171 0.0167976
21 0.670481 0.345968 0.0183021
22 0.69502 0.355588 0.023125
23 0.69502 0.364911 0.0267778
24 0.69502 0.381287 0.0298563
25 0.744594 0.383504 0.0326813
26 0.744594 0.3893 0.0340208
27 0.744594 0.390249 0.037415
28 0.762539 0.407861 0.0396072
29 0.762539 0.39586 0.0397564
30 0.762539 0.413626 0.0409867
31 0.765218 0.4297 0.0445098
32 0.77527 0.426431 0.0469462
33 0.77527 0.459502 0.0470106
34 0.77527 0.459363 0.046356
35 0.78512 0.477474 0.0473087
36 0.792572 0.499577 0.0462801
37 0.792572 0.502158 0.0457593
38 0.792572 0.51431 0.0502721
39 0.792572 0.49069 0.0472257
40 0.792572 0.518993 0.0429607
41 0.792572 0.54353 0.0407708
42 0.792572 0.564596 0.0339157
43 0.794656 0.599889 0.034272
44 0.807481 0.604312 0.0351714
45 0.807481 0.62108 0.0304538
46 0.807481 0.645017 0.0239643
47 0.807481 0.656471 0.0220049
48 0.807481 0.652354 0.0217051
49 0.807481 0.661768 0.018224
50 0.807481 0.663509 0.0170948
51 0.807481 0.688717 0.014748
52 0.807481 0.685513 0.0167541
53 0.807481 0.691082 0.0115181
54 0.807481 0.698077 0.0124036
55 0.807481 0.706524 0.00700496
56 0.807481 0.709134 0.00781109
57 0.807481 0.695359 0.00876029
58 0.807481 0.679457 0.0134252
59 0.807481 0.673694 0.0155621
60 0.807481 0.689502 0.00989045
61 0.807481 0.695168 0.0111736
62 0.807481 0.699961 0.0104771
63 0.807481 0.69962 0.0118526
64 0.807481 0.697966 0.0106122
65 0.807481 0.710455 0.00991156
66 0.807481 0.709543 0.00679445
67 0.807481 0.704144 0.0133102
68 0.807481 0.701006 0.0122297
69 0.808641 0.7025 0.0116452
70 0.808641 0.703332 0.0115654
71 0.814703 0.707265 0.0106336
72 0.814703 0.705799 0.0134763
73 0.814703 0.715603 0.0115778
74 0.814703 0.715519 0.00904689
75 0.814703 0.705416 0.00996653
76 0.814703 0.706547 0.0097492
77 0.814703 0.701724 0.00865287
78 0.814703 0.706147 0.0121276
79 0.814703 0.721677 0.0103262
80 0.814703 0.718764 0.00731513
81 0.815353 0.720769 0.00713871
82 0.815353 0.720554 0.00774493
83 0.815353 0.725234 0.00699706
84 0.815353 0.718569 0.00870538
85 0.815353 0.722421 0.0112549
86 0.815353 0.72752 0.00780721
87 0.815353 0.72627 0.00979738
88 0.815353 0.724516 0.00759757
89 0.815353 0.737515 0.00726277
90 0.815353 0.730588 0.00703235
91 0.815353 0.7252 0.00786106
92 0.815353 0.724534 0.0102642
93 0.815353 0.725017 0.00792078
94 0.815353 0.714927 0.01007
95 0.815353 0.725034 0.00539814
96 0.815353 0.72931 0.00678425
97 0.815353 0.735489 0.00382169
98 0.815353 0.733461 0.00627002
99 0.815353 0.730391 0.00540011
100 0.815353 0.718245 0.00850598
101 0.815353 0.727551 0.00766644
102 0.815353 0.726116 0.00631313
103 0.815353 0.727525 0.00524428
104 0.815353 0.712969 0.00798973
105 0.815353 0.715689 0.00740113
106 0.815353 0.727721 0.00551422
107 0.815353 0.727276 0.00592225
108 0.815353 0.720505 0.00787128
109 0.815353 0.717981 0.00960878
110 0.815353 0.727178 0.00683301
111 0.815353 0.727094 0.00556391
112 0.815353 0.728874 0.00679046
113 0.815353 0.731728 0.00769526
114 0.815353 0.736873 0.00496142
115 0.815353 0.739884 0.00466598
116 0.815353 0.735996 0.0061205
117 0.815353 0.727773 0.0095972
118 0.815353 0.734348 0.00640301
119 0.815353 0.731727 0.00726736
120 0.815353 0.741406 0.00537014
121 0.815353 0.738067 0.00622042
122 0.815353 0.735608 0.00634996
123 0.815353 0.7325 0.00642687
124 0.815353 0.736625 0.00522921
125 0.815353 0.746957 0.00412616
126 0.815353 0.728124 0.00692777
127 0.815353 0.731823 0.00509822
128 0.815353 0.725734 0.00740154
129 0.815353 0.726429 0.0053077
130 0.815353 0.724508 0.00805098
131 0.815353 0.71473 0.0087308
132 0.815353 0.714448 0.0103745
133 0.815353 0.725229 0.00611881
134 0.815353 0.72435 0.00635247
135 0.815353 0.71416 0.00936323
136 0.815353 0.733998 0.00545948
137 0.815353 0.737291 0.00647989
138 0.815353 0.735475 0.00724535
139 0.815353 0.722168 0.00970342
140 0.815353 0.723675 0.0101447
141 0.815353 0.737416 0.00572643
142 0.815353 0.729964 0.00630098
143 0.815353 0.72915 0.00550522
144 0.816279 0.727719 0.00499711
145 0.816279 0.738759 0.00604819
146 0.816279 0.737308 0.00794476
147 0.816279 0.733219 0.00662425
148 0.816279 0.738301 0.00420516
149 0.816279 0.729558 0.00520281
150 0.816279 0.735536 0.00471853
151 0.816279 0.736981 0.00476087
152 0.816279 0.730846 0.00619726
153 0.816279 0.735996 0.00394521
154 0.816279 0.721187 0.00600095
155 0.816279 0.731227 0.00421551
156 0.816279 0.738145 0.00347096
157 0.816279 0.739896 0.00490369
158 0.816279 0.738496 0.00514931
159 0.816279 0.733913 0.00601242
160 0.816279 0.742379 0.00272466
161 0.816279 0.745884 0.0030544
162 0.816279 0.733509 0.00403648
163 0.816279 0.738093 0.00400392
164 0.816279 0.735374 0.00360765
165 0.816279 0.732249 0.00496075
166 0.816279 0.73658 0.00471265
167 0.816279 0.720541 0.00662694
168 0.816279 0.733073 0.00511307
169 0.816279 0.738251 0.0040253
170 0.816279 0.727302 0.00452354
171 0.816279 0.729085 0.00546059
172 0.816279 0.736214 0.00536351
173 0.816279 0.735861 0.00505751
174 0.816279 0.736389 0.00496184
175 0.816279 0.738303 0.00434748
176 0.816279 0.731506 0.00498177
177 0.816279 0.732782 0.0055012
178 0.816279 0.738687 0.00492022
179 0.816279 0.726118 0.00687942
180 0.816279 0.729769 0.00807725
181 0.816279 0.724663 0.00849683
182 0.816279 0.726296 0.00929118
183 0.816279 0.711515 0.0114993
184 0.816279 0.713937 0.00958398
185 0.816279 0.716697 0.00640278
186 0.816279 0.71799 0.00704215
187 0.816279 0.718604 0.00593474
188 0.816279 0.723097 0.00690557
189 0.816279 0.71617 0.00859126
190 0.816279 0.724084 0.0070873
191 0.816279 0.735638 0.00540149
192 0.816279 0.733269 0.0064525
193 0.816279 0.747187 0.00389512
194 0.816279 0.733512 0.00503933
195 0.816279 0.731663 0.00616571
196 0.816279 0.735951 0.00550184
197 0.816279 0.732799 0.0074485
198 0.816279 0.720949 0.009304
199 0.816279 0.727282 0.00835055
200 0.816279 0.736952 0.00713538
201 0.816279 0.743718 0.00745154
202 0.816279 0.739261 0.00611399
203 0.816279 0.734332 0.00684693
204 0.816279 0.744156 0.00438471
205 0.816279 0.745555 0.00425135
206 0.816279 0.737659 0.0048294
207 0.816279 0.748777 0.00310734
208 0.816279 0.746618 0.00317091
209 0.816279 0.742529 0.00504687
210 0.816279 0.742407 0.00443881
211 0.816279 0.725918 0.0062046
212 0.816279 0.719378 0.0085855
213 0.816279 0.723533 0.00820657
214 0.816279 0.725544 0.00707968
215 0.816279 0.730898 0.00758609
216 0.816279 0.728443 0.00666948
217 0.816279 0.731532 0.00559777
218 0.816279 0.722756 0.00801925
219 0.816279 0.70824 0.00826801
220 0.816279 0.712705 0.00778772
221 0.816279 0.722768 0.00640658
222 0.816279 0.730631 0.00532429
223 0.816279 0.732304 0.00600461
224 0.816279 0.737768 0.00587364
225 0.816279 0.737114 0.00479913
226 0.816279 0.728569 0.00612446
227 0.816279 0.733526 0.00633197
228 0.816279 0.719667 0.00801085
229 0.816279 0.717169 0.008582
230 0.816279 0.725132 0.0101347
231 0.817672 0.721099 0.00898982
232 0.817672 0.73073 0.00764995
233 0.817672 0.737162 0.00356035
234 0.817672 0.742848 0.00447468
235 0.817672 0.737652 0.00495873
236 0.817672 0.734815 0.00611711
237 0.817672 0.730958 0.00604446
238 0.817672 0.722969 0.0074124
239 0.817672 0.721432 0.00788616
240 0.817672 0.721686 0.00962173
241 0.817672 0.716814 0.0105033
242 0.817672 0.719363 0.0091351
243 0.817672 0.732856 0.00774218
244 0.817672 0.73375 0.00565626
245 0.817672 0.737947 0.00494779
246 0.817672 0.731993 0.00664586
247 0.817672 0.731256 0.00624482
248 0.817672 0.731505 0.00655584
249 0.817672 0.724999 0.00623
250 0.817672 0.738068 0.00547381
251 0.817672 0.734135 0.00547774
252 0.817672 0.743302 0.00409152
253 0.817672 0.725349 0.0067759
254 0.817672 0.727323 0.00702415
255 0.817672 0.732034 0.00541984
256 0.817672 0.750305 0.00327912
257 0.817672 0.749438 0.00317196
258 0.817672 0.748187 0.00372487
259 0.817672 0.737006 0.00371385
260 0.817672 0.737881 0.00454851
261 0.817672 0.744195 0.00457093
262 0.817672 0.741304 0.00589851
263 0.817672 0.742608 0.00645363
264 0.817672 0.749167 0.00400222
265 0.817672 0.744424 0.00405668
266 0.817672 0.731082 0.00510002
267 0.817672 0.735585 0.00455209
268 0.817672 0.735436 0.00455336
269 0.817672 0.727279 0.0065201
270 0.817672 0.722546 0.0073066
271 0.817672 0.729812 0.00626072
272 0.817672 0.716968 0.00925471
273 0.817672 0.730375 0.00717158
274 0.817672 0.729487 0.00757458
275 0.817672 0.724769 0.00654751
276 0.817672 0.716747 0.00855361
277 0.817672 0.725432 0.00611263
278 0.817672 0.714248 0.00670286
279 0.817672 0.729061 0.00532707
280 0.817672 0.735567 0.00534783
281 0.817672 0.733169 0.00485923
282 0.817672 0.721493 0.00929829
283 0.817672 0.719361 0.00846043
284 0.817672 0.726347 0.00556397
285 0.817672 0.731153 0.00360357
286 0.817672 0.73211 0.0039477
287 0.817672 0.726006 0.00500785
288 0.817672 0.728403 0.00521357
289 0.817672 0.729035 0.00691181
290 0.817672 0.726837 0.00521847
291 0.817672 0.715809 0.00730059
292 0.817672 0.72431 0.00497352
293 0.817672 0.72721 0.00627673
294 0.817672 0.726831 0.00615761
295 0.817672 0.740059 0.00412589
296 0.817672 0.730434 0.00676397
297 0.817672 0.739416 0.00533983
298 0.817672 0.738654 0.00662896
299 0.817672 0.739375 0.00825313
300 0.817672 0.743696 0.00611753
301 0.817672 0.741435 0.00557452
302 0.817672 0.733408 0.00722464
303 0.817672 0.723049 0.0103549
304 0.817672 0.741566 0.0048845
305 0.817672 0.74258 0.00360796
306 0.817672 0.748036 0.00431396
307 0.817672 0.743671 0.00543969
308 0.817672 0.743193 0.00473301
309 0.817672 0.746527 0.00293609
310 0.817672 0.736511 0.00510727
311 0.817672 0.727491 0.00579688
312 0.817672 0.720498 0.00739282
313 0.817672 0.720286 0.00558864
314 0.817672 0.724081 0.0075764
315 0.817672 0.726399 0.00670471
316 0.817672 0.731074 0.0054085
317 0.817672 0.730782 0.00645326
318 0.817672 0.734776 0.00628998
319 0.817672 0.74225 0.00353859
320 0.817672 0.742374 0.00357849
321 0.817672 0.732085 0.00478201
322 0.817672 0.736037 0.00650781
323 0.817672 0.733678 0.0061507
324 0.817672 0.734518 0.00652846
325 0.817672 0.737238 0.00451237
326 0.817922 0.74225 0.00478092
327 0.817922 0.736752 0.00528256
328 0.817922 0.728095 0.00631974
329 0.817922 0.733175 0.00604234
330 0.817922 0.737339 0.00467817
331 0.817922 0.728053 0.00725748
332 0.817922 0.730307 0.00599368
333 0.817922 0.741432 0.00436804
334 0.817922 0.735985 0.0059175
335 0.817922 0.733806 0.00557573
336 0.817922 0.730152 0.00579758
337 0.817922 0.728389 0.00755668
338 0.817922 0.739467 0.00735506
339 0.817922 0.743326 0.00357389
340 0.817922 0.74455 0.00351633
341 0.817922 0.742562 0.00395167
342 0.817922 0.740663 0.00646867
343 0.817922 0.734553 0.00454863
344 0.817922 0.736763 0.00429532
345 0.817922 0.736215 0.0047891
346 0.817922 0.737152 0.0046858
347 0.817922 0.739604 0.00434703
348 0.817922 0.732101 0.00457514
349 0.817922 0.729375 0.00465475
350 0.817922 0.721855 0.00646247
351 0.817922 0.714047 0.00667378
352 0.817922 0.717433 0.00641263
353 0.817922 0.726222 0.00537501
354 0.817922 0.729602 0.00661149
355 0.817922 0.733836 0.00489208
356 0.817922 0.741464 0.0042549
357 0.817922 0.747596 0.00552164
358 0.817922 0.733386 0.00470469
359 0.817922 0.729895 0.00546081
360 0.817922 0.730803 0.00590427
361 0.817922 0.718095 0.00866736
362 0.817922 0.728347 0.00786978
363 0.817922 0.718986 0.00813093
364 0.817922 0.721468 0.0102169
365 0.817922 0.728361 0.00861903
366 0.817922 0.720854 0.010193
367 0.817922 0.71799 0.00899179
368 0.817922 0.735006 0.0063028
369 0.817922 0.743014 0.00401269
370 0.817922 0.736164 0.00666476
371 0.817922 0.721978 0.00825871
372 0.817922 0.723134 0.00866835
373 0.817922 0.714935 0.00795791
374 0.817922 0.734401 0.0053044
375 0.817922 0.743053 0.00496992
376 0.817922 0.746402 0.00556383
377 0.817922 0.72828 0.00643028
378 0.817922 0.745386 0.00377882
379 0.817922 0.746008 0.00574893
380 0.817922 0.737179 0.00636368
381 0.817922 0.720997 0.00999173
382 0.817922 0.715468 0.00864939
383 0.817922 0.725871 0.00874336
384 0.817922 0.734628 0.00883972
385 0.817922 0.736874 0.00638458
386 0.817922 0.732222 0.00512229
387 0.817922 0.744452 0.0038622
388 0.817922 0.734373 0.00530373
389 0.817922 0.735837 0.00506938
390 0.817922 0.739185 0.00482176
391 0.817922 0.734135 0.00497102
392 0.817922 0.742479 0.00420196
393 0.817922 0.730121 0.00655996
394 0.817922 0.735199 0.00445088
395 0.817922 0.73819 0.00416346
396 0.817922 0.737791 0.00433124
397 0.817922 0.737095 0.00498385
398 0.817922 0.73486 0.00486401
399 0.817922 0.74126 0.0038142
400 0.817922 0.736298 0.0054847
401 0.817922 0.72783 0.00809531
402 0.817922 0.725387 0.0099161
403 0.817922 0.724369 0.0103027
404 0.817922 0.726571 0.00754503
405 0.817922 0.735545 0.00579207
406 0.817922 0.734762 0.00413419
407 0.817922 0.729522 0.00557248
408 0.817922 0.726382 0.00680313
409 0.817922 0.723905 0.00697525
410 0.817922 0.727338 0.00726108
411 0.817922 0.733325 0.00618318
412 0.817922 0.737987 0.00391352
413 0.817922 0.734972 0.00715058
414 0.817922 0.730411 0.00862035
415 0.817922 0.741403 0.00523952
416 0.817922 0.741561 0.00565915
417 0.817922 0.740106 0.00516735
418 0.817922 0.744664 0.00461084
419 0.817922 0.745385 0.00463095
420 0.817922 0.743001 0.00447634
421 0.817922 0.741516 0.00341198
422 0.817922 0.73819 0.00455307
423 0.817922 0.72668 0.00648186
424 0.817922 0.730632 0.00447194
425 0.817922 0.741638 0.00376045
426 0.817922 0.732498 0.00554146
427 0.817922 0.717934 0.00545024
428 0.817922 0.721777 0.00468802
429 0.817922 0.733784 0.00469681
430 0.817922 0.727382 0.00725545
431 0.817922 0.730497 0.00628948
432 0.817922 0.733573 0.00650921
433 0.817922 0.727848 0.00753178
434 0.817922 0.72691 0.00637331
435 0.817922 0.72694 0.00499816
436 0.817922 0.710414 0.00805498
437 0.817922 0.721606 0.0058324
438 0.817922 0.738178 0.00590796
439 0.817922 0.741272 0.00608031
440 0.817922 0.729812 0.00662447
441 0.817922 0.741377 0.00430598
442 0.817922 0.737894 0.00594094
443 0.817922 0.739881 0.0065635
444 0.817922 0.730372 0.00692572
445 0.817922 0.730002 0.00595899
446 0.817922 0.712607 0.0111426
447 0.817922 0.722917 0.0079809
448 0.817922 0.706043 0.0128276
449 0.817922 0.70755 0.0093351
450 0.817922 0.710292 0.00922198
451 0.817922 0.716457 0.00830122
452 0.817922 0.71612 0.0088176
453 0.817922 0.722082 0.00692695
454 0.817922 0.71983 0.00857151
455 0.817922 0.720871 0.00754235
456 0.817922 0.730452 0.00643416
457 0.817922 0.723602 0.00932034
458 0.817922 0.717387 0.00719205
459 0.817922 0.722046 0.00862848
460 0.817922 0.727545 0.00682619
461 0.817922 0.733247 0.00669804
462 0.817922 0.73563 0.00401564
463 0.817922 0.728758 0.00718131
464 0.817922 0.717562 0.00905095
465 0.817922 0.726975 0.00835932
466 0.817922 0.731614 0.00740457
467 0.817922 0.73721 0.005834
468 0.817922 0.733861 0.00687329
469 0.817922 0.735762 0.00695268
470 0.817922 0.722752 0.00806718
471 0.817922 0.739675 0.0062309
472 0.817922 0.744372 0.00500298
473 0.817922 0.735235 0.00541059
474 0.817922 0.739767 0.00467726
475 0.817922 0.739181 0.004908
476 0.817922 0.739284 0.00451205
477 0.817922 0.738895 0.00404388
478 0.817922 0.734283 0.00474591
479 0.817922 0.715661 0.00886321
480 0.817922 0.718003 0.00816729
481 0.817922 0.707347 0.00885202
482 0.817922 0.717121 0.00782456
483 0.817922 0.715324 0.00925155
484 0.817922 0.711469 0.00931223
485 0.817922 0.70912 0.00924125
486 0.817922 0.70502 0.00984631
487 0.817922 0.719055 0.00879772
488 0.817922 0.71418 0.00938073
489 0.817922 0.725968 0.00915001
490 0.817922 0.718704 0.00849306
491 0.817922 0.734031 0.00462509
492 0.817922 0.72805 0.00591387
493 0.817922 0.727728 0.00658075
494 0.817922 0.731804 0.0054896
495 0.817922 0.723227 0.00762637
496 0.817922 0.711259 0.0106674
497 0.817922 0.727415 0.00861567
498 0.817922 0.7201 0.0102669
499 0.817922 0.726237 0.00675073
500 0.817922 0.728861 0.005466
501 0.817922 0.725425 0.00650261
502 0.817922 0.730899 0.00480054
503 0.817922 0.729993 0.0059637
504 0.817922 0.742526 0.00390131
505 0.817922 0.729694 0.00654953
506 0.817922 0.721677 0.00935677
507 0.817922 0.729489 0.00594028
508 0.817922 0.733567 0.00554889
509 0.817922 0.723117 0.00736332
510 0.817922 0.709703 0.0108719
511 0.817922 0.721666 0.00760029
512 0.817922 0.726735 0.00716305
513 0.817922 0.735618 0.00557946
514 0.817922 0.737902 0.00556848
515 0.817922 0.740593 0.00408791
516 0.817922 0.743986 0.00280549
517 0.817922 0.746398 0.00372584
518 0.817922 0.729436 0.00408465
519 0.817922 0.73689 0.00333971
520 0.817922 0.740121 0.0035561
521 0.817922 0.746524 0.00234328
522 0.817922 0.742721 0.00287491
523 0.817922 0.741141 0.00402658
524 0.817922 0.744347 0.00328012
525 0.817922 0.746403 0.003308
526 0.817922 0.745252 0.00306425
527 0.817922 0.737399 0.0044321
528 0.817922 0.728385 0.00566089
529 0.817922 0.730286 0.00765856
530 0.817922 0.732405 0.00606602
531 0.817922 0.738948 0.0032037
532 0.817922 0.737217 0.00442383
533 0.817922 0.73082 0.00511607
534 0.817922 0.721617 0.00877783
535 0.817922 0.732658 0.0052772
536 0.817922 0.738768 0.00715564
537 0.817922 0.73735 0.00717477
538 0.817922 0.744011 0.00412507
539 0.817922 0.739137 0.00426488
540 0.817922 0.734808 0.00330147
541 0.817922 0.736909 0.00400535
542 0.817922 0.73147 0.00597046
543 0.817922 0.729812 0.00628735
544 0.817922 0.722649 0.00723525
545 0.817922 0.723278 0.00608381
546 0.817922 0.74431 0.00446499
547 0.817922 0.725554 0.00764079
548 0.817922 0.726856 0.00738384
549 0.817922 0.724763 0.00690858
550 0.817922 0.713011 0.0082826
551 0.817922 0.727382 0.00650145
552 0.817922 0.735414 0.00441654
553 0.817922 0.735623 0.00377389
554 0.817922 0.736019 0.00395133
555 0.817922 0.731167 0.00615938
556 0.817922 0.725421 0.00830228
557 0.817922 0.729387 0.00762708
558 0.817922 0.734768 0.00535905
559 0.817922 0.73359 0.00683536
560 0.817922 0.731269 0.00576331
561 0.817922 0.736521 0.00497139
562 0.817922 0.735999 0.00410392
563 0.817922 0.744206 0.00401752
564 0.817922 0.74991 0.00315956
565 0.817922 0.738378 0.00392353
566 0.817922 0.74054 0.00413176
567 0.817922 0.742083 0.00488138
568 0.817922 0.73715 0.00596449
569 0.817922 0.740427 0.00311975
570 0.817922 0.738099 0.00353205
571 0.817922 0.738115 0.00427171
572 0.817922 0.733005 0.00510223
573 0.818075 0.737813 0.00391531
574 0.818075 0.736725 0.00499531
575 0.818075 0.727876 0.00712596
576 0.818075 0.711896 0.00867789
577 0.818075 0.730736 0.00438322
578 0.818075 0.731845 0.00483384
579 0.818075 0.731059 0.00696849
580 0.818075 0.718189 0.00902899
581 0.818075 0.719929 0.00842494
582 0.818075 0.72952 0.00539723
583 0.818075 0.726693 0.0067755
584 0.818075 0.739947 0.00360398
585 0.818075 0.747914 0.00280597
586 0.818075 0.750324 0.00349648
587 0.818075 0.751228 0.00305373
588 0.818075 0.745095 0.00371264
589 0.818075 0.741339 0.00431603
590 0.818075 0.736518 0.00490164
591 0.818075 0.731999 0.00681641
592 0.818075 0.729459 0.00849332
593 0.818075 0.731136 0.0089967
594 0.818075 0.73677 0.00551165
595 0.818075 0.733712 0.00605341
596 0.818075 0.740704 0.0040537
597 0.818075 0.734904 0.0060855
598 0.818075 0.737469 0.00595953
599 0.818075 0.728702 0.00645527
600 0.818075 0.717971 0.00820962
601 0.818075 0.70968 0.00955237
602 0.818075 0.717881 0.00898972
603 0.818075 0.719619 0.00753286
604 0.818075 0.706323 0.00907006
605 0.818075 0.71033 0.0105599
606 0.818075 0.723189 0.00749192
607 0.818075 0.723725 0.00784919
608 0.818075 0.733213 0.00669597
609 0.818075 0.738166 0.00505141
610 0.818075 0.739174 0.00425791
611 0.818075 0.738308 0.00545166
612 0.818075 0.739632 0.00529262
613 0.818075 0.738875 0.00365893
614 0.818075 0.732634 0.00664145
615 0.818075 0.736948 0.00596046
616 0.818075 0.742458 0.00438943
617 0.818075 0.748053 0.00459648
618 0.818075 0.754742 0.00283704
619 0.818075 0.741809 0.00543662
620 0.818075 0.743826 0.00324119
621 0.818075 0.74573 0.00394421
622 0.81815 0.737703 0.00651231
623 0.81815 0.743827 0.00369017
624 0.81815 0.745961 0.00290307
625 0.81815 0.740114 0.00402543
626 0.81815 0.738854 0.00558747
627 0.81815 0.735486 0.00446594
628 0.81815 0.741044 0.00401215
629 0.81815 0.736139 0.00450562
630 0.81815 0.742659 0.00359545
631 0.818645 0.754205 0.00258406
632 0.818645 0.744044 0.00490101
633 0.818645 0.725513 0.00588604
634 0.818645 0.73997 0.00423307
635 0.818645 0.741637 0.00387408
636 0.818645 0.745899 0.0028858
637 0.818645 0.741629 0.00509571
638 0.818645 0.731392 0.004847
639 0.818645 0.734596 0.00689427
640 0.818645 0.728321 0.00724854
641 0.818645 0.734818 0.00746723
642 0.818645 0.735464 0.00671379
643 0.818645 0.742944 0.00579216
644 0.818645 0.738826 0.00594276
645 0.818645 0.741876 0.00436845
646 0.818645 0.726131 0.00581246
647 0.818645 0.731593 0.00596142
648 0.818645 0.731304 0.00530612
649 0.818645 0.735526 0.00423656
650 0.818645 0.728104 0.00483034
651 0.818645 0.725962 0.00717204
652 0.818645 0.739886 0.0056244
653 0.818645 0.730505 0.00538792
654 0.818645 0.727573 0.00575561
655 0.818645 0.725942 0.00552767
656 0.818645 0.730359 0.00518757
657 0.818645 0.724889 0.00830513
658 0.818645 0.723337 0.0100433
659 0.818645 0.729028 0.00605733
660 0.818645 0.728344 0.00624085
661 0.818645 0.721058 0.00704733
662 0.818645 0.709291 0.0106134
663 0.818645 0.715244 0.0104305
664 0.818645 0.723277 0.00737091
665 0.818645 0.735102 0.0056042
666 0.818645 0.729268 0.00500376
667 0.818645 0.728936 0.00587629
668 0.818645 0.715604 0.00896696
669 0.818645 0.717617 0.00807151
670 0.818645 0.727577 0.00976153
671 0.818645 0.729757 0.00750709
672 0.818645 0.73434 0.00417059
673 0.818645 0.740914 0.00340218
674 0.818645 0.738081 0.00394709
675 0.818645 0.745846 0.00340394
676 0.818645 0.746454 0.00335039
677 0.818645 0.742344 0.00506226
678 0.818645 0.743266 0.00376531
679 0.818645 0.738185 0.00380135
680 0.818645 0.734248 0.0041134
681 0.818645 0.737229 0.00452671
682 0.818645 0.732757 0.00450595
683 0.818645 0.735899 0.00422014
684 0.818645 0.740034 0.00382126
685 0.818645 0.74086 0.0048667
686 0.818645 0.740422 0.00562578
687 0.818645 0.74103 0.00482024
688 0.818645 0.74524 0.00344615
689 0.818645 0.741378 0.00535938
690 0.818645 0.745213 0.00483145
691 0.818645 0.741464 0.00414309
692 0.818645 0.739285 0.00429153
693 0.818645 0.736821 0.00392439
694 0.818645 0.727988 0.00528544
695 0.818645 0.740722 0.00392506
696 0.818645 0.743135 0.00428871
697 0.818645 0.743604 0.00375162
698 0.818645 0.740956 0.00426122
699 0.818645 0.7297 0.00586755
700 0.818645 0.730577 0.00781165
701 0.818645 0.715425 0.0103978
702 0.818645 0.728061 0.00827121
703 0.818645 0.725114 0.00715244
704 0.818645 0.735197 0.00534682
705 0.818645 0.7451 0.00311027
706 0.818645 0.734403 0.00576112
707 0.818645 0.728093 0.00552189
708 0.818645 0.718062 0.00829624
709 0.818645 0.73074 0.00505929
710 0.818645 0.733347 0.00536692
711 0.818645 0.721783 0.00536769
712 0.818645 0.712606 0.0110416
713 0.818645 0.710006 0.0114034
714 0.818645 0.724912 0.00678089
715 0.818645 0.725968 0.00745969
716 0.818645 0.737925 0.00688802
717 0.818645 0.733882 0.00548138
718 0.818645 0.722371 0.00870902
719 0.818645 0.732387 0.00548319
720 0.818645 0.738756 0.00544731
721 0.818645 0.739621 0.0049829
722 0.818645 0.743612 0.00460993
723 0.818645 0.724931 0.00753535
724 0.818645 0.72287 0.00796734
725 0.818645 0.725697 0.0098097
726 0.818645 0.705419 0.0116852
727 0.818645 0.705153 0.0119731
728 0.818645 0.719022 0.0105063
729 0.818645 0.720116 0.0100256
730 0.818645 0.730601 0.0068161
731 0.818645 0.724764 0.00902039
732 0.818645 0.732393 0.00713791
733 0.818645 0.726935 0.00758343
734 0.818736 0.738218 0.0056969
735 0.818736 0.733584 0.00739807
736 0.818736 0.730565 0.0066694
737 0.818736 0.726628 0.0063749
738 0.818736 0.728013 0.00586221
739 0.818736 0.727063 0.00843703
740 0.818736 0.732544 0.00751481
741 0.818736 0.742987 0.00436884
742 0.818736 0.744778 0.00421055
743 0.818736 0.741489 0.00501111
744 0.818736 0.739802 0.00604986
745 0.818736 0.742012 0.00601061
746 0.818736 0.727727 0.00694956
747 0.818736 0.735621 0.00688513
748 0.818736 0.73373 0.00513298
749 0.818736 0.737194 0.00525836
750 0.818736 0.738438 0.00390026
751 0.818736 0.733196 0.00562116
752 0.818736 0.726388 0.00553025
753 0.818736 0.731762 0.00423154
754 0.818736 0.724381 0.00512162
755 0.818736 0.730703 0.00624118
756 0.818736 0.737464 0.00524781
757 0.818736 0.735288 0.00597983
758 0.818736 0.725321 0.00730663
759 0.818736 0.729238 0.00660952
760 0.818736 0.729125 0.00815957
761 0.818736 0.736263 0.00575778
762 0.818736 0.730586 0.00742053
763 0.818736 0.725951 0.00644215
764 0.818736 0.72996 0.0062633
765 0.818736 0.726239 0.00628365
766 0.818736 0.729102 0.00644852
767 0.818736 0.717952 0.00917863
768 0.818736 0.734504 0.00642945
769 0.818736 0.727946 0.00549073
770 0.818736 0.717185 0.00765153
771 0.818736 0.719993 0.00698577
772 0.818736 0.727968 0.00641619
773 0.818736 0.727204 0.00639065
774 0.818736 0.727871 0.00746216
775 0.818736 0.725691 0.00762418
776 0.818736 0.723306 0.00935712
777 0.818736 0.718246 0.00946061
778 0.818736 0.712699 0.0103088
779 0.818736 0.728399 0.00675194
780 0.818736 0.739231 0.00351447
781 0.818736 0.726145 0.00601161
782 0.818736 0.715196 0.00840783
783 0.818736 0.727949 0.00513945
784 0.818736 0.733662 0.00397157
785 0.818736 0.742496 0.00437038
786 0.818736 0.738061 0.00410832
787 0.818736 0.745818 0.00404128
788 0.818736 0.746854 0.00422132
789 0.818736 0.747449 0.00386186
790 0.818736 0.736653 0.00625705
791 0.818736 0.732533 0.00461635
792 0.818736 0.736853 0.00530829
793 0.818736 0.728506 0.00717981
794 0.818736 0.741326 0.00440407
795 0.818736 0.737833 0.00382865
796 0.818736 0.738328 0.00457477
797 0.818736 0.743673 0.00357659
798 0.818736 0.736377 0.00577498
799 0.818736 0.735439 0.00528155
800 0.818736 0.719886 0.00850182
801 0.818736 0.73693 0.0057014
802 0.818736 0.740954 0.00547478
803 0.818736 0.739667 0.00598968
804 0.818736 0.740941 0.00618255
805 0.818736 0.735685 0.006589
806 0.818736 0.744326 0.00448937
807 0.818736 0.733349 0.00708474
808 0.818736 0.735359 0.00473542
809 0.818736 0.73093 0.00633286
810 0.818736 0.735843 0.00609662
811 0.818736 0.74051 0.00630367
812 0.818736 0.741046 0.00571632
813 0.818736 0.732325 0.00794938
814 0.818736 0.730928 0.00632469
815 0.818736 0.739492 0.00574947
816 0.818736 0.737959 0.00596859
817 0.818736 0.749084 0.00380859
818 0.818736 0.743904 0.00502329
819 0.818736 0.741536 0.00568304
820 0.818736 0.736316 0.00845386
821 0.818736 0.739864 0.00688628
822 0.818736 0.728153 0.00850082
823 0.818736 0.725379 0.00900705
824 0.818736 0.719722 0.00722925
825 0.818736 0.731671 0.00582517
826 0.818736 0.730879 0.00711431
827 0.818736 0.717365 0.00767247
828 0.818736 0.726559 0.00697622
829 0.818736 0.724384 0.00817121
830 0.818736 0.730105 0.00734236
831 0.818736 0.730693 0.00646657
832 0.818736 0.734164 0.00644804
833 0.818736 0.721577 0.00849619
834 0.818736 0.742238 0.00494481
835 0.818736 0.748503 0.00259543
836 0.818736 0.744795 0.00500116
837 0.818736 0.742927 0.00727788
838 0.818736 0.736983 0.00543731
839 0.818736 0.738056 0.00502401
840 0.818736 0.741263 0.00485632
841 0.818736 0.745646 0.00277772
842 0.818736 0.736288 0.00394405
843 0.818736 0.737821 0.00610259
844 0.818736 0.739312 0.00565687
845 0.818736 0.738203 0.00522564
846 0.818736 0.743447 0.0040579
847 0.818736 0.737054 0.00497105
848 0.818736 0.732556 0.00559138
849 0.818736 0.731246 0.00454841
850 0.819094 0.729854 0.00619949
851 0.819094 0.733046 0.00550973
852 0.819094 0.728318 0.00499907
853 0.819094 0.733353 0.0037461
854 0.819094 0.739333 0.00338373
855 0.819094 0.731417 0.00477084
856 0.819094 0.737724 0.00436537
857 0.819094 0.738882 0.00466262
858 0.819094 0.736634 0.00568214
859 0.819094 0.733303 0.00649894
860 0.819094 0.738051 0.00516847
861 0.819094 0.73675 0.00590858
862 0.819094 0.731772 0.00706386
863 0.819094 0.732393 0.00683462
864 0.819094 0.737393 0.00611061
865 0.819094 0.741256 0.00618397
866 0.819145 0.742621 0.0066654
867 0.819145 0.740921 0.00682596
868 0.819145 0.736371 0.00652068
869 0.819145 0.739083 0.00367725
870 0.819145 0.747713 0.00280061
871 0.819145 0.742763 0.00560543
872 0.819145 0.734899 0.00642403
873 0.819145 0.722412 0.00850166
874 0.819145 0.728715 0.0084149
875 0.819145 0.737331 0.00568425
876 0.819145 0.735672 0.00611425
877 0.819145 0.729349 0.0060781
878 0.819145 0.726023 0.0074404
879 0.819145 0.728589 0.00674032
880 0.819145 0.732791 0.0044083
881 0.819145 0.733673 0.00484745
882 0.819145 0.743236 0.00397689
883 0.819145 0.739859 0.00494542
884 0.819145 0.73952 0.00558177
885 0.819145 0.74741 0.00374708
886 0.819145 0.750251 0.00306118
887 0.819145 0.754161 0.00327414
888 0.819145 0.75723 0.00285364
889 0.819145 0.749713 0.0028996
890 0.819145 0.731099 0.00584063
891 0.819145 0.736792 0.00458497
892 0.819145 0.743574 0.00304177
893 0.819145 0.7322 0.00561526
894 0.819145 0.742775 0.00349965
895 0.819145 0.742393 0.00389858
896 0.819173 0.745233 0.00499128
897 0.819173 0.747078 0.00637299
898 0.819173 0.754278 0.00315795
899 0.819173 0.755037 0.00380836
900 0.819173 0.754671 0.0032758
901 0.819173 0.753473 0.00289882
902 0.819173 0.751746 0.00342892
903 0.819173 0.745892 0.00616813
904 0.819173 0.742044 0.00370777
905 0.819173 0.748786 0.00312818
906 0.819173 0.754942 0.00274491
907 0.819173 0.75384 0.00359501
908 0.819173 0.754344 0.00277585
909 0.819173 0.758039 0.00270961
910 0.819173 0.748496 0.00322299
911 0.819173 0.745162 0.00339311
912 0.819173 0.748097 0.00231665
913 0.819173 0.750279 0.0018247
914 0.819173 0.752478 0.0024611
915 0.819173 0.738757 0.00448327
916 0.819173 0.727381 0.00695875
917 0.819173 0.730288 0.00729353
918 0.819173 0.735285 0.00580661
919 0.819173 0.735902 0.00423359
920 0.819173 0.735313 0.00630754
921 0.819173 0.733356 0.00539913
922 0.819173 0.728239 0.00731317
923 0.819173 0.725423 0.00778191
924 0.819173 0.737657 0.00645523
925 0.819173 0.739979 0.00552285
926 0.819173 0.732913 0.00679801
927 0.819173 0.739361 0.00554571
928 0.819173 0.732337 0.00506188
929 0.819173 0.725364 0.00561008
930 0.819175 0.735972 0.00391814
931 0.819175 0.742401 0.00423458
932 0.819175 0.739461 0.00439165
933 0.819175 0.733019 0.00464998
934 0.819175 0.729815 0.00566516
935 0.819175 0.725501 0.00751092
936 0.819175 0.728857 0.00608772
937 0.819175 0.728919 0.00622415
938 0.819175 0.737276 0.0059957
939 0.819175 0.734492 0.00584807
940 0.819175 0.72479 0.00799812
941 0.819175 0.731042 0.00473266
942 0.819175 0.72682 0.00608599
943 0.819175 0.72931 0.00663814
944 0.819175 0.728561 0.00620055
945 0.819175 0.737131 0.00643023
946 0.819175 0.733784 0.00618614
947 0.819175 0.74671 0.00338967
948 0.819175 0.748149 0.0043408
949 0.819175 0.743226 0.00356413
950 0.819175 0.743894 0.00686193
951 0.819175 0.735856 0.00536905
952 0.819175 0.73905 0.00753869
953 0.819175 0.740053 0.00588808
954 0.819175 0.73278 0.00853586
955 0.819175 0.734936 0.00726666
956 0.819175 0.732626 0.00554315
957 0.819175 0.745369 0.00318385
958 0.819175 0.736282 0.00634335
959 0.819175 0.72749 0.00542543
960 0.819175 0.731703 0.00546348
961 0.819175 0.721212 0.0087435
962 0.819175 0.735082 0.00788762
963 0.819175 0.732478 0.00671332
964 0.819175 0.726482 0.00673991
965 0.819175 0.731056 0.00632013
966 0.819175 0.723285 0.00926565
967 0.819175 0.725285 0.00883529
968 0.819175 0.737012 0.00516535
969 0.819175 0.743709 0.00413862
970 0.819175 0.738241 0.00489438
971 0.819175 0.74909 0.00379557
972 0.819175 0.741415 0.003693
973 0.819175 0.737245 0.00430048
974 0.819175 0.750917 0.00300996
975 0.819175 0.744348 0.00325808
976 0.819175 0.743363 0.00367059
977 0.819175 0.742201 0.00448869
978 0.819191 0.752 0.00500146
979 0.819191 0.745052 0.00551917
980 0.819191 0.740377 0.00668211
981 0.819191 0.741651 0.00439371
982 0.819191 0.743494 0.00408799
983 0.819191 0.729612 0.00646573
984 0.819191 0.740131 0.00572517
985 0.819191 0.743674 0.00457781
986 0.819191 0.741144 0.00365318
987 0.819191 0.735441 0.00833533
988 0.819191 0.744785 0.00678622
989 0.819191 0.747024 0.00560974
990 0.819191 0.740148 0.00512896
991 0.819191 0.740792 0.00598896
992 0.819191 0.726193 0.00800118
993 0.819191 0.733498 0.00536585
994 0.819191 0.740697 0.00440075
995 0.819191 0.74483 0.00507217
996 0.819191 0.749725 0.00380073
997 0.819191 0.737451 0.00551383
998 0.819191 0.734475 0.0060042
999 0.819191 0.736794 0.00665394
1000 0.819191 0.745734 0.0034166
