0 0.592291 0.502104 0.00015949
1 0.637004 0.506868 0.00051874
2 0.637004 0.508029 0.000584954
3 0.637004 0.511477 0.000812242
4 0.637004 0.511322 0.00117194
5 0.637004 0.513495 0.00172745
6 0.637004 0.51967 0.0015278
7 0.637004 0.523287 0.00186469
8 0.656502 0.528618 0.00223486
9 0.656502 0.533655 0.00257316
10 0.656502 0.534682 0.00297432
11 0.659276 0.537045 0.00282876
12 0.675947 0.540579 0.0031401
13 0.675947 0.548609 0.00369136
14 0.675947 0.539572 0.00415719
15 0.675947 0.540313 0.00429743
16 0.675947 0.538945 0.00434143
17 0.676109 0.541921 0.00475607
18 0.676109 0.54817 0.00453931
19 0.676109 0.549049 0.00409502
20 0.676109 0.556125 0.00506014
21 0.676109 0.552862 0.00485151
22 0.676109 0.559297 0.00443658
23 0.676109 0.559519 0.0040636
24 0.692776 0.565281 0.00474061
25 0.695122 0.565743 0.00488416
26 0.695122 0.565356 0.00471052
27 0.695122 0.571695 0.00427523
28 0.700807 0.5776 0.00455229
29 0.700807 0.581421 0.00459802
30 0.708302 0.581092 0.00447297
31 0.712434 0.589392 0.00446589
32 0.720215 0.598527 0.00503912
33 0.720215 0.601626 0.00518824
34 0.728068 0.615239 0.00484352
35 0.728068 0.626648 0.00467283
36 0.728068 0.629024 0.00464928
37 0.730611 0.631861 0.00515133
38 0.730611 0.628815 0.00547739
39 0.730611 0.628871 0.00552743
40 0.732135 0.635804 0.00486857
41 0.732135 0.640149 0.0046136
42 0.734525 0.633935 0.00494681
43 0.734525 0.636464 0.00570724
44 0.734525 0.639724 0.00467054
45 0.737646 0.646806 0.00421748
46 0.745417 0.649427 0.00397127
47 0.752472 0.64532 0.00391872
48 0.752472 0.642319 0.0042625
49 0.752472 0.646436 0.00462433
50 0.752472 0.644047 0.00483176
51 0.752472 0.649264 0.00483901
52 0.752472 0.652568 0.00441706
53 0.752472 0.649965 0.00501336
54 0.752472 0.656187 0.00529145
55 0.752472 0.647977 0.005093
56 0.752472 0.648214 0.00374126
57 0.752472 0.658577 0.00353033
58 0.773859 0.658391 0.00398917
59 0.776962 0.657237 0.00465692
60 0.781532 0.668194 0.00444442
61 0.781532 0.658495 0.00409366
62 0.781532 0.660145 0.00527198
63 0.781532 0.655563 0.00529206
64 0.781532 0.649006 0.00702062
65 0.781532 0.653891 0.00682118
66 0.781532 0.647883 0.00727076
67 0.781532 0.649039 0.00743592
68 0.781532 0.646739 0.00786022
69 0.78575 0.653072 0.00657471
70 0.792668 0.649118 0.00586135
71 0.792668 0.646312 0.00895312
72 0.796245 0.669333 0.00797181
73 0.796245 0.677446 0.00597209
74 0.797204 0.681115 0.00648389
75 0.797204 0.677934 0.00747054
76 0.797204 0.675648 0.00711676
77 0.827392 0.677918 0.00749727
78 0.827392 0.68168 0.00570318
79 0.827392 0.680891 0.00714387
80 0.827392 0.683329 0.00747212
81 0.827392 0.681073 0.00600719
82 0.827392 0.684157 0.00608443
83 0.855227 0.686394 0.00677427
84 0.855227 0.679487 0.00644643
85 0.855227 0.694384 0.00759339
86 0.855227 0.68687 0.0097039
87 0.855227 0.681918 0.00866932
88 0.855227 0.678105 0.0105571
89 0.855227 0.682515 0.0091077
90 0.855227 0.681025 0.00977373
91 0.855227 0.681679 0.00836164
92 0.855227 0.685414 0.0100091
93 0.87259 0.685101 0.0104573
94 0.87259 0.685495 0.010546
95 0.87259 0.682667 0.011074
96 0.87259 0.682751 0.0107437
97 0.87259 0.685686 0.0103307
98 0.878193 0.697285 0.00906118
99 0.878193 0.689117 0.0105322
100 0.878193 0.683587 0.00994903
101 0.878193 0.705515 0.00809328
102 0.878193 0.700382 0.00891697
103 0.878193 0.698785 0.00838163
104 0.878193 0.697448 0.0101757
105 0.878193 0.69995 0.00974397
106 0.878193 0.679665 0.0102183
107 0.878193 0.674473 0.0105654
108 0.8885 0.691288 0.0122376
109 0.8885 0.696647 0.0122255
110 0.8885 0.707959 0.0115319
111 0.8885 0.704146 0.00940892
112 0.8885 0.703554 0.00946532
113 0.8885 0.704835 0.00937314
114 0.8885 0.691572 0.00968255
115 0.888965 0.702443 0.0090412
116 0.888965 0.69139 0.00998465
117 0.888965 0.68686 0.00951942
118 0.888965 0.69067 0.00800787
119 0.888965 0.685084 0.0108543
120 0.888965 0.691954 0.0105326
121 0.889006 0.698228 0.0113921
122 0.889006 0.698033 0.0121307
123 0.890087 0.697111 0.0120307
124 0.890087 0.690814 0.0129006
125 0.890087 0.703537 0.0143983
126 0.890087 0.698233 0.0114825
127 0.890087 0.704176 0.00983171
128 0.890087 0.728721 0.00958363
129 0.890087 0.72069 0.0103429
130 0.898607 0.717704 0.0125717
131 0.898607 0.714558 0.0122611
132 0.898607 0.703776 0.0112872
133 0.898607 0.699077 0.0109113
134 0.898607 0.718153 0.0113751
135 0.898607 0.702086 0.0088944
136 0.898607 0.712917 0.00776463
137 0.898607 0.705365 0.00947624
138 0.898607 0.735376 0.00747187
139 0.898607 0.731759 0.00934381
140 0.898607 0.728809 0.00891997
141 0.898607 0.718164 0.00994075
142 0.898607 0.717355 0.00954852
143 0.898607 0.700955 0.0124522
144 0.898607 0.707833 0.0126548
145 0.898607 0.69851 0.00970717
146 0.898607 0.710747 0.0100563
147 0.898607 0.710654 0.01179
148 0.898607 0.713369 0.0107407
149 0.898607 0.70347 0.0113867
150 0.898607 0.697257 0.0130326
151 0.898607 0.702744 0.0150003
152 0.898607 0.689826 0.0143813
153 0.900304 0.695794 0.0127079
154 0.900304 0.70601 0.0140176
155 0.900304 0.707839 0.0124004
156 0.900304 0.722507 0.0129018
157 0.900304 0.703556 0.0120651
158 0.900304 0.702344 0.0105035
159 0.900304 0.708158 0.0100977
160 0.900304 0.711708 0.0114243
161 0.900304 0.725354 0.0112884
162 0.900304 0.723882 0.0102487
163 0.900304 0.701179 0.0104117
164 0.900304 0.723159 0.0107306
165 0.900304 0.715144 0.0117588
166 0.900304 0.7177 0.0108694
167 0.901371 0.719459 0.0106176
168 0.901371 0.717602 0.0116144
169 0.901371 0.717264 0.0106705
170 0.901371 0.725242 0.0103843
171 0.901371 0.717146 0.00911418
172 0.901371 0.709533 0.0102808
173 0.901371 0.710627 0.0109769
174 0.901371 0.712891 0.010913
175 0.901371 0.722306 0.0112358
176 0.901371 0.706188 0.0116198
177 0.902645 0.708836 0.0131245
178 0.902645 0.698876 0.0117303
179 0.902645 0.710357 0.0111512
180 0.902645 0.714326 0.0119433
181 0.902645 0.725745 0.011147
182 0.902645 0.724188 0.0103419
183 0.902645 0.718557 0.0127617
184 0.902645 0.718875 0.0118257
185 0.902645 0.711021 0.012285
186 0.902645 0.718466 0.0126772
187 0.902645 0.724555 0.0116622
188 0.902645 0.72799 0.0107822
189 0.902645 0.71714 0.0102688
190 0.902645 0.729386 0.0101794
191 0.902645 0.732713 0.00957831
192 0.902645 0.70824 0.00938643
193 0.902645 0.725387 0.0110155
194 0.902645 0.714768 0.0103403
195 0.902645 0.721401 0.00937339
196 0.902645 0.722588 0.00976306
197 0.902645 0.727968 0.00959825
198 0.902645 0.708141 0.0103653
199 0.902645 0.720795 0.00965357
200 0.902645 0.711016 0.00924507
201 0.902645 0.713496 0.00985005
202 0.902645 0.719634 0.0101101
203 0.902645 0.727111 0.0113002
204 0.902645 0.715496 0.0100676
205 0.902645 0.728204 0.0120634
206 0.902645 0.72865 0.0110486
207 0.902645 0.73452 0.0106257
208 0.902901 0.716362 0.0115066
209 0.902901 0.720328 0.0107227
210 0.902901 0.714309 0.0109975
211 0.902901 0.705853 0.010893
212 0.902901 0.721187 0.0103571
213 0.902901 0.725723 0.0109921
214 0.902901 0.723958 0.0102876
215 0.902901 0.724093 0.0112191
216 0.902901 0.708395 0.0108903
217 0.902901 0.717819 0.0102335
218 0.902901 0.723469 0.0105263
219 0.902901 0.712768 0.01054
220 0.902901 0.703741 0.0116278
221 0.902901 0.723137 0.0109294
222 0.902901 0.726144 0.0106009
223 0.902901 0.725201 0.0101639
224 0.902901 0.73064 0.0091265
225 0.902901 0.726104 0.0104186
226 0.902901 0.722405 0.0102171
227 0.902901 0.721502 0.0100057
228 0.902901 0.722616 0.0103126
229 0.902901 0.729797 0.0108724
230 0.902901 0.724546 0.0095275
231 0.902901 0.709972 0.0111337
232 0.902901 0.715394 0.0112502
233 0.902901 0.717145 0.0112715
234 0.902901 0.715671 0.0118854
235 0.902901 0.727251 0.0101621
236 0.906987 0.736093 0.0109389
237 0.906987 0.736966 0.0119102
238 0.906987 0.727953 0.0103222
239 0.906987 0.724649 0.0104693
240 0.906987 0.725029 0.00944154
241 0.906987 0.72675 0.0084682
242 0.906987 0.729184 0.0103309
243 0.906987 0.732669 0.00966051
244 0.906987 0.714344 0.0102552
245 0.906987 0.717527 0.0121344
246 0.906987 0.722134 0.0111272
247 0.906987 0.718877 0.0129947
248 0.906987 0.722454 0.0116864
249 0.906987 0.719341 0.00900619
250 0.906987 0.724964 0.00958358
251 0.906987 0.729568 0.00958978
252 0.906987 0.730098 0.0110962
253 0.906987 0.733819 0.0100764
254 0.906987 0.742212 0.00885158
255 0.906987 0.736587 0.00956223
256 0.906987 0.735376 0.0104238
257 0.906987 0.745263 0.0103215
258 0.906987 0.734528 0.0126414
259 0.911679 0.73241 0.0146261
260 0.911679 0.732917 0.012942
261 0.911679 0.718701 0.0119563
262 0.911679 0.736603 0.00935392
263 0.911679 0.729652 0.00872028
264 0.911679 0.729328 0.0107872
265 0.911679 0.723814 0.0105861
266 0.911679 0.728701 0.0102663
267 0.911679 0.736095 0.0117373
268 0.911679 0.73136 0.0119107
269 0.911679 0.727013 0.0109546
270 0.911679 0.741579 0.00998259
271 0.911679 0.738412 0.0106005
272 0.911679 0.730077 0.0120065
273 0.911679 0.729038 0.010582
274 0.911679 0.725145 0.0103481
275 0.911679 0.739712 0.0112374
276 0.912229 0.737991 0.0109851
277 0.912229 0.746278 0.010306
278 0.912229 0.748432 0.00918524
279 0.912229 0.745128 0.0101202
280 0.912229 0.749892 0.00861501
281 0.912229 0.733666 0.00919785
282 0.912229 0.733838 0.00951491
283 0.912229 0.740825 0.00841845
284 0.912229 0.736963 0.0092063
285 0.912229 0.743767 0.0105772
286 0.912229 0.731817 0.011205
287 0.912229 0.722094 0.0130469
288 0.912229 0.72382 0.0123759
289 0.912229 0.718663 0.0121408
290 0.912229 0.721764 0.012214
291 0.912229 0.733585 0.0108351
292 0.912229 0.717125 0.0110357
293 0.912229 0.728401 0.0100025
294 0.912229 0.740861 0.0110425
295 0.912229 0.745084 0.0115401
296 0.912229 0.719465 0.0090843
297 0.912229 0.72668 0.0104047
298 0.912229 0.721591 0.0117189
299 0.912229 0.724984 0.00999279
300 0.912229 0.720632 0.0126479
301 0.912229 0.723754 0.00990482
302 0.912229 0.707404 0.011673
303 0.912229 0.714964 0.0114572
304 0.912229 0.719444 0.0121955
305 0.912229 0.721622 0.0128403
306 0.912229 0.732173 0.012733
307 0.912229 0.727231 0.0118278
308 0.912229 0.73084 0.0117242
309 0.912229 0.735009 0.00990598
310 0.912229 0.729368 0.0119472
311 0.912229 0.752729 0.011139
312 0.912229 0.731601 0.00969987
313 0.912229 0.728144 0.0125152
314 0.912229 0.724875 0.0143844
315 0.912229 0.722572 0.0145663
316 0.912229 0.731565 0.0122456
317 0.912229 0.754562 0.0105382
318 0.912229 0.739182 0.0108469
319 0.912229 0.73483 0.0117531
320 0.912229 0.728335 0.0116652
321 0.912229 0.720204 0.0117136
322 0.912229 0.736305 0.00943815
323 0.912229 0.741565 0.00946625
324 0.912229 0.743568 0.0106933
325 0.912229 0.730954 0.0115162
326 0.912229 0.712962 0.0131481
327 0.912229 0.739233 0.0112217
328 0.912229 0.729751 0.0123067
329 0.912229 0.723307 0.0131356
330 0.912229 0.728941 0.0114853
331 0.912229 0.728744 0.0116753
332 0.912229 0.742464 0.00927871
333 0.912229 0.747088 0.0112651
334 0.912229 0.735561 0.0114101
335 0.912229 0.724353 0.011613
336 0.912229 0.742178 0.0115065
337 0.912229 0.724758 0.0115489
338 0.912229 0.727174 0.0102161
339 0.912229 0.742696 0.010717
340 0.912229 0.722081 0.0114037
341 0.912229 0.730832 0.0109708
342 0.912229 0.731523 0.0121311
343 0.912229 0.735323 0.0118513
344 0.912229 0.736544 0.0128024
345 0.912229 0.764987 0.00854244
346 0.912229 0.774353 0.00962884
347 0.912229 0.756104 0.00892711
348 0.912229 0.73629 0.011796
349 0.912229 0.74516 0.00894071
350 0.912229 0.745793 0.00947345
351 0.912229 0.749082 0.00820253
352 0.912229 0.739962 0.00926265
353 0.912229 0.743197 0.0104913
354 0.912229 0.730441 0.0106175
355 0.912229 0.730197 0.0103409
356 0.912229 0.739837 0.0102597
357 0.912229 0.747991 0.0101254
358 0.912229 0.73544 0.00990394
359 0.912229 0.736792 0.00948453
360 0.912229 0.738046 0.00803304
361 0.912229 0.74571 0.00765958
362 0.912229 0.750752 0.00878647
363 0.912229 0.752744 0.0091061
364 0.912229 0.738791 0.0105033
365 0.912229 0.739467 0.00877774
366 0.912229 0.746208 0.00981916
367 0.912229 0.743919 0.0110354
368 0.912229 0.732718 0.00844644
369 0.912229 0.729465 0.0107125
370 0.912229 0.733178 0.0135353
371 0.912229 0.738469 0.0130261
372 0.912229 0.738116 0.00915346
373 0.912229 0.73727 0.0131728
374 0.912229 0.747929 0.0116988
375 0.912229 0.735017 0.0130192
376 0.912229 0.746689 0.0106924
377 0.912229 0.727647 0.0104253
378 0.912229 0.741927 0.0104587
379 0.912229 0.745687 0.0105559
380 0.912229 0.740025 0.0128748
381 0.916754 0.750814 0.013006
382 0.916754 0.741409 0.0112468
383 0.917612 0.751519 0.0113177
384 0.917612 0.758887 0.0103089
385 0.917612 0.742871 0.00957854
386 0.917612 0.739013 0.0107363
387 0.917612 0.736321 0.00972386
388 0.917612 0.749301 0.00934484
389 0.917612 0.743353 0.00942686
390 0.917612 0.745678 0.00932018
391 0.917612 0.745492 0.00949725
392 0.917612 0.744119 0.00976559
393 0.917612 0.73541 0.00976535
394 0.917612 0.729822 0.0113884
395 0.917612 0.728581 0.00996104
396 0.917612 0.74894 0.0102938
397 0.917612 0.743084 0.0100852
398 0.917612 0.738394 0.00936963
399 0.917612 0.74198 0.00905036
400 0.917612 0.735972 0.00969669
401 0.917612 0.733183 0.0114568
402 0.917612 0.740431 0.00919164
403 0.917612 0.742878 0.00933359
404 0.917612 0.746688 0.0100031
405 0.917612 0.743658 0.0100786
406 0.917612 0.744273 0.0122537
407 0.917612 0.751129 0.0110932
408 0.917612 0.759126 0.00896023
409 0.917612 0.748014 0.00971803
410 0.917612 0.74862 0.00948583
411 0.917612 0.742405 0.0103675
412 0.917612 0.742387 0.00829732
413 0.917612 0.735473 0.0109374
414 0.917612 0.742974 0.0109035
415 0.917612 0.74688 0.0121807
416 0.917612 0.719214 0.0112104
417 0.917612 0.729466 0.0115989
418 0.917612 0.728919 0.0121747
419 0.917612 0.732294 0.0124308
420 0.917612 0.729924 0.0118141
421 0.917612 0.73961 0.00991209
422 0.917612 0.739663 0.00858742
423 0.917612 0.728104 0.00998545
424 0.917612 0.729451 0.0100471
425 0.917612 0.735475 0.0125861
426 0.917612 0.737736 0.0112522
427 0.917612 0.735502 0.012197
428 0.917612 0.736928 0.00771027
429 0.917612 0.745017 0.00976316
430 0.917612 0.740302 0.0106867
431 0.917612 0.736546 0.00947323
432 0.917612 0.745229 0.00976322
433 0.917612 0.743281 0.0103545
434 0.917612 0.752094 0.00918348
435 0.917612 0.750813 0.0111583
436 0.917612 0.75443 0.0107539
437 0.917612 0.742487 0.0101217
438 0.917612 0.755992 0.0100921
439 0.917612 0.753066 0.0112102
440 0.917612 0.747683 0.0103411
441 0.918023 0.743722 0.0105783
442 0.918023 0.734086 0.00959267
443 0.918023 0.74077 0.0111313
444 0.918023 0.752569 0.0108531
445 0.918023 0.746184 0.0109771
446 0.918023 0.733799 0.0105775
447 0.918023 0.734561 0.0106474
448 0.918023 0.732878 0.0116471
449 0.918023 0.724302 0.0128657
450 0.918023 0.728842 0.0119834
451 0.918023 0.729469 0.0123813
452 0.918023 0.734382 0.0115661
453 0.918023 0.749357 0.0112411
454 0.918023 0.73953 0.0120105
455 0.918023 0.727768 0.0105868
456 0.918023 0.72531 0.011282
457 0.918023 0.718465 0.0117865
458 0.918023 0.724421 0.0139126
459 0.918023 0.723262 0.0120774
460 0.918023 0.738996 0.00922284
461 0.918023 0.750725 0.0103194
462 0.918023 0.741244 0.00944047
463 0.918023 0.73562 0.00962816
464 0.918023 0.745414 0.00988309
465 0.918023 0.73455 0.0109183
466 0.918023 0.744256 0.0104943
467 0.918023 0.736556 0.00996274
468 0.918023 0.730908 0.0107481
469 0.918023 0.730894 0.010726
470 0.918023 0.729253 0.0113416
471 0.918023 0.730779 0.0106421
472 0.918023 0.732528 0.0111219
473 0.918023 0.734118 0.0109148
474 0.918023 0.72914 0.0132436
475 0.918023 0.7278 0.0128665
476 0.918023 0.735402 0.0128088
477 0.918023 0.7444 0.0125765
478 0.918023 0.731757 0.0112009
479 0.918023 0.734743 0.0101482
480 0.918023 0.738856 0.0107219
481 0.918023 0.739179 0.00990666
482 0.918023 0.745586 0.00965777
483 0.918023 0.730012 0.0111432
484 0.918023 0.757502 0.00965882
485 0.918023 0.744276 0.0119682
486 0.918023 0.731748 0.0130818
487 0.918023 0.735004 0.0127905
488 0.918023 0.755193 0.0106743
489 0.918023 0.757999 0.0100112
490 0.918023 0.759308 0.0100158
491 0.918023 0.759639 0.00972038
492 0.918568 0.756379 0.00955525
493 0.918568 0.756463 0.0090835
494 0.918568 0.761186 0.00817796
495 0.918568 0.758942 0.00915498
496 0.918568 0.760538 0.0105715
497 0.918568 0.754312 0.0112825
498 0.918568 0.779427 0.00958917
499 0.918568 0.762842 0.0102623
500 0.918568 0.76168 0.00868783
501 0.918568 0.745672 0.00967066
502 0.918568 0.743658 0.00880742
503 0.918568 0.746969 0.0111191
504 0.918568 0.752659 0.0104295
505 0.918568 0.740264 0.011572
506 0.918568 0.745309 0.00877293
507 0.918568 0.733084 0.0110849
508 0.918568 0.72357 0.01189
509 0.918568 0.727304 0.0116654
510 0.918568 0.736854 0.00978198
511 0.918568 0.736175 0.0112486
512 0.918568 0.757541 0.0108572
513 0.918568 0.746903 0.0109622
514 0.918568 0.747294 0.011627
515 0.918568 0.743082 0.013249
516 0.918568 0.738363 0.0128735
517 0.918568 0.726477 0.0132673
518 0.918568 0.728962 0.0128765
519 0.918568 0.722738 0.0108581
520 0.918568 0.724167 0.011452
521 0.918568 0.730214 0.0124402
522 0.918568 0.736051 0.0113138
523 0.918568 0.726386 0.0116727
524 0.918568 0.731578 0.0104753
525 0.918568 0.729883 0.0116968
526 0.918568 0.750511 0.0115114
527 0.918568 0.749911 0.0103844
528 0.918568 0.736367 0.0128763
529 0.918568 0.731074 0.0117839
530 0.918568 0.725358 0.0131389
531 0.918568 0.728324 0.0123512
532 0.918568 0.737508 0.0121244
533 0.918568 0.729277 0.0129747
534 0.918568 0.729567 0.013081
535 0.918568 0.731862 0.0115325
536 0.918568 0.727502 0.0105701
537 0.918568 0.720282 0.011391
538 0.918568 0.736351 0.0106992
539 0.918568 0.728305 0.0124998
540 0.918568 0.729647 0.0132793
541 0.918568 0.747385 0.0113391
542 0.918568 0.739551 0.0124716
543 0.918568 0.752896 0.0114098
544 0.918568 0.736621 0.0100833
545 0.918568 0.744483 0.00927784
546 0.918568 0.74508 0.0116703
547 0.918568 0.735818 0.0115559
548 0.918568 0.745161 0.0116228
549 0.918568 0.759655 0.00869503
550 0.918568 0.743234 0.0102923
551 0.918568 0.740517 0.0102631
552 0.918568 0.742229 0.0092733
553 0.918568 0.747141 0.00921326
554 0.918568 0.743682 0.0104078
555 0.918568 0.732247 0.0132024
556 0.918568 0.752698 0.0124404
557 0.918568 0.746915 0.0110241
558 0.918568 0.7255 0.0146228
559 0.918568 0.726343 0.0128501
560 0.918568 0.729976 0.0126386
561 0.918568 0.73521 0.0118721
562 0.918568 0.758736 0.0103722
563 0.918568 0.754643 0.00942139
564 0.918568 0.747194 0.00940887
565 0.918568 0.743233 0.00859867
566 0.918568 0.737862 0.010246
567 0.918568 0.743197 0.0106892
568 0.918568 0.733846 0.0114386
569 0.918568 0.734013 0.0115509
570 0.918568 0.734672 0.0119017
571 0.918568 0.727959 0.0092777
572 0.918568 0.723082 0.0111289
573 0.918568 0.720203 0.00994142
574 0.918568 0.720824 0.0107303
575 0.918568 0.732262 0.00956601
576 0.918568 0.736623 0.011998
577 0.918568 0.733273 0.0122029
578 0.918568 0.732891 0.0118457
579 0.918568 0.744436 0.0109351
580 0.918568 0.734416 0.0121179
581 0.918568 0.736905 0.0124601
582 0.918568 0.749356 0.0111348
583 0.918568 0.740953 0.0101141
584 0.918568 0.736609 0.0118572
585 0.918568 0.732724 0.0106836
586 0.918568 0.726033 0.0114599
587 0.918568 0.742586 0.0101864
588 0.918568 0.733251 0.0108732
589 0.918568 0.736156 0.0100254
590 0.918568 0.739115 0.00939832
591 0.918568 0.746987 0.0092333
592 0.918568 0.747314 0.00968399
593 0.918568 0.754468 0.00969736
594 0.918568 0.750745 0.00937862
595 0.918664 0.76286 0.00954013
596 0.918664 0.756811 0.00942424
597 0.918664 0.755735 0.00882439
598 0.918664 0.744969 0.00991556
599 0.918664 0.747591 0.0111517
600 0.918664 0.726198 0.0112999
601 0.918664 0.733102 0.0132474
602 0.918664 0.739978 0.0123437
603 0.918664 0.734066 0.0121795
604 0.918664 0.742438 0.010415
605 0.918664 0.744835 0.0105358
606 0.918664 0.741087 0.00996749
607 0.918664 0.73847 0.0102423
608 0.918664 0.751564 0.0102079
609 0.918664 0.741169 0.0128852
610 0.918664 0.732195 0.0111118
611 0.918664 0.730144 0.0141765
612 0.918664 0.744014 0.0127494
613 0.918664 0.753733 0.00954793
614 0.918664 0.750658 0.0116759
615 0.918664 0.757812 0.0111919
616 0.918664 0.756291 0.0109522
617 0.918664 0.757314 0.0106343
618 0.918664 0.764392 0.00997661
619 0.918664 0.75359 0.0101794
620 0.918664 0.75109 0.0109677
621 0.918664 0.746405 0.00952239
622 0.919281 0.757935 0.00896068
623 0.919281 0.743453 0.0113599
624 0.919281 0.735277 0.0127089
625 0.919281 0.724596 0.0128885
626 0.919281 0.734206 0.0114162
627 0.919281 0.739748 0.0127037
628 0.919281 0.744595 0.0107879
629 0.919281 0.728524 0.0118621
630 0.919281 0.733608 0.01123
631 0.919281 0.736472 0.0117638
632 0.919281 0.741151 0.00949787
633 0.919281 0.726357 0.0135259
634 0.919281 0.730893 0.011562
635 0.919281 0.728213 0.0124287
636 0.919281 0.722411 0.013008
637 0.919281 0.741549 0.0122462
638 0.919281 0.732134 0.0112823
639 0.919281 0.743895 0.011785
640 0.919281 0.740192 0.0115096
641 0.919281 0.738149 0.0108673
642 0.919281 0.731199 0.0115391
643 0.919281 0.733756 0.0122717
644 0.919281 0.741939 0.0103225
645 0.919281 0.739355 0.0109945
646 0.919281 0.734626 0.0116063
647 0.919281 0.746165 0.0123307
648 0.919281 0.735295 0.0115809
649 0.919281 0.743178 0.0104153
650 0.919281 0.733122 0.0117263
651 0.919281 0.731269 0.0143061
652 0.919281 0.738345 0.0128592
653 0.919281 0.725722 0.0134327
654 0.919281 0.732086 0.0122491
655 0.919281 0.727377 0.0122513
656 0.919281 0.733673 0.0122699
657 0.919281 0.718255 0.0131848
658 0.919281 0.716538 0.0130441
659 0.919281 0.71844 0.0141581
660 0.919281 0.721186 0.0138674
661 0.919281 0.714129 0.0146554
662 0.919281 0.73055 0.0137453
663 0.919281 0.739258 0.0152331
664 0.919281 0.724294 0.0151429
665 0.919281 0.712232 0.0146004
666 0.919281 0.726536 0.011055
667 0.919281 0.724739 0.0116545
668 0.919281 0.728995 0.010786
669 0.919281 0.726786 0.0110761
670 0.919281 0.736543 0.0122465
671 0.919281 0.741121 0.0105552
672 0.919281 0.75491 0.012026
673 0.919281 0.738197 0.0125968
674 0.919281 0.738418 0.0115728
675 0.919281 0.735053 0.0119934
676 0.919281 0.740415 0.011091
677 0.919281 0.740261 0.0113885
678 0.919281 0.72933 0.0117624
679 0.919281 0.720562 0.0109142
680 0.919281 0.734741 0.0106884
681 0.919281 0.735638 0.0110806
682 0.919281 0.735022 0.011417
683 0.919281 0.747582 0.0121407
684 0.919281 0.759758 0.0110533
685 0.919281 0.757585 0.0096107
686 0.919281 0.735393 0.00932425
687 0.919281 0.739504 0.00993704
688 0.919281 0.740523 0.0120669
689 0.919281 0.760107 0.0106175
690 0.919281 0.769362 0.010765
691 0.919281 0.75059 0.00920716
692 0.919281 0.731586 0.0105
693 0.919281 0.729503 0.0106794
694 0.919281 0.733671 0.0128338
695 0.919281 0.744406 0.0126239
696 0.919281 0.731464 0.0126602
697 0.919281 0.741537 0.0140705
698 0.919281 0.729021 0.0136737
699 0.919281 0.724972 0.0145996
700 0.919281 0.734959 0.0113999
701 0.919281 0.725959 0.0129892
702 0.919281 0.735397 0.0132137
703 0.919281 0.731359 0.0119067
704 0.919281 0.733439 0.0132841
705 0.919281 0.739145 0.012849
706 0.919281 0.727295 0.0122566
707 0.919281 0.733626 0.0119147
708 0.919281 0.734142 0.0116209
709 0.919281 0.732485 0.0134213
710 0.919281 0.727973 0.0126201
711 0.919281 0.732337 0.0127412
712 0.919281 0.736549 0.0125294
713 0.919281 0.74631 0.0124573
714 0.919281 0.737749 0.0118504
715 0.919281 0.743393 0.0115315
716 0.919281 0.753292 0.00969296
717 0.919281 0.75177 0.00997491
718 0.919281 0.746508 0.00998262
719 0.919281 0.746181 0.0109738
720 0.919281 0.745301 0.0116578
721 0.919281 0.749627 0.0104564
722 0.919281 0.750886 0.00980461
723 0.919281 0.739572 0.0105464
724 0.919281 0.720706 0.0120464
725 0.919281 0.727992 0.0100966
726 0.919281 0.738784 0.0115154
727 0.919281 0.73811 0.0117923
728 0.919281 0.736961 0.0119008
729 0.919281 0.743871 0.0111913
730 0.919281 0.742972 0.0108206
731 0.919281 0.742523 0.0120276
732 0.919281 0.735858 0.0124757
733 0.919281 0.749669 0.013288
734 0.919281 0.742115 0.011224
735 0.919281 0.719765 0.00994943
736 0.919281 0.736693 0.0106968
737 0.919281 0.73676 0.0115638
738 0.919281 0.73896 0.0107193
739 0.919281 0.751465 0.00988914
740 0.919281 0.74867 0.00951075
741 0.919281 0.744716 0.00930809
742 0.919281 0.747448 0.00990192
743 0.919281 0.757811 0.00936672
744 0.919281 0.748083 0.0116569
745 0.919281 0.748873 0.0107097
746 0.919281 0.743246 0.0105969
747 0.919281 0.746554 0.0110031
748 0.919281 0.748221 0.00976247
749 0.919281 0.73863 0.0109829
750 0.919281 0.737557 0.0106947
751 0.919281 0.750552 0.00908582
752 0.919281 0.758775 0.0108904
753 0.919281 0.740731 0.0101583
754 0.919281 0.744375 0.01006
755 0.919281 0.737974 0.0102885
756 0.919281 0.72995 0.0126791
757 0.919281 0.738089 0.0116455
758 0.919281 0.743604 0.0122036
759 0.919281 0.740834 0.0102659
760 0.919281 0.753589 0.0123868
761 0.919281 0.746937 0.0106178
762 0.919281 0.743677 0.0112263
763 0.919281 0.752753 0.0112721
764 0.919281 0.743872 0.0122395
765 0.919281 0.739205 0.011363
766 0.919281 0.743424 0.0114468
767 0.919281 0.730248 0.00959992
768 0.919281 0.739375 0.0100504
769 0.919281 0.728253 0.00948835
770 0.919281 0.734661 0.0119596
771 0.919281 0.723279 0.0131972
772 0.919281 0.734755 0.0137573
773 0.919281 0.747018 0.0129677
774 0.919281 0.741476 0.01044
775 0.919281 0.748072 0.00978056
776 0.919281 0.743312 0.0105513
777 0.919281 0.748557 0.0125504
778 0.919281 0.747211 0.01133
779 0.919281 0.743418 0.0104031
780 0.919281 0.742212 0.011249
781 0.919281 0.738093 0.010756
782 0.919281 0.743521 0.0103014
783 0.919281 0.748023 0.00984455
784 0.919281 0.724445 0.0109066
785 0.919281 0.716157 0.0121513
786 0.919281 0.712563 0.0142983
787 0.919281 0.721845 0.013708
788 0.919281 0.727448 0.0121221
789 0.919281 0.739042 0.0108742
790 0.919281 0.735993 0.0118872
791 0.919281 0.73742 0.0128461
792 0.919281 0.732407 0.0115144
793 0.919281 0.726209 0.0132479
794 0.919281 0.719982 0.0124798
795 0.919281 0.721762 0.014029
796 0.919281 0.723209 0.0144653
797 0.919281 0.724772 0.0127159
798 0.919281 0.732254 0.0113175
799 0.919281 0.735382 0.0100789
800 0.919281 0.729574 0.0103192
801 0.919281 0.744634 0.00966102
802 0.919326 0.741936 0.0124379
803 0.919326 0.753649 0.0109326
804 0.919326 0.750568 0.0104013
805 0.919326 0.748974 0.0114135
806 0.919326 0.76155 0.0112443
807 0.919326 0.762677 0.00995029
808 0.919326 0.759473 0.0090771
809 0.919326 0.758294 0.00979367
810 0.919326 0.753884 0.0101201
811 0.919326 0.754488 0.010896
812 0.919326 0.746716 0.0103194
813 0.919326 0.748237 0.0106908
814 0.919326 0.751602 0.0117269
815 0.919326 0.744082 0.0120748
816 0.919326 0.746121 0.0101293
817 0.919326 0.745906 0.0105058
818 0.919326 0.736253 0.0108174
819 0.919326 0.752712 0.00945954
820 0.919326 0.745523 0.0100966
821 0.919326 0.7538 0.00990532
822 0.919326 0.755216 0.00945814
823 0.919326 0.761652 0.00908281
824 0.919326 0.762743 0.0080449
825 0.919326 0.751573 0.00925542
826 0.919334 0.741335 0.0100071
827 0.919334 0.751331 0.00937891
828 0.919334 0.744264 0.0110395
829 0.919334 0.749348 0.00985705
830 0.919334 0.750236 0.00990028
831 0.919334 0.749516 0.0109027
832 0.919334 0.732808 0.011427
833 0.919334 0.733079 0.0111933
834 0.919334 0.729482 0.0120423
835 0.919334 0.734505 0.0107794
836 0.919334 0.7369 0.0129649
837 0.919334 0.734917 0.0106765
838 0.919334 0.736389 0.011162
839 0.919334 0.743541 0.0111814
840 0.919334 0.737081 0.0116949
841 0.919334 0.7389 0.0125666
842 0.919334 0.745864 0.0124777
843 0.919334 0.73616 0.0110831
844 0.919334 0.74921 0.0126772
845 0.919334 0.720272 0.0150325
846 0.919334 0.728051 0.0133708
847 0.919334 0.741732 0.0129848
848 0.919334 0.737341 0.0110666
849 0.919334 0.739663 0.0101083
850 0.919334 0.734904 0.0112403
851 0.919334 0.745674 0.0112104
852 0.919334 0.738628 0.0125698
853 0.919334 0.748213 0.0131346
854 0.919334 0.745921 0.0120472
855 0.919334 0.753011 0.0103656
856 0.919335 0.757836 0.0110961
857 0.919335 0.75175 0.0110114
858 0.919335 0.750966 0.010113
859 0.919335 0.739074 0.00975466
860 0.919335 0.759895 0.0115794
861 0.919335 0.738603 0.0123385
862 0.919335 0.736756 0.0114499
863 0.919335 0.735321 0.0107055
864 0.919335 0.748454 0.0101359
865 0.919335 0.752934 0.0104616
866 0.919335 0.748775 0.0117913
867 0.919335 0.736697 0.0129441
868 0.919335 0.731946 0.0110073
869 0.919335 0.735369 0.010562
870 0.919335 0.724857 0.010657
871 0.919335 0.733054 0.0122934
872 0.919335 0.719244 0.0135546
873 0.919335 0.737406 0.0127134
874 0.919335 0.746407 0.0112347
875 0.919335 0.7393 0.0100041
876 0.919335 0.750955 0.0101171
877 0.919335 0.739596 0.0102992
878 0.919335 0.736228 0.010953
879 0.919335 0.730079 0.0111079
880 0.919335 0.727442 0.0104796
881 0.919335 0.7235 0.011656
882 0.919335 0.736922 0.0107082
883 0.919335 0.746539 0.011485
884 0.919335 0.739613 0.0132025
885 0.919335 0.724925 0.0121616
886 0.919335 0.727478 0.0127645
887 0.919335 0.736886 0.0113286
888 0.919335 0.73943 0.0110336
889 0.919335 0.74419 0.0105915
890 0.919335 0.746796 0.0113193
891 0.919335 0.733592 0.0112717
892 0.919335 0.73931 0.0125253
893 0.919335 0.747819 0.0105629
894 0.919335 0.731961 0.0104414
895 0.919335 0.749306 0.0109543
896 0.919335 0.741474 0.0116617
897 0.919335 0.741606 0.0114772
898 0.919335 0.737452 0.0119698
899 0.919335 0.734956 0.0122899
900 0.919335 0.744809 0.0114248
901 0.919335 0.732633 0.0131472
902 0.919335 0.735412 0.0118722
903 0.919335 0.721682 0.0145867
904 0.919499 0.724189 0.0163827
905 0.919499 0.728125 0.0155005
906 0.919499 0.724459 0.014824
907 0.919499 0.717318 0.0164982
908 0.919499 0.728401 0.0136149
909 0.919499 0.733461 0.0136558
910 0.919499 0.73875 0.0134143
911 0.919499 0.737383 0.0124377
912 0.919499 0.743855 0.0119323
913 0.919499 0.738012 0.0137865
914 0.919499 0.73634 0.0125008
915 0.919499 0.746437 0.0132838
916 0.919499 0.738964 0.0117991
917 0.919499 0.733392 0.011739
918 0.919499 0.739495 0.0107255
919 0.919499 0.736354 0.00926884
920 0.919499 0.749511 0.0100169
921 0.919499 0.746477 0.011151
922 0.919499 0.743843 0.0098556
923 0.919499 0.748234 0.0104239
924 0.919499 0.745641 0.0107078
925 0.919499 0.747774 0.0110701
926 0.919499 0.738875 0.0112554
927 0.919499 0.737727 0.0122556
928 0.919499 0.733976 0.0101656
929 0.919499 0.729741 0.0129296
930 0.919499 0.744919 0.00973211
931 0.919499 0.734266 0.0134724
932 0.919499 0.735963 0.0112793
933 0.919499 0.729162 0.0100978
934 0.919499 0.728326 0.0119819
935 0.919499 0.728487 0.0114938
936 0.919505 0.73489 0.0124154
937 0.919505 0.743384 0.0115712
938 0.919505 0.739057 0.0121339
939 0.919505 0.737338 0.0105797
940 0.919505 0.723639 0.012083
941 0.919505 0.72824 0.0124035
942 0.919505 0.720422 0.0125529
943 0.919505 0.733616 0.0110135
944 0.919505 0.72924 0.0119676
945 0.919505 0.730976 0.0106782
946 0.919505 0.733245 0.0113859
947 0.919505 0.742093 0.013883
948 0.919505 0.746041 0.011635
949 0.919505 0.741177 0.0105609
950 0.919505 0.757929 0.00920967
951 0.919505 0.749802 0.0115418
952 0.919505 0.758774 0.0105581
953 0.919505 0.757673 0.0110991
954 0.919505 0.753836 0.0113454
955 0.919505 0.747233 0.0121636
956 0.919505 0.742205 0.0112022
957 0.919505 0.734052 0.0135661
958 0.919505 0.735309 0.0128838
959 0.919505 0.728973 0.0129516
960 0.919505 0.744544 0.0124227
961 0.919505 0.746154 0.0123603
962 0.919505 0.748557 0.0116991
963 0.919505 0.754917 0.00956591
964 0.919505 0.73817 0.0106691
965 0.919505 0.736376 0.0109883
966 0.919505 0.73727 0.00977527
967 0.919505 0.732232 0.0109231
968 0.919505 0.743572 0.0107568
969 0.919505 0.746783 0.0112704
970 0.919505 0.749335 0.0117702
971 0.919505 0.732688 0.0104509
972 0.919505 0.726719 0.0104259
973 0.919505 0.730171 0.0108105
974 0.919505 0.73071 0.0106756
975 0.919522 0.724513 0.0122666
976 0.919522 0.736159 0.0113901
977 0.919522 0.747413 0.0111966
978 0.919522 0.742704 0.0130718
979 0.919522 0.731579 0.0113125
980 0.919522 0.734033 0.00998443
981 0.919522 0.737191 0.00964827
982 0.919522 0.735874 0.0112942
983 0.919522 0.745203 0.0151067
984 0.919522 0.746415 0.0104489
985 0.919522 0.727644 0.0124795
986 0.919522 0.749645 0.011843
987 0.919522 0.75479 0.0111457
988 0.919522 0.743069 0.0120741
989 0.919522 0.750485 0.0106012
990 0.919522 0.754264 0.0108224
991 0.919522 0.750788 0.0123773
992 0.919522 0.734327 0.0125949
993 0.919522 0.734665 0.0102322
994 0.919522 0.735209 0.0112178
995 0.919522 0.738542 0.0123787
996 0.919522 0.739205 0.0129499
997 0.919522 0.744067 0.0123995
998 0.919522 0.739524 0.0131022
999 0.919522 0.727774 0.0120777
1000 0.919522 0.727116 0.0101222
