0 0.331197 0.251437 0.000410445
1 0.42152 0.255816 0.000787555
2 0.42152 0.263865 0.00123386
3 0.42152 0.266192 0.00170547
4 0.437893 0.26706 0.00281872
5 0.580655 0.271423 0.00444903
6 0.580655 0.280555 0.00570773
7 0.593674 0.284151 0.00626964
8 0.593674 0.28112 0.007434
9 0.593674 0.295479 0.00961286
10 0.593674 0.308344 0.0128497
11 0.61973 0.311976 0.017106
12 0.62033 0.336185 0.0197796
13 0.62033 0.329623 0.0172395
14 0.637172 0.33842 0.0196599
15 0.637172 0.347356 0.0220954
16 0.637172 0.355875 0.0226052
17 0.665411 0.369408 0.0245346
18 0.665411 0.369633 0.0262961
19 0.665411 0.389459 0.0275888
20 0.665411 0.384312 0.0259902
21 0.665826 0.40434 0.025658
22 0.665826 0.407738 0.0255223
23 0.702688 0.435697 0.0250881
24 0.702688 0.438077 0.0248991
25 0.702688 0.462554 0.0273446
26 0.702688 0.471489 0.0256976
27 0.705051 0.474866 0.0251344
28 0.715374 0.498291 0.0255927
29 0.723473 0.511067 0.023507
30 0.723473 0.528605 0.0218447
31 0.723473 0.518681 0.0207656
32 0.774281 0.531791 0.0189491
33 0.774281 0.528462 0.0169542
34 0.774281 0.543741 0.0187547
35 0.787307 0.563094 0.0189931
36 0.794217 0.577433 0.0167772
37 0.810309 0.593017 0.0153112
38 0.810309 0.598381 0.0185404
39 0.859426 0.597097 0.0206039
40 0.859426 0.607885 0.0206136
41 0.859426 0.61934 0.019435
42 0.859426 0.636536 0.0160764
43 0.859426 0.637811 0.0148959
44 0.859426 0.642348 0.0145326
45 0.871013 0.658568 0.0175438
46 0.871013 0.655081 0.0173694
47 0.876067 0.677095 0.0197821
48 0.890841 0.694682 0.0192965
49 0.890841 0.692876 0.0163474
50 0.890841 0.692463 0.0152028
51 0.897895 0.692595 0.016246
52 0.897895 0.7046 0.0171368
53 0.897895 0.708188 0.0183659
54 0.897895 0.705379 0.0150133
55 0.911358 0.707505 0.0190662
56 0.911358 0.698977 0.0186235
57 0.911358 0.689472 0.0203931
58 0.911358 0.694538 0.0220344
59 0.911358 0.704262 0.0204252
60 0.911358 0.71115 0.0199002
61 0.917217 0.703418 0.0206436
62 0.917217 0.712883 0.0178784
63 0.917217 0.710978 0.0215003
64 0.917217 0.716186 0.0213784
65 0.9189 0.726357 0.0183371
66 0.9189 0.735005 0.01726
67 0.9189 0.746172 0.0169481
68 0.9189 0.764651 0.0136719
69 0.929635 0.752628 0.016363
70 0.929635 0.768698 0.0145382
71 0.929635 0.747162 0.0173128
72 0.929635 0.751302 0.0146686
73 0.929635 0.761589 0.0164418
74 0.929635 0.746142 0.0180777
75 0.929635 0.76403 0.0167492
76 0.929635 0.773903 0.0140289
77 0.929635 0.78138 0.0121669
78 0.929635 0.78089 0.0138564
79 0.930585 0.786119 0.0126295
80 0.930585 0.781471 0.0147642
81 0.930585 0.788314 0.0165784
82 0.932453 0.790705 0.0150428
83 0.932453 0.798239 0.0108293
84 0.932453 0.802283 0.0111404
85 0.934644 0.807322 0.0124323
86 0.940672 0.802641 0.0133278
87 0.940672 0.810947 0.011638
88 0.940672 0.808696 0.0108388
89 0.940672 0.793604 0.0147983
90 0.940672 0.795589 0.0132335
91 0.940672 0.799133 0.0109815
92 0.940672 0.799924 0.0138387
93 0.940672 0.816759 0.0102621
94 0.940672 0.82325 0.00838298
95 0.940672 0.818607 0.00963742
96 0.940672 0.826657 0.00932349
97 0.942333 0.83498 0.00881644
98 0.942333 0.827076 0.0100262
99 0.942333 0.826909 0.00930513
100 0.942333 0.823971 0.0123768
101 0.942333 0.81257 0.0114906
102 0.942333 0.816835 0.0129187
103 0.942333 0.819365 0.0093005
104 0.942333 0.821054 0.0140468
105 0.942333 0.795496 0.0192889
106 0.942333 0.815857 0.0125759
107 0.942333 0.799861 0.0149015
108 0.943618 0.789735 0.0163825
109 0.943618 0.783775 0.0191067
110 0.946128 0.799494 0.0158803
111 0.946128 0.78657 0.01712
112 0.946128 0.793932 0.0154375
113 0.946128 0.804544 0.0144987
114 0.946128 0.807355 0.0148683
115 0.946128 0.81088 0.0122777
116 0.946128 0.819434 0.00994582
117 0.946128 0.814634 0.011551
118 0.946128 0.821621 0.0102372
119 0.946128 0.828524 0.00735246
120 0.946128 0.82591 0.00902706
121 0.946128 0.816565 0.0104979
122 0.946128 0.825124 0.0105367
123 0.946128 0.808201 0.0118496
124 0.946128 0.820834 0.00907271
125 0.946128 0.830145 0.00680992
126 0.946128 0.825091 0.00950106
127 0.946128 0.816432 0.010832
128 0.946128 0.816303 0.0105156
129 0.946128 0.816435 0.0115383
130 0.946128 0.809045 0.0103837
131 0.946128 0.808057 0.010284
132 0.946128 0.790274 0.0156295
133 0.946128 0.80477 0.014338
134 0.946128 0.813542 0.010874
135 0.946128 0.802747 0.0119836
136 0.946128 0.809766 0.0110911
137 0.946128 0.814103 0.0082472
138 0.946706 0.818834 0.0105702
139 0.946706 0.818979 0.00998545
140 0.946706 0.814761 0.0116643
141 0.946706 0.811992 0.0101976
142 0.946706 0.795264 0.0119773
143 0.946706 0.796087 0.012076
144 0.946706 0.793068 0.0143943
145 0.946706 0.800347 0.0132474
146 0.946706 0.797552 0.0124054
147 0.946706 0.794797 0.015255
148 0.946706 0.824755 0.0101568
149 0.946706 0.821075 0.00979239
150 0.946706 0.81362 0.0118689
151 0.946706 0.814169 0.0140417
152 0.946706 0.816611 0.0138896
153 0.946706 0.822105 0.0114922
154 0.946706 0.81936 0.0110493
155 0.946706 0.814626 0.00947191
156 0.946706 0.821234 0.00957848
157 0.946706 0.827417 0.00993953
158 0.947316 0.825603 0.0101449
159 0.947652 0.826133 0.0101684
160 0.947652 0.826138 0.00867233
161 0.947652 0.826371 0.00767293
162 0.947652 0.831026 0.0072902
163 0.947652 0.820712 0.00838554
164 0.947652 0.812968 0.0114965
165 0.947652 0.820939 0.0115149
166 0.947652 0.826825 0.0093799
167 0.947678 0.838317 0.00587333
168 0.947678 0.827456 0.00762824
169 0.947678 0.830394 0.00931126
170 0.947678 0.831001 0.0110482
171 0.947678 0.831485 0.0107302
172 0.947678 0.827667 0.00914034
173 0.947678 0.837885 0.0077478
174 0.947678 0.822904 0.0103219
175 0.947678 0.839133 0.00718047
176 0.947678 0.831647 0.00753295
177 0.947678 0.834271 0.00946314
178 0.947678 0.82243 0.00977226
179 0.949611 0.825157 0.00952009
180 0.949611 0.819284 0.0127243
181 0.949611 0.81183 0.0148142
182 0.949611 0.822707 0.0113901
183 0.949611 0.811852 0.0119452
184 0.949611 0.806152 0.0119062
185 0.949611 0.831656 0.0087283
186 0.949611 0.823424 0.010709
187 0.950159 0.828453 0.0122177
188 0.950159 0.820394 0.0112657
189 0.950159 0.815739 0.0111452
190 0.950159 0.810241 0.0112333
191 0.950159 0.801456 0.0131121
192 0.950159 0.797953 0.0150535
193 0.950159 0.825207 0.0109831
194 0.950159 0.83196 0.00891211
195 0.950159 0.835402 0.0103695
196 0.950159 0.820415 0.0110287
197 0.950159 0.823621 0.0101226
198 0.950159 0.832397 0.00924045
199 0.950159 0.832657 0.00869712
200 0.950159 0.827072 0.00920707
201 0.950159 0.81966 0.0104375
202 0.950159 0.806009 0.0137716
203 0.950159 0.800051 0.0171436
204 0.950159 0.782587 0.0197445
205 0.950159 0.796356 0.0183492
206 0.950159 0.783743 0.020009
207 0.950159 0.790166 0.0216782
208 0.950159 0.815333 0.0155095
209 0.950159 0.815987 0.0132829
210 0.950159 0.810125 0.0127644
211 0.950306 0.809496 0.0146993
212 0.950306 0.805194 0.0118948
213 0.950306 0.816801 0.00952428
214 0.950306 0.820076 0.00959744
215 0.950306 0.808146 0.0117139
216 0.950306 0.814193 0.0106466
217 0.950306 0.814114 0.010282
218 0.953225 0.809822 0.0103853
219 0.953225 0.801695 0.0139354
220 0.953225 0.804372 0.0144354
221 0.953225 0.808166 0.0147606
222 0.953225 0.821765 0.0137299
223 0.953225 0.829561 0.0100851
224 0.953225 0.816889 0.0112283
225 0.953225 0.814174 0.0110507
226 0.953225 0.809551 0.0106684
227 0.953225 0.801084 0.011644
228 0.953225 0.798056 0.0135055
229 0.953225 0.787359 0.0140986
230 0.953225 0.806677 0.0121937
231 0.953225 0.80339 0.0135759
232 0.953225 0.806723 0.0130161
233 0.953225 0.809508 0.0119129
234 0.953225 0.806499 0.0119498
235 0.953225 0.807411 0.0127165
236 0.953225 0.78784 0.0158813
237 0.953225 0.795287 0.0145298
238 0.953225 0.818967 0.0104591
239 0.953225 0.827941 0.00876952
240 0.953225 0.827107 0.00905275
241 0.953225 0.824399 0.0123728
242 0.953225 0.828268 0.00950063
243 0.953225 0.828136 0.0114046
244 0.953225 0.822648 0.0104776
245 0.953225 0.831601 0.0081556
246 0.953225 0.840565 0.00928225
247 0.953487 0.839986 0.00952671
248 0.953487 0.841325 0.00800087
249 0.953487 0.831796 0.010288
250 0.953487 0.832954 0.00935529
251 0.953487 0.831457 0.00962167
252 0.953487 0.833849 0.0131042
253 0.953487 0.828284 0.0140471
254 0.953487 0.813534 0.0168858
255 0.953487 0.811431 0.0172521
256 0.953487 0.806673 0.0188502
257 0.953487 0.803613 0.0188181
258 0.953487 0.819651 0.0160633
259 0.953487 0.815012 0.0169202
260 0.953487 0.805107 0.0155067
261 0.953487 0.823469 0.0131126
262 0.953487 0.81702 0.0145948
263 0.953487 0.817745 0.0130163
264 0.953487 0.807364 0.0155821
265 0.953487 0.82711 0.0125839
266 0.953487 0.841287 0.0102342
267 0.953487 0.819964 0.0160229
268 0.954351 0.826079 0.0109218
269 0.954351 0.836351 0.00953216
270 0.954351 0.833881 0.00977278
271 0.954351 0.8432 0.00871607
272 0.954351 0.83633 0.00745076
273 0.954351 0.833606 0.00982858
274 0.954351 0.839635 0.00984012
275 0.954351 0.841905 0.00824681
276 0.954351 0.833778 0.00954046
277 0.954351 0.841995 0.00959409
278 0.954356 0.838035 0.00965681
279 0.954356 0.837742 0.0114934
280 0.954356 0.835632 0.00975232
281 0.954356 0.816925 0.0149039
282 0.954356 0.808377 0.0141043
283 0.954356 0.820343 0.0102464
284 0.955434 0.83607 0.00717633
285 0.955434 0.830506 0.00867158
286 0.955434 0.843282 0.0084687
287 0.955434 0.833737 0.00799424
288 0.955434 0.820294 0.01374
289 0.955434 0.830598 0.0126191
290 0.955434 0.83341 0.0127066
291 0.955434 0.838609 0.0115235
292 0.955434 0.838057 0.0095396
293 0.955434 0.833132 0.0119736
294 0.955434 0.858818 0.00644919
295 0.955434 0.83963 0.0120045
296 0.955434 0.826029 0.0144743
297 0.956813 0.832525 0.0111451
298 0.956813 0.821529 0.0123071
299 0.956813 0.828651 0.0120064
300 0.956813 0.825791 0.0136463
301 0.956813 0.839362 0.00958122
302 0.956813 0.837134 0.011336
303 0.956813 0.844655 0.0079988
304 0.956813 0.842483 0.00935983
305 0.956813 0.829104 0.0103379
306 0.956813 0.83925 0.00931488
307 0.956813 0.84635 0.00780261
308 0.956813 0.852856 0.00863754
309 0.956813 0.833876 0.00879129
310 0.956813 0.832219 0.00956753
311 0.956813 0.822991 0.00905454
312 0.956813 0.822668 0.0126737
313 0.956813 0.827478 0.0117905
314 0.956813 0.839862 0.00612632
315 0.956813 0.842335 0.00669139
316 0.956813 0.831738 0.00932434
317 0.956813 0.825194 0.0123902
318 0.956813 0.822823 0.0136738
319 0.956813 0.824276 0.015507
320 0.956813 0.828098 0.0128354
321 0.956813 0.832819 0.010178
322 0.956813 0.836801 0.00984653
323 0.956813 0.833419 0.00862682
324 0.956813 0.829606 0.00900608
325 0.956813 0.824502 0.0129226
326 0.956813 0.82469 0.0121622
327 0.956838 0.827622 0.0124042
328 0.956838 0.828062 0.0115912
329 0.956838 0.832841 0.0104477
330 0.956838 0.845925 0.0101234
331 0.956838 0.839083 0.0103534
332 0.956838 0.850309 0.00786747
333 0.956838 0.842353 0.00879582
334 0.956838 0.841908 0.0077465
335 0.956838 0.850678 0.00880179
336 0.956838 0.847226 0.0100712
337 0.956838 0.844976 0.0108643
338 0.956838 0.850627 0.00688376
339 0.956838 0.835381 0.0103276
340 0.956838 0.851315 0.00791993
341 0.956838 0.837593 0.00859577
342 0.956838 0.846605 0.00868384
343 0.956838 0.837022 0.00929677
344 0.956838 0.838597 0.0113341
345 0.956838 0.833942 0.0119706
346 0.956838 0.828664 0.0111414
347 0.956838 0.830545 0.0100415
348 0.956838 0.822189 0.0118768
349 0.956838 0.82158 0.0137303
350 0.956838 0.81495 0.0122363
351 0.956838 0.822292 0.00971562
352 0.956838 0.833703 0.0107769
353 0.956838 0.841435 0.00833414
354 0.956838 0.843156 0.00875832
355 0.956838 0.85793 0.00735505
356 0.956838 0.851521 0.00854313
357 0.956838 0.846679 0.0121882
358 0.956838 0.845653 0.012705
359 0.956838 0.850018 0.0109358
360 0.956838 0.854981 0.0102934
361 0.956838 0.845677 0.0109913
362 0.956838 0.843692 0.00917676
363 0.956838 0.862184 0.00483137
364 0.958835 0.854901 0.00628172
365 0.958835 0.863159 0.00541235
366 0.958835 0.853742 0.00593006
367 0.958835 0.847948 0.00821381
368 0.958835 0.849177 0.00830062
369 0.95962 0.869158 0.00550118
370 0.95962 0.857519 0.0060886
371 0.95962 0.861265 0.00741851
372 0.95962 0.861646 0.00804451
373 0.95962 0.859225 0.00999057
374 0.95962 0.869065 0.00665219
375 0.95962 0.873849 0.00460534
376 0.95962 0.869874 0.00414792
377 0.95962 0.861681 0.00439841
378 0.95962 0.861832 0.00457637
379 0.95962 0.872741 0.0046993
380 0.95962 0.871578 0.00498607
381 0.95962 0.854113 0.00778479
382 0.95962 0.853392 0.00747484
383 0.95962 0.848264 0.00817542
384 0.95962 0.849022 0.00552778
385 0.95962 0.849213 0.00626163
386 0.95962 0.848714 0.00926371
387 0.95962 0.848166 0.00957719
388 0.95962 0.838083 0.00954916
389 0.95962 0.837438 0.0102016
390 0.95962 0.836003 0.00903477
391 0.95962 0.844694 0.0089837
392 0.95962 0.850762 0.00856606
393 0.95962 0.861216 0.00597163
394 0.95962 0.859216 0.00637203
395 0.95962 0.859199 0.00750868
396 0.95962 0.849972 0.00861337
397 0.95962 0.847314 0.00811604
398 0.95962 0.842945 0.00834142
399 0.95962 0.840464 0.00950672
400 0.95962 0.843862 0.0128254
401 0.95962 0.855435 0.00872301
402 0.95962 0.83501 0.011548
403 0.95962 0.822788 0.0153702
404 0.95962 0.840219 0.0130131
405 0.95962 0.839105 0.0132367
406 0.95962 0.848516 0.0107266
407 0.95962 0.831334 0.0119316
408 0.95962 0.832601 0.014239
409 0.95962 0.831422 0.0112165
410 0.95962 0.832779 0.0122362
411 0.95962 0.854085 0.00741054
412 0.95962 0.858023 0.0067699
413 0.965248 0.865587 0.00452472
414 0.965248 0.868942 0.00402497
415 0.965248 0.860137 0.00615755
416 0.965248 0.855616 0.00855112
417 0.965248 0.863859 0.00585454
418 0.966196 0.848528 0.00720801
419 0.966196 0.83828 0.0113283
420 0.966196 0.833913 0.0123517
421 0.966196 0.830732 0.0151276
422 0.966196 0.813782 0.0217343
423 0.966196 0.828525 0.0180022
424 0.966196 0.842706 0.0128166
425 0.966196 0.850325 0.00917777
426 0.966196 0.842543 0.0127585
427 0.966196 0.840242 0.0127761
428 0.966196 0.841692 0.0141412
429 0.966196 0.85919 0.00613925
430 0.966196 0.856492 0.00899945
431 0.966196 0.853297 0.00953976
432 0.966196 0.852404 0.00960039
433 0.966196 0.850101 0.00813245
434 0.966196 0.871831 0.00642996
435 0.966196 0.862097 0.00609925
436 0.966196 0.844728 0.00979242
437 0.966196 0.832638 0.0145888
438 0.966196 0.844524 0.0124405
439 0.966196 0.846584 0.0106701
440 0.966196 0.844677 0.0132774
441 0.966196 0.844835 0.0140468
442 0.966196 0.855519 0.00912325
443 0.966196 0.849498 0.0107147
444 0.966196 0.854515 0.0090658
445 0.966196 0.839169 0.0106792
446 0.96873 0.841324 0.0121507
447 0.96873 0.84478 0.0115213
448 0.96873 0.844732 0.00960403
449 0.96873 0.840138 0.0112674
450 0.96873 0.828193 0.0119639
451 0.96873 0.828123 0.012572
452 0.96873 0.835741 0.011176
453 0.96873 0.83624 0.00991426
454 0.96873 0.836296 0.0108003
455 0.96873 0.834785 0.00928377
456 0.96873 0.842153 0.0084644
457 0.96873 0.847376 0.00897979
458 0.96873 0.838497 0.0114326
459 0.96873 0.856841 0.00988251
460 0.96873 0.844182 0.0147612
461 0.96873 0.851624 0.0125305
462 0.96873 0.853572 0.00818176
463 0.96873 0.855313 0.0094988
464 0.96873 0.853808 0.00705978
465 0.96873 0.847876 0.0102623
466 0.96873 0.847002 0.00873668
467 0.96873 0.855762 0.00796596
468 0.96873 0.851908 0.00965534
469 0.96873 0.848291 0.0112928
470 0.96873 0.839526 0.0110224
471 0.96873 0.84212 0.0100892
472 0.96873 0.848832 0.00833908
473 0.96873 0.844424 0.0093099
474 0.96873 0.837992 0.0122764
475 0.96873 0.839199 0.013412
476 0.96873 0.840511 0.0131003
477 0.96873 0.852738 0.00920208
478 0.96873 0.853092 0.0100801
479 0.96873 0.835118 0.0136532
480 0.96873 0.838745 0.011743
481 0.96873 0.851345 0.00887244
482 0.96873 0.854546 0.00685357
483 0.96873 0.850204 0.00885907
484 0.96873 0.849522 0.0078959
485 0.96873 0.861524 0.00699861
486 0.96873 0.85772 0.00755502
487 0.96873 0.856853 0.0075821
488 0.96873 0.842721 0.00910249
489 0.96873 0.85052 0.00764937
490 0.96873 0.845993 0.00846697
491 0.96873 0.852546 0.00657745
492 0.96873 0.857274 0.00802784
493 0.96873 0.850486 0.0108622
494 0.96873 0.8478 0.00691947
495 0.96873 0.853831 0.00872544
496 0.96873 0.85704 0.0082333
497 0.96873 0.844809 0.00871669
498 0.96873 0.848662 0.00701736
499 0.96873 0.850744 0.00664371
500 0.96873 0.854186 0.00712956
501 0.96873 0.85498 0.00656781
502 0.96873 0.845813 0.00951904
503 0.96873 0.831866 0.0163904
504 0.968932 0.827239 0.0160629
505 0.968932 0.834561 0.015093
506 0.968932 0.836346 0.0138321
507 0.968932 0.841571 0.0128233
508 0.968932 0.844823 0.0123122
509 0.968932 0.84789 0.0113557
510 0.968932 0.857182 0.00933903
511 0.968932 0.853042 0.0104492
512 0.969402 0.861592 0.00946529
513 0.969402 0.86108 0.00693198
514 0.969402 0.865568 0.00703079
515 0.969402 0.860886 0.00731475
516 0.969402 0.853277 0.0081205
517 0.969402 0.863547 0.00553887
518 0.969402 0.858794 0.00571917
519 0.969402 0.853594 0.00752401
520 0.969402 0.861112 0.00844765
521 0.969402 0.863836 0.00532228
522 0.969402 0.860784 0.00558038
523 0.969402 0.858902 0.0067805
524 0.969402 0.850741 0.0100807
525 0.969402 0.850155 0.00715835
526 0.969402 0.853126 0.00680449
527 0.969402 0.851753 0.0104959
528 0.969402 0.839662 0.0134383
529 0.969402 0.83883 0.00979841
530 0.969402 0.851109 0.00819368
531 0.969402 0.857427 0.00706202
532 0.969402 0.840267 0.011922
533 0.969402 0.847568 0.0095203
534 0.969402 0.827311 0.0134414
535 0.969402 0.826767 0.0122576
536 0.971103 0.837442 0.0138675
537 0.971103 0.85113 0.00949148
538 0.971103 0.85373 0.010079
539 0.971103 0.851759 0.00871212
540 0.971103 0.8574 0.00910078
541 0.971103 0.865537 0.00794422
542 0.971103 0.86602 0.00727227
543 0.971103 0.857213 0.00736795
544 0.971103 0.856447 0.00656686
545 0.971103 0.846525 0.00718952
546 0.971103 0.846673 0.0092672
547 0.971103 0.84906 0.00763689
548 0.971103 0.860054 0.00682524
549 0.971351 0.862378 0.00798655
550 0.971351 0.860742 0.00793031
551 0.971351 0.860347 0.0083493
552 0.971351 0.858512 0.00739051
553 0.971351 0.85924 0.0075145
554 0.971351 0.852743 0.00715592
555 0.971351 0.854235 0.00554367
556 0.971351 0.863933 0.00546758
557 0.971351 0.863376 0.0060461
558 0.971351 0.860038 0.00670062
559 0.971351 0.847631 0.0107921
560 0.971351 0.855715 0.0106697
561 0.971351 0.848145 0.00969765
562 0.971351 0.853411 0.00740593
563 0.971351 0.848402 0.00952229
564 0.971351 0.858143 0.00753542
565 0.971351 0.858984 0.00854025
566 0.971351 0.841163 0.00827638
567 0.971351 0.842485 0.0095441
568 0.971351 0.847476 0.00992873
569 0.971351 0.848645 0.00878412
570 0.971351 0.841097 0.00990837
571 0.971351 0.855638 0.00783431
572 0.971351 0.867956 0.00639761
573 0.971351 0.857326 0.00692867
574 0.971351 0.854664 0.0073263
575 0.971351 0.852531 0.008512
576 0.971351 0.861395 0.00731776
577 0.971351 0.861462 0.00815304
578 0.971351 0.866309 0.00612475
579 0.971351 0.864298 0.00759675
580 0.971351 0.859762 0.0095823
581 0.971351 0.867832 0.00821513
582 0.971351 0.870294 0.00892476
583 0.971351 0.857248 0.0119997
584 0.971351 0.856741 0.00793148
585 0.971351 0.844144 0.0084829
586 0.971351 0.848542 0.00923203
587 0.971351 0.844661 0.00941087
588 0.971351 0.847357 0.00857124
589 0.971351 0.84678 0.00894604
590 0.971351 0.845308 0.0102692
591 0.971351 0.851822 0.00818568
592 0.971351 0.850293 0.0104139
593 0.971351 0.856002 0.0089288
594 0.971351 0.842756 0.0102861
595 0.971351 0.835246 0.0111784
596 0.971351 0.841204 0.0103217
597 0.971351 0.859134 0.00852238
598 0.971351 0.853594 0.00849769
599 0.971351 0.853578 0.00813453
600 0.971351 0.833324 0.011909
601 0.971351 0.841165 0.0107297
602 0.971351 0.850283 0.00938833
603 0.971351 0.842287 0.0090046
604 0.971351 0.852484 0.00958871
605 0.971351 0.852243 0.00848352
606 0.971351 0.85105 0.00867423
607 0.971351 0.852004 0.00847767
608 0.971351 0.856957 0.00922999
609 0.971351 0.867944 0.00868232
610 0.971351 0.879655 0.00489032
611 0.971351 0.871446 0.00571329
612 0.971351 0.861117 0.00676572
613 0.971351 0.857462 0.00760554
614 0.971351 0.858603 0.0101572
615 0.971351 0.866613 0.00746095
616 0.971351 0.86517 0.00599639
617 0.971351 0.869438 0.00597609
618 0.971351 0.878461 0.00481455
619 0.971351 0.875431 0.00523612
620 0.971351 0.8657 0.00649117
621 0.971448 0.869534 0.00693889
622 0.971448 0.87244 0.00537137
623 0.971448 0.868609 0.00557476
624 0.971448 0.862206 0.00835949
625 0.972768 0.862991 0.00780576
626 0.972768 0.860776 0.00804203
627 0.972768 0.856185 0.0104042
628 0.972768 0.865001 0.00721276
629 0.972768 0.869277 0.0057413
630 0.972768 0.868135 0.00616873
631 0.972768 0.873441 0.00466365
632 0.972768 0.863596 0.00551728
633 0.972768 0.862957 0.00639102
634 0.972768 0.861568 0.00688056
635 0.972768 0.855909 0.00893791
636 0.972768 0.858716 0.00673366
637 0.972768 0.861128 0.00643384
638 0.972768 0.85479 0.0081697
639 0.972768 0.869897 0.0046156
640 0.972768 0.869155 0.00565328
641 0.972768 0.864606 0.00621211
642 0.972768 0.865076 0.00755526
643 0.972768 0.861282 0.00742717
644 0.972768 0.870546 0.00575764
645 0.972768 0.870855 0.00476203
646 0.972768 0.872153 0.00624082
647 0.972768 0.866293 0.00787251
648 0.972768 0.86235 0.00755748
649 0.972768 0.860842 0.00825987
650 0.972768 0.857279 0.00859338
651 0.972768 0.861244 0.00944868
652 0.972768 0.852671 0.00987324
653 0.972768 0.850337 0.0123245
654 0.972768 0.849955 0.0127105
655 0.972768 0.871976 0.00979065
656 0.972768 0.863946 0.0106835
657 0.972768 0.866526 0.00989918
658 0.972768 0.86666 0.00839811
659 0.972768 0.868458 0.00513178
660 0.972768 0.869729 0.00821037
661 0.972768 0.86434 0.00874653
662 0.972768 0.864152 0.00737449
663 0.972768 0.863313 0.00589011
664 0.972768 0.865816 0.00513922
665 0.972768 0.859922 0.0068251
666 0.972768 0.868052 0.00647294
667 0.972768 0.862992 0.00648511
668 0.972768 0.864497 0.00659788
669 0.972768 0.860714 0.00676129
670 0.972768 0.851874 0.00843739
671 0.972768 0.866984 0.00573724
672 0.972768 0.861003 0.00907318
673 0.972768 0.865834 0.010131
674 0.972768 0.857829 0.00852798
675 0.972768 0.861601 0.0082465
676 0.972768 0.869237 0.00688403
677 0.972768 0.863306 0.00865955
678 0.972768 0.860147 0.00837112
679 0.972768 0.86035 0.00707728
680 0.972768 0.85304 0.0104541
681 0.972768 0.854634 0.00814766
682 0.972768 0.865042 0.00931652
683 0.972768 0.870033 0.00756238
684 0.972768 0.863387 0.00645475
685 0.972768 0.863938 0.00791701
686 0.972768 0.858807 0.00729413
687 0.972768 0.854564 0.00815005
688 0.972768 0.853472 0.00754842
689 0.972768 0.853557 0.00777515
690 0.972768 0.849584 0.0100191
691 0.972768 0.850733 0.00726095
692 0.972768 0.856224 0.00986658
693 0.972768 0.858002 0.00825603
694 0.972768 0.864724 0.00664526
695 0.972768 0.862439 0.00721824
696 0.972768 0.849885 0.00972735
697 0.972768 0.846787 0.0102555
698 0.972768 0.844332 0.00950057
699 0.972768 0.842806 0.009482
700 0.972768 0.852149 0.0074343
701 0.972768 0.850672 0.00827952
702 0.972768 0.855921 0.007449
703 0.972768 0.845554 0.00893856
704 0.972768 0.841526 0.00748064
705 0.972768 0.862984 0.00707769
706 0.972768 0.856606 0.00725478
707 0.972768 0.847725 0.00862957
708 0.972768 0.851089 0.00973319
709 0.972768 0.859009 0.00894127
710 0.972768 0.854722 0.00936306
711 0.972768 0.86087 0.00744319
712 0.972768 0.859769 0.00701472
713 0.972768 0.853654 0.00820686
714 0.972768 0.865446 0.00854321
715 0.972768 0.870337 0.00734351
716 0.972768 0.867365 0.00743636
717 0.972768 0.860643 0.0066703
718 0.972768 0.851752 0.00893203
719 0.972768 0.857005 0.0105607
720 0.972768 0.865979 0.00677623
721 0.972768 0.853258 0.00712131
722 0.972768 0.852354 0.00766386
723 0.972768 0.848945 0.00893665
724 0.972768 0.842208 0.0113676
725 0.972768 0.845393 0.00817453
726 0.972768 0.850664 0.00782368
727 0.972768 0.863456 0.00962903
728 0.972768 0.847953 0.0127441
729 0.972768 0.845541 0.0153055
730 0.972768 0.860123 0.0102358
731 0.972768 0.850924 0.0101137
732 0.972768 0.85026 0.0135238
733 0.972768 0.860521 0.00845835
734 0.972768 0.854224 0.00852571
735 0.972768 0.859876 0.00671097
736 0.972768 0.863547 0.00575831
737 0.972768 0.860185 0.00613268
738 0.972768 0.858798 0.0074117
739 0.972768 0.857589 0.008561
740 0.972768 0.852649 0.0104194
741 0.972768 0.862173 0.00761138
742 0.972768 0.855782 0.0103718
743 0.972768 0.835902 0.0116147
744 0.972768 0.842887 0.00916597
745 0.972768 0.847838 0.0106478
746 0.972768 0.841529 0.0107747
747 0.972768 0.836694 0.0114536
748 0.972768 0.852052 0.0107294
749 0.972768 0.841942 0.0114524
750 0.972768 0.85436 0.010209
751 0.972768 0.860012 0.0113787
752 0.972768 0.86398 0.0114432
753 0.972768 0.866063 0.0100153
754 0.972768 0.861708 0.0103635
755 0.972768 0.865098 0.0074311
756 0.972768 0.864484 0.00825481
757 0.972768 0.844893 0.010283
758 0.972768 0.846825 0.00922332
759 0.972768 0.838368 0.0120348
760 0.972768 0.839909 0.0101977
761 0.972768 0.848309 0.00711544
762 0.972768 0.863431 0.00471992
763 0.972768 0.854434 0.00601016
764 0.972768 0.849271 0.00718008
765 0.972768 0.851737 0.00765859
766 0.972768 0.857166 0.00839779
767 0.972768 0.869731 0.00547635
768 0.972768 0.862837 0.00880985
769 0.972768 0.857273 0.00917384
770 0.972768 0.853298 0.00963142
771 0.972768 0.85419 0.00849655
772 0.972768 0.853215 0.00721476
773 0.972768 0.853954 0.00827086
774 0.972768 0.850721 0.00962917
775 0.972768 0.85846 0.00752968
776 0.972768 0.85109 0.00945054
777 0.972768 0.856639 0.0099371
778 0.972768 0.859747 0.00885136
779 0.972768 0.861166 0.00792732
780 0.972768 0.846465 0.0107966
781 0.972768 0.847173 0.0115277
782 0.972768 0.84107 0.0159056
783 0.972768 0.836738 0.0165918
784 0.972768 0.843 0.0120342
785 0.972768 0.837749 0.0111136
786 0.972768 0.843357 0.0118626
787 0.972768 0.848964 0.0101422
788 0.972768 0.855697 0.00989626
789 0.972768 0.855343 0.00788732
790 0.972768 0.849659 0.0116485
791 0.972768 0.842905 0.0120369
792 0.972768 0.844163 0.0119624
793 0.972768 0.848205 0.0113086
794 0.972768 0.852279 0.0104895
795 0.972768 0.853503 0.00758683
796 0.972768 0.858899 0.00819061
797 0.972768 0.845056 0.0106724
798 0.972768 0.844024 0.0117554
799 0.972768 0.82938 0.0145002
800 0.972768 0.826495 0.0158821
801 0.972768 0.845609 0.0121689
802 0.972768 0.85155 0.00857004
803 0.972768 0.858778 0.00858895
804 0.972768 0.85644 0.00755691
805 0.972768 0.86124 0.00571139
806 0.972768 0.866203 0.00546879
807 0.972768 0.871236 0.00653138
808 0.972768 0.853869 0.00925214
809 0.972768 0.84324 0.0118149
810 0.97308 0.853802 0.0103432
811 0.97308 0.857754 0.00927356
812 0.97308 0.856489 0.0102571
813 0.97308 0.859095 0.00981568
814 0.97308 0.849947 0.0131666
815 0.97308 0.852235 0.0152075
816 0.97308 0.864387 0.007547
817 0.97308 0.861308 0.00807275
818 0.97308 0.859882 0.00778977
819 0.97308 0.860223 0.00905604
820 0.97308 0.857581 0.00878662
821 0.97308 0.849597 0.00979205
822 0.97308 0.855032 0.00695976
823 0.97308 0.858579 0.00828959
824 0.97308 0.862004 0.00823463
825 0.97308 0.869905 0.00748944
826 0.97308 0.864082 0.00728202
827 0.97308 0.850535 0.0129735
828 0.97308 0.856889 0.0116338
829 0.97308 0.85349 0.00833818
830 0.97308 0.854116 0.00629654
831 0.97308 0.850481 0.00699258
832 0.97308 0.848491 0.010856
833 0.97308 0.842988 0.0103123
834 0.97308 0.850632 0.0105218
835 0.97308 0.863899 0.00855032
836 0.97308 0.851258 0.00847775
837 0.97308 0.853553 0.00793016
838 0.97308 0.863683 0.00760171
839 0.97308 0.867461 0.00875178
840 0.97308 0.859263 0.00829022
841 0.97308 0.854 0.00961428
842 0.97308 0.851058 0.0114741
843 0.97308 0.851053 0.010132
844 0.97308 0.850181 0.0104767
845 0.97308 0.845034 0.0122316
846 0.97308 0.844929 0.012328
847 0.97308 0.842742 0.0147337
848 0.97308 0.856956 0.0118012
849 0.97308 0.853305 0.00956168
850 0.97308 0.858281 0.00939332
851 0.97308 0.858144 0.00790628
852 0.97308 0.862103 0.00868052
853 0.97308 0.861127 0.00952515
854 0.97308 0.864163 0.00776581
855 0.97308 0.872909 0.00532196
856 0.97308 0.876432 0.00442377
857 0.97308 0.870286 0.00534292
858 0.97308 0.869179 0.00627038
859 0.97308 0.862932 0.00777088
860 0.97308 0.865586 0.00799243
861 0.97308 0.868545 0.00825056
862 0.97308 0.870108 0.00966415
863 0.97308 0.86873 0.00967625
864 0.97308 0.869102 0.00776168
865 0.97308 0.867916 0.00642159
866 0.97308 0.875366 0.00675794
867 0.97308 0.86061 0.0089215
868 0.97308 0.852829 0.00851983
869 0.97308 0.857391 0.00875005
870 0.97308 0.862169 0.00910767
871 0.97308 0.856173 0.00681596
872 0.97308 0.859547 0.00811345
873 0.97308 0.859069 0.00996302
874 0.97308 0.857917 0.00871751
875 0.97308 0.856143 0.00874998
876 0.97308 0.851835 0.0084215
877 0.97308 0.861584 0.00784886
878 0.97308 0.855743 0.00885706
879 0.97308 0.866513 0.00792899
880 0.97308 0.846043 0.0116792
881 0.97308 0.841084 0.00929207
882 0.97308 0.844391 0.0120416
883 0.97308 0.8353 0.00949507
884 0.97308 0.838941 0.0105634
885 0.97308 0.833942 0.010792
886 0.97308 0.829119 0.0129975
887 0.97308 0.823624 0.0149269
888 0.97308 0.837289 0.013662
889 0.97308 0.849535 0.0151501
890 0.97308 0.852326 0.0115724
891 0.97308 0.843648 0.00978774
892 0.97308 0.855233 0.00974617
893 0.97308 0.863876 0.00713364
894 0.97308 0.863854 0.00936755
895 0.97308 0.858324 0.00962941
896 0.97308 0.870564 0.00580481
897 0.97308 0.876237 0.00519068
898 0.97308 0.876219 0.00525228
899 0.97308 0.864938 0.00600588
900 0.97308 0.865774 0.00519214
901 0.97308 0.869197 0.00607696
902 0.97308 0.871806 0.00709082
903 0.973144 0.874387 0.00487219
904 0.973144 0.872252 0.00471044
905 0.973144 0.864057 0.00962195
906 0.973144 0.861727 0.00789061
907 0.973144 0.861417 0.00717895
908 0.973144 0.858882 0.00964131
909 0.973144 0.847092 0.0113017
910 0.973144 0.854793 0.0123791
911 0.973144 0.846152 0.0112207
912 0.973144 0.851208 0.0123099
913 0.973144 0.840584 0.0143931
914 0.973144 0.858168 0.0109644
915 0.973144 0.846294 0.0122823
916 0.973144 0.85107 0.00997063
917 0.973144 0.858112 0.00663291
918 0.973144 0.860283 0.00772325
919 0.973144 0.852471 0.00819761
920 0.973144 0.846637 0.0104425
921 0.973144 0.852479 0.0103268
922 0.973144 0.852674 0.00970269
923 0.973144 0.854459 0.00927622
924 0.973144 0.857883 0.00802996
925 0.973144 0.86946 0.00524184
926 0.973144 0.862828 0.00586818
927 0.973144 0.854529 0.0074996
928 0.973144 0.857039 0.00766127
929 0.973144 0.849467 0.0100685
930 0.973144 0.843444 0.0108808
931 0.973144 0.848254 0.00947939
932 0.973144 0.847842 0.00843771
933 0.973144 0.855105 0.010558
934 0.973144 0.855756 0.00905071
935 0.973144 0.856059 0.00935773
936 0.973144 0.863096 0.00633473
937 0.973144 0.859218 0.00577766
938 0.973144 0.855074 0.00863618
939 0.973144 0.844826 0.0114811
940 0.973144 0.836861 0.0136788
941 0.973144 0.841901 0.00939546
942 0.973144 0.847464 0.0104706
943 0.973144 0.836248 0.00908231
944 0.973144 0.845652 0.00864447
945 0.973144 0.850792 0.00722984
946 0.973144 0.850842 0.00859411
947 0.973144 0.84784 0.00776026
948 0.973144 0.859648 0.00659838
949 0.973144 0.849518 0.00873574
950 0.973144 0.854925 0.00945041
951 0.973144 0.856354 0.0072314
952 0.973144 0.847894 0.0110902
953 0.973144 0.869272 0.0071355
954 0.973144 0.864444 0.00782002
955 0.973144 0.867447 0.00739323
956 0.973144 0.862443 0.00716368
957 0.973144 0.86369 0.00733544
958 0.973144 0.853161 0.00889622
959 0.973184 0.859673 0.00644438
960 0.973184 0.860348 0.00816918
961 0.973184 0.868227 0.0066547
962 0.973184 0.869505 0.00552322
963 0.973184 0.871658 0.00564118
964 0.973184 0.871305 0.00558411
965 0.973184 0.864386 0.00715808
966 0.973184 0.854806 0.00899116
967 0.973184 0.854835 0.00940777
968 0.973184 0.869028 0.00820702
969 0.973184 0.868336 0.00563476
970 0.973184 0.86484 0.00833786
971 0.973184 0.867981 0.00615286
972 0.973184 0.854034 0.00730624
973 0.973184 0.860682 0.00695073
974 0.973184 0.863228 0.00784932
975 0.973184 0.869231 0.00489858
976 0.973184 0.871969 0.0050258
977 0.973184 0.863002 0.00669617
978 0.973184 0.872111 0.00693503
979 0.973239 0.878437 0.00523197
980 0.973239 0.871338 0.00560399
981 0.973239 0.866378 0.00682535
982 0.973239 0.864538 0.0052522
983 0.973239 0.852861 0.00857868
984 0.973239 0.855018 0.00847722
985 0.973239 0.846017 0.00723879
986 0.973239 0.848693 0.00926229
987 0.973239 0.845736 0.00912301
988 0.973239 0.84046 0.0106209
989 0.973239 0.820752 0.0146723
990 0.973239 0.834996 0.0123737
991 0.973239 0.844521 0.0133936
992 0.973239 0.848784 0.0128031
993 0.973239 0.852819 0.0112999
994 0.973239 0.860279 0.00923154
995 0.973239 0.856224 0.00829851
996 0.973239 0.858554 0.0104155
997 0.973239 0.853925 0.0075566
998 0.973239 0.865897 0.00665557
999 0.973239 0.867905 0.00669101
1000 0.973239 0.86377 0.00562305
