0 0.314225 0.252683 0.000247022
1 0.314225 0.254617 0.000197824
2 0.380856 0.256729 0.000568312
3 0.380856 0.261532 0.000715936
4 0.380856 0.266342 0.00124076
5 0.401813 0.27154 0.00204862
6 0.403694 0.273934 0.00220882
7 0.409328 0.280783 0.00297876
8 0.409328 0.275453 0.00292772
9 0.409328 0.275667 0.00352721
10 0.409328 0.278165 0.00358289
11 0.409328 0.28455 0.00365819
12 0.409328 0.276307 0.00322012
13 0.409328 0.282799 0.00347481
14 0.409328 0.277963 0.00390439
15 0.468335 0.285958 0.00542829
16 0.468335 0.28939 0.00516867
17 0.468335 0.290798 0.00566857
18 0.468335 0.285971 0.00508823
19 0.468335 0.279876 0.00521508
20 0.468335 0.28662 0.0053334
21 0.468335 0.28898 0.00562456
22 0.473596 0.293537 0.00662194
23 0.473805 0.293625 0.0068883
24 0.473805 0.299232 0.00691021
25 0.473805 0.298095 0.00700741
26 0.473805 0.294207 0.00715397
27 0.473939 0.290995 0.00655908
28 0.473939 0.292579 0.00726353
29 0.485419 0.291945 0.00800247
30 0.485419 0.294302 0.00834924
31 0.492495 0.298264 0.00801619
32 0.492495 0.297013 0.009907
33 0.510275 0.298341 0.00884653
34 0.510275 0.308375 0.0100331
35 0.510275 0.309843 0.00915545
36 0.510275 0.324729 0.0106313
37 0.510275 0.325473 0.0107477
38 0.557056 0.327102 0.0128619
39 0.557056 0.324577 0.0126636
40 0.56461 0.335327 0.013572
41 0.56461 0.342161 0.0135747
42 0.565564 0.35649 0.0137746
43 0.567515 0.36905 0.0147659
44 0.568244 0.375454 0.0147079
45 0.573062 0.389034 0.0138198
46 0.585416 0.391801 0.0142413
47 0.624876 0.408233 0.0133847
48 0.624876 0.425735 0.013548
49 0.627372 0.427417 0.0134372
50 0.645295 0.426812 0.0151374
51 0.645295 0.402896 0.0127154
52 0.645295 0.401679 0.0139812
53 0.645295 0.405431 0.0150444
54 0.737644 0.420635 0.0169867
55 0.737644 0.422777 0.0161797
56 0.738829 0.43043 0.0226176
57 0.738829 0.440549 0.022964
58 0.758482 0.443188 0.0268499
59 0.758482 0.444208 0.0283952
60 0.767579 0.457156 0.0270563
61 0.767579 0.476034 0.0284816
62 0.77699 0.468312 0.028415
63 0.77699 0.482717 0.0287826
64 0.77699 0.499153 0.0273194
65 0.77699 0.506345 0.0277916
66 0.77699 0.482401 0.028731
67 0.806825 0.487404 0.0318085
68 0.806825 0.497525 0.0312558
69 0.806825 0.474867 0.036449
70 0.806825 0.501364 0.0328334
71 0.806825 0.508809 0.0313618
72 0.806825 0.52556 0.0288323
73 0.806825 0.543865 0.0297789
74 0.806825 0.557351 0.0280358
75 0.806825 0.573263 0.0260357
76 0.806825 0.578866 0.025834
77 0.806825 0.583277 0.0263666
78 0.806825 0.589518 0.0249206
79 0.806825 0.591353 0.0225524
80 0.806825 0.597295 0.0220476
81 0.806825 0.618214 0.0237697
82 0.811916 0.62937 0.0191922
83 0.811916 0.635196 0.0176449
84 0.811916 0.644411 0.0183566
85 0.811916 0.649717 0.0144978
86 0.81992 0.645285 0.0180088
87 0.81992 0.626403 0.0187112
88 0.82058 0.618919 0.0207488
89 0.82058 0.621244 0.0218488
90 0.82058 0.627256 0.0193768
91 0.833531 0.64586 0.0164669
92 0.833531 0.641328 0.0198845
93 0.833531 0.659876 0.0177107
94 0.833531 0.625993 0.0229811
95 0.833531 0.625657 0.027473
96 0.833531 0.619383 0.0208191
97 0.834687 0.598484 0.0273681
98 0.834687 0.620593 0.0251823
99 0.834687 0.622167 0.025453
100 0.834687 0.62882 0.0232538
101 0.834687 0.626199 0.0240704
102 0.834687 0.615591 0.0227892
103 0.834687 0.627664 0.0246447
104 0.834687 0.623979 0.0200617
105 0.834687 0.634516 0.0204757
106 0.834687 0.655999 0.017967
107 0.834687 0.644048 0.0170839
108 0.834687 0.652886 0.019154
109 0.834687 0.669768 0.0175279
110 0.834687 0.648247 0.0207607
111 0.834687 0.656745 0.0194845
112 0.834687 0.654665 0.0173353
113 0.834687 0.647245 0.020227
114 0.834687 0.650653 0.0234756
115 0.834687 0.645338 0.0225483
116 0.834687 0.644738 0.0237725
117 0.834879 0.658091 0.0186566
118 0.834879 0.658328 0.0166176
119 0.834879 0.665281 0.017066
120 0.834879 0.643606 0.0202474
121 0.834879 0.639777 0.0205108
122 0.834879 0.643581 0.0199882
123 0.834879 0.642344 0.018459
124 0.834879 0.652332 0.018156
125 0.834879 0.665313 0.0160595
126 0.834879 0.67618 0.0151232
127 0.834879 0.663518 0.0191532
128 0.834879 0.662517 0.0192358
129 0.834879 0.674367 0.01331
130 0.834879 0.676211 0.0126071
131 0.834976 0.671433 0.017497
132 0.834976 0.659395 0.0195744
133 0.834976 0.683419 0.0131334
134 0.834976 0.678567 0.0147529
135 0.835152 0.671514 0.0155332
136 0.835152 0.677193 0.0130342
137 0.835152 0.695758 0.0114774
138 0.835152 0.685051 0.0129115
139 0.835152 0.676815 0.0145456
140 0.835152 0.676566 0.0129696
141 0.835152 0.677155 0.0119056
142 0.835152 0.667842 0.0146817
143 0.835152 0.652441 0.0194942
144 0.835152 0.67342 0.0137754
145 0.835162 0.681358 0.0148279
146 0.836135 0.672115 0.0177246
147 0.836135 0.67825 0.0136646
148 0.836135 0.653733 0.0155987
149 0.836135 0.653307 0.0146846
150 0.836135 0.672967 0.0134936
151 0.836135 0.669294 0.0147294
152 0.836135 0.652486 0.0180783
153 0.836135 0.648487 0.0187518
154 0.836135 0.649951 0.0192574
155 0.836135 0.621876 0.0237023
156 0.836135 0.629262 0.0233653
157 0.836135 0.629631 0.0241191
158 0.836135 0.626239 0.0265515
159 0.836135 0.624041 0.0277749
160 0.836135 0.639606 0.0271405
161 0.836135 0.642151 0.0230346
162 0.836135 0.623997 0.0244356
163 0.836135 0.620508 0.0245382
164 0.83641 0.635257 0.0203211
165 0.83641 0.635456 0.0225301
166 0.83641 0.647365 0.0200224
167 0.83641 0.647274 0.0165204
168 0.836437 0.638475 0.0189612
169 0.836437 0.647302 0.0178334
170 0.836437 0.658519 0.0207792
171 0.836925 0.663082 0.020782
172 0.836973 0.651611 0.0218492
173 0.836973 0.641708 0.0234344
174 0.836973 0.64674 0.0224372
175 0.836973 0.648074 0.0262145
176 0.836973 0.643678 0.0241108
177 0.836973 0.648656 0.0214254
178 0.836973 0.663401 0.0236507
179 0.836973 0.651449 0.022885
180 0.836973 0.648058 0.0233204
181 0.836973 0.663842 0.0213679
182 0.836973 0.659483 0.0200153
183 0.836973 0.65263 0.021499
184 0.836973 0.663447 0.0204513
185 0.836973 0.650193 0.0186953
186 0.836973 0.651679 0.0217297
187 0.836973 0.654579 0.0203249
188 0.836973 0.659799 0.0176534
189 0.836973 0.65954 0.0188083
190 0.836973 0.664772 0.016028
191 0.836973 0.683608 0.0152739
192 0.836973 0.682057 0.0159129
193 0.836973 0.655279 0.0180903
194 0.836973 0.653966 0.0211985
195 0.836973 0.684004 0.0162547
196 0.836973 0.687843 0.0142128
197 0.836973 0.692009 0.0140322
198 0.836973 0.681669 0.0163315
199 0.836973 0.690843 0.0137918
200 0.836973 0.674225 0.0171938
201 0.836973 0.668298 0.0170088
202 0.836973 0.671971 0.0145245
203 0.836973 0.66067 0.0144085
204 0.836973 0.648161 0.0193831
205 0.836973 0.658259 0.0180415
206 0.836973 0.629847 0.0243373
207 0.836973 0.635579 0.0231105
208 0.836973 0.652118 0.0191608
209 0.836973 0.662709 0.021641
210 0.836973 0.652987 0.0214274
211 0.836973 0.67691 0.0154479
212 0.836973 0.691039 0.014431
213 0.837819 0.679237 0.0156768
214 0.837819 0.666295 0.0182267
215 0.837819 0.68778 0.0165769
216 0.837819 0.694369 0.0134972
217 0.837819 0.669845 0.0145957
218 0.837819 0.67617 0.0129396
219 0.837819 0.676415 0.0155702
220 0.837819 0.674073 0.0168298
221 0.837819 0.684563 0.0169908
222 0.837819 0.672205 0.0183101
223 0.837819 0.664349 0.0190929
224 0.837819 0.662756 0.0202558
225 0.837819 0.679929 0.0182243
226 0.837819 0.675152 0.0157406
227 0.837819 0.675567 0.015225
228 0.837819 0.679647 0.0159875
229 0.837819 0.666686 0.019657
230 0.837819 0.681097 0.0173717
231 0.837819 0.660285 0.0186417
232 0.837819 0.656246 0.02211
233 0.837819 0.666741 0.0166747
234 0.837819 0.671428 0.0178369
235 0.837819 0.666093 0.018204
236 0.837819 0.654245 0.0186054
237 0.837819 0.663285 0.019186
238 0.837819 0.648949 0.0207941
239 0.837819 0.624802 0.0228411
240 0.837819 0.62939 0.0215748
241 0.837819 0.644033 0.0198733
242 0.837819 0.644972 0.0177755
243 0.837819 0.64493 0.02025
244 0.837819 0.631156 0.0219025
245 0.837819 0.629414 0.0227056
246 0.837819 0.620456 0.0244969
247 0.837819 0.637285 0.0247916
248 0.837819 0.675502 0.0181964
249 0.837819 0.668142 0.0204825
250 0.837819 0.669368 0.0191626
251 0.837819 0.685506 0.0182509
252 0.837819 0.683918 0.0172295
253 0.837819 0.67015 0.01868
254 0.837819 0.686915 0.0172829
255 0.837819 0.694364 0.0157857
256 0.837819 0.699953 0.0125486
257 0.837819 0.705153 0.0144906
258 0.837819 0.686147 0.0161586
259 0.838087 0.7059 0.017029
260 0.838087 0.687756 0.0184538
261 0.838087 0.682074 0.0177436
262 0.838087 0.673577 0.0176221
263 0.838087 0.672675 0.0174566
264 0.838087 0.675846 0.0181038
265 0.838087 0.673652 0.0168092
266 0.838087 0.67087 0.0208792
267 0.838087 0.670138 0.0181316
268 0.838087 0.677606 0.01312
269 0.838087 0.683423 0.0144231
270 0.838087 0.688654 0.0158464
271 0.838087 0.691014 0.0138754
272 0.838087 0.689373 0.0163316
273 0.838087 0.69453 0.0141931
274 0.838087 0.685814 0.0172991
275 0.838087 0.688171 0.0175377
276 0.838087 0.669752 0.018229
277 0.838087 0.649459 0.024103
278 0.838087 0.66077 0.016963
279 0.838087 0.664981 0.0189477
280 0.838087 0.664684 0.015996
281 0.838087 0.66628 0.0125649
282 0.838087 0.659293 0.0172994
283 0.838087 0.667695 0.0154828
284 0.838087 0.650405 0.0197191
285 0.838087 0.641153 0.02055
286 0.838087 0.639859 0.0187516
287 0.838087 0.656022 0.0169508
288 0.838087 0.649939 0.0206722
289 0.838087 0.643785 0.0205008
290 0.838087 0.637772 0.0206907
291 0.838087 0.644649 0.0178856
292 0.838087 0.664071 0.014352
293 0.838087 0.664165 0.0137222
294 0.838087 0.660955 0.0173324
295 0.838087 0.656496 0.0175258
296 0.838087 0.660435 0.0167643
297 0.838087 0.687145 0.011975
298 0.838203 0.693171 0.0129571
299 0.838203 0.679155 0.0139078
300 0.838203 0.686215 0.0127599
301 0.838203 0.675877 0.0165418
302 0.838203 0.681454 0.0181767
303 0.838203 0.683242 0.0172604
304 0.838261 0.670192 0.0209319
305 0.838261 0.653751 0.0199777
306 0.838261 0.666951 0.0201116
307 0.838261 0.663457 0.0223436
308 0.838261 0.662595 0.0210995
309 0.838261 0.663804 0.0160485
310 0.838261 0.665175 0.016282
311 0.838261 0.660847 0.0163002
312 0.838261 0.659692 0.016791
313 0.838261 0.65775 0.0185005
314 0.838261 0.658156 0.0219161
315 0.838261 0.652564 0.0220854
316 0.838261 0.666092 0.0229511
317 0.838261 0.663127 0.0233262
318 0.838261 0.661714 0.0209476
319 0.838261 0.659916 0.0234419
320 0.838261 0.676597 0.0202923
321 0.838261 0.664036 0.0248664
322 0.838261 0.666372 0.0192616
323 0.838261 0.665517 0.018594
324 0.838261 0.664911 0.0187705
325 0.838261 0.684437 0.0173189
326 0.838261 0.66558 0.022568
327 0.838261 0.665091 0.0181436
328 0.838261 0.657716 0.0194755
329 0.838261 0.654992 0.0164939
330 0.838261 0.641479 0.0208408
331 0.838261 0.653563 0.0200361
332 0.838261 0.662678 0.0180585
333 0.838261 0.668853 0.0142846
334 0.838261 0.659769 0.0158361
335 0.838261 0.662036 0.0179064
336 0.838261 0.662002 0.018653
337 0.838261 0.672704 0.0174319
338 0.838261 0.675274 0.0216805
339 0.838261 0.682481 0.0170091
340 0.838261 0.684462 0.0153852
341 0.838261 0.685696 0.014947
342 0.838261 0.676502 0.0160072
343 0.838261 0.688138 0.0125309
344 0.838261 0.68204 0.0139927
345 0.838261 0.700548 0.0121255
346 0.838261 0.694945 0.014949
347 0.838261 0.681264 0.0199124
348 0.838261 0.688276 0.018307
349 0.838261 0.694228 0.0148137
350 0.838261 0.69262 0.0147494
351 0.838261 0.701106 0.012873
352 0.838261 0.686053 0.014086
353 0.838261 0.695773 0.0160175
354 0.838261 0.676172 0.0207163
355 0.838261 0.662039 0.022956
356 0.838261 0.664957 0.0205476
357 0.838261 0.669975 0.0192611
358 0.838261 0.668107 0.0189921
359 0.838261 0.675833 0.0132437
360 0.838261 0.680834 0.013602
361 0.838261 0.674817 0.0130294
362 0.838261 0.684184 0.0144779
363 0.838261 0.671264 0.0145788
364 0.838261 0.675295 0.0143544
365 0.838261 0.676379 0.0134824
366 0.838261 0.667626 0.0179448
367 0.838261 0.652514 0.0196307
368 0.838261 0.657034 0.0213374
369 0.838261 0.652916 0.0207441
370 0.838261 0.664616 0.0218221
371 0.838261 0.67846 0.0191084
372 0.838261 0.681918 0.0176595
373 0.838261 0.670724 0.0175556
374 0.838261 0.656253 0.0220498
375 0.838261 0.662202 0.0189025
376 0.838261 0.668201 0.0174734
377 0.838261 0.673702 0.0167718
378 0.838261 0.667838 0.0204068
379 0.838261 0.649878 0.0210063
380 0.838261 0.664389 0.0203169
381 0.838261 0.67424 0.0144464
382 0.838261 0.676987 0.0162577
383 0.838261 0.667817 0.0180836
384 0.838261 0.653259 0.019825
385 0.838261 0.653226 0.0192086
386 0.838261 0.659323 0.0166177
387 0.838261 0.674989 0.0136955
388 0.838261 0.689983 0.0115263
389 0.838261 0.672844 0.0138353
390 0.838261 0.668933 0.0146628
391 0.838261 0.675677 0.014287
392 0.838261 0.664295 0.0158345
393 0.838261 0.671144 0.017115
394 0.838261 0.659271 0.0204291
395 0.838261 0.656227 0.0189952
396 0.838261 0.66864 0.0187386
397 0.838261 0.676415 0.0165479
398 0.838261 0.668777 0.0200407
399 0.838261 0.682952 0.0153249
400 0.838261 0.677076 0.0190388
401 0.838261 0.678935 0.0187933
402 0.838261 0.676335 0.0176906
403 0.838261 0.663856 0.0192837
404 0.838261 0.651406 0.0213899
405 0.838261 0.648564 0.0258585
406 0.838261 0.663361 0.024116
407 0.838261 0.638206 0.024687
408 0.838261 0.623299 0.0299728
409 0.838261 0.621014 0.0291557
410 0.838261 0.62487 0.024982
411 0.838261 0.648566 0.0184658
412 0.838261 0.661851 0.0189459
413 0.838261 0.679747 0.0188002
414 0.838261 0.674242 0.0197224
415 0.838261 0.679515 0.0203634
416 0.838261 0.667977 0.0222001
417 0.838261 0.662888 0.0242511
418 0.838261 0.6492 0.0263093
419 0.838261 0.628179 0.0281425
420 0.838261 0.649099 0.027225
421 0.838261 0.657889 0.0194975
422 0.838261 0.646531 0.0219327
423 0.838261 0.650612 0.0227531
424 0.838261 0.663953 0.018482
425 0.838261 0.671168 0.0167869
426 0.838261 0.689759 0.0138325
427 0.838261 0.701168 0.0103178
428 0.838261 0.684697 0.0135197
429 0.838261 0.694171 0.0137211
430 0.838261 0.682113 0.013262
431 0.838261 0.68731 0.0152933
432 0.838261 0.666004 0.0177785
433 0.838261 0.675162 0.0197509
434 0.838261 0.668284 0.0184433
435 0.838261 0.662085 0.0181823
436 0.838261 0.657995 0.0204603
437 0.838261 0.670043 0.0187486
438 0.838261 0.67707 0.0167667
439 0.838261 0.661103 0.0185954
440 0.838261 0.65657 0.0186172
441 0.838261 0.667739 0.0176816
442 0.838261 0.667461 0.0204397
443 0.838261 0.666113 0.0232919
444 0.838261 0.673996 0.0222191
445 0.838261 0.682368 0.0181599
446 0.838261 0.667803 0.0163866
447 0.838261 0.682172 0.0134912
448 0.838261 0.68353 0.0144459
449 0.838261 0.667545 0.0224473
450 0.838261 0.66341 0.0220229
451 0.838261 0.676623 0.0131222
452 0.838261 0.680913 0.0131745
453 0.838261 0.690387 0.0128531
454 0.838261 0.702192 0.011611
455 0.838261 0.683483 0.0166204
456 0.838261 0.67322 0.0195321
457 0.838261 0.671382 0.0175449
458 0.838261 0.67373 0.0152771
459 0.838261 0.667354 0.0154689
460 0.838261 0.663831 0.0158517
461 0.838261 0.682297 0.0136282
462 0.838261 0.671621 0.0157274
463 0.838353 0.663373 0.0147332
464 0.838353 0.661277 0.017074
465 0.838353 0.655817 0.0165818
466 0.838353 0.670475 0.0173582
467 0.838353 0.669806 0.0178183
468 0.838353 0.669951 0.0215699
469 0.838353 0.666432 0.0216484
470 0.838353 0.67446 0.0189423
471 0.838353 0.670899 0.0175671
472 0.838353 0.670441 0.0204265
473 0.838353 0.686699 0.0150125
474 0.838353 0.691708 0.0139826
475 0.838353 0.693453 0.0121525
476 0.838353 0.706137 0.0105868
477 0.838353 0.693987 0.0131601
478 0.838353 0.677819 0.0154779
479 0.838353 0.690084 0.0160028
480 0.838353 0.703793 0.01476
481 0.838353 0.684923 0.020326
482 0.838353 0.682106 0.017797
483 0.838353 0.662226 0.0203147
484 0.838353 0.668648 0.0176631
485 0.838353 0.662373 0.0162037
486 0.838353 0.668935 0.0165489
487 0.838353 0.667477 0.0142267
488 0.838353 0.663336 0.0148172
489 0.838353 0.662851 0.0166806
490 0.838353 0.666697 0.017121
491 0.838353 0.670344 0.017861
492 0.838353 0.661715 0.0193504
493 0.838353 0.654625 0.0201103
494 0.838353 0.65452 0.0198917
495 0.838353 0.666111 0.0175373
496 0.838353 0.665023 0.0186452
497 0.838353 0.666548 0.016767
498 0.838353 0.670992 0.0186204
499 0.838353 0.669771 0.0154569
500 0.838353 0.677046 0.0146664
501 0.838353 0.66727 0.0153811
502 0.838353 0.664688 0.0165223
503 0.838353 0.662226 0.0158597
504 0.838353 0.681503 0.0161088
505 0.838353 0.687349 0.0165006
506 0.838353 0.692563 0.0187034
507 0.838353 0.687465 0.0156996
508 0.838353 0.693818 0.0183176
509 0.838353 0.678893 0.0183419
510 0.838353 0.675618 0.0169625
511 0.838353 0.670954 0.0176181
512 0.838353 0.69063 0.0136758
513 0.838353 0.676017 0.0149355
514 0.838353 0.683904 0.014143
515 0.838353 0.668489 0.0184213
516 0.838353 0.659977 0.0216548
517 0.838353 0.655787 0.0239341
518 0.838353 0.648331 0.0227111
519 0.838353 0.656971 0.0184744
520 0.838353 0.654705 0.0191972
521 0.838353 0.671633 0.019639
522 0.838353 0.663782 0.0183181
523 0.838353 0.65833 0.0167633
524 0.838353 0.650355 0.0195833
525 0.838353 0.670205 0.0164183
526 0.838353 0.6579 0.0176293
527 0.838353 0.657729 0.0194411
528 0.838353 0.664456 0.0186375
529 0.838353 0.680396 0.0142312
530 0.838353 0.678789 0.01404
531 0.838353 0.686739 0.0147059
532 0.838353 0.686176 0.014572
533 0.838353 0.692501 0.0143482
534 0.838353 0.694915 0.0126119
535 0.838353 0.692487 0.0141625
536 0.838353 0.683778 0.0160978
537 0.838353 0.66263 0.0181646
538 0.838353 0.675675 0.0157073
539 0.838502 0.663377 0.0190407
540 0.838502 0.656756 0.0216677
541 0.838502 0.665294 0.0215878
542 0.838502 0.64917 0.0212206
543 0.838502 0.645151 0.018904
544 0.838502 0.664152 0.0161607
545 0.838502 0.640136 0.0183613
546 0.838502 0.652685 0.0183883
547 0.838502 0.650691 0.0194966
548 0.838502 0.656498 0.0192703
549 0.838502 0.651189 0.0187894
550 0.838502 0.650306 0.017178
551 0.838502 0.636874 0.0181629
552 0.838502 0.628551 0.0234134
553 0.838502 0.638891 0.0218264
554 0.838502 0.634947 0.0241515
555 0.838502 0.636518 0.0237722
556 0.838502 0.623678 0.0203563
557 0.838502 0.625045 0.0199256
558 0.838502 0.639682 0.0176251
559 0.838502 0.658103 0.016818
560 0.838502 0.660056 0.020482
561 0.838502 0.673469 0.0138069
562 0.838502 0.66249 0.0158534
563 0.838502 0.664833 0.0190158
564 0.838502 0.660006 0.0186939
565 0.838502 0.66318 0.01697
566 0.838502 0.655356 0.0179197
567 0.838502 0.653882 0.0185836
568 0.838502 0.629408 0.0219381
569 0.838502 0.642973 0.0247619
570 0.838502 0.652013 0.0221154
571 0.838502 0.669251 0.0180972
572 0.838502 0.656234 0.0178672
573 0.838502 0.64746 0.0196847
574 0.838502 0.661617 0.0160742
575 0.838502 0.664313 0.0196877
576 0.838502 0.658126 0.0198609
577 0.838502 0.666906 0.0201881
578 0.838502 0.662342 0.0168219
579 0.838502 0.655082 0.0190273
580 0.838502 0.651093 0.0186632
581 0.838502 0.673999 0.0130018
582 0.838502 0.674746 0.0153428
583 0.838502 0.662384 0.0202293
584 0.838502 0.653135 0.0198512
585 0.838502 0.664382 0.0181904
586 0.838502 0.644127 0.0221556
587 0.838502 0.64787 0.0260565
588 0.838502 0.641351 0.0231531
589 0.838502 0.633718 0.0237076
590 0.838502 0.627157 0.023657
591 0.838502 0.652621 0.0216904
592 0.838502 0.650081 0.0230763
593 0.838502 0.638958 0.0203029
594 0.838502 0.6434 0.0249427
595 0.838502 0.660197 0.0184754
596 0.838502 0.668028 0.0169845
597 0.838502 0.666163 0.0165332
598 0.838502 0.67234 0.0169621
599 0.838502 0.674523 0.0161958
600 0.838502 0.658355 0.0176109
601 0.838502 0.640853 0.0211951
602 0.838502 0.657208 0.0181247
603 0.838502 0.669284 0.016507
604 0.838502 0.687823 0.0146556
605 0.838502 0.67569 0.019007
606 0.838502 0.671096 0.0176233
607 0.838502 0.687496 0.0155761
608 0.838502 0.702269 0.0123893
609 0.838502 0.698552 0.0121549
610 0.838502 0.687955 0.0126509
611 0.838502 0.685633 0.0148165
612 0.838502 0.67982 0.0172469
613 0.838502 0.673463 0.0172407
614 0.838502 0.671774 0.0188173
615 0.838502 0.661492 0.0190297
616 0.838502 0.666302 0.020077
617 0.838502 0.653206 0.0175646
618 0.838502 0.663258 0.016416
619 0.838502 0.666674 0.0146625
620 0.838502 0.668689 0.0181698
621 0.838502 0.676605 0.01641
622 0.838502 0.663535 0.0192769
623 0.838502 0.655829 0.0219138
624 0.838502 0.661178 0.0234196
625 0.838502 0.65814 0.0239986
626 0.838502 0.665162 0.0233039
627 0.838502 0.662091 0.0214522
628 0.838502 0.661358 0.0208007
629 0.838502 0.661894 0.0170557
630 0.838502 0.669834 0.0165595
631 0.838502 0.65485 0.0159574
632 0.838502 0.658 0.0180467
633 0.838502 0.667523 0.0146729
634 0.838502 0.678469 0.012715
635 0.838502 0.678856 0.0146476
636 0.838502 0.679378 0.0169787
637 0.838502 0.678479 0.0158587
638 0.838502 0.671477 0.0175978
639 0.838502 0.665431 0.0200396
640 0.838502 0.675765 0.014587
641 0.838502 0.681132 0.0159211
642 0.838502 0.671223 0.0196524
643 0.838569 0.676784 0.0168991
644 0.838569 0.683397 0.0144852
645 0.838569 0.68142 0.015236
646 0.838569 0.67323 0.0149931
647 0.838569 0.692327 0.0157496
648 0.838569 0.675946 0.0217809
649 0.838569 0.673255 0.0201319
650 0.838569 0.666901 0.0199184
651 0.838569 0.659618 0.0215096
652 0.838569 0.655362 0.0253532
653 0.838569 0.673205 0.0176731
654 0.838569 0.688337 0.0149673
655 0.838569 0.6821 0.0131453
656 0.838569 0.666956 0.0155653
657 0.838569 0.666115 0.0184684
658 0.838569 0.650568 0.0197459
659 0.838569 0.652814 0.0210716
660 0.838569 0.638837 0.0221508
661 0.838569 0.639117 0.0217725
662 0.838569 0.653688 0.0198446
663 0.838569 0.647655 0.0184193
664 0.838569 0.67032 0.0161941
665 0.838569 0.673301 0.0162926
666 0.838569 0.662739 0.016144
667 0.838569 0.653785 0.0186654
668 0.838569 0.657188 0.018267
669 0.838569 0.655834 0.0221823
670 0.838569 0.665475 0.0200921
671 0.838569 0.656706 0.0213191
672 0.838569 0.658823 0.0178905
673 0.838569 0.661248 0.0199264
674 0.838569 0.674651 0.0160245
675 0.838569 0.663988 0.0181069
676 0.838569 0.672277 0.0177541
677 0.838569 0.665196 0.0190107
678 0.838569 0.668006 0.0168355
679 0.838569 0.685266 0.0146115
680 0.838569 0.670693 0.0157218
681 0.838569 0.654973 0.0177603
682 0.838569 0.645961 0.0196994
683 0.838569 0.644572 0.0185716
684 0.838569 0.635416 0.0215706
685 0.838569 0.65935 0.0199452
686 0.838569 0.678435 0.0169252
687 0.838569 0.669539 0.0169444
688 0.838569 0.686019 0.0158464
689 0.838569 0.699427 0.0122977
690 0.838569 0.686308 0.0147426
691 0.838569 0.682327 0.0170135
692 0.838569 0.68662 0.0145834
693 0.838569 0.699512 0.0110967
694 0.838569 0.690976 0.0157011
695 0.838569 0.676737 0.0163206
696 0.838569 0.684526 0.0161284
697 0.838569 0.710515 0.00896021
698 0.838569 0.689843 0.0126968
699 0.838569 0.688638 0.0142527
700 0.838569 0.681211 0.0165262
701 0.838569 0.679961 0.0157282
702 0.838569 0.669679 0.0164658
703 0.838569 0.677514 0.0181812
704 0.838569 0.672844 0.0183364
705 0.838569 0.683023 0.0186463
706 0.838569 0.699292 0.0149647
707 0.838569 0.688199 0.0147033
708 0.838569 0.692888 0.0146189
709 0.838569 0.706953 0.00985226
710 0.838569 0.687814 0.0144268
711 0.838569 0.674599 0.0162745
712 0.838569 0.681452 0.0139059
713 0.838569 0.679432 0.0175723
714 0.838569 0.667262 0.0202023
715 0.838569 0.675133 0.0165608
716 0.838569 0.67675 0.0138229
717 0.838569 0.661483 0.0185669
718 0.838569 0.645072 0.0219032
719 0.838569 0.636506 0.0193145
720 0.838569 0.642876 0.02152
721 0.838569 0.645598 0.0216233
722 0.838569 0.652218 0.0185537
723 0.838569 0.649548 0.017348
724 0.838569 0.660303 0.0185861
725 0.838569 0.658689 0.0186135
726 0.838569 0.653248 0.0165988
727 0.838569 0.639131 0.0160668
728 0.838569 0.643365 0.0195538
729 0.838569 0.649266 0.015598
730 0.838569 0.645493 0.0188184
731 0.838569 0.64825 0.0192059
732 0.838569 0.645553 0.0197756
733 0.838569 0.653745 0.0174077
734 0.838569 0.643957 0.020272
735 0.838569 0.649136 0.0200292
736 0.838569 0.65169 0.020433
737 0.838569 0.651916 0.0200847
738 0.838569 0.662305 0.0184511
739 0.838569 0.658989 0.020261
740 0.838569 0.670359 0.0175966
741 0.838569 0.652429 0.0176735
742 0.838569 0.662311 0.0191443
743 0.838569 0.646974 0.021402
744 0.838569 0.661221 0.0207521
745 0.838569 0.671053 0.017774
746 0.838569 0.668967 0.0144967
747 0.838569 0.685526 0.0120613
748 0.838569 0.674075 0.0161828
749 0.838569 0.669662 0.0162601
750 0.838569 0.664595 0.0202369
751 0.838569 0.673354 0.0163761
752 0.838604 0.677088 0.0167092
753 0.838604 0.673512 0.0182152
754 0.838604 0.667601 0.0163717
755 0.838604 0.681295 0.0158824
756 0.838604 0.685384 0.0155796
757 0.838604 0.66297 0.016693
758 0.838604 0.65278 0.0207757
759 0.838604 0.656512 0.0172988
760 0.838604 0.676381 0.0154326
761 0.838604 0.664276 0.0213521
762 0.838604 0.672321 0.0205846
763 0.838604 0.66915 0.01723
764 0.838604 0.665076 0.0185
765 0.838604 0.671575 0.0179453
766 0.838604 0.656149 0.0199128
767 0.838604 0.669656 0.017528
768 0.838604 0.677201 0.0169693
769 0.838604 0.670786 0.0200135
770 0.838604 0.674937 0.0198291
771 0.838604 0.672273 0.0133681
772 0.838604 0.682682 0.0113721
773 0.838604 0.673216 0.0159513
774 0.838604 0.675554 0.0145381
775 0.838604 0.663299 0.0150665
776 0.838604 0.655857 0.0166904
777 0.838604 0.671276 0.0149435
778 0.838604 0.669301 0.0162543
779 0.838604 0.686477 0.0122249
780 0.838604 0.667992 0.0131005
781 0.838604 0.679648 0.0170585
782 0.838604 0.673074 0.0176605
783 0.838604 0.668118 0.0175808
784 0.838604 0.661547 0.0196857
785 0.838604 0.661383 0.0200188
786 0.838604 0.654416 0.0223181
787 0.838604 0.667971 0.0173615
788 0.838604 0.673751 0.0166998
789 0.838604 0.672658 0.0157302
790 0.838604 0.66613 0.019864
791 0.838604 0.667239 0.0174767
792 0.838604 0.669209 0.0139305
793 0.838604 0.682629 0.0175729
794 0.838604 0.679359 0.0161785
795 0.838604 0.656603 0.0199107
796 0.838604 0.647856 0.0211556
797 0.838604 0.655698 0.0214941
798 0.838604 0.651139 0.025468
799 0.838604 0.662951 0.0195195
800 0.838604 0.680773 0.0185448
801 0.838604 0.694797 0.0161505
802 0.838604 0.688705 0.0180969
803 0.838604 0.681809 0.0179277
804 0.838604 0.673562 0.0214026
805 0.838604 0.682288 0.0206742
806 0.838604 0.679909 0.0179753
807 0.838604 0.682622 0.0164311
808 0.838604 0.69263 0.0144074
809 0.838604 0.693887 0.0158922
810 0.838604 0.685425 0.0137765
811 0.838604 0.690989 0.0125384
812 0.838604 0.694621 0.0111213
813 0.838604 0.685906 0.0146183
814 0.838604 0.680404 0.0156591
815 0.838604 0.66673 0.0179315
816 0.838604 0.661126 0.0210213
817 0.838604 0.669811 0.0202003
818 0.838604 0.675363 0.0182017
819 0.838604 0.669925 0.018119
820 0.838604 0.678572 0.0161193
821 0.838604 0.679037 0.0173844
822 0.838604 0.686557 0.01409
823 0.838604 0.687636 0.0149794
824 0.838604 0.676613 0.0177817
825 0.838604 0.661159 0.0183098
826 0.838604 0.668309 0.0162343
827 0.838604 0.676264 0.0143979
828 0.838604 0.683843 0.0157603
829 0.838604 0.679424 0.0139928
830 0.838604 0.674136 0.0143432
831 0.838604 0.663611 0.015098
832 0.838604 0.666594 0.0178037
833 0.838604 0.652718 0.0211206
834 0.838604 0.660657 0.0149801
835 0.838604 0.666293 0.0151302
836 0.838604 0.66728 0.0161974
837 0.838604 0.669631 0.0167823
838 0.838604 0.6741 0.0147037
839 0.838604 0.665853 0.0181932
840 0.838604 0.656277 0.0206178
841 0.838604 0.648828 0.0223705
842 0.838604 0.661347 0.0186996
843 0.838604 0.645366 0.0183825
844 0.838604 0.668561 0.0198688
845 0.838604 0.642716 0.0249777
846 0.838604 0.655492 0.0226672
847 0.838604 0.658843 0.0212011
848 0.838604 0.653678 0.0212001
849 0.838604 0.658752 0.0196047
850 0.838604 0.665357 0.021101
851 0.838604 0.648273 0.0239137
852 0.838604 0.643504 0.0216929
853 0.838604 0.650284 0.0210411
854 0.838604 0.644284 0.0241355
855 0.838604 0.638152 0.0230461
856 0.838604 0.655172 0.0209045
857 0.838604 0.658071 0.0199915
858 0.838604 0.667755 0.0159236
859 0.838604 0.674565 0.0172685
860 0.838604 0.668239 0.01803
861 0.838604 0.673738 0.0159811
862 0.838604 0.670779 0.015169
863 0.838604 0.671439 0.0161942
864 0.838604 0.683331 0.0172254
865 0.838604 0.67725 0.0202916
866 0.838604 0.684801 0.0201468
867 0.838604 0.681131 0.01783
868 0.838604 0.677744 0.0162958
869 0.838604 0.678104 0.0162307
870 0.838604 0.677905 0.0165551
871 0.838604 0.649957 0.0205835
872 0.838604 0.654177 0.021356
873 0.838604 0.661531 0.0189656
874 0.838604 0.663932 0.0167707
875 0.838604 0.669407 0.0173559
876 0.838604 0.652824 0.0181669
877 0.838604 0.653782 0.0173606
878 0.838604 0.660903 0.0170888
879 0.838604 0.639287 0.0201593
880 0.838604 0.663335 0.0152498
881 0.838604 0.667836 0.0160559
882 0.838604 0.662486 0.020799
883 0.838604 0.658163 0.0191359
884 0.838604 0.660347 0.0188185
885 0.838604 0.663848 0.0169576
886 0.838604 0.680106 0.0151002
887 0.838604 0.673324 0.0163895
888 0.838604 0.672381 0.0147131
889 0.838604 0.662839 0.0165262
890 0.838604 0.66253 0.0163981
891 0.838604 0.669593 0.0176373
892 0.838604 0.666968 0.0171641
893 0.838604 0.667763 0.0170941
894 0.838604 0.65232 0.0180365
895 0.838604 0.661107 0.0183471
896 0.838604 0.663141 0.0167302
897 0.838604 0.679182 0.0125957
898 0.838604 0.690387 0.0152595
899 0.838604 0.680964 0.0135883
900 0.838604 0.683116 0.0121323
901 0.838604 0.678233 0.0110415
902 0.838604 0.683758 0.0133997
903 0.838604 0.684633 0.0131815
904 0.838604 0.687706 0.0130921
905 0.838604 0.695127 0.00996391
906 0.838604 0.695039 0.0133221
907 0.838604 0.678366 0.0146576
908 0.838604 0.683098 0.0154046
909 0.838604 0.661529 0.0154695
910 0.838604 0.674961 0.0143723
911 0.838604 0.675903 0.0159357
912 0.838604 0.655633 0.0173506
913 0.838604 0.647231 0.0229204
914 0.838604 0.667318 0.0220088
915 0.838604 0.666046 0.0238204
916 0.838604 0.657601 0.0225857
917 0.838604 0.66408 0.0170619
918 0.838604 0.670054 0.0138669
919 0.838604 0.678776 0.0147247
920 0.838604 0.674434 0.0152957
921 0.838604 0.68013 0.0147177
922 0.838604 0.677069 0.013525
923 0.838604 0.684622 0.0111662
924 0.838604 0.688085 0.00978284
925 0.838604 0.687693 0.0120226
926 0.838604 0.672407 0.0155751
927 0.838604 0.682097 0.0180792
928 0.838604 0.659729 0.0206342
929 0.838604 0.664018 0.0195046
930 0.838604 0.6674 0.020501
931 0.838604 0.678472 0.0193866
932 0.838604 0.673108 0.0215852
933 0.838604 0.682127 0.0169863
934 0.838604 0.672891 0.0168431
935 0.838604 0.67051 0.0172085
936 0.838604 0.654344 0.0192613
937 0.838604 0.66293 0.0225897
938 0.838604 0.67689 0.0153572
939 0.838604 0.685729 0.0128118
940 0.838604 0.68511 0.0132122
941 0.838604 0.673284 0.0148146
942 0.838604 0.669894 0.0175563
943 0.838604 0.667438 0.0185813
944 0.838604 0.69192 0.0111134
945 0.838604 0.683672 0.0129475
946 0.838604 0.683406 0.0121175
947 0.838604 0.657024 0.0151101
948 0.838604 0.664195 0.0165388
949 0.838604 0.672874 0.0117746
950 0.838604 0.681087 0.0132005
951 0.838604 0.69072 0.0133132
952 0.838604 0.675736 0.0163101
953 0.838604 0.674375 0.0178278
954 0.838604 0.676762 0.0176566
955 0.838604 0.664909 0.0179147
956 0.838604 0.665911 0.0193067
957 0.838604 0.673481 0.0166158
958 0.838604 0.680682 0.0153608
959 0.838604 0.674748 0.0139665
960 0.838604 0.656744 0.0160671
961 0.838604 0.662238 0.0218509
962 0.838604 0.653483 0.0165369
963 0.838604 0.66581 0.0158833
964 0.838604 0.666032 0.0173177
965 0.838604 0.654064 0.0169653
966 0.838604 0.671975 0.0145253
967 0.838604 0.668953 0.0171494
968 0.838604 0.684942 0.0151462
969 0.838604 0.699579 0.0122776
970 0.838604 0.691558 0.0132988
971 0.838604 0.692132 0.0112823
972 0.838604 0.689457 0.0137398
973 0.838604 0.682348 0.0133465
974 0.838604 0.693423 0.0128312
975 0.838604 0.657608 0.0182925
976 0.838604 0.660439 0.0212124
977 0.838604 0.646767 0.0244934
978 0.838604 0.655679 0.0233555
979 0.838604 0.65358 0.0232674
980 0.838604 0.632013 0.0245952
981 0.838604 0.642968 0.0249116
982 0.838604 0.645128 0.0220185
983 0.838604 0.645197 0.0220662
984 0.838604 0.650413 0.0187009
985 0.838604 0.640417 0.0224087
986 0.838604 0.64735 0.0233787
987 0.838604 0.649144 0.0220984
988 0.838604 0.64907 0.021443
989 0.838604 0.649421 0.022938
990 0.838604 0.648256 0.0227713
991 0.838604 0.663893 0.0206979
992 0.838604 0.673256 0.0186238
993 0.838604 0.676755 0.0172747
994 0.838604 0.670382 0.017667
995 0.838604 0.671713 0.0154016
996 0.838604 0.668359 0.0162719
997 0.838604 0.683364 0.0143895
998 0.838604 0.672913 0.0181187
999 0.838604 0.680407 0.016262
1000 0.838604 0.687741 0.0153002
