0 0.307964 0.249694 0.000241985
1 0.307964 0.251428 0.000343813
2 0.488022 0.257763 0.000949139
3 0.513726 0.261872 0.00187518
4 0.513726 0.271005 0.00272915
5 0.521123 0.278538 0.00430034
6 0.521123 0.290409 0.00601203
7 0.562636 0.30436 0.00879973
8 0.716055 0.314029 0.0130287
9 0.716055 0.332348 0.0172133
10 0.716055 0.343922 0.0216815
11 0.752853 0.354536 0.025345
12 0.752853 0.37381 0.0333696
13 0.752853 0.388564 0.0372548
14 0.773075 0.390449 0.0380713
15 0.773075 0.396102 0.0363642
16 0.773075 0.415156 0.0379226
17 0.773075 0.432214 0.0393712
18 0.773075 0.473268 0.040291
19 0.774882 0.499659 0.0353993
20 0.774882 0.509385 0.0336702
21 0.774882 0.516928 0.033514
22 0.774882 0.519027 0.0303314
23 0.775875 0.52153 0.0300847
24 0.775875 0.514106 0.0323763
25 0.775875 0.508339 0.0345441
26 0.775875 0.519478 0.0319663
27 0.801789 0.541919 0.0291857
28 0.801789 0.582146 0.0252808
29 0.801789 0.583904 0.0241484
30 0.801789 0.590375 0.0238123
31 0.801789 0.593814 0.0262996
32 0.811138 0.612535 0.0261843
33 0.812252 0.636902 0.0186173
34 0.812252 0.623991 0.0215456
35 0.812252 0.633261 0.0183391
36 0.812252 0.642235 0.0174854
37 0.812252 0.65361 0.0150712
38 0.812252 0.644537 0.0137806
39 0.812252 0.645794 0.0150121
40 0.812252 0.659908 0.0158027
41 0.812252 0.68128 0.0122394
42 0.817687 0.672203 0.0107194
43 0.817687 0.679799 0.00984569
44 0.817687 0.68326 0.00881944
45 0.819895 0.684481 0.00904921
46 0.819895 0.691673 0.0105305
47 0.825894 0.683087 0.0117105
48 0.825894 0.701613 0.00963078
49 0.825894 0.677851 0.012871
50 0.825894 0.683863 0.0135954
51 0.825894 0.678001 0.0142345
52 0.825894 0.659373 0.0144809
53 0.825894 0.688692 0.0120441
54 0.825894 0.67813 0.0131376
55 0.825894 0.673821 0.0132952
56 0.825894 0.684442 0.0110343
57 0.825894 0.682194 0.00917378
58 0.825894 0.689397 0.00928822
59 0.825894 0.681107 0.0121932
60 0.825894 0.69574 0.0101144
61 0.825894 0.691188 0.00965903
62 0.825894 0.700584 0.0108517
63 0.825894 0.695846 0.0126292
64 0.830671 0.70842 0.00941574
65 0.831163 0.715102 0.00756039
66 0.831163 0.719618 0.00782633
67 0.831163 0.705779 0.0094026
68 0.831163 0.70078 0.0115673
69 0.831163 0.706815 0.0104476
70 0.831163 0.681648 0.012013
71 0.831163 0.681911 0.0132075
72 0.831163 0.688013 0.0132745
73 0.831163 0.691831 0.0137576
74 0.83347 0.703587 0.0111624
75 0.83347 0.709213 0.00811237
76 0.83347 0.707937 0.00888781
77 0.83347 0.719642 0.00813283
78 0.83347 0.714558 0.00934587
79 0.83347 0.713171 0.011023
80 0.83347 0.71376 0.00919524
81 0.83347 0.70053 0.0106063
82 0.83347 0.704968 0.0109842
83 0.83347 0.705825 0.0103391
84 0.83347 0.702141 0.00857182
85 0.83347 0.699267 0.0124212
86 0.83347 0.705171 0.00987713
87 0.83347 0.695412 0.01129
88 0.83347 0.683915 0.0135563
89 0.83347 0.679323 0.0125546
90 0.83347 0.682679 0.0144597
91 0.83347 0.688225 0.0153504
92 0.83347 0.700119 0.0132747
93 0.83347 0.69364 0.0138682
94 0.83347 0.694446 0.0138095
95 0.83347 0.697299 0.0104785
96 0.83347 0.696914 0.0112573
97 0.83347 0.71583 0.00857994
98 0.83347 0.715031 0.00834422
99 0.83347 0.714326 0.00893938
100 0.83347 0.728008 0.00794675
101 0.83517 0.720861 0.0101784
102 0.835287 0.716243 0.0110414
103 0.835287 0.716999 0.012173
104 0.835287 0.722532 0.00829577
105 0.835287 0.721062 0.00957386
106 0.835287 0.71698 0.00969302
107 0.835287 0.71439 0.00784413
108 0.835287 0.729297 0.00681566
109 0.835287 0.702296 0.0086163
110 0.835287 0.713969 0.0103422
111 0.835287 0.708459 0.0111896
112 0.835287 0.713095 0.0128181
113 0.835287 0.705696 0.010125
114 0.835287 0.718778 0.0102317
115 0.835287 0.711109 0.01054
116 0.835287 0.714429 0.00915249
117 0.835287 0.72143 0.00914788
118 0.835287 0.718027 0.0111023
119 0.835874 0.721478 0.0118091
120 0.835874 0.710401 0.0120794
121 0.835874 0.717096 0.00895448
122 0.835874 0.710489 0.00890184
123 0.835874 0.716923 0.00920952
124 0.835874 0.717863 0.0102486
125 0.835874 0.700691 0.00985283
126 0.835874 0.731365 0.00646762
127 0.835874 0.723644 0.00831797
128 0.835874 0.707781 0.00742363
129 0.835874 0.70682 0.00809772
130 0.835874 0.717633 0.00877149
131 0.835874 0.694812 0.0128521
132 0.835874 0.70203 0.0125046
133 0.835874 0.701811 0.00970457
134 0.835874 0.706279 0.00885397
135 0.837794 0.715447 0.00895616
136 0.837862 0.718468 0.00717659
137 0.837862 0.729628 0.00715532
138 0.837862 0.717127 0.00838993
139 0.837862 0.702829 0.00912123
140 0.837862 0.700504 0.0109076
141 0.837862 0.713129 0.00857
142 0.837862 0.712759 0.00881409
143 0.837862 0.715929 0.00633698
144 0.837862 0.716518 0.00715332
145 0.837862 0.723986 0.00678438
146 0.837862 0.707523 0.0090859
147 0.837862 0.699509 0.00987301
148 0.837862 0.707261 0.00800386
149 0.837862 0.705314 0.00964354
150 0.837862 0.707397 0.00785551
151 0.837862 0.704431 0.0091056
152 0.837862 0.70107 0.00979862
153 0.837862 0.708203 0.00755834
154 0.837862 0.699546 0.00950348
155 0.837862 0.71592 0.00832051
156 0.837862 0.718794 0.00756687
157 0.837862 0.709703 0.00815664
158 0.837862 0.716471 0.00744095
159 0.837862 0.71937 0.00768776
160 0.837862 0.720453 0.00878155
161 0.838085 0.729636 0.00799814
162 0.841858 0.719575 0.0109571
163 0.841858 0.708679 0.0106183
164 0.841858 0.719666 0.00675379
165 0.841858 0.711537 0.00730963
166 0.841858 0.706632 0.00984138
167 0.841858 0.7128 0.00814852
168 0.841858 0.705762 0.0112193
169 0.841858 0.693702 0.0123927
170 0.841858 0.687897 0.0127464
171 0.841858 0.68652 0.0139507
172 0.841858 0.694735 0.0154855
173 0.841858 0.687901 0.014376
174 0.841858 0.697961 0.00887002
175 0.841858 0.706176 0.00929971
176 0.843449 0.711497 0.00957231
177 0.843449 0.704582 0.0114241
178 0.843449 0.710856 0.0102525
179 0.843449 0.699185 0.0113338
180 0.843449 0.718943 0.00868905
181 0.843449 0.718416 0.00816312
182 0.843449 0.717809 0.00815872
183 0.844395 0.726612 0.00855396
184 0.844395 0.721822 0.0096122
185 0.844395 0.724297 0.00869078
186 0.844395 0.723629 0.00756336
187 0.844395 0.732523 0.00570775
188 0.844395 0.719825 0.00727071
189 0.844395 0.725797 0.00660108
190 0.846361 0.720351 0.00769329
191 0.846361 0.724133 0.00665276
192 0.846361 0.713343 0.00860451
193 0.846361 0.70504 0.00984349
194 0.846361 0.704513 0.0074908
195 0.846361 0.709155 0.00891898
196 0.846386 0.719206 0.0076239
197 0.846386 0.715001 0.00685157
198 0.846386 0.71222 0.00700334
199 0.846386 0.71718 0.00677936
200 0.846386 0.730453 0.00603282
201 0.846386 0.696074 0.0114598
202 0.846386 0.696362 0.0117953
203 0.846386 0.710108 0.0109004
204 0.846386 0.708432 0.00968198
205 0.846386 0.701072 0.0131563
206 0.846386 0.69831 0.0126126
207 0.846386 0.682961 0.0130663
208 0.846386 0.699935 0.01367
209 0.846386 0.69642 0.010966
210 0.846386 0.692733 0.0118316
211 0.846386 0.693612 0.0105391
212 0.846386 0.701065 0.0101096
213 0.846386 0.695235 0.0095097
214 0.846386 0.708981 0.00859533
215 0.846386 0.707724 0.00920189
216 0.846386 0.699087 0.00985051
217 0.846386 0.707239 0.0105353
218 0.846386 0.685124 0.0137928
219 0.846386 0.685104 0.0125835
220 0.846386 0.702359 0.0111759
221 0.846386 0.694076 0.0112824
222 0.846386 0.692713 0.0131265
223 0.846386 0.701306 0.0126583
224 0.846386 0.703376 0.0116765
225 0.846386 0.693371 0.0143256
226 0.846386 0.707893 0.0119075
227 0.846386 0.707494 0.010909
228 0.846386 0.69756 0.0118177
229 0.846386 0.698718 0.0117939
230 0.846386 0.706188 0.00950827
231 0.846386 0.700287 0.0120414
232 0.846386 0.708881 0.0117972
233 0.846386 0.691044 0.0132902
234 0.846386 0.701118 0.0132802
235 0.846386 0.724085 0.0107108
236 0.846386 0.702565 0.012365
237 0.846386 0.69846 0.0115788
238 0.846386 0.705047 0.012727
239 0.846386 0.711259 0.0125141
240 0.846386 0.697212 0.0128124
241 0.846386 0.706979 0.0121947
242 0.846386 0.689864 0.0136534
243 0.846386 0.703392 0.0120491
244 0.846386 0.709387 0.0126701
245 0.846386 0.709802 0.0140853
246 0.846386 0.705463 0.013921
247 0.846386 0.711154 0.0115892
248 0.846386 0.717829 0.0110663
249 0.846386 0.701878 0.0120649
250 0.846386 0.700445 0.0111783
251 0.846386 0.69649 0.0119384
252 0.846386 0.677949 0.0117544
253 0.846386 0.685893 0.0102518
254 0.846386 0.713327 0.0101664
255 0.846386 0.706491 0.0105443
256 0.846386 0.725907 0.00668295
257 0.846386 0.717769 0.00900481
258 0.846386 0.699488 0.0104978
259 0.846386 0.705583 0.0120409
260 0.846386 0.69715 0.0139456
261 0.846386 0.710077 0.010104
262 0.846386 0.709636 0.0103143
263 0.846386 0.714624 0.0108752
264 0.846386 0.714944 0.011558
265 0.846858 0.710548 0.0116999
266 0.846858 0.697037 0.0129003
267 0.846858 0.684513 0.0145697
268 0.846858 0.700863 0.0132483
269 0.846858 0.696393 0.0131764
270 0.846858 0.708111 0.0124842
271 0.846858 0.703379 0.0114931
272 0.846858 0.695674 0.0117859
273 0.846858 0.710297 0.0129946
274 0.846858 0.700025 0.0139161
275 0.846858 0.715399 0.0112805
276 0.846858 0.710668 0.0116484
277 0.846858 0.713008 0.0107694
278 0.846858 0.724732 0.0082099
279 0.846858 0.726762 0.00729716
280 0.846858 0.733667 0.00727163
281 0.846858 0.733211 0.00807382
282 0.846858 0.734071 0.00821847
283 0.846858 0.713334 0.00909161
284 0.846858 0.727094 0.00829078
285 0.846858 0.712807 0.008337
286 0.846858 0.723444 0.00717838
287 0.846858 0.714372 0.00879742
288 0.846858 0.715723 0.0092549
289 0.846858 0.721226 0.00893752
290 0.846858 0.718652 0.0089061
291 0.846858 0.718814 0.00735769
292 0.846887 0.717628 0.00809467
293 0.846887 0.723689 0.00755704
294 0.846887 0.719559 0.0101518
295 0.846905 0.713887 0.011174
296 0.846905 0.700283 0.0124603
297 0.846905 0.716724 0.0122191
298 0.846905 0.701965 0.0114529
299 0.846905 0.714602 0.0118102
300 0.847021 0.717772 0.0117311
301 0.847021 0.705324 0.0128989
302 0.847021 0.694643 0.0116091
303 0.847021 0.693871 0.0102099
304 0.847021 0.703349 0.011245
305 0.847021 0.694616 0.0127578
306 0.847021 0.706338 0.0110458
307 0.847021 0.705517 0.0131148
308 0.847021 0.70489 0.0119471
309 0.847021 0.706223 0.00936711
310 0.847066 0.724133 0.00809156
311 0.847066 0.713235 0.00757531
312 0.847066 0.709781 0.0105106
313 0.847066 0.711867 0.0120493
314 0.847066 0.711144 0.0113175
315 0.847066 0.701903 0.010587
316 0.847066 0.716615 0.00868849
317 0.847066 0.712418 0.00971637
318 0.847066 0.71888 0.0108091
319 0.847066 0.729397 0.0095291
320 0.847066 0.704893 0.0133561
321 0.847066 0.696008 0.0135378
322 0.847066 0.68596 0.0144999
323 0.847066 0.693012 0.0145501
324 0.847066 0.704835 0.0141613
325 0.847066 0.697934 0.0132599
326 0.847066 0.708417 0.0110355
327 0.847066 0.702263 0.0139806
328 0.847066 0.685365 0.0121097
329 0.847066 0.693941 0.0130917
330 0.847066 0.705161 0.01162
331 0.847066 0.69931 0.0134589
332 0.847066 0.688615 0.0150895
333 0.847066 0.686157 0.0137192
334 0.847066 0.680105 0.0130807
335 0.847066 0.684614 0.0154966
336 0.847066 0.665462 0.0144058
337 0.847066 0.677635 0.013275
338 0.847066 0.672562 0.015433
339 0.847066 0.672707 0.0189075
340 0.847066 0.685306 0.0128904
341 0.847066 0.699533 0.01611
342 0.847066 0.69598 0.0132743
343 0.847066 0.705443 0.0116578
344 0.847066 0.709253 0.0113438
345 0.847066 0.703298 0.0118954
346 0.847066 0.695946 0.01338
347 0.847066 0.697215 0.0141889
348 0.847066 0.702953 0.00969599
349 0.847066 0.719788 0.0101847
350 0.847066 0.713613 0.0104504
351 0.847066 0.706487 0.0111533
352 0.847066 0.711418 0.0113789
353 0.847066 0.712144 0.0118361
354 0.847066 0.718968 0.011112
355 0.847066 0.704027 0.0111335
356 0.847066 0.682702 0.0132359
357 0.847066 0.686256 0.0110933
358 0.847066 0.693149 0.0107029
359 0.847066 0.685953 0.0102081
360 0.847066 0.693382 0.0127744
361 0.847066 0.698161 0.0147046
362 0.847066 0.693973 0.0125901
363 0.847066 0.690591 0.0120726
364 0.847066 0.689059 0.0121612
365 0.847066 0.70428 0.0122327
366 0.847066 0.699868 0.0120903
367 0.847066 0.706055 0.0142226
368 0.847066 0.70674 0.0102653
369 0.847066 0.69527 0.0108733
370 0.847066 0.69644 0.0115721
371 0.847066 0.707939 0.0116679
372 0.847066 0.706039 0.0132672
373 0.847066 0.717759 0.0137129
374 0.847066 0.720654 0.0128426
375 0.847066 0.718643 0.0136146
376 0.847066 0.708939 0.0120839
377 0.847066 0.710669 0.0102582
378 0.847066 0.710732 0.0103857
379 0.847066 0.694242 0.0114735
380 0.847066 0.709436 0.01454
381 0.847066 0.68826 0.0144327
382 0.847066 0.69919 0.01375
383 0.847066 0.696375 0.0166096
384 0.847066 0.680657 0.0151306
385 0.847066 0.694028 0.0135754
386 0.847066 0.683789 0.0151521
387 0.847066 0.682881 0.0133262
388 0.847066 0.666335 0.0139626
389 0.847066 0.667437 0.0153691
390 0.847066 0.675764 0.0175653
391 0.847066 0.693446 0.0147274
392 0.847307 0.689515 0.0166465
393 0.847307 0.68946 0.0124715
394 0.847307 0.693784 0.013007
395 0.847307 0.708027 0.0108307
396 0.847307 0.687705 0.0125993
397 0.847307 0.695991 0.0137134
398 0.847307 0.700848 0.0105119
399 0.847307 0.701552 0.00983733
400 0.847307 0.69907 0.010273
401 0.847307 0.697823 0.010953
402 0.847307 0.687555 0.0128935
403 0.847307 0.701287 0.0121763
404 0.847307 0.682534 0.013897
405 0.847307 0.699599 0.0148833
406 0.847307 0.716338 0.0112848
407 0.847307 0.700734 0.014823
408 0.847307 0.709924 0.0127304
409 0.847307 0.68913 0.0120877
410 0.847307 0.689901 0.0117101
411 0.847307 0.712135 0.00976332
412 0.847307 0.718318 0.00872749
413 0.847307 0.705913 0.00890287
414 0.847307 0.70889 0.0108916
415 0.847307 0.711476 0.0102669
416 0.847307 0.700239 0.0117574
417 0.847307 0.68589 0.0115868
418 0.847307 0.686693 0.0132155
419 0.847307 0.692868 0.0119273
420 0.847307 0.703214 0.00941911
421 0.847307 0.715621 0.00952996
422 0.847307 0.706568 0.00972213
423 0.847307 0.721937 0.0085573
424 0.847307 0.720004 0.00865047
425 0.847307 0.72248 0.00881717
426 0.847307 0.708348 0.010573
427 0.847307 0.709779 0.00776706
428 0.847307 0.721893 0.00783445
429 0.847307 0.728447 0.00864
430 0.847307 0.710454 0.00981389
431 0.847307 0.704864 0.0110269
432 0.847307 0.714513 0.0100764
433 0.847307 0.712488 0.00986924
434 0.847307 0.713768 0.0109213
435 0.847307 0.718378 0.00844561
436 0.847307 0.711 0.0108076
437 0.847307 0.711522 0.0104862
438 0.847307 0.68717 0.0139923
439 0.847307 0.706582 0.0131692
440 0.847307 0.705384 0.0111859
441 0.847307 0.706458 0.0114076
442 0.847307 0.713165 0.0114156
443 0.847307 0.714624 0.0101426
444 0.847307 0.705711 0.0103675
445 0.847307 0.712028 0.0089149
446 0.847307 0.707715 0.0100399
447 0.847307 0.713305 0.0082428
448 0.847307 0.715461 0.00787971
449 0.84731 0.722041 0.00823193
450 0.84731 0.717165 0.00876114
451 0.84731 0.711281 0.00825803
452 0.84731 0.711424 0.00927825
453 0.84731 0.703799 0.0114936
454 0.84731 0.698823 0.0135133
455 0.847842 0.698613 0.0112277
456 0.847842 0.705917 0.00963297
457 0.847842 0.685955 0.0114383
458 0.847842 0.685721 0.0138311
459 0.847842 0.695887 0.0149835
460 0.847842 0.685715 0.0122256
461 0.847842 0.667188 0.0148998
462 0.847842 0.667508 0.0141302
463 0.847842 0.675564 0.0175734
464 0.847842 0.69655 0.0160095
465 0.847842 0.706496 0.0135385
466 0.847842 0.706738 0.0136824
467 0.847842 0.700281 0.0173944
468 0.847842 0.709876 0.0117293
469 0.847842 0.695651 0.0120297
470 0.847842 0.695073 0.0120429
471 0.847842 0.682197 0.0152353
472 0.847842 0.687413 0.0154333
473 0.847842 0.715475 0.0118654
474 0.847842 0.701406 0.0132801
475 0.847842 0.69533 0.011455
476 0.847842 0.68469 0.0128106
477 0.848071 0.687925 0.01123
478 0.848071 0.703606 0.0102375
479 0.848071 0.707191 0.0122517
480 0.848071 0.710735 0.011037
481 0.848071 0.712427 0.00954862
482 0.848071 0.70869 0.0118765
483 0.848071 0.701309 0.0118777
484 0.848071 0.715887 0.0114134
485 0.848071 0.708901 0.0116928
486 0.848071 0.704926 0.0100006
487 0.848071 0.712918 0.0106842
488 0.848071 0.693853 0.0121399
489 0.848071 0.715694 0.0106752
490 0.848071 0.714623 0.00937347
491 0.848071 0.717167 0.00889148
492 0.848071 0.707915 0.0092191
493 0.848071 0.697714 0.0133102
494 0.848071 0.700246 0.0116975
495 0.848071 0.708704 0.0115154
496 0.848071 0.714901 0.0103914
497 0.848071 0.725458 0.00856784
498 0.848071 0.729746 0.00766474
499 0.848071 0.719481 0.0077838
500 0.848071 0.711203 0.00984171
501 0.848071 0.715512 0.00894214
502 0.848071 0.725567 0.00805804
503 0.848071 0.728312 0.00868552
504 0.848071 0.712391 0.0100816
505 0.848071 0.70464 0.0124129
506 0.848071 0.701934 0.0110779
507 0.848071 0.715952 0.00937607
508 0.848071 0.716973 0.00916249
509 0.848071 0.717429 0.00955396
510 0.848071 0.69162 0.0124775
511 0.848071 0.69195 0.0138812
512 0.848071 0.69004 0.0155078
513 0.848071 0.6951 0.0150065
514 0.848071 0.694109 0.0173917
515 0.848071 0.68823 0.0177159
516 0.848071 0.676991 0.0152522
517 0.848071 0.686135 0.0159999
518 0.848071 0.702133 0.0134061
519 0.848071 0.7072 0.0129918
520 0.848071 0.710911 0.0103783
521 0.84808 0.704765 0.0125781
522 0.84808 0.713476 0.00878556
523 0.84808 0.722228 0.00942765
524 0.84808 0.722081 0.00809965
525 0.84808 0.717663 0.00837849
526 0.84808 0.716541 0.00679915
527 0.84808 0.722538 0.00704223
528 0.848142 0.722719 0.00796528
529 0.848142 0.696651 0.0106145
530 0.848142 0.700949 0.0107135
531 0.848142 0.711216 0.00896593
532 0.848142 0.705758 0.01081
533 0.848142 0.703045 0.0089848
534 0.848142 0.716614 0.00753136
535 0.848142 0.72967 0.00835607
536 0.848142 0.724599 0.0058993
537 0.848142 0.729273 0.00686884
538 0.848142 0.718416 0.008853
539 0.848142 0.718537 0.00726808
540 0.848142 0.71962 0.00836721
541 0.848142 0.708685 0.00969973
542 0.848142 0.702673 0.010389
543 0.848142 0.687944 0.0107529
544 0.848142 0.693114 0.0112857
545 0.848142 0.698329 0.0114801
546 0.848142 0.710363 0.0104124
547 0.848142 0.715424 0.0104005
548 0.848142 0.706391 0.0103813
549 0.848142 0.708181 0.00949391
550 0.848142 0.717642 0.00747719
551 0.848142 0.703114 0.00893606
552 0.848142 0.707585 0.00764364
553 0.848142 0.715015 0.0073742
554 0.848142 0.711825 0.0100265
555 0.848142 0.706943 0.0124602
556 0.848142 0.690062 0.0101439
557 0.848142 0.701029 0.00845024
558 0.848142 0.690356 0.0112342
559 0.848142 0.692981 0.0100157
560 0.848142 0.707365 0.0084759
561 0.848142 0.713586 0.0100867
562 0.848142 0.709214 0.0111851
563 0.848142 0.718984 0.00902754
564 0.848142 0.716935 0.0112439
565 0.848142 0.703401 0.0113723
566 0.848142 0.71516 0.00915637
567 0.848142 0.713725 0.00997848
568 0.848142 0.722128 0.00837581
569 0.848142 0.715451 0.0080321
570 0.848142 0.715249 0.00888986
571 0.848142 0.725108 0.00830233
572 0.848142 0.712472 0.00943564
573 0.848142 0.696544 0.0106827
574 0.848142 0.702903 0.00952663
575 0.848142 0.709893 0.0097483
576 0.848142 0.698848 0.00941715
577 0.848142 0.701234 0.00994369
578 0.848142 0.680348 0.0131967
579 0.848142 0.682511 0.0142437
580 0.848142 0.6814 0.0153755
581 0.848142 0.705329 0.0114896
582 0.848142 0.707584 0.00956051
583 0.848142 0.70625 0.00889636
584 0.848142 0.705688 0.00975377
585 0.848142 0.705948 0.0094945
586 0.848142 0.70487 0.00945537
587 0.848142 0.698394 0.0112373
588 0.848142 0.694015 0.0131756
589 0.848142 0.707685 0.0107187
590 0.848142 0.697747 0.0119731
591 0.848142 0.700641 0.0107421
592 0.848199 0.694913 0.0108254
593 0.848289 0.700392 0.00995968
594 0.848289 0.714947 0.00748114
595 0.848289 0.722611 0.00805752
596 0.848289 0.713867 0.00741644
597 0.848289 0.708957 0.00730025
598 0.848289 0.72359 0.00659649
599 0.848289 0.721692 0.00726308
600 0.848289 0.704552 0.00893237
601 0.848289 0.717511 0.0113418
602 0.848289 0.708768 0.00939104
603 0.848289 0.720308 0.00812785
604 0.848289 0.725833 0.0088186
605 0.848289 0.722154 0.00872212
606 0.848289 0.71447 0.00989337
607 0.848289 0.708815 0.0108046
608 0.848289 0.705691 0.0108799
609 0.848289 0.697649 0.00984291
610 0.848289 0.699206 0.00934991
611 0.848289 0.714378 0.0090145
612 0.848289 0.703957 0.0107529
613 0.848289 0.698412 0.0101989
614 0.848289 0.694095 0.00953936
615 0.848289 0.688797 0.00934557
616 0.848289 0.701461 0.00976344
617 0.848289 0.692332 0.010863
618 0.848289 0.693143 0.0118382
619 0.848289 0.686811 0.0106957
620 0.848289 0.699576 0.00927835
621 0.848289 0.710472 0.00908736
622 0.848289 0.703236 0.010286
623 0.848289 0.702921 0.0100431
624 0.848289 0.722046 0.0092309
625 0.848289 0.706944 0.0109794
626 0.848289 0.701907 0.0118423
627 0.848289 0.70027 0.00914705
628 0.848289 0.711894 0.00884133
629 0.848289 0.707392 0.00741405
630 0.848289 0.698219 0.00973262
631 0.848289 0.709902 0.00866544
632 0.848289 0.688367 0.01205
633 0.848289 0.698454 0.0112545
634 0.848289 0.698523 0.00927702
635 0.848289 0.693167 0.0112061
636 0.848289 0.696901 0.0119111
637 0.848289 0.696609 0.0113021
638 0.848289 0.702556 0.0106643
639 0.848289 0.701783 0.0120451
640 0.848289 0.693488 0.0113341
641 0.848289 0.686756 0.0120107
642 0.848289 0.698405 0.0108121
643 0.848289 0.709086 0.00935666
644 0.848289 0.712764 0.00978039
645 0.848289 0.717129 0.00868166
646 0.848289 0.72189 0.00817668
647 0.848601 0.716949 0.00933681
648 0.848601 0.712024 0.010721
649 0.848601 0.701091 0.00816381
650 0.848601 0.715348 0.00904982
651 0.848601 0.719288 0.00794972
652 0.848601 0.727597 0.0080632
653 0.848601 0.720593 0.0116165
654 0.848601 0.7296 0.00643347
655 0.848601 0.722147 0.00757089
656 0.848601 0.727664 0.00674295
657 0.848601 0.729096 0.00936454
658 0.848601 0.705473 0.0113627
659 0.848601 0.691858 0.0135691
660 0.848601 0.693054 0.0149545
661 0.848601 0.699951 0.0131386
662 0.848601 0.69923 0.0124159
663 0.848601 0.692137 0.0115882
664 0.848601 0.700118 0.0100703
665 0.848601 0.703038 0.0110913
666 0.848601 0.693736 0.0100387
667 0.848739 0.706113 0.0108787
668 0.848739 0.708444 0.0105151
669 0.848739 0.718935 0.00837059
670 0.848739 0.69808 0.00927541
671 0.848739 0.707136 0.00911318
672 0.848781 0.697174 0.00995777
673 0.848781 0.700451 0.0127288
674 0.848781 0.697419 0.0140146
675 0.848781 0.694821 0.0156404
676 0.848781 0.685711 0.0143409
677 0.848781 0.700065 0.0125912
678 0.848781 0.700915 0.0131028
679 0.848781 0.697319 0.0135887
680 0.848781 0.691568 0.0147688
681 0.848781 0.699665 0.0144657
682 0.848791 0.690058 0.0185153
683 0.848791 0.6739 0.0171393
684 0.848791 0.699287 0.0146471
685 0.848791 0.679261 0.0153056
686 0.848791 0.703489 0.01353
687 0.848836 0.685947 0.015463
688 0.848836 0.682559 0.0155695
689 0.848836 0.672878 0.017034
690 0.848836 0.670089 0.0174943
691 0.848836 0.681986 0.0156109
692 0.848836 0.686526 0.0126714
693 0.848836 0.68399 0.0147109
694 0.848836 0.702505 0.0121013
695 0.848836 0.693743 0.013026
696 0.848836 0.691743 0.0126464
697 0.848836 0.674545 0.0144585
698 0.848836 0.674431 0.0144513
699 0.848836 0.685119 0.0126164
700 0.848836 0.703336 0.0114726
701 0.848836 0.704506 0.010872
702 0.848836 0.700869 0.0121489
703 0.848836 0.703917 0.0105252
704 0.848836 0.710834 0.0117608
705 0.848836 0.706698 0.0112874
706 0.848836 0.701943 0.0104901
707 0.848836 0.716822 0.00917357
708 0.848836 0.716972 0.00771018
709 0.848836 0.727799 0.00802347
710 0.848836 0.713288 0.0105769
711 0.848836 0.70579 0.0117802
712 0.848836 0.717558 0.0100023
713 0.848836 0.708766 0.0100313
714 0.848836 0.700482 0.0108145
715 0.848836 0.697269 0.0129071
716 0.848836 0.711544 0.0100674
717 0.848836 0.699738 0.0117653
718 0.848836 0.716801 0.010025
719 0.848836 0.714638 0.0113348
720 0.848836 0.723683 0.0113856
721 0.848836 0.707564 0.0117001
722 0.848836 0.703128 0.0135104
723 0.848836 0.704125 0.0148578
724 0.848836 0.697621 0.013183
725 0.848836 0.703931 0.0125221
726 0.848836 0.703709 0.0119659
727 0.848836 0.719043 0.0108811
728 0.848836 0.703441 0.0116629
729 0.848836 0.687526 0.0126632
730 0.848836 0.686719 0.014686
731 0.848836 0.674612 0.0149879
732 0.848867 0.695933 0.0151
733 0.848867 0.68954 0.016051
734 0.848867 0.710618 0.0125711
735 0.848867 0.697452 0.0149324
736 0.848867 0.70137 0.0116468
737 0.848867 0.7058 0.0121293
738 0.848867 0.711261 0.0101946
739 0.848942 0.708751 0.0128873
740 0.848942 0.697309 0.0119576
741 0.848942 0.700567 0.00951829
742 0.848942 0.690646 0.0116781
743 0.849079 0.687551 0.0110095
744 0.849079 0.705341 0.00965034
745 0.849079 0.708562 0.00870942
746 0.849079 0.702759 0.0105855
747 0.849079 0.693836 0.0103666
748 0.849079 0.691334 0.0107765
749 0.849079 0.709232 0.0129119
750 0.849079 0.697185 0.0110399
751 0.849079 0.703486 0.011691
752 0.849079 0.700742 0.0110289
753 0.849079 0.706153 0.00961812
754 0.849079 0.708315 0.00965467
755 0.849079 0.711062 0.0107861
756 0.849079 0.700961 0.0104379
757 0.849079 0.703296 0.00852736
758 0.849079 0.695636 0.0100499
759 0.849079 0.683248 0.0122356
760 0.849079 0.697719 0.0103675
761 0.849079 0.683794 0.011736
762 0.849079 0.679315 0.0117858
763 0.849079 0.683487 0.0136932
764 0.849079 0.690804 0.0128397
765 0.849079 0.698697 0.00958192
766 0.849079 0.701023 0.00941959
767 0.849079 0.722199 0.00677205
768 0.849079 0.717555 0.00937813
769 0.849079 0.707179 0.0116357
770 0.849079 0.705995 0.0111213
771 0.849079 0.711833 0.00902647
772 0.849079 0.707694 0.0087952
773 0.849079 0.703264 0.0103298
774 0.849079 0.713041 0.0117018
775 0.849079 0.703752 0.0108128
776 0.849079 0.698347 0.0118819
777 0.849079 0.694767 0.00955055
778 0.849079 0.715306 0.00874792
779 0.849079 0.717522 0.00705537
780 0.849079 0.703873 0.00846671
781 0.849079 0.706248 0.00935598
782 0.849079 0.702379 0.010001
783 0.849079 0.699984 0.0113541
784 0.849079 0.706751 0.0103441
785 0.849079 0.710059 0.00914056
786 0.849079 0.709615 0.0118058
787 0.849079 0.699864 0.0123255
788 0.849079 0.72571 0.00817407
789 0.849079 0.718129 0.00969831
790 0.849097 0.707611 0.0120319
791 0.849097 0.686599 0.0156036
792 0.849097 0.687604 0.0171735
793 0.849097 0.696646 0.0156347
794 0.849097 0.702724 0.0135946
795 0.849097 0.691657 0.0110387
796 0.849097 0.703114 0.0108235
797 0.849097 0.709493 0.0106626
798 0.849097 0.707875 0.0134649
799 0.849097 0.689008 0.0129525
800 0.849097 0.705629 0.00972551
801 0.849097 0.70992 0.0112601
802 0.849097 0.71577 0.0109895
803 0.849097 0.715484 0.00939665
804 0.849097 0.714709 0.00857026
805 0.849097 0.71064 0.0100582
806 0.849097 0.718074 0.0115527
807 0.849097 0.721231 0.0111904
808 0.849097 0.709955 0.00875714
809 0.849097 0.706577 0.00799696
810 0.849097 0.713831 0.00739284
811 0.849097 0.728149 0.00758832
812 0.849097 0.721064 0.00849701
813 0.849097 0.713835 0.00828802
814 0.849097 0.712411 0.00689248
815 0.849097 0.723613 0.0061614
816 0.849097 0.717305 0.00829892
817 0.849097 0.717715 0.0071157
818 0.849097 0.723191 0.00773322
819 0.849097 0.725457 0.0105544
820 0.849097 0.718773 0.00822815
821 0.849097 0.710346 0.00972018
822 0.849097 0.709833 0.00937838
823 0.849097 0.700052 0.0112516
824 0.849097 0.700637 0.00914931
825 0.849097 0.707737 0.01011
826 0.849097 0.708677 0.0113042
827 0.849097 0.708034 0.0103218
828 0.849097 0.70389 0.0132052
829 0.849097 0.696349 0.0133792
830 0.849097 0.706357 0.0132402
831 0.849097 0.698361 0.013379
832 0.849097 0.704276 0.0109227
833 0.849097 0.713954 0.00837679
834 0.849097 0.708311 0.0105165
835 0.849257 0.706038 0.0110703
836 0.849257 0.700025 0.0112757
837 0.849257 0.711368 0.0101801
838 0.849257 0.723326 0.00930382
839 0.849257 0.717948 0.00893684
840 0.849257 0.725856 0.00798201
841 0.849257 0.720713 0.00847545
842 0.849257 0.723989 0.0110048
843 0.849257 0.709058 0.00819049
844 0.849257 0.703669 0.00981294
845 0.849257 0.722771 0.00893459
846 0.849257 0.715429 0.00919308
847 0.849257 0.706686 0.00984076
848 0.849257 0.708831 0.00882703
849 0.849257 0.716296 0.00756282
850 0.849257 0.729621 0.00699519
851 0.849257 0.72356 0.00547942
852 0.849257 0.717572 0.00685946
853 0.849257 0.710777 0.00817835
854 0.849257 0.709558 0.00719499
855 0.849257 0.71559 0.00841586
856 0.849257 0.70492 0.00979911
857 0.849257 0.707705 0.0125428
858 0.849257 0.719923 0.00963317
859 0.849257 0.704786 0.011413
860 0.849257 0.697928 0.0101607
861 0.849257 0.706783 0.00994394
862 0.849257 0.712322 0.0080776
863 0.849257 0.72251 0.00717132
864 0.849257 0.711931 0.00998442
865 0.849257 0.716907 0.00818048
866 0.849257 0.704019 0.00970156
867 0.849257 0.720181 0.0109219
868 0.849257 0.703773 0.0129669
869 0.849257 0.695701 0.0126477
870 0.849257 0.69799 0.012108
871 0.849257 0.701174 0.0115423
872 0.849257 0.704716 0.0104516
873 0.849257 0.691959 0.0125387
874 0.849257 0.683895 0.0101951
875 0.849257 0.685477 0.0139557
876 0.849257 0.701887 0.0142148
877 0.849257 0.690709 0.0139169
878 0.849257 0.690534 0.0140399
879 0.849257 0.692616 0.0128919
880 0.849257 0.691509 0.0119371
881 0.849257 0.693676 0.0128275
882 0.849257 0.704091 0.0106576
883 0.849257 0.690099 0.0104052
884 0.849257 0.698454 0.00952321
885 0.849257 0.702013 0.00793288
886 0.849257 0.702727 0.00986311
887 0.849257 0.695387 0.0107286
888 0.849257 0.70736 0.00991458
889 0.849257 0.703215 0.0114397
890 0.849257 0.717741 0.0102413
891 0.849257 0.724725 0.00994611
892 0.849257 0.708508 0.0124256
893 0.849257 0.716017 0.0121089
894 0.849257 0.706386 0.0114836
895 0.849257 0.697076 0.011948
896 0.849257 0.714667 0.0104959
897 0.849257 0.7078 0.0110528
898 0.849257 0.703604 0.0106408
899 0.849257 0.709729 0.011845
900 0.849257 0.705099 0.0114682
901 0.849257 0.6968 0.0141698
902 0.849257 0.708438 0.0155246
903 0.849257 0.72205 0.0105472
904 0.849257 0.709746 0.00954253
905 0.849257 0.710123 0.0092691
906 0.849257 0.70566 0.00994376
907 0.849257 0.706498 0.0116152
908 0.849257 0.698978 0.0133172
909 0.849257 0.711512 0.0111926
910 0.849257 0.708025 0.0103615
911 0.849257 0.715594 0.00870594
912 0.849257 0.721896 0.00909752
913 0.849257 0.717921 0.0108163
914 0.849257 0.706543 0.01034
915 0.849257 0.697732 0.011206
916 0.849257 0.697853 0.0147467
917 0.849257 0.708459 0.0146098
918 0.849257 0.699739 0.0127918
919 0.849257 0.693453 0.00995281
920 0.849257 0.696499 0.0100776
921 0.849257 0.681549 0.0122699
922 0.849257 0.692176 0.0108567
923 0.849336 0.705596 0.00946928
924 0.849336 0.710043 0.00837841
925 0.849336 0.699122 0.00975056
926 0.849336 0.706616 0.0103495
927 0.849336 0.70653 0.00985174
928 0.849336 0.68953 0.00982141
929 0.849336 0.697564 0.0111691
930 0.849472 0.717582 0.0101139
931 0.849472 0.721835 0.00994408
932 0.849472 0.714823 0.0102274
933 0.849472 0.711318 0.00861582
934 0.849472 0.698836 0.0102921
935 0.849472 0.692776 0.0115656
936 0.849472 0.709429 0.0112472
937 0.849472 0.695637 0.0112031
938 0.849472 0.687227 0.0103216
939 0.849472 0.70174 0.0108361
940 0.849472 0.703127 0.0127577
941 0.849472 0.690338 0.0110398
942 0.849472 0.691964 0.00972855
943 0.849472 0.683093 0.0120143
944 0.849472 0.685127 0.013264
945 0.849472 0.692845 0.0131763
946 0.849472 0.690116 0.0132627
947 0.849472 0.688165 0.0138026
948 0.849472 0.70036 0.0134757
949 0.849472 0.70649 0.0117639
950 0.849472 0.722465 0.00833437
951 0.849472 0.723328 0.00686792
952 0.849472 0.71625 0.0080214
953 0.849472 0.714483 0.00927429
954 0.849472 0.710761 0.00862923
955 0.849472 0.705733 0.00924484
956 0.849472 0.69824 0.00942337
957 0.849472 0.716513 0.00739355
958 0.849472 0.716703 0.00702547
959 0.849472 0.705512 0.00994815
960 0.850077 0.702255 0.011956
961 0.850077 0.712267 0.00959099
962 0.850077 0.711286 0.00845231
963 0.850077 0.708388 0.0095654
964 0.850077 0.705847 0.00870755
965 0.850077 0.707972 0.0109023
966 0.850077 0.716593 0.00932072
967 0.850077 0.714901 0.0110879
968 0.850077 0.708582 0.00952998
969 0.850077 0.697934 0.00995611
970 0.850077 0.707246 0.0104838
971 0.850077 0.695111 0.0145926
972 0.850077 0.704605 0.0119618
973 0.850077 0.700169 0.0125458
974 0.850077 0.70349 0.00961225
975 0.850077 0.71199 0.0110002
976 0.850077 0.70543 0.0134003
977 0.850077 0.697815 0.0119914
978 0.850077 0.698532 0.0104884
979 0.850077 0.672395 0.0137292
980 0.850077 0.67378 0.012882
981 0.850077 0.689145 0.0153893
982 0.850077 0.713459 0.0126005
983 0.850077 0.699709 0.0112938
984 0.850077 0.695609 0.0134702
985 0.850077 0.701749 0.0125487
986 0.850077 0.699164 0.00994067
987 0.850077 0.698137 0.00985255
988 0.850077 0.708362 0.00762838
989 0.850077 0.698501 0.0127082
990 0.850077 0.695318 0.0128922
991 0.850077 0.699719 0.011862
992 0.850077 0.720158 0.00993303
993 0.850077 0.702156 0.00830076
994 0.850077 0.684765 0.0109753
995 0.850077 0.701708 0.00999743
996 0.850077 0.691552 0.0105008
997 0.850077 0.698326 0.0133601
998 0.850077 0.700753 0.0127842
999 0.850077 0.694488 0.0141214
1000 0.850077 0.700838 0.0118158
