0 0.332869 0.253059 0.000390464
1 0.346524 0.253063 0.000490147
2 0.44378 0.252465 0.00121031
3 0.44378 0.254895 0.00171552
4 0.464339 0.262251 0.00210089
5 0.464339 0.260492 0.00175499
6 0.464339 0.262066 0.00192291
7 0.474384 0.266462 0.0024469
8 0.492271 0.268215 0.00232235
9 0.492271 0.273348 0.00421265
10 0.492271 0.268396 0.00357658
11 0.492271 0.269174 0.00333176
12 0.492271 0.269218 0.0034199
13 0.494138 0.268827 0.00380285
14 0.494138 0.260396 0.00248125
15 0.494138 0.270392 0.00368243
16 0.494138 0.268565 0.00358933
17 0.494138 0.2717 0.00307436
18 0.494138 0.271162 0.00364696
19 0.494138 0.269899 0.00415405
20 0.494138 0.270635 0.00324992
21 0.494138 0.270989 0.00321117
22 0.494138 0.275249 0.00470152
23 0.494138 0.272079 0.00410246
24 0.494138 0.275425 0.00459773
25 0.495231 0.273435 0.00405445
26 0.505608 0.277549 0.00418079
27 0.505608 0.27921 0.00427546
28 0.505608 0.277045 0.00451982
29 0.505608 0.278706 0.00402658
30 0.505608 0.2783 0.00471315
31 0.505608 0.277296 0.00481394
32 0.505608 0.282114 0.00432884
33 0.526168 0.284855 0.00490774
34 0.526168 0.27934 0.00457829
35 0.533002 0.278395 0.00371781
36 0.533002 0.282918 0.00401502
37 0.533002 0.283357 0.00394141
38 0.533002 0.284985 0.00434088
39 0.533002 0.279073 0.0040429
40 0.533002 0.275176 0.00347394
41 0.533002 0.276822 0.00396955
42 0.550753 0.283971 0.0051506
43 0.550753 0.2841 0.00533591
44 0.550753 0.293436 0.00528428
45 0.550753 0.284628 0.00516287
46 0.565665 0.284547 0.00552933
47 0.565665 0.289814 0.00531584
48 0.565665 0.299205 0.00672619
49 0.565665 0.297141 0.00710544
50 0.565665 0.296197 0.0057923
51 0.565665 0.29186 0.00609099
52 0.571338 0.299007 0.00687185
53 0.571338 0.288467 0.00632083
54 0.571338 0.290065 0.00550364
55 0.571338 0.293444 0.00640595
56 0.571338 0.296626 0.00596753
57 0.571338 0.297472 0.00558301
58 0.571338 0.29682 0.00647833
59 0.571338 0.301618 0.00560339
60 0.571338 0.3001 0.00507719
61 0.571338 0.300225 0.00546191
62 0.571338 0.306738 0.00565063
63 0.571338 0.306772 0.00631908
64 0.572151 0.312679 0.0058296
65 0.575278 0.325028 0.00664941
66 0.575278 0.303278 0.00564677
67 0.575278 0.310578 0.00600846
68 0.57564 0.314884 0.00551955
69 0.57564 0.317475 0.00642676
70 0.57564 0.325751 0.00642463
71 0.57564 0.318186 0.00602807
72 0.57564 0.322027 0.005745
73 0.57564 0.316919 0.00603386
74 0.57564 0.316914 0.00688723
75 0.57564 0.329136 0.00719303
76 0.57564 0.315039 0.00570536
77 0.57564 0.32159 0.00670197
78 0.57564 0.325096 0.00652046
79 0.57564 0.323222 0.00572808
80 0.57564 0.331445 0.00565693
81 0.57564 0.32583 0.00534392
82 0.57564 0.316101 0.0047527
83 0.57564 0.320603 0.0058026
84 0.57564 0.320706 0.00601993
85 0.57564 0.318487 0.00602413
86 0.57564 0.312232 0.00578523
87 0.57564 0.311542 0.00497873
88 0.57564 0.309171 0.00506293
89 0.57564 0.324965 0.005983
90 0.57564 0.328325 0.00619942
91 0.57564 0.322012 0.00656338
92 0.57564 0.323596 0.00454824
93 0.57564 0.332199 0.00582532
94 0.57564 0.339305 0.00647228
95 0.57564 0.345987 0.00690659
96 0.57564 0.345048 0.00692735
97 0.57564 0.343147 0.00575372
98 0.57564 0.352183 0.00565967
99 0.57564 0.343592 0.0061235
100 0.576212 0.353514 0.00700885
101 0.576212 0.341782 0.00699672
102 0.576212 0.342249 0.00665885
103 0.576212 0.343606 0.0073869
104 0.576212 0.348061 0.00636063
105 0.576212 0.350169 0.00659446
106 0.576212 0.357409 0.00726995
107 0.576212 0.359935 0.00775018
108 0.576212 0.358958 0.007455
109 0.576212 0.347491 0.00694171
110 0.576212 0.354553 0.00648655
111 0.576212 0.357784 0.00597826
112 0.576212 0.359982 0.00688186
113 0.576212 0.356899 0.00733067
114 0.576212 0.361485 0.00582394
115 0.576212 0.37152 0.00684373
116 0.576212 0.363571 0.00634177
117 0.576212 0.352464 0.00695704
118 0.576212 0.360146 0.00632365
119 0.576212 0.35426 0.00616911
120 0.576212 0.362631 0.00691627
121 0.576212 0.356159 0.00887296
122 0.576212 0.365864 0.00887013
123 0.576212 0.364466 0.00706712
124 0.576212 0.362186 0.00686831
125 0.576212 0.356812 0.00709483
126 0.576212 0.36555 0.00673977
127 0.576212 0.378165 0.0069129
128 0.576212 0.371243 0.00679488
129 0.576212 0.364678 0.00637178
130 0.576212 0.366195 0.00623453
131 0.576212 0.365147 0.00627415
132 0.576212 0.368291 0.00667773
133 0.576212 0.371242 0.00733671
134 0.576212 0.376839 0.00625202
135 0.576212 0.372894 0.00648341
136 0.576212 0.377241 0.00644256
137 0.576212 0.376503 0.00710545
138 0.576212 0.381274 0.00689999
139 0.576212 0.382459 0.00618061
140 0.576212 0.384266 0.00710578
141 0.576212 0.37729 0.00717533
142 0.576212 0.384888 0.00694825
143 0.576212 0.396426 0.006616
144 0.579502 0.39042 0.00704672
145 0.579502 0.389671 0.00690567
146 0.579502 0.389502 0.00782395
147 0.579502 0.393726 0.00656303
148 0.579502 0.383609 0.00718712
149 0.579502 0.390216 0.00725168
150 0.579502 0.393556 0.00736195
151 0.579502 0.400544 0.00756403
152 0.579502 0.400556 0.00781449
153 0.579502 0.389458 0.00754492
154 0.579502 0.398047 0.00607791
155 0.579502 0.394957 0.00708765
156 0.579502 0.391569 0.00744408
157 0.579502 0.395376 0.00757808
158 0.579502 0.391704 0.00779796
159 0.579502 0.397408 0.00791719
160 0.579502 0.407478 0.0075944
161 0.579502 0.401821 0.0075871
162 0.579502 0.399939 0.00655042
163 0.579502 0.413487 0.0062297
164 0.579502 0.40601 0.00670913
165 0.579502 0.398285 0.00653265
166 0.579502 0.397677 0.00587371
167 0.579502 0.40451 0.00667341
168 0.579502 0.402494 0.00648996
169 0.579502 0.408266 0.00681963
170 0.579502 0.402211 0.00729432
171 0.579502 0.398449 0.00647719
172 0.579502 0.403229 0.00734481
173 0.579502 0.385446 0.00779084
174 0.579502 0.387232 0.00773023
175 0.579502 0.393637 0.00863914
176 0.579502 0.396097 0.00802009
177 0.579502 0.404432 0.00732458
178 0.579502 0.405972 0.00751974
179 0.579502 0.399253 0.00664561
180 0.579502 0.399777 0.00808678
181 0.579502 0.405468 0.00699703
182 0.579502 0.395046 0.00700253
183 0.579502 0.393506 0.00684971
184 0.579502 0.405287 0.00761074
185 0.579502 0.392965 0.00723891
186 0.579502 0.39922 0.00778933
187 0.579502 0.400636 0.00769919
188 0.579502 0.396216 0.00747431
189 0.579502 0.402998 0.00792914
190 0.579502 0.401904 0.00684052
191 0.579502 0.415134 0.00677239
192 0.579502 0.401265 0.00697446
193 0.579502 0.394051 0.00736622
194 0.579502 0.400773 0.00647049
195 0.579502 0.409131 0.00662136
196 0.579502 0.403538 0.00702041
197 0.579502 0.405641 0.00628339
198 0.580049 0.404152 0.00686872
199 0.580049 0.402257 0.00704576
200 0.580049 0.394403 0.00740316
201 0.580049 0.399547 0.0071582
202 0.580049 0.393321 0.00789012
203 0.580049 0.396614 0.00778069
204 0.580049 0.394017 0.0073779
205 0.580049 0.395411 0.00705205
206 0.580049 0.387356 0.00688923
207 0.580049 0.391344 0.00643489
208 0.580049 0.385139 0.00715436
209 0.580049 0.384958 0.00663099
210 0.580049 0.395545 0.00648132
211 0.580049 0.392243 0.00646834
212 0.580049 0.385839 0.00618202
213 0.580049 0.387567 0.00689772
214 0.580049 0.399154 0.00727816
215 0.580049 0.392839 0.00690905
216 0.580049 0.395326 0.00748726
217 0.580049 0.399541 0.00809119
218 0.580049 0.405376 0.00804085
219 0.580049 0.399506 0.00760749
220 0.580604 0.399814 0.00712956
221 0.58072 0.401631 0.00688887
222 0.58072 0.414506 0.00622184
223 0.58072 0.416491 0.00583192
224 0.58072 0.414358 0.00655449
225 0.58072 0.411136 0.00647462
226 0.58072 0.400518 0.00760992
227 0.58072 0.408112 0.00587717
228 0.582432 0.410715 0.00726354
229 0.582432 0.398044 0.00690051
230 0.582432 0.412514 0.00724408
231 0.582432 0.404533 0.00653576
232 0.582432 0.404932 0.0062308
233 0.582432 0.419179 0.00591508
234 0.582432 0.424361 0.00461192
235 0.582432 0.432141 0.00496637
236 0.582432 0.431609 0.0053454
237 0.582432 0.424722 0.00635215
238 0.582432 0.41289 0.00684587
239 0.582432 0.428187 0.00602116
240 0.582432 0.428686 0.00497151
241 0.582432 0.427123 0.00724582
242 0.582432 0.42019 0.00608591
243 0.582432 0.419207 0.00602316
244 0.582432 0.420588 0.00613966
245 0.582432 0.415385 0.0058334
246 0.582432 0.41669 0.00659532
247 0.582432 0.420101 0.0070705
248 0.582432 0.414585 0.00828942
249 0.582432 0.425281 0.00696147
250 0.582432 0.420908 0.0071988
251 0.582432 0.420751 0.00634534
252 0.582432 0.419549 0.00664966
253 0.601757 0.436852 0.00626755
254 0.601757 0.424365 0.00690049
255 0.601757 0.422076 0.00712248
256 0.601757 0.423216 0.00686139
257 0.601757 0.432019 0.00604687
258 0.601757 0.435217 0.0059001
259 0.601757 0.434213 0.00720921
260 0.601757 0.430288 0.00657836
261 0.601757 0.421993 0.00607561
262 0.601757 0.415434 0.00737548
263 0.601757 0.417282 0.00712646
264 0.602168 0.419192 0.00665735
265 0.602168 0.418212 0.00543114
266 0.602168 0.418508 0.00572203
267 0.602168 0.416844 0.00637229
268 0.602168 0.422115 0.0055651
269 0.602168 0.421523 0.00531426
270 0.602168 0.423651 0.00519108
271 0.602168 0.421609 0.0050888
272 0.602168 0.429051 0.00440399
273 0.602168 0.428826 0.00548383
274 0.602168 0.428214 0.0060105
275 0.602168 0.432844 0.0056604
276 0.602168 0.426496 0.00591152
277 0.602168 0.415748 0.00716953
278 0.602168 0.417351 0.00675846
279 0.602168 0.405939 0.00678563
280 0.602168 0.42376 0.00590898
281 0.602168 0.418999 0.00722916
282 0.602168 0.420815 0.00718027
283 0.602168 0.418909 0.00786073
284 0.602168 0.428662 0.00739511
285 0.602168 0.425143 0.0067384
286 0.602168 0.418562 0.00696393
287 0.602168 0.410986 0.00775009
288 0.602168 0.425124 0.00599157
289 0.602168 0.423052 0.00530734
290 0.602168 0.415493 0.00558402
291 0.602168 0.416496 0.00597898
292 0.602168 0.420652 0.00631743
293 0.602168 0.428904 0.00707672
294 0.602168 0.430916 0.00629449
295 0.602168 0.436218 0.00628868
296 0.602168 0.436271 0.00567653
297 0.602168 0.442318 0.00510561
298 0.602168 0.44185 0.00549392
299 0.602168 0.433482 0.00516123
300 0.602168 0.434606 0.0056971
301 0.602168 0.428534 0.00717983
302 0.602168 0.432044 0.00622423
303 0.602168 0.423633 0.00565158
304 0.602168 0.433424 0.00544079
305 0.602168 0.427424 0.00578695
306 0.602168 0.429923 0.00664032
307 0.602168 0.431256 0.00569889
308 0.602168 0.432638 0.00542907
309 0.602168 0.432205 0.00656109
310 0.602168 0.439352 0.00596244
311 0.602168 0.428746 0.00648817
312 0.602168 0.435191 0.00581791
313 0.602168 0.432486 0.00583756
314 0.602168 0.444471 0.00457006
315 0.602168 0.434133 0.00471717
316 0.602168 0.434287 0.00435741
317 0.602168 0.438707 0.00421237
318 0.602168 0.43728 0.00439693
319 0.602168 0.449667 0.00408094
320 0.602168 0.435063 0.00523121
321 0.602168 0.444458 0.00500322
322 0.602168 0.435413 0.00481523
323 0.602168 0.440894 0.00542427
324 0.602168 0.437821 0.00492192
325 0.602168 0.435975 0.00531144
326 0.602168 0.436587 0.00535157
327 0.602168 0.423304 0.00665667
328 0.602168 0.426188 0.00616327
329 0.602168 0.42132 0.00610915
330 0.602168 0.421166 0.00692853
331 0.602168 0.42461 0.00659904
332 0.602168 0.428314 0.00596064
333 0.602168 0.433424 0.00496159
334 0.602168 0.426545 0.00558291
335 0.602168 0.422481 0.00490147
336 0.602168 0.421389 0.00536362
337 0.602168 0.428349 0.00487859
338 0.602168 0.430871 0.00474045
339 0.602168 0.439594 0.00447896
340 0.602168 0.439786 0.00417662
341 0.602168 0.44914 0.00344426
342 0.602168 0.439174 0.00495984
343 0.602168 0.448551 0.00527871
344 0.602168 0.4462 0.00477169
345 0.602168 0.442173 0.00533293
346 0.602168 0.436359 0.00605019
347 0.602168 0.432283 0.00543272
348 0.602168 0.434591 0.005747
349 0.602168 0.439896 0.00534716
350 0.602168 0.429403 0.00581266
351 0.602168 0.431422 0.00560296
352 0.602168 0.43697 0.00542531
353 0.602168 0.436067 0.00531802
354 0.60285 0.433468 0.00499171
355 0.60285 0.439223 0.00504321
356 0.60285 0.436217 0.00533665
357 0.603653 0.43447 0.00564576
358 0.603653 0.43169 0.0064233
359 0.603653 0.433777 0.00620785
360 0.603653 0.429064 0.00592861
361 0.603653 0.423199 0.00529326
362 0.603653 0.431304 0.00554992
363 0.603653 0.422031 0.00672687
364 0.603653 0.428451 0.00566484
365 0.603653 0.419128 0.00623265
366 0.603653 0.42639 0.00579603
367 0.603653 0.428474 0.00641385
368 0.603653 0.440982 0.00624237
369 0.603653 0.437632 0.00596021
370 0.603653 0.434845 0.0056765
371 0.603653 0.440221 0.00536545
372 0.603653 0.432123 0.00605413
373 0.603653 0.42124 0.00636267
374 0.603653 0.42838 0.00466116
375 0.603653 0.438959 0.00443942
376 0.603653 0.445763 0.00466891
377 0.603653 0.445873 0.0041074
378 0.603653 0.438051 0.00541226
379 0.603653 0.432274 0.0052385
380 0.603653 0.441503 0.00467064
381 0.603653 0.447351 0.00480517
382 0.603653 0.437432 0.00582848
383 0.603653 0.440624 0.00486516
384 0.603653 0.434706 0.00438705
385 0.603653 0.420785 0.00591177
386 0.603653 0.428496 0.00505358
387 0.603653 0.429662 0.00511053
388 0.603653 0.437439 0.00508946
389 0.603653 0.442172 0.00430768
390 0.603653 0.432555 0.00470205
391 0.603653 0.430674 0.00456538
392 0.603653 0.426373 0.00527741
393 0.603653 0.424486 0.00548584
394 0.603653 0.412532 0.00684154
395 0.603653 0.418086 0.00551889
396 0.603653 0.428506 0.00490363
397 0.603653 0.421589 0.00567356
398 0.603653 0.428241 0.00681035
399 0.603653 0.425796 0.00554779
400 0.603653 0.424636 0.00512311
401 0.603653 0.419842 0.0058685
402 0.603653 0.424115 0.00480209
403 0.603653 0.426313 0.00499685
404 0.603653 0.42648 0.00528038
405 0.603653 0.440361 0.0053906
406 0.603653 0.439452 0.00486105
407 0.603653 0.442758 0.00418093
408 0.603653 0.435362 0.00534062
409 0.603653 0.442834 0.00550922
410 0.603653 0.438377 0.00489382
411 0.603653 0.445187 0.00453386
412 0.603653 0.445637 0.00442485
413 0.603653 0.436228 0.00579296
414 0.603653 0.424486 0.00739818
415 0.603653 0.43326 0.00681278
416 0.603653 0.439592 0.00630766
417 0.603653 0.422186 0.00716845
418 0.603653 0.430346 0.00663321
419 0.603653 0.431088 0.00576194
420 0.603653 0.423616 0.00666039
421 0.603653 0.42375 0.00657852
422 0.603653 0.414775 0.00742183
423 0.603653 0.413526 0.00742
424 0.603653 0.42204 0.00670758
425 0.603653 0.42116 0.00645585
426 0.603653 0.421192 0.00467856
427 0.603653 0.427232 0.0066238
428 0.603653 0.438516 0.00506757
429 0.603653 0.428096 0.0063859
430 0.603653 0.432908 0.00632435
431 0.603653 0.429385 0.00636358
432 0.603653 0.433081 0.00569698
433 0.603653 0.425766 0.00564144
434 0.603653 0.421341 0.00666309
435 0.603653 0.417185 0.00566336
436 0.603653 0.415338 0.00654453
437 0.603653 0.420038 0.00633928
438 0.603653 0.422953 0.00707366
439 0.603653 0.425444 0.00487356
440 0.603653 0.425139 0.00614383
441 0.603653 0.423605 0.00590221
442 0.603653 0.425442 0.00581971
443 0.603653 0.43514 0.00681555
444 0.603653 0.439362 0.00538529
445 0.603653 0.428482 0.00641322
446 0.603653 0.429826 0.00617114
447 0.603653 0.427653 0.00583837
448 0.603653 0.424311 0.00611991
449 0.603653 0.425668 0.00658604
450 0.603653 0.42843 0.00642144
451 0.603653 0.416647 0.00823532
452 0.603653 0.420385 0.00757618
453 0.603653 0.424683 0.00662334
454 0.603653 0.40754 0.00645308
455 0.603653 0.403247 0.00817496
456 0.603653 0.418115 0.00708444
457 0.603653 0.413431 0.00833435
458 0.603653 0.414599 0.00986031
459 0.603653 0.419983 0.00867914
460 0.603653 0.409273 0.00807684
461 0.603653 0.412036 0.00719179
462 0.603653 0.420393 0.00649024
463 0.603653 0.422838 0.00606942
464 0.603653 0.417535 0.00766545
465 0.603653 0.413955 0.00749004
466 0.603653 0.423408 0.00721274
467 0.603653 0.429532 0.00734324
468 0.603653 0.433071 0.00672903
469 0.603653 0.421034 0.0065357
470 0.603653 0.427637 0.00627941
471 0.603653 0.433009 0.0064425
472 0.603653 0.428676 0.00670674
473 0.603653 0.421893 0.00678424
474 0.603653 0.422828 0.00631221
475 0.603653 0.409208 0.00695693
476 0.603653 0.415176 0.00666261
477 0.603653 0.402372 0.00721196
478 0.603653 0.402532 0.00740249
479 0.603653 0.41178 0.00759998
480 0.603653 0.42147 0.00702982
481 0.603653 0.410337 0.00730209
482 0.603653 0.398366 0.00777327
483 0.603653 0.406711 0.00681271
484 0.603653 0.410984 0.00641588
485 0.603653 0.395991 0.00681754
486 0.603653 0.409372 0.00575022
487 0.603653 0.40654 0.00715099
488 0.603653 0.416053 0.00719908
489 0.603653 0.423771 0.00632987
490 0.603653 0.424857 0.00654827
491 0.603653 0.417218 0.00638768
492 0.60436 0.422316 0.00836599
493 0.60436 0.420968 0.0081472
494 0.60436 0.417549 0.0081271
495 0.60436 0.422033 0.00732729
496 0.60436 0.414485 0.00709353
497 0.60436 0.411137 0.00732785
498 0.60436 0.404284 0.00784998
499 0.60436 0.395216 0.00798579
500 0.60436 0.388544 0.00834284
501 0.60436 0.388264 0.0078783
502 0.60436 0.38976 0.00831546
503 0.60436 0.381978 0.00701899
504 0.60436 0.398489 0.00807643
505 0.60436 0.394279 0.00830993
506 0.60436 0.40458 0.00773312
507 0.60436 0.403763 0.00705805
508 0.60436 0.417212 0.00745858
509 0.60436 0.412112 0.00839868
510 0.60436 0.408262 0.00804413
511 0.60436 0.412378 0.00649014
512 0.605132 0.419281 0.0072345
513 0.605132 0.421258 0.00692665
514 0.605132 0.415341 0.00756468
515 0.605132 0.420119 0.00638576
516 0.605132 0.416287 0.00722492
517 0.605132 0.411231 0.00803475
518 0.605132 0.416045 0.00775077
519 0.605132 0.412474 0.00722259
520 0.605132 0.416367 0.00664689
521 0.605132 0.416401 0.00750749
522 0.605132 0.412063 0.00724256
523 0.605132 0.426448 0.00645885
524 0.605132 0.431638 0.00476299
525 0.605132 0.439651 0.00557368
526 0.605132 0.42759 0.00619776
527 0.605132 0.422423 0.00642543
528 0.605132 0.426176 0.00645076
529 0.605132 0.415999 0.00693494
530 0.605132 0.408549 0.00788134
531 0.605132 0.408647 0.00802311
532 0.605132 0.41197 0.00878725
533 0.605132 0.429764 0.00673478
534 0.605132 0.419408 0.00765789
535 0.605132 0.419896 0.00780984
536 0.605132 0.432387 0.00652995
537 0.605132 0.425297 0.00731565
538 0.605132 0.420082 0.00733594
539 0.605132 0.419873 0.00795048
540 0.605132 0.429179 0.00749707
541 0.605132 0.421733 0.00679917
542 0.605132 0.433363 0.00619213
543 0.605132 0.427863 0.00643937
544 0.605132 0.442667 0.00526818
545 0.605132 0.444509 0.00512467
546 0.605132 0.452203 0.00400663
547 0.605132 0.457807 0.00450634
548 0.605132 0.448083 0.00515891
549 0.605132 0.443636 0.00540831
550 0.605132 0.43734 0.00663619
551 0.605132 0.43494 0.00629498
552 0.605132 0.426376 0.00704436
553 0.605132 0.43757 0.00627244
554 0.605132 0.440536 0.0050487
555 0.605132 0.453274 0.00545511
556 0.605132 0.435906 0.00610671
557 0.605132 0.433396 0.00562677
558 0.605132 0.417277 0.00725494
559 0.605132 0.429799 0.00742982
560 0.605132 0.438813 0.00612742
561 0.605132 0.435513 0.00693707
562 0.605132 0.43593 0.00609642
563 0.605132 0.440557 0.00559498
564 0.605132 0.438395 0.00639242
565 0.605132 0.436967 0.00597739
566 0.605132 0.429727 0.00622057
567 0.605132 0.42481 0.00654011
568 0.605132 0.435714 0.00727047
569 0.605132 0.435382 0.00711318
570 0.605132 0.447461 0.00549611
571 0.605132 0.447736 0.00590855
572 0.605132 0.443549 0.00594291
573 0.605132 0.446337 0.00556368
574 0.605132 0.444524 0.00582355
575 0.605132 0.443197 0.00544256
576 0.605132 0.433601 0.00691983
577 0.605132 0.433133 0.0062644
578 0.605132 0.441724 0.00592576
579 0.605132 0.447091 0.00494385
580 0.605132 0.445971 0.00523453
581 0.605132 0.440826 0.00663935
582 0.605132 0.442888 0.0048128
583 0.605132 0.44046 0.00543967
584 0.605132 0.436934 0.00620194
585 0.605132 0.445132 0.00561296
586 0.605132 0.443792 0.00549647
587 0.605132 0.439965 0.00566629
588 0.605132 0.439953 0.00634882
589 0.605132 0.439704 0.0067006
590 0.605132 0.433645 0.00714264
591 0.605132 0.433498 0.00574229
592 0.605132 0.435209 0.004708
593 0.605132 0.431645 0.00620726
594 0.605132 0.424103 0.00643023
595 0.605132 0.41963 0.00735078
596 0.605132 0.413095 0.00756835
597 0.605132 0.408977 0.00806248
598 0.605132 0.417887 0.00740674
599 0.605132 0.421677 0.00684421
600 0.605132 0.424215 0.00698818
601 0.605132 0.425177 0.00666831
602 0.605132 0.426863 0.006009
603 0.605132 0.433993 0.00525504
604 0.605132 0.447713 0.00406935
605 0.605132 0.450203 0.00384936
606 0.605132 0.441279 0.00588992
607 0.605132 0.434174 0.005822
608 0.605132 0.43676 0.00550338
609 0.605132 0.433451 0.00407452
610 0.605132 0.444662 0.00487295
611 0.605132 0.43918 0.00654024
612 0.605132 0.445264 0.0056193
613 0.605132 0.443874 0.00531245
614 0.605132 0.443792 0.00462554
615 0.605132 0.447202 0.0037566
616 0.605132 0.445661 0.00403252
617 0.605132 0.45453 0.00436354
618 0.605132 0.454757 0.00379358
619 0.605132 0.446822 0.00391515
620 0.605132 0.442903 0.00478394
621 0.605132 0.445123 0.00458378
622 0.605132 0.443085 0.00550319
623 0.605132 0.436861 0.00549982
624 0.605132 0.44509 0.004502
625 0.605132 0.447948 0.00524531
626 0.605132 0.447779 0.00510834
627 0.605132 0.442813 0.00596599
628 0.605132 0.439882 0.00531961
629 0.605132 0.438354 0.00518466
630 0.605132 0.433577 0.0057267
631 0.605132 0.432306 0.00606645
632 0.605132 0.44384 0.0046551
633 0.605132 0.437182 0.00518055
634 0.605132 0.435744 0.00557211
635 0.605132 0.427223 0.00558252
636 0.605132 0.428903 0.00538211
637 0.605132 0.437102 0.00527645
638 0.605132 0.434335 0.00499028
639 0.605132 0.423272 0.00552149
640 0.605132 0.412348 0.00633721
641 0.605132 0.424157 0.0058372
642 0.605132 0.420223 0.00611713
643 0.605132 0.420422 0.00593237
644 0.605132 0.430516 0.00579965
645 0.605132 0.430278 0.00589318
646 0.605132 0.432205 0.005518
647 0.605132 0.438877 0.00540499
648 0.605132 0.433073 0.0061855
649 0.605132 0.436 0.0055568
650 0.605132 0.43655 0.00613263
651 0.605132 0.431194 0.00537799
652 0.605132 0.437208 0.00484987
653 0.605132 0.430159 0.00584953
654 0.605132 0.424534 0.00585749
655 0.605132 0.430481 0.00474727
656 0.605132 0.42224 0.00540097
657 0.605132 0.426909 0.00473685
658 0.605132 0.419763 0.00549564
659 0.605132 0.423511 0.00590022
660 0.605132 0.438229 0.00480035
661 0.605132 0.437529 0.00574263
662 0.605132 0.430202 0.00540198
663 0.605132 0.440524 0.00475808
664 0.605132 0.42767 0.00514583
665 0.605132 0.426021 0.00514263
666 0.605132 0.435681 0.00494805
667 0.605132 0.436181 0.00456888
668 0.605132 0.431123 0.00473755
669 0.605132 0.427254 0.005553
670 0.605132 0.433249 0.00525359
671 0.605132 0.425711 0.00568386
672 0.605132 0.432777 0.00573194
673 0.605132 0.426935 0.00505678
674 0.605132 0.427775 0.005528
675 0.605132 0.430514 0.00689125
676 0.605132 0.436418 0.0068475
677 0.605132 0.434517 0.00580009
678 0.605132 0.430412 0.00539521
679 0.605132 0.436559 0.00591011
680 0.605132 0.437643 0.00513974
681 0.605132 0.440499 0.00592702
682 0.605132 0.433293 0.00651715
683 0.605132 0.430556 0.00670626
684 0.605132 0.427714 0.00643687
685 0.605132 0.420575 0.006821
686 0.605132 0.418935 0.00642803
687 0.605132 0.428321 0.00595001
688 0.605132 0.430138 0.00555528
689 0.605132 0.434748 0.00548625
690 0.605132 0.427055 0.00565401
691 0.605132 0.42836 0.00509596
692 0.611 0.427772 0.00577461
693 0.611 0.42678 0.00501604
694 0.611 0.424184 0.00537741
695 0.611 0.419093 0.00579558
696 0.611 0.430537 0.00597615
697 0.611 0.429749 0.004747
698 0.611 0.426135 0.00512415
699 0.611 0.426116 0.00482941
700 0.611 0.435697 0.00468316
701 0.611 0.435219 0.00512099
702 0.611 0.434092 0.00475455
703 0.611 0.437394 0.0051965
704 0.611 0.439802 0.00463148
705 0.611 0.431998 0.00472073
706 0.611 0.434694 0.00363275
707 0.613275 0.42834 0.00461907
708 0.613275 0.427649 0.00585983
709 0.613275 0.424615 0.00572806
710 0.613275 0.4313 0.00624763
711 0.613275 0.432918 0.00568518
712 0.613275 0.427684 0.005852
713 0.613275 0.42694 0.00559242
714 0.613275 0.434777 0.00499314
715 0.613275 0.431251 0.00503245
716 0.613275 0.441528 0.00420196
717 0.613275 0.438541 0.00538066
718 0.613275 0.428939 0.00613972
719 0.613275 0.427102 0.00580071
720 0.613275 0.419888 0.00574547
721 0.613275 0.430197 0.0055946
722 0.613275 0.426534 0.00635915
723 0.613275 0.417138 0.00683385
724 0.613275 0.426841 0.00577906
725 0.613275 0.430962 0.00508003
726 0.613275 0.435039 0.00481982
727 0.613275 0.439606 0.00493315
728 0.613275 0.443325 0.00457908
729 0.613275 0.435691 0.00534003
730 0.613275 0.434138 0.00547122
731 0.615837 0.434862 0.00624812
732 0.619477 0.426332 0.00684713
733 0.619477 0.430384 0.00520645
734 0.619477 0.439807 0.00536879
735 0.619477 0.431412 0.00616591
736 0.619477 0.434518 0.00537717
737 0.619477 0.42595 0.00528074
738 0.619477 0.430353 0.0059562
739 0.619477 0.424988 0.00601554
740 0.619581 0.437101 0.00524363
741 0.619581 0.444067 0.00450469
742 0.619581 0.441637 0.00411635
743 0.619581 0.435729 0.00492162
744 0.619581 0.432164 0.00488039
745 0.619581 0.43171 0.00405339
746 0.619581 0.438168 0.00480387
747 0.619581 0.433579 0.00496987
748 0.619581 0.425813 0.00547012
749 0.619581 0.430758 0.00571033
750 0.619581 0.431734 0.00529466
751 0.619581 0.436104 0.00609496
752 0.619581 0.439144 0.00536562
753 0.619581 0.446843 0.00521995
754 0.619581 0.437848 0.00482773
755 0.619581 0.423467 0.00503515
756 0.619581 0.428533 0.00552643
757 0.619581 0.430029 0.00517951
758 0.619581 0.424993 0.00517608
759 0.619581 0.429574 0.00521641
760 0.619581 0.423243 0.00544819
761 0.619581 0.417858 0.00485917
762 0.619581 0.419537 0.00524931
763 0.619581 0.414548 0.00629136
764 0.619581 0.409584 0.00618305
765 0.619581 0.415841 0.00705881
766 0.619581 0.42065 0.0065811
767 0.619581 0.421207 0.0073346
768 0.619581 0.41935 0.00741045
769 0.619581 0.419791 0.00569278
770 0.619581 0.420016 0.00625807
771 0.619581 0.414881 0.00609959
772 0.619581 0.412192 0.0068286
773 0.619581 0.420539 0.00572875
774 0.619581 0.421799 0.00640918
775 0.619581 0.417538 0.00566544
776 0.619581 0.429074 0.00575399
777 0.619581 0.417005 0.00691175
778 0.619581 0.418397 0.00692598
779 0.619581 0.421968 0.00675015
780 0.619581 0.419452 0.0062647
781 0.619581 0.42418 0.00533843
782 0.619581 0.427639 0.00511975
783 0.619581 0.431603 0.00494699
784 0.619581 0.441874 0.00501904
785 0.619581 0.438771 0.00504246
786 0.619581 0.442135 0.0050742
787 0.619581 0.443375 0.00505905
788 0.619581 0.438423 0.00460473
789 0.619581 0.432268 0.00580562
790 0.619581 0.431014 0.00649841
791 0.619581 0.426664 0.00656309
792 0.619581 0.424007 0.00769584
793 0.619581 0.421162 0.00738981
794 0.619581 0.4289 0.00631673
795 0.619581 0.424928 0.00589583
796 0.619581 0.423944 0.00586802
797 0.619581 0.433535 0.00488843
798 0.619581 0.436805 0.00443963
799 0.619581 0.437152 0.00452961
800 0.619581 0.430634 0.00449957
801 0.619581 0.43523 0.00411504
802 0.619581 0.438641 0.0048124
803 0.619581 0.440826 0.00435636
804 0.619581 0.427008 0.00516566
805 0.619581 0.432986 0.00626485
806 0.619581 0.428136 0.00489415
807 0.619581 0.442385 0.0044147
808 0.619581 0.441189 0.00429726
809 0.619581 0.452679 0.00346317
810 0.619581 0.441623 0.00413812
811 0.619581 0.438436 0.00396338
812 0.619581 0.440461 0.00376222
813 0.619581 0.445399 0.002872
814 0.619581 0.445189 0.00424352
815 0.619581 0.452058 0.00405359
816 0.619581 0.441486 0.00424365
817 0.619581 0.44685 0.00489807
818 0.619581 0.442759 0.00494092
819 0.622559 0.442755 0.00453665
820 0.622559 0.443931 0.00470953
821 0.622559 0.448644 0.00428815
822 0.622559 0.441041 0.00530839
823 0.622559 0.440914 0.00443692
824 0.622559 0.448177 0.00350235
825 0.622559 0.442545 0.00465444
826 0.622559 0.445826 0.00485677
827 0.622559 0.443379 0.00384551
828 0.622559 0.43969 0.00495087
829 0.622559 0.438738 0.00561713
830 0.622559 0.43961 0.00542788
831 0.622559 0.434976 0.00525461
832 0.622559 0.436965 0.00459678
833 0.622559 0.438278 0.00480521
834 0.622559 0.429054 0.00556211
835 0.622559 0.426192 0.00543005
836 0.622559 0.421675 0.0054917
837 0.622559 0.430451 0.00437928
838 0.622559 0.430756 0.00474512
839 0.622559 0.42787 0.00474011
840 0.622559 0.423625 0.00484294
841 0.622559 0.426222 0.0047991
842 0.622559 0.42186 0.00557393
843 0.622559 0.419444 0.00564017
844 0.622559 0.419474 0.00567225
845 0.622559 0.419996 0.00594423
846 0.622559 0.418928 0.00610083
847 0.622559 0.405882 0.00721658
848 0.622559 0.414993 0.00617136
849 0.622559 0.410503 0.00650574
850 0.622559 0.421454 0.00699259
851 0.622559 0.417516 0.00583882
852 0.622559 0.395173 0.00587257
853 0.622559 0.402443 0.00610112
854 0.622559 0.405811 0.00701233
855 0.622559 0.420032 0.00660321
856 0.622559 0.418845 0.005153
857 0.622559 0.431904 0.00553523
858 0.622559 0.422576 0.00654812
859 0.622559 0.421161 0.00689346
860 0.622559 0.423561 0.00622959
861 0.625183 0.425885 0.00695835
862 0.625183 0.430731 0.00553583
863 0.625183 0.429198 0.00582511
864 0.625183 0.42406 0.00523071
865 0.625183 0.424073 0.0070991
866 0.625183 0.427208 0.00653358
867 0.625183 0.422754 0.00604528
868 0.625183 0.419299 0.00699565
869 0.625183 0.432444 0.00584826
870 0.625183 0.422986 0.00598221
871 0.625183 0.428558 0.00552505
872 0.625183 0.43083 0.00581538
873 0.625183 0.424707 0.0054273
874 0.625183 0.426433 0.00451324
875 0.625183 0.425741 0.00527988
876 0.625183 0.424834 0.00536249
877 0.625183 0.420528 0.00540768
878 0.625183 0.419126 0.00420732
879 0.625183 0.419045 0.0040755
880 0.625183 0.418096 0.00462843
881 0.625183 0.41823 0.00503131
882 0.625183 0.415132 0.00580236
883 0.625183 0.409098 0.0054396
884 0.625183 0.41265 0.00535613
885 0.625183 0.415573 0.00504717
886 0.625183 0.419853 0.00475058
887 0.625183 0.430339 0.00483746
888 0.625183 0.424699 0.00462155
889 0.625183 0.412836 0.00508908
890 0.625183 0.423642 0.00494811
891 0.625183 0.423189 0.00477124
892 0.625183 0.41357 0.00532514
893 0.625183 0.413358 0.00524943
894 0.625183 0.410693 0.0055217
895 0.625614 0.398835 0.00702098
896 0.625614 0.396506 0.00666547
897 0.627706 0.40722 0.00672735
898 0.627706 0.401612 0.00603661
899 0.627706 0.404984 0.00576181
900 0.627706 0.400202 0.00578242
901 0.627706 0.404061 0.00587519
902 0.627706 0.408927 0.00615456
903 0.627706 0.409683 0.00572385
904 0.627706 0.411337 0.00577823
905 0.627706 0.407715 0.0067002
906 0.627706 0.410491 0.0068188
907 0.627706 0.414268 0.00638671
908 0.627706 0.409724 0.00697382
909 0.627706 0.407638 0.00736606
910 0.627706 0.413051 0.00696314
911 0.627706 0.419769 0.00755772
912 0.627706 0.424253 0.00634129
913 0.627706 0.420033 0.00625503
914 0.627706 0.409899 0.00658861
915 0.627706 0.412742 0.00560394
916 0.627706 0.404832 0.00578002
917 0.628347 0.406198 0.00757351
918 0.628347 0.407984 0.00624424
919 0.628347 0.414321 0.00627793
920 0.628347 0.418575 0.00639254
921 0.628347 0.414039 0.00544293
922 0.628347 0.418561 0.00597131
923 0.628347 0.413727 0.00523927
924 0.628347 0.424435 0.00599257
925 0.628347 0.423278 0.00550681
926 0.628347 0.426595 0.00566382
927 0.628347 0.415373 0.00702666
928 0.628347 0.426058 0.0071023
929 0.628347 0.423666 0.0057655
930 0.628347 0.426698 0.00617543
931 0.628347 0.424965 0.00591526
932 0.628347 0.42611 0.00598987
933 0.628347 0.426239 0.00536987
934 0.628347 0.429509 0.00617707
935 0.628347 0.420245 0.0055404
936 0.628347 0.424821 0.00561935
937 0.628347 0.423978 0.00575622
938 0.628347 0.419664 0.00541317
939 0.628347 0.427281 0.00470158
940 0.628347 0.432396 0.00516642
941 0.628347 0.424111 0.00534315
942 0.628347 0.424674 0.00497112
943 0.628347 0.422482 0.00515919
944 0.628347 0.423371 0.00543422
945 0.628347 0.430489 0.00538632
946 0.628347 0.438889 0.00421216
947 0.628347 0.435593 0.00455861
948 0.628347 0.440022 0.00489036
949 0.628347 0.43867 0.00517589
950 0.628347 0.440799 0.00465217
951 0.628347 0.446095 0.00342503
952 0.628347 0.437441 0.00442565
953 0.628347 0.441452 0.0045039
954 0.628347 0.441996 0.00483212
955 0.628347 0.446582 0.00436828
956 0.628347 0.445732 0.00503732
957 0.628347 0.442564 0.00466555
958 0.628347 0.444389 0.00503307
959 0.628347 0.445052 0.00522387
960 0.628347 0.443145 0.00530167
961 0.628347 0.444316 0.00567984
962 0.628347 0.442597 0.00529207
963 0.628347 0.430289 0.00597431
964 0.628347 0.435234 0.00545435
965 0.628347 0.433032 0.00611092
966 0.628347 0.430143 0.00659854
967 0.628347 0.43767 0.00632483
968 0.628347 0.433538 0.00548652
969 0.628347 0.426021 0.00565188
970 0.628347 0.421896 0.00612911
971 0.628347 0.422136 0.00514104
972 0.628347 0.427894 0.00586306
973 0.628347 0.422076 0.00500435
974 0.628347 0.425308 0.0050977
975 0.628347 0.433184 0.00502537
976 0.628347 0.439895 0.0048913
977 0.628347 0.439302 0.00499227
978 0.628347 0.440687 0.00564947
979 0.628347 0.436437 0.00531444
980 0.628347 0.444001 0.00394485
981 0.628347 0.447909 0.00417972
982 0.628347 0.448346 0.00449402
983 0.628347 0.44365 0.00529267
984 0.628347 0.445857 0.00491733
985 0.628347 0.44135 0.00465904
986 0.628347 0.442728 0.00418707
987 0.628347 0.442762 0.00464535
988 0.628347 0.423696 0.00595629
989 0.628347 0.434392 0.00500559
990 0.628347 0.427504 0.00409445
991 0.628347 0.424231 0.00395046
992 0.628347 0.428169 0.00458325
993 0.628347 0.430608 0.00528509
994 0.628347 0.42752 0.00537109
995 0.628347 0.431917 0.00428192
996 0.628347 0.429032 0.00453994
997 0.628347 0.433274 0.00459068
998 0.628347 0.432614 0.00404251
999 0.628347 0.439131 0.00381043
1000 0.628347 0.441355 0.00481106
