0 0.285121 0.250772 5.90433e-05
1 0.305481 0.251579 0.000216615
2 0.364476 0.25515 0.000319586
3 0.364476 0.256523 0.000403132
4 0.364476 0.259392 0.000609304
5 0.364476 0.262697 0.000821593
6 0.364476 0.26603 0.00117554
7 0.364476 0.269426 0.00119149
8 0.364476 0.270812 0.00169739
9 0.364476 0.269688 0.0015702
10 0.364476 0.271739 0.00186141
11 0.399742 0.276556 0.00195495
12 0.403186 0.273894 0.00226501
13 0.41279 0.278024 0.00241478
14 0.41279 0.284523 0.00316198
15 0.453747 0.286102 0.00320737
16 0.453747 0.282887 0.00327351
17 0.453747 0.291343 0.00386781
18 0.514151 0.297515 0.00472639
19 0.522626 0.307325 0.00630516
20 0.522626 0.310653 0.00707484
21 0.523065 0.309469 0.00794927
22 0.523065 0.323848 0.00989344
23 0.523065 0.333525 0.0108277
24 0.523065 0.342373 0.0117048
25 0.523065 0.343753 0.0124517
26 0.523065 0.349629 0.0126674
27 0.523286 0.352833 0.013746
28 0.523286 0.359022 0.013055
29 0.531305 0.369972 0.0132169
30 0.531305 0.375054 0.0122633
31 0.531305 0.387215 0.0114795
32 0.531305 0.39205 0.0114339
33 0.531305 0.39668 0.0118364
34 0.531305 0.391988 0.0115568
35 0.534044 0.403967 0.0120526
36 0.534044 0.408174 0.0100851
37 0.540201 0.420012 0.00908114
38 0.540201 0.416712 0.00928001
39 0.540201 0.430062 0.00892805
40 0.540201 0.428888 0.00852447
41 0.540201 0.439946 0.00724651
42 0.541106 0.445323 0.00737998
43 0.541173 0.444988 0.0079073
44 0.546367 0.442679 0.0071042
45 0.546367 0.439564 0.0062758
46 0.547436 0.456665 0.00541533
47 0.547436 0.453855 0.00519398
48 0.548113 0.453891 0.00547596
49 0.548113 0.458759 0.00541441
50 0.548113 0.443198 0.00636905
51 0.548113 0.449061 0.0055358
52 0.55007 0.457412 0.0049922
53 0.556833 0.460285 0.0044833
54 0.556833 0.454053 0.00448158
55 0.556833 0.451988 0.00488525
56 0.56609 0.457318 0.00491727
57 0.56609 0.46165 0.00515459
58 0.56609 0.460141 0.00583467
59 0.56609 0.46508 0.00471797
60 0.56609 0.466749 0.00424613
61 0.56609 0.475356 0.00450927
62 0.56609 0.480369 0.00456024
63 0.568203 0.483788 0.00414889
64 0.568203 0.479613 0.00372049
65 0.568203 0.484561 0.00374815
66 0.568203 0.489491 0.0034105
67 0.568203 0.494894 0.00290138
68 0.568203 0.491099 0.00287478
69 0.575559 0.495279 0.00273096
70 0.575559 0.495551 0.00287899
71 0.578358 0.493756 0.00336874
72 0.578358 0.495172 0.00344391
73 0.578358 0.493825 0.00372404
74 0.578358 0.494892 0.00358453
75 0.578358 0.497678 0.00350243
76 0.578358 0.494914 0.00365553
77 0.578358 0.496519 0.00352629
78 0.578358 0.496912 0.00328704
79 0.58244 0.50458 0.00335877
80 0.58244 0.508162 0.00302492
81 0.58244 0.506086 0.00324202
82 0.58244 0.514303 0.00268565
83 0.58244 0.508798 0.00391018
84 0.58244 0.513683 0.00364713
85 0.58244 0.512643 0.00345627
86 0.58244 0.51018 0.00293071
87 0.58244 0.509768 0.00239413
88 0.58244 0.509674 0.00251822
89 0.58244 0.511996 0.00245047
90 0.58244 0.50514 0.00318137
91 0.58244 0.501392 0.00353901
92 0.58244 0.505827 0.00287449
93 0.58244 0.507752 0.00347531
94 0.58244 0.505766 0.00308969
95 0.582917 0.513327 0.00354753
96 0.583798 0.515521 0.00354229
97 0.583798 0.506693 0.00375096
98 0.583798 0.500954 0.0036834
99 0.583798 0.49569 0.00424018
100 0.583798 0.505672 0.00362403
101 0.584046 0.50823 0.00397244
102 0.584046 0.512675 0.00299406
103 0.584046 0.511967 0.00266759
104 0.584046 0.515324 0.002874
105 0.584046 0.513016 0.00242753
106 0.584046 0.516818 0.0024173
107 0.584046 0.518312 0.0024546
108 0.584046 0.514454 0.0030281
109 0.584046 0.514161 0.00337231
110 0.584046 0.511282 0.00350366
111 0.584046 0.506747 0.00347531
112 0.584046 0.503234 0.00413666
113 0.584046 0.517451 0.00322573
114 0.584046 0.508404 0.0036548
115 0.584046 0.513451 0.00333616
116 0.584046 0.501421 0.00485281
117 0.584046 0.508068 0.00367343
118 0.584046 0.505475 0.00360033
119 0.584046 0.500175 0.00484531
120 0.584046 0.507924 0.00404702
121 0.584046 0.506631 0.00470258
122 0.585264 0.503005 0.00476459
123 0.585264 0.505679 0.00452638
124 0.585264 0.500369 0.00444656
125 0.585264 0.508662 0.00417906
126 0.585264 0.51446 0.00393579
127 0.585264 0.513476 0.0042422
128 0.585264 0.510459 0.00430506
129 0.585264 0.50451 0.00425426
130 0.585889 0.510631 0.00407862
131 0.589346 0.512187 0.00435704
132 0.589346 0.514584 0.00399864
133 0.589346 0.515373 0.00435709
134 0.589346 0.511088 0.00458118
135 0.590986 0.51335 0.0048846
136 0.590986 0.510416 0.0051143
137 0.590986 0.518055 0.00444317
138 0.590986 0.518509 0.00362803
139 0.590986 0.513952 0.00398494
140 0.590986 0.521232 0.002762
141 0.591869 0.523506 0.00350397
142 0.591869 0.526155 0.00305107
143 0.591869 0.525404 0.00360934
144 0.591869 0.525726 0.00331807
145 0.591869 0.522879 0.00320024
146 0.591869 0.527079 0.00298522
147 0.591869 0.530452 0.00253417
148 0.591869 0.535338 0.0021535
149 0.591869 0.535281 0.00207818
150 0.591869 0.529253 0.00255803
151 0.591869 0.52459 0.00282791
152 0.591869 0.533347 0.00259089
153 0.591869 0.52854 0.00268574
154 0.591869 0.519823 0.0035434
155 0.591869 0.5299 0.0028103
156 0.591869 0.532082 0.00333366
157 0.591869 0.529623 0.00318944
158 0.591869 0.529912 0.00287563
159 0.591869 0.525478 0.00353114
160 0.591869 0.528512 0.00383561
161 0.591869 0.530116 0.00347648
162 0.591869 0.525183 0.00389706
163 0.591869 0.527581 0.00355712
164 0.591869 0.527347 0.00452715
165 0.591869 0.527052 0.00337874
166 0.591869 0.513856 0.00514957
167 0.591869 0.517968 0.00444071
168 0.591869 0.521156 0.00451137
169 0.599153 0.525037 0.00423974
170 0.599153 0.524152 0.00472581
171 0.599153 0.531225 0.00410473
172 0.599153 0.523815 0.00425376
173 0.599153 0.517236 0.00504823
174 0.599153 0.520089 0.00513035
175 0.599153 0.520786 0.0047291
176 0.599153 0.528442 0.00426648
177 0.599153 0.528438 0.00408549
178 0.599153 0.53061 0.00308711
179 0.599153 0.533123 0.00306924
180 0.599153 0.539413 0.00228919
181 0.599153 0.537804 0.00244875
182 0.599153 0.532357 0.00263707
183 0.599153 0.533183 0.00290479
184 0.599153 0.529447 0.0027646
185 0.599153 0.532055 0.00259894
186 0.599153 0.539425 0.00239494
187 0.599153 0.537679 0.00274454
188 0.599153 0.548218 0.0017177
189 0.599153 0.541554 0.00193818
190 0.599153 0.538839 0.00242145
191 0.599153 0.53897 0.00245824
192 0.599153 0.537725 0.0025386
193 0.599153 0.52562 0.0042682
194 0.599153 0.525055 0.00466537
195 0.599153 0.527194 0.0045283
196 0.599285 0.530199 0.00365704
197 0.599285 0.536366 0.00389006
198 0.599414 0.544907 0.0023053
199 0.599414 0.540615 0.00272106
200 0.599414 0.540137 0.00245655
201 0.599414 0.543431 0.00196052
202 0.600911 0.536815 0.00324347
203 0.600911 0.542071 0.0023539
204 0.600911 0.543891 0.00190637
205 0.600911 0.533919 0.00245955
206 0.600911 0.534678 0.00298878
207 0.600911 0.541701 0.00313195
208 0.600911 0.540315 0.00316636
209 0.600911 0.533984 0.00404523
210 0.600911 0.533716 0.00368975
211 0.600911 0.529073 0.00322998
212 0.600911 0.535523 0.0032027
213 0.600911 0.52097 0.00374598
214 0.600911 0.534656 0.00350996
215 0.600911 0.530157 0.00392334
216 0.600911 0.528317 0.0037237
217 0.600911 0.519436 0.0043949
218 0.600911 0.527117 0.0038536
219 0.600911 0.532767 0.00401902
220 0.600911 0.535746 0.00385475
221 0.600911 0.540493 0.00302388
222 0.600911 0.534627 0.00386827
223 0.600911 0.531202 0.00344203
224 0.600911 0.537264 0.00306435
225 0.600911 0.53289 0.00373949
226 0.600911 0.528791 0.00367994
227 0.600911 0.525912 0.00449497
228 0.600911 0.537556 0.00316102
229 0.600911 0.542483 0.00254124
230 0.600911 0.540438 0.00275443
231 0.600911 0.538968 0.00334154
232 0.600911 0.538317 0.00335518
233 0.600911 0.533579 0.00386328
234 0.600911 0.53518 0.00398958
235 0.600911 0.537324 0.00377015
236 0.600911 0.53953 0.00398459
237 0.600911 0.532458 0.00431789
238 0.600911 0.539176 0.00334954
239 0.600911 0.536829 0.00403636
240 0.600911 0.535774 0.00346184
241 0.600911 0.542586 0.00386476
242 0.600911 0.545846 0.00331711
243 0.600911 0.547142 0.00365176
244 0.600911 0.546918 0.00362646
245 0.600911 0.540136 0.00380837
246 0.600911 0.536187 0.00353886
247 0.600911 0.538805 0.0036504
248 0.600911 0.545376 0.00286932
249 0.600911 0.539228 0.00341046
250 0.600911 0.530607 0.00399798
251 0.600911 0.53209 0.00396135
252 0.600911 0.535962 0.00392144
253 0.600911 0.540712 0.0036302
254 0.600911 0.531736 0.00367178
255 0.600911 0.533064 0.00398064
256 0.600911 0.53329 0.00344899
257 0.600911 0.53709 0.0028479
258 0.600911 0.539494 0.00335332
259 0.601172 0.536848 0.00464391
260 0.601172 0.536142 0.00382138
261 0.601172 0.539225 0.00355072
262 0.601172 0.543417 0.00229418
263 0.601172 0.545238 0.00274102
264 0.601172 0.541287 0.00308504
265 0.601172 0.534613 0.00351025
266 0.601172 0.540333 0.00315817
267 0.601172 0.539102 0.00330543
268 0.601172 0.54145 0.00279049
269 0.601172 0.535878 0.00328602
270 0.601172 0.53496 0.00408085
271 0.601172 0.534878 0.00394775
272 0.601172 0.528858 0.00525007
273 0.601172 0.532677 0.00417492
274 0.601172 0.533332 0.00376295
275 0.601172 0.542502 0.00323113
276 0.601172 0.543081 0.00313792
277 0.601172 0.533274 0.00430869
278 0.601172 0.53457 0.00400313
279 0.601172 0.538482 0.00358255
280 0.601172 0.534527 0.00366088
281 0.601172 0.537214 0.00354955
282 0.601172 0.53002 0.00401776
283 0.601172 0.5366 0.00360551
284 0.601172 0.52967 0.00401684
285 0.601172 0.530554 0.00338415
286 0.601172 0.527062 0.00385362
287 0.601172 0.518945 0.00480527
288 0.601172 0.516571 0.00456628
289 0.601279 0.533722 0.00378202
290 0.601279 0.528687 0.00428172
291 0.601279 0.526499 0.00413334
292 0.601279 0.528998 0.00477823
293 0.601279 0.52421 0.00518919
294 0.601279 0.533126 0.00386079
295 0.601279 0.529948 0.00444726
296 0.601279 0.524186 0.00466509
297 0.601279 0.526723 0.00472702
298 0.601279 0.534349 0.00373953
299 0.601279 0.528824 0.00429329
300 0.601279 0.527038 0.00389475
301 0.601279 0.536261 0.00244262
302 0.601279 0.534578 0.00303894
303 0.601279 0.536742 0.00293178
304 0.601279 0.529697 0.00324406
305 0.601279 0.528105 0.00357475
306 0.601279 0.531264 0.00390367
307 0.601279 0.53388 0.00332001
308 0.601279 0.532267 0.00330821
309 0.601279 0.538407 0.00311171
310 0.601279 0.534792 0.00334397
311 0.601279 0.540637 0.0032311
312 0.601279 0.537566 0.00306462
313 0.601279 0.537127 0.00273465
314 0.601279 0.535058 0.00328203
315 0.601279 0.536875 0.00290858
316 0.601279 0.535289 0.00308869
317 0.601279 0.54177 0.00229859
318 0.601279 0.543814 0.00249975
319 0.601279 0.537308 0.0032644
320 0.601279 0.538279 0.00293744
321 0.601279 0.539543 0.00309593
322 0.601279 0.54116 0.00313484
323 0.601826 0.536059 0.00378091
324 0.601826 0.536086 0.00414087
325 0.603211 0.533838 0.00387462
326 0.603211 0.53058 0.00327787
327 0.603211 0.523814 0.00349027
328 0.603211 0.525171 0.00399244
329 0.603211 0.517097 0.00474454
330 0.603211 0.520267 0.00479185
331 0.603211 0.517007 0.0054264
332 0.603211 0.526982 0.00383375
333 0.603409 0.535717 0.00352319
334 0.603409 0.53494 0.00285067
335 0.603409 0.53732 0.00296567
336 0.603409 0.536629 0.00322967
337 0.603409 0.533019 0.00313622
338 0.603409 0.539022 0.0026881
339 0.603409 0.535005 0.00244941
340 0.603409 0.535281 0.00326514
341 0.603409 0.528804 0.00402034
342 0.603409 0.521869 0.00499292
343 0.603409 0.519435 0.00596355
344 0.603409 0.520702 0.00473891
345 0.603409 0.514451 0.0044953
346 0.603409 0.517929 0.00550985
347 0.603409 0.522637 0.00407313
348 0.603409 0.52458 0.00410952
349 0.603409 0.530659 0.00372319
350 0.603409 0.520258 0.0055043
351 0.603409 0.511512 0.00657787
352 0.603409 0.511966 0.00583319
353 0.603409 0.519969 0.00589197
354 0.603409 0.528905 0.00420452
355 0.603409 0.523569 0.00463
356 0.603409 0.526627 0.00447384
357 0.603409 0.530748 0.00420981
358 0.603409 0.523738 0.00537557
359 0.603409 0.524723 0.00430124
360 0.603473 0.532512 0.00376334
361 0.603473 0.53407 0.00482094
362 0.603473 0.526669 0.00544064
363 0.603473 0.5291 0.00369307
364 0.603473 0.520021 0.00467937
365 0.603473 0.521711 0.00454096
366 0.603473 0.522563 0.00494901
367 0.603473 0.513377 0.00521159
368 0.603473 0.505661 0.00634798
369 0.603473 0.5149 0.00659658
370 0.603473 0.524331 0.00592048
371 0.603473 0.526834 0.00461713
372 0.603473 0.530687 0.00406919
373 0.603473 0.52965 0.00372826
374 0.603473 0.530496 0.00443943
375 0.603473 0.527326 0.00447407
376 0.603473 0.531275 0.00451945
377 0.603473 0.526501 0.004166
378 0.603473 0.520273 0.00528735
379 0.603473 0.533073 0.00420662
380 0.603473 0.53563 0.00455929
381 0.603745 0.534003 0.004885
382 0.605103 0.538344 0.00337295
383 0.605103 0.532467 0.00422018
384 0.605103 0.524235 0.00482212
385 0.605103 0.531307 0.00448615
386 0.605103 0.529324 0.00463023
387 0.605103 0.535336 0.00420112
388 0.605103 0.533373 0.00452774
389 0.605103 0.541329 0.00353035
390 0.605103 0.539686 0.00389408
391 0.605103 0.536865 0.00394905
392 0.605103 0.535492 0.00444217
393 0.605103 0.530074 0.00452724
394 0.605103 0.532411 0.00459151
395 0.605103 0.531071 0.00467878
396 0.605103 0.529382 0.00520254
397 0.605103 0.527103 0.00557138
398 0.605103 0.536343 0.00456018
399 0.605103 0.543979 0.00347387
400 0.605103 0.542439 0.00371512
401 0.605103 0.541255 0.00429588
402 0.605103 0.535446 0.00422815
403 0.605103 0.539898 0.00379485
404 0.605103 0.533033 0.00534209
405 0.605103 0.541533 0.00414104
406 0.605103 0.538896 0.00388344
407 0.605103 0.540088 0.00347731
408 0.605103 0.541877 0.00339986
409 0.605103 0.538864 0.00377328
410 0.605103 0.54436 0.00327911
411 0.605103 0.54538 0.0029408
412 0.605356 0.543116 0.00306216
413 0.605356 0.538265 0.00343723
414 0.605356 0.545564 0.00348942
415 0.605356 0.542849 0.00380929
416 0.605356 0.539554 0.00424264
417 0.605356 0.528125 0.00553211
418 0.605356 0.527572 0.00493519
419 0.605356 0.523974 0.00487482
420 0.605414 0.524049 0.0047907
421 0.605414 0.530231 0.00514749
422 0.605414 0.533199 0.00539433
423 0.605414 0.543189 0.00365376
424 0.605414 0.527109 0.0051005
425 0.605738 0.532567 0.00609878
426 0.605738 0.536288 0.00424744
427 0.605738 0.545419 0.0038989
428 0.605738 0.540679 0.0034042
429 0.605738 0.548465 0.00286914
430 0.605738 0.541844 0.00347054
431 0.605738 0.533914 0.00413656
432 0.605738 0.527962 0.00466812
433 0.605738 0.529649 0.00529388
434 0.605738 0.537758 0.00520713
435 0.605738 0.535696 0.00509765
436 0.605738 0.545549 0.00427652
437 0.605738 0.538932 0.00486667
438 0.605738 0.544646 0.00486231
439 0.605738 0.547426 0.00430959
440 0.606127 0.548792 0.00384543
441 0.606127 0.543872 0.00483831
442 0.606127 0.548451 0.00392546
443 0.606127 0.547451 0.00328456
444 0.606127 0.541599 0.00389422
445 0.606127 0.545339 0.00385575
446 0.606127 0.546101 0.0038767
447 0.606127 0.544902 0.00306444
448 0.606127 0.534027 0.00460816
449 0.606127 0.536687 0.00450968
450 0.606127 0.544678 0.00373006
451 0.606127 0.540023 0.00341434
452 0.606127 0.539776 0.00308577
453 0.606127 0.537048 0.0035724
454 0.606127 0.533422 0.00415309
455 0.606127 0.541217 0.00377459
456 0.606127 0.540363 0.00427829
457 0.606127 0.542421 0.00415886
458 0.606127 0.545914 0.00403551
459 0.606127 0.548115 0.00390186
460 0.606127 0.544539 0.0042373
461 0.606127 0.545617 0.00429599
462 0.606127 0.540234 0.00492601
463 0.606127 0.542467 0.00498919
464 0.606127 0.533548 0.00574627
465 0.606127 0.531657 0.00632952
466 0.606127 0.528274 0.0065604
467 0.606127 0.533177 0.00567131
468 0.606127 0.533056 0.00506583
469 0.606127 0.536682 0.00521572
470 0.606127 0.524821 0.00531578
471 0.606127 0.528902 0.0052705
472 0.606127 0.528603 0.0050216
473 0.606127 0.531503 0.00516211
474 0.606127 0.531529 0.00556385
475 0.606127 0.531326 0.00510443
476 0.606127 0.530971 0.00531733
477 0.606219 0.531693 0.0050632
478 0.606219 0.529197 0.00460436
479 0.606219 0.526987 0.00553687
480 0.606219 0.527352 0.00520238
481 0.606219 0.540274 0.0053502
482 0.606228 0.542623 0.00467776
483 0.606228 0.539064 0.0045564
484 0.606228 0.535408 0.00446756
485 0.606228 0.536922 0.00457284
486 0.606228 0.544039 0.00357972
487 0.606228 0.547974 0.00382657
488 0.606228 0.544072 0.00405111
489 0.606228 0.547388 0.00329077
490 0.606228 0.545019 0.00305775
491 0.60933 0.547611 0.00345584
492 0.60933 0.542352 0.00431999
493 0.60933 0.534824 0.00538097
494 0.60933 0.532442 0.00531579
495 0.60933 0.528564 0.00562171
496 0.60933 0.540515 0.00459009
497 0.60933 0.537793 0.0048636
498 0.60933 0.529922 0.0056227
499 0.60933 0.534732 0.00444661
500 0.60933 0.54036 0.00486293
501 0.60933 0.544576 0.00406463
502 0.60933 0.536387 0.00406057
503 0.60933 0.533441 0.00462198
504 0.60933 0.533311 0.00484454
505 0.60933 0.533513 0.00531668
506 0.60933 0.539251 0.00427344
507 0.60933 0.539137 0.00405538
508 0.60933 0.533673 0.0048753
509 0.60933 0.530254 0.00481564
510 0.60933 0.542698 0.00384737
511 0.60933 0.541812 0.00364752
512 0.60933 0.53712 0.00459458
513 0.60933 0.536323 0.00392163
514 0.60933 0.54431 0.0047143
515 0.60933 0.553443 0.00243132
516 0.60933 0.551013 0.00279452
517 0.60933 0.55052 0.00277519
518 0.60933 0.54738 0.0030598
519 0.60933 0.544114 0.00392068
520 0.60933 0.543362 0.00426143
521 0.60933 0.544893 0.00346796
522 0.60933 0.534701 0.00489526
523 0.60933 0.534889 0.00421691
524 0.60933 0.528805 0.00413999
525 0.60933 0.525278 0.00433828
526 0.60933 0.531642 0.00489859
527 0.60933 0.541649 0.00323854
528 0.60933 0.534181 0.00509697
529 0.60933 0.530687 0.00419391
530 0.60933 0.535289 0.00377996
531 0.60933 0.529365 0.00412873
532 0.60933 0.538407 0.00385659
533 0.60933 0.543217 0.00268361
534 0.60933 0.5446 0.00418679
535 0.60933 0.549984 0.00279766
536 0.60933 0.540042 0.00406666
537 0.60933 0.539246 0.00378671
538 0.60933 0.542267 0.00347293
539 0.60933 0.547655 0.00319192
540 0.60933 0.546929 0.00396791
541 0.60933 0.542623 0.00396797
542 0.60933 0.545475 0.00353272
543 0.60933 0.538685 0.00354555
544 0.60933 0.538513 0.00489032
545 0.60933 0.537758 0.00473455
546 0.60933 0.541619 0.00486881
547 0.60933 0.538748 0.00553154
548 0.60933 0.538414 0.00598566
549 0.60933 0.540248 0.005204
550 0.60933 0.535144 0.00371977
551 0.60933 0.528502 0.00488099
552 0.60933 0.526826 0.00595149
553 0.60933 0.524498 0.0067939
554 0.609335 0.527168 0.00602904
555 0.609335 0.534319 0.00482444
556 0.609335 0.523128 0.00571654
557 0.609335 0.521097 0.00701139
558 0.609335 0.510123 0.0076497
559 0.609335 0.523465 0.0049586
560 0.609335 0.535813 0.00473721
561 0.609335 0.527708 0.00558924
562 0.609335 0.528842 0.00591565
563 0.609335 0.534982 0.00467152
564 0.609335 0.532439 0.00517539
565 0.609335 0.531562 0.00569645
566 0.609335 0.530041 0.00629508
567 0.609335 0.532932 0.00508594
568 0.609335 0.528213 0.00568886
569 0.609335 0.536419 0.00445148
570 0.609335 0.530005 0.0050832
571 0.609335 0.526279 0.00516584
572 0.609335 0.528481 0.00622064
573 0.609335 0.534025 0.00469029
574 0.609442 0.531552 0.00498225
575 0.609445 0.536095 0.00404239
576 0.609445 0.541274 0.00411988
577 0.609445 0.540466 0.00402884
578 0.609445 0.540716 0.0042109
579 0.609445 0.541363 0.00417088
580 0.609445 0.53349 0.00447683
581 0.609445 0.541983 0.00422082
582 0.609445 0.53585 0.00515557
583 0.609445 0.541217 0.004226
584 0.609445 0.54164 0.00417091
585 0.609445 0.536357 0.00431896
586 0.609445 0.544151 0.00352106
587 0.609445 0.53413 0.0041518
588 0.609445 0.526562 0.00501593
589 0.609445 0.530667 0.00498394
590 0.609445 0.530614 0.00480272
591 0.609445 0.537344 0.00494962
592 0.609445 0.530972 0.00576288
593 0.609445 0.537121 0.00422667
594 0.609564 0.5414 0.00422061
595 0.609564 0.543637 0.004008
596 0.609564 0.537045 0.00325763
597 0.609571 0.539354 0.00392977
598 0.609571 0.535285 0.00475039
599 0.609571 0.539822 0.00463166
600 0.609571 0.543905 0.00422729
601 0.609571 0.538997 0.0042926
602 0.609571 0.548179 0.00428067
603 0.609571 0.549317 0.00399904
604 0.609571 0.543642 0.00384218
605 0.609571 0.545213 0.00384596
606 0.609571 0.547928 0.0039886
607 0.609571 0.546005 0.00426482
608 0.609571 0.539404 0.00508051
609 0.609571 0.539649 0.00469247
610 0.609571 0.540049 0.00429707
611 0.609571 0.537665 0.00405474
612 0.609571 0.54417 0.00364982
613 0.609571 0.548 0.00315433
614 0.609571 0.535516 0.00460647
615 0.609571 0.533625 0.00454487
616 0.609571 0.518829 0.00630769
617 0.609571 0.521093 0.00697469
618 0.609571 0.522003 0.00648811
619 0.609571 0.529585 0.00644815
620 0.609571 0.524222 0.00584873
621 0.609571 0.529113 0.0056249
622 0.609571 0.528739 0.00572592
623 0.609571 0.533843 0.00475195
624 0.609571 0.522455 0.00623287
625 0.609571 0.530664 0.00505752
626 0.609571 0.536048 0.00415291
627 0.609571 0.534944 0.00387474
628 0.609571 0.531981 0.00485274
629 0.609571 0.530371 0.00492632
630 0.609574 0.520808 0.00606853
631 0.609574 0.520717 0.00627315
632 0.609574 0.51921 0.00598894
633 0.609574 0.513023 0.00602287
634 0.609574 0.519323 0.00611917
635 0.609574 0.509113 0.00718368
636 0.609574 0.513135 0.00614939
637 0.609574 0.52082 0.00537152
638 0.609574 0.519442 0.0055447
639 0.609574 0.516692 0.0063152
640 0.609574 0.52276 0.0055984
641 0.609574 0.532612 0.0051879
642 0.609574 0.52746 0.00597573
643 0.609574 0.530429 0.00587752
644 0.609574 0.522828 0.00561568
645 0.609574 0.525027 0.00527656
646 0.609574 0.531344 0.00460832
647 0.609574 0.534418 0.00406874
648 0.609574 0.535399 0.00387712
649 0.609574 0.531948 0.00408061
650 0.609574 0.532232 0.00428423
651 0.609574 0.525149 0.00537432
652 0.609574 0.521546 0.005569
653 0.609574 0.524291 0.00541984
654 0.609574 0.526525 0.00537059
655 0.609574 0.535693 0.00461521
656 0.609574 0.549073 0.00281578
657 0.609574 0.555225 0.00236749
658 0.609574 0.543971 0.00391022
659 0.609574 0.545608 0.00316675
660 0.609574 0.549238 0.00304092
661 0.609574 0.543399 0.0031791
662 0.609574 0.542951 0.00363459
663 0.609574 0.537731 0.00396212
664 0.609574 0.545999 0.0031748
665 0.609574 0.536757 0.00460654
666 0.609574 0.542118 0.00414425
667 0.609574 0.538655 0.00366397
668 0.609574 0.546187 0.00328384
669 0.609574 0.538271 0.00342288
670 0.609574 0.543017 0.00349246
671 0.609574 0.532479 0.00506327
672 0.609574 0.538253 0.00515291
673 0.609574 0.529922 0.0059153
674 0.609574 0.539942 0.00430209
675 0.609574 0.53735 0.00483204
676 0.609574 0.523488 0.00555682
677 0.609574 0.530186 0.00483374
678 0.609574 0.539324 0.00368094
679 0.609574 0.535188 0.00406789
680 0.609574 0.538153 0.00401842
681 0.609574 0.532879 0.00462691
682 0.609574 0.520414 0.00575916
683 0.609574 0.531085 0.00558551
684 0.609574 0.529027 0.0061827
685 0.609574 0.517832 0.00567984
686 0.609574 0.515668 0.00693003
687 0.609574 0.515682 0.00693658
688 0.609574 0.521308 0.00564393
689 0.609574 0.529102 0.00507283
690 0.609574 0.532188 0.0050379
691 0.609574 0.530767 0.00492066
692 0.610552 0.53156 0.0050507
693 0.610552 0.535553 0.0045806
694 0.610552 0.525614 0.0049967
695 0.610552 0.522667 0.00516276
696 0.610552 0.520382 0.00569192
697 0.610552 0.526401 0.00546961
698 0.610552 0.532814 0.00557532
699 0.610552 0.52784 0.00633136
700 0.610552 0.526251 0.00641493
701 0.610552 0.536358 0.00396369
702 0.610552 0.534717 0.00449811
703 0.610552 0.544239 0.00349456
704 0.610552 0.545077 0.00361796
705 0.610552 0.547421 0.0038571
706 0.610552 0.550498 0.00299444
707 0.610552 0.545486 0.00401971
708 0.610552 0.543692 0.00405333
709 0.610552 0.548646 0.0034752
710 0.610552 0.551329 0.0025662
711 0.610552 0.54221 0.00415195
712 0.610552 0.540223 0.00425403
713 0.610552 0.532086 0.00527477
714 0.610552 0.534746 0.00432854
715 0.610552 0.538582 0.00395282
716 0.610552 0.533629 0.00372655
717 0.610552 0.529106 0.00481397
718 0.610552 0.535781 0.00454124
719 0.610552 0.531596 0.00500172
720 0.610552 0.532714 0.00462549
721 0.610552 0.524461 0.00506916
722 0.610552 0.528198 0.00548525
723 0.610552 0.53051 0.00579314
724 0.610552 0.53305 0.00512679
725 0.610552 0.529164 0.00431284
726 0.610552 0.527751 0.00418203
727 0.610552 0.530825 0.00375406
728 0.610552 0.526331 0.00435159
729 0.610552 0.527098 0.00443802
730 0.610552 0.527278 0.00437892
731 0.610552 0.530665 0.00508182
732 0.610552 0.541103 0.00334054
733 0.610552 0.536532 0.00441486
734 0.610552 0.533599 0.00423417
735 0.610552 0.525465 0.00539164
736 0.610552 0.53205 0.00484137
737 0.610552 0.534138 0.00472871
738 0.610552 0.530806 0.00542918
739 0.610552 0.523283 0.00640189
740 0.610552 0.524153 0.00557684
741 0.610552 0.532075 0.00382799
742 0.610552 0.523649 0.0043763
743 0.610552 0.527237 0.00383843
744 0.610552 0.525747 0.00443638
745 0.610552 0.528367 0.00527425
746 0.610552 0.531444 0.00546697
747 0.610552 0.536151 0.00432293
748 0.610552 0.543346 0.00360242
749 0.610552 0.542927 0.0036153
750 0.610552 0.540202 0.00406613
751 0.610552 0.532734 0.00390988
752 0.610552 0.527922 0.00458045
753 0.610552 0.525432 0.00436688
754 0.610552 0.530449 0.0047482
755 0.610552 0.535304 0.00403282
756 0.610552 0.535559 0.0037101
757 0.610552 0.532087 0.00474373
758 0.610552 0.523587 0.00574603
759 0.610552 0.522152 0.00616881
760 0.610552 0.526422 0.00578906
761 0.610552 0.52755 0.00513696
762 0.610552 0.529529 0.00513193
763 0.610552 0.537029 0.00438288
764 0.610552 0.538914 0.0040038
765 0.610552 0.534698 0.00412043
766 0.610552 0.531357 0.00440729
767 0.610552 0.537081 0.00445512
768 0.610552 0.536364 0.00373441
769 0.610552 0.53107 0.00419508
770 0.610552 0.532084 0.00490164
771 0.610552 0.535341 0.0042453
772 0.610552 0.523904 0.00559245
773 0.610552 0.536936 0.00398593
774 0.610552 0.539137 0.00399795
775 0.610552 0.531704 0.00457914
776 0.610552 0.527249 0.00499922
777 0.610552 0.525927 0.00524264
778 0.610552 0.531613 0.00432007
779 0.610552 0.534726 0.00487183
780 0.610552 0.532205 0.00443164
781 0.610552 0.527145 0.00449973
782 0.610552 0.523275 0.00561512
783 0.610642 0.526547 0.00616513
784 0.610642 0.531503 0.00483071
785 0.610642 0.533779 0.00589851
786 0.610642 0.531438 0.00412068
787 0.610642 0.526817 0.0053072
788 0.610642 0.528415 0.00503956
789 0.610642 0.528269 0.00495459
790 0.610642 0.532857 0.00473615
791 0.610642 0.536506 0.00382201
792 0.610642 0.534768 0.00436306
793 0.610642 0.533765 0.00498612
794 0.610642 0.526797 0.00629163
795 0.610642 0.521726 0.00618956
796 0.610642 0.532313 0.00509356
797 0.610642 0.528385 0.00541176
798 0.610642 0.518048 0.00613465
799 0.610642 0.51341 0.00618152
800 0.610642 0.512377 0.00760145
801 0.610645 0.522594 0.00686209
802 0.610645 0.532584 0.00509349
803 0.610645 0.540035 0.00416031
804 0.610645 0.545914 0.00327374
805 0.610645 0.540127 0.00384846
806 0.610645 0.5396 0.00339183
807 0.610645 0.53468 0.00414861
808 0.610645 0.538595 0.0039164
809 0.610802 0.534115 0.00445096
810 0.610802 0.535515 0.004301
811 0.610802 0.538127 0.00497964
812 0.610802 0.523826 0.00559528
813 0.610802 0.523118 0.00490073
814 0.610802 0.518588 0.00516904
815 0.610802 0.518181 0.00555277
816 0.610802 0.526886 0.00481276
817 0.610802 0.52719 0.00418665
818 0.610802 0.518531 0.00553973
819 0.610802 0.512928 0.00593178
820 0.610802 0.503302 0.00722854
821 0.610802 0.505398 0.00674421
822 0.610802 0.5059 0.00761529
823 0.610802 0.510341 0.0081255
824 0.610802 0.511274 0.00782974
825 0.61085 0.515939 0.0078712
826 0.61085 0.510675 0.00801664
827 0.61085 0.522653 0.00628945
828 0.61085 0.530291 0.00598681
829 0.61085 0.537608 0.00582089
830 0.61085 0.530654 0.00588506
831 0.61085 0.52669 0.00569537
832 0.61085 0.531863 0.00528228
833 0.61085 0.535015 0.00468914
834 0.61085 0.533842 0.00501529
835 0.61085 0.529704 0.00540449
836 0.61085 0.534383 0.005401
837 0.61085 0.534906 0.00475643
838 0.61195 0.535087 0.00515247
839 0.61195 0.529341 0.00494588
840 0.61195 0.523947 0.0047331
841 0.61195 0.525684 0.00568697
842 0.61195 0.518781 0.00689643
843 0.61195 0.526258 0.00636146
844 0.61195 0.528522 0.00500687
845 0.61195 0.531703 0.00492024
846 0.61195 0.528297 0.0065386
847 0.61195 0.526825 0.00567725
848 0.61195 0.53023 0.00571966
849 0.612191 0.529655 0.00665412
850 0.612191 0.534562 0.00635581
851 0.612191 0.541927 0.0038876
852 0.612191 0.544312 0.00400615
853 0.612191 0.537443 0.00536553
854 0.612191 0.532625 0.0056825
855 0.612191 0.537901 0.00509357
856 0.612191 0.533664 0.00635218
857 0.612191 0.528286 0.00554236
858 0.612191 0.52642 0.00683554
859 0.612191 0.536235 0.00589868
860 0.612191 0.53255 0.00600665
861 0.612191 0.52856 0.00654621
862 0.612191 0.540948 0.00485303
863 0.612191 0.531005 0.00555547
864 0.612191 0.524513 0.00683399
865 0.612191 0.527579 0.00621138
866 0.612191 0.528673 0.00626099
867 0.612191 0.531845 0.0050724
868 0.612191 0.525479 0.00555141
869 0.612191 0.537067 0.00488935
870 0.612191 0.539532 0.00472535
871 0.612191 0.532338 0.00608933
872 0.612191 0.535534 0.00636276
873 0.612191 0.524226 0.00807319
874 0.612191 0.525842 0.00674874
875 0.612191 0.532145 0.0055691
876 0.612191 0.521487 0.00579946
877 0.612191 0.523296 0.00617299
878 0.612191 0.521263 0.00753846
879 0.612191 0.510714 0.00731214
880 0.612191 0.524577 0.0056525
881 0.612191 0.530862 0.0051911
882 0.612191 0.539502 0.00430634
883 0.612191 0.533556 0.00530594
884 0.612191 0.536516 0.00484882
885 0.612191 0.535441 0.00511539
886 0.612191 0.531707 0.00532501
887 0.612201 0.52956 0.00556191
888 0.612201 0.524815 0.00511409
889 0.612201 0.525425 0.00505759
890 0.612201 0.526367 0.00552505
891 0.612201 0.522802 0.00713799
892 0.612201 0.534475 0.00508185
893 0.612201 0.539474 0.00405751
894 0.612353 0.545195 0.00363894
895 0.612353 0.536545 0.0043417
896 0.612353 0.539697 0.00410363
897 0.612353 0.541622 0.0039614
898 0.612353 0.541889 0.00383923
899 0.612353 0.527967 0.00492402
900 0.612353 0.522479 0.00569027
901 0.612512 0.534253 0.00584309
902 0.612512 0.539329 0.00349898
903 0.612512 0.543573 0.00378274
904 0.612512 0.539632 0.00463525
905 0.612512 0.539767 0.00395258
906 0.612512 0.540889 0.00393221
907 0.612565 0.541044 0.00503639
908 0.612565 0.539447 0.00559426
909 0.612565 0.546866 0.00495993
910 0.612565 0.544205 0.00500041
911 0.612565 0.545559 0.00335624
912 0.612565 0.551462 0.0030084
913 0.612565 0.557278 0.00275532
914 0.612565 0.558845 0.00248735
915 0.612565 0.562744 0.00218831
916 0.612565 0.54985 0.00363849
917 0.612565 0.553191 0.00256148
918 0.612565 0.54503 0.00308426
919 0.612565 0.545041 0.00301288
920 0.612565 0.539006 0.00333088
921 0.612565 0.545367 0.00345823
922 0.612565 0.534948 0.00432587
923 0.612565 0.53664 0.00469862
924 0.612565 0.535294 0.00481375
925 0.612565 0.533866 0.00534148
926 0.612565 0.536624 0.00458221
927 0.612565 0.542926 0.00347501
928 0.612565 0.545155 0.00340292
929 0.612565 0.54169 0.0042305
930 0.612565 0.530703 0.00461142
931 0.612565 0.524134 0.00541335
932 0.612565 0.532846 0.0047396
933 0.612565 0.535319 0.00514393
934 0.612565 0.533447 0.00531464
935 0.612565 0.526268 0.00609857
936 0.612565 0.528458 0.0054551
937 0.612565 0.519547 0.00677182
938 0.612565 0.525537 0.00685788
939 0.612565 0.519384 0.00657604
940 0.612565 0.52286 0.00587787
941 0.612565 0.522108 0.00572232
942 0.612565 0.530827 0.00495391
943 0.612565 0.535877 0.00463542
944 0.612565 0.532665 0.00546362
945 0.612601 0.521946 0.00718807
946 0.612601 0.52696 0.00555811
947 0.612601 0.526104 0.00544144
948 0.612601 0.532187 0.00498613
949 0.612601 0.53325 0.00483406
950 0.612601 0.529102 0.00448853
951 0.612601 0.519107 0.00539412
952 0.612601 0.518661 0.00497697
953 0.612601 0.52746 0.00540937
954 0.612601 0.528971 0.00540774
955 0.612601 0.520386 0.00555012
956 0.612601 0.511423 0.00625019
957 0.612601 0.516364 0.00571468
958 0.612601 0.523679 0.0050437
959 0.612601 0.520852 0.00600494
960 0.612601 0.520898 0.00538741
961 0.612601 0.51953 0.00563121
962 0.612601 0.517694 0.00578146
963 0.612601 0.51612 0.00626104
964 0.612601 0.517798 0.00584522
965 0.612601 0.517978 0.0054073
966 0.612601 0.507197 0.00646718
967 0.612601 0.508749 0.00656866
968 0.612601 0.517037 0.00582992
969 0.612601 0.524287 0.00540074
970 0.612601 0.521882 0.00627411
971 0.612601 0.523385 0.00608293
972 0.612601 0.514437 0.00746814
973 0.612601 0.518158 0.00701211
974 0.612601 0.511603 0.0076983
975 0.612601 0.506623 0.00820893
976 0.612601 0.515219 0.00686932
977 0.612601 0.519409 0.00661975
978 0.612601 0.53115 0.00508588
979 0.612651 0.536264 0.00435726
980 0.612651 0.529583 0.00496923
981 0.612651 0.531532 0.00528151
982 0.612651 0.525499 0.00626379
983 0.612651 0.530649 0.00619658
984 0.612651 0.540306 0.00560522
985 0.612651 0.534538 0.00566887
986 0.612651 0.52869 0.00595729
987 0.612651 0.541314 0.00432057
988 0.612651 0.535922 0.00534192
989 0.612651 0.532935 0.00575988
990 0.612651 0.530677 0.00534898
991 0.612651 0.541077 0.00426983
992 0.612651 0.540003 0.0043042
993 0.612651 0.535089 0.00552382
994 0.612651 0.539665 0.00472763
995 0.612651 0.537115 0.00509069
996 0.612651 0.535804 0.0040636
997 0.612651 0.531863 0.00380275
998 0.612651 0.535237 0.00457703
999 0.612651 0.53649 0.00508094
1000 0.612651 0.536448 0.00564128
