0 0.589713 0.503456 0.000340658
1 0.589713 0.503322 0.000601718
2 0.589713 0.508992 0.000527413
3 0.589713 0.510749 0.000938226
4 0.589713 0.508656 0.00125722
5 0.606767 0.519646 0.00102376
6 0.606767 0.517517 0.00138229
7 0.606767 0.516847 0.00176031
8 0.606767 0.518447 0.00145165
9 0.606767 0.516288 0.00178616
10 0.620743 0.514133 0.00369372
11 0.633049 0.518395 0.00255203
12 0.633049 0.52479 0.00258912
13 0.633049 0.519731 0.00312095
14 0.705131 0.530778 0.00458226
15 0.705131 0.525997 0.0042748
16 0.705131 0.537117 0.00459171
17 0.705131 0.535074 0.00427079
18 0.705131 0.539408 0.00610492
19 0.705131 0.530475 0.00690941
20 0.705131 0.532167 0.00592183
21 0.705131 0.525415 0.00622569
22 0.791585 0.545475 0.0078308
23 0.791585 0.550063 0.0082355
24 0.791585 0.537747 0.00887019
25 0.791585 0.541199 0.00885568
26 0.791585 0.543404 0.00966084
27 0.791585 0.553215 0.0089886
28 0.791585 0.555073 0.00954508
29 0.791585 0.555082 0.00925005
30 0.791585 0.551738 0.0108327
31 0.791585 0.535977 0.0110603
32 0.791585 0.547856 0.011933
33 0.800578 0.54857 0.0127353
34 0.800578 0.545455 0.0141507
35 0.832417 0.548706 0.0139021
36 0.832417 0.549298 0.0143186
37 0.832417 0.553495 0.0118797
38 0.86037 0.558159 0.0181314
39 0.868284 0.567344 0.0186152
40 0.890908 0.578014 0.0213848
41 0.890908 0.584501 0.0207072
42 0.890908 0.582735 0.0181743
43 0.890908 0.564775 0.0196272
44 0.890908 0.575584 0.0232313
45 0.890908 0.571618 0.0222008
46 0.890908 0.589838 0.0238335
47 0.90302 0.605635 0.0265354
48 0.90302 0.589368 0.0274624
49 0.90302 0.607561 0.0244503
50 0.90302 0.607029 0.0244733
51 0.90302 0.600026 0.0247904
52 0.90302 0.605788 0.0230874
53 0.90302 0.621462 0.0235871
54 0.90302 0.636862 0.0207136
55 0.90302 0.634525 0.0261145
56 0.90302 0.674496 0.021273
57 0.909762 0.681515 0.0250527
58 0.909762 0.691375 0.0198567
59 0.936928 0.701989 0.0228199
60 0.936928 0.719682 0.0193419
61 0.936928 0.719861 0.0196023
62 0.936928 0.716747 0.0204338
63 0.936928 0.730242 0.0159283
64 0.936928 0.735311 0.0157885
65 0.936928 0.751735 0.0135792
66 0.936928 0.767941 0.0134624
67 0.936928 0.786954 0.0112706
68 0.936928 0.786943 0.0127602
69 0.936928 0.791595 0.0128627
70 0.936928 0.784728 0.0125973
71 0.936928 0.775028 0.0153658
72 0.936928 0.787277 0.0142368
73 0.936928 0.776918 0.0147437
74 0.936928 0.784211 0.0152426
75 0.936928 0.794852 0.0125463
76 0.936928 0.806161 0.0108097
77 0.936928 0.795561 0.0135009
78 0.936928 0.80655 0.0118265
79 0.936928 0.811167 0.0134386
80 0.936928 0.813676 0.0091933
81 0.936928 0.786954 0.0102006
82 0.936928 0.783394 0.013628
83 0.936928 0.806212 0.0132435
84 0.943354 0.806692 0.0129818
85 0.943354 0.806212 0.0126052
86 0.943354 0.813249 0.012148
87 0.943354 0.832302 0.00826846
88 0.943354 0.819025 0.0129632
89 0.943354 0.815071 0.0103506
90 0.943354 0.831148 0.0093443
91 0.943354 0.838997 0.0059357
92 0.943354 0.832982 0.00754052
93 0.943354 0.836008 0.00675413
94 0.943354 0.833027 0.00690131
95 0.948732 0.82624 0.00757018
96 0.948732 0.830431 0.0108087
97 0.948732 0.84055 0.00501382
98 0.952933 0.829659 0.00562879
99 0.952933 0.831174 0.00537626
100 0.952933 0.826934 0.008894
101 0.952933 0.826192 0.0115387
102 0.952933 0.861406 0.00465971
103 0.952933 0.845151 0.00718444
104 0.952933 0.847829 0.00922733
105 0.952933 0.847507 0.00693176
106 0.952933 0.843586 0.00607542
107 0.952933 0.837587 0.00617218
108 0.952933 0.848735 0.00747507
109 0.952933 0.843916 0.00606477
110 0.952933 0.84772 0.00641589
111 0.952933 0.843929 0.00580535
112 0.952933 0.848527 0.00533659
113 0.952933 0.8453 0.00629605
114 0.952933 0.851478 0.00520865
115 0.952933 0.855816 0.00505111
116 0.952933 0.8658 0.00284448
117 0.952933 0.866161 0.00411019
118 0.952933 0.860839 0.00533506
119 0.952933 0.86984 0.00327298
120 0.952933 0.861357 0.00369048
121 0.954073 0.857302 0.00428627
122 0.954073 0.862493 0.00481308
123 0.954073 0.865331 0.00311528
124 0.954073 0.859027 0.00493148
125 0.954073 0.861151 0.00542889
126 0.954073 0.86688 0.00379761
127 0.954073 0.867446 0.00401602
128 0.954073 0.871724 0.00371476
129 0.954073 0.861693 0.00431405
130 0.954073 0.870326 0.00331432
131 0.954073 0.870615 0.00395739
132 0.954073 0.866602 0.00358984
133 0.954073 0.8718 0.00339874
134 0.954073 0.873176 0.00592289
135 0.954073 0.860226 0.00464293
136 0.954073 0.864483 0.00490805
137 0.954073 0.86212 0.00509269
138 0.954768 0.864592 0.00648634
139 0.954768 0.868926 0.00575097
140 0.954768 0.866387 0.00432549
141 0.954768 0.8638 0.00402437
142 0.954768 0.865401 0.00436522
143 0.954768 0.862391 0.00658015
144 0.954768 0.856252 0.00616898
145 0.954768 0.86068 0.00537105
146 0.954768 0.857532 0.00680683
147 0.954768 0.864337 0.00480341
148 0.955472 0.861658 0.00577696
149 0.955472 0.860302 0.00523145
150 0.955472 0.855688 0.00592105
151 0.956845 0.848718 0.00692478
152 0.960655 0.854157 0.0072242
153 0.960655 0.869215 0.00469251
154 0.960655 0.8671 0.00395512
155 0.960655 0.875626 0.00324032
156 0.960655 0.87582 0.00573738
157 0.960655 0.855356 0.00640683
158 0.960655 0.86275 0.00480739
159 0.960655 0.860566 0.00592526
160 0.960655 0.860753 0.00584703
161 0.960655 0.860799 0.00546046
162 0.960655 0.865262 0.00540257
163 0.960655 0.865697 0.00537327
164 0.960655 0.853126 0.00647037
165 0.960655 0.865329 0.00490623
166 0.960655 0.84946 0.00631792
167 0.960655 0.848856 0.00707656
168 0.960655 0.843809 0.00924432
169 0.960655 0.848018 0.0076527
170 0.960655 0.861058 0.00620062
171 0.960655 0.851277 0.0090453
172 0.960655 0.844032 0.00828768
173 0.960655 0.856545 0.0077835
174 0.960655 0.863499 0.00740134
175 0.960655 0.866396 0.00427503
176 0.960655 0.853871 0.00594016
177 0.960655 0.849834 0.00754533
178 0.960862 0.862582 0.00538095
179 0.962124 0.858437 0.0059367
180 0.962124 0.860445 0.00532444
181 0.962124 0.857144 0.00614347
182 0.962124 0.879814 0.00257068
183 0.962124 0.880377 0.002872
184 0.962124 0.879995 0.0028809
185 0.962124 0.8694 0.00517712
186 0.962124 0.866719 0.00361558
187 0.962124 0.857938 0.0041086
188 0.962124 0.856693 0.00580909
189 0.962124 0.85907 0.00504999
190 0.962124 0.851812 0.00580992
191 0.962124 0.851648 0.00661331
192 0.962124 0.860698 0.00797594
193 0.962124 0.850353 0.00790185
194 0.962124 0.83547 0.00972321
195 0.962124 0.850882 0.00740818
196 0.962124 0.848512 0.00796024
197 0.962124 0.853106 0.0080693
198 0.962124 0.859199 0.00771722
199 0.962124 0.862524 0.00509292
200 0.962124 0.853536 0.0062787
201 0.962124 0.864781 0.0043789
202 0.962124 0.864869 0.00498666
203 0.962124 0.861663 0.00491641
204 0.962124 0.870738 0.00532475
205 0.962124 0.863089 0.00522466
206 0.962124 0.858581 0.00577353
207 0.962124 0.858247 0.0045235
208 0.962124 0.866163 0.00312827
209 0.962124 0.865575 0.00474329
210 0.963914 0.861827 0.00608345
211 0.963914 0.856687 0.00501237
212 0.963914 0.864174 0.00565142
213 0.963914 0.865732 0.00313761
214 0.963914 0.864413 0.0071366
215 0.963914 0.873233 0.00390341
216 0.963914 0.875009 0.00353741
217 0.963914 0.868583 0.00439697
218 0.963914 0.855338 0.00362944
219 0.963914 0.867514 0.00410001
220 0.963914 0.862537 0.0036494
221 0.963914 0.871944 0.00345435
222 0.963914 0.869078 0.00337392
223 0.963914 0.861571 0.00534649
224 0.963914 0.867493 0.00388942
225 0.963914 0.869675 0.00377585
226 0.963914 0.863331 0.00690992
227 0.963914 0.869692 0.00452023
228 0.963914 0.858486 0.00508596
229 0.963914 0.859119 0.00383101
230 0.963914 0.860945 0.00591436
231 0.963914 0.866782 0.00502233
232 0.963914 0.858256 0.00742516
233 0.963914 0.85658 0.0056863
234 0.963914 0.852881 0.00684718
235 0.963914 0.849785 0.00639866
236 0.963914 0.853274 0.00628104
237 0.963914 0.850384 0.00597857
238 0.963914 0.839589 0.0101349
239 0.963914 0.852861 0.00600975
240 0.963914 0.849308 0.00566565
241 0.963914 0.856408 0.00413389
242 0.963914 0.861732 0.00449754
243 0.963914 0.857886 0.00520355
244 0.963914 0.846614 0.00640729
245 0.963914 0.843516 0.00693849
246 0.963914 0.841127 0.00617909
247 0.963914 0.848267 0.00770085
248 0.963914 0.849711 0.00661685
249 0.963914 0.854283 0.00567165
250 0.963914 0.859429 0.00525478
251 0.963914 0.861047 0.004318
252 0.963914 0.864464 0.00516327
253 0.963914 0.864376 0.00674523
254 0.963914 0.857189 0.00514672
255 0.963914 0.852943 0.00701512
256 0.963914 0.856274 0.00558962
257 0.963914 0.864984 0.00427081
258 0.963914 0.864589 0.00487361
259 0.963914 0.866211 0.00370777
260 0.963914 0.860825 0.00438205
261 0.963914 0.856621 0.00486295
262 0.963914 0.85319 0.00510356
263 0.963914 0.838104 0.00615152
264 0.963914 0.844353 0.00592792
265 0.963914 0.845598 0.00595459
266 0.963914 0.844847 0.00619104
267 0.963914 0.855686 0.00568735
268 0.963914 0.854221 0.00652995
269 0.963914 0.850402 0.00571549
270 0.963914 0.839572 0.00794725
271 0.963914 0.84899 0.00535902
272 0.963914 0.848766 0.00733063
273 0.963914 0.856192 0.00500126
274 0.963914 0.83977 0.00688673
275 0.963914 0.845258 0.007377
276 0.963914 0.84233 0.0100578
277 0.963914 0.844237 0.00738555
278 0.963914 0.852391 0.00653219
279 0.963914 0.859497 0.00640958
280 0.963914 0.862416 0.00596389
281 0.963914 0.858378 0.00411452
282 0.963914 0.862509 0.00351228
283 0.964103 0.864505 0.00523532
284 0.964103 0.85325 0.00573687
285 0.964103 0.843447 0.00744687
286 0.964103 0.849527 0.00669739
287 0.964103 0.843193 0.0104554
288 0.964103 0.846044 0.00709669
289 0.964103 0.839704 0.00688522
290 0.964103 0.851587 0.00614723
291 0.964103 0.83894 0.00808413
292 0.964103 0.841802 0.00689847
293 0.964103 0.850836 0.00537934
294 0.964103 0.851492 0.0060107
295 0.964103 0.849238 0.00480735
296 0.964103 0.849874 0.00608255
297 0.964103 0.851685 0.00658681
298 0.964103 0.860082 0.00409769
299 0.964103 0.865107 0.00389402
300 0.964103 0.847181 0.00534248
301 0.964103 0.865011 0.0035935
302 0.964103 0.851535 0.0038182
303 0.964103 0.857065 0.0042535
304 0.964103 0.85732 0.00413
305 0.964103 0.844085 0.00664496
306 0.964103 0.853405 0.00661317
307 0.964103 0.859119 0.00611273
308 0.964103 0.852055 0.00572949
309 0.964103 0.866235 0.00504086
310 0.964103 0.858628 0.00586526
311 0.964103 0.863492 0.00415872
312 0.964103 0.858937 0.00472231
313 0.964103 0.844295 0.00469691
314 0.964103 0.845624 0.00666735
315 0.964103 0.854284 0.003827
316 0.964103 0.844845 0.00418587
317 0.964103 0.843546 0.00450261
318 0.964103 0.841391 0.00592713
319 0.964103 0.858937 0.00489061
320 0.964103 0.855892 0.00697227
321 0.964103 0.855727 0.0060935
322 0.964103 0.854874 0.00551613
323 0.964103 0.855849 0.00590637
324 0.964103 0.851493 0.00490803
325 0.964103 0.855385 0.0057849
326 0.964103 0.851652 0.00543242
327 0.964103 0.858609 0.00435658
328 0.964103 0.850267 0.00472985
329 0.964103 0.8439 0.00733808
330 0.964103 0.838598 0.00656223
331 0.964103 0.853787 0.00585018
332 0.964103 0.844408 0.00593325
333 0.964103 0.849025 0.00538725
334 0.964103 0.861444 0.00566951
335 0.964103 0.867649 0.00386965
336 0.964103 0.862816 0.00394555
337 0.964103 0.864696 0.003629
338 0.964103 0.867054 0.00374214
339 0.964103 0.871156 0.00390951
340 0.964103 0.862312 0.00431522
341 0.964103 0.84896 0.00425008
342 0.964103 0.855254 0.00487371
343 0.964103 0.86473 0.00493999
344 0.964103 0.857634 0.00657642
345 0.964103 0.856324 0.00700151
346 0.964103 0.856136 0.00722637
347 0.964103 0.850468 0.0103047
348 0.964103 0.865269 0.00674249
349 0.964103 0.858963 0.00429287
350 0.964103 0.859799 0.00579734
351 0.964103 0.855991 0.00601866
352 0.964103 0.858935 0.00483612
353 0.964103 0.85676 0.00425266
354 0.964103 0.859681 0.00410026
355 0.964103 0.863166 0.00387488
356 0.964103 0.872897 0.00449065
357 0.964103 0.866521 0.00349393
358 0.964103 0.865932 0.00360505
359 0.964103 0.864178 0.00426069
360 0.964103 0.863041 0.0050208
361 0.964103 0.858347 0.00461796
362 0.964103 0.861014 0.00448916
363 0.964103 0.861851 0.00449116
364 0.964103 0.858271 0.00394933
365 0.964103 0.861809 0.00441508
366 0.964328 0.862433 0.0047846
367 0.964328 0.866803 0.00453586
368 0.964328 0.868865 0.00329684
369 0.964328 0.856353 0.004035
370 0.964328 0.856145 0.00458024
371 0.964328 0.853677 0.00875417
372 0.964364 0.84271 0.00985915
373 0.964364 0.849774 0.00892702
374 0.964364 0.845857 0.0118477
375 0.964364 0.840459 0.0106017
376 0.964364 0.848353 0.00998584
377 0.964364 0.833037 0.00991655
378 0.964364 0.847857 0.009661
379 0.964364 0.855733 0.00863076
380 0.964364 0.864373 0.00641856
381 0.964364 0.85827 0.00719853
382 0.964364 0.836265 0.00927754
383 0.964364 0.852418 0.00796692
384 0.964364 0.845834 0.00774605
385 0.964364 0.844109 0.0101905
386 0.964364 0.837895 0.0081695
387 0.964364 0.841111 0.0080817
388 0.964364 0.843091 0.0106536
389 0.964364 0.839182 0.00964117
390 0.964364 0.851863 0.00591405
391 0.964364 0.864554 0.00703707
392 0.964364 0.846139 0.0101004
393 0.964364 0.83863 0.0110693
394 0.964364 0.853066 0.00511201
395 0.964364 0.853901 0.00510001
396 0.964364 0.859468 0.00468405
397 0.964364 0.859284 0.00494554
398 0.964364 0.854829 0.00472589
399 0.964364 0.858661 0.0049224
400 0.964364 0.858392 0.0053101
401 0.964364 0.85889 0.00604842
402 0.964364 0.860866 0.00552947
403 0.964364 0.859171 0.00532474
404 0.964364 0.865197 0.00394201
405 0.964364 0.870896 0.00340689
406 0.964364 0.867633 0.00496383
407 0.964364 0.86524 0.00568805
408 0.964364 0.863362 0.00363853
409 0.964364 0.864414 0.0053163
410 0.964364 0.860003 0.00645454
411 0.964364 0.869388 0.00567034
412 0.964364 0.865981 0.0056021
413 0.964364 0.872022 0.00430779
414 0.964364 0.87272 0.0050117
415 0.964364 0.869759 0.00436559
416 0.964364 0.870511 0.00532663
417 0.964364 0.861336 0.00550442
418 0.964364 0.857217 0.00472383
419 0.964364 0.853427 0.00397328
420 0.964364 0.856385 0.00415993
421 0.964403 0.857172 0.00479707
422 0.964403 0.863458 0.00508603
423 0.964403 0.864461 0.00435057
424 0.964403 0.86716 0.00493984
425 0.964403 0.874791 0.00433737
426 0.964403 0.870073 0.0052849
427 0.964403 0.869859 0.00498351
428 0.964403 0.866074 0.00422583
429 0.964403 0.864123 0.00520911
430 0.964403 0.865114 0.00558343
431 0.964403 0.86997 0.00480304
432 0.964403 0.865602 0.00549942
433 0.964403 0.86685 0.00629084
434 0.964403 0.86036 0.00507452
435 0.964403 0.866172 0.00514966
436 0.964403 0.86857 0.00435996
437 0.964403 0.87171 0.00307542
438 0.964403 0.871889 0.00380532
439 0.964403 0.860711 0.00542957
440 0.964403 0.861682 0.00448669
441 0.964403 0.86209 0.00474813
442 0.964403 0.859444 0.00489424
443 0.964403 0.8559 0.00397947
444 0.964403 0.854962 0.00448888
445 0.964403 0.851424 0.00603477
446 0.964403 0.86253 0.0045085
447 0.964403 0.86551 0.00361938
448 0.964403 0.855853 0.00415847
449 0.964403 0.860518 0.00559183
450 0.964403 0.863701 0.00505789
451 0.964403 0.866974 0.00365948
452 0.964403 0.867457 0.00396551
453 0.964403 0.859388 0.00344342
454 0.964403 0.857 0.00430152
455 0.964403 0.852893 0.00424514
456 0.964403 0.850057 0.00438395
457 0.964403 0.856166 0.00421138
458 0.964403 0.868465 0.00375799
459 0.964403 0.875385 0.00343852
460 0.964403 0.865031 0.00369435
461 0.964403 0.85679 0.00383989
462 0.964403 0.864206 0.00454363
463 0.964403 0.859929 0.0036417
464 0.964403 0.862331 0.00369498
465 0.964403 0.855899 0.00463466
466 0.964403 0.865085 0.00367381
467 0.964403 0.866838 0.00520646
468 0.964403 0.865384 0.00451905
469 0.964403 0.873483 0.00338082
470 0.964403 0.877244 0.00322282
471 0.964403 0.86307 0.00462144
472 0.964403 0.851199 0.00546426
473 0.964403 0.859563 0.00371343
474 0.964403 0.857469 0.00548835
475 0.964403 0.860247 0.00508826
476 0.964403 0.864954 0.00493783
477 0.964403 0.855349 0.00389869
478 0.964403 0.851906 0.00373338
479 0.964403 0.852922 0.00463826
480 0.964403 0.849764 0.00492765
481 0.964403 0.850464 0.00554181
482 0.964403 0.850644 0.00494579
483 0.964403 0.854468 0.00370057
484 0.964403 0.857311 0.00408423
485 0.964403 0.856634 0.00413845
486 0.964403 0.870818 0.00361145
487 0.964403 0.868656 0.00321198
488 0.964403 0.861362 0.0043656
489 0.964403 0.862976 0.00441849
490 0.964403 0.849461 0.00468932
491 0.964403 0.86235 0.00355051
492 0.964403 0.856407 0.00350861
493 0.964403 0.846144 0.005082
494 0.964403 0.855885 0.00430134
495 0.964403 0.850627 0.00570316
496 0.964403 0.864669 0.00436386
497 0.964403 0.865152 0.00345525
498 0.964403 0.862872 0.00375968
499 0.964403 0.863977 0.00390347
500 0.964403 0.8658 0.00305927
501 0.964403 0.868686 0.00383225
502 0.964403 0.865823 0.00431094
503 0.964403 0.865009 0.00436084
504 0.964403 0.866439 0.00460088
505 0.964403 0.859995 0.00304943
506 0.964403 0.856033 0.00455716
507 0.964403 0.856429 0.0052295
508 0.964403 0.856344 0.00519844
509 0.964403 0.849654 0.00472952
510 0.964403 0.858694 0.00459808
511 0.964403 0.861645 0.00444406
512 0.964403 0.86538 0.00478487
513 0.964403 0.859892 0.00532911
514 0.964403 0.856771 0.00473885
515 0.964403 0.860369 0.00338725
516 0.964403 0.85989 0.00313799
517 0.964403 0.861379 0.00473293
518 0.964403 0.858064 0.00628269
519 0.964403 0.866991 0.00343877
520 0.964403 0.86642 0.0036518
521 0.964403 0.853993 0.00328628
522 0.964403 0.862001 0.00347766
523 0.964403 0.858084 0.00369367
524 0.964403 0.859009 0.00415238
525 0.964403 0.854151 0.00425848
526 0.964403 0.86477 0.00345094
527 0.964403 0.854143 0.00362915
528 0.964403 0.855418 0.00345341
529 0.964403 0.859268 0.00365753
530 0.964403 0.857993 0.0045715
531 0.964403 0.85389 0.00475535
532 0.964403 0.848245 0.0043123
533 0.964403 0.865353 0.00461302
534 0.964403 0.860301 0.00419525
535 0.964403 0.852647 0.0036807
536 0.964403 0.859299 0.00357022
537 0.96443 0.8683 0.00421773
538 0.96443 0.860315 0.00329964
539 0.96443 0.862674 0.00392211
540 0.96443 0.861266 0.00342239
541 0.96443 0.853632 0.00438989
542 0.96443 0.854439 0.0044602
543 0.96443 0.855301 0.00339897
544 0.96443 0.85771 0.00387817
545 0.96443 0.857608 0.0052228
546 0.96443 0.84916 0.00478632
547 0.96443 0.853396 0.00399841
548 0.96443 0.860877 0.00293997
549 0.96443 0.853061 0.00405915
550 0.96443 0.846609 0.00445621
551 0.96443 0.849327 0.00564009
552 0.96443 0.851401 0.00594286
553 0.96443 0.858121 0.00484158
554 0.96443 0.84438 0.00750735
555 0.96443 0.859699 0.00489976
556 0.96443 0.847379 0.0065031
557 0.96443 0.852085 0.00464214
558 0.96443 0.851606 0.00644507
559 0.96443 0.851284 0.00696902
560 0.96443 0.849275 0.00628185
561 0.96443 0.84325 0.00484624
562 0.96443 0.849313 0.00476364
563 0.96443 0.858296 0.00400208
564 0.96443 0.841705 0.0043122
565 0.96443 0.851901 0.00380197
566 0.96443 0.847347 0.00520478
567 0.96443 0.857311 0.00577824
568 0.96443 0.854544 0.00543865
569 0.96443 0.859453 0.00526973
570 0.96443 0.869415 0.00368955
571 0.96443 0.85762 0.00403886
572 0.96443 0.86068 0.0044687
573 0.964614 0.865371 0.00411722
574 0.964614 0.865773 0.00411256
575 0.964614 0.867172 0.00364717
576 0.964614 0.863522 0.00335878
577 0.964614 0.864352 0.00327472
578 0.964614 0.871118 0.0039597
579 0.964614 0.867939 0.00354929
580 0.964614 0.871408 0.00521298
581 0.964614 0.868944 0.00481813
582 0.964614 0.864817 0.0049074
583 0.964614 0.866112 0.00348275
584 0.964614 0.857171 0.00430588
585 0.964614 0.854138 0.0044723
586 0.964614 0.850043 0.00489962
587 0.964614 0.857143 0.00401996
588 0.964614 0.857746 0.00645635
589 0.964614 0.862662 0.0038141
590 0.964614 0.856122 0.00466705
591 0.964614 0.858031 0.00396044
592 0.964614 0.861642 0.00369524
593 0.964614 0.863005 0.0039438
594 0.964614 0.871736 0.00344566
595 0.964614 0.861586 0.00593088
596 0.964614 0.846771 0.00795105
597 0.964614 0.850228 0.00760679
598 0.964614 0.855786 0.00380006
599 0.964614 0.858863 0.00516622
600 0.964614 0.855814 0.00469002
601 0.964614 0.85646 0.00479387
602 0.964614 0.859815 0.00438076
603 0.964614 0.862975 0.00436131
604 0.964614 0.857796 0.00586909
605 0.964614 0.856959 0.00624355
606 0.964614 0.86309 0.00505902
607 0.964614 0.86269 0.0069579
608 0.964614 0.865025 0.00678659
609 0.964614 0.867492 0.00441907
610 0.964614 0.847843 0.005318
611 0.964614 0.850165 0.00649568
612 0.964614 0.857302 0.00607512
613 0.964802 0.860594 0.00508964
614 0.964802 0.85613 0.00429936
615 0.964802 0.852163 0.00654399
616 0.964802 0.853911 0.00718069
617 0.964802 0.856807 0.00475272
618 0.964802 0.85984 0.0052488
619 0.964802 0.863079 0.0042821
620 0.964802 0.861208 0.00415355
621 0.964802 0.861333 0.00420626
622 0.964802 0.863717 0.00417572
623 0.964802 0.870195 0.00364284
624 0.964802 0.868051 0.00396331
625 0.964802 0.859371 0.00521553
626 0.964802 0.868139 0.00423398
627 0.964802 0.862933 0.00355275
628 0.964802 0.856782 0.00532934
629 0.964802 0.857296 0.0047252
630 0.964802 0.847213 0.00500456
631 0.964802 0.854561 0.00501957
632 0.964802 0.859296 0.00406316
633 0.964802 0.860382 0.00444218
634 0.964802 0.857475 0.00481347
635 0.964802 0.861943 0.00330843
636 0.964802 0.864535 0.00316938
637 0.964802 0.873772 0.00366849
638 0.964802 0.873396 0.00364056
639 0.964802 0.86962 0.00272255
640 0.964802 0.863836 0.0040882
641 0.964802 0.872391 0.00382786
642 0.964802 0.865768 0.00446123
643 0.964802 0.864207 0.00548213
644 0.964802 0.862037 0.00637433
645 0.964802 0.86679 0.00444171
646 0.964802 0.866773 0.00778684
647 0.964802 0.86188 0.00786021
648 0.964802 0.847264 0.00939775
649 0.964802 0.863522 0.00379211
650 0.964802 0.863094 0.00448133
651 0.964802 0.86114 0.00530464
652 0.964802 0.86909 0.00422911
653 0.964802 0.867957 0.00432104
654 0.964802 0.868012 0.00491065
655 0.964802 0.858061 0.00689602
656 0.964802 0.854632 0.00842133
657 0.964802 0.864158 0.00596894
658 0.964802 0.867157 0.00697162
659 0.964802 0.853931 0.00844783
660 0.964802 0.857535 0.00499459
661 0.964802 0.852638 0.00643131
662 0.964802 0.850352 0.00567736
663 0.964802 0.857598 0.00618209
664 0.964802 0.860993 0.00445695
665 0.964802 0.859655 0.00500787
666 0.964802 0.858007 0.00432175
667 0.964802 0.874832 0.00373128
668 0.964802 0.864024 0.00395805
669 0.964802 0.847004 0.00544613
670 0.964802 0.856493 0.00600612
671 0.964802 0.860672 0.00382543
672 0.964802 0.85056 0.00559459
673 0.964802 0.855631 0.00550119
674 0.964802 0.851939 0.00448583
675 0.964802 0.855652 0.00458774
676 0.964802 0.856289 0.00456507
677 0.964802 0.859947 0.00484179
678 0.964802 0.86766 0.00438464
679 0.964802 0.869706 0.00457462
680 0.964802 0.871468 0.00470502
681 0.964802 0.868925 0.00331045
682 0.964802 0.857814 0.00542229
683 0.964802 0.857632 0.00698685
684 0.964802 0.867148 0.00597493
685 0.964802 0.859019 0.00614771
686 0.964802 0.873939 0.00525058
687 0.964802 0.866623 0.00756892
688 0.964802 0.862941 0.00564084
689 0.964802 0.855665 0.00725175
690 0.964802 0.849976 0.00795467
691 0.964802 0.851872 0.00766515
692 0.964802 0.855076 0.00717633
693 0.964802 0.863786 0.00625762
694 0.964802 0.867015 0.00532129
695 0.964802 0.853082 0.0063371
696 0.964802 0.861892 0.0037497
697 0.964802 0.865162 0.00535434
698 0.964802 0.855963 0.00440536
699 0.964802 0.854127 0.0037463
700 0.964802 0.860919 0.00716737
701 0.964802 0.855506 0.00502203
702 0.964802 0.858277 0.00421903
703 0.964802 0.860899 0.00423079
704 0.964802 0.863413 0.00358092
705 0.964802 0.869499 0.00366164
706 0.964802 0.870392 0.00293338
707 0.964802 0.863587 0.00589316
708 0.964802 0.869875 0.00448727
709 0.964802 0.865388 0.00374163
710 0.964802 0.858421 0.00501551
711 0.964802 0.862311 0.00390449
712 0.964802 0.863869 0.00422906
713 0.964802 0.860732 0.00462883
714 0.964802 0.860514 0.00567227
715 0.964802 0.863375 0.00463028
716 0.964802 0.865081 0.00425672
717 0.964802 0.861273 0.0040252
718 0.964802 0.859204 0.0037344
719 0.964802 0.864166 0.00415294
720 0.964802 0.8669 0.0044203
721 0.964802 0.857111 0.00519168
722 0.964802 0.858385 0.0051925
723 0.964802 0.851873 0.00505818
724 0.964802 0.864351 0.00418735
725 0.964802 0.85956 0.00380405
726 0.964802 0.859471 0.00489042
727 0.964802 0.859807 0.00391388
728 0.964937 0.860249 0.00518259
729 0.964937 0.860706 0.00343948
730 0.964937 0.859212 0.00470082
731 0.964937 0.858915 0.00495226
732 0.964937 0.856714 0.00485797
733 0.964937 0.864433 0.00350298
734 0.964937 0.855282 0.00536672
735 0.964937 0.852327 0.00502408
736 0.964937 0.862837 0.00441399
737 0.964937 0.874625 0.00334549
738 0.964937 0.863282 0.00386919
739 0.964937 0.867791 0.00337107
740 0.964937 0.860695 0.00323651
741 0.964937 0.853754 0.00442335
742 0.964937 0.853415 0.00566928
743 0.964937 0.861404 0.00611389
744 0.964937 0.848433 0.00652325
745 0.964937 0.85473 0.00473432
746 0.964937 0.852182 0.00654711
747 0.964937 0.843354 0.00921364
748 0.964937 0.83701 0.00949844
749 0.964937 0.830623 0.00946242
750 0.964937 0.843522 0.00961971
751 0.964937 0.850624 0.00776529
752 0.964937 0.856433 0.00656303
753 0.964937 0.856572 0.00635626
754 0.964937 0.850331 0.00564231
755 0.964937 0.854506 0.00409921
756 0.964937 0.858356 0.00472704
757 0.964937 0.858481 0.0038343
758 0.964937 0.854736 0.00652284
759 0.964937 0.857021 0.00519298
760 0.964937 0.864574 0.00604851
761 0.964937 0.863842 0.00385124
762 0.965224 0.864277 0.00448636
763 0.965224 0.856945 0.00634761
764 0.965224 0.858177 0.00473337
765 0.965224 0.861351 0.00567811
766 0.965224 0.858908 0.0054878
767 0.965224 0.856724 0.00671991
768 0.965224 0.861065 0.00567606
769 0.965224 0.866263 0.00459912
770 0.965224 0.873655 0.00388638
771 0.965224 0.866188 0.00359893
772 0.965224 0.858673 0.00437897
773 0.965224 0.856441 0.00643042
774 0.965224 0.853149 0.00653745
775 0.965224 0.860233 0.00498649
776 0.965224 0.853275 0.00414962
777 0.965224 0.855873 0.00447477
778 0.965224 0.858553 0.0041127
779 0.965224 0.858599 0.0043308
780 0.965224 0.857565 0.00406467
781 0.965224 0.859045 0.00487009
782 0.965224 0.864689 0.00442258
783 0.965224 0.866143 0.00484656
784 0.965224 0.867398 0.00368224
785 0.965224 0.868154 0.00350914
786 0.965224 0.86851 0.00298409
787 0.965224 0.858559 0.00337182
788 0.965224 0.858732 0.00492362
789 0.965224 0.858711 0.00427027
790 0.965224 0.851115 0.00440558
791 0.965224 0.844124 0.0050037
792 0.965224 0.848696 0.00763959
793 0.965224 0.857857 0.00422958
794 0.965224 0.859078 0.00382279
795 0.965224 0.861201 0.00539247
796 0.965224 0.854415 0.00437825
797 0.965224 0.851474 0.00447145
798 0.965224 0.854677 0.0043651
799 0.965224 0.864874 0.00322237
800 0.965224 0.867832 0.003542
801 0.965224 0.858708 0.00376892
802 0.965224 0.855122 0.00495363
803 0.965224 0.855213 0.00476168
804 0.965224 0.853127 0.00427308
805 0.965224 0.853583 0.00480005
806 0.965224 0.857603 0.00415963
807 0.965224 0.845567 0.00425947
808 0.965224 0.85546 0.00450374
809 0.965436 0.860363 0.00579005
810 0.965436 0.851471 0.00508599
811 0.965436 0.863108 0.00400951
812 0.965436 0.850789 0.00438409
813 0.965436 0.863614 0.0034562
814 0.965436 0.864765 0.00348143
815 0.965436 0.857865 0.00358942
816 0.965436 0.864581 0.00405606
817 0.965436 0.862129 0.00452524
818 0.965436 0.868166 0.00422187
819 0.965436 0.867365 0.00343781
820 0.965436 0.858735 0.00359875
821 0.965436 0.866726 0.00285761
822 0.965436 0.862698 0.00303817
823 0.965436 0.863462 0.00304286
824 0.965436 0.874075 0.0038702
825 0.965436 0.865938 0.00516011
826 0.965436 0.871505 0.00483931
827 0.965436 0.878841 0.00313145
828 0.965436 0.870758 0.00358268
829 0.965436 0.872261 0.00362594
830 0.965436 0.857512 0.00665871
831 0.965436 0.863123 0.00414039
832 0.965436 0.864528 0.00335135
833 0.965949 0.871274 0.00371106
834 0.966102 0.860867 0.00437886
835 0.966102 0.847841 0.00491658
836 0.966102 0.860303 0.00559045
837 0.966102 0.853362 0.00625726
838 0.966102 0.855369 0.0070223
839 0.966102 0.868619 0.00370003
840 0.966102 0.858903 0.0035773
841 0.966102 0.852037 0.00530776
842 0.966102 0.868824 0.00387787
843 0.966102 0.856532 0.00413716
844 0.966102 0.854174 0.00391844
845 0.966102 0.855561 0.00391624
846 0.966102 0.855558 0.00408814
847 0.966102 0.860779 0.00459054
848 0.966102 0.859433 0.00546932
849 0.966102 0.85996 0.00518083
850 0.966102 0.856204 0.00465318
851 0.966102 0.87449 0.00339373
852 0.966102 0.8624 0.00444219
853 0.966102 0.861842 0.00396352
854 0.966102 0.866937 0.00369787
855 0.966102 0.866783 0.0054882
856 0.966102 0.868458 0.0051462
857 0.966102 0.871803 0.00453611
858 0.966102 0.879302 0.00307611
859 0.966102 0.876756 0.00360084
860 0.966102 0.881455 0.00367003
861 0.966102 0.878535 0.00302738
862 0.966102 0.86734 0.00377739
863 0.966102 0.871138 0.00333911
864 0.966102 0.85481 0.00367425
865 0.966102 0.847661 0.00457784
866 0.966102 0.860521 0.00443583
867 0.966102 0.85427 0.00387543
868 0.966102 0.852935 0.00493873
869 0.966102 0.843634 0.0056697
870 0.966102 0.845255 0.00640095
871 0.966102 0.853692 0.00529751
872 0.966102 0.865212 0.00567832
873 0.966102 0.860598 0.00360054
874 0.966102 0.87239 0.0033872
875 0.966102 0.860166 0.0047236
876 0.966102 0.863218 0.00595797
877 0.966102 0.865663 0.00396707
878 0.96616 0.856709 0.00526851
879 0.96616 0.865993 0.00400883
880 0.96616 0.877176 0.00341236
881 0.96616 0.873917 0.00429747
882 0.96616 0.861806 0.00383447
883 0.96616 0.86779 0.00421398
884 0.96616 0.860504 0.00384139
885 0.96616 0.86286 0.00525036
886 0.96616 0.865648 0.00478848
887 0.96617 0.863046 0.00659442
888 0.96617 0.878655 0.00413211
889 0.96617 0.877932 0.00528795
890 0.96617 0.87666 0.00364003
891 0.96617 0.875612 0.00302006
892 0.966559 0.870373 0.00418714
893 0.966559 0.863365 0.00530153
894 0.966559 0.863779 0.00506236
895 0.966559 0.862782 0.00547705
896 0.966559 0.869149 0.00362599
897 0.966559 0.874342 0.00309226
898 0.966559 0.872766 0.00318791
899 0.966559 0.862645 0.0044709
900 0.966559 0.869717 0.00356432
901 0.966559 0.86553 0.00331189
902 0.966559 0.860537 0.00373599
903 0.966559 0.863991 0.00434049
904 0.966559 0.867607 0.00520083
905 0.966559 0.862806 0.00385327
906 0.966559 0.868808 0.00452347
907 0.966559 0.868491 0.00525116
908 0.966559 0.859844 0.00482689
909 0.966974 0.868754 0.00414692
910 0.966974 0.859236 0.00582713
911 0.966974 0.866936 0.00396017
912 0.966974 0.866858 0.00449521
913 0.966974 0.856638 0.00569336
914 0.966974 0.870747 0.00455711
915 0.966974 0.868869 0.00389754
916 0.966974 0.873804 0.00319359
917 0.966974 0.866742 0.00318262
918 0.966974 0.866028 0.00310269
919 0.966974 0.863973 0.00415655
920 0.966974 0.857894 0.00417444
921 0.966974 0.862126 0.00428773
922 0.966974 0.863289 0.0038022
923 0.966974 0.863165 0.00381438
924 0.966974 0.860078 0.00308394
925 0.966974 0.863345 0.00334904
926 0.966974 0.872455 0.00382017
927 0.966974 0.869588 0.00338961
928 0.966974 0.864654 0.00488045
929 0.966974 0.85672 0.00491794
930 0.966974 0.851621 0.00395117
931 0.966974 0.856738 0.00457215
932 0.966974 0.85967 0.00495443
933 0.966974 0.86136 0.00395962
934 0.966974 0.864468 0.0053095
935 0.966974 0.854402 0.00547491
936 0.966974 0.862182 0.00640368
937 0.966974 0.871744 0.00395343
938 0.966974 0.86118 0.00409101
939 0.966974 0.858357 0.00500686
940 0.966974 0.864902 0.00487889
941 0.967054 0.866146 0.00384819
942 0.967054 0.861339 0.00478525
943 0.967054 0.847497 0.00552108
944 0.967054 0.858136 0.00535667
945 0.967054 0.850146 0.00441064
946 0.967054 0.852988 0.00490075
947 0.967054 0.848836 0.00411192
948 0.967054 0.853968 0.00485726
949 0.967054 0.848931 0.00458769
950 0.967054 0.850323 0.00502971
951 0.967054 0.843019 0.00507746
952 0.967054 0.852994 0.00472521
953 0.967054 0.849102 0.00400164
954 0.967054 0.859255 0.0040046
955 0.967054 0.849858 0.00360271
956 0.967054 0.855991 0.00440817
957 0.967054 0.849427 0.00468888
958 0.967054 0.853778 0.00395448
959 0.967054 0.849192 0.00461113
960 0.967054 0.850169 0.00405497
961 0.967054 0.84607 0.00418236
962 0.967054 0.858903 0.00501628
963 0.967054 0.864589 0.00389642
964 0.967054 0.853592 0.00602925
965 0.967054 0.860928 0.00473349
966 0.967716 0.867431 0.00464943
967 0.967952 0.866651 0.00474621
968 0.967952 0.853841 0.00462551
969 0.967952 0.85459 0.00591267
970 0.967952 0.849465 0.00710092
971 0.967952 0.855716 0.00697297
972 0.967952 0.859841 0.00415826
973 0.967952 0.861796 0.0034931
974 0.967952 0.849944 0.00416513
975 0.967952 0.854476 0.0044932
976 0.967952 0.857375 0.00378085
977 0.967952 0.863542 0.00408472
978 0.967952 0.866488 0.0037719
979 0.967952 0.861376 0.00367742
980 0.967952 0.86179 0.00377772
981 0.968473 0.860899 0.00349641
982 0.968473 0.867284 0.00359588
983 0.968473 0.868315 0.00371094
984 0.968473 0.854684 0.00386943
985 0.968473 0.863642 0.00405322
986 0.968473 0.847813 0.00628528
987 0.968473 0.851263 0.0050672
988 0.968473 0.853338 0.00399993
989 0.968473 0.863123 0.00336169
990 0.968473 0.868501 0.00448087
991 0.968473 0.865014 0.00449475
992 0.968473 0.857708 0.00356656
993 0.968473 0.860099 0.00339847
994 0.968473 0.862021 0.00395013
995 0.968473 0.858043 0.00403368
996 0.968473 0.849518 0.00511189
997 0.968473 0.853129 0.00501006
998 0.968473 0.856982 0.00392191
999 0.968473 0.855364 0.00369472
1000 0.968473 0.851238 0.00367769
