0 0.25599 0.249997 2.14387e-06
1 0.277709 0.250657 1.20085e-05
2 0.277709 0.250908 1.66236e-05
3 0.277709 0.250908 1.90729e-05
4 0.277709 0.250879 1.75433e-05
5 0.295494 0.251229 4.33132e-05
6 0.357378 0.251958 0.00014902
7 0.478089 0.253856 0.000677061
8 0.478089 0.256949 0.00133497
9 0.480319 0.257451 0.00155216
10 0.480319 0.257574 0.00162511
11 0.480319 0.256661 0.00127222
12 0.483601 0.25904 0.00184544
13 0.483601 0.258564 0.00171331
14 0.483601 0.256755 0.00120727
15 0.483601 0.256918 0.00123549
16 0.483601 0.255659 0.00114332
17 0.483601 0.255095 0.00111971
18 0.483601 0.258535 0.00149454
19 0.483601 0.255801 0.00114591
20 0.483601 0.256194 0.00113147
21 0.484003 0.258643 0.00169248
22 0.484003 0.258801 0.0018432
23 0.484003 0.258665 0.00170333
24 0.484003 0.258674 0.0016974
25 0.484003 0.259134 0.00193273
26 0.484003 0.255905 0.0011757
27 0.484379 0.261849 0.00251908
28 0.484379 0.257309 0.00131055
29 0.484379 0.257472 0.00129205
30 0.484379 0.255653 0.00118038
31 0.484379 0.257895 0.00147715
32 0.484379 0.256913 0.00141908
33 0.484379 0.259023 0.00159607
34 0.484379 0.257866 0.00170168
35 0.484379 0.257539 0.00157873
36 0.502964 0.259028 0.00196602
37 0.502964 0.265576 0.00283823
38 0.502964 0.26262 0.00243561
39 0.502964 0.261495 0.00222628
40 0.502964 0.259556 0.00210225
41 0.502964 0.260424 0.00199897
42 0.502964 0.261629 0.00218527
43 0.502964 0.260967 0.00205625
44 0.502964 0.258276 0.00148802
45 0.502964 0.261271 0.00186632
46 0.502964 0.260793 0.00208511
47 0.502964 0.259488 0.00209425
48 0.502964 0.260182 0.00166815
49 0.502964 0.262726 0.00206275
50 0.502964 0.25796 0.00180998
51 0.502964 0.261393 0.00220417
52 0.502964 0.258873 0.00166709
53 0.502964 0.256463 0.00137613
54 0.506477 0.261644 0.00243988
55 0.506477 0.259288 0.00161295
56 0.506477 0.263603 0.00232721
57 0.520775 0.262574 0.00325079
58 0.520775 0.269116 0.00381143
59 0.520775 0.266978 0.00285891
60 0.520775 0.264786 0.00291066
61 0.520775 0.267155 0.00340882
62 0.520775 0.261988 0.00223481
63 0.520775 0.265579 0.00323101
64 0.520775 0.260593 0.00242118
65 0.520775 0.26616 0.00365287
66 0.536724 0.269327 0.00413241
67 0.582387 0.273183 0.00534546
68 0.582387 0.26956 0.00495747
69 0.582387 0.272203 0.00521409
70 0.582387 0.264578 0.00302456
71 0.582387 0.264383 0.0034762
72 0.582387 0.264972 0.00352613
73 0.582387 0.273074 0.00448068
74 0.582387 0.268362 0.00314779
75 0.582387 0.273622 0.00433573
76 0.582387 0.271926 0.00327893
77 0.582387 0.27236 0.00324218
78 0.582387 0.266841 0.0030313
79 0.582387 0.274672 0.00455707
80 0.582387 0.272183 0.00464333
81 0.582387 0.268908 0.00462973
82 0.582387 0.264337 0.00342227
83 0.582387 0.270068 0.00375664
84 0.582387 0.274053 0.00515281
85 0.582387 0.280232 0.00639292
86 0.582387 0.270436 0.00392566
87 0.582387 0.274436 0.00440124
88 0.582387 0.271381 0.00400724
89 0.582387 0.268507 0.00354895
90 0.582387 0.274949 0.00470029
91 0.582387 0.277122 0.00512269
92 0.582387 0.283115 0.00567905
93 0.582387 0.283118 0.0057254
94 0.582387 0.274822 0.00537699
95 0.582387 0.278525 0.00523273
96 0.582387 0.272973 0.00415378
97 0.582387 0.274805 0.00440845
98 0.582387 0.274563 0.00413418
99 0.58254 0.28322 0.00605426
100 0.58254 0.292718 0.00731486
101 0.58254 0.287041 0.00515551
102 0.58254 0.288117 0.00581012
103 0.58254 0.278527 0.0050167
104 0.58254 0.28824 0.00575961
105 0.58254 0.290016 0.00624695
106 0.58254 0.293458 0.00638576
107 0.58254 0.283734 0.00575244
108 0.596778 0.293985 0.00660138
109 0.596778 0.295159 0.00622094
110 0.598205 0.294681 0.0072505
111 0.630097 0.298406 0.00841205
112 0.630097 0.300297 0.00849801
113 0.630097 0.293471 0.00854663
114 0.630097 0.290005 0.00632356
115 0.630097 0.29159 0.00641032
116 0.630949 0.295385 0.0077439
117 0.630949 0.301942 0.00848627
118 0.630949 0.296242 0.00837557
119 0.643706 0.300374 0.00859129
120 0.643706 0.295954 0.00742293
121 0.643706 0.291511 0.00629076
122 0.643706 0.307826 0.00893989
123 0.643706 0.304974 0.00724775
124 0.643706 0.307682 0.00817436
125 0.643706 0.307383 0.00959994
126 0.643706 0.310005 0.00925277
127 0.643706 0.301431 0.00813549
128 0.643706 0.314761 0.0100437
129 0.643706 0.317627 0.00989154
130 0.643706 0.332014 0.010497
131 0.643706 0.31815 0.00870072
132 0.643706 0.3132 0.00873879
133 0.643706 0.311262 0.0104534
134 0.643706 0.310571 0.0094069
135 0.643706 0.300758 0.00836368
136 0.643706 0.318591 0.00958926
137 0.643706 0.314822 0.00928169
138 0.643706 0.307168 0.0081409
139 0.643706 0.325079 0.0108398
140 0.647953 0.33121 0.0122407
141 0.647953 0.321618 0.0100866
142 0.647953 0.34341 0.0121125
143 0.647953 0.346597 0.0108757
144 0.647953 0.323961 0.0110536
145 0.647953 0.322631 0.0093027
146 0.647953 0.322724 0.0105363
147 0.647953 0.309148 0.00718464
148 0.647953 0.317359 0.00922428
149 0.647953 0.315265 0.0104828
150 0.647953 0.323235 0.0111333
151 0.647953 0.314399 0.0109292
152 0.647953 0.320541 0.0099676
153 0.647953 0.330185 0.0108997
154 0.647953 0.335921 0.011172
155 0.650058 0.32133 0.00898301
156 0.650058 0.341921 0.0131848
157 0.650058 0.345029 0.0131548
158 0.650058 0.340953 0.0108092
159 0.650058 0.342414 0.0111941
160 0.650058 0.332212 0.0104237
161 0.650058 0.333838 0.0103557
162 0.650058 0.344421 0.0104746
163 0.650058 0.349486 0.0122912
164 0.650058 0.325516 0.00876507
165 0.650058 0.328777 0.010564
166 0.650058 0.318886 0.00947078
167 0.650058 0.33024 0.0111644
168 0.650058 0.332259 0.0114372
169 0.650058 0.337738 0.0117587
170 0.650058 0.329224 0.0107342
171 0.650058 0.317346 0.0111644
172 0.650058 0.328732 0.01016
173 0.650058 0.304642 0.0083444
174 0.650058 0.315215 0.00910342
175 0.650058 0.332433 0.0108191
176 0.650058 0.328017 0.0110845
177 0.650058 0.339388 0.0114266
178 0.650058 0.348522 0.0113748
179 0.650058 0.33929 0.0101605
180 0.650058 0.346749 0.0113568
181 0.650058 0.332684 0.0102054
182 0.650058 0.337552 0.0114951
183 0.650058 0.336547 0.0123649
184 0.650058 0.339032 0.0117491
185 0.650058 0.338871 0.0124697
186 0.650058 0.331101 0.0110904
187 0.650058 0.316511 0.00960725
188 0.650058 0.315068 0.0108453
189 0.650058 0.317747 0.0095779
190 0.650058 0.313311 0.00932149
191 0.650058 0.326498 0.011605
192 0.650058 0.331675 0.0112902
193 0.650058 0.329964 0.00935096
194 0.650058 0.317342 0.0103705
195 0.650058 0.329919 0.0109377
196 0.650058 0.329513 0.0107548
197 0.650058 0.340601 0.0101663
198 0.650058 0.336923 0.0115251
199 0.650058 0.330881 0.0102359
200 0.650058 0.327287 0.0112728
201 0.650058 0.349957 0.0114754
202 0.650058 0.346647 0.0108373
203 0.650058 0.332605 0.00930865
204 0.650058 0.338347 0.0109683
205 0.650058 0.346659 0.0120497
206 0.650058 0.350129 0.0113554
207 0.650058 0.337699 0.0117248
208 0.650058 0.335593 0.0115264
209 0.650058 0.333856 0.0104452
210 0.650058 0.327981 0.0097868
211 0.650058 0.328992 0.0106626
212 0.650058 0.328156 0.0113574
213 0.650058 0.33878 0.0137797
214 0.650058 0.321794 0.0100176
215 0.650058 0.320301 0.0101292
216 0.650058 0.324496 0.0104726
217 0.650058 0.322569 0.0107019
218 0.650058 0.327432 0.0120517
219 0.650058 0.342094 0.0134399
220 0.650058 0.319163 0.0103467
221 0.650058 0.32266 0.0112446
222 0.650058 0.31465 0.00937743
223 0.650058 0.328202 0.0122881
224 0.650058 0.324335 0.0118056
225 0.650058 0.329531 0.0116673
226 0.650058 0.330083 0.0104754
227 0.650058 0.335971 0.0100156
228 0.650058 0.336286 0.0111581
229 0.650058 0.335988 0.0119103
230 0.650058 0.334561 0.010791
231 0.650058 0.32113 0.0109224
232 0.650058 0.340668 0.0118003
233 0.650058 0.331724 0.00964443
234 0.650058 0.332066 0.0115015
235 0.650058 0.334637 0.0115882
236 0.650058 0.343891 0.0113627
237 0.790709 0.333273 0.0119924
238 0.790709 0.329752 0.0106777
239 0.790709 0.33713 0.0121309
240 0.790709 0.339011 0.0144773
241 0.82153 0.328081 0.0148668
242 0.82153 0.325977 0.0131987
243 0.82153 0.338669 0.0127351
244 0.82153 0.323996 0.0131891
245 0.82153 0.337567 0.014831
246 0.82153 0.343812 0.0161962
247 0.82153 0.335154 0.0143744
248 0.82153 0.331937 0.0112777
249 0.82153 0.339057 0.0137404
250 0.82153 0.33026 0.0129237
251 0.82153 0.3303 0.0125345
252 0.856204 0.336673 0.0162973
253 0.856204 0.331259 0.0131681
254 0.856204 0.32134 0.012046
255 0.856204 0.332797 0.0131634
256 0.856204 0.320691 0.0119586
257 0.856204 0.316228 0.0104955
258 0.856204 0.322686 0.0125666
259 0.856204 0.311877 0.0111558
260 0.856204 0.314455 0.0138262
261 0.856204 0.305387 0.0110621
262 0.856204 0.321107 0.0142701
263 0.856204 0.324252 0.013531
264 0.856204 0.318891 0.0124163
265 0.856204 0.318152 0.0106318
266 0.856204 0.314904 0.0115167
267 0.856204 0.316867 0.0113488
268 0.856204 0.318473 0.0112671
269 0.856204 0.314685 0.0107018
270 0.856204 0.319217 0.0122026
271 0.856204 0.320561 0.0115518
272 0.856204 0.325536 0.0126933
273 0.856204 0.32256 0.0115304
274 0.856204 0.306535 0.0103124
275 0.856204 0.317138 0.0128838
276 0.856204 0.314919 0.0124055
277 0.856204 0.31604 0.0131047
278 0.856204 0.310134 0.0134021
279 0.856204 0.30321 0.0102455
280 0.856204 0.302415 0.00998335
281 0.856204 0.301132 0.0102485
282 0.856204 0.309827 0.0110227
283 0.856204 0.306762 0.0111944
284 0.856204 0.311856 0.0101672
285 0.856204 0.317674 0.0134058
286 0.856204 0.311462 0.0104928
287 0.856204 0.309819 0.00967284
288 0.856204 0.305369 0.0106392
289 0.856204 0.309589 0.010491
290 0.856204 0.309702 0.0113505
291 0.856204 0.316166 0.0136801
292 0.856204 0.314813 0.0132893
293 0.856204 0.304994 0.0129593
294 0.856204 0.311206 0.0129846
295 0.856204 0.307446 0.0112709
296 0.856204 0.315462 0.0141296
297 0.856204 0.313762 0.0121799
298 0.856204 0.320174 0.0119886
299 0.856204 0.319931 0.0120296
300 0.856204 0.315576 0.0120089
301 0.856204 0.314506 0.0105488
302 0.856204 0.322317 0.012943
303 0.856204 0.324028 0.0135872
304 0.856204 0.315494 0.0118607
305 0.856204 0.310986 0.012221
306 0.856204 0.319827 0.0133134
307 0.856204 0.314967 0.0115253
308 0.856204 0.313009 0.0142338
309 0.856204 0.32535 0.0115137
310 0.856204 0.320252 0.0122167
311 0.856204 0.306201 0.0106308
312 0.856204 0.317 0.0104734
313 0.856204 0.318023 0.0116843
314 0.856204 0.311166 0.0107828
315 0.856204 0.316372 0.0114357
316 0.856204 0.300668 0.0107148
317 0.856204 0.318345 0.0158275
318 0.856204 0.321194 0.0132768
319 0.856204 0.310897 0.0107413
320 0.856204 0.309541 0.0111662
321 0.856204 0.30032 0.010915
322 0.856204 0.31581 0.0115221
323 0.856204 0.317614 0.011916
324 0.856204 0.318925 0.0129032
325 0.856204 0.310311 0.0118234
326 0.856204 0.311636 0.0105949
327 0.856204 0.302472 0.0115512
328 0.856204 0.305219 0.0130466
329 0.856204 0.307834 0.0123706
330 0.856204 0.301508 0.0110987
331 0.856204 0.305422 0.0116689
332 0.856204 0.29579 0.0109513
333 0.856204 0.294182 0.0117088
334 0.856204 0.306089 0.010767
335 0.856204 0.292444 0.0091736
336 0.856204 0.310065 0.0110487
337 0.856204 0.299539 0.0108656
338 0.856204 0.302601 0.0125913
339 0.856204 0.29546 0.0107556
340 0.856204 0.298768 0.0109849
341 0.856204 0.309908 0.0108762
342 0.856204 0.314544 0.0140249
343 0.856204 0.305091 0.0112383
344 0.856204 0.305591 0.0123448
345 0.856204 0.303814 0.0119482
346 0.856204 0.298879 0.0111163
347 0.856204 0.310531 0.0136344
348 0.856204 0.307376 0.010713
349 0.856204 0.30338 0.0100292
350 0.856204 0.314384 0.0148084
351 0.856204 0.308538 0.0118098
352 0.856204 0.310491 0.0116107
353 0.856204 0.314573 0.0154085
354 0.856204 0.306503 0.0108818
355 0.856204 0.31454 0.0136752
356 0.856204 0.32595 0.0147417
357 0.856204 0.326395 0.0131407
358 0.856204 0.323121 0.0114498
359 0.856204 0.327044 0.0116464
360 0.856204 0.325662 0.0120854
361 0.856204 0.339627 0.0162242
362 0.856204 0.332258 0.0138223
363 0.856204 0.325411 0.0155616
364 0.856204 0.328775 0.0140866
365 0.856204 0.328274 0.0128018
366 0.856204 0.308254 0.0135008
367 0.856204 0.310071 0.0111829
368 0.856204 0.308472 0.0110679
369 0.856204 0.321158 0.0116162
370 0.856204 0.313638 0.0113811
371 0.856204 0.319496 0.0129139
372 0.856204 0.308916 0.00992383
373 0.856204 0.304583 0.00987364
374 0.856204 0.302241 0.0104052
375 0.856204 0.307906 0.0117445
376 0.856204 0.307821 0.0111453
377 0.856204 0.301038 0.0118472
378 0.856204 0.298264 0.0106359
379 0.856204 0.312834 0.0130014
380 0.856204 0.311943 0.0125934
381 0.856204 0.311094 0.0122515
382 0.856204 0.303234 0.0114957
383 0.856204 0.307163 0.0119841
384 0.856204 0.30452 0.0103842
385 0.856204 0.294761 0.0100425
386 0.856204 0.298501 0.0101622
387 0.856204 0.303015 0.0116685
388 0.856204 0.304559 0.011768
389 0.856204 0.314324 0.0118502
390 0.856204 0.307512 0.0126016
391 0.856204 0.322305 0.0139963
392 0.856204 0.308162 0.0107437
393 0.856204 0.313377 0.0123503
394 0.856204 0.310019 0.0105915
395 0.856204 0.296324 0.00976119
396 0.856204 0.30618 0.0105572
397 0.856204 0.31924 0.0149308
398 0.856204 0.309196 0.0109068
399 0.856204 0.303679 0.0111275
400 0.856204 0.306638 0.0115437
401 0.856204 0.307179 0.0134951
402 0.856204 0.308119 0.0131146
403 0.856204 0.297598 0.00916128
404 0.856204 0.311374 0.0145792
405 0.856204 0.312004 0.0130581
406 0.856204 0.301967 0.0118277
407 0.856204 0.301993 0.0110293
408 0.856204 0.294722 0.00962254
409 0.856204 0.290275 0.0109722
410 0.856204 0.299059 0.0113388
411 0.856204 0.304294 0.00964712
412 0.856204 0.308027 0.0103145
413 0.856204 0.306407 0.0105712
414 0.856204 0.296221 0.0101064
415 0.856204 0.302598 0.0102769
416 0.856204 0.307745 0.0103863
417 0.856204 0.297261 0.0122237
418 0.856204 0.297356 0.0101444
419 0.856204 0.299129 0.00991147
420 0.856204 0.299375 0.00996702
421 0.856204 0.309983 0.0129039
422 0.856204 0.29818 0.0097662
423 0.856204 0.302523 0.0105401
424 0.856204 0.296226 0.00931659
425 0.856204 0.298379 0.0117178
426 0.856204 0.295514 0.0103437
427 0.856204 0.293115 0.00968859
428 0.856204 0.297142 0.0106526
429 0.856204 0.295064 0.0127833
430 0.856204 0.294376 0.00956384
431 0.856204 0.285139 0.0087704
432 0.856204 0.298621 0.0109723
433 0.856204 0.296226 0.0107322
434 0.856204 0.288804 0.00893923
435 0.856204 0.284581 0.00934627
436 0.856204 0.279916 0.00946728
437 0.856204 0.288884 0.0101058
438 0.856204 0.290268 0.00942812
439 0.856204 0.297308 0.00962632
440 0.856204 0.303499 0.0102036
441 0.856204 0.300641 0.0108697
442 0.856204 0.30091 0.0109604
443 0.856204 0.293912 0.0101077
444 0.856204 0.308374 0.0105772
445 0.856204 0.31824 0.0127285
446 0.856204 0.30311 0.0117446
447 0.856204 0.302148 0.0122486
448 0.858954 0.305336 0.0134905
449 0.858954 0.301589 0.0101477
450 0.858954 0.304751 0.0103353
451 0.858954 0.303888 0.00999376
452 0.858954 0.30176 0.0106948
453 0.858954 0.290241 0.0084535
454 0.858954 0.303757 0.0109177
455 0.858954 0.30109 0.013673
456 0.858954 0.301887 0.00998689
457 0.858954 0.291363 0.0101667
458 0.858954 0.303041 0.0102053
459 0.858954 0.316165 0.0113267
460 0.858954 0.313762 0.0100796
461 0.858954 0.308888 0.0135184
462 0.858954 0.323775 0.0160041
463 0.858954 0.312495 0.0133467
464 0.858954 0.32251 0.0119569
465 0.858954 0.330794 0.0141181
466 0.858954 0.321042 0.015494
467 0.858954 0.319973 0.0114985
468 0.858954 0.323748 0.0127988
469 0.858954 0.318111 0.0120968
470 0.858954 0.332694 0.0123219
471 0.858954 0.316042 0.0106852
472 0.858954 0.324028 0.0140586
473 0.858954 0.313777 0.011442
474 0.858954 0.315286 0.0115751
475 0.858954 0.319376 0.0125019
476 0.858954 0.312011 0.013423
477 0.858954 0.321121 0.0116528
478 0.859686 0.330597 0.014063
479 0.861729 0.332713 0.0158587
480 0.861729 0.316091 0.0150112
481 0.861729 0.316318 0.011721
482 0.861729 0.311378 0.0128744
483 0.861729 0.322802 0.0133191
484 0.861729 0.31505 0.0119687
485 0.861729 0.310945 0.0113805
486 0.861729 0.317659 0.0146541
487 0.861729 0.321472 0.0126735
488 0.861729 0.31802 0.0116698
489 0.861729 0.324447 0.0110011
490 0.861729 0.310108 0.0102072
491 0.861729 0.322545 0.0143046
492 0.861729 0.328731 0.0138735
493 0.861729 0.322245 0.0120996
494 0.861729 0.326288 0.0130226
495 0.861729 0.316334 0.014421
496 0.861729 0.318768 0.0113018
497 0.861729 0.32842 0.0145387
498 0.861729 0.321306 0.0129347
499 0.861729 0.321463 0.0119087
500 0.861729 0.329013 0.0128018
501 0.861729 0.323629 0.0107281
502 0.861729 0.328333 0.0133376
503 0.861729 0.330475 0.013645
504 0.861729 0.332041 0.0124234
505 0.861729 0.330352 0.0122327
506 0.861729 0.337362 0.011536
507 0.861729 0.323188 0.0126317
508 0.861729 0.320767 0.0132018
509 0.861729 0.323338 0.0136012
510 0.861729 0.317908 0.0103117
511 0.861729 0.324966 0.0127984
512 0.861729 0.326383 0.0115615
513 0.861729 0.306936 0.0109933
514 0.861729 0.319317 0.0134941
515 0.861729 0.303589 0.0106165
516 0.861729 0.312719 0.0118055
517 0.861729 0.317321 0.0130475
518 0.861729 0.318557 0.0120602
519 0.861729 0.32255 0.0110776
520 0.861729 0.321114 0.0121678
521 0.861729 0.304468 0.0105021
522 0.861729 0.312505 0.0105765
523 0.861729 0.329254 0.0134818
524 0.861729 0.31454 0.010291
525 0.861729 0.327481 0.0130219
526 0.861729 0.33108 0.0133186
527 0.861729 0.334228 0.0127369
528 0.861729 0.325021 0.0102504
529 0.861729 0.318039 0.0110179
530 0.861729 0.322979 0.0137164
531 0.861729 0.307577 0.0103485
532 0.861729 0.323938 0.0123449
533 0.861729 0.316658 0.0115389
534 0.861729 0.311466 0.0109307
535 0.861729 0.309359 0.0107743
536 0.861729 0.309563 0.0117393
537 0.861729 0.2985 0.00986314
538 0.861729 0.316838 0.0157928
539 0.861729 0.316949 0.0114382
540 0.861729 0.306443 0.0108694
541 0.861729 0.305296 0.0112817
542 0.861729 0.307919 0.0141075
543 0.861729 0.313428 0.0114359
544 0.861729 0.326694 0.013671
545 0.861729 0.321113 0.0127421
546 0.861729 0.311806 0.0126907
547 0.861729 0.312523 0.0109563
548 0.861729 0.30851 0.0109426
549 0.861729 0.30842 0.0113398
550 0.861729 0.314798 0.0135046
551 0.861729 0.302258 0.0113965
552 0.861729 0.306857 0.0112411
553 0.861729 0.314731 0.011325
554 0.861729 0.324755 0.0135312
555 0.861729 0.319369 0.0111316
556 0.861729 0.32707 0.0145422
557 0.861729 0.32178 0.0119499
558 0.861729 0.316987 0.0112551
559 0.861729 0.320248 0.0116021
560 0.861729 0.307593 0.0132258
561 0.861729 0.315427 0.0106305
562 0.861729 0.313704 0.0113448
563 0.861729 0.310669 0.0103433
564 0.861729 0.309887 0.0158043
565 0.861729 0.306 0.0117027
566 0.861729 0.313996 0.0111119
567 0.861729 0.316863 0.0125735
568 0.861729 0.320722 0.011323
569 0.861729 0.319788 0.0115074
570 0.861729 0.31205 0.0128685
571 0.861729 0.31825 0.0121489
572 0.861729 0.316825 0.0126433
573 0.861729 0.308955 0.0107296
574 0.861729 0.317105 0.0109945
575 0.861729 0.31088 0.0125044
576 0.861729 0.315818 0.0124673
577 0.861729 0.316854 0.0122228
578 0.861729 0.310915 0.0109829
579 0.861729 0.303884 0.010559
580 0.861729 0.32641 0.0158813
581 0.861729 0.310692 0.0109819
582 0.861729 0.314032 0.011693
583 0.861729 0.320132 0.0132308
584 0.861729 0.318633 0.0112266
585 0.861729 0.311543 0.0110131
586 0.861729 0.311879 0.0111258
587 0.861729 0.305032 0.0115001
588 0.861729 0.302352 0.011083
589 0.861729 0.305659 0.0109884
590 0.861729 0.307064 0.0104299
591 0.861729 0.315661 0.0141447
592 0.861729 0.310783 0.0145785
593 0.861729 0.301323 0.010998
594 0.861729 0.305808 0.0119332
595 0.861729 0.306211 0.0102974
596 0.861729 0.301795 0.0102839
597 0.861729 0.311912 0.0108661
598 0.861729 0.31682 0.010365
599 0.861729 0.315173 0.0103117
600 0.861729 0.311697 0.010553
601 0.861729 0.31425 0.011133
602 0.861729 0.315282 0.011674
603 0.861729 0.309861 0.0119529
604 0.861729 0.300465 0.0104756
605 0.861729 0.302224 0.0108138
606 0.861729 0.302427 0.00970247
607 0.861729 0.304257 0.0104386
608 0.861729 0.305928 0.0111018
609 0.861729 0.319411 0.0115094
610 0.861729 0.316962 0.0121622
611 0.874527 0.310859 0.0150244
612 0.874527 0.320487 0.0114883
613 0.874527 0.305971 0.0104581
614 0.874527 0.305331 0.0109088
615 0.874527 0.305628 0.0108901
616 0.874527 0.315058 0.0119844
617 0.874527 0.318332 0.0118037
618 0.874527 0.31033 0.0133808
619 0.874527 0.306918 0.0118192
620 0.874527 0.297552 0.0113999
621 0.874527 0.308727 0.0124292
622 0.874527 0.308164 0.0116156
623 0.874527 0.312831 0.01358
624 0.874527 0.313489 0.013582
625 0.874527 0.303911 0.0108031
626 0.874527 0.311489 0.01302
627 0.874527 0.315308 0.013346
628 0.874527 0.310825 0.0123716
629 0.874527 0.31664 0.0141445
630 0.874527 0.321847 0.0121034
631 0.874527 0.320266 0.0125007
632 0.874527 0.311421 0.0129633
633 0.874527 0.3273 0.0143481
634 0.874527 0.318398 0.0140138
635 0.874527 0.308277 0.0120729
636 0.874527 0.302717 0.011686
637 0.874527 0.300457 0.0109538
638 0.874527 0.305931 0.0108234
639 0.874527 0.300004 0.0107073
640 0.874527 0.313796 0.0145578
641 0.874527 0.308201 0.0127179
642 0.874527 0.295449 0.0118416
643 0.874527 0.30342 0.0112242
644 0.874527 0.311645 0.0107233
645 0.874527 0.315792 0.0115435
646 0.874527 0.320119 0.0120269
647 0.874527 0.317154 0.0131135
648 0.874527 0.3183 0.0114912
649 0.874527 0.318178 0.0143384
650 0.874527 0.307502 0.0117157
651 0.874527 0.298416 0.0101565
652 0.874527 0.301972 0.0104518
653 0.874527 0.302116 0.010924
654 0.874527 0.309049 0.0131073
655 0.874527 0.305464 0.0103799
656 0.874527 0.302017 0.0115233
657 0.874527 0.3004 0.0108681
658 0.874527 0.304347 0.0111725
659 0.874527 0.316607 0.011909
660 0.874527 0.312342 0.0113097
661 0.874527 0.312043 0.0104057
662 0.874527 0.316134 0.0118857
663 0.874527 0.31197 0.0133884
664 0.874527 0.314394 0.011728
665 0.874527 0.319536 0.0142312
666 0.874527 0.325163 0.0150495
667 0.874527 0.30558 0.0122867
668 0.874527 0.306777 0.0118312
669 0.874527 0.301632 0.010055
670 0.874527 0.310082 0.0118095
671 0.874527 0.311093 0.0134081
672 0.874527 0.301744 0.00979829
673 0.874527 0.319359 0.0131172
674 0.874527 0.307969 0.0101193
675 0.874527 0.313608 0.0116609
676 0.874527 0.319469 0.0122632
677 0.874527 0.320876 0.0149534
678 0.874527 0.309628 0.0102043
679 0.874527 0.322062 0.0123736
680 0.874527 0.3097 0.0100187
681 0.874527 0.29799 0.00944351
682 0.874527 0.319792 0.0110369
683 0.874527 0.322851 0.0124711
684 0.874527 0.308172 0.0109327
685 0.874527 0.314268 0.011915
686 0.874527 0.296402 0.0105042
687 0.874527 0.302113 0.0124202
688 0.874527 0.307902 0.0109417
689 0.874527 0.308653 0.0112751
690 0.874527 0.306488 0.0102888
691 0.874527 0.319056 0.0143421
692 0.874527 0.314576 0.0111695
693 0.874527 0.314862 0.011451
694 0.874527 0.313126 0.0112377
695 0.874527 0.300393 0.0101897
696 0.874527 0.31609 0.0162122
697 0.874527 0.305391 0.0129614
698 0.874527 0.309005 0.0116257
699 0.874527 0.307482 0.0114393
700 0.874527 0.306435 0.011435
701 0.874527 0.300682 0.0111207
702 0.874527 0.303679 0.0115585
703 0.874527 0.300895 0.00968385
704 0.874527 0.295608 0.0100139
705 0.874527 0.294936 0.00998754
706 0.874527 0.306841 0.0132582
707 0.874527 0.309459 0.0115047
708 0.874527 0.306111 0.0111558
709 0.874527 0.300659 0.0102084
710 0.874527 0.295139 0.0103465
711 0.874527 0.30092 0.0103382
712 0.874527 0.30328 0.0106819
713 0.874527 0.301388 0.0105824
714 0.874527 0.30174 0.0115273
715 0.874527 0.301611 0.0109587
716 0.874527 0.296972 0.0112217
717 0.874527 0.306879 0.0124185
718 0.874527 0.305534 0.0114225
719 0.874527 0.298614 0.0107522
720 0.874527 0.301007 0.0102283
721 0.874527 0.299134 0.0128692
722 0.874527 0.296216 0.0106197
723 0.874527 0.306387 0.011393
724 0.874527 0.313297 0.0114934
725 0.874527 0.299588 0.0110328
726 0.874527 0.305015 0.0124839
727 0.874527 0.311227 0.01137
728 0.874527 0.300502 0.01039
729 0.874527 0.311279 0.0121193
730 0.874527 0.301818 0.011289
731 0.874527 0.287082 0.00996986
732 0.874527 0.298401 0.00942695
733 0.874527 0.297802 0.00960261
734 0.874527 0.293607 0.0105763
735 0.874527 0.303792 0.0103979
736 0.874527 0.297958 0.0112006
737 0.874527 0.297224 0.0111282
738 0.874527 0.30587 0.0126237
739 0.874527 0.298755 0.0113576
740 0.874527 0.306773 0.0134148
741 0.874527 0.300562 0.0123858
742 0.874527 0.291927 0.0108073
743 0.874527 0.295799 0.0104505
744 0.874527 0.303267 0.010557
745 0.874527 0.300158 0.00969565
746 0.874527 0.302031 0.0125303
747 0.874527 0.303379 0.0136888
748 0.874527 0.30106 0.0141292
749 0.874527 0.304284 0.0107271
750 0.874527 0.312729 0.0119327
751 0.874527 0.308959 0.012489
752 0.874527 0.31045 0.0140367
753 0.874527 0.309469 0.0137308
754 0.874527 0.295132 0.00904462
755 0.874527 0.295066 0.0101576
756 0.874527 0.294874 0.0101357
757 0.874527 0.297173 0.0131539
758 0.874527 0.295108 0.0111985
759 0.874527 0.297914 0.01193
760 0.874527 0.304573 0.0110902
761 0.874527 0.313404 0.0116982
762 0.874527 0.297059 0.00962291
763 0.874527 0.302488 0.0114687
764 0.874527 0.303096 0.0126342
765 0.874527 0.305961 0.0125789
766 0.874527 0.318404 0.0137782
767 0.874527 0.306643 0.0107596
768 0.874527 0.314982 0.013532
769 0.874527 0.316174 0.0156136
770 0.874527 0.309195 0.0122395
771 0.874527 0.324761 0.0130529
772 0.874527 0.310015 0.0125546
773 0.874527 0.308239 0.0117019
774 0.874527 0.301201 0.0107069
775 0.874527 0.296139 0.00996708
776 0.874527 0.307707 0.0131388
777 0.874527 0.315225 0.0156602
778 0.874527 0.305054 0.0114133
779 0.874527 0.308451 0.0110884
780 0.874527 0.302347 0.0105862
781 0.874527 0.317095 0.0113799
782 0.874527 0.304687 0.0103844
783 0.874527 0.303047 0.0107724
784 0.874527 0.304284 0.0112847
785 0.874527 0.295295 0.00973013
786 0.874527 0.304132 0.010818
787 0.874527 0.31141 0.0135392
788 0.874527 0.307675 0.0108612
789 0.874527 0.312762 0.0121231
790 0.874527 0.312696 0.0128228
791 0.874527 0.310031 0.0121743
792 0.874527 0.307022 0.0122793
793 0.874527 0.301969 0.0100971
794 0.874527 0.314328 0.0113027
795 0.874527 0.315569 0.0127339
796 0.874527 0.323877 0.0139942
797 0.874527 0.309424 0.0109337
798 0.874527 0.312351 0.0108799
799 0.874527 0.31329 0.0121967
800 0.874527 0.317146 0.0141989
801 0.874527 0.309158 0.011359
802 0.874527 0.315215 0.0120517
803 0.874527 0.317635 0.0131584
804 0.874527 0.309403 0.0117732
805 0.874527 0.306614 0.010965
806 0.874527 0.308983 0.0120481
807 0.874527 0.32079 0.0145868
808 0.874527 0.30481 0.0115937
809 0.874527 0.306912 0.0109616
810 0.874527 0.299416 0.0101404
811 0.874527 0.30933 0.0131672
812 0.874527 0.310294 0.0137467
813 0.874527 0.30045 0.0110317
814 0.874527 0.310811 0.0119599
815 0.874527 0.316511 0.0145318
816 0.874527 0.306898 0.0115424
817 0.874527 0.31017 0.011267
818 0.874527 0.299705 0.0115718
819 0.874527 0.310778 0.0133441
820 0.874527 0.310865 0.0144006
821 0.874527 0.326708 0.0145664
822 0.874527 0.32052 0.01241
823 0.874527 0.304677 0.0110577
824 0.874527 0.300618 0.0109614
825 0.874527 0.308161 0.0113407
826 0.874527 0.307677 0.0116003
827 0.874527 0.306666 0.0108715
828 0.874527 0.299274 0.0111277
829 0.874527 0.307045 0.0119085
830 0.874527 0.291638 0.0104159
831 0.874527 0.302537 0.0119484
832 0.874527 0.303225 0.0115226
833 0.874527 0.313218 0.0114159
834 0.874527 0.308448 0.0120764
835 0.874527 0.304948 0.0128898
836 0.874527 0.298277 0.0114123
837 0.874527 0.308223 0.0130608
838 0.874527 0.311791 0.0160044
839 0.874527 0.303653 0.0108603
840 0.874527 0.302683 0.0108404
841 0.874527 0.303704 0.0142131
842 0.874527 0.300425 0.0106112
843 0.874527 0.308906 0.0131363
844 0.874527 0.311005 0.0137457
845 0.874527 0.306482 0.0112445
846 0.874527 0.301141 0.0117593
847 0.874527 0.302705 0.0122016
848 0.874527 0.311638 0.0161538
849 0.874527 0.317496 0.0133715
850 0.874527 0.315923 0.0123128
851 0.874527 0.315014 0.0121946
852 0.874527 0.309843 0.0101887
853 0.874527 0.313445 0.0110246
854 0.874527 0.308518 0.0113136
855 0.874527 0.308732 0.0129917
856 0.874527 0.30513 0.0122534
857 0.874527 0.303231 0.0120722
858 0.874527 0.295744 0.0108974
859 0.874527 0.298762 0.0123684
860 0.874527 0.310335 0.011602
861 0.874527 0.311672 0.0117006
862 0.874527 0.328834 0.0145926
863 0.874527 0.321786 0.0156544
864 0.874527 0.331954 0.0131006
865 0.874527 0.335201 0.0129023
866 0.874527 0.323748 0.0141056
867 0.874527 0.336865 0.0140092
868 0.874527 0.343887 0.0148793
869 0.874527 0.334967 0.0159604
870 0.874527 0.324019 0.0135863
871 0.874527 0.322378 0.0130276
872 0.874527 0.321133 0.0162277
873 0.874527 0.300224 0.0116448
874 0.874527 0.315766 0.0108862
875 0.874527 0.315637 0.0110427
876 0.874527 0.319066 0.011673
877 0.874527 0.317467 0.0111558
878 0.874527 0.320693 0.01316
879 0.874527 0.319691 0.0129572
880 0.874527 0.31635 0.0127234
881 0.874527 0.32071 0.0125406
882 0.874527 0.325634 0.0138622
883 0.874527 0.324248 0.0146039
884 0.874527 0.325649 0.0140863
885 0.874527 0.330632 0.0134355
886 0.874527 0.313868 0.0141044
887 0.874527 0.322259 0.0148038
888 0.874527 0.328168 0.0127245
889 0.874527 0.323781 0.0117398
890 0.874527 0.32571 0.0129249
891 0.874527 0.317557 0.0110557
892 0.874527 0.326882 0.0147451
893 0.874527 0.313567 0.0108646
894 0.874527 0.311191 0.0102257
895 0.874527 0.315276 0.0118098
896 0.874527 0.312977 0.00973648
897 0.874527 0.31442 0.0109134
898 0.874527 0.318417 0.0117965
899 0.874527 0.31219 0.011336
900 0.874527 0.321748 0.0122665
901 0.874527 0.314279 0.0110667
902 0.874527 0.313421 0.0104702
903 0.874527 0.313245 0.0114651
904 0.874527 0.312993 0.0129275
905 0.874527 0.313616 0.0134473
906 0.874527 0.30854 0.0112934
907 0.874527 0.319416 0.012299
908 0.874527 0.316309 0.0110267
909 0.874527 0.297862 0.010422
910 0.874527 0.311954 0.0119645
911 0.874527 0.31012 0.0168039
912 0.874527 0.298188 0.0114679
913 0.874527 0.316122 0.0141305
914 0.874527 0.29939 0.0104723
915 0.874527 0.302553 0.0113882
916 0.874527 0.295188 0.010969
917 0.874527 0.293585 0.010087
918 0.874527 0.309669 0.0109239
919 0.874527 0.303097 0.0121456
920 0.874527 0.301387 0.0116107
921 0.874527 0.30424 0.0117329
922 0.874527 0.297313 0.0150387
923 0.874527 0.288672 0.0099817
924 0.874527 0.296993 0.011774
925 0.874527 0.302877 0.0110792
926 0.874527 0.304298 0.0104244
927 0.874527 0.308678 0.0123041
928 0.874527 0.310194 0.0126208
929 0.874527 0.308507 0.0114057
930 0.874527 0.316376 0.0118386
931 0.874527 0.315533 0.0114751
932 0.874527 0.309667 0.0121367
933 0.874527 0.312187 0.0114367
934 0.874527 0.312362 0.0113883
935 0.874527 0.303887 0.0114363
936 0.874527 0.303732 0.0108405
937 0.874527 0.305537 0.0112174
938 0.874527 0.304867 0.0105057
939 0.874527 0.303973 0.0107345
940 0.874527 0.310393 0.0107634
941 0.874527 0.298885 0.0106804
942 0.874527 0.301753 0.0109276
943 0.874527 0.313363 0.0136646
944 0.874527 0.309194 0.0120789
945 0.874527 0.308695 0.0116409
946 0.874527 0.299025 0.0101576
947 0.874527 0.30721 0.0102156
948 0.874527 0.300674 0.00991717
949 0.874527 0.309695 0.0115046
950 0.874527 0.305171 0.0100271
951 0.874527 0.299925 0.0111498
952 0.874527 0.308091 0.0102343
953 0.874527 0.315541 0.0135107
954 0.874527 0.312957 0.010838
955 0.874527 0.308015 0.010328
956 0.874527 0.31271 0.0115109
957 0.874527 0.303646 0.0106571
958 0.874527 0.300029 0.0102583
959 0.874527 0.305706 0.0122979
960 0.874527 0.307687 0.0125494
961 0.874527 0.306714 0.0123306
962 0.874527 0.308857 0.0129916
963 0.874527 0.309265 0.0117372
964 0.874527 0.29922 0.0103708
965 0.874527 0.295539 0.0111943
966 0.874527 0.302081 0.0120501
967 0.874527 0.30591 0.0149925
968 0.874527 0.312036 0.0135164
969 0.874527 0.320782 0.0136332
970 0.874527 0.317472 0.0121371
971 0.874527 0.317211 0.0122799
972 0.874527 0.308567 0.0133102
973 0.874527 0.297901 0.0115393
974 0.874527 0.313796 0.0110726
975 0.874527 0.309462 0.0108503
976 0.874527 0.310721 0.0121124
977 0.874527 0.326569 0.0159561
978 0.874527 0.32162 0.0129604
979 0.874527 0.32409 0.014788
980 0.874527 0.315536 0.0126615
981 0.874527 0.316636 0.0156787
982 0.874527 0.313064 0.0142826
983 0.874527 0.308609 0.0130777
984 0.874527 0.316982 0.0123202
985 0.874527 0.313414 0.0139433
986 0.874527 0.31443 0.0128669
987 0.874527 0.323146 0.014642
988 0.874527 0.317401 0.0128069
989 0.874527 0.32277 0.0164232
990 0.874527 0.322743 0.0152081
991 0.874527 0.320953 0.013135
992 0.874527 0.307937 0.0123272
993 0.874527 0.306364 0.0116077
994 0.874527 0.320134 0.0139771
995 0.874527 0.314863 0.0115217
996 0.874527 0.32097 0.0124346
997 0.874527 0.327698 0.0124212
998 0.874527 0.343216 0.0140125
999 0.874527 0.326476 0.0138392
1000 0.874527 0.313586 0.0120012
