0 0.299389 0.249932 7.49955e-05
1 0.299389 0.251033 0.000124802
2 0.301469 0.252672 0.000155078
3 0.305332 0.255145 0.000229411
4 0.305332 0.254524 0.000560095
5 0.305332 0.257278 0.000504097
6 0.358486 0.261986 0.000579903
7 0.365554 0.265238 0.00109315
8 0.524908 0.269718 0.00235807
9 0.524908 0.274274 0.00269698
10 0.540213 0.275124 0.00365875
11 0.540213 0.28269 0.0056466
12 0.540213 0.289956 0.00691604
13 0.544676 0.290353 0.00864896
14 0.579579 0.307133 0.0120105
15 0.579579 0.321143 0.0136525
16 0.579579 0.326603 0.0148406
17 0.579579 0.33326 0.0162925
18 0.592046 0.350549 0.017525
19 0.631148 0.347932 0.0193338
20 0.631148 0.351444 0.0176983
21 0.631148 0.355905 0.0183614
22 0.631148 0.349681 0.0174815
23 0.631148 0.356403 0.0159678
24 0.631148 0.36122 0.0167235
25 0.631148 0.375907 0.0170044
26 0.678143 0.39595 0.0234551
27 0.678143 0.386954 0.0215739
28 0.678143 0.408548 0.0222674
29 0.678143 0.411507 0.0209217
30 0.678143 0.418847 0.0222783
31 0.678143 0.433856 0.0220482
32 0.678143 0.438392 0.0232142
33 0.678143 0.449402 0.0224986
34 0.678143 0.478365 0.0241799
35 0.683463 0.491691 0.0209419
36 0.683463 0.514227 0.0180352
37 0.690376 0.508918 0.0157406
38 0.690376 0.509409 0.0158954
39 0.690376 0.491283 0.0181764
40 0.696641 0.502641 0.0208271
41 0.696641 0.520009 0.0174716
42 0.703063 0.507522 0.0207484
43 0.703063 0.515913 0.020779
44 0.707189 0.53068 0.0173884
45 0.707189 0.54668 0.0142877
46 0.714765 0.544921 0.0155523
47 0.714765 0.550148 0.0157212
48 0.714765 0.543782 0.0177543
49 0.717449 0.553932 0.016382
50 0.717449 0.565823 0.0153907
51 0.71845 0.571045 0.0142564
52 0.736974 0.588669 0.00989868
53 0.736974 0.573817 0.0133827
54 0.736974 0.578348 0.0122631
55 0.736974 0.581529 0.0107034
56 0.736974 0.593731 0.0094159
57 0.739137 0.590515 0.0108636
58 0.739137 0.582732 0.011742
59 0.739137 0.606588 0.00823998
60 0.739137 0.620322 0.00568582
61 0.749299 0.62861 0.00654156
62 0.749299 0.627962 0.0111191
63 0.749299 0.628907 0.0101313
64 0.749299 0.623418 0.0105281
65 0.749299 0.624372 0.010723
66 0.749299 0.644263 0.00774482
67 0.750661 0.644728 0.00715921
68 0.752487 0.640409 0.0111308
69 0.752487 0.651437 0.00767964
70 0.752487 0.63468 0.0107038
71 0.763203 0.624742 0.0152222
72 0.763203 0.622176 0.0145316
73 0.763203 0.620751 0.0137668
74 0.766521 0.620297 0.0159922
75 0.766521 0.633648 0.0130468
76 0.766521 0.629264 0.0143829
77 0.766521 0.628094 0.0138278
78 0.766521 0.619418 0.0151803
79 0.766521 0.617477 0.0130377
80 0.768317 0.632298 0.0117393
81 0.768317 0.637934 0.0122515
82 0.768317 0.643305 0.0107303
83 0.768317 0.646983 0.0091502
84 0.768317 0.637525 0.0111239
85 0.768317 0.634975 0.012261
86 0.768317 0.659397 0.00628146
87 0.768317 0.655709 0.0111403
88 0.774476 0.650648 0.0100256
89 0.774476 0.659853 0.00713871
90 0.774476 0.652217 0.00904143
91 0.774476 0.670088 0.00631578
92 0.774476 0.65704 0.00688486
93 0.774476 0.64734 0.0100967
94 0.774476 0.648588 0.0111526
95 0.774476 0.654195 0.0090492
96 0.774476 0.648377 0.0085966
97 0.774476 0.640085 0.0111241
98 0.774476 0.646943 0.0101562
99 0.774476 0.655903 0.00952016
100 0.774476 0.663721 0.00989467
101 0.774476 0.661725 0.00929866
102 0.774476 0.656869 0.00858986
103 0.775363 0.662261 0.00787531
104 0.775363 0.651533 0.0106822
105 0.775363 0.654449 0.011356
106 0.775363 0.655612 0.00922559
107 0.775363 0.666872 0.00670062
108 0.775363 0.66156 0.00852749
109 0.775363 0.657118 0.00943293
110 0.775363 0.659576 0.0093682
111 0.775363 0.659218 0.00833849
112 0.775363 0.670138 0.00889305
113 0.775363 0.677797 0.00439835
114 0.775363 0.667741 0.00685349
115 0.775363 0.673024 0.00463803
116 0.775363 0.670571 0.00523621
117 0.775363 0.662215 0.00793907
118 0.775363 0.672228 0.00501912
119 0.775363 0.663702 0.00744325
120 0.775363 0.664352 0.00951082
121 0.775363 0.667021 0.00877356
122 0.775363 0.671332 0.0069784
123 0.775363 0.66581 0.00855684
124 0.775363 0.657978 0.00872961
125 0.775363 0.652192 0.0115435
126 0.775363 0.655391 0.0107518
127 0.775363 0.661299 0.00918688
128 0.775363 0.655544 0.0134442
129 0.775363 0.638627 0.0152012
130 0.775363 0.642533 0.0131879
131 0.775363 0.631608 0.0169122
132 0.775363 0.639072 0.0138551
133 0.775363 0.638077 0.0156455
134 0.775363 0.624552 0.0147034
135 0.775363 0.627794 0.0151035
136 0.775363 0.63094 0.0168749
137 0.775363 0.626924 0.0128548
138 0.775363 0.635472 0.0144533
139 0.775363 0.630319 0.0145976
140 0.775363 0.639249 0.0122878
141 0.775363 0.655915 0.0104957
142 0.775363 0.643782 0.00900749
143 0.775363 0.630641 0.0114229
144 0.775363 0.631375 0.011952
145 0.775363 0.630981 0.0117905
146 0.775363 0.638588 0.0104079
147 0.775363 0.654333 0.00777369
148 0.775363 0.659151 0.00817702
149 0.775363 0.66002 0.00793348
150 0.775363 0.661871 0.00845288
151 0.775363 0.650378 0.0109444
152 0.776342 0.643852 0.0114605
153 0.776342 0.656444 0.0111911
154 0.776342 0.664477 0.00758969
155 0.776342 0.661309 0.00810253
156 0.776342 0.670362 0.00560542
157 0.776342 0.65844 0.00881616
158 0.776342 0.660095 0.00989157
159 0.776342 0.658555 0.00854408
160 0.776342 0.660389 0.00776376
161 0.776342 0.656666 0.0118546
162 0.777334 0.636344 0.0141986
163 0.777334 0.643282 0.011759
164 0.777334 0.641367 0.0150855
165 0.777334 0.647616 0.0133728
166 0.777334 0.633396 0.0143323
167 0.777334 0.636274 0.0125561
168 0.777334 0.641585 0.0123518
169 0.777334 0.627862 0.0142622
170 0.777944 0.628453 0.0127281
171 0.777944 0.65214 0.00766295
172 0.777944 0.6557 0.00684366
173 0.777944 0.657715 0.00686117
174 0.777944 0.655412 0.00920899
175 0.786167 0.663602 0.00798805
176 0.786167 0.654519 0.00884348
177 0.786167 0.653754 0.0101608
178 0.786167 0.64358 0.0122527
179 0.786167 0.649628 0.00943294
180 0.786167 0.654467 0.00920988
181 0.786167 0.654307 0.0100541
182 0.786167 0.660302 0.00975682
183 0.786167 0.656796 0.0138999
184 0.786167 0.661016 0.0110468
185 0.786167 0.658772 0.00764553
186 0.786167 0.658191 0.00694742
187 0.786167 0.64195 0.0116496
188 0.786167 0.646378 0.0114524
189 0.786167 0.653868 0.0106234
190 0.786167 0.644819 0.0125732
191 0.786167 0.62411 0.0121005
192 0.786167 0.624615 0.0132458
193 0.786167 0.626566 0.014297
194 0.786167 0.634836 0.0134076
195 0.786167 0.653216 0.0107865
196 0.786167 0.648034 0.0105532
197 0.786167 0.646514 0.0104982
198 0.786167 0.653504 0.00970149
199 0.786167 0.650053 0.010118
200 0.786167 0.644333 0.0106806
201 0.786167 0.63634 0.0122358
202 0.786167 0.633712 0.0137861
203 0.786167 0.653191 0.0102763
204 0.786167 0.637681 0.0109258
205 0.786167 0.639382 0.0121146
206 0.786167 0.642355 0.012318
207 0.786167 0.651116 0.0109359
208 0.786167 0.64877 0.0112661
209 0.786167 0.644902 0.009509
210 0.786167 0.647014 0.00936192
211 0.786167 0.636368 0.0121512
212 0.786167 0.636973 0.0125173
213 0.786167 0.641854 0.015495
214 0.786167 0.641173 0.0130047
215 0.786167 0.634682 0.0166166
216 0.786167 0.633512 0.0129144
217 0.786167 0.657235 0.0101652
218 0.786167 0.651806 0.0103735
219 0.786167 0.663876 0.00860201
220 0.786167 0.672798 0.00569297
221 0.786167 0.671958 0.00614108
222 0.786167 0.670969 0.00740036
223 0.786167 0.661864 0.00906986
224 0.786167 0.666979 0.00845425
225 0.786167 0.657512 0.0077407
226 0.786167 0.654562 0.00988312
227 0.786167 0.654295 0.00970588
228 0.786167 0.648095 0.0125571
229 0.786167 0.636807 0.0156112
230 0.786167 0.645744 0.0123363
231 0.786167 0.646762 0.0142014
232 0.786167 0.639245 0.0126273
233 0.786167 0.646558 0.0105111
234 0.786167 0.657298 0.00964787
235 0.786167 0.654736 0.0106713
236 0.786167 0.659499 0.00819566
237 0.786167 0.657539 0.00802199
238 0.786167 0.642425 0.0110651
239 0.786167 0.640609 0.0123139
240 0.786167 0.650069 0.0106981
241 0.786167 0.655772 0.00887244
242 0.786167 0.6492 0.0105723
243 0.786167 0.66234 0.00919105
244 0.786167 0.639674 0.0163001
245 0.786167 0.663405 0.0084918
246 0.786167 0.660534 0.00983906
247 0.786934 0.662697 0.00942819
248 0.786934 0.652708 0.010907
249 0.786934 0.659315 0.00918268
250 0.786934 0.637325 0.0136178
251 0.786934 0.632945 0.0144038
252 0.786934 0.641471 0.0139308
253 0.786934 0.636286 0.0129482
254 0.786934 0.646025 0.00875763
255 0.786934 0.656215 0.00853332
256 0.786934 0.642259 0.0134065
257 0.786934 0.626458 0.017325
258 0.786934 0.634767 0.0107987
259 0.786934 0.621385 0.0155174
260 0.786934 0.617659 0.014062
261 0.786934 0.621911 0.01391
262 0.786934 0.632525 0.0125928
263 0.786934 0.653655 0.0103542
264 0.786934 0.651064 0.00742356
265 0.786934 0.61803 0.0168401
266 0.786934 0.614432 0.0190934
267 0.786934 0.617632 0.015804
268 0.786934 0.593869 0.0184494
269 0.786934 0.610589 0.0176441
270 0.786934 0.62536 0.0151031
271 0.786934 0.643186 0.0127233
272 0.786934 0.635174 0.0147427
273 0.786934 0.637221 0.0118403
274 0.786934 0.655004 0.0111838
275 0.786934 0.633559 0.0147464
276 0.786934 0.645043 0.0117678
277 0.786934 0.629149 0.0130296
278 0.786934 0.630434 0.0141921
279 0.786934 0.619755 0.0156089
280 0.786934 0.644644 0.012054
281 0.786934 0.627116 0.0135735
282 0.786934 0.645599 0.0138155
283 0.786934 0.640838 0.0139658
284 0.786934 0.655297 0.012146
285 0.786934 0.647495 0.0131174
286 0.786934 0.643249 0.0114002
287 0.786934 0.649585 0.0107181
288 0.786934 0.644834 0.0153773
289 0.786934 0.636502 0.0161206
290 0.786934 0.647814 0.0118586
291 0.786934 0.641222 0.0152279
292 0.786934 0.63967 0.0167128
293 0.786934 0.639733 0.0131499
294 0.786934 0.638253 0.0137843
295 0.786934 0.634082 0.0145642
296 0.786934 0.622579 0.0143346
297 0.786934 0.621785 0.0147786
298 0.786934 0.628065 0.0135221
299 0.786934 0.638286 0.0142991
300 0.786934 0.655247 0.0109496
301 0.786934 0.652858 0.00971646
302 0.786934 0.655659 0.0118426
303 0.786934 0.663614 0.00865577
304 0.786934 0.652983 0.0135397
305 0.786934 0.656035 0.011028
306 0.786934 0.658901 0.0091115
307 0.786934 0.661272 0.00846466
308 0.786934 0.660434 0.00844143
309 0.786934 0.653296 0.0103443
310 0.786934 0.651977 0.00788366
311 0.786934 0.655477 0.0069291
312 0.786934 0.663362 0.00830894
313 0.786934 0.660592 0.0110527
314 0.786934 0.659699 0.00818935
315 0.786934 0.67163 0.00546094
316 0.786934 0.653042 0.00877773
317 0.790583 0.655697 0.00844154
318 0.790583 0.652001 0.012136
319 0.790583 0.649202 0.0117515
320 0.790583 0.650867 0.0137912
321 0.790583 0.657387 0.0129441
322 0.790583 0.66103 0.00933387
323 0.790583 0.660483 0.00865412
324 0.790583 0.650939 0.0106014
325 0.790583 0.645005 0.0113471
326 0.790583 0.630281 0.0126411
327 0.790583 0.632238 0.0160759
328 0.790583 0.628781 0.0159799
329 0.790583 0.633042 0.0159487
330 0.790583 0.642504 0.0101467
331 0.790583 0.652847 0.010639
332 0.790583 0.667723 0.00738992
333 0.790583 0.683368 0.00476775
334 0.790583 0.669077 0.00815375
335 0.790583 0.669472 0.00819531
336 0.790583 0.665467 0.0107911
337 0.790583 0.684543 0.00481321
338 0.790583 0.674577 0.00709921
339 0.790583 0.670325 0.00629664
340 0.790583 0.666315 0.00898282
341 0.790583 0.652429 0.0131362
342 0.790583 0.659197 0.0115698
343 0.790583 0.666476 0.00792777
344 0.790583 0.675948 0.00877312
345 0.790583 0.680742 0.00744044
346 0.790583 0.670579 0.00934868
347 0.790583 0.678809 0.00706458
348 0.790583 0.672696 0.00748281
349 0.790583 0.682593 0.00544891
350 0.790583 0.67628 0.00671883
351 0.790583 0.672045 0.0060227
352 0.790583 0.665279 0.00655852
353 0.790583 0.654459 0.00792363
354 0.790583 0.655082 0.0112338
355 0.790583 0.651354 0.0125882
356 0.790583 0.641672 0.0125842
357 0.790583 0.657759 0.00937785
358 0.790583 0.663012 0.00820688
359 0.790583 0.668083 0.00644046
360 0.790583 0.662806 0.00728798
361 0.790597 0.659443 0.0105857
362 0.790597 0.647408 0.0128071
363 0.790597 0.640454 0.0121072
364 0.790597 0.633829 0.0168683
365 0.790597 0.628783 0.0199772
366 0.790597 0.623331 0.0192238
367 0.790597 0.642185 0.0149316
368 0.790597 0.651857 0.0109785
369 0.790597 0.644205 0.0131015
370 0.790597 0.644469 0.0130442
371 0.790597 0.658242 0.0101215
372 0.790597 0.641398 0.013588
373 0.790597 0.642121 0.0138132
374 0.790597 0.636362 0.0149983
375 0.790597 0.626013 0.0161622
376 0.790597 0.632882 0.0147386
377 0.790597 0.656541 0.0123481
378 0.790597 0.648715 0.0117757
379 0.790597 0.655235 0.0106458
380 0.790597 0.638321 0.0128981
381 0.790597 0.652606 0.0107693
382 0.790597 0.648631 0.0126711
383 0.790597 0.651079 0.0124085
384 0.790597 0.643568 0.014134
385 0.790597 0.645057 0.0133308
386 0.790597 0.634768 0.0150921
387 0.790597 0.64547 0.0114171
388 0.790597 0.641466 0.0097527
389 0.790649 0.639858 0.0145693
390 0.790649 0.648021 0.0143035
391 0.790649 0.65555 0.0104536
392 0.790649 0.658776 0.0106134
393 0.790649 0.655169 0.00970279
394 0.790649 0.6575 0.0116495
395 0.790649 0.663851 0.00865471
396 0.790649 0.648316 0.0125818
397 0.790649 0.646371 0.0116263
398 0.790649 0.635376 0.0143542
399 0.790649 0.632093 0.0151033
400 0.790649 0.638186 0.0128452
401 0.790649 0.643845 0.0120379
402 0.790649 0.654068 0.011326
403 0.790649 0.65247 0.0103418
404 0.790649 0.65854 0.0123213
405 0.790649 0.643462 0.0152748
406 0.790649 0.641128 0.0155773
407 0.790649 0.651814 0.0115824
408 0.790649 0.642882 0.0115135
409 0.790649 0.646827 0.0126392
410 0.790649 0.644092 0.0122961
411 0.790649 0.640444 0.0123809
412 0.790649 0.640033 0.0107753
413 0.790649 0.641743 0.0122788
414 0.790649 0.634589 0.0148288
415 0.790649 0.638124 0.0138826
416 0.790649 0.649001 0.0129508
417 0.790649 0.64588 0.0141044
418 0.790649 0.642201 0.0141357
419 0.790649 0.645656 0.013434
420 0.790649 0.660067 0.00996154
421 0.790649 0.668631 0.0080423
422 0.790649 0.655521 0.0129904
423 0.790649 0.667956 0.00920446
424 0.790649 0.67401 0.00622528
425 0.790649 0.66739 0.00767523
426 0.790649 0.664109 0.00909936
427 0.790649 0.676467 0.0082061
428 0.790649 0.670993 0.00996756
429 0.790649 0.665627 0.0076957
430 0.790649 0.658461 0.00969641
431 0.790649 0.663281 0.00748318
432 0.790649 0.656738 0.00836734
433 0.790649 0.666479 0.00761481
434 0.790649 0.666301 0.0102821
435 0.790649 0.652342 0.0126859
436 0.790649 0.656428 0.0112811
437 0.790649 0.65273 0.0142493
438 0.790649 0.639082 0.0152143
439 0.790649 0.632606 0.015223
440 0.790649 0.643651 0.0114128
441 0.790649 0.649936 0.0126745
442 0.790649 0.639031 0.0133785
443 0.790649 0.636412 0.0122745
444 0.790649 0.653732 0.0101773
445 0.790649 0.629115 0.013377
446 0.790649 0.637173 0.0143972
447 0.790649 0.642942 0.0125753
448 0.790649 0.633144 0.0150421
449 0.790649 0.634022 0.0118486
450 0.790649 0.632561 0.0133986
451 0.790649 0.637382 0.0141475
452 0.790649 0.631255 0.0159416
453 0.790649 0.643214 0.0146508
454 0.790649 0.647389 0.0100739
455 0.790649 0.649468 0.0101445
456 0.790649 0.662441 0.00769935
457 0.790649 0.656679 0.00916642
458 0.790649 0.65452 0.00897944
459 0.790649 0.636047 0.0122173
460 0.790649 0.626691 0.014201
461 0.790649 0.636474 0.0134733
462 0.790649 0.638455 0.0129548
463 0.790649 0.646832 0.0149217
464 0.790649 0.645157 0.011031
465 0.790649 0.642589 0.0127407
466 0.790649 0.63517 0.0122702
467 0.790649 0.654356 0.00995521
468 0.790649 0.630536 0.0143657
469 0.790649 0.629505 0.0174563
470 0.790649 0.643051 0.0121945
471 0.790649 0.647293 0.00963029
472 0.790649 0.648769 0.0087355
473 0.790649 0.655499 0.00780884
474 0.790649 0.654092 0.00783624
475 0.790649 0.655489 0.00739537
476 0.790649 0.658637 0.0081648
477 0.790649 0.643399 0.0134715
478 0.790649 0.653462 0.00883886
479 0.790649 0.639665 0.0130299
480 0.790649 0.618354 0.0202309
481 0.790649 0.645543 0.0147407
482 0.790649 0.644974 0.0144111
483 0.790649 0.645723 0.0136143
484 0.790649 0.631733 0.0151354
485 0.790649 0.624797 0.0161888
486 0.790649 0.64154 0.0126376
487 0.790649 0.635536 0.0138097
488 0.790649 0.640098 0.0152426
489 0.790649 0.661578 0.00875727
490 0.790649 0.6519 0.0103999
491 0.790649 0.651982 0.0122902
492 0.790649 0.648256 0.00797616
493 0.790649 0.643163 0.00815254
494 0.790649 0.631533 0.0111049
495 0.790649 0.643088 0.0100381
496 0.790649 0.648439 0.00914441
497 0.790649 0.641924 0.0108894
498 0.790649 0.648012 0.00974498
499 0.790649 0.640022 0.00925164
500 0.790649 0.64798 0.00946614
501 0.790649 0.652198 0.00947868
502 0.790649 0.665605 0.00737257
503 0.790744 0.66328 0.00748424
504 0.790744 0.664458 0.0101885
505 0.790744 0.654936 0.00991791
506 0.790744 0.665395 0.0133228
507 0.790744 0.65372 0.0141032
508 0.790744 0.649106 0.0154884
509 0.790744 0.648994 0.0161882
510 0.790744 0.639506 0.017108
511 0.790744 0.647602 0.0149495
512 0.790744 0.653746 0.0132332
513 0.790744 0.667352 0.0105035
514 0.790744 0.655012 0.0142208
515 0.790744 0.649267 0.0138663
516 0.790744 0.655761 0.0112879
517 0.790744 0.662951 0.00962978
518 0.790744 0.664928 0.00790385
519 0.790744 0.669143 0.00859801
520 0.790744 0.653367 0.0116282
521 0.790744 0.650206 0.0109018
522 0.790744 0.649873 0.0109797
523 0.790744 0.641629 0.00969143
524 0.790744 0.635649 0.0127371
525 0.790744 0.651587 0.0102081
526 0.790744 0.651744 0.009495
527 0.790744 0.655645 0.00801148
528 0.790744 0.65229 0.00876775
529 0.790744 0.659805 0.00891605
530 0.790744 0.663416 0.00781948
531 0.790744 0.663002 0.00718909
532 0.790744 0.665847 0.0084192
533 0.790744 0.671307 0.00653772
534 0.790744 0.660488 0.0104739
535 0.790744 0.661681 0.0110665
536 0.790744 0.650395 0.0123321
537 0.790744 0.659768 0.00856049
538 0.790744 0.654979 0.00686607
539 0.790744 0.648095 0.0080508
540 0.790744 0.636379 0.0101401
541 0.790744 0.646125 0.00891063
542 0.790836 0.643777 0.0117997
543 0.790836 0.647459 0.0119595
544 0.790836 0.659131 0.0111396
545 0.790836 0.637485 0.013371
546 0.790836 0.644071 0.0108298
547 0.790836 0.646674 0.0130751
548 0.790836 0.663479 0.00910962
549 0.790836 0.648781 0.00962554
550 0.790836 0.644272 0.0152275
551 0.790836 0.639105 0.0157623
552 0.790836 0.643156 0.0152553
553 0.790836 0.645061 0.0133137
554 0.790836 0.66893 0.00757753
555 0.790836 0.6575 0.00993263
556 0.790836 0.662423 0.0104671
557 0.790836 0.652833 0.0126035
558 0.790836 0.658794 0.00875941
559 0.790836 0.655255 0.00873097
560 0.790836 0.651333 0.00957572
561 0.790836 0.672899 0.00802855
562 0.790836 0.667597 0.00636297
563 0.790836 0.666249 0.00755668
564 0.790836 0.669034 0.00810228
565 0.790836 0.650898 0.00974703
566 0.790836 0.647802 0.0116322
567 0.790836 0.654899 0.0100582
568 0.790836 0.652404 0.0111549
569 0.791124 0.656777 0.0104342
570 0.791124 0.674042 0.00835971
571 0.791124 0.656869 0.0101166
572 0.791124 0.662508 0.0131254
573 0.791124 0.676692 0.00858511
574 0.791124 0.663956 0.0107634
575 0.791124 0.661337 0.0100937
576 0.791124 0.663547 0.0129297
577 0.791124 0.658173 0.0116779
578 0.791124 0.650902 0.0143966
579 0.791124 0.644635 0.0158298
580 0.791124 0.633633 0.0182487
581 0.791124 0.64567 0.014198
582 0.791124 0.648084 0.0142875
583 0.791124 0.656267 0.0161132
584 0.791124 0.638442 0.0203337
585 0.791124 0.638108 0.0214319
586 0.791124 0.648198 0.0204295
587 0.791124 0.63824 0.0210337
588 0.791124 0.647008 0.0175162
589 0.791124 0.626533 0.0231627
590 0.791124 0.642121 0.0176754
591 0.791124 0.650665 0.0127731
592 0.791124 0.643359 0.0162691
593 0.791124 0.643347 0.0147177
594 0.791124 0.63249 0.0171899
595 0.791124 0.626344 0.0161033
596 0.791124 0.638567 0.0140608
597 0.791124 0.625008 0.0190806
598 0.791124 0.6238 0.0209355
599 0.791124 0.628162 0.0170756
600 0.791124 0.635622 0.01735
601 0.791124 0.636155 0.0199448
602 0.791124 0.641721 0.0171764
603 0.791124 0.642047 0.0182393
604 0.791124 0.639774 0.0191686
605 0.791124 0.641665 0.0169026
606 0.791124 0.65013 0.0121873
607 0.791124 0.657134 0.0137161
608 0.791124 0.654271 0.011702
609 0.791124 0.65754 0.0112662
610 0.791124 0.651254 0.0125518
611 0.791124 0.664007 0.0107482
612 0.791124 0.657158 0.0127432
613 0.791124 0.653601 0.0141822
614 0.791124 0.664362 0.00815081
615 0.791124 0.65719 0.00935309
616 0.791124 0.649836 0.0112621
617 0.791124 0.644319 0.0145485
618 0.791124 0.653861 0.0123228
619 0.791124 0.652669 0.0108267
620 0.791124 0.647444 0.0108976
621 0.791124 0.643238 0.0109983
622 0.791124 0.639616 0.0138396
623 0.791124 0.653713 0.00992169
624 0.791124 0.648973 0.01021
625 0.791124 0.64998 0.0119518
626 0.791124 0.65016 0.0126451
627 0.791124 0.652878 0.0099305
628 0.791124 0.647929 0.0123156
629 0.791124 0.66012 0.00825658
630 0.791124 0.649235 0.0110093
631 0.791124 0.656661 0.0112091
632 0.791124 0.642517 0.0134903
633 0.791124 0.663782 0.0114826
634 0.791124 0.650226 0.0151406
635 0.791124 0.670978 0.00900439
636 0.791124 0.661312 0.0111925
637 0.791124 0.651264 0.0129971
638 0.791124 0.652663 0.00903227
639 0.791124 0.649223 0.0124985
640 0.791124 0.652493 0.010503
641 0.791124 0.654644 0.00978797
642 0.791124 0.652246 0.0103131
643 0.791124 0.653839 0.008971
644 0.791124 0.637559 0.0128013
645 0.791124 0.634592 0.0117867
646 0.791124 0.639735 0.0128966
647 0.791124 0.634377 0.0142992
648 0.791124 0.638143 0.0108088
649 0.791124 0.643872 0.0116502
650 0.791124 0.647262 0.0111937
651 0.791124 0.634806 0.0140804
652 0.791124 0.64232 0.0118697
653 0.791124 0.648096 0.0114947
654 0.791124 0.64624 0.0112395
655 0.791124 0.646927 0.0110672
656 0.791124 0.636723 0.0112893
657 0.791124 0.642322 0.0103576
658 0.791124 0.635087 0.0108182
659 0.791124 0.638305 0.0117016
660 0.791124 0.623488 0.0117153
661 0.791124 0.618289 0.0145373
662 0.791124 0.628578 0.0125047
663 0.791124 0.640903 0.0104369
664 0.791124 0.638699 0.010464
665 0.791124 0.644484 0.0116141
666 0.791124 0.657211 0.00696409
667 0.791124 0.658091 0.00738654
668 0.791124 0.659437 0.00816639
669 0.791124 0.655993 0.00784546
670 0.791124 0.653719 0.00825818
671 0.791124 0.653824 0.0110447
672 0.791124 0.664844 0.00901533
673 0.791124 0.659678 0.0094833
674 0.791124 0.653152 0.0105783
675 0.791124 0.665186 0.00835983
676 0.791124 0.660522 0.0107102
677 0.791124 0.648111 0.00979815
678 0.791124 0.658332 0.00835824
679 0.791124 0.660876 0.00991284
680 0.791124 0.653023 0.0109879
681 0.791124 0.653555 0.0118606
682 0.791124 0.6569 0.0108175
683 0.791124 0.654911 0.0118527
684 0.791124 0.649254 0.0131334
685 0.791124 0.647196 0.0134693
686 0.791124 0.663532 0.00711792
687 0.791124 0.647983 0.0088348
688 0.791124 0.653907 0.0105902
689 0.791124 0.657644 0.0101087
690 0.791124 0.648843 0.0116795
691 0.791124 0.654132 0.011734
692 0.791124 0.641007 0.0150999
693 0.791124 0.635441 0.0176976
694 0.791124 0.64003 0.0140162
695 0.791124 0.651047 0.0121328
696 0.791124 0.656985 0.00766535
697 0.791124 0.642326 0.01358
698 0.791124 0.63942 0.0132037
699 0.791124 0.648997 0.0109647
700 0.791124 0.656565 0.0112475
701 0.791124 0.655793 0.0102831
702 0.791124 0.653197 0.0134843
703 0.791124 0.652682 0.0105768
704 0.791124 0.655551 0.0107887
705 0.791124 0.660515 0.0080872
706 0.791124 0.665755 0.0087462
707 0.791124 0.655491 0.0114791
708 0.791124 0.651973 0.0128571
709 0.791124 0.6624 0.0104404
710 0.791124 0.654589 0.0162008
711 0.791124 0.648563 0.0140332
712 0.791124 0.653401 0.01542
713 0.791124 0.662223 0.0122758
714 0.791124 0.646073 0.0125839
715 0.791124 0.649421 0.013103
716 0.791124 0.659714 0.0093318
717 0.791124 0.666604 0.00810653
718 0.791124 0.670616 0.00732881
719 0.791124 0.674839 0.00682692
720 0.791124 0.680139 0.00568661
721 0.791124 0.661322 0.00934181
722 0.791124 0.649072 0.0119884
723 0.791124 0.643293 0.00945686
724 0.791124 0.648267 0.0101693
725 0.791124 0.652068 0.00864479
726 0.791124 0.656164 0.0102242
727 0.791124 0.664316 0.00802495
728 0.791124 0.656353 0.00840082
729 0.791124 0.64887 0.00900948
730 0.791124 0.661095 0.00751934
731 0.791124 0.655825 0.00977168
732 0.791124 0.675224 0.0064628
733 0.791124 0.666829 0.00631139
734 0.791124 0.648817 0.013064
735 0.791124 0.637754 0.0148701
736 0.791124 0.650698 0.0129864
737 0.791124 0.63424 0.0151832
738 0.791124 0.629935 0.0136553
739 0.791124 0.648972 0.0108417
740 0.791124 0.657201 0.00860644
741 0.791124 0.647918 0.0131193
742 0.791124 0.649527 0.0140943
743 0.791124 0.632906 0.0157975
744 0.791124 0.641066 0.0130199
745 0.791124 0.655184 0.00950722
746 0.791227 0.646645 0.012533
747 0.791227 0.636417 0.0148168
748 0.791227 0.636147 0.0140271
749 0.791227 0.640655 0.0128507
750 0.791227 0.643952 0.0116685
751 0.791227 0.64491 0.0127109
752 0.791227 0.652319 0.010126
753 0.791227 0.646707 0.0101442
754 0.791227 0.648789 0.0144309
755 0.791227 0.64126 0.0119238
756 0.791227 0.650957 0.0107785
757 0.791227 0.640936 0.00995913
758 0.791227 0.63911 0.0120687
759 0.791227 0.645669 0.012124
760 0.791227 0.653854 0.010343
761 0.791227 0.66476 0.00740921
762 0.791227 0.66598 0.00833989
763 0.791227 0.637311 0.0147022
764 0.791227 0.646211 0.0103914
765 0.791227 0.636906 0.0110598
766 0.791227 0.642857 0.0113061
767 0.791227 0.649964 0.00915482
768 0.791227 0.659345 0.00648929
769 0.791227 0.657836 0.00672301
770 0.791227 0.651843 0.00761452
771 0.791227 0.650446 0.00949625
772 0.791227 0.645415 0.00918073
773 0.791227 0.654834 0.0099861
774 0.791227 0.656454 0.00969214
775 0.791227 0.660898 0.00890662
776 0.791227 0.668601 0.00588476
777 0.791227 0.669156 0.00689393
778 0.791265 0.670549 0.00575049
779 0.791265 0.669677 0.00685586
780 0.791265 0.650459 0.00805228
781 0.791265 0.64295 0.0108371
782 0.791265 0.640289 0.01053
783 0.791265 0.648594 0.00879554
784 0.791265 0.652338 0.00950789
785 0.791265 0.652213 0.00965569
786 0.791265 0.652221 0.00889885
787 0.791265 0.64921 0.0108194
788 0.791265 0.656338 0.0101538
789 0.791265 0.650684 0.0108834
790 0.791265 0.651041 0.00944489
791 0.791265 0.652024 0.0108048
792 0.791265 0.647333 0.0138517
793 0.791265 0.633239 0.0173673
794 0.791265 0.625303 0.0181603
795 0.791265 0.628131 0.0153416
796 0.791265 0.622654 0.0153489
797 0.791265 0.621866 0.0193051
798 0.791265 0.624033 0.0165648
799 0.791265 0.62826 0.0136775
800 0.791265 0.627593 0.0165425
801 0.791265 0.638398 0.01478
802 0.791265 0.635368 0.014648
803 0.791265 0.620111 0.0181326
804 0.791265 0.627861 0.0169717
805 0.791458 0.632574 0.018713
806 0.791484 0.630093 0.0191159
807 0.791484 0.649071 0.0131
808 0.791484 0.628776 0.0186202
809 0.791484 0.638054 0.0172841
810 0.791484 0.632434 0.0166384
811 0.791484 0.625146 0.0184263
812 0.791484 0.637229 0.0175798
813 0.791484 0.66517 0.00737254
814 0.791484 0.66664 0.0082496
815 0.791484 0.665923 0.00897024
816 0.791484 0.667645 0.00620478
817 0.791484 0.655949 0.00990309
818 0.791484 0.666675 0.00694488
819 0.791484 0.660208 0.00865489
820 0.791484 0.649809 0.0100799
821 0.791484 0.646144 0.0140179
822 0.791484 0.666674 0.00654399
823 0.791484 0.671898 0.00866079
824 0.791484 0.66918 0.00840281
825 0.791484 0.676194 0.00715946
826 0.791484 0.672205 0.0106496
827 0.791484 0.669141 0.00835207
828 0.791484 0.673672 0.00639231
829 0.791484 0.648134 0.0108576
830 0.791484 0.64937 0.0129225
831 0.791484 0.648496 0.0112229
832 0.791484 0.657829 0.00990255
833 0.791484 0.63848 0.0118487
834 0.791484 0.64376 0.0114796
835 0.791484 0.639574 0.0120278
836 0.791484 0.646472 0.0107543
837 0.791484 0.646569 0.0132079
838 0.791484 0.67083 0.00666225
839 0.791484 0.679201 0.0061581
840 0.791484 0.664546 0.00949136
841 0.791484 0.661017 0.00841181
842 0.791484 0.652297 0.00808957
843 0.791484 0.664173 0.008415
844 0.791484 0.662291 0.0088418
845 0.791484 0.654368 0.0120051
846 0.791484 0.656282 0.0128798
847 0.791484 0.657247 0.0110261
848 0.791484 0.660862 0.0105107
849 0.791484 0.650033 0.0131115
850 0.791484 0.655669 0.0131395
851 0.791484 0.656812 0.0128228
852 0.791484 0.659052 0.0109285
853 0.791873 0.663659 0.0120967
854 0.791873 0.667105 0.0084925
855 0.791873 0.672304 0.00608688
856 0.791873 0.661972 0.00804175
857 0.791873 0.65849 0.00852569
858 0.791873 0.671946 0.00719409
859 0.791873 0.662943 0.00907159
860 0.791873 0.658565 0.00740978
861 0.791873 0.659942 0.00812964
862 0.791873 0.652893 0.00937289
863 0.791873 0.6692 0.00674693
864 0.791873 0.668221 0.00800476
865 0.791873 0.674679 0.00600502
866 0.791873 0.681983 0.00499961
867 0.791873 0.666324 0.00759689
868 0.791873 0.659994 0.00931312
869 0.791873 0.660861 0.0107343
870 0.791873 0.654261 0.0135737
871 0.791873 0.659311 0.0131752
872 0.791873 0.658271 0.0101254
873 0.791873 0.640407 0.0151352
874 0.791873 0.636897 0.0132557
875 0.791873 0.624786 0.0145586
876 0.791873 0.639254 0.0105242
877 0.791873 0.638284 0.0113433
878 0.791873 0.642763 0.0122294
879 0.791873 0.636788 0.0115422
880 0.791873 0.630191 0.0130707
881 0.791873 0.643131 0.0116974
882 0.791873 0.638606 0.0107549
883 0.791873 0.643506 0.0119199
884 0.791873 0.639682 0.00999432
885 0.791873 0.638854 0.014038
886 0.791873 0.631848 0.0157401
887 0.791873 0.643713 0.0180722
888 0.791873 0.644587 0.0163322
889 0.791873 0.642453 0.0169085
890 0.791873 0.629713 0.0176008
891 0.791873 0.631768 0.018584
892 0.791873 0.652306 0.00930469
893 0.791873 0.635925 0.0138675
894 0.791873 0.629218 0.0168909
895 0.791873 0.624871 0.0164232
896 0.791873 0.643718 0.013351
897 0.791873 0.644317 0.0113707
898 0.791873 0.648204 0.0116134
899 0.791873 0.637791 0.0129584
900 0.791873 0.64017 0.0132673
901 0.791873 0.650915 0.0128677
902 0.791873 0.660403 0.0110661
903 0.791873 0.645862 0.0108659
904 0.791873 0.654818 0.0115482
905 0.791873 0.653185 0.0081726
906 0.791873 0.658082 0.00998335
907 0.791873 0.641589 0.0125042
908 0.791873 0.63843 0.013499
909 0.791873 0.642929 0.0142679
910 0.791873 0.640106 0.0139949
911 0.791873 0.653672 0.0127807
912 0.791873 0.6481 0.0141734
913 0.791873 0.648183 0.0137713
914 0.791873 0.647395 0.0172445
915 0.791873 0.642189 0.0144769
916 0.791873 0.65227 0.0122989
917 0.791873 0.662219 0.007444
918 0.791873 0.659397 0.00920539
919 0.791873 0.662968 0.0086528
920 0.791873 0.660096 0.0108202
921 0.791873 0.651842 0.0101647
922 0.791873 0.656921 0.00822538
923 0.791873 0.665723 0.0068273
924 0.791873 0.67218 0.00733534
925 0.792103 0.667982 0.00817319
926 0.792103 0.67312 0.00770464
927 0.792103 0.667737 0.00754786
928 0.792103 0.651122 0.0115682
929 0.792103 0.641282 0.0134221
930 0.792103 0.637446 0.0129369
931 0.792103 0.634307 0.0150776
932 0.792103 0.651939 0.0106796
933 0.792103 0.651202 0.0119697
934 0.792103 0.658663 0.0106886
935 0.792103 0.646977 0.0147917
936 0.792103 0.651908 0.0155025
937 0.792103 0.643104 0.0176716
938 0.792103 0.649757 0.0113872
939 0.792103 0.646257 0.0158777
940 0.792103 0.652863 0.0145727
941 0.792103 0.67181 0.00594503
942 0.792103 0.662673 0.00814765
943 0.792103 0.656214 0.00955448
944 0.792103 0.654699 0.0116353
945 0.792103 0.664125 0.00904131
946 0.792103 0.657054 0.00962926
947 0.792103 0.658025 0.0073314
948 0.792103 0.652345 0.00882434
949 0.792103 0.652321 0.0111726
950 0.792103 0.659184 0.00861016
951 0.792103 0.644 0.00992715
952 0.792103 0.64434 0.0115941
953 0.792103 0.669285 0.00624877
954 0.792103 0.665671 0.0074678
955 0.792103 0.66196 0.0080961
956 0.792103 0.654976 0.010664
957 0.792103 0.647532 0.0115818
958 0.792103 0.639772 0.0130539
959 0.792103 0.649517 0.0116266
960 0.792103 0.652557 0.00992312
961 0.792103 0.649905 0.0141353
962 0.792103 0.652838 0.0120579
963 0.792103 0.662564 0.0100055
964 0.792103 0.648565 0.0103115
965 0.792103 0.641291 0.0156763
966 0.792103 0.654071 0.0136574
967 0.792103 0.650138 0.0121408
968 0.792103 0.646169 0.0140451
969 0.792103 0.628482 0.0158621
970 0.792103 0.643363 0.0104883
971 0.792103 0.652932 0.00945668
972 0.792103 0.662652 0.00676066
973 0.792103 0.65227 0.0100968
974 0.792103 0.660586 0.00939968
975 0.792103 0.660371 0.0102779
976 0.792103 0.64705 0.0102432
977 0.792103 0.638441 0.0110133
978 0.792103 0.631213 0.0131381
979 0.792103 0.646263 0.010149
980 0.792103 0.646273 0.0124031
981 0.792103 0.647069 0.0102437
982 0.792103 0.644725 0.0127743
983 0.792103 0.660987 0.00776752
984 0.792103 0.67796 0.00548986
985 0.792103 0.672724 0.00668547
986 0.792103 0.672988 0.00799906
987 0.792103 0.679278 0.006689
988 0.792103 0.685637 0.00422849
989 0.792103 0.686823 0.0044281
990 0.792103 0.679502 0.00744676
991 0.792103 0.661958 0.0103388
992 0.792103 0.658789 0.0119809
993 0.792103 0.654788 0.0123504
994 0.792103 0.653707 0.0108156
995 0.792103 0.636316 0.0148912
996 0.792103 0.656715 0.0116543
997 0.792103 0.640965 0.0121279
998 0.792103 0.622671 0.0152122
999 0.792103 0.626351 0.0151648
1000 0.792103 0.634779 0.0131319
