0 0.283856 0.250388 1.20318e-05
1 0.283856 0.250726 2.02099e-05
2 0.283856 0.249892 0.000117543
3 0.334216 0.251763 9.74674e-05
4 0.334216 0.251769 0.000103346
5 0.341696 0.252992 0.000191779
6 0.34912 0.253286 0.000282877
7 0.34912 0.253118 0.000270228
8 0.34912 0.2525 0.000200773
9 0.405193 0.254206 0.00066108
10 0.422475 0.257975 0.000988959
11 0.422475 0.254762 0.000620182
12 0.422475 0.254325 0.000593728
13 0.422475 0.253777 0.000565565
14 0.422475 0.25447 0.000803073
15 0.422475 0.25478 0.000855955
16 0.422475 0.256506 0.000825767
17 0.422475 0.256674 0.000923279
18 0.446871 0.261507 0.00177772
19 0.446871 0.256968 0.0013293
20 0.446871 0.25418 0.000754547
21 0.446871 0.258867 0.00117451
22 0.446871 0.260734 0.00149786
23 0.446871 0.260359 0.00128259
24 0.446871 0.260952 0.00129259
25 0.518204 0.26514 0.00238498
26 0.518204 0.263111 0.00226109
27 0.518204 0.260428 0.00159464
28 0.518204 0.261951 0.00214783
29 0.518204 0.263417 0.00235938
30 0.518204 0.265924 0.00289121
31 0.518204 0.259139 0.0019058
32 0.518204 0.261076 0.00208077
33 0.518204 0.256477 0.00171687
34 0.553221 0.26084 0.00304536
35 0.553221 0.258798 0.00249203
36 0.553221 0.261839 0.00285083
37 0.553221 0.265972 0.0030449
38 0.553221 0.267436 0.00319192
39 0.553221 0.264778 0.00280838
40 0.553221 0.265905 0.00278854
41 0.553221 0.263059 0.00238009
42 0.553221 0.264157 0.00291989
43 0.553221 0.262313 0.00231731
44 0.553221 0.263734 0.00241962
45 0.553221 0.269207 0.00297328
46 0.553221 0.265453 0.0032259
47 0.553221 0.26803 0.00306226
48 0.553221 0.265567 0.00233372
49 0.553221 0.270398 0.00324128
50 0.553221 0.267179 0.00321403
51 0.553221 0.2663 0.00298276
52 0.553221 0.267219 0.00312913
53 0.553221 0.266841 0.00318104
54 0.553221 0.266049 0.00240646
55 0.553221 0.266969 0.002804
56 0.553221 0.269562 0.00328939
57 0.553221 0.270932 0.00402464
58 0.553221 0.265974 0.00291874
59 0.553221 0.265285 0.0026559
60 0.553221 0.271611 0.00320721
61 0.553221 0.267845 0.00304174
62 0.553221 0.265224 0.00267852
63 0.553221 0.268665 0.00316635
64 0.553221 0.271521 0.00349907
65 0.619241 0.273001 0.00518069
66 0.632598 0.269929 0.00450966
67 0.632598 0.282542 0.00696873
68 0.632598 0.285032 0.00649323
69 0.632598 0.280478 0.00587055
70 0.632598 0.276807 0.00459081
71 0.632598 0.281716 0.00588753
72 0.632598 0.28068 0.00569142
73 0.632598 0.280707 0.00491992
74 0.632598 0.281976 0.00552317
75 0.632598 0.285139 0.0061719
76 0.632598 0.285697 0.00666903
77 0.632598 0.277186 0.00435969
78 0.632598 0.285006 0.00587726
79 0.632598 0.274326 0.00458095
80 0.632598 0.280469 0.00586432
81 0.632598 0.292777 0.00698327
82 0.632598 0.276624 0.00417568
83 0.632598 0.278709 0.00462165
84 0.675146 0.281091 0.00607354
85 0.675146 0.275688 0.00451323
86 0.675146 0.281411 0.0052935
87 0.675146 0.284553 0.00573645
88 0.675146 0.280244 0.00585641
89 0.675146 0.288729 0.00799829
90 0.675146 0.286097 0.00617887
91 0.67531 0.282518 0.00755876
92 0.67531 0.286987 0.00734324
93 0.67531 0.293579 0.00793997
94 0.67531 0.289227 0.00789723
95 0.67531 0.28947 0.00699595
96 0.67531 0.291733 0.0072325
97 0.67531 0.285918 0.00735608
98 0.67531 0.289091 0.00686599
99 0.67531 0.283557 0.00556326
100 0.67531 0.284935 0.00613762
101 0.67531 0.283448 0.00656961
102 0.67531 0.284863 0.00583818
103 0.67531 0.2818 0.00696306
104 0.67531 0.281235 0.00721317
105 0.67531 0.280314 0.00708336
106 0.67531 0.27716 0.00525179
107 0.67531 0.280634 0.00576786
108 0.67531 0.292066 0.00817841
109 0.67531 0.288023 0.00612572
110 0.67531 0.292259 0.00832156
111 0.67531 0.279593 0.0059012
112 0.67531 0.284614 0.00674322
113 0.67531 0.288001 0.00714906
114 0.67531 0.289673 0.00711424
115 0.748156 0.292898 0.0091305
116 0.748156 0.293833 0.00853292
117 0.748156 0.297334 0.00951723
118 0.748156 0.298634 0.00953021
119 0.748156 0.302247 0.00972019
120 0.748156 0.299394 0.00795838
121 0.748156 0.295259 0.0085227
122 0.748156 0.299647 0.00864384
123 0.748156 0.294437 0.00842445
124 0.748156 0.291144 0.00746809
125 0.748156 0.297276 0.00890707
126 0.748156 0.287743 0.00786913
127 0.748156 0.287197 0.00755531
128 0.748156 0.285754 0.00651304
129 0.748156 0.292646 0.00758808
130 0.748156 0.291096 0.00748986
131 0.748156 0.283101 0.00641492
132 0.748156 0.284215 0.00614125
133 0.748156 0.28819 0.00713836
134 0.748156 0.290082 0.00764198
135 0.748156 0.291629 0.0077918
136 0.748156 0.300592 0.00836323
137 0.748156 0.312808 0.0110057
138 0.748156 0.299623 0.0086535
139 0.748156 0.304579 0.00889702
140 0.748156 0.311065 0.0092836
141 0.748156 0.307718 0.00882906
142 0.748156 0.295217 0.0074856
143 0.748156 0.296674 0.00707698
144 0.748156 0.307921 0.00947442
145 0.748156 0.308601 0.0102736
146 0.748156 0.300581 0.00926829
147 0.748156 0.30203 0.00902916
148 0.748156 0.308526 0.00902584
149 0.748156 0.312548 0.0112099
150 0.748156 0.304243 0.0088259
151 0.748156 0.307372 0.0094727
152 0.748156 0.308789 0.0108342
153 0.748156 0.316916 0.0128383
154 0.748156 0.311557 0.00907505
155 0.748156 0.321653 0.0102631
156 0.748156 0.31401 0.0110437
157 0.748156 0.318119 0.0110891
158 0.748156 0.313983 0.0104879
159 0.748156 0.320248 0.010956
160 0.748156 0.309547 0.00999134
161 0.748156 0.313902 0.0104064
162 0.748156 0.312082 0.00994605
163 0.748156 0.322417 0.0115726
164 0.748156 0.314213 0.00979861
165 0.748156 0.311015 0.00934319
166 0.748156 0.317254 0.0120534
167 0.748156 0.297676 0.00819149
168 0.748156 0.29898 0.00887388
169 0.748156 0.31229 0.0117112
170 0.748156 0.307877 0.010451
171 0.748156 0.31531 0.0101363
172 0.748156 0.324578 0.0109893
173 0.748156 0.321635 0.0100732
174 0.748156 0.326683 0.0103272
175 0.748156 0.331624 0.0118972
176 0.748156 0.316269 0.0102376
177 0.748156 0.314333 0.00949776
178 0.748156 0.313824 0.0108313
179 0.748156 0.305534 0.00757334
180 0.748156 0.308624 0.00954364
181 0.748156 0.316695 0.0110147
182 0.748156 0.324921 0.0118779
183 0.748156 0.311814 0.00936527
184 0.748156 0.325608 0.0103386
185 0.748156 0.318631 0.00951639
186 0.748156 0.330363 0.0132226
187 0.748156 0.329878 0.0113978
188 0.748156 0.32753 0.0129358
189 0.748156 0.327462 0.0116541
190 0.748156 0.328308 0.0140743
191 0.748156 0.32537 0.0130878
192 0.748156 0.318134 0.0111394
193 0.748156 0.325955 0.0121007
194 0.748156 0.31669 0.0121306
195 0.748156 0.322562 0.0129148
196 0.748156 0.311137 0.0106429
197 0.748156 0.321388 0.0104626
198 0.748156 0.327917 0.012535
199 0.748156 0.325426 0.0119776
200 0.748156 0.321457 0.0119371
201 0.748156 0.319026 0.0116316
202 0.78247 0.319245 0.0125334
203 0.78247 0.315798 0.0103078
204 0.78247 0.324334 0.0129879
205 0.78247 0.320153 0.0125097
206 0.78247 0.338869 0.0160515
207 0.78247 0.327741 0.0143871
208 0.78247 0.342032 0.0159802
209 0.78247 0.33622 0.0137344
210 0.78247 0.33139 0.0124111
211 0.78247 0.336065 0.0121892
212 0.78247 0.337048 0.0124254
213 0.78247 0.3334 0.0113536
214 0.78247 0.321957 0.0128203
215 0.78247 0.327484 0.0158955
216 0.78247 0.326245 0.0135893
217 0.78247 0.318156 0.0107465
218 0.78247 0.328227 0.0136089
219 0.794917 0.32947 0.0156043
220 0.794917 0.328681 0.0162059
221 0.794917 0.321427 0.0164676
222 0.794917 0.312387 0.0139878
223 0.794917 0.312345 0.0104706
224 0.794917 0.305149 0.00932073
225 0.794917 0.298228 0.00909972
226 0.794917 0.298943 0.00920239
227 0.794917 0.319062 0.0134712
228 0.794917 0.329028 0.0144563
229 0.794917 0.321008 0.0135356
230 0.794917 0.320025 0.0124409
231 0.794917 0.312688 0.0119528
232 0.794917 0.331554 0.015972
233 0.794917 0.33269 0.0196652
234 0.794917 0.312628 0.0128202
235 0.794917 0.316552 0.0126356
236 0.794917 0.313188 0.0115236
237 0.794917 0.318206 0.0132051
238 0.794917 0.318465 0.0150849
239 0.794917 0.305492 0.0111403
240 0.794917 0.308398 0.0122947
241 0.794917 0.28816 0.00921121
242 0.794917 0.294759 0.00833899
243 0.794917 0.301754 0.011931
244 0.794917 0.312478 0.0130719
245 0.794917 0.305117 0.0128889
246 0.794917 0.307093 0.0117564
247 0.794917 0.313132 0.0150868
248 0.794917 0.311603 0.0128091
249 0.794917 0.321863 0.0140024
250 0.794917 0.316465 0.0117527
251 0.794917 0.315366 0.0125071
252 0.794917 0.320501 0.0132984
253 0.794917 0.328106 0.0151732
254 0.794917 0.338866 0.0167907
255 0.794917 0.329511 0.016456
256 0.794917 0.318144 0.0129729
257 0.794917 0.305336 0.0111269
258 0.794917 0.31742 0.0150163
259 0.794917 0.306643 0.0116854
260 0.794917 0.309081 0.012716
261 0.794917 0.310651 0.0125482
262 0.794917 0.316136 0.0151393
263 0.794917 0.323738 0.0159689
264 0.794917 0.336455 0.0176209
265 0.794917 0.329645 0.0145822
266 0.794917 0.334119 0.0148072
267 0.794917 0.329028 0.0158338
268 0.794917 0.315996 0.0134258
269 0.794917 0.310104 0.0153209
270 0.794917 0.302313 0.0117832
271 0.794917 0.310616 0.0137188
272 0.794917 0.319659 0.0158957
273 0.794917 0.320441 0.0169488
274 0.794917 0.316234 0.0134014
275 0.794917 0.319107 0.0154901
276 0.794917 0.310242 0.0133462
277 0.794917 0.312773 0.0135305
278 0.794917 0.307094 0.0126744
279 0.794917 0.332425 0.0164841
280 0.794917 0.305316 0.0113328
281 0.794917 0.317284 0.0144361
282 0.794917 0.310917 0.0138643
283 0.794917 0.308331 0.0136738
284 0.794917 0.323831 0.0155104
285 0.794917 0.329487 0.0172856
286 0.794917 0.32848 0.0150905
287 0.808875 0.327216 0.0165384
288 0.808875 0.327375 0.0142314
289 0.808875 0.334056 0.0159052
290 0.808875 0.332887 0.014605
291 0.808875 0.322222 0.0162808
292 0.808875 0.327612 0.0156776
293 0.808875 0.316976 0.0153971
294 0.808875 0.308465 0.0134268
295 0.808875 0.326957 0.0156344
296 0.808875 0.319798 0.0157183
297 0.808875 0.314803 0.0155496
298 0.808875 0.297687 0.0121026
299 0.808875 0.299702 0.0135371
300 0.808875 0.305447 0.0112299
301 0.808875 0.320605 0.0157337
302 0.808875 0.316409 0.0149611
303 0.808875 0.297893 0.0104238
304 0.808875 0.303489 0.0115625
305 0.808875 0.296741 0.0107253
306 0.808875 0.297144 0.0101365
307 0.808875 0.300548 0.0113961
308 0.808875 0.296416 0.0103216
309 0.808875 0.298662 0.0103269
310 0.808875 0.304641 0.0126192
311 0.808875 0.30359 0.0117772
312 0.808875 0.30514 0.0124201
313 0.808875 0.31436 0.0160378
314 0.808875 0.316592 0.0160649
315 0.808875 0.304241 0.0148462
316 0.812767 0.304512 0.0156348
317 0.812767 0.291375 0.00959481
318 0.812767 0.307452 0.0137828
319 0.812767 0.304434 0.0139544
320 0.812767 0.311964 0.0145047
321 0.812767 0.31192 0.0128244
322 0.812767 0.304325 0.0131651
323 0.812767 0.298838 0.0111932
324 0.812767 0.302625 0.0114257
325 0.812767 0.308704 0.0141333
326 0.812767 0.31676 0.013899
327 0.812767 0.31932 0.0152295
328 0.812767 0.315327 0.0150045
329 0.812767 0.313619 0.0147311
330 0.812767 0.312658 0.0131699
331 0.812767 0.311693 0.0150156
332 0.812767 0.302659 0.0125766
333 0.812767 0.304515 0.0140494
334 0.812767 0.312492 0.0132574
335 0.812767 0.314585 0.0136796
336 0.812767 0.32313 0.014946
337 0.812767 0.335629 0.0175983
338 0.812767 0.320551 0.0151148
339 0.812767 0.329182 0.0161751
340 0.812767 0.332923 0.0175108
341 0.812767 0.329059 0.0157321
342 0.812767 0.314471 0.0143062
343 0.812767 0.313299 0.0145874
344 0.812767 0.321596 0.0162306
345 0.812767 0.317673 0.0139818
346 0.825745 0.324636 0.0195307
347 0.825745 0.314145 0.0145483
348 0.825745 0.31843 0.0171222
349 0.825745 0.304992 0.0123941
350 0.825745 0.314688 0.0146549
351 0.825745 0.332418 0.0152754
352 0.825745 0.331953 0.0156701
353 0.825745 0.324501 0.0151376
354 0.825745 0.314257 0.0132636
355 0.825745 0.310312 0.0151186
356 0.825745 0.307548 0.0126749
357 0.825745 0.315161 0.0147954
358 0.825745 0.31068 0.014866
359 0.825745 0.312206 0.0139629
360 0.825745 0.318976 0.0142687
361 0.825745 0.324477 0.0148432
362 0.825745 0.330517 0.0147412
363 0.825745 0.324543 0.0163109
364 0.825745 0.346191 0.0198447
365 0.825745 0.34118 0.017135
366 0.825745 0.346146 0.0181617
367 0.825745 0.332072 0.0146073
368 0.825745 0.315071 0.0132691
369 0.825745 0.318213 0.0143169
370 0.825745 0.325104 0.0156188
371 0.825745 0.316839 0.0130205
372 0.825745 0.322496 0.012863
373 0.825745 0.325607 0.0137387
374 0.825745 0.331575 0.0140869
375 0.825745 0.329858 0.0128355
376 0.825745 0.318998 0.0120676
377 0.825745 0.324345 0.016271
378 0.825745 0.316 0.0126108
379 0.825745 0.319363 0.0163025
380 0.825745 0.318803 0.0162034
381 0.825745 0.310103 0.012494
382 0.825745 0.3184 0.0143492
383 0.825745 0.320137 0.0138115
384 0.825745 0.315534 0.0135909
385 0.825745 0.303528 0.0104929
386 0.825745 0.311071 0.0128665
387 0.825745 0.310917 0.013742
388 0.825745 0.316499 0.0135142
389 0.825745 0.32421 0.0170771
390 0.825745 0.333005 0.0184795
391 0.825745 0.34718 0.0197584
392 0.825745 0.34136 0.017177
393 0.825745 0.318098 0.0136331
394 0.825745 0.32509 0.0165958
395 0.825745 0.328055 0.0152798
396 0.825745 0.319 0.0152016
397 0.825745 0.32278 0.0139848
398 0.825745 0.312342 0.0121584
399 0.825745 0.318928 0.0140008
400 0.825745 0.311335 0.0128946
401 0.825745 0.304721 0.0133397
402 0.825745 0.305967 0.0129769
403 0.825745 0.319983 0.015793
404 0.825745 0.322369 0.01612
405 0.825745 0.312924 0.0133721
406 0.825745 0.326426 0.017022
407 0.825745 0.322005 0.0149574
408 0.825745 0.325261 0.014677
409 0.825745 0.328864 0.0175642
410 0.825745 0.332706 0.0164961
411 0.825745 0.326018 0.0158475
412 0.825745 0.334188 0.0189472
413 0.825745 0.32956 0.0177029
414 0.825745 0.321788 0.0148984
415 0.825745 0.322078 0.0150293
416 0.825745 0.313671 0.0111377
417 0.825745 0.322299 0.0130634
418 0.825745 0.320363 0.0120359
419 0.825745 0.320486 0.014349
420 0.825745 0.334063 0.0164558
421 0.825745 0.328333 0.0128436
422 0.825745 0.331854 0.0176246
423 0.825745 0.331022 0.01473
424 0.825745 0.337313 0.0162448
425 0.825745 0.323609 0.0138345
426 0.825745 0.31405 0.0110068
427 0.825745 0.33136 0.0151321
428 0.825745 0.338112 0.0178614
429 0.825745 0.328659 0.0139498
430 0.825745 0.315506 0.0108567
431 0.825745 0.326885 0.0151265
432 0.825745 0.316748 0.0142011
433 0.825745 0.32717 0.0158715
434 0.825745 0.325243 0.0126987
435 0.825745 0.347073 0.0146709
436 0.825745 0.324856 0.0152064
437 0.825745 0.320697 0.0143761
438 0.825745 0.315506 0.0164345
439 0.825745 0.313455 0.0140902
440 0.825745 0.310454 0.0106405
441 0.825745 0.308979 0.0109195
442 0.825745 0.311677 0.0134649
443 0.825745 0.312035 0.0148131
444 0.825745 0.302618 0.0134874
445 0.825745 0.297419 0.0100259
446 0.825745 0.305961 0.0110267
447 0.825745 0.307297 0.0130405
448 0.825745 0.301069 0.0110183
449 0.825745 0.3111 0.0125228
450 0.825745 0.306905 0.0118607
451 0.825745 0.290208 0.0103737
452 0.825745 0.300359 0.011533
453 0.825745 0.29434 0.01156
454 0.825745 0.307959 0.0149683
455 0.825745 0.317728 0.0150768
456 0.825745 0.31267 0.0124109
457 0.825745 0.299916 0.0111244
458 0.825745 0.301789 0.0119527
459 0.825745 0.299261 0.0121951
460 0.825745 0.313083 0.013318
461 0.825745 0.319185 0.0141825
462 0.825745 0.311409 0.0131744
463 0.825745 0.317171 0.0146648
464 0.825745 0.305953 0.0138851
465 0.825745 0.31484 0.0147871
466 0.825745 0.302643 0.0129221
467 0.825745 0.305847 0.0136197
468 0.825745 0.307464 0.0134657
469 0.825745 0.301623 0.0116804
470 0.825745 0.303395 0.0126962
471 0.825745 0.31556 0.0143476
472 0.825745 0.313699 0.0156528
473 0.825745 0.3083 0.0151668
474 0.825745 0.322693 0.0157969
475 0.825745 0.314776 0.0160949
476 0.825745 0.302627 0.0139403
477 0.825745 0.305818 0.0149207
478 0.825745 0.293511 0.0120538
479 0.825745 0.302551 0.0131369
480 0.825745 0.292043 0.0108254
481 0.825745 0.288699 0.0109181
482 0.825745 0.291513 0.0113926
483 0.825745 0.310553 0.0177106
484 0.825745 0.29607 0.0122024
485 0.825745 0.289224 0.010305
486 0.825745 0.30767 0.0139799
487 0.825745 0.29663 0.0112979
488 0.825745 0.293621 0.0107516
489 0.825745 0.29606 0.0113413
490 0.825745 0.296239 0.0115407
491 0.825745 0.29433 0.0113562
492 0.825745 0.311718 0.0149086
493 0.825745 0.315959 0.0148368
494 0.825745 0.303794 0.0114333
495 0.825745 0.311305 0.0122094
496 0.825745 0.306802 0.0126742
497 0.825745 0.303002 0.0131043
498 0.825745 0.312559 0.0133925
499 0.825745 0.314702 0.0147515
500 0.825745 0.308509 0.0147112
501 0.825745 0.305909 0.0143102
502 0.825745 0.310757 0.0148889
503 0.825745 0.312342 0.0144797
504 0.825745 0.31496 0.0140036
505 0.825745 0.307519 0.0112603
506 0.825745 0.30486 0.0116213
507 0.825745 0.305785 0.0124625
508 0.827464 0.322149 0.0159637
509 0.827464 0.309555 0.0140127
510 0.827464 0.307563 0.0130674
511 0.827464 0.311004 0.0138751
512 0.827464 0.315241 0.0141957
513 0.827464 0.311413 0.0128141
514 0.827464 0.307643 0.0119014
515 0.827464 0.308619 0.0137727
516 0.827464 0.301348 0.0124304
517 0.827464 0.307635 0.0139123
518 0.827464 0.315038 0.0153231
519 0.827464 0.312507 0.0135879
520 0.827464 0.311474 0.0131528
521 0.827464 0.317917 0.0143412
522 0.827464 0.305661 0.0125109
523 0.827464 0.306479 0.0133785
524 0.827464 0.300048 0.0122345
525 0.827464 0.305818 0.0141542
526 0.827464 0.309778 0.0156994
527 0.827464 0.313829 0.0163377
528 0.827464 0.305376 0.0134421
529 0.827464 0.324947 0.0171335
530 0.827464 0.312408 0.0129217
531 0.827464 0.311091 0.0152641
532 0.827464 0.311897 0.0142635
533 0.827464 0.30626 0.0142477
534 0.827464 0.29798 0.0119318
535 0.827464 0.296326 0.0115027
536 0.827464 0.300586 0.012085
537 0.827464 0.30616 0.0131573
538 0.827464 0.305518 0.0120341
539 0.827464 0.307628 0.0133803
540 0.827464 0.305894 0.0129084
541 0.827464 0.334072 0.0184835
542 0.827464 0.320357 0.0153436
543 0.827464 0.314813 0.0132384
544 0.827464 0.316946 0.0135703
545 0.827464 0.330217 0.017011
546 0.827464 0.316191 0.0143812
547 0.827464 0.306954 0.0126391
548 0.827464 0.319555 0.014248
549 0.827464 0.3198 0.0152999
550 0.827464 0.308321 0.014078
551 0.827464 0.321257 0.0186119
552 0.827464 0.307743 0.0140109
553 0.827464 0.31687 0.0151541
554 0.827464 0.313384 0.0156422
555 0.827464 0.320239 0.0163271
556 0.827464 0.31761 0.0181265
557 0.827464 0.31867 0.0155259
558 0.827464 0.316504 0.0154169
559 0.827464 0.317214 0.017171
560 0.827464 0.324686 0.0172583
561 0.827464 0.315413 0.0148244
562 0.827464 0.31211 0.0172536
563 0.827464 0.310834 0.0150149
564 0.827464 0.298069 0.0127938
565 0.827464 0.304104 0.0129431
566 0.827464 0.298808 0.0121103
567 0.827464 0.308817 0.0171591
568 0.827464 0.302218 0.0152668
569 0.827464 0.305686 0.0133159
570 0.827464 0.302047 0.0140574
571 0.827464 0.303879 0.0133898
572 0.827464 0.285091 0.00881941
573 0.827464 0.284783 0.0115714
574 0.827464 0.293448 0.0111615
575 0.827464 0.301496 0.0133647
576 0.827464 0.291213 0.0105311
577 0.827464 0.306723 0.0137563
578 0.827464 0.300538 0.0115965
579 0.827464 0.308508 0.0137758
580 0.827464 0.298093 0.0114097
581 0.827464 0.312463 0.0134222
582 0.827464 0.317519 0.0159844
583 0.827464 0.307566 0.012968
584 0.827464 0.316614 0.0153287
585 0.827464 0.308764 0.0146814
586 0.827464 0.309799 0.0149472
587 0.827464 0.307407 0.0140484
588 0.827464 0.303466 0.0138028
589 0.827464 0.305631 0.0150288
590 0.827464 0.301626 0.013263
591 0.827464 0.300277 0.0114877
592 0.827464 0.301063 0.0120979
593 0.827464 0.311124 0.0132216
594 0.827464 0.317136 0.0136079
595 0.827464 0.317861 0.014879
596 0.827464 0.314818 0.0132206
597 0.827464 0.314557 0.016116
598 0.827464 0.317916 0.0152298
599 0.827464 0.327747 0.0190211
600 0.827464 0.316844 0.0172694
601 0.827464 0.314201 0.0202398
602 0.827464 0.299745 0.0151023
603 0.827464 0.296784 0.0137292
604 0.827464 0.304464 0.0139476
605 0.827464 0.29547 0.0123499
606 0.827464 0.298031 0.0130057
607 0.827464 0.303586 0.0136677
608 0.827464 0.316297 0.016272
609 0.827464 0.306396 0.014191
610 0.827464 0.299374 0.0122147
611 0.827464 0.306991 0.0131511
612 0.827464 0.306915 0.0128081
613 0.827464 0.311047 0.0143872
614 0.827464 0.313798 0.0158231
615 0.827464 0.307058 0.014299
616 0.827464 0.307982 0.0152885
617 0.827464 0.313503 0.0136795
618 0.827464 0.316741 0.013531
619 0.827464 0.320338 0.0159017
620 0.827464 0.335243 0.0175726
621 0.827464 0.334857 0.0191324
622 0.827464 0.320609 0.0143277
623 0.827464 0.315573 0.0137426
624 0.827464 0.314689 0.0129385
625 0.827464 0.318706 0.0142106
626 0.827464 0.330742 0.0179486
627 0.827464 0.328018 0.0158024
628 0.827464 0.315867 0.0142035
629 0.827464 0.32883 0.0168454
630 0.827464 0.333622 0.0164846
631 0.827464 0.320094 0.0149494
632 0.827464 0.318795 0.0149097
633 0.827464 0.317912 0.0129348
634 0.827464 0.330407 0.017495
635 0.827464 0.328795 0.0157301
636 0.827464 0.317923 0.0149386
637 0.827464 0.317178 0.0144233
638 0.827464 0.330873 0.0179011
639 0.827464 0.335984 0.0202437
640 0.827464 0.325514 0.0169558
641 0.827464 0.332526 0.0181278
642 0.827464 0.330012 0.0189174
643 0.827464 0.317252 0.0127953
644 0.827464 0.30767 0.0132211
645 0.827464 0.302299 0.0130354
646 0.827464 0.308351 0.0125814
647 0.827464 0.301164 0.010616
648 0.827464 0.298585 0.0122439
649 0.827464 0.305027 0.0117345
650 0.827464 0.30258 0.0140992
651 0.827464 0.298808 0.0111695
652 0.827464 0.318943 0.0167729
653 0.827464 0.325267 0.0188772
654 0.827464 0.324278 0.0170649
655 0.827464 0.316098 0.0144661
656 0.827464 0.314078 0.0143422
657 0.827464 0.31164 0.01465
658 0.827464 0.319967 0.0147973
659 0.827464 0.317729 0.0163245
660 0.827464 0.318147 0.017899
661 0.827464 0.317384 0.0161109
662 0.827464 0.310418 0.0136101
663 0.827464 0.313347 0.014098
664 0.827464 0.320624 0.0169566
665 0.827464 0.306329 0.0135255
666 0.827464 0.307917 0.0156864
667 0.827464 0.297455 0.0136278
668 0.827464 0.300799 0.0132341
669 0.827464 0.306795 0.0141694
670 0.827464 0.304421 0.0127846
671 0.827464 0.307689 0.0149407
672 0.827464 0.294217 0.0108495
673 0.827464 0.30077 0.0119789
674 0.827464 0.313871 0.0157287
675 0.827464 0.293188 0.0116519
676 0.827464 0.292194 0.0115682
677 0.827464 0.288675 0.0102517
678 0.827464 0.296591 0.0128227
679 0.827464 0.304506 0.014224
680 0.827464 0.301929 0.0113347
681 0.827464 0.30489 0.0123142
682 0.827464 0.299144 0.013306
683 0.827464 0.286991 0.0094866
684 0.827464 0.297142 0.013528
685 0.827464 0.303383 0.0132139
686 0.827464 0.298574 0.0120652
687 0.827464 0.295624 0.0109268
688 0.827464 0.297744 0.0127859
689 0.827464 0.298478 0.0130214
690 0.827464 0.29607 0.010594
691 0.827464 0.301354 0.0124507
692 0.827464 0.318339 0.0170292
693 0.827464 0.31184 0.0157469
694 0.827464 0.296388 0.0128497
695 0.827464 0.310256 0.0129757
696 0.827464 0.316825 0.0147351
697 0.827464 0.307407 0.0117428
698 0.827464 0.307763 0.012556
699 0.827464 0.307571 0.0128225
700 0.827464 0.304587 0.0125162
701 0.827464 0.302862 0.0123618
702 0.827464 0.309351 0.0140375
703 0.827464 0.302621 0.0123557
704 0.827464 0.304728 0.0144576
705 0.827464 0.300525 0.0138425
706 0.827464 0.301161 0.0135616
707 0.827464 0.299339 0.0122115
708 0.827464 0.31482 0.0145456
709 0.827464 0.305847 0.0128345
710 0.827464 0.294406 0.0101718
711 0.827464 0.319523 0.0161412
712 0.827464 0.312418 0.0134358
713 0.827464 0.304951 0.0108895
714 0.827464 0.307465 0.0126404
715 0.827464 0.312445 0.0133742
716 0.827464 0.317703 0.0157856
717 0.827464 0.307787 0.0131315
718 0.827464 0.32004 0.0161007
719 0.827464 0.311245 0.0133983
720 0.827464 0.320496 0.0161366
721 0.827464 0.339161 0.0187294
722 0.827464 0.320813 0.016361
723 0.827464 0.315547 0.0126168
724 0.827464 0.31969 0.0129727
725 0.827464 0.326347 0.0176607
726 0.827464 0.326342 0.015936
727 0.827464 0.330518 0.0154764
728 0.827464 0.318577 0.0143492
729 0.827464 0.316532 0.0131474
730 0.827464 0.301341 0.00986598
731 0.827464 0.319189 0.0145133
732 0.827464 0.315461 0.0131084
733 0.827464 0.311619 0.0121993
734 0.827464 0.321451 0.0137417
735 0.827464 0.320979 0.0151065
736 0.827464 0.315674 0.0130953
737 0.827464 0.319479 0.0134081
738 0.827464 0.317209 0.0126709
739 0.827464 0.316557 0.0122951
740 0.827464 0.319339 0.0128615
741 0.827464 0.30773 0.0104739
742 0.827464 0.338341 0.0159384
743 0.827464 0.323004 0.0128053
744 0.827464 0.32435 0.0155788
745 0.827464 0.328374 0.0147004
746 0.827464 0.323892 0.0146762
747 0.827464 0.314871 0.0112043
748 0.827464 0.30995 0.0106873
749 0.827464 0.32263 0.0188404
750 0.827464 0.317388 0.0160546
751 0.827464 0.318637 0.0150498
752 0.827464 0.32671 0.0144515
753 0.827464 0.33458 0.0170431
754 0.827464 0.310291 0.011938
755 0.827464 0.324551 0.0146539
756 0.827464 0.325737 0.0152914
757 0.827464 0.328059 0.0139655
758 0.827464 0.338332 0.0179093
759 0.827464 0.338249 0.0158765
760 0.827464 0.327608 0.0155169
761 0.827464 0.323732 0.0144375
762 0.827464 0.320184 0.0127451
763 0.827464 0.328278 0.0148161
764 0.827464 0.320477 0.0136453
765 0.827464 0.311451 0.013478
766 0.827464 0.313259 0.0127896
767 0.827464 0.306208 0.0122023
768 0.827464 0.311778 0.0126981
769 0.827464 0.317806 0.0142829
770 0.827464 0.314133 0.0125482
771 0.827464 0.307608 0.0104061
772 0.827464 0.320275 0.0165347
773 0.827464 0.304358 0.0130702
774 0.827464 0.307268 0.0115208
775 0.827464 0.309414 0.0145391
776 0.827464 0.303747 0.0113143
777 0.827464 0.313095 0.0141033
778 0.827464 0.307974 0.0121316
779 0.827464 0.313837 0.0156263
780 0.827464 0.309417 0.0143759
781 0.827464 0.309168 0.0141675
782 0.827464 0.305758 0.0134583
783 0.827464 0.302806 0.0113517
784 0.827464 0.309947 0.0164009
785 0.827464 0.301149 0.0110713
786 0.827464 0.309659 0.0117265
787 0.827464 0.304011 0.0104927
788 0.827464 0.310647 0.0132649
789 0.827464 0.311045 0.0118845
790 0.827464 0.307044 0.0139806
791 0.827464 0.322429 0.0168107
792 0.827464 0.301594 0.0104061
793 0.827464 0.30854 0.0133694
794 0.827464 0.296485 0.0102826
795 0.827464 0.300687 0.0111535
796 0.827464 0.313821 0.0131959
797 0.827464 0.330015 0.0157397
798 0.827464 0.318239 0.0155494
799 0.827464 0.325003 0.0147466
800 0.827464 0.324331 0.014634
801 0.827464 0.315513 0.0116311
802 0.827464 0.33524 0.0154217
803 0.827464 0.3388 0.0153191
804 0.827464 0.320291 0.014019
805 0.827464 0.321871 0.0151393
806 0.827464 0.331734 0.0157091
807 0.827464 0.32771 0.0150128
808 0.827464 0.332428 0.0173067
809 0.827464 0.322701 0.0143482
810 0.827464 0.32367 0.0151508
811 0.827464 0.326812 0.013177
812 0.827464 0.320972 0.0127319
813 0.827464 0.321605 0.0133306
814 0.827464 0.331518 0.0135149
815 0.827464 0.322696 0.0139503
816 0.827464 0.318391 0.014112
817 0.827464 0.322732 0.01316
818 0.827464 0.338998 0.0159012
819 0.827464 0.317282 0.0127856
820 0.827464 0.324788 0.0150373
821 0.827464 0.311296 0.0120811
822 0.827464 0.320736 0.0150932
823 0.827464 0.307073 0.0113043
824 0.827464 0.307251 0.0120554
825 0.827464 0.313888 0.0122886
826 0.827464 0.311066 0.0124618
827 0.827464 0.313324 0.0152738
828 0.827464 0.306023 0.0115453
829 0.827464 0.311634 0.013559
830 0.827464 0.309503 0.0117338
831 0.827464 0.319483 0.0162191
832 0.827464 0.314561 0.0161458
833 0.827464 0.318495 0.0145236
834 0.827464 0.318741 0.015496
835 0.827464 0.301922 0.0117405
836 0.827464 0.310187 0.0147319
837 0.827464 0.299723 0.0104886
838 0.827464 0.306154 0.0121296
839 0.827464 0.311225 0.012824
840 0.827464 0.327021 0.0156555
841 0.827464 0.308923 0.011464
842 0.827464 0.328824 0.0154319
843 0.827464 0.320551 0.0142951
844 0.827464 0.309172 0.0131434
845 0.827464 0.298173 0.0111456
846 0.827464 0.298935 0.0103655
847 0.827464 0.304011 0.0120561
848 0.827464 0.301542 0.0110841
849 0.827464 0.292692 0.0097807
850 0.827464 0.286277 0.00889233
851 0.827464 0.291788 0.0108755
852 0.827464 0.305841 0.0122311
853 0.827464 0.314282 0.0159782
854 0.827464 0.296746 0.00985591
855 0.827464 0.306617 0.0137287
856 0.827464 0.318394 0.0149361
857 0.827464 0.319566 0.0153182
858 0.827464 0.31841 0.0149402
859 0.827464 0.321534 0.0148017
860 0.827464 0.328134 0.0143018
861 0.827464 0.32417 0.0136332
862 0.827464 0.324489 0.016253
863 0.827464 0.324809 0.0187297
864 0.827464 0.324361 0.0172189
865 0.827464 0.308787 0.0120904
866 0.827464 0.312117 0.0127244
867 0.827464 0.301048 0.0108246
868 0.827464 0.30377 0.0115545
869 0.829064 0.303051 0.0152477
870 0.829064 0.301 0.0126691
871 0.829064 0.300488 0.0107142
872 0.829064 0.291899 0.00975713
873 0.829064 0.312484 0.0145273
874 0.829064 0.31258 0.0131904
875 0.829064 0.31092 0.0132426
876 0.829064 0.300739 0.0125209
877 0.829064 0.307825 0.013337
878 0.829064 0.29592 0.012521
879 0.829064 0.291148 0.00939464
880 0.835307 0.30351 0.0155056
881 0.835307 0.299096 0.0122622
882 0.835307 0.298621 0.0120928
883 0.835307 0.304094 0.0151467
884 0.835307 0.299831 0.0128657
885 0.835307 0.316075 0.0157228
886 0.835307 0.311693 0.0131788
887 0.835307 0.311236 0.01282
888 0.835307 0.310432 0.0128756
889 0.835307 0.316052 0.0151731
890 0.835307 0.314238 0.0147642
891 0.835307 0.311623 0.0142211
892 0.835307 0.326749 0.0145846
893 0.835307 0.334806 0.0174327
894 0.835307 0.340443 0.0187617
895 0.835307 0.347358 0.0180671
896 0.835307 0.362373 0.0196336
897 0.835307 0.334463 0.0144589
898 0.835307 0.331323 0.0160854
899 0.835307 0.332301 0.017436
900 0.835307 0.329016 0.0172925
901 0.835307 0.339736 0.0201379
902 0.835307 0.333781 0.0165089
903 0.835307 0.324841 0.01476
904 0.835307 0.334233 0.0191053
905 0.835307 0.340195 0.019018
906 0.835307 0.322811 0.0161188
907 0.835307 0.310526 0.0153007
908 0.835307 0.301938 0.0120486
909 0.835307 0.297046 0.0111745
910 0.835307 0.306957 0.014557
911 0.835307 0.315341 0.0150143
912 0.835307 0.32806 0.0172634
913 0.835307 0.326146 0.0193383
914 0.835307 0.330382 0.0163959
915 0.835307 0.322185 0.0154203
916 0.835307 0.31331 0.0124174
917 0.835307 0.313829 0.0135525
918 0.835586 0.324008 0.0176773
919 0.835586 0.313304 0.0150731
920 0.835586 0.301063 0.01339
921 0.835586 0.307531 0.0117516
922 0.835586 0.317097 0.0154253
923 0.835586 0.304382 0.0144809
924 0.835586 0.292337 0.0120732
925 0.835586 0.319504 0.016869
926 0.835586 0.317315 0.0151758
927 0.835586 0.324888 0.0175487
928 0.835586 0.314162 0.0140045
929 0.835586 0.307327 0.0129624
930 0.835586 0.318423 0.0166105
931 0.835586 0.321038 0.0149466
932 0.835586 0.309406 0.0156329
933 0.835586 0.305754 0.0148693
934 0.835586 0.308701 0.0136487
935 0.835586 0.298324 0.0117247
936 0.835586 0.317302 0.014961
937 0.835586 0.31897 0.0166883
938 0.835586 0.322351 0.0173175
939 0.835586 0.320096 0.0166463
940 0.835586 0.319148 0.0148779
941 0.835586 0.31507 0.0148284
942 0.835586 0.312904 0.0135243
943 0.835586 0.329193 0.0183624
944 0.835586 0.324338 0.0147549
945 0.835586 0.308022 0.0145168
946 0.835586 0.315665 0.01759
947 0.835586 0.309538 0.0163234
948 0.835586 0.324345 0.01974
949 0.835586 0.325252 0.0182774
950 0.835586 0.319978 0.0176823
951 0.835586 0.329174 0.0183371
952 0.835586 0.3043 0.0121896
953 0.835586 0.327457 0.018194
954 0.835586 0.307363 0.0141979
955 0.835586 0.303049 0.011972
956 0.836283 0.31267 0.0165188
957 0.836283 0.304403 0.0127366
958 0.836283 0.305345 0.0138934
959 0.836283 0.295765 0.010631
960 0.836283 0.29506 0.0117688
961 0.836283 0.295334 0.0130272
962 0.836283 0.304057 0.0127159
963 0.836283 0.310148 0.0144638
964 0.836283 0.307613 0.0136132
965 0.836283 0.313854 0.0153348
966 0.836283 0.305487 0.0117887
967 0.836283 0.313642 0.0131442
968 0.836283 0.324609 0.0174766
969 0.836283 0.317608 0.0156534
970 0.836283 0.309924 0.0125549
971 0.836283 0.299269 0.0112729
972 0.836283 0.309377 0.0122376
973 0.836283 0.315308 0.0138826
974 0.836283 0.323044 0.0160264
975 0.836283 0.313154 0.0160389
976 0.836283 0.298396 0.0121191
977 0.836283 0.30074 0.0115183
978 0.836283 0.309737 0.0155326
979 0.836283 0.314294 0.0159914
980 0.836283 0.302956 0.0124
981 0.836283 0.310814 0.0144195
982 0.836283 0.312019 0.0166142
983 0.836283 0.31461 0.0153006
984 0.836283 0.324205 0.0172301
985 0.836283 0.311819 0.0131735
986 0.836283 0.31956 0.0165626
987 0.836283 0.300972 0.0116345
988 0.836283 0.287863 0.008729
989 0.836283 0.290822 0.0102909
990 0.836283 0.290371 0.00995331
991 0.836283 0.300392 0.0135672
992 0.836283 0.317234 0.0164013
993 0.836283 0.320298 0.0183448
994 0.836283 0.316747 0.0145467
995 0.836283 0.317768 0.0152679
996 0.836283 0.314869 0.015485
997 0.836283 0.317324 0.0142393
998 0.836283 0.31326 0.0148555
999 0.841306 0.324177 0.0204167
1000 0.841306 0.328233 0.0172872
