0 0.598661 0.500873 0.000141423
1 0.604114 0.503331 0.000379601
2 0.65954 0.509179 0.000869513
3 0.65954 0.515127 0.00142611
4 0.66165 0.518561 0.00194862
5 0.662256 0.531307 0.0026765
6 0.732908 0.528197 0.00366466
7 0.750643 0.531243 0.00433007
8 0.750643 0.531951 0.00497074
9 0.752585 0.537059 0.00692835
10 0.752585 0.542107 0.00707111
11 0.860057 0.557817 0.00945069
12 0.872297 0.560856 0.0102661
13 0.872297 0.570561 0.0124181
14 0.872297 0.553654 0.0120075
15 0.872297 0.564472 0.0141098
16 0.901047 0.567346 0.0140105
17 0.937722 0.59002 0.0217648
18 0.937722 0.61615 0.0245567
19 0.937722 0.616911 0.0251224
20 0.937722 0.62801 0.0320754
21 0.937722 0.62833 0.0296527
22 0.937722 0.633947 0.0298964
23 0.937722 0.612208 0.0304643
24 0.94571 0.635745 0.0378056
25 0.960913 0.612513 0.0377199
26 0.960913 0.628972 0.0384206
27 0.977066 0.623697 0.0384879
28 0.988119 0.644176 0.0382669
29 0.988119 0.658542 0.0390545
30 0.988119 0.669214 0.0382845
31 0.988119 0.684221 0.0384621
32 0.988119 0.693453 0.0371697
33 0.988119 0.722439 0.0381947
34 0.988119 0.754274 0.0396133
35 0.988119 0.763157 0.0386919
36 0.988119 0.77298 0.042512
37 0.990451 0.775978 0.0410994
38 0.993219 0.781912 0.0415784
39 0.993499 0.781354 0.0392689
40 0.993499 0.804839 0.0354569
41 0.993499 0.799535 0.0324305
42 0.99431 0.8258 0.0300131
43 0.99431 0.841223 0.0271108
44 0.99431 0.848557 0.0250063
45 0.99431 0.86948 0.022877
46 0.994994 0.89436 0.0168866
47 0.994994 0.891358 0.0158156
48 0.994994 0.920521 0.00845285
49 0.994994 0.920605 0.00810733
50 0.994994 0.92474 0.00764989
51 0.995545 0.936943 0.00536829
52 0.995545 0.927511 0.00459783
53 0.995545 0.898174 0.00990025
54 0.995545 0.90116 0.0120568
55 0.995545 0.916348 0.00875745
56 0.995545 0.914101 0.00751927
57 0.996154 0.916293 0.00904514
58 0.996154 0.909864 0.009707
59 0.996154 0.916478 0.00806801
60 0.996154 0.900594 0.00879993
61 0.996154 0.898746 0.00983907
62 0.996154 0.905539 0.0123006
63 0.996154 0.902219 0.0121399
64 0.996154 0.901358 0.0133755
65 0.996154 0.924462 0.00853022
66 0.996154 0.919948 0.011185
67 0.996154 0.9284 0.00691223
68 0.996174 0.929357 0.00718118
69 0.996174 0.931923 0.00506199
70 0.996174 0.934657 0.00415261
71 0.996174 0.942048 0.00399091
72 0.996174 0.935897 0.00414121
73 0.996315 0.931372 0.00749031
74 0.996315 0.939323 0.0046693
75 0.996315 0.927936 0.00835641
76 0.996912 0.941547 0.00329238
77 0.996912 0.938031 0.00382082
78 0.996912 0.934118 0.00544859
79 0.996912 0.936241 0.00628002
80 0.996912 0.93362 0.00537896
81 0.996912 0.931086 0.0060963
82 0.996912 0.929271 0.00518897
83 0.996912 0.914043 0.0100921
84 0.996912 0.922141 0.0084067
85 0.996912 0.927038 0.00931213
86 0.997749 0.939535 0.00707739
87 0.997749 0.942647 0.00493255
88 0.997749 0.939933 0.00440584
89 0.998032 0.933745 0.00533395
90 0.998032 0.933451 0.00716547
91 0.998032 0.933131 0.00610211
92 0.998158 0.926741 0.0088511
93 0.998158 0.93643 0.00713137
94 0.998158 0.936669 0.00716616
95 0.998158 0.931412 0.00787051
96 0.998158 0.94004 0.00580941
97 0.998158 0.951213 0.0025305
98 0.998158 0.957985 0.00160549
99 0.998158 0.95175 0.0021297
100 0.998158 0.953603 0.003114
101 0.998158 0.946452 0.00417863
102 0.998158 0.947242 0.00360947
103 0.998158 0.942603 0.00453287
104 0.998158 0.940268 0.00494733
105 0.998158 0.938485 0.0056112
106 0.998158 0.933907 0.00660583
107 0.998158 0.930714 0.00722762
108 0.998158 0.93646 0.00505098
109 0.998158 0.947036 0.00346442
110 0.998158 0.945217 0.00431708
111 0.998158 0.943885 0.0051325
112 0.998158 0.948246 0.00258917
113 0.998158 0.94087 0.00304786
114 0.998158 0.947425 0.00199941
115 0.998307 0.951835 0.00193976
116 0.998787 0.954085 0.00206234
117 0.998787 0.94981 0.00350469
118 0.998858 0.9426 0.00535828
119 0.998858 0.951538 0.0023809
120 0.998858 0.9486 0.00281744
121 0.998858 0.949157 0.00270045
122 0.998858 0.956229 0.00268606
123 0.998858 0.952919 0.00326193
124 0.998858 0.951962 0.00327058
125 0.998858 0.949298 0.00312908
126 0.998858 0.94293 0.00319373
127 0.998873 0.940681 0.00446782
128 0.998873 0.937913 0.00581328
129 0.998873 0.940741 0.0050805
130 0.998873 0.947524 0.00301185
131 0.998873 0.956881 0.00230277
132 0.998873 0.945896 0.00385685
133 0.998873 0.939135 0.00428338
134 0.998873 0.94868 0.00279439
135 0.998873 0.949805 0.00378923
136 0.998873 0.954624 0.00400437
137 0.998873 0.950601 0.00544061
138 0.998873 0.937927 0.00465393
139 0.998873 0.945438 0.00447306
140 0.998873 0.948388 0.00420627
141 0.998873 0.945554 0.00387309
142 0.998873 0.947621 0.00326477
143 0.998873 0.953993 0.00185888
144 0.998873 0.950844 0.00216407
145 0.998873 0.954297 0.00220121
146 0.998873 0.960889 0.00161286
147 0.998873 0.956399 0.0042822
148 0.998873 0.957176 0.00375259
149 0.998873 0.95493 0.00430903
150 0.998873 0.949978 0.00626129
151 0.998873 0.942859 0.00676355
152 0.998873 0.944032 0.00457685
153 0.998873 0.946201 0.00517765
154 0.998873 0.956423 0.00259848
155 0.998873 0.953723 0.00448134
156 0.998876 0.9537 0.0028952
157 0.998876 0.952643 0.00203381
158 0.998876 0.956882 0.00175018
159 0.998876 0.954003 0.00226232
160 0.998876 0.9493 0.00295762
161 0.998876 0.948014 0.00639646
162 0.998876 0.941346 0.00746611
163 0.998876 0.940811 0.00902746
164 0.998876 0.939912 0.00690927
165 0.998876 0.944929 0.0051168
166 0.998876 0.939815 0.00623088
167 0.998876 0.933605 0.00645326
168 0.998876 0.93424 0.00406843
169 0.998876 0.930897 0.00644571
170 0.998876 0.919954 0.00962473
171 0.998876 0.926628 0.00825091
172 0.998931 0.923568 0.00848443
173 0.998931 0.916381 0.0112368
174 0.998931 0.927482 0.0107534
175 0.998931 0.928815 0.0125324
176 0.998931 0.930539 0.0100677
177 0.998931 0.917115 0.0117039
178 0.998931 0.926674 0.00847886
179 0.998931 0.936054 0.00541604
180 0.998931 0.927381 0.00725833
181 0.998931 0.932251 0.00544962
182 0.998931 0.928276 0.0060886
183 0.999042 0.933137 0.00646217
184 0.999042 0.934106 0.00547649
185 0.999042 0.940525 0.00432617
186 0.99915 0.941384 0.00478171
187 0.99915 0.939696 0.00483579
188 0.99915 0.937279 0.00674378
189 0.99915 0.936294 0.00618692
190 0.99915 0.940267 0.00474032
191 0.99915 0.947235 0.00313604
192 0.99915 0.95171 0.00253087
193 0.99915 0.956609 0.00227528
194 0.99915 0.956112 0.00255776
195 0.99915 0.952627 0.00303336
196 0.99915 0.949591 0.00470717
197 0.99915 0.956713 0.00237537
198 0.99915 0.952283 0.00255054
199 0.99915 0.95384 0.00360451
200 0.99915 0.949004 0.00281001
201 0.99915 0.953575 0.00251316
202 0.99915 0.947027 0.00247847
203 0.99915 0.94727 0.00361671
204 0.99915 0.944196 0.00415876
205 0.99915 0.939881 0.00598175
206 0.99915 0.948052 0.00548575
207 0.99915 0.951 0.00293187
208 0.99915 0.943901 0.00371414
209 0.99915 0.938989 0.00449711
210 0.99915 0.926639 0.00763174
211 0.99915 0.93179 0.00689369
212 0.99915 0.921601 0.0087823
213 0.99915 0.929956 0.00717318
214 0.99915 0.94427 0.00500921
215 0.99915 0.936771 0.00606679
216 0.99915 0.943615 0.00552334
217 0.99915 0.935095 0.00640609
218 0.99915 0.936883 0.00800271
219 0.99915 0.943032 0.00625428
220 0.99915 0.934588 0.00647199
221 0.99915 0.93602 0.00650581
222 0.99915 0.935843 0.00478073
223 0.99915 0.93577 0.00402818
224 0.99915 0.937842 0.00508317
225 0.99915 0.929145 0.00660449
226 0.99915 0.939074 0.00393993
227 0.99915 0.947038 0.00322267
228 0.99915 0.93458 0.0048887
229 0.99915 0.922612 0.00885297
230 0.99915 0.921269 0.00792294
231 0.99915 0.933555 0.00714888
232 0.99915 0.928158 0.00639951
233 0.99915 0.932425 0.00735249
234 0.99915 0.934641 0.00593926
235 0.99915 0.940229 0.00561707
236 0.99915 0.932103 0.00786964
237 0.99915 0.940916 0.00794505
238 0.99915 0.941165 0.00605098
239 0.99915 0.935805 0.00662323
240 0.99915 0.949267 0.00242678
241 0.99915 0.946413 0.00305456
242 0.99915 0.948343 0.0024827
243 0.99915 0.94687 0.00337773
244 0.99915 0.948835 0.00261283
245 0.99915 0.936036 0.00440957
246 0.99915 0.933754 0.00701581
247 0.99915 0.939257 0.00572507
248 0.99915 0.938085 0.00521853
249 0.99915 0.939467 0.00477496
250 0.99915 0.936291 0.00655523
251 0.99915 0.944111 0.0053863
252 0.99915 0.950438 0.00268794
253 0.99915 0.943221 0.00617795
254 0.99915 0.951286 0.00405073
255 0.99915 0.958259 0.00158814
256 0.99915 0.959269 0.00199842
257 0.99915 0.950801 0.00304127
258 0.99915 0.946695 0.0037826
259 0.99915 0.936783 0.0041535
260 0.99915 0.935351 0.00443415
261 0.99915 0.938517 0.00477923
262 0.99915 0.949324 0.00502283
263 0.99915 0.928134 0.00649911
264 0.99915 0.940915 0.00471217
265 0.99915 0.933049 0.00718194
266 0.99915 0.929621 0.00746542
267 0.99915 0.937599 0.00466268
268 0.99915 0.933427 0.0043476
269 0.99915 0.92831 0.00697411
270 0.99915 0.934324 0.00699534
271 0.99915 0.942642 0.00356968
272 0.99915 0.93368 0.00676712
273 0.99915 0.939307 0.00601496
274 0.999203 0.953995 0.00180678
275 0.999203 0.944728 0.00246723
276 0.999203 0.945199 0.00413897
277 0.999203 0.949801 0.0030005
278 0.999203 0.945227 0.00372284
279 0.999203 0.954986 0.00241948
280 0.999203 0.959207 0.00166705
281 0.999203 0.951679 0.00351875
282 0.999203 0.946801 0.00357738
283 0.999203 0.950558 0.00374271
284 0.999203 0.949174 0.00326945
285 0.999203 0.950667 0.00297393
286 0.999203 0.934658 0.00590777
287 0.999203 0.938295 0.00602969
288 0.999291 0.9319 0.008085
289 0.999291 0.944306 0.00495188
290 0.999291 0.943099 0.00527407
291 0.999291 0.949427 0.00316752
292 0.999291 0.941209 0.0065074
293 0.999291 0.947469 0.00432616
294 0.999291 0.935438 0.00593532
295 0.999316 0.928116 0.00900339
296 0.999316 0.9344 0.00649976
297 0.999316 0.938254 0.00464148
298 0.999316 0.935135 0.00537048
299 0.999316 0.944475 0.00501961
300 0.999316 0.942308 0.00414292
301 0.999316 0.94034 0.0052679
302 0.999316 0.941101 0.00393411
303 0.999316 0.943596 0.0054426
304 0.999316 0.938293 0.00725657
305 0.999316 0.92638 0.0127346
306 0.999316 0.929988 0.0084593
307 0.999316 0.932106 0.00612461
308 0.999316 0.938225 0.00490678
309 0.999316 0.926079 0.00598068
310 0.999316 0.943606 0.00386153
311 0.999316 0.938279 0.00537612
312 0.999316 0.940355 0.0067183
313 0.999316 0.938025 0.00659907
314 0.999316 0.942398 0.00479075
315 0.999367 0.939239 0.0059878
316 0.999367 0.940757 0.00495557
317 0.999367 0.934107 0.0054563
318 0.999367 0.947204 0.00328216
319 0.999367 0.95196 0.00327112
320 0.999367 0.94106 0.00530346
321 0.999367 0.939917 0.00847512
322 0.999367 0.936148 0.00852914
323 0.999367 0.939272 0.00751849
324 0.999367 0.942506 0.00814337
325 0.999367 0.940796 0.00765409
326 0.999367 0.939316 0.00894851
327 0.999367 0.942382 0.00622545
328 0.999367 0.930766 0.00888944
329 0.999367 0.928059 0.0098839
330 0.999367 0.925586 0.0138395
331 0.999367 0.919069 0.0170305
332 0.999367 0.921265 0.0133675
333 0.999367 0.934383 0.00730617
334 0.999367 0.929608 0.00692921
335 0.999367 0.929562 0.00742193
336 0.999367 0.931765 0.00519473
337 0.999367 0.920096 0.00717124
338 0.999367 0.931781 0.00569931
339 0.999367 0.930493 0.0093536
340 0.999367 0.931212 0.00672524
341 0.999367 0.928956 0.0076438
342 0.999367 0.943912 0.0047671
343 0.999367 0.936082 0.00708767
344 0.999367 0.941079 0.00500356
345 0.999367 0.930237 0.00596608
346 0.999367 0.920721 0.00991089
347 0.999367 0.930972 0.00684373
348 0.999367 0.925528 0.00800367
349 0.999367 0.933573 0.00626273
350 0.999367 0.928303 0.00823102
351 0.999367 0.918893 0.00913175
352 0.999367 0.924217 0.0101353
353 0.999367 0.929892 0.00779
354 0.999367 0.917783 0.0102512
355 0.999367 0.942511 0.00435202
356 0.999371 0.945108 0.00316088
357 0.999371 0.939967 0.00548554
358 0.999371 0.949137 0.00328086
359 0.999371 0.944617 0.00450634
360 0.999371 0.932767 0.00596189
361 0.999371 0.935204 0.00619733
362 0.999371 0.925114 0.00705822
363 0.999371 0.927456 0.00657164
364 0.999371 0.931387 0.00751969
365 0.999371 0.932376 0.00783949
366 0.999371 0.935186 0.00824552
367 0.999371 0.934068 0.00723926
368 0.999371 0.940897 0.00572916
369 0.999371 0.951365 0.00301229
370 0.999371 0.94803 0.00410596
371 0.999371 0.940521 0.00613451
372 0.999371 0.951501 0.00345508
373 0.999371 0.949721 0.00323071
374 0.999371 0.94227 0.00376144
375 0.999371 0.944512 0.00396861
376 0.999371 0.951198 0.00275979
377 0.999371 0.94154 0.00390732
378 0.999371 0.938195 0.00458792
379 0.999371 0.942998 0.00439798
380 0.999371 0.942115 0.00428739
381 0.999371 0.949332 0.00354845
382 0.999371 0.95404 0.00296683
383 0.999371 0.957324 0.0026718
384 0.999371 0.958693 0.00211297
385 0.999371 0.955582 0.00185079
386 0.999371 0.957082 0.00145738
387 0.999371 0.953987 0.0021819
388 0.999516 0.95484 0.00197773
389 0.999516 0.953343 0.00202043
390 0.999516 0.958766 0.00170677
391 0.999516 0.955349 0.00256536
392 0.999516 0.949551 0.00459556
393 0.999516 0.939681 0.00381612
394 0.999516 0.932099 0.00531036
395 0.999516 0.942574 0.00382664
396 0.999516 0.938143 0.00595119
397 0.999516 0.942143 0.00486087
398 0.999516 0.951675 0.00282339
399 0.999516 0.94089 0.00434293
400 0.999516 0.939833 0.00455818
401 0.999516 0.930838 0.0050532
402 0.999516 0.937792 0.00622774
403 0.999516 0.933169 0.00620939
404 0.999516 0.943076 0.00399431
405 0.999516 0.931685 0.00665877
406 0.999516 0.938603 0.00414624
407 0.999516 0.936841 0.00568828
408 0.999516 0.951983 0.00243584
409 0.999516 0.94264 0.00490497
410 0.999516 0.949303 0.00190298
411 0.999516 0.950316 0.00202395
412 0.999516 0.94087 0.00462486
413 0.999516 0.951559 0.00274691
414 0.999516 0.951543 0.00282931
415 0.999516 0.952702 0.00250052
416 0.999516 0.95117 0.00310508
417 0.999516 0.947042 0.00348612
418 0.999516 0.95044 0.00278327
419 0.999516 0.93913 0.00472114
420 0.999516 0.948263 0.00294731
421 0.999516 0.945637 0.00302085
422 0.999516 0.958171 0.00214762
423 0.999516 0.951258 0.00238896
424 0.999516 0.954296 0.00251444
425 0.999516 0.952732 0.00285934
426 0.999516 0.948014 0.00406543
427 0.999516 0.942727 0.00577753
428 0.999516 0.925589 0.00822842
429 0.999516 0.935076 0.00676554
430 0.999516 0.936554 0.00731463
431 0.999516 0.943263 0.00540743
432 0.999516 0.942736 0.00314505
433 0.999516 0.944722 0.00366405
434 0.999516 0.943455 0.00552596
435 0.999516 0.955171 0.00375466
436 0.999516 0.955252 0.00375285
437 0.999516 0.953606 0.00268133
438 0.999516 0.942638 0.00496361
439 0.999516 0.941258 0.00416077
440 0.999516 0.942483 0.00353962
441 0.999516 0.950775 0.00333901
442 0.999516 0.952473 0.00260337
443 0.999516 0.954614 0.00269464
444 0.99958 0.950846 0.0035741
445 0.99958 0.95643 0.00244814
446 0.99958 0.950646 0.00319023
447 0.99958 0.947854 0.00376237
448 0.99958 0.942564 0.00600622
449 0.99958 0.941891 0.00494821
450 0.99958 0.949161 0.00269269
451 0.99958 0.951138 0.00356516
452 0.99958 0.946192 0.00491105
453 0.99958 0.947027 0.00430337
454 0.99958 0.944582 0.00422037
455 0.99958 0.949028 0.00338539
456 0.99958 0.956669 0.0017872
457 0.99958 0.94632 0.00390408
458 0.99958 0.941566 0.00523583
459 0.99958 0.955682 0.00203468
460 0.99958 0.954979 0.0029023
461 0.99958 0.947612 0.00523187
462 0.99958 0.940498 0.00474342
463 0.99958 0.952508 0.0021599
464 0.99958 0.943761 0.0044532
465 0.99958 0.946211 0.00356207
466 0.99958 0.95527 0.00271018
467 0.99958 0.954908 0.00306429
468 0.99958 0.956533 0.00296258
469 0.99958 0.958964 0.00252988
470 0.99958 0.957214 0.00297124
471 0.99958 0.953914 0.00379624
472 0.99958 0.944365 0.00524304
473 0.99958 0.949453 0.00388073
474 0.99958 0.947451 0.0041711
475 0.99958 0.943731 0.00470658
476 0.99958 0.949477 0.00454229
477 0.99958 0.946925 0.00583582
478 0.99958 0.946868 0.00508484
479 0.99958 0.952061 0.00391986
480 0.99958 0.95603 0.00299463
481 0.99958 0.948942 0.00264504
482 0.99958 0.934748 0.00500714
483 0.99958 0.940025 0.00421015
484 0.99958 0.951255 0.00345692
485 0.99958 0.960937 0.002307
486 0.99958 0.959076 0.00253758
487 0.99958 0.955427 0.00362977
488 0.99958 0.945528 0.00613031
489 0.99958 0.950162 0.00372608
490 0.99958 0.943571 0.00412765
491 0.99958 0.941852 0.0038987
492 0.99958 0.945489 0.00247396
493 0.99958 0.95111 0.0031968
494 0.99958 0.950225 0.00352951
495 0.99958 0.954503 0.00311619
496 0.99958 0.945567 0.00405869
497 0.99958 0.941932 0.00575622
498 0.99958 0.944479 0.00440591
499 0.99958 0.948001 0.00459583
500 0.99958 0.948108 0.00277363
501 0.99958 0.949834 0.00338365
502 0.99958 0.953667 0.00260327
503 0.99958 0.954361 0.00338252
504 0.99958 0.950814 0.00482242
505 0.99958 0.956041 0.00275934
506 0.99958 0.955532 0.00299836
507 0.99958 0.948377 0.0042468
508 0.99958 0.94559 0.00596644
509 0.99958 0.940532 0.00711965
510 0.99958 0.952514 0.0020007
511 0.99958 0.957774 0.00156504
512 0.99958 0.960365 0.00181738
513 0.99958 0.956597 0.00231628
514 0.99958 0.952584 0.00267624
515 0.99958 0.946991 0.00332193
516 0.99958 0.953657 0.0027638
517 0.99958 0.955836 0.00246634
518 0.99958 0.95817 0.00194293
519 0.99958 0.959012 0.00273094
520 0.99958 0.953506 0.00245126
521 0.99958 0.94657 0.00355353
522 0.99958 0.935353 0.00713105
523 0.99958 0.944091 0.00505419
524 0.99958 0.944999 0.00494398
525 0.99958 0.942458 0.00553716
526 0.99958 0.941953 0.00757172
527 0.99958 0.946387 0.00523702
528 0.99958 0.949946 0.00459598
529 0.99958 0.946164 0.00421811
530 0.99958 0.937572 0.00500846
531 0.99958 0.930917 0.00658483
532 0.99958 0.941045 0.00479713
533 0.99958 0.944168 0.00376996
534 0.99958 0.939776 0.00338354
535 0.99958 0.944481 0.00472097
536 0.99958 0.940126 0.00452005
537 0.99958 0.936632 0.00534335
538 0.99958 0.945634 0.00451851
539 0.99958 0.940932 0.00485163
540 0.99958 0.936393 0.00526052
541 0.99958 0.936879 0.00610868
542 0.99958 0.947247 0.00385379
543 0.99958 0.946606 0.00354155
544 0.99958 0.947901 0.00401536
545 0.99958 0.952717 0.00334486
546 0.99958 0.95223 0.00326528
547 0.99958 0.943052 0.00448757
548 0.99958 0.940098 0.00464573
549 0.99958 0.940822 0.00620305
550 0.99958 0.944914 0.00621631
551 0.99958 0.95638 0.00354803
552 0.99958 0.954408 0.00311375
553 0.99958 0.956203 0.00275615
554 0.99958 0.957439 0.0023232
555 0.99958 0.946837 0.00476944
556 0.99958 0.942409 0.00597891
557 0.99958 0.940276 0.00730748
558 0.99958 0.942504 0.00655455
559 0.99958 0.948519 0.00310131
560 0.99958 0.948109 0.00282735
561 0.99958 0.953303 0.00241157
562 0.99958 0.967747 0.00109241
563 0.99958 0.959791 0.00154384
564 0.99958 0.960499 0.00143473
565 0.99958 0.951352 0.00349655
566 0.99958 0.954771 0.00241376
567 0.99958 0.953345 0.00228248
568 0.99958 0.953729 0.00274928
569 0.99958 0.950938 0.00302887
570 0.99958 0.940573 0.00393074
571 0.99958 0.935774 0.0057715
572 0.99958 0.930534 0.0058803
573 0.99958 0.930607 0.0064639
574 0.99958 0.931014 0.00578822
575 0.99958 0.937219 0.0046617
576 0.99958 0.934601 0.00525015
577 0.99958 0.943344 0.00326047
578 0.99958 0.949793 0.00289147
579 0.99958 0.93897 0.00460592
580 0.99958 0.951918 0.00305835
581 0.99958 0.953488 0.00302521
582 0.99958 0.951759 0.00230679
583 0.99958 0.950906 0.00372833
584 0.99958 0.947683 0.00580719
585 0.99958 0.945182 0.00576889
586 0.99958 0.954792 0.00408829
587 0.99958 0.952769 0.00353461
588 0.99958 0.946328 0.00485303
589 0.99958 0.941486 0.00442154
590 0.99958 0.931358 0.00712529
591 0.99958 0.933637 0.00588226
592 0.99958 0.939625 0.00538461
593 0.99958 0.939523 0.00447831
594 0.99958 0.942597 0.00409138
595 0.99958 0.945013 0.00390989
596 0.99958 0.939583 0.0052513
597 0.99958 0.936709 0.00563848
598 0.99958 0.943354 0.0041428
599 0.99958 0.947823 0.0023587
600 0.99958 0.942355 0.00295585
601 0.99958 0.948668 0.00264948
602 0.99958 0.950362 0.00264238
603 0.99958 0.947386 0.00399908
604 0.99958 0.949837 0.00298928
605 0.99958 0.950615 0.00431229
606 0.99958 0.943903 0.00479322
607 0.99958 0.9368 0.0050165
608 0.99958 0.934843 0.00527112
609 0.99958 0.937114 0.00387049
610 0.99958 0.945075 0.0029914
611 0.99958 0.944971 0.00354583
612 0.99958 0.952251 0.00254248
613 0.99958 0.963463 0.00176475
614 0.99958 0.96485 0.00166967
615 0.99958 0.96564 0.00188436
616 0.99958 0.959855 0.00219235
617 0.99958 0.953383 0.00257374
618 0.99958 0.948115 0.00437345
619 0.99958 0.945218 0.00400249
620 0.99958 0.947791 0.0056589
621 0.99958 0.940109 0.00706797
622 0.99958 0.946833 0.00436683
623 0.99958 0.948187 0.00358174
624 0.99958 0.952034 0.00314421
625 0.99958 0.937344 0.00677264
626 0.99958 0.942986 0.00542899
627 0.99958 0.945361 0.00386696
628 0.99958 0.948387 0.00276408
629 0.99958 0.94575 0.00354489
630 0.99958 0.941779 0.00430207
631 0.99958 0.934536 0.00628476
632 0.99958 0.937486 0.00497841
633 0.99958 0.942259 0.00328697
634 0.99958 0.943774 0.00397241
635 0.99958 0.950637 0.00293884
636 0.99958 0.951194 0.00309608
637 0.99958 0.948533 0.00241091
638 0.99958 0.94486 0.00332345
639 0.99958 0.94892 0.0036542
640 0.99958 0.941752 0.00440211
641 0.99958 0.945295 0.00371664
642 0.99958 0.941756 0.0050974
643 0.99958 0.939365 0.00596945
644 0.99958 0.935848 0.00573638
645 0.99958 0.936417 0.00765278
646 0.99958 0.932702 0.0097618
647 0.99958 0.927603 0.0101044
648 0.99958 0.936563 0.00844511
649 0.99958 0.940434 0.00542158
650 0.99958 0.932687 0.00704922
651 0.99958 0.933436 0.00703099
652 0.99958 0.938962 0.00652438
653 0.99958 0.945763 0.00759048
654 0.99958 0.943725 0.00524095
655 0.99958 0.951211 0.00384984
656 0.99958 0.946058 0.00496144
657 0.99958 0.939185 0.0058363
658 0.99958 0.938522 0.00587237
659 0.99958 0.94648 0.00376402
660 0.99958 0.948776 0.00263573
661 0.99958 0.954038 0.00276988
662 0.99958 0.953233 0.00157694
663 0.99958 0.961675 0.00155579
664 0.99958 0.958338 0.00220422
665 0.99958 0.951698 0.00253389
666 0.99958 0.954214 0.00157202
667 0.99958 0.949027 0.0041799
668 0.99958 0.949863 0.00309155
669 0.99958 0.948517 0.00352042
670 0.99958 0.947422 0.00432859
671 0.99958 0.958161 0.00222802
672 0.99958 0.961321 0.00182661
673 0.99958 0.960103 0.00211271
674 0.99958 0.959078 0.00225999
675 0.99958 0.954068 0.00260248
676 0.99958 0.950168 0.00279995
677 0.99958 0.948948 0.00357619
678 0.99958 0.937636 0.00691529
679 0.99958 0.952549 0.0039842
680 0.99958 0.946342 0.00498102
681 0.99958 0.939465 0.00556914
682 0.99958 0.939232 0.00668967
683 0.99958 0.951679 0.00424465
684 0.99958 0.950077 0.00406984
685 0.99958 0.951493 0.00436272
686 0.99958 0.951588 0.00256328
687 0.99958 0.95313 0.00248724
688 0.99958 0.946077 0.00273611
689 0.99958 0.953712 0.00276715
690 0.99958 0.963512 0.00184582
691 0.99958 0.958568 0.00270704
692 0.99958 0.952214 0.00330836
693 0.99958 0.951655 0.00332607
694 0.99958 0.949334 0.00353549
695 0.99958 0.950965 0.0022935
696 0.99958 0.946918 0.00470847
697 0.99958 0.954395 0.00253035
698 0.99958 0.949387 0.00303064
699 0.99958 0.954647 0.00254805
700 0.99958 0.960572 0.0014021
701 0.99958 0.954833 0.00212586
702 0.99958 0.955182 0.00264726
703 0.99958 0.948804 0.0034448
704 0.99958 0.938304 0.00639426
705 0.99958 0.947441 0.00327523
706 0.99958 0.942146 0.00561198
707 0.99958 0.939192 0.00513081
708 0.99958 0.945362 0.00497309
709 0.99958 0.942985 0.00574508
710 0.99958 0.943067 0.00674875
711 0.999591 0.943489 0.00558856
712 0.999591 0.935193 0.00820155
713 0.999591 0.94602 0.0059443
714 0.999591 0.946272 0.00658344
715 0.999591 0.949077 0.00618947
716 0.999591 0.953462 0.0058308
717 0.999591 0.959795 0.00325118
718 0.999591 0.949153 0.00556315
719 0.999591 0.946714 0.00496787
720 0.999591 0.944134 0.00574181
721 0.999591 0.943938 0.00478304
722 0.999591 0.932344 0.00778443
723 0.999591 0.934296 0.00822709
724 0.999591 0.932313 0.00955477
725 0.999591 0.936329 0.00735457
726 0.999591 0.934541 0.00704957
727 0.999591 0.941698 0.00618793
728 0.999591 0.935388 0.00727904
729 0.999591 0.926095 0.00880976
730 0.999591 0.936531 0.00736122
731 0.999591 0.942377 0.00718484
732 0.999591 0.93769 0.00697301
733 0.999591 0.935796 0.00628637
734 0.999591 0.933238 0.00473203
735 0.999591 0.94485 0.00418924
736 0.999591 0.9408 0.00457029
737 0.999591 0.943537 0.00391935
738 0.999591 0.944113 0.00619862
739 0.999591 0.931842 0.00971896
740 0.999591 0.932592 0.00728762
741 0.999591 0.915766 0.00944886
742 0.999591 0.922878 0.00879064
743 0.999591 0.921312 0.00797758
744 0.999591 0.917299 0.00887997
745 0.999591 0.9233 0.00857233
746 0.999591 0.925556 0.00662292
747 0.999591 0.929849 0.0063131
748 0.999591 0.941297 0.00475919
749 0.999591 0.94093 0.00574425
750 0.999591 0.941045 0.00921644
751 0.999591 0.957425 0.00243432
752 0.999591 0.954663 0.00288186
753 0.999591 0.956354 0.00295628
754 0.999591 0.949918 0.00419938
755 0.999591 0.952399 0.00486148
756 0.999591 0.954443 0.00247462
757 0.999591 0.953733 0.00244776
758 0.999591 0.94948 0.00329726
759 0.999591 0.944272 0.00523619
760 0.999591 0.947207 0.00315389
761 0.999591 0.936862 0.00506492
762 0.999591 0.934595 0.00515929
763 0.999591 0.927637 0.00604625
764 0.999591 0.937382 0.00367899
765 0.999591 0.933646 0.0048007
766 0.999591 0.931473 0.00654221
767 0.999591 0.932993 0.00736585
768 0.999591 0.940835 0.00552461
769 0.999591 0.928279 0.00839273
770 0.999591 0.927904 0.0109959
771 0.999591 0.930161 0.0111319
772 0.999591 0.940935 0.00583208
773 0.999591 0.94276 0.00615378
774 0.999591 0.935574 0.00917164
775 0.999591 0.943133 0.00633936
776 0.999591 0.945543 0.0035165
777 0.999591 0.942237 0.00481578
778 0.999591 0.94042 0.00435002
779 0.999591 0.936124 0.00816069
780 0.999591 0.937343 0.00977258
781 0.999591 0.943 0.00670242
782 0.999591 0.941415 0.00368152
783 0.999591 0.942924 0.00316097
784 0.999591 0.939971 0.00477513
785 0.999591 0.949552 0.00391968
786 0.999591 0.953657 0.00353345
787 0.999591 0.945947 0.00468451
788 0.999591 0.957666 0.0023708
789 0.999591 0.955413 0.00277351
790 0.999591 0.954605 0.00411667
791 0.999591 0.94368 0.00625961
792 0.999591 0.945688 0.00474279
793 0.999591 0.954697 0.00186263
794 0.999591 0.960399 0.0017425
795 0.999591 0.96336 0.00169761
796 0.999591 0.94957 0.00329459
797 0.999591 0.952325 0.00299803
798 0.999591 0.947937 0.0041138
799 0.999591 0.954406 0.00356376
800 0.999591 0.952615 0.00311717
801 0.999591 0.948842 0.00472837
802 0.999591 0.953011 0.00291651
803 0.999591 0.956822 0.00230088
804 0.999591 0.952238 0.00223123
805 0.999591 0.952998 0.00204345
806 0.999591 0.956659 0.00189282
807 0.999591 0.948247 0.00307585
808 0.999591 0.948738 0.00337622
809 0.999591 0.943528 0.00444889
810 0.999603 0.950212 0.00283012
811 0.999603 0.951777 0.00283887
812 0.999603 0.950684 0.00357745
813 0.999603 0.942851 0.00443978
814 0.999603 0.9483 0.00413957
815 0.999603 0.949049 0.00219026
816 0.999603 0.947949 0.00321503
817 0.999603 0.957308 0.00219035
818 0.999603 0.955281 0.00234931
819 0.999603 0.94902 0.00285035
820 0.999603 0.94466 0.00499238
821 0.999603 0.94866 0.003256
822 0.999603 0.955458 0.00272762
823 0.999603 0.94481 0.00482939
824 0.999603 0.949652 0.00392965
825 0.999603 0.9574 0.00342101
826 0.999603 0.949426 0.00488679
827 0.999603 0.949361 0.00473815
828 0.999603 0.945662 0.00449105
829 0.999603 0.946977 0.00397353
830 0.999603 0.944415 0.00462776
831 0.999603 0.945809 0.0046849
832 0.999603 0.944802 0.0046262
833 0.999603 0.951055 0.00232257
834 0.999603 0.944842 0.00384756
835 0.999603 0.944159 0.00524934
836 0.999603 0.941243 0.00558177
837 0.999603 0.939204 0.00506625
838 0.999603 0.93228 0.00531716
839 0.999603 0.943022 0.00512865
840 0.999603 0.94097 0.00574853
841 0.999603 0.941962 0.00475636
842 0.999603 0.940355 0.00456294
843 0.999603 0.937074 0.0045814
844 0.999603 0.935776 0.00540476
845 0.999603 0.946154 0.00402385
846 0.999603 0.946677 0.00510193
847 0.999603 0.941237 0.00575544
848 0.999603 0.945736 0.00470784
849 0.999603 0.950855 0.00242926
850 0.999603 0.950075 0.00286486
851 0.999603 0.953807 0.00211076
852 0.999607 0.945989 0.00363403
853 0.999607 0.944386 0.00407763
854 0.999607 0.945882 0.00401627
855 0.999607 0.940541 0.00488391
856 0.999607 0.934817 0.00686643
857 0.999607 0.943623 0.00470429
858 0.999607 0.941315 0.00566234
859 0.999607 0.941734 0.00509171
860 0.999607 0.943606 0.00363998
861 0.999607 0.948088 0.00366309
862 0.999607 0.945642 0.00356171
863 0.999607 0.944771 0.00634503
864 0.999607 0.946746 0.00665031
865 0.999607 0.945837 0.00618797
866 0.999607 0.939551 0.00720636
867 0.999607 0.943226 0.0047229
868 0.999607 0.955007 0.00381851
869 0.999607 0.950503 0.00427017
870 0.999619 0.960419 0.00313979
871 0.999619 0.952331 0.00241061
872 0.999619 0.954656 0.00324918
873 0.999619 0.954195 0.0034124
874 0.999619 0.956883 0.00256445
875 0.999619 0.9554 0.00247532
876 0.999619 0.957506 0.00205044
877 0.999619 0.947223 0.00601732
878 0.999619 0.950969 0.00453782
879 0.999619 0.952648 0.00409973
880 0.999619 0.949114 0.00484344
881 0.999619 0.951057 0.00344684
882 0.999619 0.949936 0.00258746
883 0.999619 0.949703 0.00353713
884 0.999619 0.94069 0.00442429
885 0.999619 0.94109 0.00480553
886 0.999619 0.945139 0.00361384
887 0.999619 0.942154 0.00472783
888 0.999619 0.936805 0.00437325
889 0.999619 0.943074 0.00442868
890 0.999619 0.940195 0.00581866
891 0.999619 0.948871 0.00316075
892 0.999619 0.942785 0.00368671
893 0.999619 0.948836 0.00421981
894 0.999619 0.936593 0.00615173
895 0.999619 0.941986 0.00565482
896 0.999619 0.94033 0.00483056
897 0.999619 0.939084 0.00563287
898 0.999619 0.940466 0.00416529
899 0.999619 0.938102 0.00522762
900 0.999619 0.947717 0.00335877
901 0.999619 0.953129 0.00269927
902 0.999619 0.94671 0.00301208
903 0.999619 0.937881 0.00415809
904 0.999619 0.942742 0.00320679
905 0.999619 0.940709 0.00312892
906 0.999619 0.934108 0.00599719
907 0.999619 0.937344 0.0041278
908 0.999619 0.929249 0.00756307
909 0.999619 0.925661 0.00633461
910 0.999619 0.929336 0.00469952
911 0.999619 0.935683 0.00546081
912 0.999619 0.93454 0.00776694
913 0.999619 0.936628 0.00589868
914 0.999619 0.933339 0.00576909
915 0.999619 0.948916 0.00342681
916 0.999619 0.945356 0.00318222
917 0.999619 0.941764 0.00298635
918 0.999619 0.952053 0.00262526
919 0.999619 0.948887 0.00289129
920 0.999619 0.951413 0.00276231
921 0.999619 0.945106 0.00383456
922 0.999619 0.936313 0.00532614
923 0.999619 0.941797 0.00487189
924 0.999619 0.951726 0.00301515
925 0.999619 0.944935 0.00404293
926 0.999619 0.939879 0.00394579
927 0.999619 0.945625 0.00363653
928 0.999619 0.944382 0.00463085
929 0.999619 0.944004 0.00486457
930 0.999619 0.949013 0.0029519
931 0.999619 0.948767 0.00334095
932 0.999619 0.946724 0.00470544
933 0.999619 0.946287 0.00508461
934 0.999619 0.941115 0.00549473
935 0.999619 0.939765 0.00546844
936 0.999619 0.947196 0.0038484
937 0.999619 0.943028 0.00375913
938 0.999619 0.945616 0.00397932
939 0.999619 0.956478 0.00208206
940 0.999619 0.945571 0.00476761
941 0.999619 0.942221 0.00644811
942 0.999619 0.933444 0.00701076
943 0.999619 0.924813 0.00788679
944 0.999619 0.930005 0.00545115
945 0.999619 0.943963 0.00410565
946 0.999619 0.946995 0.0033375
947 0.999619 0.943531 0.00365807
948 0.999619 0.958234 0.00221839
949 0.999619 0.959184 0.00203216
950 0.999619 0.956863 0.00190407
951 0.999619 0.948474 0.00457205
952 0.999619 0.948767 0.0035023
953 0.999619 0.938231 0.00491214
954 0.999619 0.94421 0.00514077
955 0.999619 0.947144 0.0043818
956 0.999619 0.94 0.00586853
957 0.999619 0.933383 0.0081075
958 0.999619 0.948983 0.00436438
959 0.999619 0.950787 0.00311237
960 0.999619 0.949163 0.00286531
961 0.999619 0.939948 0.00348758
962 0.999619 0.945834 0.00318339
963 0.999619 0.936738 0.0061665
964 0.999619 0.940785 0.00592771
965 0.999619 0.948218 0.00671568
966 0.999619 0.950879 0.00528198
967 0.999619 0.946692 0.00513316
968 0.999619 0.948907 0.00586491
969 0.999619 0.955644 0.00329358
970 0.999619 0.950237 0.00436441
971 0.999619 0.949894 0.00385344
972 0.999619 0.953349 0.00309418
973 0.999619 0.942074 0.00501917
974 0.999619 0.943381 0.00377086
975 0.999619 0.949599 0.00318808
976 0.999619 0.947905 0.00316745
977 0.999619 0.95299 0.00295712
978 0.999619 0.951555 0.00299491
979 0.999619 0.948857 0.00388711
980 0.999619 0.942839 0.00348041
981 0.999619 0.934828 0.00609901
982 0.999619 0.931357 0.00765289
983 0.999619 0.940273 0.00430398
984 0.999619 0.943584 0.00410435
985 0.999619 0.943435 0.0039815
986 0.999619 0.955007 0.00263802
987 0.999619 0.954231 0.00273462
988 0.999619 0.957227 0.00257793
989 0.999619 0.948362 0.00768393
990 0.999619 0.948628 0.0061381
991 0.999619 0.950988 0.00337395
992 0.999619 0.951686 0.00362258
993 0.999619 0.954683 0.00308108
994 0.999619 0.954178 0.00296571
995 0.999619 0.956678 0.00197027
996 0.999619 0.9487 0.00334509
997 0.999619 0.950777 0.00347231
998 0.999619 0.948058 0.00367747
999 0.999619 0.944701 0.00419053
1000 0.99962 0.941857 0.00631599
