0 0.330907 0.251265 0.000547815
1 0.350255 0.252443 0.000737933
2 0.455992 0.261289 0.00138412
3 0.455992 0.265634 0.00165191
4 0.455992 0.257677 0.00176299
5 0.455992 0.249629 0.00149917
6 0.468363 0.259236 0.00179602
7 0.620594 0.264082 0.00361308
8 0.620594 0.262643 0.00293563
9 0.620594 0.261349 0.00273209
10 0.651961 0.265706 0.00441049
11 0.651961 0.26309 0.00335843
12 0.65981 0.265345 0.00503868
13 0.65981 0.265025 0.00458714
14 0.66127 0.276092 0.00765096
15 0.666852 0.272574 0.00791658
16 0.666852 0.268325 0.00542845
17 0.666852 0.275105 0.00612624
18 0.666852 0.277367 0.00774357
19 0.679771 0.281616 0.00918614
20 0.679771 0.281473 0.00793935
21 0.679771 0.282938 0.00687847
22 0.679771 0.281972 0.00852271
23 0.679771 0.272581 0.00615101
24 0.679771 0.271543 0.00535464
25 0.679771 0.264302 0.00470908
26 0.679771 0.276249 0.00717602
27 0.679771 0.28453 0.00854295
28 0.679771 0.275934 0.00600706
29 0.679771 0.280049 0.00775301
30 0.679771 0.274277 0.00599899
31 0.679771 0.267645 0.00545441
32 0.679771 0.276292 0.00910588
33 0.679771 0.278803 0.00900665
34 0.679771 0.275952 0.00682917
35 0.679771 0.280897 0.00707025
36 0.679771 0.282592 0.00710219
37 0.679771 0.273841 0.00778011
38 0.679771 0.268271 0.00496688
39 0.679771 0.273749 0.0064722
40 0.679771 0.272715 0.00736434
41 0.679771 0.264914 0.00490838
42 0.682492 0.281425 0.00946643
43 0.682492 0.284146 0.00754436
44 0.682492 0.28383 0.00791525
45 0.682492 0.279218 0.00653308
46 0.682492 0.290251 0.00922068
47 0.682492 0.298641 0.00905503
48 0.682492 0.2821 0.00585302
49 0.682492 0.294601 0.00959561
50 0.682492 0.300699 0.00846834
51 0.682492 0.29687 0.00984725
52 0.682492 0.298109 0.0079172
53 0.682492 0.306527 0.0101836
54 0.685462 0.294302 0.0100988
55 0.692955 0.303109 0.0115987
56 0.734015 0.304322 0.0121498
57 0.734015 0.30674 0.0100949
58 0.734015 0.302097 0.00913728
59 0.734015 0.3055 0.00928664
60 0.734015 0.319904 0.0125807
61 0.734015 0.309081 0.00979966
62 0.734015 0.311787 0.0102134
63 0.734015 0.315827 0.0111066
64 0.734015 0.324745 0.0119556
65 0.734015 0.327468 0.0120404
66 0.734015 0.320982 0.00881138
67 0.734015 0.313021 0.00873861
68 0.734015 0.31982 0.0119011
69 0.734015 0.311367 0.0110819
70 0.734015 0.320062 0.0122266
71 0.734015 0.33333 0.011328
72 0.734015 0.319058 0.0079571
73 0.734015 0.316924 0.00922889
74 0.734015 0.326564 0.00931634
75 0.734015 0.330933 0.0106987
76 0.734015 0.336246 0.0129458
77 0.734015 0.335892 0.0118075
78 0.734015 0.342967 0.0107732
79 0.734015 0.340296 0.0101963
80 0.734015 0.335525 0.0104613
81 0.734015 0.341661 0.0102954
82 0.734015 0.350197 0.0109761
83 0.734015 0.352428 0.0111122
84 0.739748 0.345592 0.0111663
85 0.739748 0.326758 0.0100244
86 0.739748 0.329318 0.0107845
87 0.739748 0.335165 0.0118196
88 0.739748 0.338594 0.0116819
89 0.739748 0.342359 0.0118199
90 0.739748 0.347057 0.0111637
91 0.739748 0.348036 0.0122918
92 0.739748 0.35417 0.012271
93 0.739748 0.357192 0.0121033
94 0.739748 0.355708 0.0132336
95 0.739748 0.353729 0.00997035
96 0.739748 0.372099 0.0132333
97 0.754714 0.358446 0.0117073
98 0.754714 0.354582 0.0121149
99 0.754714 0.35182 0.0141818
100 0.754714 0.350966 0.0116199
101 0.754714 0.367936 0.01213
102 0.754714 0.379309 0.0141746
103 0.754714 0.393173 0.0158266
104 0.761177 0.387923 0.0150529
105 0.761177 0.385115 0.0139592
106 0.761177 0.392604 0.012371
107 0.761177 0.388438 0.0151146
108 0.761177 0.377342 0.0129781
109 0.761177 0.39577 0.0133331
110 0.761177 0.384674 0.0138416
111 0.761177 0.394915 0.0160474
112 0.761177 0.387589 0.0143447
113 0.761177 0.391057 0.014653
114 0.761177 0.391526 0.013719
115 0.761177 0.393686 0.0127423
116 0.761177 0.40708 0.0152037
117 0.761177 0.398697 0.0144009
118 0.761177 0.392629 0.0123632
119 0.761177 0.401073 0.0147906
120 0.761177 0.38428 0.0138891
121 0.761177 0.378176 0.0131015
122 0.761177 0.394429 0.0133769
123 0.761177 0.402463 0.0149593
124 0.761177 0.417337 0.0158535
125 0.761177 0.40612 0.0130129
126 0.761177 0.392694 0.0128199
127 0.761177 0.401585 0.01288
128 0.761177 0.401105 0.012967
129 0.761177 0.397063 0.0138136
130 0.761177 0.397295 0.0148843
131 0.761177 0.412997 0.0149034
132 0.761177 0.40188 0.0123894
133 0.761177 0.421053 0.0145767
134 0.763524 0.425587 0.0116465
135 0.763524 0.415731 0.0143632
136 0.763524 0.412233 0.0141136
137 0.763524 0.421158 0.0151003
138 0.763524 0.420216 0.0142116
139 0.763524 0.416354 0.0133827
140 0.763524 0.411601 0.0156592
141 0.763524 0.42113 0.0132854
142 0.763524 0.407726 0.0132043
143 0.763524 0.419195 0.0125351
144 0.763524 0.408229 0.012813
145 0.763524 0.410776 0.0131746
146 0.763524 0.412024 0.013034
147 0.763524 0.420797 0.0141875
148 0.763524 0.401606 0.0132465
149 0.763524 0.419856 0.0141757
150 0.763524 0.422988 0.0125319
151 0.763524 0.428582 0.0101273
152 0.763524 0.435054 0.0130781
153 0.763524 0.428825 0.012521
154 0.763524 0.42061 0.0132293
155 0.775393 0.426297 0.0145543
156 0.775393 0.41597 0.0159501
157 0.775393 0.397488 0.0142457
158 0.775393 0.418635 0.0115854
159 0.775393 0.433595 0.0107695
160 0.775393 0.410391 0.0132058
161 0.775393 0.424461 0.0119588
162 0.775393 0.411086 0.0110388
163 0.775393 0.418987 0.0120022
164 0.775393 0.428569 0.0147405
165 0.775393 0.43313 0.0162466
166 0.775393 0.423385 0.0127006
167 0.775393 0.432687 0.0127077
168 0.775393 0.42487 0.0122473
169 0.775393 0.428753 0.0105346
170 0.775393 0.414447 0.011218
171 0.775393 0.437682 0.0149558
172 0.775393 0.427461 0.0122457
173 0.775393 0.42505 0.013202
174 0.775393 0.418345 0.0121822
175 0.775393 0.415126 0.0149124
176 0.775393 0.409418 0.0118207
177 0.775393 0.405378 0.0144515
178 0.775393 0.421009 0.0132784
179 0.775393 0.431928 0.0149268
180 0.775393 0.421764 0.0133948
181 0.775393 0.431906 0.0141649
182 0.775393 0.432877 0.0152795
183 0.775393 0.429733 0.0116348
184 0.775393 0.418967 0.0110231
185 0.775393 0.419385 0.0127215
186 0.775393 0.417241 0.0113622
187 0.793918 0.432103 0.0147506
188 0.793918 0.429262 0.0141165
189 0.793918 0.419739 0.0141024
190 0.793918 0.426972 0.0115989
191 0.793918 0.425436 0.0132468
192 0.793918 0.416231 0.0153112
193 0.793918 0.407187 0.0148182
194 0.793918 0.419666 0.0143227
195 0.793918 0.400714 0.0135437
196 0.793918 0.402825 0.0110198
197 0.793918 0.424953 0.0133756
198 0.793918 0.4184 0.0120153
199 0.793918 0.416134 0.0111482
200 0.793918 0.408589 0.0122839
201 0.793918 0.416439 0.0150181
202 0.793918 0.401769 0.0141144
203 0.793918 0.41377 0.0140132
204 0.793918 0.408068 0.0123499
205 0.793918 0.406042 0.0125633
206 0.793918 0.397823 0.0117264
207 0.811054 0.421058 0.016544
208 0.811054 0.417394 0.0116326
209 0.811054 0.423635 0.0130283
210 0.811054 0.42388 0.0111157
211 0.811054 0.428086 0.0123905
212 0.811054 0.430051 0.0117165
213 0.811054 0.426812 0.0114728
214 0.811054 0.431296 0.015391
215 0.811054 0.441365 0.012782
216 0.811054 0.425452 0.0136902
217 0.811054 0.431506 0.0123519
218 0.811054 0.423592 0.0137914
219 0.811054 0.437298 0.014992
220 0.811054 0.418193 0.0162051
221 0.811054 0.417161 0.0142092
222 0.811054 0.430021 0.0130231
223 0.811054 0.428789 0.0139261
224 0.811054 0.435235 0.0142232
225 0.811054 0.424192 0.0149113
226 0.811054 0.418992 0.0117587
227 0.811054 0.434011 0.012713
228 0.811054 0.433408 0.0161125
229 0.811054 0.434941 0.0157343
230 0.811054 0.433775 0.011989
231 0.811054 0.438451 0.0136722
232 0.811054 0.438566 0.0133223
233 0.811054 0.444558 0.0123263
234 0.811054 0.432671 0.0137845
235 0.811054 0.435205 0.0117445
236 0.811054 0.429318 0.0131447
237 0.811054 0.417733 0.014115
238 0.811054 0.439933 0.0119567
239 0.811054 0.434643 0.0129384
240 0.811054 0.431388 0.0126156
241 0.811054 0.423633 0.0124906
242 0.811054 0.429594 0.0122137
243 0.811054 0.435636 0.0124044
244 0.811054 0.42311 0.0129769
245 0.811054 0.432877 0.0150826
246 0.811054 0.43729 0.013088
247 0.811054 0.423117 0.0134263
248 0.811054 0.431524 0.0117718
249 0.811054 0.444813 0.0132297
250 0.811054 0.440023 0.0133172
251 0.811054 0.43821 0.0124572
252 0.811054 0.438952 0.0102881
253 0.811054 0.43877 0.0106762
254 0.811054 0.437245 0.00829278
255 0.811054 0.43998 0.0105481
256 0.811054 0.442241 0.0102444
257 0.811054 0.448613 0.0130298
258 0.811054 0.433768 0.0105107
259 0.811054 0.431218 0.0112802
260 0.811054 0.434498 0.0105455
261 0.811054 0.431944 0.0113468
262 0.811054 0.422755 0.0124592
263 0.811054 0.436332 0.0151972
264 0.811054 0.443409 0.0114182
265 0.811054 0.433648 0.00984187
266 0.811054 0.433123 0.0117775
267 0.811054 0.431005 0.0117208
268 0.811626 0.443661 0.0146384
269 0.811626 0.436034 0.0116794
270 0.811626 0.448544 0.0127803
271 0.811626 0.439451 0.0108081
272 0.811626 0.443188 0.0110236
273 0.811626 0.447461 0.0126318
274 0.811626 0.437418 0.0123051
275 0.811626 0.421385 0.010605
276 0.811626 0.437972 0.0136849
277 0.811626 0.433076 0.0119979
278 0.811626 0.434358 0.0122772
279 0.811626 0.428562 0.011815
280 0.811626 0.424098 0.0128825
281 0.811626 0.418975 0.0132606
282 0.811626 0.433918 0.01248
283 0.811626 0.4306 0.0116516
284 0.811626 0.421499 0.0123406
285 0.811626 0.443828 0.0111903
286 0.811626 0.444901 0.0123457
287 0.811626 0.435586 0.0110507
288 0.811626 0.430523 0.0114804
289 0.811626 0.423708 0.0129804
290 0.811626 0.408138 0.0117299
291 0.811626 0.415154 0.0133448
292 0.811626 0.415639 0.0110181
293 0.811626 0.441919 0.0105124
294 0.811626 0.427578 0.0110723
295 0.811626 0.426441 0.0115196
296 0.811626 0.422398 0.0102323
297 0.811626 0.433736 0.0119548
298 0.811626 0.435479 0.0104765
299 0.811626 0.425467 0.0107449
300 0.811626 0.423519 0.0109686
301 0.811626 0.409021 0.0132359
302 0.811626 0.422665 0.0138306
303 0.811626 0.412325 0.0138403
304 0.811626 0.425289 0.0126559
305 0.811626 0.432993 0.0137825
306 0.811626 0.432028 0.0129112
307 0.811626 0.431316 0.0143682
308 0.811626 0.413818 0.0118474
309 0.811626 0.411322 0.0105812
310 0.811626 0.414458 0.0126031
311 0.811626 0.423144 0.0124746
312 0.811626 0.42793 0.0132716
313 0.811626 0.416344 0.0100279
314 0.811626 0.434305 0.0110738
315 0.811626 0.43018 0.0126526
316 0.811626 0.430955 0.0119051
317 0.811626 0.403 0.0109921
318 0.811626 0.404603 0.0101023
319 0.811626 0.40001 0.0123914
320 0.811626 0.398662 0.0120039
321 0.811626 0.41122 0.0118676
322 0.811626 0.427797 0.0129247
323 0.811626 0.421435 0.0106792
324 0.811626 0.406991 0.0121912
325 0.811626 0.408958 0.010346
326 0.811626 0.402246 0.0117087
327 0.811626 0.404533 0.0138497
328 0.811626 0.417243 0.0121452
329 0.814555 0.41088 0.0125056
330 0.814555 0.420321 0.011433
331 0.814555 0.414474 0.0119314
332 0.814555 0.4074 0.0111989
333 0.814555 0.405543 0.0108482
334 0.814555 0.4321 0.0129577
335 0.814555 0.422443 0.0115916
336 0.814555 0.426093 0.00995531
337 0.814555 0.422561 0.00990983
338 0.814555 0.428106 0.00864602
339 0.814555 0.421409 0.00854473
340 0.814555 0.421468 0.0105824
341 0.814555 0.417102 0.0115256
342 0.814555 0.416773 0.0120044
343 0.814555 0.42929 0.011315
344 0.814555 0.423368 0.0101894
345 0.814555 0.416266 0.0107786
346 0.814555 0.42961 0.0126599
347 0.814555 0.430025 0.0121947
348 0.814555 0.41921 0.00929638
349 0.814555 0.42939 0.0118937
350 0.814555 0.428328 0.0119471
351 0.814555 0.416736 0.00983493
352 0.814555 0.411968 0.0104279
353 0.814555 0.403318 0.0117976
354 0.814555 0.416618 0.0127496
355 0.814555 0.4164 0.00946162
356 0.814555 0.404692 0.0118137
357 0.814555 0.403844 0.0116597
358 0.814555 0.421821 0.0124422
359 0.814555 0.42638 0.0132414
360 0.814555 0.410052 0.011985
361 0.814555 0.406528 0.015144
362 0.814555 0.408113 0.0118295
363 0.814555 0.398598 0.0115196
364 0.814555 0.402213 0.0108489
365 0.814555 0.405883 0.0127285
366 0.814555 0.402147 0.0135946
367 0.814555 0.392679 0.011248
368 0.814555 0.398061 0.0123799
369 0.814555 0.406662 0.0115031
370 0.814555 0.408651 0.0113834
371 0.814555 0.40249 0.0124586
372 0.814555 0.409101 0.0104755
373 0.814555 0.428642 0.012754
374 0.814555 0.419746 0.0110373
375 0.814555 0.408804 0.0101766
376 0.814555 0.392944 0.00951313
377 0.814555 0.402711 0.00942635
378 0.814555 0.395245 0.0135001
379 0.814555 0.400716 0.0139938
380 0.814555 0.416107 0.0127919
381 0.814555 0.415816 0.0113896
382 0.814555 0.410665 0.0135452
383 0.814555 0.409743 0.0125903
384 0.81773 0.414902 0.014113
385 0.81773 0.407333 0.0135348
386 0.81773 0.406571 0.0103915
387 0.81773 0.402154 0.0122582
388 0.81773 0.406187 0.0136257
389 0.81773 0.420444 0.0138951
390 0.81773 0.420326 0.0112138
391 0.81773 0.437854 0.0113212
392 0.81773 0.424792 0.0101635
393 0.81773 0.427388 0.0121717
394 0.81773 0.397855 0.0121408
395 0.81773 0.405467 0.0128347
396 0.81773 0.412968 0.0129622
397 0.81773 0.401146 0.0103694
398 0.81773 0.396103 0.00934417
399 0.81773 0.393343 0.0100106
400 0.81773 0.402591 0.00969006
401 0.81773 0.387275 0.0097244
402 0.81773 0.389951 0.0110013
403 0.81773 0.399583 0.0100649
404 0.81773 0.405254 0.0118652
405 0.81773 0.407274 0.0109571
406 0.81773 0.411099 0.0132145
407 0.81773 0.42241 0.0112871
408 0.81773 0.415403 0.0117931
409 0.81773 0.422036 0.0130855
410 0.81773 0.424527 0.0106795
411 0.81773 0.403595 0.0121056
412 0.81773 0.397633 0.0116109
413 0.81773 0.406596 0.0110297
414 0.81773 0.413294 0.0117427
415 0.81773 0.41293 0.00965296
416 0.81773 0.409294 0.0104044
417 0.81773 0.406314 0.0102685
418 0.81773 0.404289 0.0113367
419 0.81773 0.418155 0.0137096
420 0.81773 0.413232 0.0113807
421 0.81773 0.414172 0.0113047
422 0.81773 0.419886 0.0117895
423 0.81773 0.419059 0.0143437
424 0.81773 0.40546 0.0100759
425 0.81773 0.417589 0.0143272
426 0.81773 0.41417 0.0105337
427 0.81773 0.415689 0.0122215
428 0.81773 0.424672 0.0119029
429 0.81773 0.421566 0.0115813
430 0.81773 0.434126 0.0153604
431 0.81773 0.434072 0.0142064
432 0.81773 0.441576 0.0136478
433 0.81773 0.418152 0.0121493
434 0.81773 0.434261 0.0132684
435 0.81773 0.436208 0.0125848
436 0.81773 0.435041 0.0106697
437 0.81773 0.437312 0.0111029
438 0.81773 0.434235 0.0113145
439 0.81773 0.436458 0.011968
440 0.81773 0.45299 0.0112638
441 0.81773 0.453571 0.0109177
442 0.81773 0.427989 0.0117253
443 0.81773 0.433286 0.0103718
444 0.81773 0.436051 0.0104826
445 0.81773 0.427838 0.0103415
446 0.81773 0.418453 0.0103554
447 0.81773 0.424908 0.0106328
448 0.81773 0.432099 0.0106976
449 0.81773 0.436481 0.0133821
450 0.81773 0.433408 0.0144761
451 0.81773 0.427496 0.0110409
452 0.81773 0.43758 0.0107331
453 0.81773 0.440492 0.00859859
454 0.81773 0.442956 0.0126812
455 0.81773 0.430003 0.0110667
456 0.81773 0.431229 0.0100229
457 0.81773 0.427183 0.00984345
458 0.81773 0.430473 0.0117271
459 0.81773 0.431234 0.011749
460 0.81773 0.430272 0.0113157
461 0.81773 0.433812 0.0119883
462 0.81773 0.458184 0.01433
463 0.81773 0.446242 0.0135463
464 0.81773 0.415948 0.0102179
465 0.81773 0.424628 0.0106456
466 0.81773 0.422403 0.0125483
467 0.81773 0.433853 0.0142021
468 0.81773 0.432852 0.0107179
469 0.81773 0.437075 0.0116067
470 0.81773 0.429747 0.0110759
471 0.81773 0.432264 0.0126086
472 0.81773 0.440935 0.011622
473 0.81773 0.439407 0.0111051
474 0.81773 0.441019 0.0136551
475 0.81773 0.442072 0.0128714
476 0.81773 0.434694 0.0103228
477 0.81773 0.428835 0.00917684
478 0.81773 0.429573 0.0124183
479 0.81773 0.421488 0.01101
480 0.81773 0.455281 0.00972497
481 0.81773 0.434295 0.00874586
482 0.81773 0.44969 0.0120241
483 0.81773 0.437864 0.0101621
484 0.81773 0.429982 0.0118632
485 0.81773 0.446322 0.012894
486 0.81773 0.429763 0.0118141
487 0.81773 0.422514 0.0145087
488 0.81773 0.417448 0.013049
489 0.81773 0.40856 0.0129002
490 0.81773 0.410348 0.0135465
491 0.81773 0.406402 0.0102841
492 0.81773 0.408741 0.0110148
493 0.81773 0.427081 0.0121217
494 0.81773 0.412297 0.0114057
495 0.81773 0.406545 0.0121152
496 0.81773 0.416922 0.010329
497 0.81773 0.398236 0.0136921
498 0.81773 0.40092 0.0119189
499 0.81773 0.403883 0.0147637
500 0.81773 0.401777 0.0134952
501 0.81773 0.416023 0.013615
502 0.81773 0.419155 0.0157436
503 0.81773 0.407027 0.0115625
504 0.81773 0.412686 0.0114386
505 0.81773 0.411814 0.0121168
506 0.81773 0.403791 0.0105543
507 0.81773 0.417805 0.0108018
508 0.81773 0.412322 0.0122875
509 0.81773 0.416899 0.0128769
510 0.81773 0.424527 0.013884
511 0.81773 0.412592 0.0120831
512 0.81773 0.421475 0.00982513
513 0.81773 0.422137 0.00978627
514 0.82152 0.426713 0.0133487
515 0.82152 0.424336 0.012389
516 0.82152 0.435682 0.0145434
517 0.82152 0.421851 0.0119204
518 0.82152 0.413598 0.00921462
519 0.82152 0.411416 0.0122199
520 0.82152 0.420033 0.0124254
521 0.82152 0.432955 0.0128472
522 0.82152 0.426555 0.0118588
523 0.82152 0.415729 0.012684
524 0.82152 0.410273 0.0104235
525 0.82152 0.423872 0.01158
526 0.82152 0.418574 0.0111584
527 0.82152 0.433323 0.0117691
528 0.82152 0.414752 0.00971943
529 0.82152 0.415757 0.0137922
530 0.82152 0.406665 0.0142085
531 0.82152 0.40561 0.0100778
532 0.82152 0.40648 0.012741
533 0.82152 0.412154 0.0147092
534 0.82152 0.423856 0.0137774
535 0.82152 0.432957 0.01234
536 0.82152 0.434334 0.0128267
537 0.82152 0.434251 0.0122113
538 0.82152 0.41499 0.0116007
539 0.82152 0.415013 0.01117
540 0.82152 0.427357 0.0114314
541 0.82152 0.418399 0.0136296
542 0.82152 0.41019 0.00965254
543 0.82152 0.399537 0.0112964
544 0.82152 0.421406 0.0106893
545 0.82152 0.418929 0.0121358
546 0.82152 0.418128 0.0149153
547 0.82152 0.425386 0.0142157
548 0.82152 0.431673 0.0122142
549 0.82152 0.424292 0.0123752
550 0.82152 0.416009 0.0127895
551 0.82152 0.419777 0.0110732
552 0.82152 0.41103 0.00985538
553 0.82152 0.419151 0.00996724
554 0.82152 0.425898 0.0130139
555 0.82152 0.413387 0.0120837
556 0.82152 0.407188 0.0138495
557 0.82152 0.406886 0.0154135
558 0.82152 0.416045 0.0140955
559 0.82152 0.409913 0.0113694
560 0.82152 0.399386 0.0109044
561 0.82152 0.402464 0.0120372
562 0.82152 0.409157 0.0128262
563 0.82152 0.400841 0.0135004
564 0.82152 0.396493 0.0114519
565 0.82152 0.38997 0.0118122
566 0.82152 0.394603 0.0091716
567 0.82152 0.41289 0.0143018
568 0.82152 0.413312 0.0139117
569 0.82152 0.399015 0.0106748
570 0.82152 0.4125 0.0128686
571 0.82152 0.401958 0.0108287
572 0.82152 0.405608 0.0142775
573 0.82152 0.405811 0.00978262
574 0.82152 0.400141 0.0103673
575 0.824042 0.426187 0.0123022
576 0.824042 0.420227 0.0132727
577 0.824042 0.42116 0.0158016
578 0.824042 0.426768 0.0138341
579 0.824042 0.419209 0.0133967
580 0.824042 0.409036 0.0126478
581 0.824042 0.421457 0.0127874
582 0.824042 0.410462 0.0129122
583 0.824042 0.405735 0.012648
584 0.824042 0.404916 0.0137102
585 0.824042 0.40803 0.0139761
586 0.824042 0.407073 0.0150174
587 0.824042 0.420271 0.0121089
588 0.824042 0.411086 0.0129101
589 0.824042 0.395914 0.0124267
590 0.824042 0.405722 0.013069
591 0.824042 0.409611 0.0133032
592 0.824042 0.421387 0.01452
593 0.824042 0.414429 0.0150993
594 0.824042 0.435219 0.0118642
595 0.824042 0.419006 0.0130493
596 0.824042 0.417113 0.0123265
597 0.824042 0.407081 0.0119871
598 0.824042 0.409086 0.0141102
599 0.824042 0.420132 0.0139009
600 0.824042 0.415156 0.0130777
601 0.824042 0.403082 0.0152002
602 0.824042 0.407441 0.0156873
603 0.824042 0.416234 0.0147667
604 0.824042 0.413488 0.0139383
605 0.824042 0.416112 0.0138822
606 0.824042 0.420839 0.0132782
607 0.824042 0.419744 0.0142182
608 0.824042 0.417219 0.0160631
609 0.824042 0.415947 0.01266
610 0.824042 0.405424 0.0114692
611 0.824042 0.415754 0.0114989
612 0.824042 0.414058 0.0139441
613 0.824042 0.403846 0.0145392
614 0.824042 0.420113 0.0155459
615 0.824042 0.427612 0.0124975
616 0.824042 0.434143 0.0114882
617 0.824042 0.439429 0.0149249
618 0.824042 0.444098 0.0139284
619 0.824042 0.44063 0.0144191
620 0.824042 0.443611 0.0132991
621 0.824042 0.436579 0.0139304
622 0.824042 0.430367 0.0136116
623 0.824042 0.430538 0.0139404
624 0.824042 0.432009 0.0125894
625 0.824042 0.443225 0.0120804
626 0.824042 0.43175 0.0141858
627 0.824042 0.438167 0.0141876
628 0.824042 0.435409 0.0141228
629 0.824042 0.431879 0.012422
630 0.824042 0.433361 0.0119774
631 0.824042 0.427647 0.0124569
632 0.824042 0.437248 0.0103347
633 0.824042 0.437479 0.0116766
634 0.824042 0.454627 0.0117738
635 0.824042 0.467495 0.013245
636 0.824042 0.46412 0.0136799
637 0.824042 0.431708 0.0129675
638 0.824042 0.427297 0.0114997
639 0.824042 0.426357 0.010844
640 0.824042 0.424117 0.0119157
641 0.824042 0.426374 0.0134743
642 0.824042 0.416557 0.0145391
643 0.824042 0.417969 0.013796
644 0.824042 0.434612 0.012333
645 0.824042 0.42748 0.0125358
646 0.824042 0.419366 0.0143206
647 0.824042 0.429259 0.0169317
648 0.824042 0.417075 0.0146274
649 0.824042 0.416609 0.0155211
650 0.824042 0.430276 0.0139548
651 0.824042 0.445466 0.0124085
652 0.824042 0.429533 0.0114062
653 0.824042 0.430838 0.015766
654 0.824042 0.425304 0.0127998
655 0.824042 0.426821 0.0113215
656 0.824042 0.423771 0.0101591
657 0.824042 0.41107 0.0143669
658 0.824042 0.414464 0.0139781
659 0.824042 0.424349 0.0147687
660 0.824042 0.425244 0.0142404
661 0.824042 0.419577 0.0133304
662 0.824042 0.422748 0.0133917
663 0.824042 0.432393 0.0163281
664 0.824042 0.418506 0.0158717
665 0.824042 0.437621 0.0144157
666 0.824042 0.442498 0.0131368
667 0.824042 0.436952 0.0130355
668 0.824042 0.436003 0.0135286
669 0.824042 0.423866 0.0115492
670 0.824042 0.43318 0.013538
671 0.824042 0.438475 0.0139479
672 0.824042 0.44368 0.014777
673 0.824042 0.43551 0.0132835
674 0.824042 0.423549 0.0125946
675 0.824042 0.439512 0.0131242
676 0.824042 0.435602 0.0119218
677 0.824042 0.42866 0.0113939
678 0.824042 0.433479 0.0119209
679 0.824042 0.430085 0.0107797
680 0.824042 0.43699 0.0119732
681 0.824042 0.429098 0.0117116
682 0.824042 0.442006 0.0121124
683 0.824042 0.424898 0.0101548
684 0.824042 0.435056 0.0124427
685 0.824042 0.417637 0.0118272
686 0.824042 0.41914 0.0099249
687 0.824042 0.405801 0.00986019
688 0.824042 0.403907 0.0106063
689 0.824042 0.419762 0.0126727
690 0.824042 0.425054 0.011817
691 0.824042 0.422441 0.0122132
692 0.824042 0.429319 0.0113231
693 0.824042 0.422652 0.0117398
694 0.824042 0.431535 0.0108172
695 0.824042 0.421928 0.0130811
696 0.824042 0.415818 0.0110806
697 0.824042 0.426573 0.0131489
698 0.824042 0.433348 0.015273
699 0.824042 0.435976 0.0175379
700 0.824042 0.429818 0.0113336
701 0.824042 0.414372 0.0126197
702 0.824042 0.429323 0.011615
703 0.824042 0.428388 0.0127074
704 0.824042 0.426309 0.0121278
705 0.824042 0.438683 0.0145346
706 0.824042 0.428258 0.0121495
707 0.824042 0.419011 0.0111993
708 0.824042 0.42582 0.0128588
709 0.824042 0.422457 0.0131342
710 0.824042 0.418887 0.0129508
711 0.824042 0.40339 0.0104808
712 0.824042 0.42083 0.0125586
713 0.824042 0.406816 0.0119498
714 0.824042 0.42513 0.01431
715 0.824042 0.435863 0.0135832
716 0.824042 0.433506 0.0130502
717 0.824042 0.428097 0.011544
718 0.824042 0.432593 0.012053
719 0.824042 0.431423 0.0128398
720 0.824042 0.423147 0.0111133
721 0.824042 0.424761 0.01207
722 0.824042 0.428678 0.0104774
723 0.824042 0.435626 0.0135395
724 0.824042 0.429637 0.0110903
725 0.824042 0.425485 0.0109523
726 0.824042 0.429359 0.0111917
727 0.824042 0.428649 0.0126154
728 0.824042 0.426213 0.0116866
729 0.824042 0.415522 0.0148799
730 0.824042 0.418976 0.0140426
731 0.824042 0.408947 0.0130488
732 0.824042 0.405994 0.0133998
733 0.824042 0.413598 0.0138644
734 0.824042 0.403686 0.0118589
735 0.824042 0.415884 0.0124778
736 0.824042 0.413487 0.0135491
737 0.824042 0.402626 0.0138191
738 0.824042 0.413075 0.0138315
739 0.824042 0.411609 0.0127254
740 0.824042 0.411715 0.0138265
741 0.824042 0.400545 0.0117996
742 0.824042 0.405194 0.0147321
743 0.824042 0.395872 0.0130686
744 0.824042 0.400173 0.0130676
745 0.824042 0.404461 0.0148896
746 0.824042 0.402117 0.0122666
747 0.824042 0.402654 0.0134771
748 0.824042 0.408153 0.0146552
749 0.824042 0.399957 0.0135392
750 0.824042 0.407332 0.0145746
751 0.824042 0.41871 0.0146533
752 0.824042 0.416403 0.012683
753 0.824042 0.408415 0.0121416
754 0.824042 0.400329 0.0126071
755 0.824042 0.405964 0.0120383
756 0.824042 0.429615 0.014062
757 0.824042 0.421452 0.0148907
758 0.824042 0.415189 0.0144897
759 0.824042 0.417363 0.0129532
760 0.824042 0.396599 0.0124992
761 0.824042 0.41366 0.0131693
762 0.824042 0.420062 0.0142908
763 0.824042 0.427882 0.0143991
764 0.824042 0.421939 0.0135456
765 0.824042 0.429968 0.0133272
766 0.824042 0.443989 0.0136304
767 0.824042 0.452892 0.0142551
768 0.824042 0.444144 0.0157061
769 0.824042 0.436042 0.0147788
770 0.824042 0.440814 0.0107895
771 0.824042 0.4535 0.0129033
772 0.824042 0.449742 0.0123271
773 0.824042 0.451114 0.0134998
774 0.824042 0.442602 0.0133156
775 0.824042 0.426259 0.0108875
776 0.824042 0.415899 0.0139429
777 0.824042 0.430021 0.0149585
778 0.824042 0.435373 0.0144976
779 0.824042 0.42738 0.0163937
780 0.824042 0.427667 0.013659
781 0.824042 0.421679 0.0139972
782 0.824042 0.41637 0.0127131
783 0.824042 0.417985 0.0113012
784 0.824042 0.423243 0.0125579
785 0.824042 0.441007 0.0107482
786 0.824042 0.435052 0.0109947
787 0.824042 0.418131 0.0115035
788 0.824042 0.432432 0.0110386
789 0.824042 0.447816 0.012701
790 0.824042 0.426205 0.0119872
791 0.824042 0.431612 0.0111047
792 0.824042 0.42396 0.0106827
793 0.824042 0.428723 0.011669
794 0.824042 0.41954 0.0104636
795 0.824042 0.431762 0.0113287
796 0.824042 0.428119 0.0111127
797 0.824042 0.425999 0.0114155
798 0.824042 0.428909 0.0139116
799 0.824042 0.421637 0.0109059
800 0.824042 0.430594 0.0129156
801 0.824042 0.411338 0.0118112
802 0.824042 0.409594 0.0124777
803 0.824042 0.425481 0.0116419
804 0.824042 0.425597 0.0138466
805 0.824042 0.412792 0.0123423
806 0.824042 0.42321 0.0120216
807 0.824042 0.427867 0.012032
808 0.824042 0.43851 0.0122223
809 0.824042 0.429402 0.0148624
810 0.824042 0.441559 0.0154999
811 0.824042 0.439344 0.012975
812 0.824042 0.439665 0.0121518
813 0.824042 0.443223 0.0140116
814 0.824042 0.447947 0.0138116
815 0.824042 0.436489 0.0119012
816 0.824042 0.453902 0.0131305
817 0.824042 0.456066 0.0126186
818 0.824042 0.435083 0.0130169
819 0.824042 0.437405 0.0138845
820 0.824042 0.431212 0.0135888
821 0.824042 0.422191 0.0108665
822 0.824042 0.432794 0.0147448
823 0.824042 0.430948 0.0141268
824 0.824042 0.420844 0.0120776
825 0.824042 0.43782 0.0131734
826 0.824042 0.444471 0.012062
827 0.824042 0.451576 0.0143766
828 0.824042 0.44187 0.014878
829 0.824042 0.452728 0.0131958
830 0.824042 0.4477 0.0140562
831 0.824042 0.450652 0.0110665
832 0.824042 0.456699 0.010188
833 0.824042 0.449462 0.0118388
834 0.824042 0.446191 0.0106999
835 0.824042 0.453716 0.0110888
836 0.824042 0.443965 0.0111344
837 0.824042 0.446385 0.0107487
838 0.824042 0.439301 0.0102265
839 0.824042 0.458578 0.0136918
840 0.824042 0.448814 0.0152984
841 0.824042 0.432321 0.0124394
842 0.824042 0.445132 0.0134313
843 0.824042 0.45245 0.0129149
844 0.824042 0.454331 0.0123799
845 0.824042 0.43899 0.0105418
846 0.824042 0.431417 0.0125409
847 0.824042 0.426451 0.0128805
848 0.824042 0.431399 0.011501
849 0.824042 0.433286 0.0123728
850 0.824042 0.440302 0.0138311
851 0.824042 0.439778 0.0127347
852 0.824042 0.427772 0.0119449
853 0.824042 0.428253 0.0127423
854 0.824042 0.434512 0.0114893
855 0.824042 0.422622 0.0106056
856 0.824042 0.416547 0.00943077
857 0.824042 0.42378 0.0125485
858 0.824042 0.41331 0.0116535
859 0.824042 0.418286 0.0142752
860 0.824042 0.426468 0.0132706
861 0.824042 0.423265 0.0123186
862 0.824042 0.430858 0.0133915
863 0.824042 0.413618 0.0144124
864 0.824042 0.410759 0.0130451
865 0.824042 0.423508 0.0148464
866 0.824042 0.418127 0.0114276
867 0.824042 0.418895 0.0110459
868 0.824042 0.423398 0.0112517
869 0.824042 0.422644 0.0124365
870 0.824042 0.410377 0.0125862
871 0.824042 0.428235 0.0165375
872 0.824042 0.439378 0.0163602
873 0.824042 0.425901 0.0124827
874 0.824042 0.410783 0.0122234
875 0.824042 0.403889 0.0126975
876 0.824042 0.410555 0.0157513
877 0.824042 0.416895 0.0132143
878 0.824042 0.413104 0.0134526
879 0.824042 0.417128 0.0152543
880 0.824042 0.433291 0.0151123
881 0.824042 0.426767 0.0166221
882 0.824042 0.431234 0.0157749
883 0.824042 0.418799 0.0154041
884 0.824042 0.400433 0.0131571
885 0.824042 0.416544 0.013909
886 0.824042 0.407995 0.0119507
887 0.824042 0.415718 0.015101
888 0.824042 0.393627 0.0114262
889 0.824042 0.407521 0.0128731
890 0.824042 0.418497 0.0139419
891 0.824042 0.419196 0.0143234
892 0.824042 0.425166 0.0125177
893 0.824042 0.44757 0.0144215
894 0.824042 0.435189 0.0149823
895 0.824042 0.432699 0.0155484
896 0.824042 0.433758 0.0139853
897 0.824042 0.438132 0.0155797
898 0.824042 0.434774 0.0154184
899 0.824042 0.43102 0.012195
900 0.824042 0.433757 0.0109236
901 0.824042 0.418115 0.0129953
902 0.824042 0.424115 0.0116455
903 0.824042 0.438336 0.0125199
904 0.824042 0.437098 0.0122167
905 0.824042 0.425232 0.011343
906 0.824042 0.431154 0.011895
907 0.824042 0.426068 0.0126902
908 0.824042 0.429085 0.0146441
909 0.824042 0.427173 0.0147812
910 0.824042 0.446404 0.0108697
911 0.824042 0.438903 0.0125615
912 0.824042 0.439296 0.0131661
913 0.824042 0.436105 0.0112512
914 0.824042 0.429651 0.0121067
915 0.824042 0.418034 0.0120289
916 0.824042 0.413279 0.0113891
917 0.824042 0.423314 0.013473
918 0.824042 0.422712 0.0114683
919 0.824042 0.431617 0.0108526
920 0.824042 0.4304 0.0116831
921 0.824042 0.43404 0.0129158
922 0.824042 0.425454 0.0152927
923 0.824042 0.417368 0.0143659
924 0.824042 0.411081 0.0143381
925 0.824042 0.406042 0.0123785
926 0.824042 0.423056 0.0142751
927 0.824042 0.402034 0.0132416
928 0.824042 0.427945 0.0162832
929 0.824042 0.415979 0.0157927
930 0.824042 0.407108 0.0151541
931 0.824042 0.412789 0.0140186
932 0.824042 0.412509 0.0128288
933 0.824042 0.421467 0.013672
934 0.824042 0.415403 0.013109
935 0.824042 0.41001 0.014491
936 0.824042 0.414599 0.0136622
937 0.824042 0.405465 0.0102597
938 0.824042 0.403692 0.0113332
939 0.824042 0.40878 0.0141786
940 0.824042 0.418312 0.0123373
941 0.824042 0.411956 0.0127975
942 0.824042 0.418312 0.0151114
943 0.824042 0.415001 0.0134266
944 0.824042 0.433436 0.0155117
945 0.824042 0.426304 0.0155376
946 0.824042 0.417269 0.0137582
947 0.824042 0.416664 0.0125967
948 0.824042 0.408768 0.0139802
949 0.824042 0.443292 0.0132986
950 0.824042 0.414585 0.0121847
951 0.824042 0.413747 0.0129184
952 0.824042 0.409646 0.0146438
953 0.824042 0.413394 0.0111812
954 0.824042 0.409678 0.0106512
955 0.824042 0.420748 0.0134306
956 0.824042 0.407197 0.0119114
957 0.824042 0.393747 0.0125816
958 0.824042 0.405384 0.0105172
959 0.824042 0.411477 0.0112248
960 0.824042 0.416529 0.0108889
961 0.824042 0.422279 0.0112645
962 0.824042 0.409347 0.0101847
963 0.824042 0.405731 0.00979308
964 0.824042 0.41337 0.011921
965 0.824042 0.416081 0.00984331
966 0.824042 0.412878 0.0117251
967 0.824042 0.421431 0.011504
968 0.824042 0.426431 0.0111025
969 0.824042 0.434244 0.0126279
970 0.824042 0.430024 0.0129768
971 0.824042 0.425339 0.0142527
972 0.824042 0.420417 0.010002
973 0.824042 0.428352 0.0106781
974 0.824042 0.440924 0.011544
975 0.824042 0.431631 0.00933163
976 0.824042 0.43493 0.01081
977 0.824042 0.424608 0.0110875
978 0.824042 0.432814 0.0133307
979 0.824042 0.443795 0.0124105
980 0.824042 0.439711 0.00983074
981 0.824042 0.445642 0.0124722
982 0.824042 0.446328 0.0105819
983 0.824042 0.445161 0.0126511
984 0.824042 0.446253 0.0114316
985 0.824042 0.43313 0.013332
986 0.824042 0.45268 0.0154618
987 0.824042 0.427408 0.0110072
988 0.824042 0.419693 0.0116328
989 0.824042 0.439734 0.0147772
990 0.824042 0.424416 0.0143997
991 0.824042 0.413995 0.0106273
992 0.824042 0.423997 0.0116686
993 0.824042 0.437613 0.011289
994 0.824042 0.443287 0.0115849
995 0.824042 0.429408 0.012027
996 0.824042 0.432785 0.0103283
997 0.824042 0.426838 0.0114136
998 0.824042 0.423388 0.0111231
999 0.824042 0.41751 0.0132192
1000 0.824042 0.429615 0.0128206
