0 0.450733 0.251712 0.000753056
1 0.450733 0.256126 0.00123187
2 0.450733 0.261865 0.00154646
3 0.450733 0.270278 0.00230279
4 0.450733 0.27265 0.00344628
5 0.450733 0.278453 0.00433651
6 0.450733 0.277151 0.00482252
7 0.450733 0.281401 0.00505642
8 0.450733 0.286744 0.00482041
9 0.483915 0.287265 0.00652433
10 0.483915 0.285714 0.00554112
11 0.483915 0.281479 0.0047862
12 0.514404 0.289076 0.00649351
13 0.514404 0.289435 0.00695722
14 0.514404 0.282885 0.00669732
15 0.514404 0.286853 0.00741594
16 0.514404 0.295229 0.00797937
17 0.514404 0.295349 0.00704285
18 0.514404 0.290902 0.0080362
19 0.514404 0.290921 0.00904915
20 0.514404 0.299891 0.00953768
21 0.532239 0.2943 0.00966675
22 0.532239 0.298543 0.0085507
23 0.563997 0.301694 0.0101125
24 0.563997 0.298782 0.00965958
25 0.563997 0.299154 0.0097122
26 0.595052 0.30547 0.0112228
27 0.597429 0.310279 0.0127403
28 0.597429 0.300376 0.0126974
29 0.602221 0.293494 0.013371
30 0.616955 0.325983 0.0148739
31 0.616955 0.301139 0.0133641
32 0.616955 0.300624 0.0116394
33 0.625054 0.319272 0.0159678
34 0.625054 0.336847 0.0188094
35 0.625054 0.341536 0.0200646
36 0.625054 0.344268 0.0233545
37 0.625054 0.341996 0.0208508
38 0.625054 0.341436 0.0219759
39 0.625054 0.347429 0.0215007
40 0.657572 0.34867 0.0247239
41 0.657572 0.359229 0.024084
42 0.667843 0.355136 0.0246142
43 0.667843 0.370495 0.0260755
44 0.667843 0.376743 0.0226397
45 0.667843 0.390945 0.0225077
46 0.667843 0.398992 0.0238469
47 0.667843 0.394634 0.0236256
48 0.667843 0.398037 0.0212258
49 0.667843 0.410979 0.0226993
50 0.667843 0.414724 0.0213772
51 0.693607 0.415079 0.0215529
52 0.693607 0.425752 0.0199254
53 0.693607 0.428237 0.0203976
54 0.693607 0.427381 0.0199183
55 0.693607 0.431992 0.0198905
56 0.693607 0.419553 0.0191212
57 0.693607 0.436276 0.0160131
58 0.693607 0.451079 0.016766
59 0.693607 0.449493 0.0205333
60 0.693607 0.463949 0.0172381
61 0.698395 0.455122 0.0190144
62 0.698714 0.459487 0.01603
63 0.698714 0.455916 0.0185204
64 0.698714 0.45542 0.0209973
65 0.709157 0.450128 0.0205229
66 0.709157 0.456125 0.0232869
67 0.709157 0.460847 0.0200753
68 0.709157 0.472 0.018804
69 0.709157 0.470258 0.0199847
70 0.709157 0.476412 0.0214323
71 0.738155 0.474165 0.0184541
72 0.738155 0.476632 0.0207431
73 0.738155 0.47214 0.021259
74 0.738155 0.473969 0.0182686
75 0.738155 0.469176 0.0186668
76 0.738155 0.477381 0.0175138
77 0.738155 0.474336 0.0175707
78 0.74498 0.476311 0.0202587
79 0.74498 0.475918 0.0170085
80 0.74498 0.474847 0.0196423
81 0.749488 0.47164 0.0217486
82 0.749488 0.488567 0.0209345
83 0.749488 0.497334 0.0189069
84 0.749488 0.494803 0.0226983
85 0.749488 0.483506 0.0183908
86 0.749488 0.474481 0.0201054
87 0.749488 0.500547 0.0207498
88 0.749488 0.491008 0.0204664
89 0.75141 0.48625 0.0211123
90 0.756938 0.475507 0.0246979
91 0.776274 0.479488 0.0273794
92 0.776274 0.478729 0.0250693
93 0.776274 0.475776 0.0278014
94 0.776274 0.491064 0.0241831
95 0.776274 0.527781 0.0219313
96 0.776274 0.529445 0.0222456
97 0.776274 0.510361 0.0213395
98 0.776274 0.488079 0.0257329
99 0.776274 0.502364 0.0249753
100 0.776274 0.480166 0.0250304
101 0.776274 0.507758 0.0233713
102 0.776274 0.521768 0.0217322
103 0.776274 0.543927 0.0191211
104 0.776274 0.515332 0.0203724
105 0.776274 0.522697 0.0220094
106 0.776274 0.518249 0.0242577
107 0.776274 0.508926 0.0256429
108 0.776274 0.501494 0.0216012
109 0.776274 0.52966 0.0216011
110 0.77809 0.509911 0.0210231
111 0.788917 0.522237 0.0249429
112 0.788917 0.540697 0.0175422
113 0.788917 0.491288 0.0229554
114 0.788917 0.505814 0.0245055
115 0.788917 0.517169 0.0206286
116 0.788917 0.523142 0.0207507
117 0.788917 0.50554 0.0203929
118 0.788917 0.504879 0.0233256
119 0.788917 0.519632 0.0215872
120 0.788917 0.503763 0.0269398
121 0.788917 0.502849 0.0268648
122 0.790287 0.516064 0.0298546
123 0.790287 0.527208 0.0254765
124 0.790287 0.520808 0.0237637
125 0.790287 0.533413 0.0238882
126 0.790287 0.527763 0.0223186
127 0.790287 0.527294 0.0268198
128 0.790287 0.517977 0.0268054
129 0.790287 0.51138 0.027318
130 0.790287 0.535267 0.0266902
131 0.798605 0.531359 0.0246978
132 0.798605 0.524572 0.0245299
133 0.798605 0.532761 0.0225628
134 0.798605 0.509082 0.0236188
135 0.798605 0.515353 0.0253663
136 0.798605 0.525 0.0291103
137 0.798605 0.537327 0.0247793
138 0.798605 0.529854 0.0213278
139 0.809485 0.530122 0.0233847
140 0.809485 0.527424 0.0228178
141 0.811931 0.549613 0.0225037
142 0.811931 0.52618 0.0223819
143 0.811931 0.531609 0.0218502
144 0.811931 0.52083 0.0194098
145 0.811931 0.51998 0.0243776
146 0.847893 0.518237 0.0292103
147 0.847893 0.510769 0.0309164
148 0.847893 0.5036 0.0253831
149 0.847893 0.506728 0.0253833
150 0.847893 0.501588 0.0273269
151 0.847893 0.509566 0.0319548
152 0.847893 0.499685 0.0300923
153 0.847893 0.511369 0.0296898
154 0.849764 0.506208 0.0309927
155 0.849764 0.520089 0.0361385
156 0.849764 0.525698 0.0324932
157 0.849764 0.514226 0.0336462
158 0.849764 0.502871 0.0277881
159 0.849764 0.505942 0.0303999
160 0.849764 0.518575 0.032405
161 0.849764 0.526362 0.0253402
162 0.859193 0.515758 0.0264424
163 0.859193 0.528299 0.0291316
164 0.859193 0.527225 0.0254642
165 0.859193 0.531709 0.0224697
166 0.859193 0.522064 0.0285768
167 0.859193 0.525902 0.0315481
168 0.859193 0.53368 0.027469
169 0.859193 0.541409 0.0259231
170 0.860498 0.531947 0.0323728
171 0.860498 0.544373 0.0347618
172 0.860498 0.544783 0.0309265
173 0.869587 0.556776 0.0333473
174 0.869587 0.547038 0.0397285
175 0.869587 0.558481 0.0369339
176 0.869587 0.560919 0.0389158
177 0.869673 0.573633 0.0317282
178 0.869673 0.553619 0.0312965
179 0.869673 0.549611 0.0290056
180 0.869673 0.566339 0.0302869
181 0.869673 0.586334 0.0325766
182 0.869673 0.576091 0.0269179
183 0.869673 0.584868 0.0261685
184 0.869673 0.57766 0.0302121
185 0.869673 0.567338 0.0317151
186 0.869673 0.553898 0.0347665
187 0.869673 0.554584 0.029243
188 0.869673 0.518104 0.0277594
189 0.870695 0.545232 0.0326751
190 0.870695 0.522438 0.0324798
191 0.870695 0.546234 0.0354483
192 0.870695 0.553687 0.0356245
193 0.870695 0.538167 0.0319177
194 0.870695 0.540153 0.0307332
195 0.870695 0.532095 0.0330126
196 0.870695 0.527993 0.0321492
197 0.870695 0.524811 0.0338338
198 0.870695 0.535 0.0347192
199 0.870695 0.522985 0.0343691
200 0.870695 0.515333 0.0308282
201 0.870695 0.535407 0.0372216
202 0.870695 0.515718 0.0315134
203 0.870695 0.517953 0.0363989
204 0.870695 0.513625 0.0348147
205 0.870695 0.527872 0.0337501
206 0.870695 0.540525 0.0277228
207 0.870695 0.52598 0.0350266
208 0.870695 0.550717 0.0294935
209 0.870695 0.532874 0.0357658
210 0.870695 0.527231 0.0347982
211 0.870695 0.554359 0.0320714
212 0.870695 0.566554 0.0321313
213 0.870695 0.562043 0.0334906
214 0.873886 0.515862 0.041087
215 0.873886 0.510816 0.0369076
216 0.873886 0.524637 0.0351829
217 0.873886 0.52801 0.032645
218 0.873886 0.524736 0.0320574
219 0.873886 0.526387 0.0305695
220 0.873886 0.52646 0.0330869
221 0.873886 0.523621 0.0355765
222 0.873886 0.519152 0.043523
223 0.873886 0.536504 0.0373242
224 0.873886 0.541354 0.031665
225 0.873886 0.54427 0.0337933
226 0.873886 0.560432 0.0392383
227 0.873886 0.549957 0.033402
228 0.873886 0.559796 0.0355013
229 0.873886 0.556067 0.0318429
230 0.873886 0.541227 0.033781
231 0.873886 0.550189 0.0332194
232 0.873886 0.549578 0.0338689
233 0.873886 0.558754 0.0363521
234 0.873886 0.548423 0.0327488
235 0.873886 0.550922 0.0323761
236 0.873886 0.530169 0.031447
237 0.873886 0.529494 0.0362789
238 0.873886 0.524567 0.0333794
239 0.873886 0.526873 0.0287461
240 0.873886 0.542341 0.0300737
241 0.873886 0.535064 0.0332914
242 0.873886 0.528291 0.0304448
243 0.873886 0.536203 0.0321135
244 0.873886 0.541759 0.0305599
245 0.873886 0.552113 0.0355509
246 0.873886 0.560146 0.030144
247 0.873886 0.546494 0.0271971
248 0.873886 0.552807 0.0274189
249 0.873886 0.553321 0.0288877
250 0.873886 0.557929 0.0291969
251 0.873886 0.554666 0.0337273
252 0.873886 0.548253 0.0293431
253 0.873886 0.557864 0.0309273
254 0.873978 0.54338 0.0334958
255 0.873978 0.580128 0.0324277
256 0.873978 0.574803 0.0317098
257 0.873978 0.55888 0.0295491
258 0.873978 0.559704 0.0292537
259 0.873978 0.544355 0.0311405
260 0.873978 0.532117 0.0276488
261 0.873978 0.528213 0.0341502
262 0.873978 0.543194 0.0310539
263 0.873978 0.563968 0.0343321
264 0.873978 0.549201 0.0318224
265 0.873978 0.540379 0.0308805
266 0.873978 0.561888 0.0312697
267 0.873978 0.55334 0.0289327
268 0.873978 0.561003 0.0311351
269 0.873978 0.569842 0.0297418
270 0.873978 0.554648 0.0312644
271 0.873978 0.55672 0.0320345
272 0.873978 0.586423 0.0251949
273 0.873978 0.562679 0.0246538
274 0.873978 0.539286 0.0271793
275 0.873978 0.544764 0.0331854
276 0.873978 0.528127 0.0315549
277 0.873978 0.54072 0.0313066
278 0.873978 0.54153 0.0292781
279 0.873978 0.556357 0.028256
280 0.873978 0.565254 0.0285914
281 0.873978 0.559778 0.0299973
282 0.873978 0.563097 0.0311618
283 0.873978 0.537857 0.0379626
284 0.873978 0.533279 0.0319536
285 0.873978 0.550272 0.0377385
286 0.873978 0.536766 0.0395521
287 0.873978 0.535255 0.0373847
288 0.873978 0.518282 0.0349793
289 0.873978 0.540752 0.0355764
290 0.873978 0.528271 0.0361359
291 0.873978 0.545541 0.0351137
292 0.873978 0.583376 0.0324303
293 0.873978 0.574033 0.030791
294 0.873978 0.563732 0.0351733
295 0.873978 0.555063 0.0315301
296 0.873978 0.528879 0.0332648
297 0.873978 0.513541 0.0316271
298 0.873978 0.506553 0.0345148
299 0.873978 0.518552 0.0362192
300 0.873978 0.504756 0.0381697
301 0.873978 0.534392 0.0355977
302 0.873978 0.526699 0.0377487
303 0.873978 0.536199 0.0392025
304 0.873978 0.534515 0.0336422
305 0.873978 0.543305 0.0273705
306 0.873978 0.525338 0.0315081
307 0.873978 0.542984 0.030544
308 0.873978 0.551548 0.033174
309 0.873978 0.542726 0.0348068
310 0.873978 0.526409 0.0338306
311 0.873978 0.534249 0.0277735
312 0.873978 0.528103 0.0281162
313 0.873978 0.548121 0.0303744
314 0.873978 0.552612 0.0267096
315 0.873978 0.546214 0.0305333
316 0.873978 0.573694 0.0257967
317 0.873978 0.566843 0.0269025
318 0.873978 0.557129 0.0313931
319 0.873978 0.548777 0.0279051
320 0.873978 0.544684 0.02899
321 0.873978 0.55462 0.0293353
322 0.873978 0.537954 0.0296696
323 0.881511 0.547773 0.0361461
324 0.881511 0.526161 0.0338707
325 0.881511 0.52078 0.0370422
326 0.881511 0.524876 0.0374167
327 0.881511 0.494057 0.0367953
328 0.881511 0.508186 0.0327667
329 0.881511 0.515864 0.0281814
330 0.881511 0.527115 0.0330926
331 0.881511 0.528257 0.0304894
332 0.881511 0.539067 0.0311334
333 0.881511 0.533088 0.0335834
334 0.881511 0.536572 0.0369053
335 0.881511 0.517052 0.0357579
336 0.881511 0.525616 0.0412405
337 0.881511 0.527122 0.0371312
338 0.881511 0.531053 0.0349483
339 0.881511 0.55664 0.034001
340 0.881511 0.546942 0.031559
341 0.881511 0.546193 0.0330742
342 0.881511 0.555805 0.0310223
343 0.881511 0.548253 0.0314424
344 0.881511 0.565002 0.028366
345 0.881511 0.552063 0.0273559
346 0.881511 0.573051 0.0290923
347 0.881511 0.572544 0.0301522
348 0.881511 0.565906 0.0309935
349 0.881511 0.535176 0.0294348
350 0.881511 0.557753 0.0280778
351 0.881511 0.542372 0.0314929
352 0.881511 0.538945 0.0299502
353 0.881511 0.566312 0.0312479
354 0.881511 0.563614 0.0348679
355 0.881511 0.559958 0.040322
356 0.881511 0.539474 0.0363978
357 0.881511 0.550064 0.037655
358 0.881511 0.553368 0.0346639
359 0.881511 0.526843 0.0417511
360 0.881511 0.549103 0.034071
361 0.881511 0.541961 0.0368252
362 0.881511 0.513261 0.037372
363 0.881511 0.505614 0.0404865
364 0.88204 0.523454 0.0359397
365 0.88204 0.52968 0.0361416
366 0.88204 0.555832 0.0381568
367 0.88204 0.529509 0.0323992
368 0.88204 0.524728 0.0341432
369 0.88204 0.522928 0.0341931
370 0.88204 0.517913 0.0385447
371 0.88204 0.538713 0.0422851
372 0.88204 0.532437 0.0339403
373 0.88204 0.534755 0.0321468
374 0.88204 0.527312 0.0334424
375 0.88204 0.534869 0.0361104
376 0.88204 0.527011 0.0355361
377 0.88204 0.523111 0.0386123
378 0.88204 0.541703 0.0388033
379 0.88204 0.529326 0.0361141
380 0.88204 0.521569 0.0319659
381 0.88204 0.562334 0.0356725
382 0.88204 0.559251 0.0329667
383 0.88204 0.548381 0.0293636
384 0.88204 0.539765 0.0345861
385 0.88204 0.542973 0.0339493
386 0.88204 0.55517 0.0362131
387 0.88204 0.55214 0.0400528
388 0.88204 0.526464 0.0403046
389 0.88204 0.536129 0.0420633
390 0.88204 0.540964 0.0343214
391 0.882085 0.522428 0.0406618
392 0.882085 0.522797 0.0373452
393 0.882085 0.521449 0.0361044
394 0.882085 0.53692 0.0365349
395 0.882085 0.515281 0.0369064
396 0.882085 0.542927 0.0400768
397 0.882085 0.555142 0.0337503
398 0.882085 0.55645 0.0299034
399 0.882085 0.564468 0.0253736
400 0.88215 0.536844 0.0313229
401 0.88215 0.547656 0.0325122
402 0.88215 0.551304 0.0299728
403 0.88217 0.549757 0.0288656
404 0.88217 0.586969 0.0298689
405 0.88217 0.56383 0.026635
406 0.88217 0.54516 0.0308808
407 0.88217 0.573995 0.025374
408 0.88217 0.567651 0.0347553
409 0.88217 0.587311 0.0324846
410 0.88217 0.58266 0.0303999
411 0.88217 0.571487 0.0298901
412 0.88217 0.568099 0.0326436
413 0.88217 0.560698 0.033899
414 0.88217 0.576172 0.0280354
415 0.88217 0.570915 0.0273436
416 0.88217 0.55808 0.029047
417 0.88217 0.560092 0.0288427
418 0.88217 0.548605 0.0326356
419 0.88217 0.561701 0.034073
420 0.88217 0.564105 0.0295058
421 0.88217 0.574376 0.0331715
422 0.88217 0.540875 0.0343523
423 0.882311 0.538637 0.0365021
424 0.882311 0.548317 0.0359793
425 0.882311 0.563994 0.0301729
426 0.882311 0.553539 0.0308364
427 0.882311 0.570547 0.0325013
428 0.882311 0.595252 0.0379032
429 0.882311 0.602878 0.0369912
430 0.882311 0.590253 0.034637
431 0.882311 0.562369 0.0378995
432 0.882311 0.555042 0.0348181
433 0.882311 0.566287 0.0341556
434 0.882311 0.56521 0.0333386
435 0.882311 0.565439 0.029678
436 0.882311 0.564876 0.0320053
437 0.882311 0.570198 0.0345133
438 0.882311 0.543773 0.0312058
439 0.882311 0.545259 0.032321
440 0.882311 0.531099 0.034565
441 0.882311 0.544145 0.0339998
442 0.882311 0.536026 0.0377331
443 0.882311 0.531814 0.0305307
444 0.882311 0.553723 0.0308282
445 0.882311 0.551522 0.0319046
446 0.882311 0.564551 0.0326041
447 0.882311 0.559399 0.0318948
448 0.882311 0.554958 0.0296322
449 0.882311 0.541614 0.0363066
450 0.882311 0.547007 0.0371244
451 0.882311 0.536632 0.0334127
452 0.882311 0.534431 0.033376
453 0.882311 0.548607 0.0382734
454 0.882311 0.531922 0.0387398
455 0.882311 0.543322 0.041331
456 0.882311 0.520185 0.040003
457 0.882311 0.535571 0.0340486
458 0.882311 0.537504 0.0303642
459 0.882311 0.553578 0.036339
460 0.882311 0.53415 0.0402325
461 0.882311 0.535148 0.0381865
462 0.882311 0.528193 0.0368818
463 0.882311 0.546179 0.0339992
464 0.882311 0.558034 0.0422054
465 0.882311 0.578625 0.0421687
466 0.882311 0.579695 0.0363457
467 0.882311 0.574418 0.032316
468 0.882311 0.574927 0.0335006
469 0.882311 0.563201 0.0349995
470 0.882311 0.566767 0.0328417
471 0.882311 0.559981 0.0320296
472 0.882311 0.548208 0.0331457
473 0.882311 0.563873 0.0288529
474 0.882311 0.52349 0.0330208
475 0.882311 0.533332 0.0308762
476 0.882311 0.560347 0.0298964
477 0.882311 0.573929 0.0337081
478 0.882311 0.578631 0.0321498
479 0.882311 0.57619 0.0355419
480 0.882311 0.563734 0.0360803
481 0.882311 0.561031 0.0308693
482 0.882311 0.557163 0.0362019
483 0.882311 0.562131 0.0398016
484 0.882311 0.549622 0.0382315
485 0.882311 0.528005 0.0338196
486 0.882311 0.549556 0.0315522
487 0.882311 0.557945 0.0335077
488 0.882311 0.550287 0.0349342
489 0.882311 0.552892 0.0329645
490 0.882311 0.557012 0.0373378
491 0.882311 0.569151 0.0398223
492 0.882311 0.549415 0.0352421
493 0.882311 0.568166 0.0357001
494 0.882311 0.552422 0.0345207
495 0.882311 0.554002 0.0338968
496 0.882311 0.559026 0.0332974
497 0.882311 0.545675 0.035968
498 0.882311 0.559485 0.0365491
499 0.882311 0.536228 0.0373115
500 0.882311 0.529535 0.0332965
501 0.882311 0.513764 0.034034
502 0.882311 0.537001 0.0341486
503 0.882311 0.526549 0.0336985
504 0.882311 0.531893 0.0317783
505 0.882311 0.536349 0.034059
506 0.882311 0.562316 0.0363953
507 0.882311 0.551782 0.0373959
508 0.882311 0.562124 0.0336893
509 0.882311 0.569916 0.0291298
510 0.882311 0.549706 0.0284591
511 0.882311 0.553151 0.0329679
512 0.882311 0.565068 0.0323308
513 0.882311 0.548639 0.0272582
514 0.882311 0.548575 0.0256826
515 0.882311 0.553498 0.0310513
516 0.882311 0.56439 0.033552
517 0.882311 0.566687 0.0312972
518 0.882311 0.555438 0.0319305
519 0.882311 0.548382 0.03323
520 0.882311 0.554235 0.0332277
521 0.882311 0.554173 0.0324402
522 0.882311 0.562434 0.0333218
523 0.882311 0.563912 0.0337975
524 0.882311 0.549062 0.0303566
525 0.882311 0.557625 0.0294738
526 0.882311 0.548454 0.0280417
527 0.882311 0.575116 0.0308328
528 0.882311 0.5954 0.0272577
529 0.882311 0.581883 0.0290138
530 0.882311 0.578863 0.030777
531 0.882311 0.562711 0.0321407
532 0.882311 0.574671 0.0370567
533 0.882311 0.565302 0.036328
534 0.882311 0.554081 0.0366407
535 0.882311 0.566048 0.0342053
536 0.882311 0.578842 0.0321877
537 0.882441 0.524568 0.0359057
538 0.882441 0.545933 0.0356522
539 0.882441 0.528337 0.028139
540 0.882441 0.547345 0.0266202
541 0.882441 0.574836 0.0324468
542 0.882441 0.568229 0.0353391
543 0.882441 0.564571 0.0289836
544 0.882441 0.572053 0.030397
545 0.882441 0.575314 0.0353146
546 0.882441 0.571309 0.031907
547 0.882441 0.559136 0.0352658
548 0.882441 0.569712 0.0342144
549 0.882441 0.555987 0.0308625
550 0.882441 0.574212 0.0305644
551 0.882441 0.585286 0.0283949
552 0.882441 0.565617 0.0309791
553 0.882441 0.551402 0.0330964
554 0.882441 0.563457 0.035496
555 0.882441 0.563312 0.0374909
556 0.882441 0.563991 0.0334375
557 0.882441 0.56798 0.0325895
558 0.882441 0.552182 0.0302473
559 0.882441 0.541563 0.0293071
560 0.882441 0.564951 0.0355197
561 0.882441 0.545328 0.0344992
562 0.882441 0.561211 0.0357842
563 0.882441 0.548331 0.0351478
564 0.882441 0.542398 0.0332459
565 0.882441 0.533345 0.0353449
566 0.882441 0.542669 0.0357875
567 0.882441 0.544857 0.0286969
568 0.882441 0.545137 0.0351075
569 0.882441 0.558171 0.0312248
570 0.882441 0.562997 0.034616
571 0.882441 0.57988 0.0318421
572 0.882441 0.576961 0.0396021
573 0.882441 0.577943 0.0353863
574 0.882441 0.568862 0.0329982
575 0.882441 0.566118 0.0323845
576 0.882441 0.566724 0.0337204
577 0.882441 0.559696 0.0317521
578 0.882441 0.56391 0.0350552
579 0.882441 0.564907 0.0331717
580 0.882441 0.560959 0.0308371
581 0.882441 0.54783 0.0294159
582 0.882441 0.552288 0.0332921
583 0.882441 0.53386 0.0300985
584 0.882441 0.531029 0.032437
585 0.882441 0.542797 0.0337146
586 0.882441 0.554124 0.0326122
587 0.882441 0.555247 0.0304527
588 0.882441 0.533873 0.0348687
589 0.882441 0.531166 0.0313059
590 0.882442 0.543318 0.0355728
591 0.882442 0.54271 0.0363513
592 0.882442 0.542777 0.0358132
593 0.882442 0.536267 0.0329364
594 0.882442 0.525234 0.0382867
595 0.882445 0.542323 0.039408
596 0.882445 0.53 0.0347054
597 0.882445 0.522394 0.030003
598 0.882445 0.534955 0.0262233
599 0.882445 0.544145 0.035088
600 0.882445 0.520395 0.0347347
601 0.882448 0.54721 0.0335558
602 0.882448 0.53358 0.0301995
603 0.882448 0.549379 0.0324284
604 0.882448 0.562243 0.0345837
605 0.882448 0.548374 0.0392932
606 0.882448 0.536241 0.0374383
607 0.882448 0.519014 0.0345975
608 0.882448 0.526128 0.0361037
609 0.882448 0.540074 0.0325327
610 0.882448 0.531338 0.031177
611 0.882448 0.523078 0.03311
612 0.882448 0.528296 0.0307159
613 0.882448 0.546756 0.032923
614 0.882448 0.532875 0.0302243
615 0.882448 0.525731 0.0351197
616 0.882448 0.530591 0.0365572
617 0.882448 0.545808 0.0350897
618 0.882448 0.529208 0.0306844
619 0.882448 0.550308 0.0325418
620 0.882448 0.566419 0.0413059
621 0.882448 0.552039 0.0306313
622 0.882448 0.551306 0.034831
623 0.882448 0.551236 0.0373446
624 0.882448 0.55858 0.0305044
625 0.882448 0.548906 0.0310263
626 0.882448 0.540777 0.0301866
627 0.882465 0.52638 0.0366881
628 0.882465 0.545603 0.0362391
629 0.882465 0.548343 0.0342373
630 0.882465 0.554604 0.0294333
631 0.882465 0.537105 0.0289863
632 0.882465 0.517419 0.0327072
633 0.882465 0.539752 0.0297543
634 0.882465 0.546318 0.0316248
635 0.882465 0.572947 0.0303527
636 0.882465 0.561688 0.0320256
637 0.882465 0.582962 0.0318775
638 0.882465 0.564918 0.0342348
639 0.882465 0.55673 0.0284512
640 0.882465 0.553412 0.0272507
641 0.882465 0.563954 0.0286672
642 0.882465 0.566378 0.0261628
643 0.882465 0.555868 0.0305737
644 0.882465 0.568141 0.0334643
645 0.882465 0.569911 0.0373646
646 0.882465 0.544774 0.0413835
647 0.882465 0.54142 0.0341284
648 0.882465 0.537097 0.0354912
649 0.882465 0.518181 0.0374288
650 0.882465 0.532846 0.0374238
651 0.882465 0.512524 0.0348275
652 0.882465 0.533933 0.0384208
653 0.882465 0.531998 0.0405988
654 0.882465 0.521189 0.0396611
655 0.882465 0.521059 0.0449562
656 0.882465 0.521238 0.0441238
657 0.882465 0.518315 0.0434948
658 0.882465 0.547685 0.0349804
659 0.882465 0.572159 0.0340895
660 0.882465 0.560567 0.0320087
661 0.882465 0.576515 0.0344684
662 0.882465 0.542753 0.0341921
663 0.882465 0.54831 0.0332738
664 0.882465 0.539219 0.033618
665 0.882465 0.540519 0.03236
666 0.882465 0.556808 0.0343443
667 0.882465 0.543153 0.0323271
668 0.882465 0.529621 0.0319259
669 0.882465 0.534762 0.0275778
670 0.882465 0.542314 0.0337935
671 0.882465 0.551153 0.0325104
672 0.882465 0.541826 0.0295434
673 0.882465 0.562734 0.0343081
674 0.882465 0.557967 0.031748
675 0.882465 0.556476 0.0342101
676 0.882465 0.545715 0.0339028
677 0.882465 0.544942 0.0354073
678 0.882465 0.542379 0.0315909
679 0.882465 0.524087 0.0358274
680 0.882465 0.531667 0.0313808
681 0.882465 0.526731 0.0308647
682 0.882465 0.549355 0.0365421
683 0.882465 0.526869 0.0389253
684 0.882465 0.544122 0.0384332
685 0.882465 0.5443 0.034808
686 0.882465 0.526693 0.0345308
687 0.882465 0.551685 0.0300208
688 0.882465 0.54607 0.0299873
689 0.882465 0.562091 0.0298832
690 0.882465 0.560057 0.0308386
691 0.882465 0.560402 0.0297376
692 0.882465 0.563844 0.0355995
693 0.882465 0.553435 0.0375294
694 0.882465 0.569329 0.0397528
695 0.882465 0.568907 0.0326945
696 0.882465 0.533939 0.0304093
697 0.882465 0.551806 0.0334378
698 0.882465 0.55898 0.0321614
699 0.882465 0.572519 0.0323512
700 0.882465 0.568539 0.032152
701 0.882465 0.56587 0.0366594
702 0.882465 0.539522 0.0330907
703 0.882465 0.555205 0.0331796
704 0.882465 0.55558 0.0312104
705 0.882465 0.535755 0.0327013
706 0.882465 0.556704 0.0335535
707 0.882465 0.537602 0.0288556
708 0.882465 0.520435 0.0323057
709 0.882465 0.533951 0.0366142
710 0.882465 0.539948 0.033231
711 0.882465 0.570912 0.0305758
712 0.882465 0.571858 0.0338179
713 0.882465 0.586336 0.0367944
714 0.882465 0.61138 0.0299723
715 0.882465 0.582446 0.0267006
716 0.882465 0.590425 0.0294855
717 0.882465 0.581946 0.0293097
718 0.882465 0.579253 0.0292443
719 0.882465 0.584692 0.028231
720 0.882465 0.547109 0.0335726
721 0.882465 0.561147 0.0303835
722 0.882465 0.57209 0.030744
723 0.882465 0.543146 0.0320426
724 0.882465 0.551005 0.0274707
725 0.882465 0.566206 0.0312698
726 0.882465 0.551293 0.0285765
727 0.882465 0.540205 0.0341488
728 0.882465 0.580261 0.0326751
729 0.882465 0.552181 0.0330168
730 0.882465 0.562579 0.0319965
731 0.882465 0.562371 0.033483
732 0.882465 0.551779 0.0315502
733 0.882465 0.558419 0.0317418
734 0.882465 0.566218 0.0294385
735 0.882465 0.561249 0.0324891
736 0.882465 0.531483 0.0283811
737 0.882465 0.537885 0.0329372
738 0.882465 0.533697 0.0325722
739 0.882465 0.551944 0.0333649
740 0.882465 0.56391 0.0351612
741 0.882465 0.567921 0.0396854
742 0.882465 0.564244 0.0386939
743 0.882465 0.542771 0.0407736
744 0.882465 0.565912 0.0374589
745 0.882465 0.572542 0.03865
746 0.882465 0.558657 0.0384889
747 0.882465 0.553078 0.0382782
748 0.882465 0.572602 0.0382517
749 0.882465 0.554737 0.0420629
750 0.882465 0.53131 0.0346242
751 0.882465 0.546465 0.0326389
752 0.882465 0.549146 0.0312524
753 0.882465 0.543762 0.0363371
754 0.882465 0.547779 0.0320538
755 0.882465 0.528319 0.035032
756 0.882465 0.536397 0.0359342
757 0.882465 0.557882 0.0429021
758 0.882465 0.559004 0.0351609
759 0.882465 0.545648 0.0402304
760 0.882465 0.559933 0.0352857
761 0.882465 0.556263 0.0335258
762 0.882465 0.546348 0.0322501
763 0.882465 0.542137 0.027922
764 0.882465 0.548841 0.0276228
765 0.882465 0.554963 0.0325426
766 0.882465 0.551294 0.0331414
767 0.882465 0.542624 0.0346077
768 0.882465 0.530144 0.0341838
769 0.882465 0.554068 0.036545
770 0.882465 0.530093 0.0337116
771 0.882465 0.537252 0.0377044
772 0.882465 0.540932 0.0363714
773 0.882465 0.516347 0.0349347
774 0.882465 0.54387 0.035225
775 0.882465 0.539237 0.0378876
776 0.882465 0.535837 0.033068
777 0.882465 0.540621 0.0326186
778 0.882465 0.530382 0.0401714
779 0.882465 0.536358 0.0358731
780 0.882465 0.523979 0.0414152
781 0.882465 0.518282 0.0357416
782 0.882465 0.554082 0.0372215
783 0.882465 0.545905 0.0368303
784 0.882465 0.569804 0.033066
785 0.882465 0.568595 0.0318705
786 0.882465 0.558183 0.0357105
787 0.882465 0.535989 0.0344518
788 0.882465 0.542228 0.0330902
789 0.882465 0.552289 0.0302253
790 0.882465 0.553561 0.0301622
791 0.882465 0.564987 0.0350039
792 0.882465 0.519197 0.0423356
793 0.882465 0.539984 0.0359607
794 0.882465 0.547092 0.0320003
795 0.882465 0.548498 0.034386
796 0.882465 0.548477 0.0357019
797 0.882465 0.533119 0.0324858
798 0.882465 0.564669 0.0338461
799 0.882465 0.567523 0.0358226
800 0.882465 0.541167 0.0356653
801 0.882465 0.546593 0.0387365
802 0.882465 0.564452 0.0367287
803 0.882465 0.563524 0.0335249
804 0.882465 0.552328 0.0360195
805 0.882465 0.551646 0.0326057
806 0.882465 0.541167 0.0327465
807 0.882465 0.556139 0.0348651
808 0.882465 0.582251 0.0318417
809 0.882465 0.579093 0.0297349
810 0.882465 0.575842 0.0332901
811 0.882465 0.574425 0.0310644
812 0.882465 0.524112 0.0352741
813 0.882465 0.530036 0.0310564
814 0.882465 0.542066 0.0338062
815 0.882465 0.50753 0.0353807
816 0.882465 0.521519 0.0344953
817 0.882465 0.556359 0.0367276
818 0.882465 0.535973 0.0374956
819 0.882465 0.541471 0.0367447
820 0.882465 0.516947 0.0362334
821 0.882465 0.523899 0.0368061
822 0.882465 0.5241 0.0408685
823 0.882465 0.535863 0.0345269
824 0.882465 0.544307 0.0352974
825 0.882465 0.520866 0.0338163
826 0.882465 0.516455 0.0331231
827 0.882465 0.531869 0.0378694
828 0.882465 0.529461 0.0391458
829 0.882465 0.520582 0.0292578
830 0.882465 0.545898 0.0341368
831 0.882465 0.524846 0.034448
832 0.882465 0.540604 0.0383334
833 0.882465 0.521117 0.0334878
834 0.882465 0.527955 0.0391769
835 0.882465 0.541753 0.0396638
836 0.882465 0.518981 0.0378166
837 0.882465 0.520907 0.0349196
838 0.882465 0.535697 0.037091
839 0.882465 0.541712 0.0354894
840 0.882465 0.52024 0.0365009
841 0.882465 0.534347 0.0312102
842 0.882465 0.541927 0.0315142
843 0.882465 0.545123 0.0326009
844 0.882465 0.538217 0.0361899
845 0.882465 0.531733 0.0341213
846 0.882465 0.53439 0.034987
847 0.882465 0.540964 0.0340229
848 0.882465 0.554591 0.0344838
849 0.882465 0.558332 0.0364273
850 0.882465 0.544509 0.0333958
851 0.882465 0.530397 0.0293372
852 0.882465 0.550343 0.0289795
853 0.882465 0.566594 0.0350143
854 0.882465 0.561716 0.0332667
855 0.882465 0.550345 0.0387524
856 0.882465 0.567614 0.0302285
857 0.882465 0.554054 0.0319173
858 0.882465 0.546705 0.0327937
859 0.882465 0.54759 0.0323084
860 0.882465 0.543357 0.0304049
861 0.882465 0.538339 0.0316676
862 0.882465 0.54466 0.0307889
863 0.882465 0.551849 0.0322339
864 0.882465 0.542515 0.0317449
865 0.882465 0.530537 0.0323311
866 0.882465 0.544811 0.031978
867 0.882465 0.536589 0.0361463
868 0.882465 0.538561 0.036172
869 0.882465 0.553698 0.0307703
870 0.882465 0.562346 0.0353837
871 0.882465 0.546459 0.0377195
872 0.882465 0.536242 0.0311176
873 0.882465 0.565397 0.0342764
874 0.882465 0.539748 0.0350749
875 0.882465 0.560236 0.0330019
876 0.882465 0.563406 0.0314311
877 0.882465 0.540081 0.03343
878 0.882465 0.528367 0.0326368
879 0.882465 0.544108 0.0325
880 0.882465 0.552307 0.0319828
881 0.882465 0.553411 0.0338433
882 0.882465 0.546387 0.0343647
883 0.882465 0.525445 0.0367326
884 0.882465 0.540997 0.0358992
885 0.882465 0.546309 0.0380704
886 0.882465 0.543209 0.0383057
887 0.882465 0.549618 0.0358025
888 0.882465 0.566201 0.0361582
889 0.882465 0.55156 0.0372129
890 0.882465 0.550702 0.0374731
891 0.882465 0.545845 0.032718
892 0.882465 0.531246 0.0312334
893 0.882465 0.513869 0.0308344
894 0.882465 0.507743 0.0358764
895 0.882465 0.524477 0.0342883
896 0.882465 0.544879 0.0363158
897 0.882465 0.536758 0.0317133
898 0.882465 0.550092 0.0330206
899 0.882465 0.548146 0.0283807
900 0.882465 0.578465 0.0328988
901 0.882465 0.587984 0.0337233
902 0.882465 0.587686 0.0294728
903 0.882465 0.567264 0.0302113
904 0.882465 0.554533 0.034992
905 0.882465 0.584532 0.0418076
906 0.882465 0.562648 0.0414781
907 0.882465 0.557483 0.0415922
908 0.882465 0.542642 0.0393792
909 0.882465 0.529513 0.0358289
910 0.882465 0.522158 0.040698
911 0.882465 0.533172 0.0382672
912 0.882465 0.540098 0.0352959
913 0.882465 0.516965 0.0374395
914 0.882465 0.520685 0.0358291
915 0.882465 0.544519 0.0398558
916 0.882465 0.547303 0.033344
917 0.882465 0.561115 0.0301269
918 0.882465 0.553809 0.0303333
919 0.882465 0.547932 0.0321701
920 0.882465 0.555392 0.030068
921 0.882465 0.553679 0.0389505
922 0.882465 0.529994 0.0349339
923 0.882465 0.526153 0.0319027
924 0.882465 0.523484 0.0367384
925 0.882465 0.51516 0.0358854
926 0.882465 0.522536 0.0405567
927 0.882465 0.550594 0.0390319
928 0.882465 0.544195 0.0376017
929 0.882465 0.558793 0.0384164
930 0.882465 0.543379 0.0371333
931 0.882465 0.543742 0.0359332
932 0.882465 0.569677 0.0357194
933 0.882465 0.57215 0.032983
934 0.882465 0.584449 0.0317084
935 0.882465 0.564494 0.0340647
936 0.882465 0.572562 0.0371738
937 0.882471 0.557088 0.0340383
938 0.882471 0.554112 0.0310372
939 0.882471 0.57226 0.0347892
940 0.882471 0.56224 0.0341581
941 0.882471 0.564119 0.0329958
942 0.882471 0.530092 0.0289686
943 0.882471 0.570391 0.0360616
944 0.882471 0.542166 0.0346591
945 0.887225 0.537854 0.0348221
946 0.887225 0.535338 0.0385194
947 0.887225 0.537653 0.0334316
948 0.887225 0.546991 0.0308314
949 0.887225 0.567312 0.0331465
950 0.887225 0.547076 0.0383786
951 0.887225 0.529858 0.0370365
952 0.887225 0.525863 0.0373354
953 0.887225 0.534411 0.0388152
954 0.887225 0.531263 0.0385331
955 0.887225 0.524739 0.0332901
956 0.887225 0.533982 0.0338632
957 0.887225 0.561934 0.0356843
958 0.887225 0.558022 0.0326184
959 0.887225 0.548188 0.033448
960 0.887225 0.553626 0.0277466
961 0.887225 0.548917 0.0345826
962 0.887225 0.549343 0.0336528
963 0.887225 0.564736 0.0342976
964 0.887225 0.551236 0.0292206
965 0.887225 0.541296 0.0292189
966 0.887225 0.525051 0.0278575
967 0.887225 0.546994 0.0302168
968 0.887225 0.551041 0.032284
969 0.887225 0.561032 0.0290235
970 0.887225 0.562731 0.0311911
971 0.887225 0.532899 0.0333635
972 0.887225 0.543928 0.0335637
973 0.887225 0.536525 0.0319371
974 0.887225 0.538756 0.03229
975 0.887225 0.550539 0.0372197
976 0.887225 0.526234 0.0378296
977 0.887225 0.551097 0.0383583
978 0.887225 0.541401 0.0370562
979 0.887225 0.545586 0.0393804
980 0.887225 0.539543 0.038169
981 0.887225 0.546682 0.0289043
982 0.887225 0.537782 0.033664
983 0.887225 0.527447 0.0313441
984 0.887225 0.534436 0.0320997
985 0.887225 0.546062 0.0346564
986 0.887225 0.515827 0.0363481
987 0.887225 0.523031 0.0307209
988 0.887225 0.517872 0.040053
989 0.887225 0.532632 0.0350842
990 0.887225 0.553298 0.0323168
991 0.887225 0.56994 0.0313515
992 0.887225 0.553151 0.0319297
993 0.887225 0.521773 0.0366815
994 0.887225 0.545514 0.0354589
995 0.887225 0.527841 0.0338214
996 0.887225 0.548642 0.0376449
997 0.887225 0.551738 0.0348647
998 0.887225 0.554455 0.0387792
999 0.887225 0.571641 0.0350384
1000 0.887225 0.564726 0.0307126
