0 0.25328 0.250017 1.32361e-07
1 0.288205 0.250506 1.564e-05
2 0.294831 0.250963 3.80427e-05
3 0.294831 0.250988 3.77077e-05
4 0.294831 0.251674 8.87097e-05
5 0.385644 0.252446 0.00025677
6 0.385644 0.252999 0.000314107
7 0.404119 0.254458 0.000537249
8 0.472944 0.256158 0.00118749
9 0.472944 0.256834 0.00119724
10 0.472944 0.256339 0.00122115
11 0.489444 0.257286 0.00148196
12 0.489444 0.253234 0.00136645
13 0.489444 0.253961 0.00128628
14 0.508908 0.258945 0.0019408
15 0.508908 0.258067 0.00164244
16 0.508908 0.257671 0.00214172
17 0.508908 0.259037 0.00186097
18 0.508908 0.260062 0.00201159
19 0.508908 0.261746 0.00220935
20 0.508908 0.260717 0.00207216
21 0.508908 0.260322 0.0021816
22 0.508908 0.263858 0.00274064
23 0.508908 0.261926 0.00283415
24 0.508908 0.258365 0.00171302
25 0.566751 0.266288 0.00323766
26 0.598374 0.263794 0.00385921
27 0.598374 0.260289 0.00280196
28 0.598761 0.263636 0.00381155
29 0.598761 0.261697 0.00291518
30 0.598761 0.261091 0.00280122
31 0.598761 0.258422 0.00367995
32 0.629221 0.261931 0.00458669
33 0.629221 0.263673 0.00369256
34 0.629221 0.26307 0.003151
35 0.629221 0.2656 0.00442378
36 0.629221 0.258984 0.00411607
37 0.629221 0.262768 0.00367842
38 0.629221 0.262181 0.00360599
39 0.629221 0.260789 0.0033361
40 0.629221 0.260503 0.00321884
41 0.629221 0.263344 0.00425547
42 0.629221 0.266844 0.00550019
43 0.629221 0.269565 0.00488995
44 0.629221 0.268527 0.00548431
45 0.629221 0.265708 0.00373986
46 0.629221 0.267883 0.00399377
47 0.629221 0.269349 0.0039802
48 0.629221 0.268592 0.00403578
49 0.630453 0.267747 0.00525607
50 0.630453 0.264467 0.00365869
51 0.630453 0.262743 0.00368605
52 0.630453 0.266895 0.00469762
53 0.630453 0.269086 0.00423011
54 0.630453 0.273517 0.00502904
55 0.630453 0.272785 0.0055183
56 0.630453 0.277294 0.00586751
57 0.630453 0.278144 0.00607369
58 0.630453 0.275075 0.00403219
59 0.630453 0.275919 0.00505917
60 0.630453 0.271405 0.00465787
61 0.630453 0.271742 0.00448738
62 0.630453 0.270195 0.00390998
63 0.630453 0.269509 0.0041346
64 0.630453 0.280119 0.00608891
65 0.630453 0.276301 0.00508331
66 0.630453 0.275724 0.00462598
67 0.630453 0.272767 0.00478682
68 0.630453 0.27513 0.00595724
69 0.630453 0.277114 0.00606558
70 0.630453 0.277984 0.0058972
71 0.630453 0.277534 0.0053734
72 0.630453 0.284823 0.0059353
73 0.630453 0.286852 0.00659704
74 0.630453 0.284522 0.00719742
75 0.630453 0.292355 0.00667882
76 0.630453 0.297045 0.00738395
77 0.645488 0.299215 0.00839967
78 0.645488 0.279366 0.00533082
79 0.645488 0.283927 0.00570927
80 0.645488 0.296328 0.00856701
81 0.645488 0.289007 0.00728612
82 0.645488 0.285049 0.00634934
83 0.645488 0.293709 0.00685544
84 0.645488 0.282989 0.005559
85 0.645488 0.282879 0.00608179
86 0.645488 0.290205 0.00672916
87 0.645488 0.286671 0.00722564
88 0.645488 0.282115 0.00559792
89 0.702202 0.280854 0.00802944
90 0.702202 0.285908 0.00798089
91 0.702202 0.288882 0.00751806
92 0.702202 0.294586 0.00696721
93 0.702202 0.29436 0.00841764
94 0.702202 0.286032 0.00650465
95 0.702202 0.28262 0.00647712
96 0.702202 0.291987 0.00871487
97 0.702202 0.298832 0.0101391
98 0.720829 0.294491 0.0113124
99 0.720829 0.292432 0.00771936
100 0.720829 0.293099 0.00779777
101 0.720829 0.297228 0.00699097
102 0.720829 0.308818 0.00910511
103 0.73156 0.307478 0.0110256
104 0.73156 0.291069 0.00732961
105 0.73156 0.301478 0.00938225
106 0.73156 0.29991 0.00809787
107 0.73156 0.3038 0.00792236
108 0.73156 0.301931 0.00906661
109 0.73156 0.295501 0.00883065
110 0.73156 0.298705 0.00877081
111 0.73156 0.29847 0.00780996
112 0.73156 0.293671 0.00679098
113 0.73156 0.287743 0.00661433
114 0.73156 0.294109 0.00774009
115 0.73156 0.28969 0.00690479
116 0.73156 0.294791 0.00951461
117 0.73156 0.303404 0.00992532
118 0.73156 0.302863 0.00903959
119 0.73156 0.294258 0.00988796
120 0.73156 0.295763 0.00764575
121 0.73156 0.301033 0.008634
122 0.73156 0.300885 0.00897358
123 0.73156 0.296348 0.00798505
124 0.73156 0.290952 0.0067147
125 0.73156 0.300487 0.00804824
126 0.73156 0.301373 0.00902853
127 0.73156 0.303457 0.00954021
128 0.73156 0.307329 0.00899175
129 0.73156 0.313899 0.0106723
130 0.73156 0.298104 0.00771294
131 0.73156 0.292443 0.00713889
132 0.73156 0.304887 0.00995044
133 0.73156 0.293296 0.00727923
134 0.73156 0.31216 0.0104616
135 0.73156 0.322706 0.0106617
136 0.73156 0.299847 0.00741555
137 0.73156 0.310557 0.00952375
138 0.73156 0.30855 0.0101196
139 0.73156 0.308263 0.00838648
140 0.73156 0.31942 0.00816197
141 0.73156 0.314262 0.0100447
142 0.73156 0.309371 0.00872675
143 0.73156 0.309532 0.00841494
144 0.73156 0.311596 0.0105662
145 0.73156 0.303754 0.0102369
146 0.73156 0.303066 0.00831314
147 0.73156 0.287792 0.00829244
148 0.73156 0.292912 0.00921101
149 0.73156 0.306557 0.00997469
150 0.73156 0.302219 0.00749689
151 0.73156 0.301273 0.00726248
152 0.73156 0.29688 0.00676353
153 0.73156 0.303391 0.00828138
154 0.73156 0.299758 0.00825632
155 0.73156 0.303049 0.00769088
156 0.73156 0.303606 0.0100754
157 0.73156 0.305873 0.00908364
158 0.766952 0.309721 0.00923669
159 0.766952 0.301297 0.0093184
160 0.766952 0.301528 0.00889726
161 0.766952 0.308864 0.0125995
162 0.766952 0.303613 0.00966961
163 0.766952 0.302183 0.00880121
164 0.766952 0.30092 0.00839231
165 0.798344 0.315335 0.0119346
166 0.798344 0.300523 0.00810574
167 0.80737 0.299806 0.0106124
168 0.80737 0.306006 0.00955706
169 0.80737 0.30367 0.00991083
170 0.80737 0.3126 0.0100755
171 0.80737 0.31492 0.0110917
172 0.80737 0.318543 0.0119245
173 0.80737 0.311302 0.0111991
174 0.80737 0.313909 0.0114348
175 0.80737 0.314882 0.0113002
176 0.80737 0.307543 0.0106799
177 0.80737 0.309611 0.0120589
178 0.80737 0.316113 0.0127607
179 0.80737 0.321166 0.01082
180 0.80737 0.320164 0.0103659
181 0.80737 0.313467 0.0105672
182 0.80737 0.320181 0.0122023
183 0.80737 0.31583 0.0101858
184 0.80737 0.325117 0.0124696
185 0.80737 0.320614 0.0115919
186 0.80737 0.319276 0.0112944
187 0.80737 0.315985 0.00965746
188 0.80737 0.319565 0.00999326
189 0.80737 0.307201 0.00954108
190 0.80737 0.309587 0.0116203
191 0.80737 0.305712 0.00931136
192 0.80737 0.309133 0.0114125
193 0.80737 0.302492 0.00937598
194 0.80737 0.314775 0.0120387
195 0.80737 0.308688 0.0105255
196 0.80737 0.310725 0.0112602
197 0.80737 0.305356 0.00975665
198 0.80737 0.313645 0.0114296
199 0.80737 0.309421 0.0109052
200 0.80737 0.321322 0.0113397
201 0.80737 0.315772 0.0105042
202 0.80737 0.314574 0.0102645
203 0.80737 0.32958 0.0163042
204 0.80737 0.325137 0.0131151
205 0.80737 0.314813 0.0129152
206 0.80737 0.318458 0.012709
207 0.834735 0.325722 0.0151352
208 0.834735 0.312827 0.0109335
209 0.834735 0.320637 0.0131248
210 0.834735 0.308937 0.0106569
211 0.842217 0.304277 0.0133364
212 0.856015 0.307551 0.013967
213 0.856015 0.299411 0.0107169
214 0.856015 0.295357 0.0120658
215 0.856015 0.303832 0.0149053
216 0.856015 0.292864 0.0103022
217 0.856015 0.292788 0.0102026
218 0.856015 0.289039 0.00944688
219 0.856015 0.301369 0.0111247
220 0.856015 0.302832 0.0116222
221 0.856015 0.31696 0.0150796
222 0.856015 0.304169 0.0111188
223 0.856015 0.324281 0.016703
224 0.856015 0.319336 0.0145196
225 0.856015 0.316117 0.0152878
226 0.856015 0.306329 0.0143673
227 0.856015 0.306747 0.0133015
228 0.856015 0.312209 0.0128868
229 0.856015 0.325156 0.0145328
230 0.856015 0.325009 0.0126173
231 0.856015 0.324245 0.0125061
232 0.856015 0.308471 0.0107777
233 0.856015 0.316151 0.0128506
234 0.856015 0.31083 0.0120722
235 0.856015 0.315746 0.0120677
236 0.856015 0.310038 0.0110534
237 0.856015 0.311993 0.0109273
238 0.856015 0.316963 0.0116853
239 0.856015 0.332066 0.0134523
240 0.856015 0.30939 0.0112408
241 0.856015 0.310471 0.0109789
242 0.856015 0.321153 0.0116766
243 0.856015 0.31653 0.0122181
244 0.856015 0.312418 0.0116129
245 0.856015 0.318519 0.0113559
246 0.856015 0.320575 0.0110928
247 0.856015 0.326505 0.0109058
248 0.856015 0.328638 0.0118365
249 0.856015 0.337273 0.0152408
250 0.856015 0.321528 0.0107342
251 0.856015 0.332483 0.0134976
252 0.856015 0.334282 0.013782
253 0.856015 0.330051 0.0127904
254 0.856015 0.319988 0.0124441
255 0.856015 0.317525 0.0112802
256 0.856015 0.314662 0.0111895
257 0.856015 0.30837 0.0104141
258 0.856015 0.316476 0.0142155
259 0.856015 0.328987 0.0137083
260 0.856015 0.317466 0.0147288
261 0.856015 0.307449 0.0118399
262 0.856015 0.317992 0.0116949
263 0.856015 0.324781 0.0129654
264 0.856015 0.325277 0.0130716
265 0.856015 0.322368 0.0123725
266 0.856015 0.315751 0.011498
267 0.856015 0.310792 0.0117957
268 0.856015 0.30491 0.0109697
269 0.856015 0.314923 0.0139005
270 0.856015 0.304763 0.0103559
271 0.856015 0.312612 0.01461
272 0.856015 0.317269 0.0103845
273 0.856015 0.308209 0.0114161
274 0.856015 0.312824 0.0107718
275 0.856015 0.317597 0.0123309
276 0.856015 0.318834 0.0132865
277 0.856015 0.315861 0.0122667
278 0.856015 0.324646 0.0146684
279 0.856015 0.323707 0.0135108
280 0.856015 0.31144 0.0126626
281 0.856015 0.314635 0.0106672
282 0.856015 0.338504 0.0176626
283 0.856015 0.332493 0.0154209
284 0.856015 0.335458 0.0129447
285 0.856015 0.328204 0.0138882
286 0.856015 0.314658 0.0113248
287 0.856015 0.314616 0.0148572
288 0.856015 0.310109 0.0137275
289 0.856015 0.313537 0.0145089
290 0.856015 0.31557 0.0118734
291 0.856015 0.324149 0.0136474
292 0.856015 0.320433 0.0138892
293 0.856015 0.32372 0.0145751
294 0.856015 0.322436 0.0130877
295 0.856015 0.324951 0.013958
296 0.856015 0.335382 0.0134245
297 0.856015 0.32619 0.0118362
298 0.856015 0.333178 0.0147505
299 0.856015 0.327392 0.0134741
300 0.856015 0.331225 0.0132335
301 0.856015 0.327353 0.0111265
302 0.865264 0.328044 0.0138577
303 0.865264 0.342659 0.0156232
304 0.865264 0.331671 0.0165881
305 0.865264 0.321094 0.0117986
306 0.865264 0.316834 0.0114076
307 0.865264 0.329749 0.0165976
308 0.865264 0.31114 0.014461
309 0.865264 0.324093 0.0151905
310 0.865264 0.31924 0.0125524
311 0.865264 0.31364 0.011151
312 0.865264 0.322212 0.0140167
313 0.865264 0.33751 0.0145618
314 0.865264 0.336937 0.0169853
315 0.865264 0.330608 0.0126532
316 0.865264 0.327068 0.0139851
317 0.865264 0.319449 0.015195
318 0.865264 0.32259 0.0138358
319 0.865264 0.31941 0.011956
320 0.865264 0.318168 0.011523
321 0.865264 0.324195 0.013171
322 0.865264 0.323828 0.0127956
323 0.865264 0.31815 0.0134312
324 0.865264 0.303387 0.0109938
325 0.865264 0.315047 0.0119625
326 0.865264 0.308408 0.0121812
327 0.879241 0.330676 0.0166313
328 0.879241 0.313579 0.0118067
329 0.879241 0.329057 0.0197145
330 0.879241 0.316442 0.0153226
331 0.879241 0.320203 0.0160707
332 0.879241 0.318459 0.0127493
333 0.879241 0.314837 0.0111312
334 0.879241 0.321998 0.012512
335 0.879241 0.324643 0.0156328
336 0.879241 0.318825 0.0145219
337 0.879241 0.326999 0.0162215
338 0.879241 0.325422 0.0149413
339 0.879241 0.320214 0.0147272
340 0.879241 0.313069 0.0120712
341 0.879241 0.317965 0.0122784
342 0.879241 0.319808 0.0131417
343 0.879241 0.31383 0.0132496
344 0.879241 0.321526 0.0142282
345 0.879241 0.316872 0.0124678
346 0.879241 0.318391 0.0138436
347 0.879241 0.323227 0.01595
348 0.879241 0.327254 0.0168772
349 0.879241 0.318525 0.0125231
350 0.879241 0.317064 0.0139438
351 0.879241 0.320682 0.0161855
352 0.879241 0.315247 0.0138468
353 0.887429 0.31804 0.0169298
354 0.887429 0.310171 0.0159409
355 0.887429 0.319049 0.0144833
356 0.910343 0.320174 0.0188414
357 0.910343 0.3128 0.0136372
358 0.910343 0.323443 0.0157814
359 0.910343 0.318956 0.0128622
360 0.910343 0.326681 0.0162559
361 0.910343 0.311581 0.0129711
362 0.91995 0.321345 0.0166836
363 0.91995 0.324172 0.0157632
364 0.91995 0.330026 0.0129484
365 0.91995 0.340018 0.0177494
366 0.91995 0.329073 0.0131316
367 0.91995 0.32809 0.016507
368 0.91995 0.324459 0.0152456
369 0.91995 0.32205 0.0176351
370 0.91995 0.316128 0.0131567
371 0.91995 0.318163 0.013889
372 0.91995 0.337164 0.0142905
373 0.91995 0.311595 0.0133392
374 0.91995 0.325663 0.0125907
375 0.91995 0.333414 0.0128199
376 0.91995 0.327424 0.0132983
377 0.91995 0.327216 0.0155147
378 0.91995 0.317319 0.0147059
379 0.91995 0.320098 0.0163858
380 0.91995 0.317949 0.0136567
381 0.91995 0.316459 0.0139638
382 0.91995 0.330774 0.0166525
383 0.91995 0.309097 0.0123119
384 0.91995 0.310639 0.0147844
385 0.91995 0.316008 0.0130763
386 0.91995 0.317149 0.0153777
387 0.91995 0.311454 0.013665
388 0.91995 0.320091 0.014008
389 0.91995 0.328977 0.0165407
390 0.91995 0.328049 0.0168089
391 0.91995 0.306376 0.0126787
392 0.91995 0.328195 0.015218
393 0.91995 0.329854 0.0145437
394 0.91995 0.350621 0.0178554
395 0.91995 0.3436 0.0161574
396 0.91995 0.319651 0.0139627
397 0.91995 0.333393 0.0191189
398 0.91995 0.326013 0.0171969
399 0.91995 0.321119 0.0135774
400 0.91995 0.322368 0.0125373
401 0.91995 0.330914 0.014588
402 0.91995 0.322772 0.0136595
403 0.91995 0.316064 0.0130869
404 0.91995 0.323279 0.0143028
405 0.91995 0.306649 0.0137561
406 0.91995 0.321366 0.0151952
407 0.91995 0.332274 0.014114
408 0.921159 0.333842 0.0177237
409 0.921159 0.32553 0.0116968
410 0.921159 0.329267 0.0158122
411 0.921159 0.334525 0.0148776
412 0.921159 0.337187 0.0165667
413 0.921159 0.318975 0.012581
414 0.921159 0.317842 0.0125014
415 0.921159 0.340729 0.0205126
416 0.921159 0.313166 0.0120699
417 0.921159 0.317637 0.0156715
418 0.921159 0.317198 0.0156539
419 0.921159 0.325731 0.0160915
420 0.921159 0.325026 0.0157875
421 0.921159 0.320497 0.0138076
422 0.921159 0.325928 0.0140513
423 0.921159 0.325231 0.0153633
424 0.921159 0.322254 0.0139415
425 0.921159 0.319576 0.0146942
426 0.921159 0.313583 0.0123426
427 0.921159 0.314626 0.0120869
428 0.921159 0.335285 0.0163839
429 0.921159 0.328174 0.0135693
430 0.921159 0.31661 0.0135777
431 0.921159 0.327016 0.0170431
432 0.921159 0.323326 0.0143629
433 0.921159 0.329723 0.0137291
434 0.921159 0.330936 0.0181132
435 0.921159 0.327305 0.0139118
436 0.921159 0.308761 0.0128491
437 0.921159 0.316037 0.0143628
438 0.921159 0.315696 0.0148366
439 0.921159 0.305678 0.0131886
440 0.921159 0.311662 0.0140395
441 0.921159 0.307981 0.013083
442 0.921159 0.313781 0.013146
443 0.921159 0.331558 0.0156933
444 0.921159 0.313879 0.0133972
445 0.921159 0.317449 0.0133025
446 0.921159 0.316316 0.0135482
447 0.921159 0.319263 0.0136566
448 0.921159 0.323992 0.0190313
449 0.921159 0.318069 0.0150237
450 0.921159 0.313807 0.0123887
451 0.921159 0.305766 0.0120989
452 0.921159 0.316206 0.0173204
453 0.921159 0.329095 0.0140752
454 0.921159 0.330544 0.0164194
455 0.921159 0.327783 0.0136621
456 0.921159 0.338301 0.0191842
457 0.921159 0.331675 0.0176527
458 0.921159 0.328715 0.0174212
459 0.921159 0.324941 0.016423
460 0.921159 0.323132 0.0151339
461 0.921159 0.315316 0.0146581
462 0.921159 0.313444 0.015046
463 0.921159 0.320502 0.0158152
464 0.921159 0.315783 0.0150634
465 0.921159 0.31925 0.0154485
466 0.921159 0.315173 0.0177556
467 0.921159 0.325713 0.017787
468 0.921159 0.324786 0.0144434
469 0.921159 0.320264 0.0172559
470 0.921159 0.315482 0.0133293
471 0.921159 0.319541 0.0154991
472 0.921159 0.317788 0.0171086
473 0.921159 0.326812 0.0180354
474 0.921159 0.330688 0.0176259
475 0.921159 0.340144 0.0171275
476 0.921159 0.335739 0.016778
477 0.921159 0.337485 0.0152277
478 0.921159 0.349631 0.0168368
479 0.921159 0.35298 0.0163944
480 0.921159 0.355881 0.016514
481 0.921159 0.335349 0.0143843
482 0.921159 0.339284 0.0148694
483 0.921159 0.338283 0.0163013
484 0.921159 0.336703 0.0145995
485 0.921159 0.331813 0.0134948
486 0.921159 0.340378 0.0174936
487 0.921159 0.339174 0.0173344
488 0.921159 0.341223 0.0164334
489 0.921159 0.326107 0.013309
490 0.921159 0.317545 0.0114499
491 0.921159 0.319903 0.0122594
492 0.921159 0.309943 0.0115701
493 0.921159 0.311273 0.0127343
494 0.921159 0.306803 0.0159723
495 0.921159 0.303276 0.0147593
496 0.921159 0.317396 0.0176407
497 0.921159 0.321412 0.014011
498 0.921159 0.320149 0.014513
499 0.921159 0.333305 0.0165416
500 0.921159 0.321954 0.0156859
501 0.921159 0.314141 0.0176096
502 0.921159 0.315523 0.016114
503 0.921159 0.316893 0.0186782
504 0.921159 0.312459 0.0141185
505 0.921159 0.313408 0.0130404
506 0.921159 0.313681 0.0174095
507 0.921159 0.329529 0.0170691
508 0.921159 0.318799 0.0151471
509 0.921159 0.310631 0.0151689
510 0.921159 0.300978 0.0147552
511 0.921159 0.315751 0.0170987
512 0.921159 0.306108 0.0151382
513 0.921369 0.306189 0.0163252
514 0.921369 0.307902 0.0135507
515 0.921369 0.310896 0.0128314
516 0.921369 0.304787 0.0123319
517 0.921369 0.309631 0.0121525
518 0.921369 0.299708 0.0138442
519 0.921369 0.300167 0.0118601
520 0.921369 0.298164 0.0112814
521 0.921369 0.305231 0.0145703
522 0.921369 0.314546 0.0166169
523 0.921369 0.30305 0.0124897
524 0.921369 0.312834 0.0146452
525 0.921369 0.318576 0.0196118
526 0.921369 0.311681 0.0149403
527 0.921369 0.307822 0.0135457
528 0.921369 0.309151 0.0132933
529 0.921369 0.311668 0.0137363
530 0.921369 0.301746 0.0120574
531 0.921369 0.317784 0.0142532
532 0.921369 0.31664 0.0115898
533 0.921369 0.319025 0.0134437
534 0.921369 0.324455 0.0147948
535 0.921369 0.310628 0.0121407
536 0.921369 0.313632 0.0153168
537 0.921369 0.315431 0.014359
538 0.921369 0.322536 0.0129287
539 0.921369 0.313669 0.0123871
540 0.921369 0.316729 0.013655
541 0.921369 0.314262 0.0127552
542 0.921369 0.338394 0.0179389
543 0.921369 0.318953 0.0155057
544 0.921369 0.320678 0.0164534
545 0.921369 0.314756 0.0161351
546 0.921369 0.316636 0.0164474
547 0.921369 0.320022 0.0151234
548 0.921369 0.319773 0.0159177
549 0.921369 0.319683 0.0138574
550 0.921369 0.318523 0.0161992
551 0.921369 0.326409 0.0187979
552 0.921369 0.30817 0.0118925
553 0.921369 0.320032 0.0160565
554 0.921369 0.315202 0.013909
555 0.921369 0.305054 0.0137248
556 0.922416 0.316307 0.0170287
557 0.926136 0.317148 0.0167369
558 0.926136 0.30477 0.0130557
559 0.926136 0.313094 0.0119812
560 0.926136 0.320291 0.0121912
561 0.926136 0.3269 0.0158433
562 0.926136 0.332849 0.0139779
563 0.926136 0.31943 0.0124948
564 0.926136 0.3294 0.0134148
565 0.926136 0.32924 0.0185705
566 0.926136 0.325101 0.0144704
567 0.926136 0.335062 0.0187154
568 0.926136 0.331652 0.0178402
569 0.926136 0.320885 0.0146011
570 0.926136 0.309678 0.0134487
571 0.926136 0.325309 0.0143225
572 0.926136 0.321037 0.014286
573 0.926136 0.3259 0.0159958
574 0.926136 0.324354 0.0153619
575 0.926136 0.322373 0.0161959
576 0.926136 0.316221 0.0158064
577 0.926136 0.310169 0.0130753
578 0.926136 0.322581 0.0174557
579 0.926136 0.333365 0.0152605
580 0.926136 0.332418 0.0150537
581 0.926136 0.331422 0.0139536
582 0.926136 0.333675 0.015347
583 0.926136 0.332835 0.0144881
584 0.926136 0.317898 0.0144411
585 0.926136 0.325476 0.0142835
586 0.926136 0.331595 0.0146199
587 0.926136 0.338294 0.0127633
588 0.926136 0.325096 0.0141114
589 0.926136 0.317486 0.0136455
590 0.926136 0.325948 0.0171146
591 0.926136 0.323317 0.0133615
592 0.926136 0.321259 0.0136767
593 0.926136 0.324659 0.0152923
594 0.926136 0.313833 0.0148313
595 0.926136 0.321479 0.0145725
596 0.926136 0.324798 0.0178233
597 0.926136 0.327829 0.018103
598 0.926136 0.317242 0.0130293
599 0.926136 0.319295 0.0140955
600 0.926136 0.328506 0.0158561
601 0.926136 0.330638 0.017275
602 0.926136 0.324979 0.0132352
603 0.926136 0.332979 0.0149198
604 0.926136 0.341263 0.0137848
605 0.926136 0.325569 0.0131717
606 0.926136 0.322343 0.0129367
607 0.926136 0.335194 0.0126169
608 0.926136 0.326729 0.0134986
609 0.926136 0.335508 0.0186217
610 0.926136 0.322602 0.013897
611 0.926136 0.331372 0.0173237
612 0.926136 0.322042 0.0126075
613 0.926136 0.329942 0.0167112
614 0.926136 0.321492 0.0143908
615 0.926136 0.328187 0.0139968
616 0.926136 0.320771 0.0129457
617 0.926136 0.320511 0.0167952
618 0.926136 0.328981 0.0158949
619 0.926136 0.324046 0.0131433
620 0.926136 0.331786 0.0160462
621 0.926136 0.317821 0.0147427
622 0.926136 0.314734 0.0145325
623 0.926136 0.32109 0.016788
624 0.926136 0.315779 0.0158923
625 0.926136 0.313847 0.0153742
626 0.926136 0.308 0.0141755
627 0.926136 0.30004 0.0142164
628 0.926136 0.299007 0.0162257
629 0.926136 0.30361 0.0147965
630 0.926136 0.307498 0.0133457
631 0.926136 0.302156 0.0129694
632 0.926136 0.315083 0.0140674
633 0.926136 0.316437 0.0145013
634 0.926136 0.322259 0.0193895
635 0.926136 0.306311 0.0144439
636 0.926136 0.314962 0.014481
637 0.926136 0.327006 0.0189202
638 0.926136 0.305565 0.0150959
639 0.926136 0.299728 0.012562
640 0.926136 0.306142 0.0159975
641 0.929413 0.30963 0.0161873
642 0.929413 0.309976 0.0146709
643 0.929413 0.306533 0.0121789
644 0.929413 0.328594 0.0155147
645 0.929413 0.315238 0.0132702
646 0.929413 0.329988 0.0138781
647 0.929413 0.330182 0.0163219
648 0.929413 0.319128 0.0138548
649 0.929413 0.312616 0.0120417
650 0.929413 0.324628 0.0143198
651 0.929413 0.320975 0.0154
652 0.929413 0.314799 0.0123128
653 0.929413 0.326233 0.0158084
654 0.929413 0.325205 0.0139592
655 0.929413 0.322224 0.0142967
656 0.929413 0.318675 0.0141655
657 0.929413 0.30684 0.0131673
658 0.929413 0.320097 0.0157234
659 0.929413 0.321191 0.0136299
660 0.929413 0.311594 0.013631
661 0.929413 0.308491 0.0129911
662 0.929413 0.3113 0.0149025
663 0.929413 0.320545 0.0156138
664 0.929413 0.320579 0.0161981
665 0.929413 0.337017 0.0192481
666 0.929413 0.332694 0.0143842
667 0.929413 0.33294 0.0144705
668 0.929413 0.335233 0.0155509
669 0.929413 0.338111 0.0140615
670 0.929413 0.33796 0.0155723
671 0.929413 0.336861 0.0138473
672 0.929413 0.347344 0.0151435
673 0.929413 0.343644 0.0173282
674 0.929413 0.337382 0.0155543
675 0.929413 0.333751 0.0153725
676 0.929413 0.340585 0.0133784
677 0.929413 0.339379 0.0139492
678 0.929413 0.338189 0.0169023
679 0.929413 0.323001 0.0144082
680 0.929413 0.306598 0.0128773
681 0.929413 0.306659 0.0116335
682 0.929413 0.314953 0.0124951
683 0.929413 0.322583 0.0185855
684 0.929413 0.317714 0.0149436
685 0.929413 0.321888 0.0132781
686 0.929413 0.328588 0.0168084
687 0.929413 0.322523 0.0154923
688 0.929413 0.324978 0.0160229
689 0.929413 0.323244 0.0176857
690 0.929413 0.327787 0.0141507
691 0.929413 0.325325 0.0180504
692 0.929413 0.325829 0.0148562
693 0.929413 0.311929 0.0129799
694 0.929413 0.315032 0.0138725
695 0.929413 0.308642 0.0136652
696 0.929413 0.311301 0.0121127
697 0.929413 0.315378 0.0148771
698 0.929413 0.311199 0.0132462
699 0.929413 0.32372 0.0151358
700 0.929413 0.329407 0.0139851
701 0.929413 0.344315 0.0169231
702 0.929413 0.333715 0.0158319
703 0.929413 0.31635 0.012189
704 0.929413 0.314334 0.012514
705 0.929413 0.32247 0.0134608
706 0.929413 0.331736 0.0157977
707 0.929413 0.3212 0.0122774
708 0.929413 0.33403 0.0139558
709 0.929413 0.338716 0.0161078
710 0.929413 0.329654 0.0150711
711 0.929413 0.323789 0.0141547
712 0.929413 0.333017 0.0141086
713 0.929413 0.326293 0.0138281
714 0.929413 0.328225 0.0134378
715 0.929413 0.339603 0.015918
716 0.929413 0.316433 0.012237
717 0.929413 0.319713 0.0133996
718 0.929413 0.326465 0.0119239
719 0.929413 0.319516 0.0154079
720 0.929413 0.319731 0.0151069
721 0.929413 0.322886 0.0143029
722 0.929413 0.326924 0.012692
723 0.929413 0.322764 0.0147928
724 0.929413 0.316149 0.0126563
725 0.929413 0.303517 0.011957
726 0.929413 0.299627 0.0122302
727 0.929413 0.297511 0.0126088
728 0.929413 0.305285 0.0147631
729 0.929413 0.308185 0.0163613
730 0.929413 0.312664 0.0139945
731 0.929413 0.320667 0.0141394
732 0.929413 0.326736 0.0138625
733 0.929413 0.318668 0.0142684
734 0.929413 0.313902 0.0164967
735 0.929413 0.322305 0.0182221
736 0.929413 0.308196 0.0154797
737 0.929413 0.313895 0.0153566
738 0.929413 0.317191 0.0150541
739 0.929413 0.317285 0.0170139
740 0.929413 0.30907 0.013801
741 0.929413 0.310137 0.0120557
742 0.929413 0.320027 0.0152198
743 0.929413 0.303299 0.0130773
744 0.929413 0.301659 0.0126228
745 0.929413 0.31087 0.0144662
746 0.929413 0.327592 0.017667
747 0.929413 0.317811 0.0128306
748 0.929413 0.312778 0.0126612
749 0.929413 0.321461 0.0125777
750 0.929413 0.32183 0.0133691
751 0.929413 0.320385 0.0141035
752 0.929413 0.325796 0.0166272
753 0.929413 0.318999 0.0128512
754 0.929413 0.326785 0.0143032
755 0.929413 0.321978 0.0177866
756 0.929413 0.326243 0.0193336
757 0.929413 0.326878 0.0153138
758 0.929413 0.323505 0.0129376
759 0.929413 0.31702 0.012427
760 0.929413 0.327674 0.0165034
761 0.929413 0.327119 0.0164173
762 0.929413 0.334359 0.017487
763 0.929413 0.333518 0.0202199
764 0.929413 0.330752 0.0167623
765 0.929413 0.313556 0.0131775
766 0.929413 0.324888 0.0159979
767 0.929413 0.324991 0.0157985
768 0.929413 0.326142 0.0167141
769 0.929413 0.327408 0.0196026
770 0.929413 0.326954 0.0164581
771 0.929413 0.325741 0.0137562
772 0.929413 0.330523 0.0135402
773 0.929413 0.331478 0.0138916
774 0.929413 0.328298 0.0135707
775 0.929413 0.327493 0.0133313
776 0.929413 0.328954 0.0175419
777 0.929413 0.321843 0.0135486
778 0.929413 0.315128 0.0127454
779 0.929413 0.324263 0.0134293
780 0.929413 0.329306 0.0171602
781 0.929413 0.314827 0.0132764
782 0.929413 0.328814 0.0159932
783 0.929413 0.323159 0.0135084
784 0.929413 0.334282 0.0165701
785 0.929413 0.335883 0.0177266
786 0.929413 0.326122 0.0147184
787 0.929413 0.32857 0.0172067
788 0.929413 0.3246 0.0144302
789 0.929413 0.333252 0.0154082
790 0.929413 0.32643 0.01691
791 0.929413 0.319868 0.0149522
792 0.929413 0.307723 0.0121586
793 0.929413 0.323063 0.0166473
794 0.929413 0.320539 0.0130934
795 0.929413 0.312422 0.0131778
796 0.929413 0.311862 0.0124886
797 0.929413 0.310305 0.0131393
798 0.929413 0.327847 0.0189166
799 0.929413 0.314746 0.0148809
800 0.929413 0.31017 0.0134608
801 0.929413 0.313017 0.0124824
802 0.929413 0.320209 0.0139419
803 0.929413 0.316279 0.0173565
804 0.929413 0.31497 0.0136753
805 0.929413 0.307605 0.0141834
806 0.929413 0.309954 0.0150935
807 0.929413 0.312999 0.0121913
808 0.929413 0.315664 0.0117128
809 0.929413 0.309583 0.0116221
810 0.929413 0.328451 0.0167255
811 0.929413 0.325276 0.0151593
812 0.929413 0.320847 0.0137019
813 0.929413 0.320745 0.0126205
814 0.929413 0.32001 0.0131042
815 0.929413 0.324771 0.0140776
816 0.929413 0.314951 0.0127886
817 0.929413 0.316806 0.0138003
818 0.929413 0.316727 0.0140154
819 0.929413 0.326568 0.0148706
820 0.929413 0.328418 0.0136089
821 0.929413 0.318612 0.0132291
822 0.929413 0.31325 0.0126724
823 0.929413 0.318458 0.0128669
824 0.929413 0.313578 0.0135839
825 0.929413 0.33255 0.016028
826 0.929413 0.349661 0.0178953
827 0.929413 0.340227 0.0146335
828 0.929413 0.34214 0.0151621
829 0.929413 0.337878 0.013782
830 0.929413 0.327958 0.013983
831 0.929413 0.322186 0.0124929
832 0.929413 0.319468 0.0139269
833 0.929413 0.317389 0.0137352
834 0.929413 0.316139 0.0142788
835 0.929413 0.329251 0.0145625
836 0.929413 0.324764 0.0148165
837 0.929413 0.325985 0.0136402
838 0.929413 0.334661 0.0138336
839 0.929413 0.324408 0.0139165
840 0.929413 0.334505 0.0186775
841 0.929413 0.320338 0.0160322
842 0.929413 0.320879 0.0168461
843 0.929413 0.329809 0.0198202
844 0.929413 0.333735 0.014823
845 0.929413 0.324656 0.0145392
846 0.929413 0.326865 0.01433
847 0.929413 0.325546 0.0173077
848 0.929413 0.32146 0.016865
849 0.929413 0.32691 0.0137927
850 0.929413 0.325698 0.0147951
851 0.929413 0.311775 0.0125361
852 0.929413 0.311232 0.0137114
853 0.929413 0.314914 0.0134111
854 0.929413 0.312567 0.0139945
855 0.929413 0.319888 0.0165589
856 0.929413 0.321514 0.0151736
857 0.929413 0.323496 0.0150932
858 0.929413 0.321849 0.0164718
859 0.929413 0.319475 0.0136254
860 0.929413 0.316393 0.0117376
861 0.929413 0.339203 0.0201321
862 0.929413 0.338667 0.0153143
863 0.929413 0.326029 0.0156589
864 0.929413 0.313815 0.0144774
865 0.929413 0.322327 0.0146843
866 0.929413 0.32225 0.0133585
867 0.929413 0.339147 0.0164859
868 0.929413 0.325638 0.0142356
869 0.929413 0.325968 0.0137396
870 0.929413 0.333589 0.0153618
871 0.929413 0.329981 0.0145853
872 0.929413 0.3172 0.0151129
873 0.929413 0.320229 0.0134697
874 0.929413 0.320678 0.0137258
875 0.929413 0.315164 0.0131958
876 0.929413 0.323255 0.0144974
877 0.929413 0.317897 0.0126235
878 0.929413 0.327206 0.0168459
879 0.929413 0.342308 0.0197858
880 0.929413 0.321505 0.0153749
881 0.929413 0.311772 0.0133186
882 0.929413 0.318879 0.0116238
883 0.929413 0.321828 0.0153908
884 0.929413 0.321096 0.0165701
885 0.929413 0.324167 0.0164635
886 0.929413 0.310384 0.0124399
887 0.929413 0.310562 0.0151183
888 0.929413 0.32476 0.0171256
889 0.929413 0.320931 0.0158207
890 0.929413 0.32003 0.014883
891 0.929413 0.330513 0.013522
892 0.929413 0.328903 0.0153444
893 0.929413 0.328147 0.0167228
894 0.929413 0.320621 0.0135232
895 0.929413 0.319698 0.0138033
896 0.929413 0.316053 0.0156539
897 0.929413 0.309511 0.0123447
898 0.93038 0.321223 0.0167389
899 0.93038 0.323223 0.0151781
900 0.93038 0.320253 0.0131215
901 0.93038 0.317017 0.0128593
902 0.93038 0.314308 0.0121641
903 0.93038 0.320625 0.0158807
904 0.93038 0.316874 0.0126615
905 0.93038 0.323351 0.0168145
906 0.93038 0.308914 0.012867
907 0.93038 0.325994 0.0179347
908 0.93038 0.32382 0.0168209
909 0.93038 0.325045 0.0141803
910 0.93038 0.315203 0.0124849
911 0.93038 0.315468 0.0130461
912 0.93038 0.3172 0.0134187
913 0.93038 0.322866 0.0146501
914 0.93038 0.330581 0.0172315
915 0.93038 0.315712 0.0133845
916 0.93038 0.329998 0.0186915
917 0.93038 0.322197 0.015423
918 0.93038 0.31794 0.0132397
919 0.93038 0.314321 0.0123622
920 0.93038 0.31461 0.0144356
921 0.93038 0.334455 0.0158404
922 0.93038 0.336723 0.0168947
923 0.93038 0.325892 0.0146563
924 0.93038 0.331177 0.0148403
925 0.93038 0.333455 0.0151101
926 0.93038 0.321899 0.0136514
927 0.93038 0.319903 0.0149392
928 0.93038 0.317899 0.0137416
929 0.934418 0.320079 0.0170695
930 0.934418 0.328781 0.0133875
931 0.934418 0.324414 0.0132481
932 0.934418 0.3216 0.0133715
933 0.934418 0.325009 0.0138152
934 0.934418 0.325991 0.0143905
935 0.934418 0.33665 0.0139935
936 0.934418 0.334552 0.0143911
937 0.934418 0.341833 0.0175809
938 0.934418 0.34254 0.0148602
939 0.934418 0.340245 0.0170683
940 0.934418 0.337948 0.0164419
941 0.934418 0.32954 0.0126414
942 0.934418 0.337906 0.0178099
943 0.934418 0.336234 0.0157106
944 0.934418 0.327275 0.014412
945 0.934418 0.323862 0.0145477
946 0.934418 0.323543 0.0144998
947 0.934418 0.33153 0.0172213
948 0.934418 0.332787 0.0152011
949 0.934418 0.338146 0.015939
950 0.934418 0.332338 0.0155275
951 0.934418 0.313177 0.0134117
952 0.934418 0.323549 0.0180233
953 0.934418 0.330235 0.0155746
954 0.934418 0.327676 0.0140321
955 0.934418 0.3288 0.0134102
956 0.934418 0.334396 0.014353
957 0.934418 0.341406 0.0127187
958 0.934418 0.335463 0.0160534
959 0.934418 0.341205 0.0150184
960 0.934418 0.324398 0.0125231
961 0.934418 0.336881 0.0132058
962 0.934418 0.333709 0.012837
963 0.934418 0.333957 0.0140753
964 0.934418 0.319956 0.0129837
965 0.934418 0.321136 0.0132921
966 0.934418 0.31422 0.0114219
967 0.934418 0.312375 0.0122239
968 0.934418 0.323033 0.0151124
969 0.934418 0.3181 0.0129697
970 0.934418 0.330298 0.013792
971 0.934418 0.352569 0.0195474
972 0.934418 0.33725 0.0160995
973 0.934418 0.345589 0.016765
974 0.934418 0.33933 0.0149237
975 0.934418 0.327675 0.0153682
976 0.934418 0.337298 0.0143095
977 0.934418 0.339269 0.0132919
978 0.934418 0.343252 0.0158623
979 0.934418 0.344262 0.0152202
980 0.934418 0.344007 0.0150843
981 0.934418 0.334189 0.0147139
982 0.934418 0.316639 0.0128592
983 0.934418 0.317187 0.0149765
984 0.934418 0.322889 0.0169485
985 0.934418 0.328492 0.0151991
986 0.934418 0.327962 0.015987
987 0.934418 0.319007 0.0145307
988 0.934418 0.327285 0.0172992
989 0.934418 0.333645 0.0171154
990 0.934418 0.340995 0.0165907
991 0.934418 0.338857 0.0170785
992 0.934418 0.331836 0.0132301
993 0.934418 0.328268 0.0137082
994 0.934418 0.329922 0.0136062
995 0.934418 0.330783 0.01481
996 0.934418 0.322597 0.0150672
997 0.934418 0.326262 0.0145483
998 0.934418 0.32411 0.0138773
999 0.934418 0.325306 0.0129805
1000 0.934418 0.332439 0.0183363
