0 0.374171 0.253303 0.000339164
1 0.374171 0.255315 0.000588541
2 0.374171 0.255014 0.000886618
3 0.374171 0.263277 0.000777872
4 0.374171 0.264985 0.00108973
5 0.408386 0.269456 0.00200873
6 0.408386 0.268723 0.00213875
7 0.414005 0.270441 0.00287349
8 0.420354 0.279112 0.00321069
9 0.427309 0.285502 0.00386201
10 0.440837 0.28269 0.00413651
11 0.440837 0.281796 0.00446451
12 0.447495 0.279288 0.00464936
13 0.447495 0.279994 0.00479826
14 0.485257 0.294209 0.00605684
15 0.497174 0.304799 0.00808355
16 0.523702 0.304632 0.00810459
17 0.523702 0.313419 0.00867014
18 0.523702 0.302997 0.00825449
19 0.523702 0.29924 0.00988783
20 0.523702 0.306334 0.00896822
21 0.539685 0.310488 0.00978642
22 0.539685 0.30885 0.00905624
23 0.539685 0.314542 0.0113646
24 0.539685 0.307299 0.0098048
25 0.539685 0.292088 0.0103357
26 0.560515 0.30886 0.0112859
27 0.560515 0.308726 0.0116495
28 0.586107 0.307536 0.0124741
29 0.59935 0.303077 0.0120626
30 0.611586 0.326013 0.0138528
31 0.611586 0.326455 0.0153971
32 0.611586 0.328127 0.0166239
33 0.611586 0.331074 0.0160419
34 0.611586 0.345466 0.0180294
35 0.626531 0.34116 0.0202533
36 0.626531 0.347797 0.0188809
37 0.642897 0.369003 0.019514
38 0.642897 0.36767 0.0197228
39 0.642897 0.360868 0.0182963
40 0.642897 0.363036 0.0187604
41 0.657186 0.375934 0.0204399
42 0.657186 0.396378 0.0229609
43 0.657186 0.399337 0.0220892
44 0.658329 0.409744 0.0233128
45 0.658329 0.414434 0.0190857
46 0.721561 0.415028 0.0196287
47 0.721561 0.427944 0.0199409
48 0.721561 0.442792 0.0200219
49 0.721561 0.453716 0.0209511
50 0.72474 0.483941 0.0171728
51 0.72984 0.510125 0.0176157
52 0.735778 0.511839 0.0171273
53 0.735778 0.529227 0.0174928
54 0.735778 0.537917 0.0188163
55 0.735778 0.5479 0.0170471
56 0.735778 0.561445 0.0169847
57 0.744103 0.571046 0.0148108
58 0.748446 0.575032 0.0143086
59 0.748446 0.593229 0.0130294
60 0.748446 0.59895 0.0138005
61 0.748446 0.594565 0.0139008
62 0.748446 0.61012 0.00979825
63 0.752948 0.626457 0.00892741
64 0.801054 0.634622 0.0099311
65 0.805473 0.638876 0.00943088
66 0.805473 0.64537 0.00888437
67 0.805473 0.642231 0.0104238
68 0.805473 0.638746 0.011213
69 0.805473 0.636839 0.0118941
70 0.805473 0.631517 0.0114643
71 0.811982 0.64104 0.0115832
72 0.811982 0.656728 0.0109353
73 0.811982 0.637906 0.0127706
74 0.811982 0.631937 0.0119772
75 0.811982 0.627268 0.0137207
76 0.81297 0.638936 0.0135683
77 0.81297 0.653411 0.0113331
78 0.826802 0.644324 0.0147437
79 0.826802 0.649906 0.0152368
80 0.826802 0.626523 0.0174445
81 0.826802 0.621899 0.0151768
82 0.826802 0.631451 0.0154826
83 0.826802 0.641418 0.015656
84 0.826802 0.642552 0.0150142
85 0.835893 0.663164 0.0146188
86 0.835893 0.660401 0.0151567
87 0.835893 0.651247 0.0154693
88 0.835893 0.650649 0.0185299
89 0.835893 0.641024 0.0189626
90 0.835893 0.660455 0.0163716
91 0.835893 0.654679 0.0129988
92 0.838917 0.67854 0.0119226
93 0.838917 0.675301 0.0115376
94 0.843039 0.663515 0.0159425
95 0.843039 0.674262 0.0152246
96 0.843843 0.676829 0.0165928
97 0.843843 0.676611 0.0186357
98 0.843843 0.66749 0.0194099
99 0.850481 0.665065 0.0224986
100 0.850481 0.683379 0.019837
101 0.851758 0.692885 0.0140708
102 0.851758 0.690029 0.0136824
103 0.851758 0.669491 0.0137689
104 0.854408 0.674318 0.0139974
105 0.854408 0.671028 0.0166345
106 0.854408 0.672603 0.0166379
107 0.854408 0.664087 0.0183625
108 0.86005 0.655376 0.0214174
109 0.869925 0.666548 0.0204347
110 0.869925 0.665414 0.0199003
111 0.869925 0.674267 0.0169829
112 0.870054 0.670986 0.0161788
113 0.870054 0.685446 0.0152647
114 0.870054 0.694824 0.0157379
115 0.870054 0.671676 0.0204241
116 0.870054 0.668061 0.0182524
117 0.870054 0.666616 0.019162
118 0.881159 0.659906 0.0194561
119 0.881159 0.668121 0.0208235
120 0.881159 0.683111 0.0191398
121 0.881159 0.691458 0.0170272
122 0.881159 0.689442 0.019089
123 0.881159 0.694849 0.0177672
124 0.881159 0.690768 0.0179991
125 0.882819 0.691902 0.0164087
126 0.882819 0.69413 0.0205538
127 0.882819 0.683585 0.0199481
128 0.882819 0.676898 0.0195987
129 0.882819 0.670559 0.0224018
130 0.882819 0.692609 0.0195035
131 0.882819 0.6903 0.0157161
132 0.882819 0.684441 0.0196965
133 0.882819 0.669192 0.0237157
134 0.882819 0.664522 0.024378
135 0.882819 0.680538 0.0231314
136 0.882819 0.689762 0.0210538
137 0.882819 0.693888 0.021052
138 0.882819 0.705947 0.023166
139 0.882819 0.712015 0.0208815
140 0.882819 0.702053 0.0198924
141 0.882819 0.704014 0.0174333
142 0.882819 0.708317 0.0206259
143 0.882819 0.695361 0.0221469
144 0.882819 0.686741 0.0216916
145 0.88753 0.696564 0.0242274
146 0.88753 0.68661 0.023883
147 0.88753 0.702382 0.0251914
148 0.88753 0.695536 0.0247694
149 0.88753 0.689478 0.0255052
150 0.88753 0.694935 0.0200892
151 0.88753 0.699341 0.020851
152 0.88753 0.715792 0.017722
153 0.88753 0.730169 0.0138626
154 0.88753 0.73333 0.0159312
155 0.88753 0.730887 0.0145421
156 0.88753 0.712259 0.0157376
157 0.88753 0.702581 0.0146291
158 0.88753 0.73249 0.0128017
159 0.88753 0.739656 0.0128907
160 0.88753 0.717138 0.0165989
161 0.88753 0.723463 0.0171129
162 0.88753 0.730987 0.0162402
163 0.88753 0.729122 0.0135572
164 0.88753 0.723672 0.0160609
165 0.88753 0.716241 0.0157352
166 0.88753 0.72525 0.0157989
167 0.88753 0.708395 0.0169336
168 0.889022 0.710253 0.0173817
169 0.889022 0.720572 0.0146382
170 0.889022 0.71183 0.0163382
171 0.889022 0.715869 0.0139628
172 0.889022 0.710269 0.0131699
173 0.889022 0.726822 0.0133336
174 0.891226 0.718159 0.0165024
175 0.892308 0.739328 0.0120885
176 0.892308 0.738225 0.00979015
177 0.892308 0.728429 0.0132274
178 0.892308 0.729097 0.0126354
179 0.892308 0.713173 0.016715
180 0.892308 0.715713 0.0165216
181 0.892308 0.71147 0.0188046
182 0.892308 0.718342 0.0209649
183 0.892308 0.700335 0.0229472
184 0.892308 0.718839 0.0220406
185 0.892308 0.697902 0.0230946
186 0.892308 0.721917 0.0206425
187 0.892308 0.723777 0.0203457
188 0.892308 0.725421 0.0214131
189 0.892308 0.720247 0.0218581
190 0.892308 0.722586 0.021829
191 0.892308 0.731803 0.019391
192 0.895879 0.746069 0.0124571
193 0.895879 0.753153 0.0128891
194 0.895879 0.751305 0.0162999
195 0.895879 0.740511 0.0178319
196 0.895879 0.765621 0.0115178
197 0.896636 0.751543 0.0108047
198 0.896636 0.74522 0.0170543
199 0.896636 0.751591 0.0161381
200 0.896636 0.752649 0.015727
201 0.896636 0.774713 0.00876071
202 0.896636 0.774133 0.00770538
203 0.896636 0.759395 0.0102146
204 0.896636 0.772244 0.00777194
205 0.896636 0.751564 0.013215
206 0.896636 0.759619 0.0126763
207 0.896636 0.74649 0.0140984
208 0.896636 0.734852 0.013726
209 0.896636 0.729396 0.0156996
210 0.896636 0.752434 0.0116365
211 0.896636 0.757916 0.0119894
212 0.896636 0.763122 0.00970586
213 0.896636 0.777428 0.00981022
214 0.896636 0.77754 0.0096893
215 0.897343 0.778238 0.01102
216 0.897343 0.774293 0.00999079
217 0.902624 0.780681 0.0085822
218 0.902624 0.751904 0.0128121
219 0.902624 0.751125 0.0144895
220 0.902624 0.749849 0.0161747
221 0.902624 0.735696 0.0153348
222 0.902624 0.744518 0.0127925
223 0.902624 0.747062 0.0119682
224 0.902624 0.749636 0.0100768
225 0.902624 0.745649 0.0118523
226 0.904778 0.744627 0.0136443
227 0.904778 0.743349 0.0150926
228 0.904778 0.751585 0.0123457
229 0.904778 0.755845 0.012974
230 0.904778 0.731756 0.0162069
231 0.904778 0.736762 0.0159258
232 0.904778 0.745219 0.0152388
233 0.904778 0.757243 0.0155782
234 0.904778 0.746487 0.0170967
235 0.904778 0.751306 0.0129457
236 0.904778 0.744103 0.0151924
237 0.904778 0.727069 0.0195046
238 0.904778 0.752459 0.0103347
239 0.904778 0.761882 0.0110681
240 0.904778 0.742599 0.0130097
241 0.904778 0.763349 0.0118979
242 0.904778 0.757815 0.0125917
243 0.904778 0.758376 0.0108473
244 0.904778 0.743892 0.0133514
245 0.904778 0.746542 0.0140649
246 0.904778 0.742143 0.0151359
247 0.904778 0.773051 0.00819281
248 0.904783 0.749414 0.0144511
249 0.90686 0.733064 0.0172887
250 0.90686 0.728609 0.0142006
251 0.90686 0.736457 0.0156821
252 0.90686 0.743141 0.0155695
253 0.90686 0.732063 0.019208
254 0.910821 0.747699 0.0126833
255 0.910821 0.744233 0.0162806
256 0.910821 0.734052 0.0168172
257 0.910821 0.738095 0.016783
258 0.910821 0.750652 0.0158283
259 0.910821 0.725975 0.0174713
260 0.910821 0.73698 0.0193903
261 0.910821 0.750715 0.0165352
262 0.910821 0.743812 0.0165259
263 0.910821 0.751875 0.0158223
264 0.910821 0.750112 0.0172922
265 0.910821 0.73268 0.0163684
266 0.910821 0.753291 0.0134754
267 0.910821 0.751745 0.0144548
268 0.910821 0.749012 0.0161204
269 0.910821 0.760521 0.0118587
270 0.910821 0.75916 0.0136103
271 0.910821 0.769815 0.00951822
272 0.910821 0.772575 0.0115372
273 0.910821 0.764021 0.0152749
274 0.910821 0.769006 0.0108764
275 0.910821 0.759802 0.0124888
276 0.910821 0.754087 0.0159905
277 0.910821 0.760094 0.0140255
278 0.910821 0.754615 0.0165725
279 0.910821 0.741438 0.0181577
280 0.910821 0.745032 0.0153048
281 0.910821 0.736913 0.0195649
282 0.910821 0.737375 0.0224695
283 0.910821 0.742093 0.01902
284 0.911446 0.736992 0.0204311
285 0.911446 0.736184 0.0166274
286 0.911446 0.761414 0.0152025
287 0.911446 0.768835 0.0112261
288 0.911446 0.760541 0.0127691
289 0.911446 0.766812 0.0137603
290 0.911446 0.778594 0.0102569
291 0.911446 0.789122 0.00988521
292 0.911446 0.774972 0.0121307
293 0.91259 0.762333 0.0125097
294 0.91259 0.764772 0.0109176
295 0.91259 0.775479 0.0126576
296 0.91259 0.767534 0.012181
297 0.91259 0.760701 0.0164146
298 0.91259 0.759761 0.014507
299 0.91259 0.749296 0.016259
300 0.91259 0.759259 0.0133647
301 0.91259 0.768175 0.014512
302 0.91259 0.755074 0.0151056
303 0.91259 0.748347 0.0192661
304 0.91259 0.750389 0.0185478
305 0.91259 0.765765 0.0158268
306 0.91259 0.773577 0.0137712
307 0.91259 0.779002 0.0110241
308 0.91259 0.773329 0.0131296
309 0.91259 0.753381 0.0184899
310 0.91259 0.744315 0.0146135
311 0.91259 0.731754 0.0164274
312 0.91259 0.733183 0.0173394
313 0.91259 0.736196 0.0186434
314 0.91259 0.750911 0.0160126
315 0.91259 0.754689 0.0177037
316 0.91259 0.749514 0.0170233
317 0.91259 0.736464 0.0184877
318 0.91259 0.748418 0.0145785
319 0.91259 0.729146 0.0147481
320 0.91259 0.728219 0.0160278
321 0.91259 0.735914 0.0149043
322 0.91259 0.75328 0.0110795
323 0.91259 0.753249 0.0112901
324 0.91259 0.75478 0.0119467
325 0.91259 0.760305 0.0108982
326 0.91259 0.751184 0.0155715
327 0.91259 0.74341 0.0184573
328 0.91259 0.747593 0.0162589
329 0.91259 0.739295 0.0209521
330 0.91259 0.734728 0.0206437
331 0.91259 0.748579 0.0159761
332 0.91259 0.751332 0.0166634
333 0.91259 0.748821 0.017927
334 0.91259 0.750518 0.0176414
335 0.91259 0.760074 0.0143761
336 0.91259 0.750626 0.0178216
337 0.91259 0.752312 0.0181147
338 0.91259 0.767996 0.0128719
339 0.91259 0.780665 0.00832084
340 0.91259 0.786944 0.00865076
341 0.91259 0.768384 0.0140865
342 0.91259 0.777633 0.0126815
343 0.91259 0.780988 0.0118178
344 0.91259 0.768896 0.0133798
345 0.91259 0.769132 0.0100337
346 0.91259 0.752452 0.0138267
347 0.91259 0.774263 0.0112591
348 0.91259 0.757942 0.013777
349 0.91259 0.767444 0.0124056
350 0.91259 0.755733 0.0142269
351 0.91259 0.7421 0.0167576
352 0.91259 0.724211 0.0188133
353 0.91259 0.743666 0.0168635
354 0.91259 0.74586 0.0169087
355 0.91259 0.750251 0.0149427
356 0.91259 0.761512 0.0135788
357 0.91259 0.757335 0.0135566
358 0.91259 0.774538 0.011396
359 0.91259 0.770464 0.0145173
360 0.91259 0.775978 0.00981799
361 0.91259 0.758232 0.0125619
362 0.91259 0.773215 0.0118038
363 0.91259 0.777119 0.0125833
364 0.91259 0.759149 0.0166435
365 0.91259 0.755362 0.0161124
366 0.91259 0.766345 0.012838
367 0.91259 0.757175 0.0165158
368 0.91259 0.746236 0.0175878
369 0.91259 0.757815 0.014104
370 0.91259 0.76382 0.0134097
371 0.91259 0.766193 0.0137029
372 0.91259 0.752533 0.0163368
373 0.91259 0.756415 0.015611
374 0.91259 0.743047 0.0189708
375 0.91259 0.740513 0.0190311
376 0.91259 0.762205 0.0131544
377 0.91259 0.763824 0.0141824
378 0.91259 0.779302 0.0109439
379 0.91259 0.774612 0.00956097
380 0.91259 0.76833 0.0124164
381 0.91259 0.769744 0.0145418
382 0.91259 0.764138 0.0167293
383 0.91259 0.751374 0.0176126
384 0.91259 0.75024 0.0184434
385 0.91259 0.753617 0.0197213
386 0.91259 0.753091 0.0169199
387 0.91259 0.761567 0.0141068
388 0.91259 0.772637 0.0103774
389 0.91259 0.774039 0.0108524
390 0.91259 0.765442 0.0138963
391 0.91259 0.733501 0.0173729
392 0.91259 0.735857 0.0182515
393 0.91259 0.750456 0.0143037
394 0.91259 0.758423 0.0147297
395 0.91259 0.765374 0.012094
396 0.91259 0.765861 0.0111358
397 0.91259 0.745657 0.0134296
398 0.91259 0.730825 0.0181936
399 0.91259 0.733456 0.0174522
400 0.91259 0.751515 0.0121829
401 0.91259 0.737888 0.013548
402 0.91259 0.754575 0.0125035
403 0.91259 0.741128 0.0149632
404 0.91259 0.73873 0.0146482
405 0.91259 0.742105 0.0148257
406 0.91259 0.738153 0.0208083
407 0.91259 0.739495 0.0178019
408 0.91259 0.74412 0.017088
409 0.91259 0.748829 0.0138604
410 0.91259 0.746267 0.0154477
411 0.91259 0.754776 0.0135692
412 0.91259 0.741566 0.0158397
413 0.91259 0.740793 0.0178896
414 0.91259 0.73007 0.0181795
415 0.91259 0.721788 0.0215234
416 0.91259 0.717023 0.0189877
417 0.91259 0.717063 0.0201049
418 0.91259 0.738658 0.0183113
419 0.91259 0.762731 0.0159487
420 0.91259 0.762425 0.0136026
421 0.91259 0.760384 0.0148817
422 0.91259 0.768406 0.0123132
423 0.91259 0.752932 0.016083
424 0.91259 0.752185 0.0151521
425 0.91259 0.760166 0.0160114
426 0.91259 0.760926 0.0143672
427 0.91259 0.774751 0.0127113
428 0.91259 0.778027 0.0124232
429 0.91259 0.776977 0.0114984
430 0.91259 0.780935 0.0112388
431 0.91259 0.766626 0.0147578
432 0.91259 0.758042 0.0159266
433 0.91259 0.760582 0.0173044
434 0.91259 0.753595 0.0176516
435 0.91259 0.748143 0.0185068
436 0.91259 0.767734 0.0160981
437 0.91259 0.758962 0.0164636
438 0.91259 0.749081 0.0155331
439 0.91259 0.760073 0.0160103
440 0.91259 0.777198 0.0105205
441 0.91259 0.775913 0.0112978
442 0.91259 0.778218 0.0137807
443 0.91259 0.773438 0.0176436
444 0.91259 0.770622 0.0192974
445 0.91259 0.766872 0.0150614
446 0.91259 0.764401 0.0159215
447 0.91259 0.757477 0.0212991
448 0.91259 0.751183 0.0190631
449 0.91259 0.746582 0.0218537
450 0.91259 0.741444 0.0239562
451 0.91259 0.737613 0.0228074
452 0.91259 0.737962 0.0196531
453 0.91259 0.735385 0.0161544
454 0.91259 0.74351 0.0190298
455 0.91259 0.747051 0.0211219
456 0.91259 0.758582 0.016401
457 0.91259 0.75717 0.0145955
458 0.91259 0.752837 0.0148348
459 0.91259 0.751208 0.0152776
460 0.91259 0.739635 0.0167834
461 0.91259 0.748944 0.0124005
462 0.91259 0.759719 0.0141159
463 0.91259 0.751805 0.0179161
464 0.91259 0.746125 0.0170537
465 0.91259 0.776162 0.0115369
466 0.91259 0.77593 0.0126691
467 0.91259 0.767421 0.0145313
468 0.91259 0.766848 0.0132126
469 0.91259 0.759485 0.0150974
470 0.912702 0.761568 0.0152841
471 0.912702 0.748057 0.0184711
472 0.912702 0.737 0.018121
473 0.912702 0.730563 0.0230597
474 0.912702 0.725243 0.0237498
475 0.912702 0.727847 0.0211237
476 0.912702 0.75022 0.0177129
477 0.912702 0.752389 0.0174926
478 0.912702 0.763837 0.0134442
479 0.912702 0.762187 0.0140474
480 0.912702 0.762335 0.0129571
481 0.912702 0.758627 0.0141413
482 0.912702 0.753741 0.0132046
483 0.912702 0.759081 0.0151284
484 0.912702 0.764412 0.011944
485 0.912702 0.769462 0.0108219
486 0.912702 0.769603 0.0106419
487 0.912702 0.754972 0.0126869
488 0.912702 0.774565 0.0099762
489 0.912702 0.765176 0.012766
490 0.912702 0.761384 0.0136964
491 0.912702 0.749619 0.0141252
492 0.912702 0.746729 0.0157019
493 0.912702 0.735451 0.0177506
494 0.912702 0.760897 0.0123106
495 0.912702 0.76104 0.0135667
496 0.912702 0.76931 0.0137535
497 0.912702 0.772895 0.0127063
498 0.912702 0.763341 0.0138586
499 0.912702 0.756085 0.0168996
500 0.912702 0.775193 0.0136539
501 0.912702 0.77401 0.0127959
502 0.912702 0.758772 0.0195043
503 0.912702 0.738252 0.02216
504 0.912702 0.753296 0.0187678
505 0.912702 0.761001 0.0157474
506 0.912702 0.754104 0.0165073
507 0.912702 0.75837 0.0126927
508 0.912702 0.761488 0.0128033
509 0.912702 0.761101 0.0132989
510 0.912702 0.757447 0.0134979
511 0.912702 0.774002 0.0159434
512 0.912702 0.774233 0.0138757
513 0.912702 0.781204 0.0133338
514 0.912702 0.767622 0.0124757
515 0.912702 0.768231 0.0127514
516 0.912702 0.775781 0.0133051
517 0.912702 0.779306 0.0141441
518 0.912702 0.780502 0.0119698
519 0.912702 0.770889 0.0130456
520 0.912702 0.766124 0.0131345
521 0.912702 0.774379 0.0120323
522 0.912702 0.781282 0.0106716
523 0.912702 0.787109 0.0107656
524 0.912702 0.784901 0.0130809
525 0.912702 0.77301 0.0123038
526 0.912702 0.76394 0.0159756
527 0.912702 0.757763 0.0194038
528 0.912702 0.774157 0.0141167
529 0.912702 0.779526 0.00982244
530 0.912702 0.761957 0.0126707
531 0.912702 0.770108 0.00923101
532 0.912702 0.771741 0.012989
533 0.912702 0.767789 0.0126656
534 0.912702 0.782599 0.00975098
535 0.912702 0.767231 0.013165
536 0.912952 0.777901 0.0136772
537 0.912952 0.779462 0.00975048
538 0.912952 0.758247 0.0135973
539 0.912952 0.76923 0.0132162
540 0.912952 0.771544 0.0106491
541 0.912952 0.770511 0.0126464
542 0.912952 0.777713 0.011991
543 0.912952 0.763998 0.0114094
544 0.912952 0.759002 0.0147673
545 0.912952 0.765771 0.0135205
546 0.912952 0.743966 0.0175135
547 0.912952 0.744182 0.018922
548 0.912952 0.762856 0.015139
549 0.912952 0.775243 0.0100464
550 0.912952 0.772287 0.0112298
551 0.912952 0.76944 0.0128596
552 0.912952 0.780264 0.0121872
553 0.912952 0.791441 0.0122756
554 0.912952 0.787436 0.00958876
555 0.912952 0.796384 0.00792905
556 0.912952 0.782544 0.00958253
557 0.912952 0.781255 0.00903065
558 0.912952 0.783065 0.00972564
559 0.912952 0.772523 0.0116179
560 0.912952 0.774218 0.0120115
561 0.912952 0.776906 0.0119791
562 0.912952 0.769065 0.0136171
563 0.912952 0.779905 0.0103501
564 0.912952 0.787436 0.0109557
565 0.912952 0.782076 0.0103534
566 0.912952 0.7865 0.0118165
567 0.912952 0.779524 0.0113956
568 0.912952 0.766875 0.0131116
569 0.912952 0.775509 0.0118758
570 0.912952 0.781799 0.0101206
571 0.912952 0.771257 0.0117995
572 0.912952 0.745709 0.0147605
573 0.912952 0.740816 0.0151526
574 0.913662 0.771731 0.0114765
575 0.913662 0.774813 0.0100826
576 0.913662 0.771475 0.0112477
577 0.913662 0.76765 0.0112033
578 0.913662 0.758083 0.0128185
579 0.913662 0.76482 0.0150109
580 0.913662 0.768067 0.0124123
581 0.913662 0.774269 0.0129684
582 0.913662 0.759451 0.0175464
583 0.913662 0.76874 0.0136593
584 0.913662 0.745809 0.0172662
585 0.913662 0.750998 0.0178502
586 0.914184 0.749153 0.016964
587 0.914184 0.757409 0.0173392
588 0.914184 0.752618 0.0197051
589 0.914184 0.763021 0.0180102
590 0.914184 0.751352 0.0161824
591 0.914184 0.755751 0.0167344
592 0.914184 0.75541 0.0150742
593 0.914184 0.748137 0.0168707
594 0.914184 0.754925 0.0163331
595 0.914184 0.748282 0.0134656
596 0.914184 0.760039 0.0142423
597 0.914184 0.775939 0.0112718
598 0.914184 0.762211 0.0155037
599 0.914184 0.77583 0.0121378
600 0.914184 0.787445 0.00928478
601 0.914184 0.782893 0.00875959
602 0.914184 0.764028 0.0104229
603 0.914184 0.759101 0.0138711
604 0.914184 0.756342 0.013934
605 0.914184 0.751453 0.015208
606 0.914184 0.747857 0.0185725
607 0.914184 0.745872 0.0164993
608 0.914184 0.744879 0.0181168
609 0.914184 0.76011 0.0140261
610 0.914184 0.747831 0.0191764
611 0.914184 0.760382 0.0157155
612 0.914184 0.771246 0.0132513
613 0.914184 0.754421 0.0156362
614 0.914184 0.7615 0.0127201
615 0.914184 0.757197 0.0163414
616 0.914184 0.749488 0.0176471
617 0.914184 0.757404 0.0151231
618 0.914184 0.741937 0.0171761
619 0.914184 0.74667 0.0137966
620 0.914184 0.762121 0.0139295
621 0.914184 0.755565 0.017592
622 0.914184 0.75943 0.0162304
623 0.914184 0.769218 0.0155175
624 0.914184 0.756801 0.0132003
625 0.914184 0.76976 0.0120905
626 0.914184 0.768321 0.00905141
627 0.914184 0.77754 0.0136342
628 0.914184 0.782944 0.0147592
629 0.914184 0.785561 0.0132718
630 0.914184 0.786527 0.0134929
631 0.914184 0.774667 0.0133317
632 0.914184 0.763479 0.0152728
633 0.914184 0.758003 0.0154732
634 0.914184 0.758295 0.0133793
635 0.914184 0.726234 0.0194659
636 0.914184 0.729706 0.0219611
637 0.914184 0.723577 0.022747
638 0.914184 0.723168 0.0220558
639 0.914184 0.746442 0.0206902
640 0.914184 0.748871 0.0201293
641 0.914184 0.753664 0.0168399
642 0.914184 0.735353 0.019125
643 0.914184 0.743977 0.0190241
644 0.914184 0.737722 0.0206162
645 0.914184 0.749899 0.0194942
646 0.914184 0.733177 0.0232283
647 0.914184 0.737706 0.0199267
648 0.914184 0.72324 0.0208238
649 0.914184 0.728919 0.0212617
650 0.914184 0.747513 0.0165603
651 0.914184 0.743278 0.0165036
652 0.914184 0.758997 0.0139738
653 0.914184 0.768913 0.012571
654 0.914184 0.754006 0.0156708
655 0.914184 0.765081 0.0135362
656 0.914184 0.763179 0.0150541
657 0.914184 0.755457 0.0176591
658 0.914184 0.751765 0.0184088
659 0.914184 0.760238 0.0171809
660 0.914184 0.743208 0.0189009
661 0.914184 0.764007 0.0145119
662 0.914184 0.755622 0.0190274
663 0.914184 0.761427 0.0151639
664 0.914184 0.772383 0.0111711
665 0.914184 0.764986 0.0123078
666 0.914184 0.74829 0.0130977
667 0.914184 0.769104 0.00990486
668 0.914184 0.763145 0.0146821
669 0.914184 0.752343 0.0172892
670 0.914184 0.756928 0.0156315
671 0.914184 0.747601 0.0161403
672 0.914184 0.746945 0.0184109
673 0.914184 0.734887 0.0220059
674 0.914184 0.747828 0.0181869
675 0.914184 0.725437 0.0204182
676 0.914184 0.733227 0.0233124
677 0.914184 0.74886 0.0213061
678 0.914184 0.743968 0.0255183
679 0.914184 0.757783 0.0196008
680 0.914184 0.752746 0.0214232
681 0.914184 0.752883 0.0207948
682 0.914184 0.753448 0.0241991
683 0.914184 0.750245 0.0230647
684 0.914184 0.75517 0.0194493
685 0.914184 0.753266 0.0178588
686 0.914184 0.740683 0.0213415
687 0.914184 0.750369 0.0194701
688 0.914184 0.765979 0.0141299
689 0.914184 0.76393 0.015067
690 0.914184 0.761187 0.0138092
691 0.914184 0.762827 0.0143369
692 0.914184 0.762272 0.0130483
693 0.914184 0.765532 0.0163122
694 0.914184 0.77183 0.0148899
695 0.914184 0.770265 0.0143283
696 0.914184 0.771047 0.0128423
697 0.914184 0.757063 0.0159846
698 0.914184 0.771435 0.016933
699 0.914184 0.757525 0.0159731
700 0.914184 0.756113 0.0188
701 0.914184 0.748708 0.0161968
702 0.914184 0.750344 0.022501
703 0.914184 0.741951 0.0246425
704 0.914184 0.731907 0.0271672
705 0.914184 0.734698 0.0300849
706 0.914184 0.754835 0.0176608
707 0.914184 0.74733 0.0165041
708 0.914184 0.738636 0.0201303
709 0.914184 0.719683 0.0212873
710 0.914184 0.73314 0.0214483
711 0.914184 0.741005 0.0236729
712 0.914184 0.731687 0.0222056
713 0.914184 0.75362 0.0202624
714 0.914184 0.763283 0.01509
715 0.914184 0.757903 0.0150732
716 0.914184 0.767613 0.0170051
717 0.914184 0.774243 0.0169225
718 0.914184 0.754602 0.020738
719 0.914184 0.73884 0.0237695
720 0.914184 0.770886 0.0200027
721 0.914184 0.769372 0.0153974
722 0.914184 0.768753 0.0161158
723 0.914184 0.773014 0.0112306
724 0.914184 0.763031 0.0149852
725 0.914184 0.763295 0.0134349
726 0.914184 0.773647 0.0134167
727 0.914184 0.758439 0.0180061
728 0.914184 0.77592 0.0142654
729 0.914184 0.779917 0.0122377
730 0.914184 0.764668 0.0143553
731 0.914258 0.762245 0.0186339
732 0.914258 0.762618 0.0192336
733 0.914258 0.759722 0.0189615
734 0.914258 0.766496 0.0142378
735 0.914258 0.753952 0.0188099
736 0.914258 0.755629 0.0206415
737 0.914258 0.755161 0.0230467
738 0.914258 0.759553 0.0170289
739 0.914258 0.751281 0.0199008
740 0.914258 0.75379 0.0183052
741 0.914258 0.760602 0.0191137
742 0.914258 0.743818 0.0194389
743 0.914258 0.757919 0.0171874
744 0.914258 0.758914 0.0190897
745 0.914258 0.734471 0.021562
746 0.914258 0.746365 0.0180694
747 0.914258 0.730254 0.0205663
748 0.914258 0.749099 0.0169037
749 0.914258 0.76461 0.0176251
750 0.914258 0.75997 0.0191
751 0.914258 0.763919 0.0183509
752 0.914258 0.759819 0.0187169
753 0.914258 0.764122 0.0155686
754 0.914258 0.757559 0.014385
755 0.914258 0.730569 0.0154617
756 0.914258 0.747543 0.0161894
757 0.914258 0.745569 0.0138312
758 0.914258 0.73776 0.0142987
759 0.914258 0.742053 0.0173183
760 0.914258 0.747033 0.0170491
761 0.914258 0.745064 0.0178552
762 0.914258 0.755509 0.0160743
763 0.914258 0.768668 0.0144147
764 0.914258 0.762892 0.0154985
765 0.914258 0.761549 0.0188876
766 0.914258 0.750103 0.020544
767 0.914258 0.76087 0.0169747
768 0.914258 0.759467 0.0178797
769 0.914258 0.748993 0.0222477
770 0.914258 0.738517 0.025631
771 0.914258 0.741721 0.023025
772 0.914258 0.750394 0.0163395
773 0.914258 0.75788 0.0201711
774 0.914258 0.745244 0.0202775
775 0.914258 0.767187 0.0176196
776 0.914258 0.772921 0.0148066
777 0.914258 0.765881 0.0134744
778 0.914258 0.754236 0.0148264
779 0.914258 0.744022 0.0182466
780 0.914258 0.74675 0.0179348
781 0.914258 0.739682 0.0192708
782 0.914258 0.76422 0.0141596
783 0.914258 0.760916 0.0184273
784 0.914258 0.762892 0.0181995
785 0.914258 0.755957 0.0182517
786 0.914258 0.752547 0.0202506
787 0.914258 0.761764 0.0169757
788 0.914258 0.74996 0.0193951
789 0.914258 0.758448 0.0176978
790 0.914258 0.749152 0.0155845
791 0.914258 0.745862 0.0171477
792 0.914258 0.760039 0.0154923
793 0.914258 0.748291 0.0181161
794 0.914258 0.735929 0.0184172
795 0.914258 0.72915 0.0197225
796 0.914258 0.744401 0.0152851
797 0.914258 0.748856 0.0153837
798 0.914258 0.750616 0.0177366
799 0.914258 0.7607 0.0143916
800 0.914258 0.750958 0.0152834
801 0.914258 0.754913 0.0156919
802 0.914258 0.767535 0.0131285
803 0.914258 0.773389 0.0123033
804 0.914258 0.766631 0.0161301
805 0.914258 0.774285 0.0109578
806 0.914258 0.766367 0.0154336
807 0.914258 0.745416 0.0140034
808 0.914258 0.760465 0.0154002
809 0.914258 0.775884 0.012466
810 0.914258 0.772933 0.0124205
811 0.914258 0.766874 0.0172689
812 0.914258 0.743039 0.0214709
813 0.914258 0.755083 0.0165478
814 0.914258 0.752808 0.0163074
815 0.914258 0.727213 0.023122
816 0.914258 0.727458 0.0203912
817 0.914258 0.753789 0.0176158
818 0.914258 0.734064 0.0165846
819 0.914258 0.742141 0.0179752
820 0.914258 0.752649 0.0160867
821 0.914258 0.755108 0.0136531
822 0.914258 0.747094 0.0128165
823 0.914258 0.759752 0.0132382
824 0.914258 0.760701 0.00995123
825 0.914258 0.767489 0.0130198
826 0.914258 0.767861 0.0129637
827 0.914258 0.762466 0.0130125
828 0.914258 0.746509 0.0170565
829 0.914258 0.747928 0.0182274
830 0.914258 0.753461 0.0157208
831 0.914258 0.742845 0.0185417
832 0.914258 0.754069 0.0168937
833 0.914258 0.762078 0.0156068
834 0.914258 0.762212 0.0173094
835 0.914258 0.76655 0.0152622
836 0.914258 0.766886 0.0146192
837 0.914258 0.765773 0.0149396
838 0.914258 0.776277 0.0128328
839 0.914258 0.779653 0.0123657
840 0.914258 0.772676 0.0131492
841 0.914258 0.766829 0.0147878
842 0.914258 0.760264 0.0154745
843 0.914258 0.757082 0.0190759
844 0.914258 0.767371 0.0163477
845 0.914258 0.759197 0.0178055
846 0.914258 0.763329 0.0177001
847 0.914258 0.76793 0.0134052
848 0.914258 0.766299 0.0128414
849 0.914258 0.765263 0.0135921
850 0.914258 0.763311 0.014486
851 0.914258 0.767677 0.0144054
852 0.914258 0.785758 0.0136633
853 0.914258 0.781355 0.0148507
854 0.914258 0.783623 0.0121757
855 0.914258 0.78804 0.0110329
856 0.914258 0.792643 0.0101259
857 0.914258 0.773306 0.0128164
858 0.914258 0.769683 0.0111187
859 0.914258 0.77659 0.00996115
860 0.914258 0.774321 0.012665
861 0.914258 0.758363 0.011935
862 0.914258 0.773515 0.0117004
863 0.914258 0.762141 0.0176859
864 0.914258 0.770136 0.0143369
865 0.914258 0.754566 0.0137565
866 0.914258 0.748281 0.0159841
867 0.914258 0.739849 0.0183978
868 0.914258 0.755756 0.0199258
869 0.914258 0.774979 0.0149803
870 0.914258 0.781544 0.0136735
871 0.914258 0.77566 0.0106101
872 0.914258 0.757274 0.0155656
873 0.914258 0.770009 0.0120586
874 0.914258 0.770992 0.0118065
875 0.914258 0.766554 0.0182974
876 0.914258 0.764253 0.0164698
877 0.914258 0.76863 0.0119944
878 0.914258 0.77401 0.012293
879 0.914258 0.774498 0.0145632
880 0.914258 0.780865 0.0142246
881 0.914258 0.775002 0.0155481
882 0.914258 0.775967 0.0164046
883 0.914258 0.774155 0.0134261
884 0.914258 0.763094 0.0176048
885 0.914258 0.756206 0.0182617
886 0.914258 0.758951 0.0159665
887 0.914258 0.751748 0.017299
888 0.914258 0.744309 0.0143489
889 0.914258 0.738301 0.0202174
890 0.914258 0.739384 0.0167838
891 0.914258 0.747899 0.0177295
892 0.914258 0.754421 0.0144081
893 0.914258 0.766934 0.0169955
894 0.914258 0.775559 0.0147544
895 0.914308 0.767848 0.0147404
896 0.914308 0.763046 0.0133281
897 0.914308 0.772186 0.0112769
898 0.914308 0.778029 0.0114385
899 0.914308 0.775918 0.0119206
900 0.914308 0.755871 0.0176916
901 0.914308 0.778151 0.0145605
902 0.914308 0.768211 0.0166665
903 0.914308 0.769718 0.013559
904 0.914308 0.777846 0.0121384
905 0.914308 0.77936 0.0144316
906 0.914308 0.776923 0.0116538
907 0.914308 0.766792 0.012994
908 0.914308 0.764058 0.0135882
909 0.914308 0.768675 0.0110169
910 0.914308 0.756486 0.0180001
911 0.914308 0.761172 0.0176575
912 0.914308 0.760138 0.0152479
913 0.914308 0.759866 0.0164944
914 0.914308 0.777039 0.0100459
915 0.914308 0.781894 0.0110354
916 0.914308 0.78938 0.0109861
917 0.914308 0.786073 0.00924664
918 0.914308 0.780436 0.0108761
919 0.914308 0.780741 0.0122744
920 0.914308 0.761811 0.014131
921 0.914308 0.758384 0.0145472
922 0.914308 0.765648 0.0145455
923 0.914308 0.759097 0.0199289
924 0.914308 0.758866 0.0229598
925 0.914308 0.768567 0.0150694
926 0.914308 0.773475 0.0131768
927 0.914308 0.767297 0.0166344
928 0.914308 0.7531 0.015907
929 0.914308 0.754822 0.0189984
930 0.914308 0.769258 0.0189165
931 0.914308 0.790718 0.00857167
932 0.914308 0.777664 0.0145903
933 0.914308 0.783168 0.0111085
934 0.914308 0.776016 0.0125376
935 0.914308 0.777753 0.0131673
936 0.914308 0.773801 0.0140691
937 0.914308 0.77953 0.0154923
938 0.914308 0.765481 0.0185467
939 0.914308 0.774036 0.0175508
940 0.914308 0.7844 0.0139014
941 0.914308 0.76641 0.0152538
942 0.914308 0.749673 0.0221376
943 0.914308 0.764063 0.0148673
944 0.914308 0.774866 0.0146384
945 0.914308 0.761789 0.01506
946 0.914308 0.772672 0.0149146
947 0.914308 0.762141 0.0199832
948 0.914308 0.762289 0.0216585
949 0.914308 0.761232 0.0217687
950 0.914308 0.752257 0.0181923
951 0.914308 0.764958 0.0166259
952 0.914308 0.774009 0.0134955
953 0.914308 0.776483 0.0136716
954 0.914308 0.765953 0.0153991
955 0.914308 0.763039 0.0154798
956 0.914308 0.769028 0.0121895
957 0.914308 0.763562 0.0165862
958 0.914308 0.767401 0.013041
959 0.914308 0.757246 0.0124676
960 0.914308 0.754511 0.0163417
961 0.914308 0.769747 0.00964862
962 0.914308 0.77594 0.00954952
963 0.914308 0.768889 0.0121305
964 0.914308 0.754956 0.0135615
965 0.914308 0.751074 0.0141977
966 0.914308 0.738951 0.0171073
967 0.914308 0.749678 0.013806
968 0.914308 0.757606 0.0119476
969 0.914308 0.753783 0.0135925
970 0.914308 0.750259 0.0151923
971 0.914308 0.744281 0.0182699
972 0.914308 0.742469 0.0157973
973 0.914308 0.746722 0.0165883
974 0.914308 0.739565 0.0169821
975 0.914308 0.75375 0.0144143
976 0.914308 0.744126 0.0166775
977 0.914308 0.770435 0.0117974
978 0.914308 0.770748 0.0116359
979 0.914308 0.774579 0.0115165
980 0.914337 0.768124 0.0168679
981 0.914337 0.763483 0.0140053
982 0.914337 0.763281 0.0167701
983 0.914337 0.756744 0.0179527
984 0.914337 0.75802 0.0238286
985 0.914337 0.762124 0.0198307
986 0.914337 0.75734 0.0178803
987 0.914337 0.772154 0.0154019
988 0.914337 0.767587 0.0125372
989 0.914337 0.751558 0.019639
990 0.914337 0.759166 0.0181976
991 0.914337 0.753306 0.0189963
992 0.914337 0.758796 0.0179619
993 0.914337 0.776251 0.0152442
994 0.914337 0.760511 0.0145831
995 0.914737 0.750532 0.0157435
996 0.914737 0.76437 0.0156314
997 0.914737 0.755658 0.0158023
998 0.914737 0.763815 0.0149824
999 0.914737 0.75769 0.0148729
1000 0.914737 0.759726 0.0141571
