0 0.394902 0.25684 0.000661816
1 0.394902 0.263097 0.00111135
2 0.394902 0.268449 0.00153709
3 0.556783 0.277328 0.00312228
4 0.599522 0.28601 0.00494521
5 0.599522 0.283985 0.006181
6 0.599522 0.284952 0.00551383
7 0.599522 0.28414 0.00585554
8 0.599522 0.290816 0.00739331
9 0.599522 0.299599 0.00884718
10 0.646991 0.302583 0.0112441
11 0.646991 0.303332 0.0108581
12 0.646991 0.321336 0.0158035
13 0.666125 0.326384 0.0191391
14 0.666125 0.321045 0.0163157
15 0.666125 0.303996 0.0166208
16 0.666125 0.322035 0.0197187
17 0.668936 0.319117 0.0207427
18 0.668936 0.325411 0.0214913
19 0.668936 0.325325 0.0206311
20 0.668936 0.332914 0.0220759
21 0.668936 0.350412 0.0240008
22 0.668936 0.357957 0.0261345
23 0.668936 0.356924 0.0220333
24 0.668936 0.353572 0.0222152
25 0.668936 0.365598 0.0254563
26 0.668936 0.368758 0.0220348
27 0.668936 0.372459 0.0242513
28 0.668936 0.378226 0.0228589
29 0.669984 0.380676 0.0237376
30 0.676456 0.387042 0.0227785
31 0.679074 0.404679 0.0234806
32 0.679074 0.430509 0.0232024
33 0.679074 0.447701 0.022876
34 0.694851 0.440647 0.0213172
35 0.694851 0.46069 0.0225
36 0.694851 0.444868 0.0239451
37 0.694851 0.457722 0.0241125
38 0.694851 0.459836 0.0227312
39 0.694851 0.44882 0.023246
40 0.694851 0.471043 0.0218371
41 0.694851 0.448763 0.0233827
42 0.694851 0.460501 0.0259618
43 0.694851 0.457601 0.0226114
44 0.694851 0.446979 0.0229436
45 0.694851 0.465316 0.0263524
46 0.694851 0.476195 0.0239855
47 0.694851 0.462501 0.0240953
48 0.694851 0.466062 0.0201739
49 0.694851 0.48689 0.0226652
50 0.694851 0.465866 0.0269022
51 0.694851 0.483891 0.0253862
52 0.694851 0.479968 0.0245194
53 0.694851 0.50072 0.0230993
54 0.694851 0.512811 0.0223378
55 0.695878 0.486441 0.024719
56 0.695878 0.496032 0.0226426
57 0.695878 0.48624 0.021453
58 0.695878 0.505926 0.0187697
59 0.695878 0.504266 0.0220431
60 0.695878 0.531994 0.0211065
61 0.695878 0.539918 0.0200386
62 0.695878 0.535024 0.0212006
63 0.695878 0.509453 0.0202709
64 0.695878 0.490343 0.022557
65 0.695878 0.507229 0.0207206
66 0.695878 0.502981 0.0222347
67 0.695878 0.475197 0.0207244
68 0.695878 0.517029 0.0193687
69 0.695989 0.520748 0.0212843
70 0.695989 0.507789 0.021168
71 0.695989 0.507454 0.022752
72 0.695989 0.497347 0.0225269
73 0.695989 0.505426 0.0184134
74 0.696637 0.488825 0.0233323
75 0.696637 0.514891 0.0210239
76 0.696637 0.491001 0.0191737
77 0.696637 0.491424 0.0204312
78 0.696637 0.520389 0.0210825
79 0.696637 0.519731 0.022109
80 0.696637 0.517472 0.0214397
81 0.696637 0.537914 0.0205139
82 0.696637 0.534521 0.0196944
83 0.696637 0.52508 0.0197037
84 0.696637 0.515109 0.0205363
85 0.696637 0.503619 0.0208256
86 0.696637 0.508726 0.0193062
87 0.696637 0.516023 0.0199797
88 0.696637 0.519864 0.022263
89 0.696637 0.530635 0.0207861
90 0.696637 0.527987 0.0210216
91 0.696637 0.527153 0.0202581
92 0.696637 0.525752 0.0195695
93 0.696637 0.516153 0.020753
94 0.696637 0.525352 0.0211883
95 0.696637 0.54651 0.0223254
96 0.696637 0.546805 0.0181971
97 0.696637 0.529921 0.02097
98 0.696637 0.51892 0.0215419
99 0.696637 0.52993 0.0216471
100 0.696637 0.511876 0.0219258
101 0.696637 0.526103 0.0202551
102 0.696637 0.535674 0.0203585
103 0.696637 0.540376 0.0220737
104 0.696637 0.543795 0.0235275
105 0.696637 0.523045 0.0228317
106 0.696637 0.521217 0.0241925
107 0.696637 0.52895 0.0265193
108 0.696637 0.545875 0.0227205
109 0.696637 0.535042 0.0227611
110 0.696637 0.535711 0.0202787
111 0.696637 0.538511 0.0199359
112 0.696637 0.5148 0.0202263
113 0.696637 0.51489 0.0203883
114 0.696749 0.517387 0.0234468
115 0.696749 0.527883 0.0221424
116 0.696749 0.521461 0.0206553
117 0.696749 0.517181 0.0196186
118 0.696749 0.522456 0.0207013
119 0.696749 0.513998 0.0226726
120 0.696749 0.523883 0.0238844
121 0.696749 0.518917 0.0231209
122 0.696749 0.51466 0.0256558
123 0.696749 0.518953 0.0260285
124 0.696749 0.520459 0.0277065
125 0.696749 0.513605 0.0236648
126 0.696749 0.522316 0.0224321
127 0.696749 0.517418 0.0249325
128 0.696749 0.522089 0.0246763
129 0.696749 0.536881 0.0225038
130 0.696749 0.530343 0.0211165
131 0.696749 0.518759 0.0209734
132 0.697106 0.525166 0.0217484
133 0.697106 0.543072 0.021029
134 0.697106 0.510501 0.0200255
135 0.697106 0.512151 0.0214722
136 0.697106 0.514083 0.0210687
137 0.697106 0.512509 0.0213949
138 0.697106 0.527021 0.0214737
139 0.697106 0.497748 0.019997
140 0.697106 0.523907 0.0198226
141 0.697106 0.497233 0.0178191
142 0.697106 0.49046 0.0186783
143 0.697106 0.502231 0.0189505
144 0.697106 0.517668 0.0217288
145 0.697106 0.509899 0.0196081
146 0.697314 0.500398 0.0212794
147 0.697314 0.495906 0.0217164
148 0.697314 0.510867 0.0215556
149 0.697314 0.497367 0.0220681
150 0.697314 0.502351 0.0207715
151 0.697314 0.520393 0.0211465
152 0.697314 0.501792 0.0212765
153 0.697314 0.499671 0.0206083
154 0.697314 0.507134 0.0229942
155 0.697314 0.517486 0.0248067
156 0.697314 0.487093 0.0247706
157 0.697314 0.48657 0.0224267
158 0.697314 0.467639 0.0217259
159 0.697314 0.484734 0.0232569
160 0.697314 0.484613 0.0215832
161 0.697314 0.489001 0.024212
162 0.697314 0.480823 0.0230041
163 0.697314 0.482045 0.0236615
164 0.697314 0.494691 0.0210602
165 0.697314 0.482512 0.0213734
166 0.697314 0.478438 0.0240559
167 0.697314 0.485012 0.0243381
168 0.697415 0.499627 0.0236273
169 0.697415 0.509838 0.023023
170 0.697415 0.514117 0.0211977
171 0.697415 0.507411 0.0225373
172 0.697415 0.510652 0.0203916
173 0.697415 0.51087 0.020547
174 0.697415 0.524913 0.0211808
175 0.697415 0.503839 0.0241939
176 0.697415 0.50495 0.0217955
177 0.697415 0.482377 0.0236578
178 0.697446 0.478107 0.0237952
179 0.697446 0.479716 0.0212021
180 0.697446 0.516776 0.0239143
181 0.697446 0.525627 0.0222132
182 0.697446 0.537263 0.0217344
183 0.697446 0.510454 0.0226747
184 0.697446 0.507153 0.0211945
185 0.697446 0.493238 0.0190494
186 0.697446 0.525002 0.0207487
187 0.697446 0.492957 0.0197425
188 0.697446 0.507123 0.0191243
189 0.697446 0.520853 0.0191961
190 0.697446 0.538495 0.0193786
191 0.697446 0.548699 0.0175729
192 0.697446 0.561441 0.0170831
193 0.697446 0.537433 0.0187748
194 0.697446 0.543224 0.0196692
195 0.697446 0.530276 0.0188501
196 0.697446 0.504796 0.0193047
197 0.697446 0.50367 0.0209101
198 0.697446 0.526333 0.0207787
199 0.697483 0.537486 0.019539
200 0.697483 0.548076 0.0191627
201 0.697483 0.529013 0.0186538
202 0.697483 0.524607 0.020914
203 0.697483 0.524731 0.0206425
204 0.697483 0.529788 0.0181829
205 0.697493 0.51962 0.0220757
206 0.697493 0.499657 0.0223478
207 0.697493 0.502284 0.021229
208 0.697822 0.508459 0.0201729
209 0.697822 0.52633 0.0215449
210 0.697822 0.508807 0.0206415
211 0.697822 0.506607 0.019314
212 0.69808 0.521716 0.0203541
213 0.69808 0.508663 0.0232
214 0.69808 0.522256 0.0208735
215 0.69808 0.514983 0.0223259
216 0.69808 0.507456 0.0238558
217 0.69808 0.511548 0.0233118
218 0.698242 0.498677 0.0228037
219 0.698242 0.496764 0.0221005
220 0.698242 0.506597 0.0252446
221 0.698242 0.508385 0.0224047
222 0.698242 0.519819 0.0211544
223 0.698242 0.522789 0.0203155
224 0.698311 0.521417 0.0195275
225 0.698311 0.514979 0.0223464
226 0.698311 0.494564 0.0221715
227 0.698311 0.512838 0.0239082
228 0.698591 0.541574 0.020208
229 0.698591 0.528808 0.0188457
230 0.698591 0.512229 0.0201184
231 0.698591 0.53782 0.0201295
232 0.698591 0.519181 0.0205679
233 0.698591 0.519422 0.0217995
234 0.698591 0.512118 0.0206982
235 0.698591 0.520723 0.0201925
236 0.698591 0.527335 0.018828
237 0.698591 0.522596 0.0220427
238 0.698591 0.515408 0.020614
239 0.698591 0.523816 0.0212414
240 0.698591 0.522474 0.0204255
241 0.698591 0.523055 0.0209213
242 0.698591 0.536697 0.0227611
243 0.698591 0.513708 0.0206982
244 0.698591 0.505359 0.0210531
245 0.698591 0.506865 0.0212227
246 0.698591 0.504943 0.0233021
247 0.698591 0.50338 0.0225862
248 0.698591 0.530832 0.0217535
249 0.698591 0.532876 0.0187212
250 0.698591 0.527538 0.0159176
251 0.698591 0.534529 0.0160602
252 0.698591 0.542444 0.0156599
253 0.698591 0.527051 0.0184993
254 0.698591 0.525066 0.0181511
255 0.69873 0.502799 0.0209538
256 0.699296 0.512704 0.0192116
257 0.699296 0.507073 0.0176354
258 0.699296 0.50613 0.0185706
259 0.699296 0.498808 0.0192261
260 0.699296 0.513091 0.0209543
261 0.699296 0.538627 0.0202444
262 0.699296 0.530882 0.0203648
263 0.699296 0.530672 0.0220712
264 0.699296 0.533668 0.0224687
265 0.699296 0.532497 0.0194101
266 0.699296 0.530049 0.0210311
267 0.699296 0.511723 0.0225604
268 0.699296 0.509301 0.021629
269 0.699296 0.510601 0.0209479
270 0.699296 0.511007 0.0201444
271 0.699296 0.520113 0.0223192
272 0.699296 0.522102 0.0176112
273 0.699296 0.521392 0.0179378
274 0.699296 0.505757 0.0200235
275 0.699296 0.514939 0.021423
276 0.699296 0.527768 0.0214229
277 0.699296 0.514363 0.0209986
278 0.699296 0.512204 0.0233023
279 0.699296 0.525381 0.0236424
280 0.699296 0.520719 0.0212962
281 0.699296 0.530802 0.0219422
282 0.699296 0.545449 0.022027
283 0.699296 0.549119 0.0194407
284 0.699296 0.574862 0.0155756
285 0.699296 0.561181 0.0167636
286 0.699296 0.536974 0.0174638
287 0.699296 0.543558 0.0150642
288 0.699296 0.550888 0.0190429
289 0.699296 0.523428 0.0220246
290 0.699296 0.52842 0.019304
291 0.699296 0.516332 0.0219179
292 0.699296 0.517931 0.0236334
293 0.699296 0.530901 0.0234048
294 0.699296 0.526931 0.0195635
295 0.699296 0.511174 0.0217686
296 0.699296 0.503292 0.0257023
297 0.699296 0.484786 0.0221531
298 0.699296 0.515316 0.0228671
299 0.699296 0.510149 0.0212856
300 0.699296 0.53583 0.0195948
301 0.699296 0.527941 0.0200698
302 0.699296 0.543991 0.0185547
303 0.699296 0.519479 0.0229158
304 0.699296 0.515263 0.0234049
305 0.699296 0.528422 0.0239032
306 0.699296 0.531828 0.0226
307 0.699296 0.516777 0.0206204
308 0.699296 0.519698 0.0225088
309 0.699296 0.540968 0.0190969
310 0.699296 0.553028 0.0178373
311 0.699296 0.549115 0.0177029
312 0.699296 0.561802 0.0178052
313 0.699296 0.559315 0.0156583
314 0.699296 0.568391 0.0147923
315 0.699296 0.546138 0.0153733
316 0.699296 0.546564 0.014897
317 0.699296 0.540351 0.0154714
318 0.699296 0.542688 0.0178266
319 0.699296 0.526547 0.0177567
320 0.699296 0.538736 0.0163951
321 0.699296 0.560321 0.0149417
322 0.699296 0.530069 0.0187834
323 0.699296 0.520289 0.0184374
324 0.699296 0.523339 0.0188206
325 0.699296 0.525914 0.0204784
326 0.699296 0.531672 0.0193055
327 0.699296 0.549046 0.018964
328 0.699296 0.558792 0.0187106
329 0.699296 0.560441 0.0174584
330 0.699296 0.563431 0.0180518
331 0.699487 0.551582 0.0211852
332 0.699487 0.551464 0.0201467
333 0.699487 0.539925 0.0231509
334 0.699487 0.535605 0.0237089
335 0.699487 0.538093 0.02243
336 0.699487 0.530887 0.0223476
337 0.699487 0.528806 0.0229418
338 0.699487 0.521323 0.0252124
339 0.699487 0.536238 0.0253824
340 0.699487 0.53594 0.02025
341 0.699487 0.537193 0.0197481
342 0.699487 0.526662 0.0207371
343 0.699487 0.532208 0.021469
344 0.699487 0.528989 0.0190868
345 0.699487 0.535081 0.0207402
346 0.699487 0.533182 0.0221577
347 0.699487 0.559578 0.0177313
348 0.699487 0.537269 0.0189645
349 0.699487 0.537394 0.0201001
350 0.699487 0.543283 0.0188895
351 0.699487 0.535587 0.0219556
352 0.699487 0.531319 0.0221617
353 0.699523 0.523548 0.0194555
354 0.699523 0.541482 0.0206793
355 0.699523 0.564048 0.0193976
356 0.699523 0.561763 0.0199553
357 0.699523 0.541671 0.0189656
358 0.699523 0.546338 0.0212451
359 0.699523 0.516689 0.0216055
360 0.699523 0.526343 0.0228988
361 0.699523 0.532826 0.0235257
362 0.699523 0.52448 0.020178
363 0.699523 0.533723 0.0204074
364 0.699523 0.528583 0.0193578
365 0.699523 0.51599 0.0206205
366 0.699523 0.507945 0.0246502
367 0.699523 0.506957 0.0219465
368 0.699523 0.494678 0.0225091
369 0.699537 0.513719 0.0228792
370 0.699537 0.524327 0.0240719
371 0.699537 0.52926 0.024008
372 0.699537 0.546901 0.0198863
373 0.699537 0.545052 0.0228579
374 0.699537 0.530002 0.0228095
375 0.699537 0.54131 0.0196313
376 0.699537 0.556426 0.0195854
377 0.699537 0.553151 0.0187329
378 0.699537 0.528804 0.0195694
379 0.699537 0.541701 0.0174747
380 0.699537 0.535405 0.0174458
381 0.699537 0.51728 0.0189841
382 0.699598 0.527445 0.0208968
383 0.699598 0.538084 0.0194523
384 0.699598 0.543134 0.0181909
385 0.699598 0.527859 0.0203338
386 0.699598 0.546139 0.0189258
387 0.699598 0.544366 0.0189096
388 0.699598 0.547687 0.0179425
389 0.699598 0.542234 0.0192875
390 0.699598 0.536638 0.0215592
391 0.699604 0.521223 0.0218577
392 0.699604 0.545037 0.0201837
393 0.699604 0.556827 0.0181848
394 0.699628 0.555636 0.0172914
395 0.699628 0.536736 0.0150951
396 0.699634 0.542934 0.0164988
397 0.699634 0.55009 0.0186826
398 0.699634 0.556098 0.0164368
399 0.699634 0.548797 0.0163317
400 0.699634 0.5447 0.0160072
401 0.699634 0.533811 0.0197467
402 0.699634 0.530695 0.0196771
403 0.699634 0.518976 0.0217064
404 0.699634 0.525547 0.0222092
405 0.699634 0.524097 0.0239803
406 0.699634 0.54729 0.0210348
407 0.699634 0.548022 0.0199958
408 0.699634 0.535028 0.0211238
409 0.699634 0.519982 0.0206703
410 0.699634 0.532787 0.0192006
411 0.699634 0.538787 0.0193542
412 0.699634 0.546423 0.0177331
413 0.699634 0.540549 0.0203437
414 0.699634 0.531291 0.0192342
415 0.699634 0.555355 0.0170934
416 0.699634 0.548045 0.0165084
417 0.699634 0.548538 0.0167987
418 0.699634 0.515345 0.0210379
419 0.699634 0.534359 0.0193995
420 0.699634 0.553227 0.0193274
421 0.699634 0.558091 0.0176669
422 0.699634 0.577315 0.0158948
423 0.699634 0.579779 0.0154649
424 0.699634 0.562402 0.0170527
425 0.699634 0.547224 0.0188266
426 0.699634 0.549191 0.0188505
427 0.699638 0.575737 0.0175254
428 0.699638 0.576827 0.0168263
429 0.699638 0.570993 0.014606
430 0.699638 0.552828 0.0174958
431 0.699638 0.562076 0.0159733
432 0.699646 0.559148 0.0166566
433 0.699646 0.58376 0.0143921
434 0.699646 0.589469 0.0151598
435 0.699646 0.581419 0.014744
436 0.699646 0.578105 0.0158298
437 0.699646 0.589149 0.0142526
438 0.699647 0.574043 0.017006
439 0.699647 0.551809 0.0165851
440 0.699647 0.545295 0.0168286
441 0.699647 0.551948 0.0186471
442 0.699647 0.540895 0.0180281
443 0.699647 0.537659 0.0170196
444 0.699681 0.544041 0.0170231
445 0.699681 0.522961 0.0150159
446 0.699681 0.527395 0.018994
447 0.699681 0.533393 0.0185663
448 0.699681 0.541572 0.0180657
449 0.699681 0.546852 0.0170071
450 0.699681 0.542189 0.0176493
451 0.699681 0.573423 0.0155715
452 0.699681 0.576873 0.0142687
453 0.69979 0.54405 0.0168099
454 0.69979 0.559527 0.0158113
455 0.69979 0.556763 0.015463
456 0.69979 0.584674 0.0120089
457 0.69979 0.572768 0.0145256
458 0.69979 0.562339 0.0154293
459 0.69979 0.555251 0.0184396
460 0.69979 0.554791 0.0191113
461 0.69979 0.554281 0.0158792
462 0.69979 0.550561 0.0180771
463 0.69979 0.55129 0.0173645
464 0.69979 0.5432 0.0194473
465 0.699817 0.533671 0.0179772
466 0.699817 0.537248 0.0191887
467 0.699817 0.544924 0.0210242
468 0.699817 0.544486 0.0173379
469 0.699817 0.543389 0.0172195
470 0.699817 0.547266 0.0193062
471 0.699817 0.536856 0.020151
472 0.699817 0.550018 0.0195406
473 0.699817 0.527344 0.022192
474 0.699817 0.545768 0.0192796
475 0.699817 0.538595 0.0191133
476 0.699817 0.549569 0.0192182
477 0.699817 0.541573 0.0191698
478 0.699817 0.5401 0.015659
479 0.699817 0.52994 0.0195757
480 0.699817 0.520691 0.0225817
481 0.699817 0.511229 0.0261527
482 0.699817 0.533007 0.0225356
483 0.699817 0.552774 0.0208363
484 0.699817 0.521247 0.0216783
485 0.699817 0.543098 0.0199905
486 0.699817 0.505856 0.0205884
487 0.699817 0.505433 0.0206206
488 0.699817 0.505239 0.0207914
489 0.699817 0.522396 0.0179954
490 0.699817 0.536529 0.017105
491 0.699817 0.522812 0.0194713
492 0.699817 0.534618 0.0207314
493 0.699956 0.551778 0.0217206
494 0.699956 0.522534 0.0221328
495 0.699956 0.5357 0.0185522
496 0.700097 0.518313 0.0193704
497 0.700097 0.520517 0.021896
498 0.700099 0.524828 0.0233313
499 0.700099 0.53216 0.0203088
500 0.700099 0.532634 0.021918
501 0.700099 0.524758 0.0209709
502 0.700099 0.524522 0.0208111
503 0.700099 0.536208 0.0192081
504 0.700099 0.543936 0.0214648
505 0.700099 0.560889 0.0180896
506 0.700099 0.55972 0.0175105
507 0.700099 0.558052 0.0162833
508 0.700099 0.565949 0.0136707
509 0.700099 0.567067 0.0142552
510 0.700143 0.575262 0.0180451
511 0.700143 0.556511 0.0165736
512 0.700143 0.554763 0.0170985
513 0.700143 0.534658 0.0179364
514 0.700143 0.544055 0.0191532
515 0.700143 0.539708 0.0173968
516 0.700143 0.549432 0.0189391
517 0.700143 0.566581 0.0145472
518 0.700274 0.56508 0.0146647
519 0.700274 0.564966 0.0163704
520 0.700274 0.54052 0.0198071
521 0.700424 0.535919 0.0206212
522 0.700424 0.534181 0.0209619
523 0.700424 0.554639 0.017552
524 0.700424 0.543593 0.0191645
525 0.700424 0.538105 0.0171753
526 0.700424 0.522729 0.0188711
527 0.700424 0.542795 0.0185511
528 0.700424 0.520136 0.0222441
529 0.700424 0.527337 0.020718
530 0.700424 0.529051 0.0222289
531 0.700424 0.524232 0.0189366
532 0.700424 0.530888 0.0208029
533 0.700424 0.528484 0.0192492
534 0.700424 0.523238 0.0195082
535 0.700424 0.536316 0.0225403
536 0.700424 0.52442 0.0220356
537 0.700424 0.526616 0.022644
538 0.700424 0.529231 0.0220958
539 0.700424 0.540093 0.0220646
540 0.700459 0.547921 0.0219719
541 0.700459 0.52907 0.0207857
542 0.700459 0.541622 0.0174947
543 0.700459 0.549026 0.0160886
544 0.700459 0.556981 0.0160732
545 0.700459 0.551843 0.019456
546 0.700459 0.563433 0.0176788
547 0.700571 0.539763 0.020028
548 0.700697 0.532173 0.020412
549 0.700697 0.543036 0.0199718
550 0.700697 0.550068 0.0202311
551 0.700697 0.544111 0.0184343
552 0.700697 0.540213 0.019702
553 0.700697 0.533185 0.0201678
554 0.700697 0.533337 0.0206512
555 0.700697 0.531749 0.0194943
556 0.700697 0.526042 0.0232746
557 0.700697 0.533968 0.0232723
558 0.700697 0.532341 0.0233109
559 0.700697 0.53613 0.0226155
560 0.700697 0.543846 0.0208152
561 0.700697 0.540329 0.0209976
562 0.700912 0.532881 0.0196661
563 0.700912 0.51391 0.0180402
564 0.700912 0.526207 0.0165998
565 0.700912 0.527991 0.0201925
566 0.700912 0.540857 0.0170074
567 0.700912 0.557624 0.0199522
568 0.700912 0.541433 0.0179246
569 0.700912 0.545922 0.0180638
570 0.700912 0.549758 0.0184231
571 0.700912 0.54422 0.0183816
572 0.700912 0.548455 0.0165089
573 0.700912 0.5369 0.0196578
574 0.700912 0.528531 0.0203599
575 0.700912 0.538082 0.0224386
576 0.700912 0.525315 0.0207402
577 0.700912 0.514961 0.0211879
578 0.700912 0.506224 0.0244385
579 0.700912 0.512006 0.0243949
580 0.700912 0.522858 0.0239932
581 0.700994 0.50698 0.0244401
582 0.700994 0.520459 0.0242615
583 0.700994 0.511027 0.0249983
584 0.700994 0.502003 0.0230739
585 0.700994 0.50191 0.0228873
586 0.700994 0.488759 0.02352
587 0.700994 0.487191 0.0228705
588 0.700994 0.494677 0.0269755
589 0.700994 0.489069 0.0244485
590 0.700994 0.508022 0.0248324
591 0.700994 0.50824 0.0248358
592 0.701793 0.494966 0.022006
593 0.701793 0.499585 0.0231881
594 0.701793 0.508362 0.0241924
595 0.701793 0.512174 0.0239775
596 0.701793 0.497882 0.0228444
597 0.701793 0.51899 0.0235462
598 0.701793 0.511714 0.0218401
599 0.701793 0.514387 0.0234822
600 0.701793 0.527555 0.0254582
601 0.701793 0.548535 0.0233286
602 0.701793 0.541443 0.0206749
603 0.701843 0.528609 0.022101
604 0.701843 0.507484 0.0237243
605 0.701843 0.504725 0.0227708
606 0.701843 0.505972 0.0238985
607 0.701843 0.513977 0.0254
608 0.701843 0.528449 0.0206446
609 0.701843 0.517739 0.020986
610 0.701843 0.525694 0.022407
611 0.701843 0.532291 0.0217804
612 0.701895 0.532905 0.0223097
613 0.701895 0.533419 0.0209285
614 0.701895 0.553075 0.0206454
615 0.701895 0.52945 0.0185367
616 0.701895 0.53999 0.0200811
617 0.701895 0.554117 0.0185168
618 0.701895 0.542586 0.0200886
619 0.701895 0.54813 0.0172484
620 0.701895 0.545218 0.0214951
621 0.701895 0.521676 0.0235444
622 0.701895 0.514398 0.025752
623 0.701895 0.538454 0.023823
624 0.701895 0.531433 0.0217216
625 0.701895 0.516638 0.0203432
626 0.701895 0.512501 0.0192833
627 0.701895 0.506491 0.0224101
628 0.702475 0.521301 0.0249333
629 0.702475 0.523109 0.0240872
630 0.702475 0.520153 0.0241315
631 0.702475 0.514326 0.0255948
632 0.702475 0.515911 0.027598
633 0.702475 0.50874 0.0235698
634 0.702475 0.520282 0.0261031
635 0.702475 0.500974 0.0241395
636 0.702475 0.474364 0.0239966
637 0.702475 0.504746 0.0259099
638 0.702475 0.488131 0.0234092
639 0.702793 0.496611 0.0282698
640 0.702793 0.514731 0.0248876
641 0.702793 0.534125 0.0236581
642 0.702793 0.51278 0.0250951
643 0.702793 0.496613 0.0257438
644 0.702793 0.500319 0.0242348
645 0.702793 0.480697 0.0231454
646 0.702793 0.490079 0.0225319
647 0.702793 0.473632 0.0232803
648 0.702793 0.477774 0.026572
649 0.702793 0.489969 0.0241699
650 0.702793 0.480883 0.0222845
651 0.702793 0.491333 0.0246512
652 0.702848 0.471611 0.0242759
653 0.702848 0.474899 0.0268593
654 0.702848 0.49516 0.0273029
655 0.702848 0.491901 0.0237041
656 0.702848 0.512709 0.0204436
657 0.702939 0.515357 0.0223611
658 0.702939 0.508377 0.0186253
659 0.702939 0.531723 0.0172802
660 0.702939 0.530811 0.0198901
661 0.703065 0.524653 0.0226962
662 0.703065 0.496338 0.0239725
663 0.703065 0.515422 0.0257073
664 0.703065 0.488177 0.0245558
665 0.703065 0.478738 0.0265288
666 0.703065 0.480144 0.0247638
667 0.703065 0.492716 0.0248597
668 0.703065 0.487221 0.0250707
669 0.703065 0.48111 0.0264412
670 0.703065 0.508597 0.0269061
671 0.703065 0.490229 0.0254941
672 0.703065 0.515306 0.0223191
673 0.703065 0.510723 0.024352
674 0.703065 0.508389 0.027797
675 0.703065 0.539967 0.0226581
676 0.703065 0.52228 0.0221664
677 0.703065 0.494758 0.0219507
678 0.703065 0.497671 0.02427
679 0.703065 0.485665 0.0252179
680 0.703609 0.45612 0.0289467
681 0.703609 0.47187 0.0304372
682 0.703609 0.455622 0.0291361
683 0.703609 0.474494 0.0278124
684 0.703609 0.500557 0.0303349
685 0.703609 0.480882 0.0292955
686 0.703609 0.506778 0.0259915
687 0.703609 0.500786 0.0260533
688 0.703609 0.509685 0.027584
689 0.703609 0.513687 0.0231532
690 0.703609 0.483554 0.0264815
691 0.703609 0.481478 0.0281092
692 0.703609 0.490714 0.0262219
693 0.703609 0.502903 0.0261137
694 0.703609 0.48366 0.0265032
695 0.703609 0.495658 0.0269853
696 0.703627 0.472706 0.0243811
697 0.703627 0.504014 0.0244092
698 0.703627 0.486561 0.0256839
699 0.703627 0.502786 0.0233333
700 0.703627 0.501131 0.0253516
701 0.703627 0.511227 0.0253304
702 0.703627 0.484481 0.0268916
703 0.703639 0.483461 0.0244341
704 0.703639 0.488532 0.0229268
705 0.703639 0.474947 0.0245376
706 0.704034 0.492204 0.024997
707 0.704034 0.508182 0.0241077
708 0.704034 0.501817 0.0269113
709 0.704034 0.507661 0.0278447
710 0.704034 0.528128 0.0244529
711 0.70408 0.514129 0.0261143
712 0.70408 0.503597 0.0267505
713 0.70408 0.510008 0.0251977
714 0.70408 0.495563 0.0264893
715 0.70408 0.498614 0.0261551
716 0.70408 0.493278 0.0256445
717 0.70408 0.505311 0.0246054
718 0.70408 0.509779 0.0274155
719 0.70408 0.505225 0.0237421
720 0.70408 0.486408 0.0279392
721 0.70408 0.504525 0.0258788
722 0.70408 0.508417 0.0253308
723 0.70408 0.508007 0.025481
724 0.70408 0.527154 0.0246058
725 0.70408 0.519487 0.0268382
726 0.70408 0.519647 0.0272266
727 0.70408 0.508867 0.0280231
728 0.70408 0.543019 0.0267831
729 0.70408 0.534632 0.0267952
730 0.70408 0.522527 0.0279922
731 0.704179 0.532089 0.022375
732 0.704179 0.519574 0.0251915
733 0.704179 0.523605 0.0216583
734 0.704465 0.509854 0.0214714
735 0.704465 0.529225 0.0231165
736 0.704866 0.528531 0.0222795
737 0.704866 0.529485 0.0232303
738 0.704866 0.538942 0.0230931
739 0.704866 0.513204 0.0243179
740 0.704866 0.504473 0.023228
741 0.704866 0.490535 0.0243508
742 0.704866 0.482372 0.0271741
743 0.704866 0.501902 0.0268211
744 0.704866 0.511534 0.0253544
745 0.704866 0.518633 0.0226286
746 0.704866 0.509301 0.0233508
747 0.704866 0.533589 0.0231826
748 0.704866 0.53035 0.0248076
749 0.704866 0.538701 0.0243678
750 0.704866 0.523709 0.0246855
751 0.705638 0.517603 0.025204
752 0.705638 0.537384 0.0258029
753 0.705638 0.52198 0.0204748
754 0.705638 0.536947 0.0193289
755 0.705638 0.517107 0.0206398
756 0.705638 0.509098 0.0257856
757 0.705638 0.506043 0.0259961
758 0.705638 0.493802 0.0262251
759 0.705638 0.504317 0.0236298
760 0.705638 0.490484 0.025551
761 0.705638 0.510945 0.0214648
762 0.705638 0.510625 0.0194641
763 0.705638 0.523583 0.0229452
764 0.705638 0.517091 0.0244905
765 0.705638 0.497138 0.0259521
766 0.705724 0.496316 0.0244529
767 0.705724 0.519803 0.0223835
768 0.705724 0.521195 0.024447
769 0.705862 0.498117 0.0252812
770 0.705891 0.513291 0.0240415
771 0.705891 0.510694 0.0220134
772 0.706022 0.536913 0.0224381
773 0.706022 0.520208 0.0242766
774 0.706022 0.513376 0.0269875
775 0.706022 0.499208 0.0233694
776 0.706022 0.504599 0.0251348
777 0.706022 0.509011 0.0265956
778 0.706022 0.497687 0.027486
779 0.706022 0.508679 0.026111
780 0.706022 0.488208 0.0255557
781 0.706022 0.496369 0.0288406
782 0.706022 0.50219 0.0279768
783 0.706022 0.511842 0.0255079
784 0.706091 0.539105 0.0242628
785 0.706091 0.537184 0.0239032
786 0.706091 0.534932 0.0224431
787 0.706091 0.546596 0.0208781
788 0.706091 0.560084 0.0200583
789 0.706091 0.543699 0.0217771
790 0.706091 0.525537 0.0238032
791 0.706091 0.528766 0.0245683
792 0.706091 0.519018 0.0236171
793 0.706091 0.540838 0.024182
794 0.706091 0.515997 0.0225855
795 0.706091 0.530632 0.0214601
796 0.706091 0.541894 0.0219736
797 0.706091 0.546424 0.0193579
798 0.706091 0.563449 0.0181037
799 0.706091 0.562933 0.0198296
800 0.706091 0.559761 0.0205433
801 0.706388 0.561732 0.0196309
802 0.706388 0.535429 0.0228278
803 0.706388 0.519675 0.0226005
804 0.706388 0.509158 0.0253938
805 0.706388 0.527094 0.0237957
806 0.706388 0.519563 0.022346
807 0.706388 0.488071 0.0255893
808 0.706388 0.492157 0.0258971
809 0.706388 0.508352 0.0261977
810 0.706388 0.516951 0.0270499
811 0.706388 0.530269 0.0283664
812 0.706388 0.530919 0.0251389
813 0.706388 0.513981 0.0264872
814 0.706388 0.540915 0.0241331
815 0.706388 0.544096 0.0193256
816 0.706388 0.534445 0.02241
817 0.706388 0.522751 0.0236078
818 0.706388 0.533915 0.0240499
819 0.706388 0.538844 0.0244952
820 0.706388 0.539712 0.0244046
821 0.706388 0.53 0.0246358
822 0.706388 0.522926 0.0255523
823 0.706388 0.559541 0.0210281
824 0.707123 0.551804 0.0168257
825 0.707123 0.556259 0.0181991
826 0.707123 0.561192 0.0204396
827 0.707123 0.556661 0.0234451
828 0.707123 0.531515 0.0221883
829 0.707123 0.534204 0.0204894
830 0.707123 0.544177 0.0211467
831 0.707123 0.54043 0.0214305
832 0.707123 0.527485 0.0219838
833 0.707123 0.547121 0.023327
834 0.707352 0.537245 0.0277993
835 0.707352 0.529069 0.0261907
836 0.707352 0.533761 0.0230314
837 0.707352 0.532236 0.0215509
838 0.707352 0.561116 0.0230951
839 0.707352 0.541918 0.0261381
840 0.707352 0.53345 0.0258214
841 0.707352 0.542488 0.0224479
842 0.707352 0.539386 0.0217723
843 0.707352 0.544769 0.0230124
844 0.707352 0.563977 0.0210016
845 0.707352 0.555345 0.0209874
846 0.707352 0.581142 0.0192661
847 0.707352 0.565598 0.018417
848 0.707352 0.566072 0.0205493
849 0.707352 0.543935 0.0204194
850 0.707352 0.550835 0.0189524
851 0.707352 0.550295 0.0182125
852 0.707352 0.53762 0.0196599
853 0.707352 0.503764 0.0242441
854 0.707352 0.533134 0.0256144
855 0.707352 0.53189 0.0261517
856 0.707352 0.544703 0.0244747
857 0.707352 0.533411 0.0221322
858 0.707352 0.518951 0.0239539
859 0.707352 0.521649 0.0249148
860 0.707352 0.547031 0.0209816
861 0.707352 0.538768 0.0226812
862 0.707352 0.546252 0.0201387
863 0.707352 0.538015 0.0216993
864 0.707352 0.533499 0.0240232
865 0.707352 0.546518 0.0235049
866 0.707352 0.542427 0.0222073
867 0.707492 0.556556 0.0218126
868 0.707492 0.562808 0.0197206
869 0.707492 0.564722 0.0179118
870 0.707492 0.573077 0.0176839
871 0.707492 0.545801 0.0204739
872 0.707492 0.556588 0.0189714
873 0.707492 0.555072 0.0218214
874 0.707492 0.571994 0.0181421
875 0.707492 0.54952 0.0217799
876 0.707492 0.578998 0.0176886
877 0.707492 0.571692 0.0229339
878 0.707492 0.571865 0.0213332
879 0.707649 0.562316 0.0238543
880 0.707649 0.550243 0.02294
881 0.707649 0.55603 0.0199093
882 0.707649 0.536747 0.019404
883 0.707649 0.541098 0.020605
884 0.707649 0.536166 0.0224237
885 0.707649 0.519048 0.0207525
886 0.707649 0.526481 0.0228151
887 0.707649 0.537973 0.0181721
888 0.707649 0.539067 0.0230127
889 0.707649 0.531524 0.0237716
890 0.707649 0.54293 0.0221569
891 0.707649 0.52107 0.0240234
892 0.707649 0.538872 0.0233079
893 0.707649 0.524137 0.0225775
894 0.707649 0.518763 0.0213629
895 0.707649 0.502923 0.0262228
896 0.707649 0.511604 0.0282801
897 0.707649 0.506661 0.0247005
898 0.707649 0.50595 0.0274305
899 0.707649 0.517595 0.0263818
900 0.707649 0.524663 0.0238402
901 0.707649 0.541721 0.0236545
902 0.707649 0.545709 0.0221816
903 0.707649 0.527691 0.0248106
904 0.707649 0.532329 0.0264756
905 0.707649 0.539578 0.0225562
906 0.707649 0.536595 0.0227802
907 0.707649 0.554187 0.0227604
908 0.707649 0.563012 0.0222538
909 0.707649 0.550729 0.0227821
910 0.707649 0.546331 0.0227267
911 0.707649 0.546959 0.0214044
912 0.707719 0.558783 0.0215225
913 0.707719 0.55075 0.0236049
914 0.707719 0.529807 0.0257625
915 0.707719 0.522818 0.0281956
916 0.707719 0.533684 0.0249579
917 0.707719 0.528476 0.0256138
918 0.707719 0.547029 0.0247943
919 0.707719 0.527706 0.0248319
920 0.707719 0.509606 0.0275088
921 0.707719 0.526168 0.0289729
922 0.707719 0.510373 0.027478
923 0.707719 0.512925 0.0249515
924 0.707719 0.52071 0.0263137
925 0.707719 0.520167 0.0256291
926 0.707719 0.535571 0.0233222
927 0.707719 0.547189 0.0213962
928 0.707719 0.559416 0.0164555
929 0.707719 0.540789 0.0202692
930 0.707719 0.555206 0.0180421
931 0.707719 0.554222 0.0190396
932 0.707719 0.553033 0.0213842
933 0.707719 0.55658 0.0171788
934 0.707719 0.53014 0.0176862
935 0.707719 0.543993 0.018864
936 0.707955 0.549203 0.0175917
937 0.707955 0.546973 0.0210036
938 0.707955 0.54764 0.0180121
939 0.707955 0.527547 0.0266517
940 0.707955 0.528188 0.0255288
941 0.707955 0.514397 0.0244984
942 0.707955 0.525923 0.0214858
943 0.707955 0.540283 0.0218857
944 0.707955 0.545178 0.0249859
945 0.707955 0.538182 0.0234823
946 0.707955 0.529256 0.0254733
947 0.707955 0.53855 0.0254505
948 0.707955 0.552071 0.024708
949 0.707955 0.54379 0.027405
950 0.707955 0.520822 0.0222874
951 0.707955 0.537989 0.0225909
952 0.707955 0.56035 0.0178327
953 0.707955 0.55435 0.0217185
954 0.707955 0.548154 0.0207592
955 0.707955 0.524844 0.0233156
956 0.707955 0.548615 0.021538
957 0.707955 0.545599 0.0216355
958 0.707955 0.521554 0.0243766
959 0.707955 0.547533 0.0218025
960 0.707955 0.544801 0.0227037
961 0.707955 0.56167 0.0212482
962 0.707955 0.555101 0.0205755
963 0.707955 0.545805 0.0224726
964 0.707955 0.551936 0.0205315
965 0.708619 0.561833 0.0196476
966 0.708619 0.562297 0.0197228
967 0.708619 0.576153 0.0154806
968 0.708619 0.564888 0.0181061
969 0.708619 0.553685 0.0205949
970 0.708619 0.578222 0.0175472
971 0.708619 0.574 0.017612
972 0.708619 0.565008 0.0169042
973 0.708619 0.549417 0.0180043
974 0.708619 0.553065 0.0155393
975 0.708619 0.546727 0.0156761
976 0.708619 0.52544 0.0200323
977 0.708619 0.535667 0.018509
978 0.708619 0.528259 0.0234888
979 0.708619 0.526903 0.0245247
980 0.708619 0.523929 0.0249717
981 0.708619 0.526903 0.0246541
982 0.708619 0.51821 0.0250671
983 0.708619 0.513435 0.0274615
984 0.708619 0.506063 0.0256939
985 0.708619 0.491631 0.0299498
986 0.708619 0.521503 0.0239299
987 0.708619 0.514167 0.0214924
988 0.708619 0.499389 0.0230334
989 0.708619 0.525634 0.0225782
990 0.708619 0.547445 0.0230944
991 0.708619 0.548595 0.0227498
992 0.708619 0.547759 0.0217099
993 0.708619 0.544298 0.0221872
994 0.708619 0.551398 0.0198693
995 0.708619 0.573229 0.0167096
996 0.708619 0.56353 0.0177123
997 0.708619 0.5573 0.0198269
998 0.708619 0.537773 0.0229885
999 0.708619 0.544745 0.0229145
1000 0.708619 0.528976 0.020249
