0 0.551372 0.499678 0.000116348
1 0.563926 0.502486 0.000235086
2 0.603367 0.505328 0.000719538
3 0.617062 0.512146 0.00106317
4 0.660537 0.512493 0.00170709
5 0.82616 0.522579 0.00307955
6 0.82616 0.522357 0.00298433
7 0.82616 0.521419 0.00344713
8 0.85006 0.525679 0.00496821
9 0.85006 0.538882 0.00651047
10 0.85006 0.544786 0.00806334
11 0.913839 0.544843 0.0108162
12 0.913839 0.551669 0.0126764
13 0.913839 0.567025 0.0182758
14 0.913839 0.564527 0.0176915
15 0.913839 0.569253 0.0221149
16 0.913839 0.587357 0.025903
17 0.913839 0.587701 0.0235685
18 0.913839 0.592946 0.0230426
19 0.943719 0.604994 0.027332
20 0.943719 0.590161 0.029227
21 0.943719 0.598048 0.0298118
22 0.943719 0.592029 0.0308829
23 0.949202 0.629652 0.0289329
24 0.949202 0.622166 0.035858
25 0.949202 0.620444 0.0321261
26 0.949202 0.632672 0.0295359
27 0.949202 0.623081 0.031605
28 0.949202 0.63994 0.0376968
29 0.949202 0.634046 0.0336746
30 0.954357 0.655245 0.0341402
31 0.957859 0.654389 0.0331598
32 0.957859 0.671668 0.0343698
33 0.957859 0.658703 0.0357997
34 0.957859 0.65802 0.0385423
35 0.957859 0.673205 0.0372788
36 0.957859 0.689555 0.0329321
37 0.957859 0.66932 0.0387636
38 0.959135 0.687888 0.0381828
39 0.959135 0.688379 0.0378727
40 0.959135 0.703329 0.0367639
41 0.959135 0.721174 0.0276657
42 0.959135 0.716319 0.0348171
43 0.96665 0.7021 0.0351809
44 0.96665 0.727417 0.0314698
45 0.96665 0.713444 0.0364445
46 0.96665 0.715253 0.0405203
47 0.96665 0.726681 0.0365522
48 0.96665 0.735585 0.0380794
49 0.96665 0.720314 0.0396071
50 0.96665 0.749015 0.0366703
51 0.96665 0.711615 0.0408792
52 0.96665 0.746872 0.036571
53 0.96665 0.758779 0.0306198
54 0.96665 0.737106 0.0294125
55 0.96665 0.73347 0.0403108
56 0.96665 0.708525 0.0352483
57 0.96665 0.7439 0.0316505
58 0.96665 0.754393 0.0315401
59 0.96665 0.755974 0.0319608
60 0.96665 0.780615 0.0217926
61 0.96665 0.778123 0.0207712
62 0.96665 0.766151 0.0301871
63 0.96665 0.730744 0.0346806
64 0.96665 0.766263 0.0271528
65 0.96665 0.743324 0.0341956
66 0.96665 0.763099 0.0324482
67 0.971053 0.76817 0.0319015
68 0.971053 0.747368 0.0316926
69 0.971053 0.767283 0.030352
70 0.971053 0.747781 0.0343534
71 0.971053 0.748965 0.0314762
72 0.971053 0.753433 0.0346877
73 0.971053 0.731193 0.0331792
74 0.971053 0.752926 0.0316568
75 0.972712 0.760008 0.0296983
76 0.972712 0.752309 0.0316221
77 0.972712 0.757966 0.0295108
78 0.972712 0.752539 0.028228
79 0.972712 0.764684 0.0265208
80 0.972712 0.762012 0.0298911
81 0.972712 0.75657 0.0304267
82 0.975397 0.753705 0.0352906
83 0.975397 0.748038 0.0340361
84 0.975397 0.743696 0.030251
85 0.975397 0.734171 0.0322295
86 0.975397 0.709216 0.0465326
87 0.975397 0.70822 0.0413286
88 0.975397 0.694051 0.0423977
89 0.975397 0.679421 0.0424138
90 0.975397 0.687937 0.0400367
91 0.975397 0.708314 0.0357378
92 0.975397 0.709384 0.0326085
93 0.975397 0.693874 0.0361079
94 0.975397 0.696695 0.038721
95 0.975397 0.738098 0.0372524
96 0.975397 0.760319 0.0347721
97 0.975397 0.738707 0.036373
98 0.975397 0.743422 0.0367101
99 0.975397 0.762951 0.0279872
100 0.975397 0.76219 0.0322879
101 0.975397 0.748235 0.0366945
102 0.975397 0.757766 0.0379658
103 0.975397 0.759554 0.0369329
104 0.975397 0.762392 0.0375785
105 0.975397 0.802157 0.0278529
106 0.975397 0.784526 0.0319837
107 0.975397 0.778301 0.0293842
108 0.975397 0.760067 0.0265702
109 0.975397 0.777819 0.0268479
110 0.975397 0.758608 0.0325978
111 0.975397 0.782945 0.0258014
112 0.975397 0.757621 0.0330698
113 0.975397 0.764155 0.0345397
114 0.975397 0.749759 0.0348209
115 0.975397 0.763269 0.0346933
116 0.975397 0.740691 0.0351374
117 0.975397 0.709469 0.0450771
118 0.975397 0.709317 0.0454463
119 0.975397 0.696877 0.0497879
120 0.975397 0.715457 0.0509277
121 0.975397 0.70383 0.0459569
122 0.975397 0.725859 0.0454378
123 0.975397 0.761509 0.0394116
124 0.9756 0.756592 0.0350967
125 0.9756 0.767608 0.0311626
126 0.97579 0.743333 0.0331534
127 0.97579 0.733796 0.0336485
128 0.97579 0.738221 0.0348658
129 0.97603 0.753244 0.0303388
130 0.97603 0.746342 0.03896
131 0.97603 0.745756 0.0363831
132 0.97603 0.74656 0.0370066
133 0.97603 0.748435 0.0359789
134 0.97603 0.727783 0.0376813
135 0.97603 0.735509 0.0362859
136 0.97603 0.716554 0.037373
137 0.97603 0.712614 0.0395491
138 0.97603 0.699632 0.0518331
139 0.97603 0.723446 0.0420618
140 0.97603 0.717392 0.0458104
141 0.97603 0.722465 0.036088
142 0.97603 0.722721 0.0397266
143 0.97603 0.721747 0.0437601
144 0.97603 0.717105 0.0426825
145 0.97603 0.731777 0.0366512
146 0.976853 0.718516 0.0402739
147 0.976853 0.727664 0.0371191
148 0.976853 0.693494 0.0436226
149 0.976853 0.692242 0.047472
150 0.976853 0.687695 0.0427575
151 0.976853 0.728805 0.042614
152 0.976853 0.725703 0.045268
153 0.976853 0.716629 0.0393894
154 0.976853 0.718055 0.0407652
155 0.976853 0.742129 0.0391937
156 0.976853 0.72294 0.0325342
157 0.976853 0.751586 0.0342465
158 0.976853 0.75324 0.0315209
159 0.976853 0.731735 0.032351
160 0.976853 0.727404 0.0342255
161 0.976853 0.731412 0.0406174
162 0.976853 0.739608 0.0384695
163 0.976853 0.748649 0.0333338
164 0.976853 0.736715 0.0369625
165 0.976853 0.758241 0.0355936
166 0.976853 0.732947 0.042218
167 0.976853 0.729569 0.0399185
168 0.976853 0.736577 0.045918
169 0.976853 0.734592 0.037146
170 0.976853 0.753576 0.0287698
171 0.976853 0.772393 0.026402
172 0.976853 0.764339 0.026728
173 0.976853 0.767414 0.0257534
174 0.976853 0.766053 0.0292563
175 0.976853 0.758503 0.0333187
176 0.976853 0.741953 0.0350775
177 0.976853 0.770489 0.0284051
178 0.976853 0.767359 0.0302119
179 0.976853 0.765806 0.0332984
180 0.976853 0.78734 0.0303626
181 0.976853 0.77657 0.031137
182 0.976853 0.761033 0.0326017
183 0.976853 0.760156 0.0363873
184 0.976853 0.743649 0.0396513
185 0.976853 0.747943 0.0379069
186 0.976853 0.742825 0.0369272
187 0.976853 0.749807 0.0346023
188 0.976853 0.738893 0.0344602
189 0.976853 0.756653 0.0397143
190 0.976853 0.730104 0.038811
191 0.976853 0.759234 0.0358953
192 0.976853 0.752481 0.0380088
193 0.976853 0.75122 0.040251
194 0.976853 0.753611 0.0368885
195 0.976853 0.707401 0.0428952
196 0.976853 0.710896 0.0424951
197 0.976853 0.701864 0.0491975
198 0.976853 0.686427 0.057567
199 0.976853 0.712415 0.0561343
200 0.976853 0.74108 0.0419899
201 0.976853 0.74018 0.0416962
202 0.976853 0.7264 0.0470569
203 0.976853 0.719652 0.0543041
204 0.976853 0.740514 0.0485491
205 0.976853 0.746689 0.0449393
206 0.976853 0.70992 0.0541125
207 0.976853 0.709637 0.0589567
208 0.976853 0.736078 0.0579069
209 0.976853 0.74734 0.0466657
210 0.976853 0.751137 0.0434182
211 0.976853 0.763537 0.041554
212 0.976853 0.732415 0.0477761
213 0.976853 0.727294 0.0506045
214 0.976853 0.712796 0.0427527
215 0.976853 0.710354 0.0433126
216 0.976853 0.712956 0.0474419
217 0.976853 0.736442 0.0357359
218 0.976853 0.73656 0.0449974
219 0.976853 0.747286 0.0363851
220 0.976853 0.748296 0.0381154
221 0.976853 0.746743 0.0324646
222 0.976853 0.736392 0.0300918
223 0.976853 0.758061 0.0279257
224 0.976853 0.748408 0.0302039
225 0.976853 0.766246 0.0304358
226 0.976853 0.76784 0.0311331
227 0.976853 0.770291 0.0283682
228 0.976853 0.752123 0.0302548
229 0.976853 0.738654 0.0355401
230 0.976853 0.746865 0.0361958
231 0.976853 0.738136 0.0343002
232 0.976853 0.751715 0.0377034
233 0.976853 0.764133 0.0357861
234 0.976853 0.743771 0.0414995
235 0.976853 0.734924 0.0462886
236 0.976853 0.754073 0.051435
237 0.976853 0.751672 0.0472619
238 0.976853 0.727208 0.0475652
239 0.976853 0.747231 0.0482685
240 0.976853 0.72719 0.0449403
241 0.976853 0.739112 0.0375215
242 0.976853 0.727118 0.0397064
243 0.976853 0.740891 0.041034
244 0.976853 0.744803 0.0340786
245 0.976853 0.738331 0.0379652
246 0.976853 0.748264 0.0336406
247 0.976853 0.74314 0.0387235
248 0.976853 0.754554 0.0366731
249 0.976853 0.749817 0.0459521
250 0.976853 0.743038 0.0400252
251 0.976853 0.766676 0.0345294
252 0.976853 0.763876 0.0347384
253 0.976853 0.75176 0.037828
254 0.976853 0.721081 0.0443009
255 0.976853 0.725926 0.040656
256 0.976853 0.747771 0.0367628
257 0.976853 0.731868 0.0326492
258 0.976853 0.742925 0.0384933
259 0.976853 0.758499 0.0380734
260 0.976853 0.743411 0.0387608
261 0.976853 0.716827 0.0520123
262 0.976853 0.714387 0.0509182
263 0.976853 0.70073 0.0495419
264 0.976853 0.736412 0.0412967
265 0.976867 0.703184 0.0425445
266 0.976867 0.698914 0.0386066
267 0.976867 0.696268 0.0409701
268 0.976867 0.713903 0.0451896
269 0.976867 0.69606 0.0468868
270 0.976867 0.695898 0.0549474
271 0.976867 0.673313 0.0566551
272 0.976867 0.679804 0.0581056
273 0.976867 0.671407 0.0629406
274 0.976867 0.695529 0.0612559
275 0.976867 0.734907 0.0486254
276 0.976867 0.746977 0.0386999
277 0.976867 0.734068 0.0408878
278 0.976867 0.735903 0.0377425
279 0.976867 0.726595 0.0400829
280 0.976867 0.740548 0.036474
281 0.976867 0.749308 0.0382199
282 0.976867 0.758391 0.0262898
283 0.976867 0.759176 0.0280953
284 0.976867 0.762932 0.03083
285 0.976867 0.755243 0.0308679
286 0.976867 0.750781 0.0357047
287 0.976867 0.743833 0.0355251
288 0.976867 0.720078 0.0379093
289 0.976867 0.755146 0.0363855
290 0.976867 0.757134 0.030643
291 0.976867 0.790425 0.0243065
292 0.976867 0.789666 0.0270528
293 0.976867 0.787252 0.0251639
294 0.976867 0.743776 0.0410756
295 0.976867 0.729511 0.0426784
296 0.976867 0.74257 0.038284
297 0.976867 0.731601 0.0382829
298 0.976867 0.748431 0.0348404
299 0.976867 0.750232 0.0253715
300 0.976867 0.750663 0.0285192
301 0.976867 0.719156 0.035441
302 0.976867 0.715309 0.0368418
303 0.976867 0.713541 0.0358726
304 0.976867 0.715809 0.0413737
305 0.976867 0.713986 0.039722
306 0.976867 0.71528 0.0375522
307 0.976867 0.736253 0.0310565
308 0.976867 0.737992 0.0304483
309 0.976867 0.727574 0.0287857
310 0.976867 0.751007 0.0266059
311 0.976867 0.754136 0.0325129
312 0.976867 0.741359 0.0302519
313 0.976867 0.733624 0.0349324
314 0.976867 0.748114 0.0355038
315 0.976867 0.751803 0.0346084
316 0.976867 0.759097 0.0285068
317 0.976867 0.764729 0.0276926
318 0.976867 0.748711 0.0332939
319 0.976867 0.730608 0.0338966
320 0.976867 0.737968 0.0359039
321 0.976867 0.707763 0.0337501
322 0.976867 0.697431 0.036488
323 0.976867 0.712825 0.0373035
324 0.976867 0.743752 0.0350814
325 0.976867 0.70425 0.0432015
326 0.976867 0.714357 0.0429139
327 0.976867 0.719535 0.0521487
328 0.976867 0.720718 0.0494089
329 0.976867 0.704756 0.0459143
330 0.976867 0.725435 0.0438948
331 0.976867 0.720329 0.0400113
332 0.976867 0.725528 0.0374091
333 0.976867 0.73508 0.0390189
334 0.976867 0.733408 0.0370423
335 0.976867 0.708791 0.049867
336 0.976867 0.72205 0.044397
337 0.976867 0.69285 0.0383102
338 0.976867 0.701021 0.0413439
339 0.976867 0.685441 0.03922
340 0.976867 0.693143 0.0316617
341 0.976867 0.719886 0.0421733
342 0.976867 0.723877 0.0397203
343 0.976867 0.733422 0.0367756
344 0.976867 0.722587 0.0371968
345 0.976867 0.720328 0.040111
346 0.976867 0.737648 0.0379057
347 0.976867 0.758107 0.0377872
348 0.976867 0.759633 0.0418624
349 0.976867 0.751967 0.0399695
350 0.976867 0.731642 0.0384772
351 0.976867 0.734136 0.0366029
352 0.976867 0.743308 0.0288494
353 0.976981 0.721622 0.0412467
354 0.976981 0.732513 0.0432028
355 0.976981 0.725002 0.0408371
356 0.976981 0.727857 0.0395097
357 0.976981 0.716584 0.0425931
358 0.976981 0.717344 0.042484
359 0.976981 0.715383 0.0437125
360 0.976981 0.702555 0.0419183
361 0.976981 0.724757 0.04308
362 0.976981 0.733859 0.0415227
363 0.976981 0.719305 0.0429632
364 0.976981 0.713201 0.0476213
365 0.976981 0.716807 0.0439251
366 0.976981 0.733563 0.041466
367 0.976981 0.756978 0.0343738
368 0.976981 0.754725 0.0342578
369 0.976981 0.780178 0.0307315
370 0.976981 0.76555 0.0363083
371 0.976981 0.745099 0.0373314
372 0.976981 0.711728 0.0444522
373 0.976981 0.73435 0.045098
374 0.976981 0.753903 0.0400289
375 0.977066 0.762054 0.0308383
376 0.977066 0.74397 0.048032
377 0.977066 0.742485 0.0438077
378 0.977066 0.747861 0.0456349
379 0.977066 0.732547 0.0477755
380 0.977066 0.717206 0.048638
381 0.977066 0.714769 0.0444892
382 0.977066 0.723911 0.0414232
383 0.977066 0.723207 0.0440963
384 0.977066 0.713775 0.0437261
385 0.977066 0.722934 0.0417944
386 0.977066 0.731641 0.0503715
387 0.977066 0.739875 0.0429279
388 0.977066 0.743483 0.0417452
389 0.977066 0.720861 0.0410812
390 0.977066 0.724164 0.0369893
391 0.977066 0.754146 0.0291165
392 0.977066 0.744463 0.0396132
393 0.977066 0.76601 0.0289135
394 0.977066 0.77758 0.0307044
395 0.977066 0.771489 0.0304146
396 0.977066 0.781149 0.0263356
397 0.977066 0.768563 0.0266078
398 0.977066 0.764595 0.0301447
399 0.977066 0.733318 0.0313279
400 0.977066 0.735588 0.0316638
401 0.977066 0.703247 0.0375274
402 0.977066 0.713673 0.0338837
403 0.977066 0.708068 0.0352997
404 0.977066 0.699282 0.0380565
405 0.977066 0.709236 0.03406
406 0.977066 0.725094 0.0417438
407 0.977066 0.741403 0.0336524
408 0.977066 0.718573 0.0385573
409 0.977068 0.709489 0.0367309
410 0.977068 0.707601 0.0449373
411 0.977068 0.708551 0.0447492
412 0.977068 0.679891 0.0533196
413 0.977068 0.695439 0.0451732
414 0.977068 0.712149 0.0348306
415 0.977068 0.691869 0.0374686
416 0.977068 0.718641 0.036969
417 0.977068 0.730459 0.0343188
418 0.977068 0.732238 0.0342536
419 0.977068 0.744837 0.0323568
420 0.977068 0.754093 0.0314156
421 0.977068 0.759665 0.0343751
422 0.977068 0.753352 0.0376146
423 0.977068 0.744138 0.043961
424 0.977068 0.708087 0.0420101
425 0.977068 0.716664 0.0397254
426 0.977068 0.726784 0.0432763
427 0.977068 0.705769 0.0424342
428 0.977068 0.708027 0.0449822
429 0.977068 0.722608 0.0423033
430 0.977068 0.719678 0.0446203
431 0.977068 0.72406 0.0373144
432 0.977068 0.710689 0.0445358
433 0.977068 0.716544 0.0444495
434 0.977068 0.720906 0.037854
435 0.977068 0.740402 0.038553
436 0.977068 0.743906 0.0372319
437 0.977068 0.733186 0.0371331
438 0.977068 0.755706 0.0362791
439 0.977068 0.762024 0.0368117
440 0.977068 0.76116 0.0329198
441 0.977068 0.75978 0.0459933
442 0.977068 0.746504 0.0392899
443 0.977068 0.749471 0.0514708
444 0.977068 0.757042 0.0471894
445 0.977068 0.740155 0.0433709
446 0.977068 0.70541 0.0519898
447 0.977068 0.724653 0.0416435
448 0.977068 0.737021 0.0411035
449 0.977068 0.746041 0.0306136
450 0.977068 0.727098 0.0383175
451 0.977068 0.738677 0.0416837
452 0.977068 0.718246 0.0401641
453 0.977068 0.72926 0.0418611
454 0.977068 0.733274 0.0360427
455 0.977068 0.753512 0.0271129
456 0.977068 0.74167 0.0299907
457 0.977068 0.736267 0.0356018
458 0.977068 0.702881 0.042071
459 0.977068 0.729297 0.0457984
460 0.977068 0.754451 0.0386275
461 0.977068 0.795098 0.0257946
462 0.977068 0.806164 0.0223927
463 0.977068 0.793542 0.02598
464 0.977068 0.781323 0.0268511
465 0.977068 0.76902 0.0353864
466 0.977068 0.771542 0.0381989
467 0.977068 0.753667 0.0377006
468 0.977068 0.738955 0.0442345
469 0.977068 0.723976 0.0472698
470 0.977068 0.724651 0.0502103
471 0.977068 0.713733 0.0438231
472 0.977068 0.735549 0.0330322
473 0.977068 0.726006 0.0460747
474 0.977068 0.719083 0.0381927
475 0.977068 0.721491 0.0335613
476 0.977068 0.716107 0.0320812
477 0.977068 0.751956 0.0305722
478 0.977068 0.755624 0.0261789
479 0.977068 0.761662 0.0333562
480 0.977068 0.774372 0.0333721
481 0.977068 0.730393 0.0383104
482 0.977068 0.748617 0.036838
483 0.977068 0.75536 0.0332833
484 0.977155 0.754923 0.0343549
485 0.977155 0.748803 0.0432262
486 0.977155 0.746873 0.0362722
487 0.977155 0.752901 0.0347175
488 0.977155 0.738783 0.0308922
489 0.977155 0.717674 0.0360698
490 0.977155 0.731825 0.0339288
491 0.977155 0.76626 0.0338033
492 0.977155 0.751233 0.0315806
493 0.977155 0.755258 0.0306111
494 0.977155 0.800758 0.0216094
495 0.977155 0.758388 0.0336947
496 0.977155 0.730575 0.0366051
497 0.977155 0.747556 0.0315133
498 0.977155 0.746018 0.0349648
499 0.977155 0.723931 0.0391906
500 0.977155 0.736643 0.0313452
501 0.977155 0.758581 0.0286777
502 0.977155 0.741564 0.0310659
503 0.977155 0.75024 0.037138
504 0.977155 0.739563 0.0436618
505 0.977155 0.761488 0.0454002
506 0.977155 0.760227 0.040581
507 0.977155 0.765104 0.0342204
508 0.977155 0.728849 0.0420539
509 0.977155 0.755986 0.0329109
510 0.977155 0.729801 0.0407284
511 0.977155 0.705909 0.0535798
512 0.977155 0.708469 0.0575836
513 0.977155 0.711029 0.0495051
514 0.977155 0.739057 0.0296498
515 0.977155 0.737676 0.0338498
516 0.977155 0.738968 0.0394974
517 0.977155 0.747325 0.0349437
518 0.977155 0.730478 0.032944
519 0.977155 0.734072 0.036292
520 0.977155 0.746779 0.0308919
521 0.977155 0.750332 0.0286075
522 0.977155 0.771372 0.0274225
523 0.977155 0.769809 0.0260476
524 0.977155 0.765284 0.027887
525 0.977155 0.777711 0.0314377
526 0.977155 0.770981 0.0317138
527 0.977155 0.769258 0.0276375
528 0.977155 0.7677 0.0304954
529 0.977155 0.789002 0.0263662
530 0.977155 0.778237 0.0261053
531 0.977155 0.78908 0.0230787
532 0.977155 0.789462 0.026095
533 0.977155 0.775057 0.0247839
534 0.977155 0.762411 0.0246778
535 0.977155 0.78807 0.0244158
536 0.977155 0.744108 0.040762
537 0.977155 0.748561 0.0469608
538 0.977155 0.750942 0.0394607
539 0.977155 0.764826 0.0296025
540 0.977155 0.744812 0.0314136
541 0.977155 0.733378 0.0330658
542 0.977155 0.738547 0.0310011
543 0.977155 0.743181 0.0297828
544 0.977155 0.750186 0.0279174
545 0.977155 0.719153 0.0366987
546 0.977155 0.719876 0.0331931
547 0.977155 0.7134 0.0383755
548 0.977155 0.717239 0.0393232
549 0.977155 0.715924 0.0370032
550 0.977155 0.728712 0.0379285
551 0.977155 0.710002 0.0446589
552 0.977155 0.721912 0.0484897
553 0.977155 0.701649 0.0547847
554 0.977155 0.717585 0.0553147
555 0.977155 0.773681 0.0410781
556 0.977155 0.777561 0.036642
557 0.977155 0.769899 0.032449
558 0.977155 0.770497 0.0290578
559 0.977155 0.766694 0.0290965
560 0.977155 0.770114 0.0260795
561 0.977155 0.760185 0.0300208
562 0.977155 0.740375 0.0310803
563 0.977155 0.729519 0.0368987
564 0.977155 0.751297 0.0327897
565 0.977155 0.761808 0.028293
566 0.977155 0.762756 0.0316927
567 0.977155 0.769777 0.0306549
568 0.977155 0.768776 0.0271499
569 0.977155 0.746461 0.0348106
570 0.977155 0.7536 0.037548
571 0.977155 0.738843 0.0417236
572 0.977155 0.744203 0.041564
573 0.977155 0.742393 0.0374528
574 0.977155 0.763652 0.0315596
575 0.977155 0.746285 0.0358269
576 0.977155 0.768878 0.0249319
577 0.977155 0.760316 0.029232
578 0.977155 0.760341 0.0265775
579 0.977155 0.745633 0.0381287
580 0.977155 0.741623 0.0346864
581 0.977155 0.755043 0.0303642
582 0.977155 0.730646 0.0305901
583 0.977155 0.750104 0.0340778
584 0.977155 0.764909 0.0336692
585 0.977155 0.752385 0.0394846
586 0.977155 0.758242 0.0330367
587 0.977155 0.746738 0.0306444
588 0.977155 0.768622 0.0268558
589 0.977155 0.743706 0.0403682
590 0.977155 0.72864 0.0428993
591 0.977155 0.705717 0.0488017
592 0.977155 0.707786 0.046524
593 0.977155 0.702889 0.0396319
594 0.977155 0.710098 0.034317
595 0.977155 0.717181 0.0309285
596 0.977155 0.71817 0.0304381
597 0.977155 0.723374 0.0299876
598 0.977155 0.712393 0.0299354
599 0.977155 0.73567 0.0301761
600 0.977155 0.724704 0.0396276
601 0.977155 0.741081 0.0383805
602 0.977155 0.765703 0.029314
603 0.977155 0.723409 0.0339714
604 0.977155 0.700197 0.0337862
605 0.977155 0.711455 0.0330818
606 0.977155 0.712362 0.0425476
607 0.977155 0.703453 0.0411509
608 0.977155 0.712184 0.0378864
609 0.977155 0.738152 0.0340205
610 0.977155 0.732365 0.0384891
611 0.977155 0.739985 0.0469713
612 0.977155 0.749976 0.0403561
613 0.977155 0.712447 0.0454748
614 0.977155 0.739306 0.0451888
615 0.977155 0.775936 0.030166
616 0.977155 0.743764 0.0359975
617 0.977155 0.737126 0.0400385
618 0.977155 0.740448 0.0378723
619 0.977155 0.748723 0.0380023
620 0.977155 0.74444 0.0451737
621 0.977155 0.726235 0.0435529
622 0.977155 0.745128 0.0446981
623 0.977155 0.717438 0.0487313
624 0.977155 0.718985 0.0515383
625 0.977155 0.717025 0.0480669
626 0.977155 0.719183 0.0451946
627 0.977155 0.736488 0.0317591
628 0.977155 0.717199 0.0344399
629 0.977155 0.727482 0.0404942
630 0.977155 0.737677 0.0403801
631 0.977155 0.716409 0.0390212
632 0.977155 0.724424 0.0359918
633 0.977155 0.743323 0.0346724
634 0.977155 0.736676 0.0373743
635 0.977155 0.742411 0.0341049
636 0.977155 0.750395 0.0415738
637 0.977155 0.743679 0.0447145
638 0.977155 0.735623 0.0503061
639 0.977155 0.734704 0.0463965
640 0.977155 0.74603 0.0472493
641 0.977155 0.722938 0.0451838
642 0.977155 0.720907 0.0436094
643 0.977155 0.743574 0.0409796
644 0.977155 0.758037 0.039695
645 0.977155 0.728012 0.0399464
646 0.977155 0.734204 0.0429636
647 0.977155 0.739296 0.0444376
648 0.977155 0.716801 0.0502746
649 0.977155 0.726762 0.0498015
650 0.977155 0.714139 0.0558979
651 0.977155 0.712797 0.0529969
652 0.977155 0.701384 0.0620161
653 0.977155 0.734614 0.0489319
654 0.977155 0.739936 0.0452852
655 0.977155 0.739389 0.0401965
656 0.977155 0.760633 0.0362196
657 0.977155 0.789009 0.0316793
658 0.977155 0.796839 0.0327417
659 0.977155 0.80539 0.03234
660 0.977155 0.787393 0.0336159
661 0.977155 0.784434 0.0295982
662 0.977155 0.774471 0.0345034
663 0.977155 0.788707 0.0332179
664 0.977155 0.766436 0.0286664
665 0.977155 0.772512 0.0269466
666 0.977155 0.761775 0.03508
667 0.977155 0.767409 0.0334402
668 0.977155 0.760175 0.0368664
669 0.977155 0.751413 0.0334681
670 0.977155 0.76175 0.0273822
671 0.977155 0.767143 0.0311224
672 0.977155 0.756999 0.0328827
673 0.977155 0.742649 0.0341151
674 0.977155 0.734769 0.034072
675 0.977155 0.755696 0.0330381
676 0.977155 0.755135 0.03359
677 0.977155 0.76268 0.0266826
678 0.977155 0.787166 0.0227227
679 0.977155 0.766692 0.0270656
680 0.977155 0.766643 0.0295429
681 0.977155 0.756655 0.0243528
682 0.977155 0.757033 0.0253133
683 0.977155 0.769142 0.0284032
684 0.977155 0.731299 0.039561
685 0.977155 0.737657 0.0369151
686 0.977155 0.721745 0.0397537
687 0.977155 0.749761 0.0320165
688 0.977155 0.725947 0.0380032
689 0.977155 0.707974 0.0349121
690 0.977155 0.742254 0.0283114
691 0.977155 0.743571 0.037881
692 0.977155 0.76273 0.0328195
693 0.977155 0.765757 0.028842
694 0.977155 0.760104 0.0292192
695 0.977155 0.752745 0.0307854
696 0.977155 0.759123 0.0275277
697 0.977155 0.737265 0.0367308
698 0.977155 0.719607 0.0416518
699 0.977155 0.717222 0.0370307
700 0.977155 0.71534 0.0353939
701 0.977155 0.725605 0.0374893
702 0.977155 0.706889 0.0400716
703 0.977155 0.730379 0.0418018
704 0.977155 0.736219 0.0327952
705 0.977155 0.757611 0.0273011
706 0.977155 0.737166 0.0373944
707 0.977155 0.73741 0.0400697
708 0.977155 0.746752 0.0349205
709 0.977155 0.762431 0.0397891
710 0.977155 0.761745 0.0327976
711 0.977155 0.776786 0.0308589
712 0.977155 0.789754 0.0217205
713 0.977155 0.769372 0.0305428
714 0.977155 0.75896 0.0263427
715 0.977155 0.762136 0.0298939
716 0.977155 0.747959 0.0285849
717 0.977155 0.747133 0.0329474
718 0.977155 0.718245 0.0393426
719 0.977155 0.733979 0.0390893
720 0.977155 0.745507 0.0400685
721 0.977155 0.757999 0.0381853
722 0.977155 0.733686 0.0373703
723 0.977155 0.718667 0.0420927
724 0.977155 0.743437 0.0382488
725 0.977155 0.735548 0.0352877
726 0.977155 0.726301 0.0410678
727 0.977155 0.753737 0.0301734
728 0.977155 0.748246 0.0331718
729 0.977155 0.744129 0.0378677
730 0.977155 0.758792 0.0337709
731 0.977155 0.768855 0.0280381
732 0.977155 0.748709 0.0331979
733 0.977155 0.752326 0.0419154
734 0.977155 0.759947 0.0394461
735 0.977155 0.752482 0.0357182
736 0.977155 0.765449 0.0308049
737 0.977155 0.738104 0.0372635
738 0.977155 0.709124 0.0455225
739 0.977155 0.737933 0.0362578
740 0.977155 0.746352 0.0389609
741 0.977155 0.758487 0.0321324
742 0.977155 0.743931 0.0365746
743 0.977155 0.727055 0.0397091
744 0.977155 0.736795 0.0427344
745 0.977155 0.735689 0.0436799
746 0.977155 0.736511 0.0429451
747 0.977155 0.745997 0.0438317
748 0.977155 0.743877 0.0403377
749 0.977155 0.735041 0.0429808
750 0.977155 0.743679 0.0389602
751 0.977155 0.735691 0.0355994
752 0.977155 0.745532 0.0299172
753 0.977155 0.738459 0.0311981
754 0.977155 0.742753 0.0344451
755 0.977155 0.718203 0.0382582
756 0.977155 0.699739 0.0462003
757 0.977155 0.715886 0.0453483
758 0.977155 0.717688 0.0527179
759 0.977155 0.713128 0.0487633
760 0.977155 0.721465 0.0495558
761 0.977155 0.73841 0.0407804
762 0.977155 0.7324 0.0384692
763 0.977155 0.744087 0.035038
764 0.977155 0.723204 0.0401127
765 0.977155 0.770514 0.0301364
766 0.977155 0.769883 0.0314746
767 0.977155 0.751291 0.0418379
768 0.977155 0.751804 0.042438
769 0.977155 0.753588 0.0428515
770 0.977155 0.76801 0.0392863
771 0.977155 0.774168 0.030986
772 0.977155 0.743491 0.0394231
773 0.977155 0.750226 0.0319764
774 0.977155 0.731878 0.0278765
775 0.977155 0.746465 0.0277556
776 0.977155 0.750555 0.0282408
777 0.977155 0.73646 0.0285704
778 0.977155 0.768867 0.0279905
779 0.977155 0.757451 0.0309232
780 0.977155 0.717783 0.0300973
781 0.977155 0.759628 0.0307139
782 0.977155 0.75028 0.0309584
783 0.977155 0.746882 0.0299999
784 0.977155 0.746034 0.034448
785 0.977155 0.744313 0.0302811
786 0.977155 0.759229 0.0284203
787 0.977155 0.754184 0.0288195
788 0.977155 0.754813 0.0290354
789 0.977155 0.739052 0.0327371
790 0.977155 0.76442 0.0275173
791 0.977155 0.760789 0.0314734
792 0.977155 0.755544 0.0344247
793 0.977155 0.747726 0.0348948
794 0.977155 0.765281 0.0325374
795 0.977155 0.752316 0.0356268
796 0.977155 0.741639 0.0365167
797 0.977155 0.710436 0.0486004
798 0.977155 0.713823 0.0375015
799 0.977155 0.727355 0.0335913
800 0.977155 0.721628 0.0380212
801 0.977155 0.688449 0.0419963
802 0.977155 0.713684 0.0460758
803 0.977155 0.732358 0.0419297
804 0.977155 0.707229 0.0470457
805 0.977155 0.743133 0.0440268
806 0.977155 0.724732 0.0453178
807 0.977155 0.73669 0.0425641
808 0.977155 0.765978 0.0348178
809 0.977155 0.784142 0.0329969
810 0.977155 0.76243 0.0282198
811 0.977155 0.770178 0.0287476
812 0.977155 0.76911 0.0322709
813 0.977155 0.744717 0.044149
814 0.977155 0.753136 0.0427287
815 0.977155 0.756206 0.0352582
816 0.977155 0.753162 0.0404096
817 0.977155 0.766548 0.033143
818 0.977155 0.751685 0.0501221
819 0.977155 0.731126 0.0505385
820 0.977155 0.756077 0.0477651
821 0.977155 0.756532 0.0363077
822 0.977155 0.72214 0.0379086
823 0.977155 0.724475 0.0402079
824 0.977155 0.738943 0.0322876
825 0.977155 0.70918 0.0297527
826 0.977155 0.712792 0.0436871
827 0.977155 0.750654 0.0339769
828 0.977155 0.743612 0.0367539
829 0.977155 0.695908 0.0460064
830 0.977155 0.701976 0.0441745
831 0.977155 0.715586 0.043493
832 0.977155 0.715561 0.0392534
833 0.977155 0.71164 0.0372445
834 0.977155 0.707627 0.0421956
835 0.977155 0.72803 0.0387867
836 0.977155 0.724184 0.0330567
837 0.977155 0.729017 0.0312577
838 0.977155 0.739317 0.0351815
839 0.977155 0.753816 0.0334194
840 0.977155 0.745939 0.030445
841 0.977155 0.74118 0.0309985
842 0.977155 0.710125 0.0441649
843 0.977155 0.714117 0.0415268
844 0.977155 0.705356 0.0406616
845 0.977155 0.720972 0.037211
846 0.977155 0.705196 0.0456142
847 0.977155 0.70042 0.047645
848 0.977155 0.727737 0.0408974
849 0.977155 0.724351 0.0442535
850 0.977155 0.726687 0.038996
851 0.977155 0.745629 0.0347172
852 0.977155 0.768851 0.0286237
853 0.977155 0.776226 0.0286153
854 0.977155 0.766081 0.0354969
855 0.977155 0.77761 0.0275614
856 0.977155 0.768575 0.0339328
857 0.977155 0.769448 0.0318976
858 0.977155 0.748291 0.0278487
859 0.977155 0.752153 0.0303234
860 0.977155 0.728166 0.0341725
861 0.977155 0.720971 0.0335659
862 0.977155 0.741966 0.0426327
863 0.977155 0.74865 0.0408037
864 0.977155 0.75771 0.0344358
865 0.977155 0.760295 0.0285238
866 0.977155 0.754725 0.0317029
867 0.977155 0.718237 0.0367072
868 0.977155 0.734957 0.0326754
869 0.977155 0.732705 0.0355001
870 0.977155 0.743604 0.0314414
871 0.977155 0.733945 0.0345089
872 0.977155 0.727823 0.0299058
873 0.977155 0.770883 0.0243736
874 0.977155 0.761439 0.0291046
875 0.977155 0.732801 0.0320486
876 0.977155 0.755256 0.028556
877 0.977155 0.751467 0.0296919
878 0.977155 0.729281 0.0450266
879 0.977155 0.746896 0.0457569
880 0.977155 0.781545 0.0323723
881 0.977155 0.754608 0.036483
882 0.977155 0.779778 0.0286035
883 0.977155 0.754302 0.0366695
884 0.977155 0.780324 0.0317425
885 0.977155 0.782324 0.0364616
886 0.977155 0.769959 0.0359201
887 0.977155 0.741827 0.0375481
888 0.977155 0.746573 0.0440937
889 0.977155 0.760032 0.0374157
890 0.977155 0.766525 0.0325493
891 0.977155 0.76888 0.0306867
892 0.977155 0.773638 0.0309867
893 0.977155 0.759907 0.0342163
894 0.977155 0.743293 0.031393
895 0.977155 0.768329 0.027649
896 0.977155 0.793224 0.0268111
897 0.977155 0.767818 0.0297817
898 0.977155 0.754427 0.0269766
899 0.977155 0.770416 0.0246966
900 0.977155 0.737643 0.0337265
901 0.977155 0.726849 0.0334076
902 0.977155 0.724431 0.0385286
903 0.977155 0.724418 0.0445299
904 0.977155 0.722584 0.0433249
905 0.977155 0.726222 0.044264
906 0.977155 0.742491 0.0434327
907 0.977155 0.740218 0.0463207
908 0.977155 0.751031 0.0388439
909 0.977155 0.705622 0.0487158
910 0.977155 0.708958 0.0464127
911 0.977155 0.701642 0.0529595
912 0.977155 0.703246 0.0533298
913 0.977155 0.708021 0.0536414
914 0.977155 0.721983 0.053774
915 0.977155 0.728654 0.0564632
916 0.977155 0.715694 0.0417047
917 0.977155 0.719821 0.0441985
918 0.977155 0.757716 0.0412122
919 0.977155 0.743565 0.0427604
920 0.977155 0.733011 0.0377262
921 0.977155 0.726064 0.0421406
922 0.977155 0.721273 0.0460573
923 0.977155 0.698187 0.0555366
924 0.977155 0.671059 0.0523378
925 0.977155 0.657928 0.0642278
926 0.977155 0.683119 0.0576717
927 0.977155 0.708878 0.0567266
928 0.977155 0.716579 0.045446
929 0.977155 0.69622 0.0576804
930 0.977155 0.715109 0.0486569
931 0.977155 0.699791 0.0551189
932 0.977155 0.713093 0.0504629
933 0.977155 0.725507 0.048648
934 0.977155 0.723178 0.0450924
935 0.977155 0.704088 0.0494869
936 0.977155 0.690662 0.0508959
937 0.977155 0.690716 0.0392279
938 0.977155 0.704746 0.0421444
939 0.977155 0.694613 0.0482225
940 0.977155 0.706282 0.051183
941 0.977155 0.70056 0.0457206
942 0.977155 0.70979 0.037169
943 0.977155 0.715606 0.0316103
944 0.977155 0.702033 0.032465
945 0.977155 0.708541 0.0363824
946 0.977155 0.684568 0.045152
947 0.977155 0.700839 0.0505397
948 0.977155 0.703064 0.0479572
949 0.977155 0.720173 0.0448289
950 0.977155 0.729569 0.0438709
951 0.977155 0.731203 0.0453215
952 0.977155 0.725762 0.0444499
953 0.977155 0.737477 0.0343367
954 0.977155 0.745369 0.0324633
955 0.977155 0.758335 0.0319202
956 0.977155 0.758267 0.0309887
957 0.977155 0.743833 0.0345479
958 0.977155 0.719611 0.0444742
959 0.977155 0.742848 0.0378379
960 0.977155 0.768896 0.0347894
961 0.977155 0.758751 0.0347427
962 0.977155 0.755515 0.0372502
963 0.977155 0.763172 0.0313496
964 0.977155 0.739861 0.034413
965 0.977155 0.730414 0.0371676
966 0.977155 0.708645 0.0364519
967 0.977155 0.717059 0.0343249
968 0.977155 0.727203 0.0344498
969 0.977155 0.742586 0.0378068
970 0.977155 0.745981 0.0318698
971 0.977155 0.769086 0.0359393
972 0.977155 0.768709 0.0333917
973 0.977155 0.76085 0.0344294
974 0.977155 0.725579 0.0432578
975 0.977155 0.719482 0.049867
976 0.977155 0.73596 0.0481667
977 0.977155 0.732478 0.0465485
978 0.977155 0.73319 0.0465586
979 0.977155 0.730412 0.0490781
980 0.977155 0.718632 0.0519318
981 0.977155 0.702683 0.0419676
982 0.977155 0.701348 0.0477282
983 0.977155 0.691875 0.0434672
984 0.977155 0.729216 0.0369433
985 0.977155 0.728233 0.0366531
986 0.977155 0.761618 0.0286608
987 0.977155 0.775784 0.0257825
988 0.977155 0.773758 0.0263314
989 0.977155 0.774821 0.0301251
990 0.977155 0.776201 0.0272517
991 0.977155 0.764214 0.0286344
992 0.977155 0.773099 0.0348497
993 0.977155 0.773211 0.0301068
994 0.977155 0.779498 0.0303513
995 0.977155 0.761769 0.0366843
996 0.977155 0.773876 0.0362127
997 0.977155 0.778908 0.0283684
998 0.977155 0.7757 0.0265195
999 0.977155 0.758093 0.032455
1000 0.977155 0.739813 0.0417906
