0 0.310485 0.249002 0.000529237
1 0.310485 0.254055 0.000350919
2 0.316679 0.257213 0.00046691
3 0.348366 0.262221 0.000743857
4 0.419713 0.268064 0.00147689
5 0.506666 0.274665 0.00258591
6 0.506666 0.277133 0.00303176
7 0.506666 0.276811 0.00355852
8 0.506666 0.288934 0.00613211
9 0.517642 0.296336 0.00739013
10 0.517642 0.310304 0.00865652
11 0.517642 0.298003 0.0105386
12 0.517642 0.295831 0.0102482
13 0.517642 0.311636 0.0111627
14 0.517642 0.308976 0.0123615
15 0.517642 0.306571 0.0112861
16 0.517642 0.322944 0.0128143
17 0.517642 0.322209 0.0125564
18 0.517642 0.331174 0.0114524
19 0.52323 0.342195 0.0123298
20 0.531663 0.346905 0.0127903
21 0.538894 0.357204 0.0134043
22 0.539577 0.368089 0.0128437
23 0.539577 0.380952 0.0121382
24 0.56811 0.398939 0.0128153
25 0.577031 0.39593 0.013814
26 0.577031 0.39977 0.0129739
27 0.577031 0.397142 0.0139987
28 0.582185 0.409877 0.0132566
29 0.603756 0.427919 0.0124006
30 0.608796 0.431309 0.013575
31 0.635169 0.43535 0.013482
32 0.635169 0.435167 0.0140883
33 0.635169 0.470277 0.0121738
34 0.635169 0.476982 0.0137014
35 0.635169 0.494812 0.0126468
36 0.638988 0.498639 0.0103466
37 0.661805 0.499515 0.0128084
38 0.661805 0.488946 0.0156458
39 0.661805 0.493483 0.0143005
40 0.661805 0.512583 0.0142847
41 0.685715 0.517748 0.0132206
42 0.685715 0.516843 0.0122553
43 0.685715 0.535 0.00921417
44 0.685715 0.554781 0.00779878
45 0.686922 0.558175 0.00710906
46 0.686922 0.567233 0.00638998
47 0.701774 0.571168 0.00780243
48 0.701774 0.571405 0.00756364
49 0.714353 0.563372 0.0114422
50 0.714353 0.582986 0.00929559
51 0.714353 0.58294 0.00949991
52 0.717614 0.578649 0.0104512
53 0.770327 0.588684 0.0108575
54 0.770327 0.60205 0.0103344
55 0.770327 0.589169 0.0126124
56 0.777463 0.60169 0.0119202
57 0.798702 0.609456 0.0123276
58 0.798702 0.613595 0.0116849
59 0.798702 0.623187 0.0116055
60 0.798702 0.623824 0.0123711
61 0.798702 0.627723 0.0112233
62 0.798702 0.642567 0.0108763
63 0.798702 0.653677 0.0115547
64 0.798702 0.661887 0.0108123
65 0.798702 0.665851 0.0093921
66 0.798702 0.655836 0.0105535
67 0.798702 0.660746 0.00948851
68 0.798702 0.672912 0.00967004
69 0.798702 0.668211 0.00838046
70 0.798702 0.67141 0.0090131
71 0.801645 0.673046 0.00790903
72 0.811705 0.686719 0.00747239
73 0.811705 0.683452 0.00783337
74 0.811705 0.691799 0.00610221
75 0.811705 0.6954 0.00569857
76 0.814857 0.693681 0.00646829
77 0.814857 0.692139 0.00646249
78 0.833625 0.700641 0.00610006
79 0.833625 0.68253 0.00899393
80 0.833625 0.686769 0.0086236
81 0.833625 0.678996 0.0100662
82 0.837955 0.697481 0.00900934
83 0.840125 0.682309 0.00982204
84 0.840125 0.683221 0.0092267
85 0.840125 0.677481 0.00949769
86 0.843211 0.679696 0.0104708
87 0.845998 0.687937 0.00934536
88 0.845998 0.680657 0.0118016
89 0.845998 0.676352 0.0125982
90 0.845998 0.65862 0.0145324
91 0.845998 0.659825 0.0162687
92 0.845998 0.683342 0.0166898
93 0.845998 0.69487 0.0137889
94 0.845998 0.694305 0.013263
95 0.845998 0.689171 0.0138521
96 0.845998 0.696707 0.0129884
97 0.845998 0.696222 0.0135142
98 0.845998 0.703665 0.0148033
99 0.845998 0.700111 0.0137316
100 0.845998 0.703265 0.0115611
101 0.845998 0.699794 0.0111268
102 0.845998 0.700941 0.0111318
103 0.845998 0.712774 0.0103273
104 0.845998 0.713355 0.0114916
105 0.845998 0.702786 0.0107151
106 0.845998 0.722368 0.00992572
107 0.845998 0.714582 0.0124059
108 0.845998 0.708583 0.0118501
109 0.845998 0.704015 0.0128003
110 0.845998 0.707158 0.0127452
111 0.845998 0.692867 0.0129022
112 0.845998 0.691444 0.012448
113 0.845998 0.690608 0.0144018
114 0.845998 0.687186 0.013732
115 0.845998 0.709602 0.0117066
116 0.845998 0.696124 0.0145378
117 0.845998 0.698395 0.0123897
118 0.845998 0.687075 0.0135409
119 0.845998 0.686175 0.0140605
120 0.845998 0.68317 0.0161245
121 0.845998 0.67113 0.0158981
122 0.845998 0.65703 0.0157964
123 0.845998 0.677121 0.0142369
124 0.845998 0.688195 0.0137006
125 0.845998 0.695504 0.0139143
126 0.845998 0.687952 0.0148942
127 0.845998 0.699837 0.0147735
128 0.845998 0.691827 0.0129233
129 0.845998 0.696564 0.0130311
130 0.845998 0.697784 0.0143919
131 0.845998 0.700575 0.0130612
132 0.845998 0.699535 0.0125142
133 0.845998 0.689626 0.0156883
134 0.845998 0.673873 0.0154267
135 0.845998 0.681215 0.0142698
136 0.846652 0.687911 0.0147381
137 0.846652 0.687777 0.0136007
138 0.846652 0.682945 0.01331
139 0.846725 0.685397 0.0163178
140 0.846725 0.692085 0.0160116
141 0.846725 0.703531 0.0167742
142 0.846725 0.693179 0.0157285
143 0.846725 0.697838 0.0147277
144 0.847106 0.694093 0.013028
145 0.847106 0.692088 0.0127422
146 0.847106 0.69243 0.0145446
147 0.847106 0.690048 0.0143793
148 0.847106 0.695465 0.0122347
149 0.847106 0.690106 0.0130863
150 0.847106 0.694896 0.0146379
151 0.847106 0.697209 0.0133911
152 0.847106 0.702596 0.0119333
153 0.847106 0.712073 0.0127765
154 0.847106 0.702364 0.0126338
155 0.847106 0.687819 0.0134655
156 0.848409 0.677581 0.0140791
157 0.848409 0.684507 0.0119893
158 0.848409 0.685862 0.0146328
159 0.848409 0.695267 0.0145535
160 0.848409 0.674982 0.0138173
161 0.848409 0.670803 0.0163296
162 0.848409 0.663538 0.0177277
163 0.848409 0.662966 0.0179279
164 0.848409 0.677622 0.0172069
165 0.848409 0.665954 0.0153995
166 0.848409 0.665941 0.0167349
167 0.848409 0.66479 0.0159104
168 0.848409 0.669797 0.0176477
169 0.848409 0.662334 0.0153716
170 0.848409 0.677693 0.0145792
171 0.848409 0.686993 0.0161565
172 0.848409 0.689106 0.014975
173 0.848409 0.676771 0.0147122
174 0.848409 0.677551 0.0145197
175 0.848409 0.695726 0.0129194
176 0.848409 0.687336 0.0157652
177 0.848409 0.691724 0.0163257
178 0.848409 0.691846 0.0139312
179 0.848409 0.688721 0.0162733
180 0.848409 0.685475 0.0171995
181 0.848409 0.671612 0.0176559
182 0.850439 0.695459 0.0145992
183 0.850439 0.708881 0.015036
184 0.851305 0.718418 0.0135844
185 0.851305 0.718178 0.0128204
186 0.851305 0.708942 0.0120543
187 0.851305 0.709369 0.0120746
188 0.851305 0.704751 0.0146407
189 0.851305 0.691094 0.0139964
190 0.851305 0.691613 0.0141014
191 0.851305 0.699668 0.0134328
192 0.851305 0.694823 0.014055
193 0.852453 0.695498 0.0150691
194 0.852453 0.689769 0.0150692
195 0.852453 0.687754 0.0171329
196 0.852453 0.680864 0.0180556
197 0.852453 0.677003 0.0176467
198 0.852453 0.698611 0.0149106
199 0.852453 0.696867 0.0155483
200 0.852453 0.69465 0.0160545
201 0.852453 0.697161 0.0143368
202 0.852453 0.705573 0.0130956
203 0.852453 0.702948 0.0142935
204 0.855905 0.700536 0.0150389
205 0.855905 0.700817 0.0144604
206 0.855905 0.689874 0.0163204
207 0.855905 0.711105 0.0172778
208 0.855905 0.709269 0.0157844
209 0.855905 0.702106 0.0127415
210 0.855905 0.714313 0.0126277
211 0.855905 0.711453 0.0133564
212 0.855905 0.718965 0.0125384
213 0.855905 0.704195 0.0126665
214 0.855905 0.698621 0.0122602
215 0.855905 0.688009 0.0131191
216 0.855905 0.68217 0.0154875
217 0.855905 0.692892 0.0168383
218 0.855905 0.694102 0.0177132
219 0.855905 0.703327 0.0144604
220 0.855905 0.703013 0.0141739
221 0.855905 0.69387 0.0136146
222 0.855905 0.705669 0.013966
223 0.855905 0.717414 0.0127277
224 0.855905 0.706187 0.0131027
225 0.855905 0.709599 0.0108482
226 0.855905 0.701217 0.0123041
227 0.855905 0.703598 0.012724
228 0.855905 0.702134 0.0118425
229 0.855905 0.708616 0.0141481
230 0.855905 0.709263 0.0129881
231 0.855905 0.688488 0.0127426
232 0.855905 0.688918 0.0147246
233 0.855905 0.699611 0.0151658
234 0.855905 0.687511 0.0152295
235 0.855905 0.696355 0.0153899
236 0.855905 0.694202 0.0150795
237 0.855905 0.695688 0.0135402
238 0.855905 0.697252 0.0118978
239 0.855905 0.690979 0.0122714
240 0.855905 0.682549 0.0148255
241 0.855905 0.688611 0.0135342
242 0.855905 0.688644 0.0144529
243 0.855905 0.69474 0.0131511
244 0.855905 0.699988 0.0164957
245 0.855905 0.686812 0.0166127
246 0.856697 0.688364 0.016707
247 0.856697 0.698651 0.0175515
248 0.856697 0.697308 0.0144115
249 0.856697 0.69457 0.0144985
250 0.856697 0.691692 0.0174835
251 0.856697 0.689293 0.0174192
252 0.856697 0.66469 0.0199807
253 0.856697 0.67991 0.0154927
254 0.856697 0.679942 0.0169486
255 0.856697 0.69155 0.0172025
256 0.856697 0.690578 0.0179146
257 0.856697 0.697324 0.016802
258 0.856697 0.687984 0.0189921
259 0.856697 0.68587 0.0197704
260 0.856697 0.683188 0.018408
261 0.856697 0.66624 0.0198561
262 0.856697 0.666204 0.0195052
263 0.856697 0.679709 0.0201648
264 0.856697 0.667053 0.0212227
265 0.856697 0.672231 0.0215452
266 0.856697 0.66558 0.01868
267 0.856697 0.670383 0.0177915
268 0.856697 0.685772 0.0198363
269 0.856697 0.687703 0.0188408
270 0.856697 0.686968 0.0209215
271 0.856697 0.685383 0.0198888
272 0.856697 0.703546 0.0178621
273 0.856697 0.700003 0.018611
274 0.856697 0.695386 0.0160733
275 0.856697 0.702872 0.0151424
276 0.856697 0.686017 0.0147825
277 0.856697 0.679393 0.0182542
278 0.856697 0.669976 0.0191658
279 0.856697 0.685547 0.0186718
280 0.856697 0.682475 0.017517
281 0.856697 0.68189 0.0165819
282 0.856697 0.69492 0.0162216
283 0.856697 0.707401 0.0155429
284 0.856697 0.709953 0.0149356
285 0.856697 0.686844 0.0153412
286 0.856697 0.70637 0.0141103
287 0.856697 0.699675 0.0133106
288 0.856697 0.699261 0.0122383
289 0.856697 0.688251 0.0141583
290 0.856697 0.707711 0.0141079
291 0.856697 0.718776 0.01145
292 0.856697 0.704989 0.0122886
293 0.856697 0.68663 0.0130133
294 0.856697 0.684457 0.0158146
295 0.856697 0.696785 0.0149321
296 0.856697 0.692509 0.0182095
297 0.85674 0.694065 0.0153585
298 0.85674 0.688463 0.0172198
299 0.85674 0.689358 0.0169493
300 0.85674 0.694075 0.0163451
301 0.85674 0.693364 0.0146564
302 0.85674 0.687334 0.0181548
303 0.85674 0.7062 0.0150771
304 0.85674 0.691735 0.0157888
305 0.85674 0.688017 0.0150297
306 0.85684 0.675967 0.0162336
307 0.85684 0.688033 0.0162079
308 0.85684 0.696695 0.0159443
309 0.85684 0.677845 0.0156254
310 0.85684 0.685891 0.016147
311 0.85684 0.68918 0.0165816
312 0.85684 0.679435 0.0172565
313 0.85684 0.690404 0.0158533
314 0.85684 0.689919 0.0154728
315 0.85684 0.699278 0.0144756
316 0.85684 0.69635 0.0138112
317 0.85684 0.707376 0.0127571
318 0.85684 0.685995 0.0141132
319 0.85684 0.686808 0.0173482
320 0.85684 0.688409 0.0158188
321 0.85684 0.694681 0.0141976
322 0.85684 0.711394 0.0132976
323 0.85684 0.691481 0.0148221
324 0.85684 0.69813 0.0162359
325 0.85684 0.701278 0.0161848
326 0.85684 0.698533 0.0169032
327 0.85684 0.699717 0.0157611
328 0.85684 0.685447 0.0160125
329 0.85684 0.701253 0.0157518
330 0.85684 0.688199 0.0158272
331 0.857075 0.682425 0.0162718
332 0.857075 0.689457 0.0159988
333 0.857075 0.681521 0.0140187
334 0.857075 0.687484 0.0168474
335 0.857075 0.68658 0.0193234
336 0.857075 0.679847 0.0169877
337 0.857075 0.674728 0.0178716
338 0.857075 0.660647 0.018249
339 0.857075 0.673513 0.0176939
340 0.857075 0.666891 0.0174131
341 0.857075 0.684885 0.0162803
342 0.857075 0.682811 0.0172888
343 0.857075 0.690439 0.0147935
344 0.857075 0.685182 0.0164867
345 0.857075 0.686459 0.0171566
346 0.857075 0.683107 0.0169881
347 0.857075 0.689928 0.0166806
348 0.857075 0.697894 0.01743
349 0.857075 0.683549 0.0187981
350 0.857075 0.683265 0.0163451
351 0.857075 0.69254 0.0160382
352 0.857075 0.692394 0.0160314
353 0.857075 0.684175 0.0186778
354 0.857075 0.679792 0.0171514
355 0.857075 0.692962 0.0161777
356 0.857075 0.688351 0.0157866
357 0.857075 0.694314 0.0160248
358 0.857075 0.697292 0.0159996
359 0.857075 0.677143 0.0160647
360 0.857075 0.685789 0.0145275
361 0.857075 0.67769 0.0161528
362 0.857075 0.675411 0.0164502
363 0.857075 0.68309 0.0167907
364 0.857075 0.680991 0.0181076
365 0.857075 0.684775 0.0168985
366 0.857075 0.691366 0.0143369
367 0.857075 0.679497 0.0188517
368 0.857075 0.650973 0.017821
369 0.857075 0.673551 0.0167808
370 0.857075 0.676614 0.0175625
371 0.857075 0.683615 0.0174699
372 0.857075 0.689451 0.0166343
373 0.857075 0.687914 0.0171358
374 0.857075 0.705555 0.0140158
375 0.857075 0.692635 0.0182202
376 0.857075 0.682197 0.0181722
377 0.857075 0.678975 0.0198773
378 0.857075 0.70009 0.0177266
379 0.857075 0.703333 0.0144351
380 0.857075 0.703217 0.0163762
381 0.857075 0.713333 0.0138754
382 0.857075 0.718863 0.0170613
383 0.857075 0.704638 0.0169106
384 0.857075 0.705191 0.0152222
385 0.857075 0.70606 0.0148184
386 0.857415 0.719463 0.0135767
387 0.857415 0.683139 0.0175469
388 0.857941 0.688825 0.0140894
389 0.857941 0.699942 0.0169226
390 0.857941 0.695991 0.0162662
391 0.857941 0.705176 0.0155793
392 0.857941 0.688327 0.0149429
393 0.857941 0.679894 0.0163358
394 0.857941 0.683865 0.017309
395 0.857941 0.700572 0.0132337
396 0.857941 0.687973 0.0128667
397 0.857941 0.686235 0.0150832
398 0.857941 0.686419 0.0154039
399 0.857941 0.692047 0.0152444
400 0.857941 0.685294 0.0162071
401 0.857941 0.688014 0.0161101
402 0.857941 0.693194 0.0187878
403 0.857941 0.688578 0.018025
404 0.857941 0.689961 0.0166678
405 0.857941 0.700622 0.0149931
406 0.857941 0.70624 0.0138863
407 0.857941 0.715252 0.0155914
408 0.857941 0.713261 0.0161123
409 0.857941 0.719318 0.0180328
410 0.857941 0.714848 0.0155317
411 0.857941 0.719582 0.0147366
412 0.857941 0.722626 0.0122157
413 0.857941 0.721113 0.0120289
414 0.857941 0.706579 0.0132936
415 0.857941 0.691223 0.0148829
416 0.857941 0.710244 0.0171283
417 0.857941 0.692069 0.0201656
418 0.857941 0.69441 0.0208554
419 0.857941 0.690936 0.0147305
420 0.857941 0.685138 0.0149863
421 0.857941 0.696032 0.0162399
422 0.857985 0.706469 0.0154649
423 0.857985 0.70057 0.0144256
424 0.857985 0.69732 0.0183985
425 0.857985 0.700997 0.0157587
426 0.857985 0.72377 0.013205
427 0.857985 0.725752 0.0135262
428 0.857985 0.71195 0.0144714
429 0.857985 0.704814 0.0144108
430 0.857985 0.699934 0.014645
431 0.857985 0.700285 0.0142044
432 0.857985 0.701517 0.0143919
433 0.857985 0.681248 0.0151913
434 0.857985 0.670288 0.0175077
435 0.857985 0.676266 0.0158243
436 0.860042 0.691144 0.0138059
437 0.860042 0.691677 0.0163207
438 0.860042 0.698936 0.0160129
439 0.860042 0.714555 0.0130143
440 0.860042 0.701298 0.0151924
441 0.860042 0.694483 0.0154198
442 0.860042 0.699514 0.015973
443 0.860042 0.71081 0.0156535
444 0.860042 0.694777 0.0160991
445 0.860042 0.699463 0.0159116
446 0.860042 0.699492 0.0174557
447 0.860042 0.701134 0.0174055
448 0.860042 0.689839 0.0165504
449 0.860042 0.686304 0.0170886
450 0.860042 0.703809 0.0164455
451 0.860042 0.708966 0.0168056
452 0.860042 0.710794 0.015791
453 0.860042 0.702847 0.0149933
454 0.860042 0.684057 0.0162889
455 0.860042 0.681455 0.0167497
456 0.860042 0.690444 0.017578
457 0.860042 0.704009 0.0150531
458 0.860042 0.701618 0.0140881
459 0.860042 0.698308 0.0147647
460 0.860042 0.689908 0.0151327
461 0.860042 0.683987 0.017569
462 0.860042 0.679277 0.0150151
463 0.860042 0.678689 0.0157765
464 0.860042 0.691036 0.0158401
465 0.860042 0.67693 0.0154934
466 0.860042 0.661798 0.0168232
467 0.860042 0.659869 0.021834
468 0.860042 0.668349 0.0194407
469 0.860042 0.657366 0.0167241
470 0.860042 0.685187 0.018326
471 0.860042 0.669678 0.0198596
472 0.860042 0.680888 0.0191069
473 0.860042 0.689231 0.0176572
474 0.860042 0.678959 0.0180438
475 0.860042 0.658834 0.0203964
476 0.860042 0.664129 0.0185053
477 0.860042 0.664663 0.0187657
478 0.860042 0.696316 0.0164573
479 0.860042 0.687877 0.0190987
480 0.860042 0.693643 0.0169726
481 0.860042 0.706068 0.0144591
482 0.860042 0.701859 0.0156596
483 0.860042 0.706298 0.0163375
484 0.860042 0.682047 0.0193746
485 0.860042 0.678931 0.0185417
486 0.860042 0.69787 0.0154583
487 0.860042 0.710534 0.0134539
488 0.860042 0.703133 0.0150323
489 0.860042 0.705517 0.0138657
490 0.860042 0.706361 0.0159056
491 0.860042 0.695966 0.0167627
492 0.860042 0.718783 0.013059
493 0.860042 0.717585 0.0137022
494 0.860042 0.694149 0.0164587
495 0.860042 0.698798 0.0169848
496 0.860042 0.700197 0.0164576
497 0.860042 0.698413 0.0160879
498 0.860042 0.683847 0.0158238
499 0.860042 0.684073 0.018088
500 0.860042 0.683213 0.0176934
501 0.860042 0.685695 0.0168634
502 0.860042 0.692234 0.014636
503 0.860042 0.698579 0.014432
504 0.860042 0.698288 0.0146687
505 0.860042 0.688554 0.0142535
506 0.860042 0.702692 0.0125698
507 0.860042 0.70121 0.0140947
508 0.860042 0.701031 0.0140928
509 0.860042 0.691964 0.016466
510 0.860042 0.688176 0.015135
511 0.860042 0.69686 0.0124971
512 0.860042 0.703856 0.0142746
513 0.860042 0.705243 0.0140345
514 0.860042 0.693396 0.0149932
515 0.860042 0.675201 0.0157447
516 0.860042 0.6883 0.0159926
517 0.860042 0.679489 0.0166033
518 0.860042 0.662227 0.0171506
519 0.860042 0.653644 0.016811
520 0.860042 0.66382 0.0185597
521 0.860042 0.646528 0.0201341
522 0.860042 0.652185 0.0203145
523 0.860042 0.66889 0.019636
524 0.860042 0.662153 0.0183198
525 0.860042 0.656436 0.0174065
526 0.860042 0.662725 0.0186391
527 0.860042 0.688798 0.017366
528 0.860042 0.685451 0.0163767
529 0.860042 0.669388 0.0182184
530 0.860042 0.67781 0.0191137
531 0.860042 0.672239 0.0172202
532 0.860042 0.693755 0.0148448
533 0.860042 0.70816 0.01322
534 0.860042 0.695197 0.0121994
535 0.860042 0.69692 0.0140448
536 0.860042 0.696288 0.0149402
537 0.860042 0.704863 0.0151871
538 0.860042 0.693938 0.0171447
539 0.860042 0.694411 0.016124
540 0.860042 0.700831 0.0133016
541 0.860042 0.700204 0.0148201
542 0.860042 0.687822 0.017323
543 0.860042 0.697608 0.0161256
544 0.860042 0.714927 0.0148359
545 0.860042 0.703362 0.0137349
546 0.860042 0.702132 0.014051
547 0.860042 0.693233 0.0161524
548 0.860042 0.677734 0.0168282
549 0.860042 0.701709 0.0147354
550 0.860042 0.684118 0.015921
551 0.860042 0.685902 0.0146794
552 0.860042 0.676435 0.0142851
553 0.860042 0.682987 0.0166849
554 0.860042 0.686487 0.013691
555 0.860042 0.674597 0.0162341
556 0.860042 0.684573 0.0165052
557 0.860042 0.692781 0.0153789
558 0.860042 0.677688 0.0184871
559 0.860042 0.684987 0.0151957
560 0.860042 0.682124 0.0155088
561 0.860042 0.672463 0.0194653
562 0.860042 0.702479 0.0161718
563 0.860042 0.671778 0.0184897
564 0.860042 0.668636 0.0188896
565 0.860042 0.681159 0.0206955
566 0.860042 0.698477 0.0188483
567 0.860042 0.685382 0.0204947
568 0.860042 0.678373 0.0175937
569 0.860042 0.687965 0.0176387
570 0.860042 0.682765 0.018974
571 0.860042 0.685194 0.0213126
572 0.860042 0.686245 0.0187828
573 0.860042 0.669048 0.0171186
574 0.860042 0.66761 0.0166776
575 0.860042 0.687277 0.0161614
576 0.860042 0.688935 0.0160627
577 0.860042 0.684309 0.017344
578 0.860042 0.690199 0.0171362
579 0.860042 0.693767 0.0162125
580 0.860042 0.708382 0.0163543
581 0.860042 0.690428 0.0181143
582 0.860042 0.693722 0.0158164
583 0.860042 0.688477 0.0166182
584 0.860042 0.70638 0.0152893
585 0.860042 0.686801 0.0180387
586 0.860042 0.681135 0.0178278
587 0.860042 0.695946 0.0135663
588 0.861658 0.690658 0.0161115
589 0.861658 0.672383 0.0143848
590 0.861658 0.679703 0.0145322
591 0.861658 0.693089 0.0153076
592 0.862106 0.699326 0.0139811
593 0.862106 0.696213 0.0134199
594 0.862106 0.703856 0.0154711
595 0.862106 0.698931 0.0142495
596 0.862106 0.700634 0.0126606
597 0.862106 0.683638 0.0156037
598 0.862106 0.702591 0.0140084
599 0.862106 0.697736 0.0154225
600 0.862106 0.686698 0.0151859
601 0.86256 0.683784 0.0134909
602 0.86256 0.700096 0.0138326
603 0.86256 0.696589 0.0157962
604 0.86256 0.683129 0.0176699
605 0.86256 0.670406 0.0169081
606 0.86256 0.680661 0.0143615
607 0.86256 0.693537 0.0150888
608 0.86256 0.688404 0.0139352
609 0.86256 0.684549 0.0165565
610 0.86256 0.680902 0.0177306
611 0.86256 0.680733 0.0183906
612 0.86256 0.676479 0.0164854
613 0.86256 0.68001 0.0170691
614 0.86256 0.68736 0.0156393
615 0.86256 0.685808 0.0137242
616 0.86256 0.67949 0.0154006
617 0.86256 0.68451 0.0174244
618 0.86256 0.674632 0.0174092
619 0.86256 0.677153 0.0177436
620 0.86256 0.668367 0.0185297
621 0.86256 0.670753 0.017646
622 0.86256 0.661365 0.0189775
623 0.86256 0.670248 0.0198356
624 0.86256 0.674373 0.0181381
625 0.86256 0.676484 0.0188853
626 0.86256 0.674661 0.0154679
627 0.86256 0.658103 0.0156212
628 0.86256 0.673523 0.0167674
629 0.86256 0.662928 0.0172704
630 0.86256 0.66522 0.0159922
631 0.86256 0.685605 0.0138208
632 0.86256 0.695844 0.0142612
633 0.86256 0.683878 0.0148735
634 0.86256 0.701423 0.0122488
635 0.864712 0.694852 0.0123361
636 0.864712 0.703158 0.0151238
637 0.864712 0.684465 0.0166809
638 0.864712 0.691238 0.0144485
639 0.864712 0.675363 0.0171605
640 0.864712 0.668011 0.0167546
641 0.864712 0.665201 0.0157334
642 0.864712 0.661113 0.0177811
643 0.864712 0.68344 0.0172252
644 0.864712 0.679738 0.0174783
645 0.864712 0.682643 0.0161979
646 0.864712 0.688406 0.0162015
647 0.864712 0.69197 0.0167892
648 0.864712 0.700226 0.0182951
649 0.864712 0.686095 0.0174727
650 0.864712 0.670994 0.0150842
651 0.864712 0.676003 0.017
652 0.864712 0.668589 0.017102
653 0.864712 0.682295 0.0196697
654 0.864712 0.667301 0.0204884
655 0.864712 0.679765 0.0206193
656 0.864712 0.670048 0.0201066
657 0.864712 0.673967 0.0188879
658 0.864712 0.657647 0.0204082
659 0.864712 0.679434 0.0173521
660 0.864712 0.678364 0.0164032
661 0.864712 0.67868 0.018624
662 0.864712 0.681662 0.0176346
663 0.864712 0.668345 0.0173881
664 0.864712 0.677948 0.0157438
665 0.864712 0.681022 0.0184132
666 0.865783 0.686535 0.0158824
667 0.865783 0.691281 0.0145686
668 0.865783 0.680093 0.0138352
669 0.865783 0.662017 0.0160397
670 0.865783 0.673496 0.0147757
671 0.865783 0.709092 0.0143583
672 0.865783 0.691787 0.0134856
673 0.865783 0.693791 0.0134684
674 0.865783 0.692965 0.0126414
675 0.865783 0.700803 0.0144457
676 0.865783 0.709168 0.0132107
677 0.865783 0.703643 0.014828
678 0.865783 0.70828 0.0162522
679 0.865783 0.703077 0.0143947
680 0.865783 0.698893 0.0151678
681 0.865783 0.685591 0.0174173
682 0.865783 0.683002 0.0151737
683 0.865783 0.684814 0.013565
684 0.865783 0.671414 0.017404
685 0.865783 0.671946 0.0174928
686 0.865783 0.669296 0.0186318
687 0.865783 0.670128 0.017323
688 0.865783 0.688872 0.0171812
689 0.865783 0.69306 0.0161245
690 0.865783 0.684578 0.017568
691 0.865783 0.682883 0.0193045
692 0.865783 0.698761 0.0163218
693 0.865783 0.6758 0.0163738
694 0.865783 0.67671 0.0169214
695 0.865783 0.685074 0.0153189
696 0.865783 0.683307 0.0170779
697 0.865783 0.67873 0.0180634
698 0.865783 0.680362 0.0186014
699 0.865783 0.672575 0.016904
700 0.865783 0.679813 0.0169988
701 0.865783 0.67693 0.0185518
702 0.865783 0.689693 0.0160426
703 0.865783 0.684433 0.0160726
704 0.865783 0.684937 0.0193321
705 0.865783 0.666957 0.0194596
706 0.865783 0.661772 0.0203743
707 0.865783 0.6614 0.0164381
708 0.865783 0.656106 0.0210531
709 0.865783 0.655894 0.0194661
710 0.865783 0.656523 0.0214173
711 0.865783 0.661031 0.0210996
712 0.865783 0.651247 0.0170502
713 0.865783 0.662429 0.0161224
714 0.865783 0.671721 0.0170837
715 0.865783 0.68639 0.0141341
716 0.865783 0.670121 0.0159406
717 0.865783 0.657205 0.0171114
718 0.865783 0.665153 0.0171142
719 0.865783 0.672549 0.0152738
720 0.865783 0.689441 0.0157921
721 0.865783 0.689201 0.0137295
722 0.865783 0.668405 0.0182429
723 0.865783 0.671982 0.0154472
724 0.865783 0.673821 0.0182363
725 0.865783 0.67972 0.0182497
726 0.865783 0.669399 0.0185101
727 0.865783 0.691769 0.0170121
728 0.865783 0.694265 0.0174422
729 0.865783 0.713669 0.013418
730 0.865783 0.694987 0.0154742
731 0.865783 0.696273 0.0156624
732 0.865783 0.701024 0.01473
733 0.865783 0.679723 0.0144891
734 0.865783 0.671061 0.0181593
735 0.865783 0.682254 0.0171529
736 0.865783 0.663416 0.0164548
737 0.865783 0.669502 0.0142873
738 0.865783 0.691366 0.0134457
739 0.865783 0.673806 0.017738
740 0.865783 0.685073 0.0144147
741 0.865783 0.683736 0.0158689
742 0.865783 0.683466 0.0170799
743 0.865783 0.687949 0.0150195
744 0.865783 0.687031 0.0141075
745 0.865783 0.681034 0.0159252
746 0.865783 0.687078 0.0140064
747 0.865783 0.693573 0.0154213
748 0.865783 0.697842 0.0159773
749 0.865783 0.694785 0.0159126
750 0.865783 0.67157 0.0172054
751 0.865783 0.668767 0.0193595
752 0.865783 0.671335 0.0187476
753 0.865783 0.663145 0.0160703
754 0.865783 0.681085 0.0168149
755 0.865783 0.703608 0.0171157
756 0.865783 0.675282 0.0153949
757 0.865783 0.673302 0.0174969
758 0.865783 0.661285 0.0182437
759 0.865783 0.667448 0.0173613
760 0.865783 0.650946 0.0176797
761 0.865783 0.665785 0.0159303
762 0.865783 0.669171 0.0161678
763 0.865783 0.676018 0.0173731
764 0.865783 0.679801 0.0173726
765 0.865783 0.671448 0.0177224
766 0.865783 0.672996 0.0154722
767 0.865783 0.659031 0.0167518
768 0.865783 0.677082 0.0154719
769 0.865783 0.671365 0.0177509
770 0.865783 0.662706 0.0182196
771 0.865783 0.650271 0.0157205
772 0.865783 0.653014 0.021424
773 0.865783 0.645385 0.0212892
774 0.865783 0.653909 0.0216575
775 0.865783 0.658 0.0213352
776 0.865783 0.670669 0.0195562
777 0.865783 0.668662 0.0185667
778 0.865783 0.679401 0.0181962
779 0.865783 0.680561 0.0195246
780 0.865783 0.684726 0.0183929
781 0.865783 0.671876 0.0162153
782 0.865783 0.690492 0.0174357
783 0.865783 0.685699 0.0146785
784 0.865783 0.699754 0.0157998
785 0.865783 0.692853 0.0159773
786 0.865783 0.687658 0.0170801
787 0.865783 0.6796 0.0184702
788 0.865783 0.67788 0.0151104
789 0.865783 0.653162 0.017623
790 0.865783 0.664701 0.0173803
791 0.865783 0.666726 0.0187093
792 0.865783 0.680223 0.0188971
793 0.865783 0.667684 0.0195072
794 0.865783 0.65799 0.0188072
795 0.865783 0.673493 0.0204666
796 0.865783 0.668375 0.0194604
797 0.865783 0.7036 0.0161589
798 0.865783 0.698252 0.0156379
799 0.865783 0.681196 0.0183206
800 0.865783 0.677773 0.0165693
801 0.865783 0.67371 0.0170022
802 0.865783 0.698201 0.0172824
803 0.865783 0.691953 0.0165049
804 0.865783 0.67783 0.0151885
805 0.865783 0.673757 0.0159582
806 0.865783 0.681397 0.015941
807 0.868154 0.692765 0.015642
808 0.868154 0.681988 0.0167326
809 0.868154 0.69983 0.0137901
810 0.868154 0.698478 0.014136
811 0.868154 0.703077 0.0143243
812 0.868154 0.703195 0.0152613
813 0.868154 0.69752 0.015171
814 0.868154 0.691267 0.013968
815 0.868154 0.673324 0.0164603
816 0.868154 0.656848 0.0160375
817 0.868154 0.686735 0.0158928
818 0.868154 0.679177 0.0156405
819 0.868154 0.683415 0.0156717
820 0.868154 0.685012 0.0164872
821 0.868154 0.686968 0.0157481
822 0.868154 0.684569 0.0164795
823 0.868154 0.680568 0.0180772
824 0.868154 0.673715 0.0170186
825 0.868154 0.660185 0.0192427
826 0.868154 0.665753 0.0172934
827 0.868154 0.674944 0.0202674
828 0.868154 0.666323 0.0167296
829 0.868154 0.656668 0.0194338
830 0.868154 0.672878 0.017937
831 0.868154 0.690286 0.0158737
832 0.868154 0.675226 0.0147333
833 0.868154 0.679125 0.0152898
834 0.868154 0.654822 0.0167031
835 0.868154 0.669424 0.0169097
836 0.868154 0.685978 0.016024
837 0.868154 0.684732 0.0178104
838 0.868154 0.689862 0.0159241
839 0.868154 0.697555 0.0138969
840 0.868154 0.696942 0.0165873
841 0.868154 0.700999 0.0133286
842 0.868154 0.702127 0.0131772
843 0.868154 0.699733 0.0131284
844 0.868154 0.701261 0.0137052
845 0.868154 0.704048 0.0165604
846 0.868154 0.687509 0.0144801
847 0.868154 0.696288 0.0149152
848 0.868154 0.697808 0.0176856
849 0.868154 0.698822 0.0164428
850 0.868154 0.707721 0.0167643
851 0.868154 0.709999 0.0163223
852 0.868154 0.700133 0.0142458
853 0.868154 0.706812 0.0139008
854 0.868154 0.708357 0.0133019
855 0.868154 0.698958 0.0146561
856 0.868154 0.691815 0.013358
857 0.868154 0.706956 0.0136611
858 0.868154 0.696782 0.0143015
859 0.868154 0.708485 0.0148682
860 0.868154 0.71702 0.0127482
861 0.868154 0.703513 0.0156797
862 0.868154 0.704741 0.0129188
863 0.868154 0.712674 0.0123199
864 0.868154 0.694696 0.015514
865 0.868154 0.692292 0.0150441
866 0.868154 0.671819 0.0161651
867 0.868154 0.67396 0.0155918
868 0.868154 0.685436 0.0167066
869 0.868154 0.67787 0.0177347
870 0.868154 0.681108 0.0189492
871 0.868154 0.676483 0.0170545
872 0.868154 0.677176 0.0174445
873 0.868154 0.688189 0.0158494
874 0.868154 0.675296 0.0167525
875 0.868154 0.666934 0.0195546
876 0.868154 0.681014 0.0179755
877 0.868154 0.685728 0.0192271
878 0.868154 0.662693 0.0191312
879 0.868154 0.658504 0.0195039
880 0.868154 0.63728 0.0208466
881 0.868154 0.641079 0.0214956
882 0.868154 0.661129 0.0199763
883 0.868154 0.663762 0.0215857
884 0.868154 0.678343 0.0205385
885 0.868154 0.67036 0.0189077
886 0.868154 0.65951 0.0212627
887 0.868154 0.651695 0.0209513
888 0.868154 0.67221 0.0217146
889 0.868154 0.68814 0.0186606
890 0.868154 0.695633 0.0183568
891 0.868154 0.683059 0.0194377
892 0.868154 0.689857 0.0193182
893 0.868154 0.677282 0.0195231
894 0.868154 0.671765 0.0181484
895 0.868154 0.674569 0.0191835
896 0.868154 0.70198 0.0178411
897 0.868154 0.68983 0.0149213
898 0.868154 0.673965 0.0162534
899 0.868154 0.675068 0.01642
900 0.868154 0.663919 0.0185629
901 0.868154 0.651397 0.0174785
902 0.868154 0.671462 0.0172996
903 0.868154 0.659925 0.0165911
904 0.868154 0.670773 0.0204166
905 0.868154 0.650266 0.0172178
906 0.868154 0.640598 0.020228
907 0.868154 0.64413 0.0181978
908 0.868154 0.653481 0.0173707
909 0.868154 0.658728 0.0181391
910 0.868154 0.683166 0.0187391
911 0.868154 0.682626 0.0170235
912 0.868154 0.688982 0.0160168
913 0.868154 0.66803 0.0169054
914 0.868154 0.661041 0.0174043
915 0.868154 0.660603 0.0204538
916 0.868154 0.647973 0.019577
917 0.868154 0.660034 0.0199454
918 0.868154 0.670894 0.0180239
919 0.868154 0.681585 0.0178312
920 0.868154 0.68562 0.0177124
921 0.868154 0.689047 0.0170597
922 0.868154 0.679156 0.0175965
923 0.868154 0.683546 0.0168764
924 0.868154 0.656308 0.0184195
925 0.868154 0.659814 0.0160664
926 0.868154 0.666418 0.0174649
927 0.868154 0.667111 0.0159044
928 0.868154 0.669434 0.0167706
929 0.868154 0.681739 0.0168637
930 0.868154 0.673161 0.0164683
931 0.868154 0.683078 0.0161895
932 0.868154 0.682162 0.017045
933 0.868154 0.67196 0.0175354
934 0.868154 0.690176 0.0162221
935 0.868154 0.667379 0.0165444
936 0.868154 0.668974 0.0153485
937 0.868154 0.672084 0.018771
938 0.868154 0.671343 0.0180025
939 0.868154 0.662656 0.0159938
940 0.868154 0.656776 0.0192137
941 0.868154 0.668483 0.0194299
942 0.868154 0.680548 0.0159781
943 0.868154 0.692915 0.0173934
944 0.868154 0.673172 0.0176717
945 0.868154 0.671369 0.0177798
946 0.868154 0.677378 0.0157671
947 0.868154 0.683724 0.0175367
948 0.868154 0.690531 0.0182256
949 0.868154 0.701655 0.0154348
950 0.868209 0.69054 0.0183103
951 0.868209 0.684554 0.0188191
952 0.868209 0.688205 0.0170316
953 0.868209 0.703695 0.0175662
954 0.868209 0.692822 0.0146981
955 0.868209 0.677189 0.0144984
956 0.868209 0.660429 0.0173435
957 0.868209 0.690948 0.017162
958 0.868209 0.672378 0.0149181
959 0.868209 0.68081 0.0169215
960 0.868209 0.680532 0.0167762
961 0.868209 0.671769 0.0161137
962 0.868209 0.676753 0.0172273
963 0.868209 0.684369 0.0179987
964 0.868209 0.696409 0.0169761
965 0.868209 0.694969 0.0147645
966 0.868209 0.668893 0.0143878
967 0.868209 0.675294 0.0162604
968 0.868354 0.676876 0.0184129
969 0.868354 0.675896 0.0194208
970 0.868354 0.670117 0.018213
971 0.868354 0.667583 0.0179549
972 0.868354 0.66879 0.0188429
973 0.868354 0.669646 0.0176346
974 0.868354 0.67228 0.0162937
975 0.868354 0.681107 0.0165102
976 0.868354 0.695133 0.0138961
977 0.868354 0.702803 0.0144395
978 0.868354 0.686189 0.0167945
979 0.868354 0.677633 0.0184347
980 0.868354 0.688648 0.0191941
981 0.868354 0.685776 0.0176582
982 0.868354 0.687388 0.0169243
983 0.868354 0.688622 0.0144378
984 0.868354 0.664543 0.0174304
985 0.868354 0.662182 0.0182865
986 0.868354 0.671022 0.0193272
987 0.868354 0.675289 0.0194109
988 0.868354 0.66709 0.0169478
989 0.868354 0.6624 0.01973
990 0.868354 0.678255 0.0207172
991 0.868354 0.667769 0.0190306
992 0.868354 0.681009 0.0157651
993 0.868354 0.69054 0.0163696
994 0.868354 0.675022 0.0167139
995 0.868354 0.674992 0.0185606
996 0.868354 0.665756 0.0197851
997 0.868354 0.661663 0.0204129
998 0.868354 0.663796 0.0174711
999 0.868354 0.665558 0.0179221
1000 0.868354 0.692813 0.0165365
