0 0.503509 0.498601 6.08613e-05
1 0.514108 0.498466 0.000284205
2 0.514108 0.498127 0.000302673
3 0.514108 0.495985 0.000614251
4 0.522736 0.498838 0.000377335
5 0.747442 0.507588 0.00170935
6 0.917621 0.52377 0.00551024
7 0.917621 0.533113 0.00842521
8 0.917621 0.532142 0.0104136
9 0.920798 0.55862 0.0141533
10 0.920798 0.559605 0.0163534
11 0.920798 0.553354 0.0170736
12 0.93137 0.565386 0.0193713
13 0.93137 0.573557 0.0236724
14 0.93137 0.574121 0.023734
15 0.931542 0.58341 0.0285258
16 0.94032 0.602376 0.0321896
17 0.94032 0.612678 0.0318477
18 0.94032 0.603237 0.0300406
19 0.95414 0.61278 0.0319202
20 0.960859 0.616477 0.0316653
21 0.960859 0.613827 0.0326578
22 0.960859 0.613241 0.0344399
23 0.960859 0.609132 0.0337862
24 0.960859 0.605004 0.0330203
25 0.960859 0.616269 0.0382107
26 0.960859 0.617854 0.0366075
27 0.960859 0.606269 0.0352579
28 0.960859 0.614382 0.0332961
29 0.960859 0.616332 0.037219
30 0.960859 0.621287 0.0358865
31 0.960859 0.620351 0.0347222
32 0.960859 0.634407 0.041678
33 0.960859 0.628833 0.0371061
34 0.960859 0.637129 0.0429185
35 0.960859 0.638047 0.0380564
36 0.960859 0.661561 0.0367978
37 0.960859 0.659859 0.0401836
38 0.961256 0.674501 0.043009
39 0.970865 0.685064 0.0405779
40 0.971763 0.690915 0.0445993
41 0.97558 0.718004 0.0398632
42 0.97558 0.710972 0.0420568
43 0.97558 0.698516 0.0486964
44 0.97558 0.727801 0.0428749
45 0.97558 0.732223 0.0391111
46 0.979925 0.753106 0.0402163
47 0.983509 0.775463 0.0352679
48 0.984343 0.778714 0.0359271
49 0.984343 0.8088 0.0265745
50 0.984343 0.77339 0.0292071
51 0.984343 0.784942 0.0301098
52 0.984343 0.802498 0.0297323
53 0.985402 0.780259 0.031571
54 0.99065 0.79171 0.0331001
55 0.99065 0.782113 0.0350404
56 0.99065 0.789099 0.0344406
57 0.99065 0.792056 0.0325494
58 0.995777 0.786308 0.033284
59 0.995777 0.801709 0.0323292
60 0.995777 0.796557 0.035141
61 0.999331 0.812065 0.0313401
62 0.999331 0.813956 0.0252349
63 0.999331 0.823414 0.0260428
64 0.999331 0.829877 0.0284396
65 0.999331 0.848451 0.0235197
66 0.999331 0.83392 0.0224491
67 0.999331 0.841152 0.0200193
68 0.999331 0.85345 0.0203478
69 0.999331 0.84983 0.0227625
70 0.999331 0.870324 0.0194897
71 0.999331 0.844364 0.0233036
72 0.999331 0.838919 0.023901
73 0.999331 0.849203 0.0202662
74 0.999331 0.862108 0.0182727
75 0.999331 0.845188 0.0206266
76 0.999331 0.828363 0.0250382
77 0.999409 0.84457 0.0285388
78 0.999409 0.8264 0.0278109
79 0.999409 0.800395 0.0334084
80 0.999409 0.796231 0.0306641
81 0.999409 0.813324 0.0255636
82 0.999409 0.824841 0.0259493
83 0.999409 0.837593 0.0225205
84 0.999409 0.820276 0.0318165
85 0.999409 0.847045 0.0285609
86 0.999409 0.824653 0.0271997
87 0.999469 0.825017 0.0265617
88 0.999469 0.827168 0.0245691
89 0.99947 0.842833 0.024425
90 0.999759 0.820387 0.0272499
91 0.999759 0.829358 0.0306498
92 0.999759 0.795478 0.0354932
93 0.999759 0.799585 0.0328724
94 0.999759 0.804563 0.0275022
95 0.999759 0.83373 0.026532
96 0.999759 0.846311 0.024218
97 0.999759 0.812441 0.0246642
98 0.999759 0.827058 0.0238827
99 0.999759 0.825199 0.0214895
100 0.999759 0.816438 0.0274506
101 0.999759 0.805159 0.0274148
102 0.999759 0.821016 0.024831
103 0.999759 0.828851 0.0196121
104 0.999759 0.83316 0.0258771
105 0.999759 0.846351 0.0261686
106 0.999759 0.866213 0.0218316
107 0.999759 0.872152 0.0182151
108 0.999759 0.855703 0.0250374
109 0.999759 0.859871 0.0256231
110 0.999759 0.847852 0.0276107
111 0.999759 0.872921 0.0171585
112 0.999759 0.862456 0.0227971
113 0.999759 0.857071 0.0225113
114 0.999759 0.881085 0.0176192
115 0.999759 0.870944 0.0176634
116 0.999759 0.856153 0.0216812
117 0.999759 0.838892 0.0277316
118 0.999759 0.829583 0.027422
119 0.999759 0.817033 0.0288433
120 0.999759 0.836232 0.0252882
121 0.999759 0.86017 0.0232993
122 0.999759 0.841534 0.0223555
123 0.999759 0.833278 0.0311807
124 0.999759 0.843159 0.0264221
125 0.999759 0.844334 0.0222346
126 0.999759 0.843571 0.0233575
127 0.999759 0.829533 0.0238845
128 0.999759 0.84773 0.0254528
129 0.999759 0.838317 0.0234371
130 0.999759 0.843614 0.0282701
131 0.999759 0.869992 0.0210366
132 0.999759 0.865635 0.021532
133 0.999759 0.872824 0.018535
134 0.999759 0.86215 0.0249621
135 0.999759 0.866452 0.0183145
136 0.999759 0.862323 0.0243506
137 0.999759 0.845409 0.0232804
138 0.999759 0.864735 0.0205314
139 0.999759 0.863114 0.0206336
140 0.999759 0.858833 0.0255209
141 0.999759 0.868304 0.0236511
142 0.999759 0.857689 0.0210882
143 0.999759 0.880087 0.0187516
144 0.999759 0.889714 0.0181717
145 0.999759 0.882549 0.0190669
146 0.999759 0.854662 0.0248854
147 0.999759 0.866148 0.0242201
148 0.999759 0.861233 0.0262399
149 0.999759 0.872579 0.0248996
150 0.999759 0.876736 0.0244824
151 0.999793 0.871901 0.0235169
152 0.999793 0.892642 0.0149228
153 0.999793 0.881171 0.0189702
154 0.999793 0.871406 0.0185288
155 0.999793 0.854486 0.0207583
156 0.999793 0.857414 0.0169003
157 0.999793 0.864526 0.0179612
158 0.999793 0.889493 0.016034
159 0.999793 0.886581 0.015214
160 0.999793 0.892794 0.0142942
161 0.999793 0.900052 0.010924
162 0.999793 0.89534 0.0119208
163 0.999793 0.886108 0.0142317
164 0.999793 0.866517 0.0179606
165 0.999793 0.870311 0.0156712
166 0.999793 0.87254 0.0163306
167 0.999793 0.883429 0.0156099
168 0.999793 0.871777 0.0200981
169 0.999793 0.877533 0.0171932
170 0.999793 0.872091 0.0172685
171 0.999793 0.873871 0.0161923
172 0.999793 0.878857 0.0168354
173 0.999793 0.87288 0.0174101
174 0.999793 0.866199 0.0136886
175 0.999793 0.867584 0.0162724
176 0.999793 0.849276 0.0199061
177 0.999793 0.865508 0.0207504
178 0.999793 0.868197 0.0181372
179 0.999793 0.873046 0.0183675
180 0.999793 0.872743 0.0173691
181 0.999793 0.87754 0.0183037
182 0.999793 0.851779 0.0242615
183 0.999793 0.858962 0.0237663
184 0.999793 0.850463 0.0204804
185 0.999793 0.862558 0.0221157
186 0.999793 0.86886 0.0159991
187 0.999793 0.854901 0.0206249
188 0.999793 0.853272 0.0213201
189 0.999793 0.856706 0.021882
190 0.999793 0.846103 0.0239856
191 0.999793 0.869905 0.0193753
192 0.999793 0.868303 0.0183223
193 0.999793 0.87382 0.0167685
194 0.999793 0.885404 0.0139842
195 0.999793 0.866017 0.0169984
196 0.999793 0.867292 0.0190023
197 0.999793 0.865097 0.0148887
198 0.999793 0.880947 0.0125574
199 0.999793 0.872433 0.0174446
200 0.999793 0.869627 0.0174166
201 0.999793 0.860228 0.0211895
202 0.999793 0.85621 0.0244965
203 0.999793 0.851832 0.0232446
204 0.999793 0.853197 0.0228962
205 0.999793 0.847802 0.0207057
206 0.999793 0.843179 0.0263958
207 0.999793 0.858362 0.0242572
208 0.999793 0.861159 0.0243055
209 0.999793 0.849305 0.0248223
210 0.999793 0.837834 0.0240353
211 0.999793 0.844472 0.023845
212 0.999793 0.83517 0.0278276
213 0.999793 0.868462 0.0206203
214 0.999793 0.863837 0.0211443
215 0.999793 0.852355 0.0259413
216 0.999793 0.854022 0.0237941
217 0.999793 0.853472 0.0232869
218 0.999793 0.834076 0.0272012
219 0.999793 0.851204 0.0200547
220 0.999793 0.869506 0.0170328
221 0.999793 0.882797 0.0143864
222 0.999793 0.871248 0.0155814
223 0.999793 0.865844 0.0182128
224 0.999793 0.880936 0.0173872
225 0.999793 0.878214 0.0193179
226 0.999793 0.847051 0.0228751
227 0.999793 0.857201 0.0217456
228 0.999793 0.866293 0.0172696
229 0.999793 0.864698 0.019136
230 0.999793 0.868415 0.019927
231 0.999793 0.867949 0.0161763
232 0.999793 0.862309 0.0168217
233 0.999793 0.864632 0.0165831
234 0.999793 0.873768 0.0130852
235 0.999793 0.861611 0.0191367
236 0.999793 0.860256 0.0192259
237 0.999793 0.865241 0.0204733
238 0.999793 0.869434 0.017661
239 0.999793 0.904266 0.012531
240 0.999793 0.913064 0.00940287
241 0.999793 0.905279 0.0117906
242 0.999793 0.877262 0.0150819
243 0.999793 0.88429 0.0148447
244 0.999793 0.873954 0.0170179
245 0.999793 0.887206 0.0127729
246 0.999793 0.893697 0.0136833
247 0.999793 0.881937 0.0148941
248 0.999793 0.885104 0.013698
249 0.999793 0.866414 0.0142435
250 0.999793 0.871825 0.0149218
251 0.999793 0.873209 0.0160744
252 0.999793 0.8908 0.00950692
253 0.999793 0.881333 0.0150902
254 0.999793 0.865545 0.0212586
255 0.999793 0.843592 0.0249594
256 0.999793 0.83776 0.0222537
257 0.999793 0.837578 0.0257684
258 0.999793 0.848019 0.0253392
259 0.999793 0.855804 0.0210757
260 0.999793 0.83031 0.0281751
261 0.999793 0.830886 0.0282993
262 0.999793 0.836569 0.0272352
263 0.999793 0.859021 0.0207058
264 0.999793 0.865171 0.0227588
265 0.999793 0.850039 0.0221181
266 0.999793 0.862574 0.0216579
267 0.999793 0.844507 0.021432
268 0.999793 0.852548 0.0226363
269 0.999793 0.859671 0.0219768
270 0.999793 0.875649 0.0156537
271 0.999793 0.886213 0.0193164
272 0.999793 0.86205 0.0196333
273 0.999793 0.874403 0.0183311
274 0.999793 0.860621 0.0212004
275 0.999793 0.879643 0.016865
276 0.999793 0.869781 0.0180392
277 0.999793 0.854833 0.0240519
278 0.999793 0.866281 0.0185475
279 0.999793 0.853776 0.0215034
280 0.999793 0.857027 0.0253203
281 0.999793 0.866351 0.0197639
282 0.999793 0.879556 0.0198785
283 0.999793 0.876513 0.016838
284 0.999793 0.884855 0.0175425
285 0.999793 0.875365 0.0191126
286 0.999793 0.877032 0.0178423
287 0.999793 0.893622 0.0116616
288 0.999793 0.879521 0.0151746
289 0.999793 0.892961 0.0136478
290 0.999793 0.863463 0.0177759
291 0.999793 0.839688 0.0282108
292 0.999793 0.843155 0.0233459
293 0.999793 0.86318 0.0194961
294 0.999793 0.855293 0.0238393
295 0.999793 0.866133 0.0186204
296 0.999793 0.860472 0.0200326
297 0.999793 0.866875 0.0233911
298 0.999793 0.860252 0.0208948
299 0.999793 0.845335 0.0227652
300 0.999793 0.859749 0.0188004
301 0.999793 0.855046 0.0202173
302 0.999793 0.861257 0.0174161
303 0.999793 0.840724 0.0210754
304 0.999797 0.843389 0.0245384
305 0.999797 0.833475 0.0270993
306 0.999797 0.86187 0.0177955
307 0.999797 0.881877 0.017939
308 0.999797 0.87539 0.0152065
309 0.999797 0.87878 0.0182729
310 0.999797 0.881651 0.0186696
311 0.999797 0.873477 0.0188192
312 0.999797 0.870903 0.0181116
313 0.999797 0.879379 0.0154439
314 0.999797 0.867713 0.0195322
315 0.999797 0.854615 0.021919
316 0.999797 0.870011 0.0209657
317 0.999797 0.851164 0.0189057
318 0.999797 0.868994 0.0161876
319 0.999797 0.894155 0.0161949
320 0.999797 0.88946 0.0162286
321 0.999797 0.897395 0.0116645
322 0.999797 0.886486 0.0190103
323 0.999797 0.866734 0.0224082
324 0.999797 0.862807 0.0231284
325 0.999797 0.853431 0.0271168
326 0.999797 0.834439 0.0318352
327 0.999797 0.836069 0.0274315
328 0.999797 0.839547 0.0254461
329 0.999797 0.850094 0.0234257
330 0.999797 0.840815 0.0215003
331 0.999797 0.84954 0.0240156
332 0.999797 0.86024 0.0226991
333 0.999797 0.87377 0.0193746
334 0.999797 0.872155 0.0155656
335 0.999797 0.851646 0.0202765
336 0.999797 0.854545 0.019041
337 0.999797 0.86095 0.0178347
338 0.999797 0.862736 0.0167199
339 0.999797 0.866319 0.018104
340 0.999797 0.860463 0.0188591
341 0.999797 0.846779 0.0218577
342 0.999797 0.850954 0.0251247
343 0.999797 0.857398 0.0236105
344 0.999797 0.867657 0.0188162
345 0.999797 0.889562 0.0127843
346 0.999797 0.892037 0.0113032
347 0.999797 0.874993 0.0186877
348 0.999797 0.886494 0.0142006
349 0.999797 0.859156 0.0232496
350 0.999797 0.862807 0.0226984
351 0.999797 0.851144 0.0202578
352 0.999797 0.856513 0.0229209
353 0.999797 0.860716 0.0202583
354 0.999797 0.862155 0.0204473
355 0.999797 0.853903 0.0212385
356 0.999797 0.843466 0.0252145
357 0.999797 0.857716 0.0222306
358 0.999797 0.858295 0.0244823
359 0.999797 0.858717 0.0231946
360 0.999797 0.871922 0.021255
361 0.999797 0.853357 0.0269859
362 0.999797 0.853709 0.0212817
363 0.999797 0.866853 0.0213642
364 0.999797 0.859394 0.0183095
365 0.999797 0.878289 0.017887
366 0.999797 0.876252 0.0135873
367 0.999797 0.87272 0.0171025
368 0.999797 0.872941 0.0154833
369 0.999797 0.881913 0.0165612
370 0.999797 0.877432 0.0192803
371 0.999797 0.898895 0.0132423
372 0.999797 0.902123 0.0110013
373 0.999797 0.886639 0.0159009
374 0.999797 0.900329 0.013816
375 0.999797 0.880612 0.0177177
376 0.999797 0.868738 0.0208232
377 0.999797 0.861168 0.0232505
378 0.999797 0.883906 0.0171798
379 0.999797 0.887138 0.0134225
380 0.999797 0.896942 0.012661
381 0.999797 0.916388 0.00893256
382 0.999797 0.904334 0.015155
383 0.999797 0.887193 0.0155416
384 0.999797 0.873467 0.0198133
385 0.999797 0.870511 0.0168829
386 0.999797 0.870562 0.0172895
387 0.999797 0.853994 0.0199734
388 0.999797 0.853196 0.0182147
389 0.999797 0.852543 0.0228956
390 0.999797 0.87658 0.0166214
391 0.999797 0.871015 0.0182726
392 0.999797 0.866859 0.0196456
393 0.999797 0.879743 0.019544
394 0.999797 0.85867 0.0230895
395 0.999797 0.86998 0.0243097
396 0.999797 0.846844 0.0261001
397 0.999797 0.864818 0.0178039
398 0.999797 0.847925 0.0193567
399 0.999797 0.863287 0.021455
400 0.999797 0.859536 0.0212833
401 0.999797 0.87542 0.0186278
402 0.999797 0.894128 0.0130099
403 0.999797 0.904181 0.0126081
404 0.999797 0.904029 0.0129015
405 0.999797 0.902238 0.0124902
406 0.999797 0.866291 0.0212759
407 0.999797 0.850447 0.0231209
408 0.999797 0.838237 0.0233527
409 0.999797 0.843397 0.0248546
410 0.999797 0.834994 0.0339368
411 0.999797 0.855582 0.0255513
412 0.999797 0.858803 0.0219494
413 0.999797 0.839953 0.0284648
414 0.999797 0.817768 0.0313875
415 0.999797 0.821641 0.0267488
416 0.999797 0.833866 0.028812
417 0.999797 0.836983 0.0292083
418 0.999797 0.855852 0.0252707
419 0.99982 0.850824 0.026305
420 0.99982 0.841369 0.0275893
421 0.99982 0.84953 0.0242508
422 0.99982 0.851312 0.020935
423 0.99982 0.838167 0.0231521
424 0.99982 0.845307 0.0218451
425 0.99982 0.851414 0.0211838
426 0.99982 0.856062 0.0251063
427 0.99982 0.869425 0.0195737
428 0.99982 0.866358 0.0175991
429 0.99982 0.889664 0.0172745
430 0.99982 0.848809 0.0239764
431 0.99982 0.851855 0.029194
432 0.99982 0.854784 0.0271776
433 0.99982 0.852291 0.0229572
434 0.99982 0.854601 0.0242591
435 0.99982 0.858017 0.0224754
436 0.99982 0.862039 0.0191728
437 0.99982 0.873857 0.0159978
438 0.99982 0.868344 0.0179696
439 0.99982 0.866262 0.0194449
440 0.99982 0.859927 0.0252295
441 0.99982 0.865716 0.0208347
442 0.99982 0.88419 0.0147721
443 0.99982 0.859894 0.0229352
444 0.99982 0.860473 0.0228567
445 0.99982 0.864368 0.0246417
446 0.99982 0.847729 0.0254394
447 0.99982 0.832659 0.026317
448 0.99982 0.854858 0.025699
449 0.99982 0.847395 0.0239028
450 0.99982 0.855106 0.0223177
451 0.99982 0.841046 0.026997
452 0.99982 0.838735 0.0301318
453 0.99982 0.850191 0.025105
454 0.99982 0.840379 0.0264104
455 0.99982 0.854275 0.0251572
456 0.99982 0.850861 0.0244372
457 0.99982 0.859707 0.028001
458 0.99982 0.863883 0.025663
459 0.99982 0.845962 0.0271571
460 0.99982 0.852092 0.0214303
461 0.99982 0.853648 0.0209684
462 0.99982 0.863461 0.0176413
463 0.99982 0.868385 0.0203593
464 0.99982 0.83978 0.0280794
465 0.99982 0.853463 0.0252665
466 0.99982 0.871085 0.0275013
467 0.99982 0.866495 0.0241613
468 0.99982 0.882939 0.0201873
469 0.99982 0.881471 0.0213964
470 0.99982 0.868405 0.0200159
471 0.99982 0.872488 0.0203273
472 0.99982 0.879693 0.0188761
473 0.99982 0.871412 0.0166786
474 0.99982 0.853446 0.0220771
475 0.99982 0.840375 0.0279411
476 0.99982 0.832511 0.0318401
477 0.99982 0.830999 0.0269157
478 0.99982 0.836623 0.0264506
479 0.99982 0.842663 0.0303031
480 0.99982 0.861478 0.02344
481 0.99982 0.851078 0.0289782
482 0.99982 0.843074 0.0298711
483 0.99982 0.86917 0.0212937
484 0.99982 0.893185 0.015837
485 0.99982 0.868241 0.0232727
486 0.999835 0.856455 0.0189607
487 0.999835 0.856065 0.0171051
488 0.999835 0.839402 0.0261782
489 0.999835 0.870587 0.0216058
490 0.999835 0.854545 0.0233061
491 0.999835 0.854325 0.0238652
492 0.999835 0.863332 0.0188397
493 0.999835 0.860405 0.0187319
494 0.999835 0.872753 0.0195139
495 0.999835 0.874455 0.0185359
496 0.999835 0.881995 0.0131983
497 0.999835 0.860956 0.0206708
498 0.999835 0.851294 0.026845
499 0.999835 0.851972 0.0252981
500 0.999835 0.872312 0.0234156
501 0.999835 0.87044 0.0188247
502 0.999835 0.87213 0.0198595
503 0.999835 0.851938 0.0244382
504 0.999835 0.853475 0.0289614
505 0.999835 0.860967 0.0198102
506 0.999835 0.842412 0.0199079
507 0.999835 0.863671 0.015419
508 0.999835 0.863007 0.0155537
509 0.999835 0.883247 0.0127625
510 0.999835 0.878488 0.0140249
511 0.999835 0.867413 0.0181892
512 0.999835 0.851831 0.0187273
513 0.999851 0.858105 0.018739
514 0.999851 0.856274 0.0212855
515 0.999851 0.878921 0.0176123
516 0.999851 0.877769 0.0163681
517 0.999851 0.887714 0.0142036
518 0.999851 0.894997 0.0146725
519 0.999851 0.895526 0.0161665
520 0.999851 0.885858 0.0160565
521 0.999851 0.875679 0.0194937
522 0.999851 0.857665 0.0200194
523 0.999851 0.852432 0.0253781
524 0.999851 0.84171 0.0273411
525 0.999851 0.855234 0.0258454
526 0.999851 0.851835 0.0286066
527 0.999851 0.838215 0.0268222
528 0.999851 0.843425 0.0234965
529 0.999851 0.848722 0.0236307
530 0.999851 0.846719 0.0236885
531 0.999851 0.836673 0.023959
532 0.999851 0.864936 0.0217526
533 0.999851 0.839517 0.0255459
534 0.999851 0.82211 0.0262991
535 0.999851 0.823443 0.0321395
536 0.999851 0.814744 0.0329128
537 0.999851 0.842195 0.0245534
538 0.999851 0.831435 0.0274405
539 0.999851 0.83633 0.0280384
540 0.999851 0.829771 0.0289168
541 0.999851 0.844836 0.0259697
542 0.999851 0.859009 0.0238307
543 0.999851 0.864419 0.0236451
544 0.999851 0.865008 0.0265651
545 0.999851 0.875876 0.0198548
546 0.999851 0.87239 0.0181464
547 0.999851 0.85314 0.0189038
548 0.999851 0.858238 0.0191411
549 0.999851 0.852072 0.0231334
550 0.999851 0.833915 0.0299773
551 0.999851 0.839955 0.0265682
552 0.999851 0.849381 0.0271814
553 0.999851 0.852749 0.0253399
554 0.999851 0.869722 0.0207234
555 0.999851 0.868944 0.0188621
556 0.999851 0.833049 0.0271007
557 0.999851 0.864888 0.021293
558 0.999851 0.874672 0.0192107
559 0.999851 0.874985 0.0189275
560 0.999851 0.858417 0.0205043
561 0.999851 0.860341 0.0234423
562 0.999851 0.859839 0.0236057
563 0.999851 0.861538 0.0235537
564 0.999851 0.860383 0.0186848
565 0.999851 0.852545 0.0208521
566 0.999851 0.837944 0.0266751
567 0.999851 0.818015 0.0333527
568 0.999851 0.812777 0.0298699
569 0.999851 0.853636 0.0213736
570 0.999851 0.865439 0.0220446
571 0.999851 0.865269 0.0198793
572 0.999851 0.87074 0.0176744
573 0.999851 0.869725 0.0168892
574 0.999851 0.857746 0.0209338
575 0.999851 0.878803 0.0191166
576 0.999851 0.87358 0.0184332
577 0.999851 0.861273 0.019919
578 0.999851 0.883353 0.0155972
579 0.999851 0.862749 0.0203126
580 0.999851 0.866891 0.0149496
581 0.999851 0.869804 0.0179655
582 0.999851 0.867184 0.019591
583 0.999851 0.874345 0.0196067
584 0.999851 0.863116 0.0199567
585 0.999851 0.824519 0.0241744
586 0.999851 0.833964 0.0248388
587 0.999851 0.834531 0.0279176
588 0.999851 0.83392 0.0237692
589 0.999851 0.847663 0.0175396
590 0.999851 0.854839 0.019916
591 0.999851 0.841 0.0240054
592 0.999851 0.871251 0.0173355
593 0.999851 0.864666 0.0174326
594 0.999851 0.85258 0.0244674
595 0.999851 0.863898 0.0253029
596 0.999851 0.884962 0.0188338
597 0.999851 0.881941 0.015617
598 0.999851 0.873473 0.0204863
599 0.999851 0.848513 0.0224097
600 0.999851 0.863327 0.0184003
601 0.999851 0.871526 0.0209362
602 0.999851 0.883074 0.018507
603 0.999851 0.848379 0.020771
604 0.999851 0.877265 0.0165498
605 0.999851 0.869786 0.0143769
606 0.999851 0.86803 0.0199363
607 0.999851 0.885503 0.0158312
608 0.999851 0.890333 0.0144801
609 0.999851 0.883053 0.0149827
610 0.999851 0.879949 0.0166129
611 0.999851 0.893663 0.0153483
612 0.999851 0.888258 0.0132294
613 0.999851 0.916776 0.00816196
614 0.999851 0.897692 0.0111166
615 0.999851 0.910046 0.00980902
616 0.999851 0.881414 0.0157291
617 0.999851 0.895768 0.0116182
618 0.999851 0.880526 0.0129766
619 0.999851 0.889199 0.0118228
620 0.999851 0.902408 0.00939848
621 0.999851 0.904646 0.00957113
622 0.999851 0.865494 0.0168922
623 0.999851 0.87482 0.0151336
624 0.999851 0.87626 0.0150599
625 0.999851 0.872316 0.0175548
626 0.999851 0.886018 0.0131397
627 0.999851 0.891405 0.0135258
628 0.999851 0.885936 0.0196995
629 0.999851 0.900968 0.016714
630 0.999851 0.901187 0.0148984
631 0.999851 0.881575 0.0220135
632 0.999851 0.874947 0.0209786
633 0.999851 0.879692 0.0214298
634 0.999851 0.860915 0.0236568
635 0.999851 0.86964 0.0212439
636 0.999851 0.856505 0.0228775
637 0.999851 0.853187 0.0241278
638 0.999851 0.856894 0.0211612
639 0.999851 0.860793 0.0219192
640 0.999851 0.852109 0.0194445
641 0.999851 0.848482 0.0183593
642 0.999851 0.869984 0.0175234
643 0.999851 0.88875 0.0117123
644 0.999851 0.888229 0.0139086
645 0.999851 0.890366 0.0137162
646 0.999851 0.909899 0.00961564
647 0.999851 0.907993 0.0130305
648 0.999851 0.900255 0.0137274
649 0.999851 0.888724 0.0163098
650 0.999851 0.86795 0.020313
651 0.999851 0.860209 0.022549
652 0.999851 0.894298 0.0120429
653 0.999851 0.897139 0.01379
654 0.999851 0.899515 0.0134432
655 0.999851 0.887834 0.0188627
656 0.999851 0.900967 0.0166281
657 0.999851 0.884283 0.0215505
658 0.999851 0.879577 0.0187556
659 0.999851 0.901553 0.0138301
660 0.999851 0.879776 0.013739
661 0.999851 0.881695 0.0121614
662 0.999851 0.898719 0.00968791
663 0.999851 0.898568 0.0105806
664 0.999851 0.897512 0.011863
665 0.999851 0.901664 0.0130981
666 0.999851 0.877278 0.0140473
667 0.999851 0.880393 0.0167105
668 0.999851 0.893143 0.0153747
669 0.999851 0.87547 0.0177149
670 0.999851 0.888402 0.0114318
671 0.999851 0.887573 0.0139624
672 0.999851 0.899905 0.012054
673 0.999851 0.901844 0.0111349
674 0.999851 0.892035 0.01412
675 0.999851 0.8866 0.0164998
676 0.999851 0.879066 0.0170052
677 0.999851 0.886302 0.021169
678 0.999851 0.884762 0.0204446
679 0.999851 0.889881 0.0170733
680 0.999851 0.887882 0.0157498
681 0.999851 0.904139 0.0105367
682 0.999851 0.890855 0.0119365
683 0.999851 0.873717 0.0195897
684 0.999851 0.872198 0.0221498
685 0.999851 0.875162 0.0190067
686 0.999851 0.880575 0.0182101
687 0.999851 0.852562 0.0221004
688 0.999851 0.871873 0.020609
689 0.999851 0.837206 0.0210102
690 0.999851 0.857566 0.0180326
691 0.999851 0.86007 0.0204691
692 0.999851 0.847724 0.0229841
693 0.999851 0.863486 0.0205599
694 0.999851 0.828598 0.0243776
695 0.999851 0.836496 0.0239612
696 0.999851 0.85968 0.0204843
697 0.999851 0.854113 0.0251866
698 0.999851 0.856187 0.0218759
699 0.999851 0.858024 0.022952
700 0.999851 0.867099 0.0188991
701 0.999851 0.884677 0.0200948
702 0.999851 0.888104 0.0170695
703 0.999851 0.881491 0.0174678
704 0.999851 0.879656 0.020925
705 0.999851 0.880265 0.0203476
706 0.999851 0.874505 0.0211333
707 0.999851 0.863598 0.0231106
708 0.999851 0.860927 0.0186412
709 0.999851 0.886915 0.0141289
710 0.999851 0.8781 0.0209633
711 0.999851 0.857859 0.0229007
712 0.999851 0.85662 0.02361
713 0.999851 0.856423 0.0224246
714 0.999851 0.85528 0.020604
715 0.999851 0.873878 0.0170459
716 0.999851 0.875394 0.0165263
717 0.999851 0.8785 0.0160339
718 0.999851 0.861312 0.019245
719 0.999851 0.869311 0.0172806
720 0.999851 0.867684 0.0186405
721 0.999851 0.870976 0.0173313
722 0.999851 0.878873 0.0157965
723 0.999851 0.891944 0.0157847
724 0.999851 0.855507 0.0217584
725 0.999851 0.846621 0.0264973
726 0.999851 0.831687 0.0272028
727 0.999851 0.851671 0.0274763
728 0.999851 0.856507 0.0242832
729 0.999851 0.855417 0.0241128
730 0.999851 0.899226 0.0145394
731 0.999851 0.89368 0.0130604
732 0.999851 0.886129 0.0192976
733 0.999851 0.87098 0.0223413
734 0.999851 0.868037 0.0224725
735 0.999851 0.858959 0.0220448
736 0.999851 0.892248 0.0130866
737 0.999851 0.876822 0.0209799
738 0.999851 0.865452 0.0203003
739 0.999851 0.854172 0.0205599
740 0.999851 0.864207 0.0206865
741 0.999851 0.863079 0.0231586
742 0.999851 0.860086 0.0204558
743 0.999851 0.881088 0.0200597
744 0.999851 0.876147 0.0211353
745 0.999851 0.87321 0.0206241
746 0.999851 0.88021 0.0145002
747 0.999851 0.859625 0.0162308
748 0.999851 0.872524 0.0162129
749 0.999851 0.859664 0.0169766
750 0.999851 0.876357 0.017178
751 0.999851 0.883634 0.0141306
752 0.999851 0.884649 0.0185071
753 0.999851 0.869502 0.0186549
754 0.999851 0.864315 0.0231497
755 0.999851 0.877278 0.0181457
756 0.999851 0.87181 0.017021
757 0.999851 0.858405 0.0182187
758 0.999851 0.86229 0.0225848
759 0.999851 0.878974 0.0219607
760 0.999851 0.878872 0.0181393
761 0.999851 0.857469 0.0249589
762 0.999851 0.841515 0.0235867
763 0.999851 0.852174 0.0213809
764 0.999851 0.863292 0.0196998
765 0.999851 0.892789 0.0177709
766 0.999851 0.901759 0.0140379
767 0.999851 0.891817 0.0141823
768 0.999851 0.904326 0.0115163
769 0.999851 0.886062 0.0192943
770 0.999851 0.881836 0.015356
771 0.999851 0.887931 0.0196611
772 0.999851 0.910168 0.00914207
773 0.999851 0.891874 0.0137548
774 0.999851 0.875067 0.0179508
775 0.999851 0.87588 0.0168173
776 0.999851 0.874636 0.015673
777 0.999851 0.878645 0.0153474
778 0.999851 0.882312 0.0205762
779 0.999851 0.875699 0.017936
780 0.999851 0.885487 0.0158752
781 0.999851 0.878569 0.0150425
782 0.999851 0.883142 0.0132569
783 0.999851 0.899462 0.0123038
784 0.999851 0.866374 0.0187514
785 0.999851 0.839457 0.0196879
786 0.999851 0.857719 0.0158568
787 0.999851 0.885552 0.0107961
788 0.999851 0.874101 0.0156101
789 0.999851 0.877166 0.0146828
790 0.999851 0.86719 0.0212946
791 0.999851 0.862827 0.0177017
792 0.999851 0.869804 0.015485
793 0.999851 0.851608 0.0189475
794 0.999851 0.873999 0.0163937
795 0.999851 0.858817 0.0222974
796 0.999851 0.861478 0.0232574
797 0.999851 0.847151 0.0286224
798 0.999851 0.839631 0.0237654
799 0.999851 0.860945 0.0213675
800 0.999851 0.865363 0.0193154
801 0.999851 0.879106 0.0179549
802 0.999851 0.870376 0.0178529
803 0.999851 0.882736 0.0147418
804 0.999851 0.904073 0.0106192
805 0.999851 0.901407 0.0144107
806 0.999851 0.874327 0.0173616
807 0.999851 0.848447 0.0239254
808 0.999851 0.846133 0.0242809
809 0.999851 0.837189 0.0273734
810 0.999851 0.850745 0.0224506
811 0.999851 0.840223 0.0231177
812 0.999851 0.861687 0.0173956
813 0.999851 0.840042 0.02305
814 0.999851 0.846794 0.0270086
815 0.999851 0.858453 0.0258887
816 0.999851 0.861183 0.0249567
817 0.999851 0.862475 0.023292
818 0.999851 0.843752 0.0255365
819 0.999851 0.860924 0.0235195
820 0.999851 0.861164 0.0186385
821 0.999851 0.859326 0.0204547
822 0.999851 0.851162 0.0248157
823 0.999851 0.852521 0.0220409
824 0.999851 0.867387 0.0197316
825 0.999851 0.875578 0.0192992
826 0.999851 0.871563 0.0170414
827 0.999851 0.85823 0.0236189
828 0.999851 0.858646 0.0226584
829 0.999851 0.851484 0.0219878
830 0.999851 0.843346 0.0195347
831 0.999851 0.854051 0.0230029
832 0.999851 0.855512 0.0217525
833 0.999851 0.856457 0.017783
834 0.999851 0.857727 0.0193304
835 0.999851 0.858469 0.0265274
836 0.999851 0.837018 0.0304737
837 0.999851 0.851022 0.0256587
838 0.999851 0.846116 0.0260885
839 0.999851 0.873825 0.0222076
840 0.999851 0.88083 0.023384
841 0.999851 0.867103 0.0241085
842 0.999851 0.872999 0.0231448
843 0.999851 0.847102 0.0276877
844 0.999851 0.827799 0.0298387
845 0.999851 0.838133 0.0233223
846 0.999851 0.856296 0.0201932
847 0.999851 0.869345 0.0183207
848 0.999851 0.864146 0.0197746
849 0.999851 0.867493 0.0228066
850 0.999851 0.87071 0.0236714
851 0.999851 0.843993 0.0269355
852 0.999851 0.849216 0.0271696
853 0.999851 0.836487 0.0283039
854 0.999851 0.810667 0.0328285
855 0.999851 0.813338 0.0295744
856 0.999851 0.837267 0.0249492
857 0.999851 0.861575 0.021954
858 0.999851 0.853797 0.0239623
859 0.999851 0.88038 0.0169888
860 0.999851 0.868769 0.021313
861 0.999851 0.838284 0.0242808
862 0.999851 0.818232 0.0319229
863 0.999851 0.844315 0.0258527
864 0.999851 0.864651 0.0237454
865 0.999851 0.868277 0.0222317
866 0.999851 0.875605 0.0192225
867 0.999851 0.857617 0.0242499
868 0.999851 0.844243 0.026334
869 0.999851 0.847927 0.0253047
870 0.999851 0.860829 0.017488
871 0.999851 0.839668 0.0224662
872 0.999851 0.855686 0.0216066
873 0.999851 0.866364 0.0233412
874 0.999851 0.880791 0.017012
875 0.999851 0.882508 0.0169868
876 0.999851 0.865539 0.0197862
877 0.999851 0.842341 0.0284094
878 0.999851 0.853022 0.025679
879 0.999851 0.854417 0.0174767
880 0.999851 0.870088 0.0193395
881 0.999851 0.880662 0.0139318
882 0.999851 0.85414 0.0221017
883 0.999851 0.866556 0.0178997
884 0.999851 0.866696 0.0201588
885 0.999851 0.883491 0.0154387
886 0.999851 0.893444 0.0111536
887 0.999851 0.891816 0.0126556
888 0.999851 0.894253 0.0129483
889 0.999851 0.878336 0.0187132
890 0.999851 0.870184 0.025444
891 0.999851 0.894943 0.0156384
892 0.999851 0.879047 0.019102
893 0.999851 0.909837 0.0124938
894 0.999851 0.904365 0.0113857
895 0.999851 0.900355 0.0135573
896 0.999851 0.862013 0.0163684
897 0.999851 0.865315 0.0213416
898 0.999851 0.852192 0.0244442
899 0.999851 0.85942 0.0212393
900 0.999851 0.855941 0.022689
901 0.999851 0.870034 0.0175177
902 0.999851 0.890352 0.014937
903 0.999851 0.879841 0.0158289
904 0.999851 0.884742 0.0146029
905 0.999851 0.88536 0.0137763
906 0.999851 0.873652 0.0178987
907 0.999851 0.887455 0.0156182
908 0.999851 0.891791 0.0122204
909 0.999851 0.891983 0.0137932
910 0.999851 0.880661 0.018612
911 0.999851 0.890666 0.0162058
912 0.999851 0.891767 0.0161687
913 0.999851 0.897386 0.0139492
914 0.999851 0.907966 0.00878305
915 0.999851 0.88534 0.0146078
916 0.999851 0.886085 0.0171146
917 0.999851 0.876855 0.0191203
918 0.999851 0.868083 0.0213826
919 0.999851 0.881387 0.0171373
920 0.999851 0.863384 0.0202624
921 0.999851 0.831534 0.0254305
922 0.999851 0.862786 0.0204577
923 0.999851 0.874031 0.0210009
924 0.999851 0.861799 0.0217486
925 0.999851 0.863167 0.0215972
926 0.999852 0.865496 0.0207405
927 0.999852 0.869687 0.0241433
928 0.999852 0.860285 0.0199472
929 0.999852 0.879312 0.0206269
930 0.999852 0.874829 0.0195023
931 0.999852 0.850562 0.024016
932 0.999852 0.849251 0.0234546
933 0.999852 0.845376 0.0254949
934 0.999852 0.840504 0.0239549
935 0.999852 0.85875 0.021602
936 0.999852 0.845407 0.020824
937 0.999852 0.833909 0.0264779
938 0.999852 0.839186 0.029189
939 0.999852 0.848496 0.027684
940 0.999852 0.851488 0.023353
941 0.999852 0.828141 0.0268311
942 0.999852 0.855151 0.0224926
943 0.999852 0.861461 0.0265145
944 0.999852 0.869561 0.0235057
945 0.999852 0.850186 0.0299498
946 0.999852 0.858529 0.0267306
947 0.999852 0.86511 0.0259025
948 0.999852 0.878051 0.0231582
949 0.999852 0.867508 0.0212176
950 0.999852 0.859324 0.0246177
951 0.999852 0.855709 0.0255568
952 0.999852 0.864879 0.0211068
953 0.999852 0.860637 0.019766
954 0.999852 0.842254 0.0279471
955 0.999855 0.842854 0.0230622
956 0.999855 0.84347 0.0244512
957 0.999855 0.845161 0.0271276
958 0.999855 0.854556 0.0209985
959 0.999855 0.848072 0.0223297
960 0.999855 0.852649 0.0220122
961 0.999855 0.850231 0.0208107
962 0.999855 0.852525 0.0218609
963 0.999855 0.857232 0.0199039
964 0.999855 0.848837 0.0239585
965 0.999855 0.8592 0.0208471
966 0.999855 0.857274 0.0228156
967 0.999855 0.872469 0.0211497
968 0.999855 0.875788 0.0148869
969 0.999855 0.867962 0.0170859
970 0.999855 0.870305 0.0182745
971 0.999855 0.885876 0.019921
972 0.999855 0.873914 0.0219976
973 0.999855 0.85725 0.0228761
974 0.999855 0.856859 0.0205786
975 0.999855 0.877238 0.0146197
976 0.999855 0.849702 0.0210802
977 0.999855 0.851406 0.0240944
978 0.999855 0.830648 0.0295153
979 0.999855 0.857247 0.0205755
980 0.999855 0.853843 0.0268374
981 0.999855 0.863018 0.0258985
982 0.999855 0.857266 0.0258257
983 0.999855 0.859671 0.0237999
984 0.999855 0.824396 0.0271778
985 0.999855 0.843393 0.0235371
986 0.999855 0.852133 0.0199985
987 0.999855 0.857088 0.0210845
988 0.999855 0.869295 0.0182625
989 0.999855 0.877173 0.0195984
990 0.999855 0.857843 0.0235918
991 0.999855 0.843828 0.0280493
992 0.999855 0.825512 0.029603
993 0.999855 0.862312 0.0240485
994 0.999855 0.868691 0.0190094
995 0.999855 0.864751 0.0190234
996 0.999855 0.867979 0.0188692
997 0.999855 0.870368 0.0206076
998 0.999855 0.879083 0.0206813
999 0.999855 0.868966 0.0198363
1000 0.999855 0.874661 0.0142743
