0 0.252097 0.249715 7.48739e-06
1 0.252543 0.249839 3.98236e-06
2 0.258819 0.249962 6.00441e-06
3 0.258819 0.250129 1.15318e-06
4 0.258819 0.249987 3.67382e-06
5 0.261771 0.25006 5.36682e-06
6 0.261771 0.250029 4.13641e-06
7 0.268804 0.250298 6.34707e-06
8 0.268804 0.250112 8.39508e-06
9 0.270916 0.250712 1.06694e-05
10 0.270916 0.250773 2.30401e-05
11 0.296893 0.250104 5.90609e-05
12 0.333067 0.252187 0.000107425
13 0.49655 0.254723 0.000762297
14 0.50874 0.256277 0.00143553
15 0.50874 0.256429 0.00135969
16 0.50874 0.256591 0.00139567
17 0.50874 0.257975 0.00150383
18 0.50874 0.257886 0.00164437
19 0.50874 0.258756 0.00199653
20 0.50874 0.256636 0.00151538
21 0.50874 0.256635 0.00157734
22 0.50874 0.255266 0.00138265
23 0.50874 0.25765 0.0019512
24 0.50874 0.258789 0.00191001
25 0.50874 0.255788 0.00145332
26 0.50874 0.256231 0.00145096
27 0.50874 0.26397 0.00293196
28 0.50874 0.259803 0.00227304
29 0.50874 0.259848 0.0020854
30 0.50874 0.257004 0.00141303
31 0.50874 0.258135 0.00158343
32 0.50874 0.257051 0.00147013
33 0.50874 0.258426 0.00169956
34 0.50874 0.259299 0.00205472
35 0.50874 0.258072 0.00168117
36 0.50874 0.259514 0.00187945
37 0.50874 0.256432 0.00141307
38 0.50874 0.257547 0.00173312
39 0.50874 0.259778 0.00188288
40 0.50874 0.258026 0.00155779
41 0.50874 0.256759 0.00156159
42 0.50874 0.262208 0.00208277
43 0.50874 0.26097 0.00236807
44 0.50874 0.261095 0.00186432
45 0.50874 0.260916 0.00212471
46 0.50874 0.257006 0.00148096
47 0.50874 0.259513 0.00177693
48 0.50874 0.259568 0.00150648
49 0.50874 0.262763 0.0020078
50 0.50874 0.265679 0.00255895
51 0.50874 0.268531 0.00266506
52 0.50874 0.268646 0.00319514
53 0.50874 0.267837 0.00266479
54 0.50874 0.263251 0.00205243
55 0.50874 0.267762 0.00295672
56 0.50874 0.266771 0.0026952
57 0.50874 0.264417 0.00253842
58 0.50874 0.264537 0.0028267
59 0.50874 0.265557 0.00296361
60 0.50874 0.272743 0.00300992
61 0.50874 0.263832 0.00234589
62 0.50874 0.261486 0.00185845
63 0.50874 0.262505 0.0020814
64 0.50874 0.260969 0.00216811
65 0.50874 0.261022 0.00250721
66 0.514236 0.266455 0.00319567
67 0.516709 0.268707 0.00369289
68 0.516709 0.268847 0.00304963
69 0.516709 0.264567 0.00234801
70 0.516709 0.263146 0.00269348
71 0.516709 0.263028 0.00310516
72 0.516709 0.264756 0.00267542
73 0.516709 0.264127 0.00268705
74 0.516709 0.262212 0.00284359
75 0.516709 0.258488 0.00251363
76 0.516709 0.258822 0.00179291
77 0.516709 0.267772 0.00254957
78 0.516709 0.267252 0.00309541
79 0.516709 0.27412 0.00372881
80 0.516709 0.274661 0.00410355
81 0.516709 0.270422 0.0032957
82 0.516709 0.266513 0.00275404
83 0.516709 0.264714 0.00286992
84 0.516709 0.268323 0.0025349
85 0.516709 0.268916 0.00308698
86 0.516709 0.262698 0.00218936
87 0.516709 0.267568 0.00286864
88 0.516709 0.267524 0.00326104
89 0.516709 0.264061 0.00224351
90 0.516709 0.25893 0.00168439
91 0.516709 0.262083 0.00182764
92 0.516709 0.267999 0.0031755
93 0.516709 0.271659 0.00323804
94 0.516709 0.26903 0.00253502
95 0.516709 0.272569 0.00291315
96 0.516709 0.27374 0.0029036
97 0.516709 0.268885 0.00301042
98 0.516709 0.266573 0.00254594
99 0.516709 0.270789 0.00322681
100 0.516709 0.265174 0.00237932
101 0.516709 0.267882 0.00223723
102 0.527582 0.274077 0.00433343
103 0.527582 0.259564 0.00205174
104 0.527582 0.268488 0.00232782
105 0.527582 0.26983 0.00282599
106 0.527582 0.267694 0.00225757
107 0.527582 0.268429 0.00251003
108 0.527582 0.271143 0.00299521
109 0.527582 0.267544 0.0023435
110 0.527582 0.270043 0.00286495
111 0.527582 0.269117 0.0026806
112 0.529116 0.268061 0.00299964
113 0.529116 0.27191 0.00314585
114 0.529116 0.267572 0.00277765
115 0.529116 0.276122 0.00323682
116 0.529116 0.271552 0.00319616
117 0.529116 0.268416 0.00262486
118 0.529116 0.266542 0.00319861
119 0.529116 0.260769 0.00197635
120 0.529972 0.266943 0.00275879
121 0.529972 0.266098 0.00306319
122 0.529972 0.269218 0.00279673
123 0.529972 0.267427 0.00223037
124 0.529972 0.267507 0.00216624
125 0.529972 0.270321 0.00297525
126 0.529972 0.265093 0.00225448
127 0.529972 0.272826 0.00351512
128 0.529972 0.275258 0.00401627
129 0.529972 0.272507 0.00338934
130 0.529972 0.269137 0.0031386
131 0.529972 0.267073 0.00280459
132 0.529972 0.260246 0.00175056
133 0.529972 0.264937 0.00205635
134 0.529972 0.271812 0.00345814
135 0.529972 0.271025 0.00268364
136 0.529972 0.271222 0.00320952
137 0.529972 0.274495 0.00391065
138 0.529972 0.274363 0.00379591
139 0.529972 0.273191 0.00344207
140 0.529972 0.265671 0.00255063
141 0.529972 0.268149 0.00298756
142 0.529972 0.273269 0.00420717
143 0.533625 0.275113 0.00418777
144 0.533625 0.271258 0.00265946
145 0.533625 0.278917 0.00362238
146 0.533625 0.27803 0.00358254
147 0.533625 0.283907 0.0046065
148 0.533625 0.274483 0.00314582
149 0.533625 0.276903 0.00375458
150 0.533625 0.273319 0.00344048
151 0.533625 0.271058 0.00326684
152 0.533625 0.274367 0.00348014
153 0.533625 0.270048 0.00284562
154 0.533625 0.274496 0.00343202
155 0.533625 0.277742 0.00416688
156 0.533625 0.271251 0.00331473
157 0.533625 0.271393 0.00330224
158 0.533625 0.274704 0.00325891
159 0.533625 0.279358 0.00386593
160 0.533625 0.269527 0.00277807
161 0.533625 0.269705 0.00318853
162 0.533625 0.276273 0.0041484
163 0.533625 0.276953 0.00431579
164 0.542716 0.282484 0.00519727
165 0.542716 0.279471 0.00404863
166 0.542716 0.277062 0.00376196
167 0.542716 0.279692 0.00355774
168 0.542716 0.285413 0.00506549
169 0.542716 0.282153 0.00433024
170 0.542716 0.275674 0.00360104
171 0.542716 0.278373 0.00420021
172 0.542716 0.290667 0.00579158
173 0.542716 0.274733 0.00319945
174 0.542716 0.273332 0.00368465
175 0.542716 0.282782 0.0046422
176 0.542716 0.284687 0.00440515
177 0.542716 0.295127 0.00535971
178 0.542716 0.285916 0.00419345
179 0.542716 0.284744 0.00380801
180 0.542716 0.291951 0.00559138
181 0.542716 0.282284 0.00321985
182 0.542716 0.279007 0.00340533
183 0.542716 0.280135 0.00405625
184 0.542716 0.279864 0.00401121
185 0.542716 0.283331 0.00452845
186 0.542716 0.278032 0.00430416
187 0.542716 0.278544 0.00473973
188 0.542716 0.280923 0.00443773
189 0.542716 0.279554 0.00405816
190 0.542716 0.274154 0.00351522
191 0.542716 0.280435 0.0038834
192 0.542716 0.28078 0.00399674
193 0.542716 0.286791 0.00456607
194 0.542716 0.284126 0.0044589
195 0.542716 0.290309 0.00603531
196 0.542716 0.27908 0.00407862
197 0.542716 0.279696 0.00423628
198 0.542716 0.275379 0.00305852
199 0.542716 0.280918 0.00482133
200 0.542716 0.282654 0.00508054
201 0.542716 0.275437 0.00384895
202 0.542716 0.278053 0.00399935
203 0.542716 0.278608 0.00402159
204 0.542716 0.275447 0.00351614
205 0.542716 0.282659 0.004813
206 0.542716 0.270873 0.00269946
207 0.542716 0.273406 0.00328456
208 0.542716 0.275683 0.00363712
209 0.542716 0.28676 0.00510852
210 0.542716 0.28649 0.00460582
211 0.542716 0.27745 0.00384356
212 0.542716 0.274038 0.00295496
213 0.542716 0.278689 0.00344884
214 0.542716 0.275959 0.00370378
215 0.542716 0.271436 0.00267752
216 0.542716 0.27316 0.00301048
217 0.542716 0.279293 0.00410372
218 0.542716 0.287987 0.00629422
219 0.542716 0.287765 0.00522969
220 0.542716 0.288269 0.00548487
221 0.542716 0.285276 0.00439535
222 0.542716 0.292858 0.0054694
223 0.542716 0.28966 0.00500045
224 0.542716 0.289895 0.00524712
225 0.542716 0.289194 0.00555596
226 0.542716 0.280729 0.00444306
227 0.542716 0.273238 0.00304138
228 0.542716 0.276616 0.00320736
229 0.542716 0.287618 0.00571606
230 0.542716 0.283759 0.00413716
231 0.542716 0.274203 0.00319091
232 0.542716 0.275381 0.00406566
233 0.542716 0.270025 0.00326062
234 0.542716 0.273457 0.0036337
235 0.542716 0.280002 0.00551058
236 0.542716 0.272834 0.0040893
237 0.542716 0.271187 0.00327917
238 0.545237 0.282484 0.00593891
239 0.545237 0.280576 0.00476146
240 0.545237 0.279124 0.00462915
241 0.545237 0.292834 0.00670357
242 0.552105 0.287624 0.00556337
243 0.552105 0.279822 0.00520341
244 0.552105 0.279652 0.00478555
245 0.552105 0.284479 0.00497847
246 0.552229 0.288058 0.0060384
247 0.552229 0.277401 0.00460569
248 0.552229 0.288048 0.00611732
249 0.552229 0.288169 0.00593631
250 0.552229 0.290191 0.00620106
251 0.552487 0.28898 0.0053594
252 0.552487 0.291384 0.00603135
253 0.552487 0.293042 0.00707779
254 0.552487 0.281623 0.00446414
255 0.552487 0.278565 0.00477608
256 0.552487 0.284548 0.00460642
257 0.552487 0.280151 0.0035736
258 0.552487 0.286212 0.00471568
259 0.552487 0.289979 0.00501433
260 0.552487 0.290435 0.00574579
261 0.552487 0.282364 0.0050024
262 0.552487 0.280617 0.00475529
263 0.552487 0.285171 0.00573436
264 0.552487 0.291741 0.00605154
265 0.552487 0.276974 0.00414398
266 0.552487 0.281513 0.00448649
267 0.552487 0.282112 0.00452934
268 0.552487 0.278826 0.00401522
269 0.552487 0.280086 0.00457189
270 0.552487 0.279048 0.0039914
271 0.552487 0.279759 0.00401466
272 0.552487 0.280355 0.00458425
273 0.552487 0.281347 0.00443204
274 0.552487 0.28503 0.00556234
275 0.552487 0.291022 0.00664878
276 0.552487 0.284339 0.00513495
277 0.552487 0.273997 0.00361126
278 0.552487 0.281431 0.00375267
279 0.552487 0.280428 0.00438178
280 0.552487 0.273085 0.00305979
281 0.552487 0.280944 0.00476187
282 0.552487 0.276639 0.00407449
283 0.552487 0.282101 0.00447331
284 0.552487 0.281177 0.00479162
285 0.552487 0.278141 0.00348635
286 0.552487 0.28623 0.00532025
287 0.552487 0.281704 0.00513213
288 0.552487 0.277412 0.00333384
289 0.552487 0.283393 0.00452159
290 0.552487 0.275328 0.00313412
291 0.552487 0.284018 0.0049287
292 0.552487 0.285588 0.00611503
293 0.552487 0.289259 0.00579819
294 0.552487 0.294323 0.00622129
295 0.552487 0.278107 0.00355771
296 0.552487 0.285403 0.00461042
297 0.552487 0.290764 0.0054484
298 0.552487 0.29129 0.00627595
299 0.552487 0.290843 0.00577248
300 0.552487 0.290311 0.00575496
301 0.552487 0.279381 0.00404156
302 0.552487 0.272014 0.00285221
303 0.552487 0.281013 0.00414256
304 0.552487 0.279629 0.00412432
305 0.552487 0.274898 0.00381269
306 0.552487 0.275998 0.00354009
307 0.552487 0.277175 0.0039246
308 0.552487 0.278799 0.00422696
309 0.552487 0.282685 0.00479175
310 0.552487 0.287445 0.00590719
311 0.552487 0.294537 0.00634331
312 0.552487 0.280319 0.0043039
313 0.552487 0.278544 0.00382707
314 0.552487 0.292625 0.00580736
315 0.552487 0.284319 0.00460585
316 0.552487 0.284803 0.00389306
317 0.552487 0.284269 0.00461646
318 0.552487 0.284621 0.00482887
319 0.552487 0.278034 0.00382488
320 0.552487 0.284566 0.00457184
321 0.552487 0.284583 0.00452901
322 0.552487 0.28639 0.00505623
323 0.552487 0.272277 0.00310306
324 0.552487 0.280146 0.00395128
325 0.552487 0.277632 0.00363389
326 0.552487 0.27639 0.00309746
327 0.552487 0.285231 0.00510782
328 0.552487 0.288927 0.00532791
329 0.552487 0.286597 0.00494313
330 0.552487 0.282858 0.00450084
331 0.552487 0.286918 0.00528428
332 0.552487 0.287262 0.00533267
333 0.552487 0.286732 0.00524571
334 0.552487 0.281865 0.00442992
335 0.552487 0.292872 0.00663309
336 0.552487 0.299303 0.00703628
337 0.552487 0.286892 0.00448478
338 0.552487 0.29244 0.00528994
339 0.552487 0.28785 0.00442438
340 0.552487 0.29615 0.00580997
341 0.552487 0.29551 0.00647393
342 0.552487 0.282163 0.00483143
343 0.552487 0.277331 0.00390601
344 0.552487 0.28177 0.00393959
345 0.552487 0.281249 0.00425709
346 0.552487 0.283829 0.00532152
347 0.552487 0.28424 0.00474447
348 0.552487 0.282505 0.00480261
349 0.552487 0.273902 0.00340118
350 0.552487 0.277906 0.00401151
351 0.552487 0.284124 0.00488223
352 0.552487 0.28355 0.00512938
353 0.552487 0.285896 0.00517046
354 0.552487 0.295482 0.00631873
355 0.552487 0.300177 0.00696839
356 0.552487 0.30014 0.00592162
357 0.552487 0.296958 0.00575972
358 0.552487 0.303889 0.00681202
359 0.552487 0.305458 0.00855144
360 0.552487 0.295297 0.00603061
361 0.552487 0.291384 0.00522423
362 0.552487 0.293825 0.00616892
363 0.552487 0.290473 0.00612208
364 0.552487 0.281537 0.00508383
365 0.552487 0.283491 0.00468369
366 0.552487 0.286896 0.00559391
367 0.552487 0.289327 0.00581791
368 0.552487 0.295047 0.00622633
369 0.552487 0.296929 0.00598655
370 0.552487 0.294611 0.00630103
371 0.552487 0.297067 0.00680011
372 0.552487 0.303196 0.0065674
373 0.552487 0.301318 0.0062549
374 0.552487 0.310298 0.00690686
375 0.552487 0.299955 0.00654018
376 0.552487 0.293304 0.00462549
377 0.552487 0.292249 0.00523382
378 0.552487 0.292169 0.00465632
379 0.552487 0.285281 0.00467371
380 0.552487 0.28939 0.00608354
381 0.552487 0.287879 0.00519866
382 0.552487 0.285626 0.00518144
383 0.552487 0.287533 0.00589197
384 0.552487 0.283395 0.00513225
385 0.552487 0.293296 0.00631296
386 0.552487 0.282547 0.00448143
387 0.552487 0.28807 0.0052497
388 0.552487 0.282872 0.00420228
389 0.552487 0.291249 0.00547683
390 0.552487 0.290828 0.00560597
391 0.552487 0.290765 0.00581904
392 0.552487 0.289216 0.00609635
393 0.552487 0.299127 0.00668516
394 0.552487 0.283446 0.00487904
395 0.552487 0.288561 0.00494843
396 0.552487 0.280397 0.00335506
397 0.552487 0.281367 0.0047582
398 0.552487 0.286733 0.00517229
399 0.552487 0.285645 0.00482025
400 0.552487 0.287015 0.00476586
401 0.553343 0.289527 0.00618791
402 0.553343 0.285568 0.00500145
403 0.553343 0.288688 0.00576899
404 0.553343 0.286645 0.00480823
405 0.553343 0.289194 0.00587469
406 0.553343 0.288261 0.0056455
407 0.553343 0.291138 0.00595066
408 0.553343 0.292079 0.0057634
409 0.553343 0.288185 0.00547229
410 0.553343 0.290092 0.00585512
411 0.553343 0.284379 0.00478514
412 0.553343 0.28558 0.00519666
413 0.553343 0.291136 0.00586539
414 0.553343 0.283998 0.00476324
415 0.553343 0.287587 0.00524929
416 0.553343 0.287974 0.00533477
417 0.553343 0.279912 0.00370334
418 0.553343 0.275158 0.00322869
419 0.553343 0.281141 0.00476492
420 0.553343 0.285386 0.00528438
421 0.553343 0.280443 0.00470832
422 0.553343 0.286289 0.00558093
423 0.553343 0.276706 0.00360083
424 0.553343 0.284465 0.00475227
425 0.553343 0.284684 0.00474764
426 0.553343 0.284784 0.00395142
427 0.553343 0.286424 0.00483058
428 0.553343 0.28939 0.0061408
429 0.554054 0.279295 0.00565473
430 0.554054 0.287685 0.00579294
431 0.554054 0.28778 0.00598324
432 0.554054 0.291214 0.00549122
433 0.554054 0.298076 0.00737542
434 0.554054 0.29698 0.00654402
435 0.554054 0.289078 0.00564987
436 0.554054 0.281473 0.00425734
437 0.554054 0.285254 0.0054048
438 0.554054 0.283414 0.00595271
439 0.554054 0.289948 0.00587818
440 0.554054 0.291836 0.00518682
441 0.554054 0.288724 0.00451539
442 0.554054 0.288883 0.00496032
443 0.554054 0.276149 0.00383539
444 0.554054 0.274329 0.00354868
445 0.554054 0.281102 0.00514272
446 0.554054 0.280105 0.00444068
447 0.554054 0.284129 0.00453539
448 0.554054 0.287365 0.00482016
449 0.554054 0.287212 0.00578821
450 0.554054 0.283946 0.00468357
451 0.554054 0.271369 0.00289158
452 0.554054 0.278903 0.00465886
453 0.554054 0.278184 0.00346413
454 0.554054 0.276558 0.00387634
455 0.55967 0.278556 0.00408184
456 0.55967 0.27908 0.00351979
457 0.55967 0.283295 0.00444699
458 0.55967 0.285958 0.00497165
459 0.55967 0.288153 0.00559757
460 0.55967 0.279052 0.00442341
461 0.55967 0.286632 0.00463222
462 0.55967 0.280066 0.00342482
463 0.55967 0.286662 0.00439981
464 0.55967 0.29394 0.00625148
465 0.55967 0.294329 0.00538564
466 0.55967 0.286132 0.00401176
467 0.55967 0.288457 0.00470154
468 0.55967 0.294699 0.00536373
469 0.55967 0.294753 0.00642492
470 0.55967 0.286434 0.0049089
471 0.55967 0.294624 0.00636618
472 0.55967 0.301291 0.00623488
473 0.55967 0.298513 0.00715904
474 0.562046 0.292944 0.00590103
475 0.562046 0.299292 0.00623948
476 0.562046 0.288419 0.00446364
477 0.562046 0.288665 0.00458069
478 0.562046 0.298784 0.00612697
479 0.562046 0.291607 0.00513905
480 0.562046 0.283063 0.00422572
481 0.562046 0.290969 0.00522718
482 0.562046 0.29667 0.00620789
483 0.562046 0.295151 0.00576541
484 0.562046 0.293388 0.00598522
485 0.562046 0.288611 0.00396293
486 0.562046 0.283711 0.00433852
487 0.562046 0.284345 0.0043116
488 0.562046 0.290792 0.00574511
489 0.562046 0.297304 0.00625102
490 0.562046 0.301044 0.00687811
491 0.562046 0.299079 0.00619154
492 0.562046 0.300147 0.00595628
493 0.562046 0.285427 0.00423297
494 0.562046 0.287283 0.00487557
495 0.562046 0.288342 0.00536469
496 0.562046 0.285876 0.00385169
497 0.562046 0.285215 0.00376398
498 0.562046 0.293841 0.00504777
499 0.562046 0.294879 0.00537951
500 0.562046 0.293549 0.00537498
501 0.562046 0.298082 0.00589319
502 0.562046 0.297342 0.00671708
503 0.562046 0.293979 0.00580969
504 0.562046 0.297465 0.00628254
505 0.562046 0.294223 0.00582264
506 0.562046 0.290196 0.0044413
507 0.562046 0.286249 0.00408879
508 0.562046 0.292102 0.00443898
509 0.562046 0.294661 0.00493927
510 0.562046 0.286818 0.00445322
511 0.562046 0.302696 0.00660452
512 0.562046 0.294888 0.00544888
513 0.562046 0.289869 0.00403694
514 0.562046 0.290356 0.00408189
515 0.562046 0.290854 0.00507031
516 0.562046 0.289785 0.00508907
517 0.562046 0.285625 0.00423129
518 0.562046 0.287184 0.00442331
519 0.562046 0.283427 0.00449844
520 0.562046 0.283023 0.00444024
521 0.562046 0.281462 0.00387079
522 0.562046 0.288401 0.0045962
523 0.562046 0.310563 0.00684623
524 0.562046 0.304025 0.00610868
525 0.562046 0.303725 0.00600697
526 0.562046 0.290695 0.00434409
527 0.562046 0.297799 0.00626116
528 0.562046 0.291054 0.00451561
529 0.562046 0.29896 0.0056377
530 0.562046 0.295104 0.00452586
531 0.562046 0.29383 0.0052038
532 0.562046 0.29098 0.00561439
533 0.562046 0.297029 0.0060511
534 0.562046 0.291059 0.0042551
535 0.562046 0.297918 0.00558202
536 0.562046 0.292728 0.00503715
537 0.562046 0.293091 0.00482868
538 0.562046 0.299325 0.00575754
539 0.562046 0.292068 0.0047677
540 0.562046 0.292743 0.00504479
541 0.562046 0.290401 0.00481504
542 0.562046 0.29369 0.00552659
543 0.562046 0.294477 0.00427915
544 0.562046 0.294857 0.00497028
545 0.562046 0.293932 0.00510393
546 0.562046 0.299984 0.00559361
547 0.562046 0.29742 0.00492651
548 0.562046 0.30187 0.00551408
549 0.562046 0.291294 0.00463329
550 0.562046 0.294232 0.00547664
551 0.562046 0.294445 0.00509961
552 0.562046 0.300008 0.00579953
553 0.562046 0.295495 0.0047741
554 0.562046 0.302126 0.00525924
555 0.562046 0.287267 0.00381372
556 0.562046 0.29321 0.00537861
557 0.562046 0.302169 0.00601214
558 0.564983 0.296305 0.00536635
559 0.564983 0.295289 0.00425248
560 0.564983 0.303554 0.00611089
561 0.564983 0.295399 0.00538086
562 0.564983 0.299169 0.00549869
563 0.564983 0.295703 0.00525489
564 0.564983 0.299238 0.00644361
565 0.564983 0.293447 0.00557038
566 0.564983 0.277861 0.0034285
567 0.564983 0.278548 0.00322116
568 0.564983 0.282358 0.00430625
569 0.564983 0.278678 0.00353707
570 0.564983 0.284723 0.00509085
571 0.564983 0.28301 0.00493664
572 0.564983 0.282815 0.00417393
573 0.564983 0.28934 0.00491445
574 0.564983 0.287385 0.00468067
575 0.564983 0.28251 0.00419877
576 0.564983 0.282208 0.00434002
577 0.564983 0.284273 0.00488524
578 0.564983 0.284806 0.00467018
579 0.564983 0.281874 0.00333936
580 0.564983 0.281711 0.00417034
581 0.564983 0.282085 0.00477221
582 0.564983 0.28243 0.00472467
583 0.564983 0.289152 0.00506932
584 0.564983 0.293686 0.00576561
585 0.564983 0.286625 0.00425633
586 0.564983 0.284974 0.00406956
587 0.564983 0.284524 0.00417251
588 0.564983 0.291319 0.00446458
589 0.564983 0.297822 0.00557128
590 0.564983 0.293995 0.00500973
591 0.564983 0.288021 0.00465694
592 0.564983 0.284746 0.00393877
593 0.564983 0.287409 0.00394312
594 0.564983 0.285197 0.00401135
595 0.564983 0.297156 0.00577082
596 0.564983 0.29807 0.00611162
597 0.564983 0.287253 0.00400775
598 0.564983 0.295578 0.00550275
599 0.564983 0.288775 0.00463403
600 0.564983 0.293749 0.00556587
601 0.564983 0.286326 0.00487453
602 0.564983 0.287218 0.00393557
603 0.564983 0.279841 0.00340353
604 0.564983 0.287403 0.00401178
605 0.564983 0.275897 0.00338184
606 0.564983 0.286496 0.00507422
607 0.564983 0.27972 0.00387188
608 0.564983 0.288991 0.00557227
609 0.564983 0.289057 0.00479268
610 0.564983 0.293823 0.00516935
611 0.564983 0.284541 0.00480524
612 0.564983 0.286952 0.00431955
613 0.564983 0.28778 0.00494411
614 0.564983 0.286126 0.00533456
615 0.564983 0.287024 0.00583934
616 0.564983 0.287231 0.0049641
617 0.564983 0.286161 0.00505467
618 0.564983 0.290368 0.00559355
619 0.564983 0.28542 0.0047086
620 0.564983 0.286797 0.00461809
621 0.564983 0.279188 0.00376079
622 0.564983 0.28867 0.00547211
623 0.564983 0.287282 0.00490996
624 0.564983 0.289131 0.00525418
625 0.564983 0.293391 0.00555689
626 0.564983 0.293267 0.00586184
627 0.564983 0.294237 0.00575389
628 0.564983 0.284661 0.00412999
629 0.564983 0.284516 0.0043307
630 0.564983 0.292586 0.00524698
631 0.564983 0.283669 0.0036722
632 0.564983 0.284417 0.00452256
633 0.564983 0.282326 0.00437828
634 0.564983 0.278109 0.00303715
635 0.564983 0.280215 0.00448058
636 0.564983 0.282149 0.00350378
637 0.564983 0.287612 0.00530544
638 0.564983 0.283855 0.00425997
639 0.564983 0.28136 0.0038122
640 0.564983 0.278043 0.00401705
641 0.564983 0.278532 0.00403288
642 0.564983 0.278123 0.00394686
643 0.564983 0.280742 0.00407962
644 0.564983 0.284961 0.00480044
645 0.564983 0.290899 0.00592905
646 0.564983 0.294699 0.00632921
647 0.564983 0.289447 0.00535548
648 0.564983 0.283332 0.00548503
649 0.564983 0.280896 0.00436056
650 0.564983 0.283552 0.00495285
651 0.564983 0.28345 0.00424304
652 0.564983 0.284854 0.0050915
653 0.564983 0.276451 0.00386214
654 0.564983 0.291027 0.00614428
655 0.564983 0.296882 0.00691088
656 0.564983 0.294882 0.00592744
657 0.564983 0.283667 0.00458229
658 0.564983 0.283801 0.00492879
659 0.564983 0.286846 0.00484067
660 0.564983 0.28735 0.00490603
661 0.564983 0.289921 0.00532735
662 0.564983 0.284546 0.00469031
663 0.564983 0.282944 0.00444744
664 0.564983 0.287935 0.00490731
665 0.564983 0.281216 0.00424702
666 0.564983 0.272238 0.00297015
667 0.564983 0.282167 0.00508792
668 0.564983 0.28381 0.00483793
669 0.564983 0.282628 0.00457074
670 0.564983 0.284754 0.00556231
671 0.564983 0.274272 0.00302832
672 0.564983 0.286769 0.0053182
673 0.564983 0.289464 0.00503668
674 0.564983 0.284697 0.00524008
675 0.564983 0.279112 0.00370459
676 0.564983 0.278037 0.00366073
677 0.564983 0.281262 0.00379661
678 0.564983 0.284463 0.00427264
679 0.564983 0.28998 0.00605553
680 0.564983 0.292748 0.00600223
681 0.564983 0.288953 0.00539636
682 0.564983 0.283265 0.00492556
683 0.564983 0.285822 0.00437426
684 0.564983 0.277894 0.00320004
685 0.564983 0.287298 0.00519307
686 0.564983 0.288528 0.00556589
687 0.564983 0.282825 0.00404366
688 0.564983 0.292583 0.0066905
689 0.564983 0.302492 0.00679787
690 0.564983 0.298628 0.0056679
691 0.564983 0.290641 0.00447788
692 0.564983 0.285363 0.00432628
693 0.564983 0.290278 0.00513318
694 0.564983 0.29212 0.00544193
695 0.564983 0.290557 0.00556265
696 0.564983 0.297055 0.00669119
697 0.564983 0.278996 0.00369399
698 0.564983 0.28481 0.0048026
699 0.564983 0.291318 0.00486574
700 0.564983 0.28259 0.00503174
701 0.564983 0.287279 0.00460698
702 0.564983 0.286953 0.00473464
703 0.564983 0.287074 0.00524656
704 0.564983 0.287779 0.00473658
705 0.564983 0.288237 0.00571066
706 0.564983 0.287422 0.00430521
707 0.564983 0.284695 0.00434746
708 0.564983 0.28829 0.00488879
709 0.564983 0.277851 0.0038397
710 0.564983 0.282151 0.0039304
711 0.564983 0.28292 0.00444661
712 0.564983 0.29671 0.00711505
713 0.564983 0.292917 0.00650973
714 0.564983 0.281276 0.00448712
715 0.564983 0.282805 0.00425101
716 0.564983 0.294726 0.0067373
717 0.564983 0.287279 0.00579343
718 0.564983 0.283319 0.00475636
719 0.564983 0.284972 0.00444596
720 0.564983 0.274429 0.00308777
721 0.564983 0.281566 0.00458972
722 0.564983 0.283238 0.00474007
723 0.564983 0.279886 0.00493561
724 0.564983 0.281237 0.00520168
725 0.564983 0.284245 0.00564013
726 0.564983 0.292078 0.00581211
727 0.564983 0.292037 0.00589374
728 0.564983 0.294738 0.0062333
729 0.564983 0.289319 0.00544802
730 0.564983 0.283625 0.00556238
731 0.564983 0.288525 0.00548561
732 0.564983 0.282354 0.00451771
733 0.564983 0.277604 0.00394926
734 0.564983 0.275419 0.00351343
735 0.564983 0.282934 0.00481372
736 0.564983 0.281556 0.00426781
737 0.564983 0.282207 0.00472522
738 0.564983 0.281339 0.00463148
739 0.564983 0.275931 0.00377693
740 0.564983 0.275218 0.0036637
741 0.564983 0.276662 0.00445053
742 0.564983 0.279066 0.00481865
743 0.564983 0.278492 0.00432616
744 0.564983 0.282227 0.00483522
745 0.564983 0.283071 0.00486827
746 0.564983 0.278553 0.00510105
747 0.564983 0.273557 0.00369361
748 0.564983 0.276688 0.00427348
749 0.564983 0.278262 0.00543853
750 0.564983 0.280915 0.00543531
751 0.564983 0.277192 0.00478909
752 0.564983 0.284522 0.00648543
753 0.564983 0.281531 0.00525896
754 0.564983 0.271661 0.00321981
755 0.564983 0.271432 0.00363645
756 0.564983 0.277366 0.00414507
757 0.564983 0.282212 0.00482471
758 0.564983 0.283986 0.00550987
759 0.564983 0.272201 0.00312471
760 0.564983 0.2745 0.00481363
761 0.564983 0.277662 0.00435591
762 0.564983 0.278845 0.00449342
763 0.564983 0.273893 0.00401
764 0.564983 0.281231 0.00451015
765 0.564983 0.275774 0.00391638
766 0.564983 0.282135 0.00475438
767 0.564983 0.28895 0.00604043
768 0.564983 0.283594 0.00526253
769 0.564983 0.27476 0.00324279
770 0.564983 0.283918 0.00488898
771 0.564983 0.285146 0.0052614
772 0.564983 0.279315 0.00450701
773 0.564983 0.2754 0.00354566
774 0.564983 0.278756 0.00390366
775 0.564983 0.28662 0.00506889
776 0.564983 0.282574 0.00451558
777 0.564983 0.28596 0.00600726
778 0.564983 0.282043 0.00444926
779 0.564983 0.28335 0.00514459
780 0.564983 0.286565 0.00556289
781 0.564983 0.283013 0.00568178
782 0.564983 0.286194 0.00634629
783 0.564983 0.290902 0.00612989
784 0.564983 0.287065 0.00557437
785 0.564983 0.282045 0.00545917
786 0.564983 0.290001 0.00658714
787 0.564983 0.290457 0.00656281
788 0.564983 0.271968 0.00259556
789 0.564983 0.279028 0.00434332
790 0.564983 0.283316 0.00541469
791 0.564983 0.276352 0.00396314
792 0.564983 0.286179 0.00493877
793 0.564983 0.286219 0.00570333
794 0.564983 0.282644 0.00544709
795 0.564983 0.277262 0.00402894
796 0.564983 0.282623 0.00423355
797 0.564983 0.280368 0.00408903
798 0.564983 0.286042 0.00512446
799 0.564983 0.286549 0.00545733
800 0.564983 0.284927 0.00560166
801 0.564983 0.288419 0.00543669
802 0.564983 0.297526 0.0071482
803 0.564983 0.297068 0.00609727
804 0.564983 0.299031 0.00672938
805 0.564983 0.295798 0.00481269
806 0.564983 0.28764 0.00471411
807 0.564983 0.292633 0.00477647
808 0.564983 0.288309 0.00423139
809 0.564983 0.288894 0.00423279
810 0.564983 0.284601 0.00416207
811 0.564983 0.285847 0.00460708
812 0.564983 0.280372 0.00437339
813 0.564983 0.291134 0.00573871
814 0.564983 0.286119 0.00440428
815 0.564983 0.291751 0.00467473
816 0.564983 0.287026 0.0039667
817 0.564983 0.287023 0.00459101
818 0.564983 0.283276 0.00441317
819 0.564983 0.28378 0.00430989
820 0.564983 0.277397 0.00320605
821 0.564983 0.276852 0.00330119
822 0.564983 0.280257 0.00423001
823 0.564983 0.289068 0.00481837
824 0.564983 0.285596 0.00419957
825 0.564983 0.288204 0.00517901
826 0.564983 0.281912 0.00390354
827 0.564983 0.289878 0.00533671
828 0.564983 0.298669 0.00658872
829 0.564983 0.28406 0.00439382
830 0.564983 0.286387 0.00449106
831 0.564983 0.288777 0.00421872
832 0.564983 0.300628 0.00581344
833 0.564983 0.292021 0.00546765
834 0.564983 0.286371 0.00470026
835 0.564983 0.284961 0.00454167
836 0.564983 0.293237 0.00613436
837 0.564983 0.293545 0.00466738
838 0.564983 0.288976 0.00530319
839 0.564983 0.2877 0.00451546
840 0.564983 0.286972 0.00402088
841 0.564983 0.288032 0.00455108
842 0.564983 0.284427 0.00381608
843 0.564983 0.28891 0.00424836
844 0.564983 0.304974 0.00754522
845 0.564983 0.29446 0.00526222
846 0.564983 0.295325 0.00659519
847 0.564983 0.292634 0.00524403
848 0.564983 0.294885 0.00466455
849 0.564983 0.292682 0.0047776
850 0.564983 0.290557 0.00499223
851 0.564983 0.299248 0.0062585
852 0.564983 0.291546 0.00513461
853 0.564983 0.286035 0.00393662
854 0.564983 0.285531 0.00465423
855 0.564983 0.289267 0.00589677
856 0.564983 0.292566 0.0053996
857 0.564983 0.290257 0.00527287
858 0.564983 0.288663 0.0052755
859 0.564983 0.303177 0.00783761
860 0.564983 0.302351 0.00683071
861 0.564983 0.293767 0.00554974
862 0.564983 0.294108 0.00477583
863 0.564983 0.303751 0.00531975
864 0.564983 0.302604 0.00660466
865 0.564983 0.304191 0.00679304
866 0.564983 0.294557 0.006321
867 0.564983 0.292165 0.00483258
868 0.564983 0.283063 0.00406874
869 0.564983 0.278211 0.00317045
870 0.564983 0.287391 0.00439258
871 0.564983 0.289912 0.00486901
872 0.564983 0.301067 0.00583431
873 0.564983 0.29908 0.00578517
874 0.564983 0.295235 0.00524802
875 0.564983 0.296334 0.00472193
876 0.564983 0.292859 0.0054703
877 0.564983 0.292068 0.0048399
878 0.564983 0.290111 0.00500272
879 0.564983 0.283414 0.00361328
880 0.564983 0.281827 0.0047497
881 0.564983 0.284643 0.00477449
882 0.564983 0.283034 0.0039258
883 0.564983 0.284738 0.00412561
884 0.564983 0.295003 0.00698386
885 0.564983 0.280706 0.00360375
886 0.564983 0.282681 0.00545971
887 0.564983 0.277518 0.00361967
888 0.564983 0.280548 0.00426896
889 0.564983 0.281212 0.00431777
890 0.564983 0.283 0.00487402
891 0.564983 0.282593 0.00428573
892 0.564983 0.268 0.00279611
893 0.564983 0.270645 0.00339388
894 0.564983 0.275333 0.00439166
895 0.564983 0.274956 0.00422502
896 0.564983 0.273098 0.00361441
897 0.564983 0.275582 0.00512279
898 0.564983 0.271767 0.00387765
899 0.564983 0.27269 0.00406386
900 0.564983 0.277518 0.00428657
901 0.564983 0.279788 0.00453108
902 0.564983 0.275976 0.00415817
903 0.564983 0.279251 0.00420383
904 0.564983 0.277134 0.00366153
905 0.564983 0.281021 0.0041209
906 0.564983 0.279466 0.00383674
907 0.564983 0.28314 0.00470937
908 0.564983 0.283279 0.00461299
909 0.564983 0.292866 0.00620971
910 0.564983 0.287024 0.00488344
911 0.564983 0.281087 0.00474393
912 0.564983 0.285124 0.0055596
913 0.564983 0.28937 0.00607443
914 0.564983 0.287421 0.00658516
915 0.564983 0.277605 0.00454271
916 0.564983 0.286132 0.00559939
917 0.564983 0.28345 0.00529924
918 0.564983 0.28106 0.00428198
919 0.564983 0.281809 0.00444606
920 0.564983 0.276946 0.00370959
921 0.564983 0.271001 0.00296674
922 0.564983 0.275629 0.00432334
923 0.564983 0.278733 0.00413629
924 0.564983 0.274824 0.00419671
925 0.564983 0.270133 0.00347583
926 0.564983 0.278391 0.00475467
927 0.564983 0.278284 0.0044893
928 0.564983 0.277437 0.00402692
929 0.564983 0.28121 0.00404915
930 0.564983 0.279872 0.00389438
931 0.564983 0.287148 0.00531866
932 0.564983 0.285173 0.00518243
933 0.564983 0.278238 0.00375744
934 0.564983 0.287074 0.00469975
935 0.564983 0.279452 0.00430517
936 0.564983 0.28543 0.00462242
937 0.564983 0.295877 0.00627421
938 0.564983 0.29733 0.00608602
939 0.564983 0.297211 0.00622754
940 0.564983 0.297527 0.0061067
941 0.564983 0.292281 0.00624688
942 0.564983 0.290323 0.00537108
943 0.564983 0.299126 0.00569133
944 0.564983 0.291948 0.00525886
945 0.564983 0.29778 0.00643889
946 0.564983 0.298476 0.0061532
947 0.564983 0.288093 0.00576675
948 0.564983 0.289357 0.0061755
949 0.564983 0.280498 0.00372582
950 0.564983 0.281932 0.00505178
951 0.564983 0.282474 0.00477811
952 0.564983 0.276652 0.00417577
953 0.564983 0.276889 0.00376082
954 0.564983 0.278515 0.00423419
955 0.564983 0.279241 0.00449354
956 0.564983 0.277196 0.00356071
957 0.564983 0.291956 0.00573752
958 0.564983 0.289139 0.0056705
959 0.564983 0.29138 0.00576169
960 0.564983 0.28203 0.00438495
961 0.564983 0.288469 0.00558977
962 0.564983 0.285218 0.00469081
963 0.564983 0.281729 0.00333211
964 0.564983 0.272773 0.00290459
965 0.564983 0.277347 0.00339806
966 0.564983 0.281433 0.00416231
967 0.564983 0.277482 0.00458735
968 0.564983 0.275309 0.00356648
969 0.564983 0.274869 0.00341999
970 0.564983 0.280286 0.00346813
971 0.564983 0.284673 0.00482934
972 0.564983 0.287506 0.00480163
973 0.564983 0.284289 0.00462319
974 0.564983 0.278325 0.0044811
975 0.564983 0.280078 0.00502534
976 0.564983 0.283089 0.00546017
977 0.564983 0.278539 0.00344157
978 0.564983 0.283614 0.00586587
979 0.564983 0.269295 0.00303804
980 0.564983 0.272988 0.00338907
981 0.564983 0.269453 0.00278832
982 0.564983 0.277494 0.0042386
983 0.564983 0.271431 0.00271811
984 0.564983 0.275193 0.00340409
985 0.564983 0.277681 0.00452366
986 0.564983 0.273293 0.00363785
987 0.564983 0.280572 0.005371
988 0.564983 0.277281 0.00453545
989 0.564983 0.279334 0.00460565
990 0.564983 0.271878 0.00301299
991 0.564983 0.2743 0.00343958
992 0.564983 0.279101 0.00372847
993 0.564983 0.279916 0.00530282
994 0.564983 0.279454 0.00473492
995 0.564983 0.276475 0.00455437
996 0.564983 0.270658 0.0038599
997 0.564983 0.278316 0.00481225
998 0.564983 0.276384 0.0036118
999 0.564983 0.27256 0.00350281
1000 0.564983 0.272486 0.00299936
