0 0.289922 0.249311 0.000272229
1 0.34255 0.252814 0.000481108
2 0.356348 0.254327 0.00101052
3 0.436498 0.260816 0.00123254
4 0.436498 0.267935 0.00161549
5 0.436498 0.267379 0.00196201
6 0.436498 0.270672 0.00230073
7 0.436498 0.272171 0.00243453
8 0.48415 0.27527 0.00417701
9 0.48415 0.278803 0.0045461
10 0.48415 0.285835 0.00479377
11 0.561221 0.292178 0.0066777
12 0.561221 0.29768 0.00808403
13 0.561221 0.306096 0.00887048
14 0.561221 0.308091 0.00951224
15 0.561221 0.306274 0.011686
16 0.569848 0.316062 0.0133003
17 0.569848 0.319649 0.0136146
18 0.569848 0.329355 0.0160189
19 0.569848 0.318728 0.0153646
20 0.572136 0.316493 0.0143294
21 0.572136 0.300371 0.0120542
22 0.604205 0.30256 0.0126785
23 0.604205 0.31309 0.0147724
24 0.608449 0.323518 0.0182692
25 0.608449 0.32946 0.018812
26 0.608449 0.346717 0.0211199
27 0.633301 0.350981 0.023939
28 0.647896 0.343306 0.0228894
29 0.647896 0.341709 0.022995
30 0.65115 0.360826 0.0237716
31 0.65115 0.35684 0.0209436
32 0.65115 0.346775 0.0206092
33 0.65115 0.349458 0.0239692
34 0.65115 0.361675 0.0237849
35 0.65161 0.363322 0.025886
36 0.668907 0.384232 0.0285709
37 0.668907 0.391196 0.0294877
38 0.668907 0.398151 0.0264766
39 0.668907 0.403292 0.0271367
40 0.668907 0.40784 0.0284292
41 0.668907 0.423001 0.0270022
42 0.668939 0.439766 0.0263284
43 0.669036 0.446774 0.0259191
44 0.670417 0.470746 0.0231254
45 0.671434 0.487185 0.0221422
46 0.671434 0.505151 0.0210679
47 0.675296 0.514509 0.0206498
48 0.678158 0.529276 0.016932
49 0.678158 0.53926 0.0161284
50 0.678158 0.540884 0.0163218
51 0.678158 0.54934 0.0155126
52 0.678158 0.55392 0.0146348
53 0.678158 0.571527 0.0119157
54 0.684558 0.57983 0.0121512
55 0.685798 0.576708 0.0132168
56 0.694916 0.592144 0.0105254
57 0.710099 0.602777 0.00928565
58 0.71153 0.617498 0.00540117
59 0.71153 0.619281 0.00534495
60 0.71153 0.620366 0.00522113
61 0.729198 0.625126 0.00539863
62 0.729198 0.61464 0.00773171
63 0.740543 0.614628 0.00967213
64 0.740543 0.635093 0.00627242
65 0.740543 0.647638 0.00516699
66 0.740543 0.641299 0.00671911
67 0.740543 0.642846 0.00738797
68 0.758032 0.643221 0.00575149
69 0.758032 0.638892 0.00722541
70 0.758032 0.650873 0.00694771
71 0.758032 0.657842 0.00546283
72 0.758032 0.662811 0.00605525
73 0.761462 0.672595 0.0053778
74 0.761462 0.675223 0.00595003
75 0.761462 0.685817 0.006151
76 0.762787 0.69495 0.00576157
77 0.762787 0.702728 0.00510568
78 0.768533 0.701487 0.00465656
79 0.768533 0.697771 0.00485425
80 0.772656 0.695695 0.00523179
81 0.778404 0.692243 0.00727839
82 0.778404 0.698757 0.00503411
83 0.778404 0.698037 0.0055089
84 0.778404 0.711769 0.00321382
85 0.778404 0.71925 0.00262771
86 0.778404 0.714038 0.00305024
87 0.778404 0.707047 0.00340218
88 0.778404 0.717505 0.00287293
89 0.778404 0.719528 0.00229525
90 0.782721 0.713113 0.00324352
91 0.782721 0.72025 0.00312294
92 0.782721 0.716095 0.00322637
93 0.782721 0.713795 0.00315685
94 0.782721 0.71665 0.00380007
95 0.782721 0.713021 0.00398514
96 0.782721 0.708578 0.00549286
97 0.782721 0.720193 0.00369153
98 0.782721 0.716193 0.00415946
99 0.782721 0.716016 0.0040383
100 0.782721 0.722557 0.0029325
101 0.782721 0.719474 0.00333785
102 0.783581 0.718783 0.00414593
103 0.783581 0.715518 0.00452094
104 0.783581 0.71558 0.00380059
105 0.783581 0.725495 0.00289141
106 0.783581 0.715318 0.00529326
107 0.783581 0.71435 0.00579878
108 0.783775 0.719481 0.00492113
109 0.783775 0.726209 0.00434375
110 0.783775 0.72815 0.00370951
111 0.783775 0.723279 0.00440521
112 0.783775 0.728174 0.00260596
113 0.783775 0.72914 0.00254057
114 0.783775 0.73345 0.00181127
115 0.783775 0.727947 0.00210114
116 0.785346 0.722 0.00352488
117 0.785346 0.716309 0.00510632
118 0.788008 0.719155 0.00348957
119 0.788008 0.726594 0.00328986
120 0.788008 0.725081 0.00278956
121 0.788008 0.731023 0.00275401
122 0.788147 0.735822 0.00348371
123 0.788147 0.729527 0.00267081
124 0.788147 0.729557 0.00282122
125 0.788147 0.727417 0.00317591
126 0.788147 0.732412 0.00316228
127 0.788147 0.737022 0.0025528
128 0.794715 0.732744 0.0024316
129 0.794715 0.730762 0.00294406
130 0.794715 0.735009 0.00254753
131 0.794715 0.733805 0.00207916
132 0.794715 0.731395 0.00309504
133 0.794715 0.735847 0.00275012
134 0.794715 0.732648 0.00375103
135 0.794715 0.729741 0.00372372
136 0.794715 0.726584 0.00364901
137 0.794715 0.724207 0.00390899
138 0.794715 0.731551 0.00288105
139 0.794715 0.725515 0.00245089
140 0.794715 0.727732 0.00242375
141 0.794715 0.726292 0.00328506
142 0.794715 0.727018 0.0030345
143 0.794715 0.72217 0.00425027
144 0.794715 0.730973 0.00287788
145 0.794715 0.737303 0.00276249
146 0.794715 0.734783 0.00348392
147 0.794715 0.73353 0.00286356
148 0.794715 0.740697 0.00209975
149 0.794715 0.7416 0.00300674
150 0.794715 0.741439 0.00246889
151 0.794715 0.742499 0.00180925
152 0.796063 0.744209 0.00258439
153 0.796063 0.742961 0.00312545
154 0.796063 0.74087 0.00228381
155 0.796063 0.73986 0.00251763
156 0.796063 0.742605 0.00243874
157 0.796063 0.734209 0.00306622
158 0.796063 0.732711 0.00443794
159 0.796063 0.735366 0.00373807
160 0.796063 0.731638 0.00433767
161 0.796063 0.723324 0.00596532
162 0.796063 0.74227 0.00345511
163 0.796063 0.747684 0.0028652
164 0.796063 0.74177 0.00478872
165 0.796063 0.746976 0.00399315
166 0.796063 0.744987 0.00465015
167 0.796063 0.740172 0.00428489
168 0.796063 0.738359 0.00462249
169 0.796063 0.74633 0.0034204
170 0.796063 0.749595 0.00311319
171 0.796063 0.739193 0.00417377
172 0.796063 0.738368 0.00330416
173 0.796063 0.73936 0.0037461
174 0.799485 0.739955 0.00307224
175 0.799485 0.746409 0.00274181
176 0.799485 0.752781 0.00191358
177 0.799485 0.751146 0.00185215
178 0.799485 0.752636 0.00296585
179 0.799485 0.751462 0.00322905
180 0.799485 0.749406 0.00290163
181 0.799485 0.749449 0.00207288
182 0.799485 0.752366 0.00216961
183 0.799485 0.75416 0.00198008
184 0.799485 0.752405 0.00297599
185 0.799485 0.746417 0.00476797
186 0.799485 0.750144 0.00367061
187 0.799485 0.747218 0.00244952
188 0.799485 0.749069 0.00160149
189 0.799485 0.745975 0.00162665
190 0.799485 0.748708 0.00131346
191 0.799485 0.751067 0.00121806
192 0.799485 0.748406 0.00154573
193 0.801344 0.740108 0.00217989
194 0.801344 0.744759 0.00204848
195 0.801344 0.744239 0.00214532
196 0.801344 0.737463 0.00250559
197 0.801344 0.737743 0.00269822
198 0.801344 0.742083 0.0027332
199 0.801344 0.740363 0.00326554
200 0.801344 0.745127 0.0027697
201 0.801344 0.745818 0.00245084
202 0.801344 0.742668 0.00333843
203 0.801344 0.743732 0.003262
204 0.801344 0.738652 0.00515214
205 0.801344 0.745137 0.00234336
206 0.801344 0.74536 0.00356419
207 0.801344 0.737828 0.00473018
208 0.801344 0.744015 0.00394689
209 0.801344 0.75308 0.00217975
210 0.801344 0.750625 0.00216303
211 0.801344 0.753128 0.00207886
212 0.801344 0.753537 0.00205809
213 0.801344 0.754598 0.00177698
214 0.801344 0.752242 0.00218034
215 0.801344 0.753587 0.00257885
216 0.801344 0.754031 0.00229654
217 0.801344 0.750134 0.00275411
218 0.801344 0.751819 0.00224669
219 0.801344 0.752883 0.00187004
220 0.801344 0.749409 0.00350448
221 0.801344 0.743888 0.00389881
222 0.801344 0.747863 0.00232324
223 0.801344 0.74608 0.00330979
224 0.801344 0.745536 0.00279936
225 0.801344 0.736961 0.00260383
226 0.801344 0.739705 0.00436239
227 0.801344 0.734223 0.00586008
228 0.801344 0.739405 0.00428315
229 0.801344 0.736764 0.00461
230 0.801344 0.734711 0.00382066
231 0.801344 0.732604 0.00406091
232 0.801344 0.726786 0.00489048
233 0.801344 0.736469 0.00370377
234 0.801344 0.741609 0.00337184
235 0.801344 0.743877 0.00280004
236 0.801344 0.740179 0.0031692
237 0.801344 0.743625 0.00365396
238 0.801344 0.757688 0.00170379
239 0.801344 0.753631 0.00234837
240 0.801344 0.742334 0.0037909
241 0.801344 0.740065 0.00381348
242 0.801344 0.747745 0.00276253
243 0.801344 0.747013 0.00186896
244 0.801344 0.743048 0.00267109
245 0.801344 0.742564 0.00219914
246 0.801344 0.745733 0.00241887
247 0.801344 0.74289 0.00226384
248 0.801344 0.735365 0.0036888
249 0.801344 0.731966 0.00425108
250 0.801344 0.736006 0.00397611
251 0.801344 0.736329 0.00236559
252 0.801344 0.742667 0.00237123
253 0.801344 0.746551 0.00221796
254 0.801344 0.748046 0.0020444
255 0.801344 0.740901 0.00374846
256 0.801344 0.744236 0.00299736
257 0.801344 0.743144 0.0031395
258 0.801344 0.747998 0.00220996
259 0.801344 0.746029 0.00265505
260 0.801344 0.745226 0.00290549
261 0.801344 0.74338 0.00213749
262 0.801344 0.742573 0.00247635
263 0.801344 0.746165 0.00186585
264 0.801344 0.740827 0.00242993
265 0.801344 0.73189 0.00371428
266 0.801344 0.729521 0.00455025
267 0.801344 0.729711 0.00474718
268 0.801344 0.734704 0.00453143
269 0.801344 0.742998 0.00461057
270 0.801344 0.746344 0.00453535
271 0.801344 0.755176 0.00176469
272 0.801344 0.758368 0.00154172
273 0.801344 0.750358 0.00297995
274 0.801344 0.751224 0.00210547
275 0.801344 0.741975 0.00389561
276 0.801344 0.737185 0.00411694
277 0.801344 0.730573 0.00459796
278 0.801344 0.738565 0.0033417
279 0.801344 0.745006 0.00386146
280 0.801344 0.740371 0.00367034
281 0.801344 0.740153 0.00446109
282 0.801344 0.730246 0.00632804
283 0.801344 0.735258 0.00524931
284 0.801344 0.748575 0.00350882
285 0.801344 0.745769 0.00367187
286 0.801344 0.749134 0.00339437
287 0.801344 0.742042 0.00302479
288 0.801344 0.741761 0.00275488
289 0.801344 0.744359 0.003551
290 0.801344 0.743086 0.00284779
291 0.801344 0.745346 0.00232833
292 0.801344 0.746288 0.00351967
293 0.802341 0.740074 0.00412745
294 0.802341 0.737673 0.00502697
295 0.802341 0.736089 0.00584803
296 0.802341 0.736713 0.00609634
297 0.802341 0.736701 0.00534946
298 0.802341 0.748736 0.002514
299 0.802341 0.7483 0.0025751
300 0.802341 0.749095 0.00232947
301 0.802341 0.752133 0.00267782
302 0.802341 0.745162 0.00363579
303 0.802341 0.745618 0.00337154
304 0.802341 0.739838 0.00389616
305 0.802341 0.736287 0.00351833
306 0.802341 0.739463 0.00401935
307 0.802341 0.741851 0.00323594
308 0.802341 0.740365 0.00468191
309 0.802341 0.740562 0.00431444
310 0.802341 0.751332 0.00197094
311 0.802341 0.756856 0.00131938
312 0.802341 0.751584 0.00208696
313 0.802341 0.747467 0.00257568
314 0.802341 0.755345 0.00148432
315 0.802341 0.752601 0.00173344
316 0.802341 0.755298 0.00123104
317 0.802341 0.754775 0.00128085
318 0.802341 0.754521 0.00125527
319 0.802341 0.754674 0.00148764
320 0.802341 0.743653 0.00184854
321 0.802341 0.742137 0.00217515
322 0.802341 0.74332 0.00191131
323 0.802341 0.74108 0.00251025
324 0.802341 0.741328 0.00239079
325 0.802341 0.738415 0.00255933
326 0.802341 0.741493 0.00233242
327 0.802341 0.744217 0.00297108
328 0.802341 0.740455 0.00402124
329 0.802341 0.746531 0.00297554
330 0.802341 0.755445 0.00208435
331 0.802341 0.751404 0.00275731
332 0.802341 0.752066 0.00262163
333 0.802341 0.753977 0.00309022
334 0.802341 0.761737 0.0014033
335 0.802341 0.75464 0.00187309
336 0.802341 0.755887 0.00179326
337 0.802341 0.753732 0.0018452
338 0.802341 0.750883 0.00277907
339 0.80246 0.751756 0.0022841
340 0.80246 0.755287 0.00155892
341 0.80302 0.75514 0.00143715
342 0.804433 0.75582 0.00164118
343 0.804433 0.753624 0.00236074
344 0.804433 0.750625 0.00280229
345 0.804433 0.753815 0.00208377
346 0.804433 0.751076 0.00218418
347 0.806634 0.754754 0.00208849
348 0.806634 0.754665 0.00209096
349 0.806634 0.752702 0.00237247
350 0.806634 0.750312 0.00230307
351 0.806634 0.744315 0.00442722
352 0.806634 0.739398 0.00577443
353 0.806634 0.745039 0.0054394
354 0.806634 0.753579 0.00300605
355 0.806634 0.750359 0.00364942
356 0.806634 0.75172 0.00325212
357 0.806634 0.741327 0.0036741
358 0.806634 0.74355 0.00434783
359 0.806634 0.743759 0.00416448
360 0.806634 0.731927 0.00621627
361 0.806634 0.727996 0.00715405
362 0.806634 0.747762 0.00457622
363 0.806634 0.742946 0.00491515
364 0.806634 0.748055 0.00433284
365 0.806634 0.756012 0.00322336
366 0.806634 0.75929 0.0017362
367 0.806634 0.762937 0.00147779
368 0.806634 0.76265 0.00131145
369 0.806634 0.751586 0.00264067
370 0.806862 0.750606 0.00286849
371 0.806862 0.749495 0.00280344
372 0.806862 0.747211 0.00282274
373 0.806862 0.741574 0.00374983
374 0.806862 0.743275 0.0029916
375 0.808107 0.747763 0.00313345
376 0.808107 0.74765 0.00327207
377 0.808107 0.74979 0.00341801
378 0.808107 0.751406 0.00300084
379 0.808107 0.75936 0.00149773
380 0.808107 0.758634 0.0015044
381 0.808107 0.751498 0.00288143
382 0.808107 0.752945 0.00229063
383 0.808107 0.759233 0.00159452
384 0.808107 0.759817 0.00155705
385 0.808107 0.758483 0.00174026
386 0.808107 0.756335 0.00332847
387 0.809487 0.757547 0.00221694
388 0.809487 0.759081 0.00240796
389 0.809487 0.757307 0.00212084
390 0.809487 0.75828 0.00295921
391 0.809487 0.756243 0.00294634
392 0.809487 0.754148 0.00326558
393 0.809487 0.750739 0.00366889
394 0.809487 0.749701 0.00382237
395 0.809487 0.747777 0.00501961
396 0.809487 0.745693 0.00595788
397 0.809487 0.747396 0.00373632
398 0.809487 0.753629 0.00234506
399 0.809487 0.754869 0.00229081
400 0.809487 0.753151 0.00283851
401 0.809487 0.759521 0.00175228
402 0.809487 0.757025 0.00216143
403 0.809487 0.756188 0.00259756
404 0.809487 0.754049 0.00358256
405 0.809487 0.753468 0.00416895
406 0.809487 0.74752 0.0040615
407 0.809487 0.741441 0.00545129
408 0.809487 0.738314 0.00623445
409 0.809487 0.743817 0.00610796
410 0.809487 0.747933 0.00554214
411 0.809487 0.74486 0.00530397
412 0.809487 0.740337 0.00547024
413 0.809487 0.741893 0.00705964
414 0.809487 0.738578 0.00652233
415 0.809487 0.74303 0.0053388
416 0.809487 0.748246 0.00365297
417 0.809487 0.743122 0.00543738
418 0.809487 0.745474 0.00423988
419 0.809487 0.755545 0.00287218
420 0.809487 0.754899 0.00256771
421 0.809487 0.750281 0.00348391
422 0.809487 0.754858 0.00326221
423 0.810646 0.759107 0.00231918
424 0.810646 0.758358 0.00242122
425 0.810646 0.750559 0.00412065
426 0.810646 0.7535 0.0029162
427 0.810646 0.755234 0.00264459
428 0.810646 0.755331 0.00222953
429 0.810646 0.750685 0.00275706
430 0.810646 0.748172 0.00298325
431 0.810646 0.749152 0.00346982
432 0.810646 0.74126 0.0035675
433 0.810646 0.750201 0.00241745
434 0.810646 0.747624 0.00332669
435 0.810646 0.752604 0.00341968
436 0.810646 0.74556 0.00381152
437 0.810646 0.751217 0.00264325
438 0.810646 0.74816 0.0030952
439 0.810646 0.75479 0.00284906
440 0.810646 0.756074 0.00231399
441 0.810646 0.742548 0.00460247
442 0.810646 0.736338 0.00545774
443 0.810646 0.744718 0.00445956
444 0.810646 0.743274 0.00502073
445 0.810646 0.743416 0.00507543
446 0.810646 0.740339 0.00543091
447 0.810646 0.745226 0.00520566
448 0.810646 0.74725 0.00558308
449 0.810646 0.754829 0.00274052
450 0.810646 0.752589 0.00500543
451 0.812231 0.7512 0.00418425
452 0.812231 0.758552 0.0029177
453 0.812231 0.758707 0.00326621
454 0.812231 0.757265 0.0026962
455 0.812231 0.750819 0.00331528
456 0.812231 0.747421 0.00413027
457 0.812231 0.750172 0.00399944
458 0.812231 0.746572 0.00427269
459 0.812231 0.740012 0.00498188
460 0.812231 0.745069 0.00622073
461 0.812231 0.747247 0.00407459
462 0.812231 0.749901 0.00331445
463 0.812231 0.754423 0.00374287
464 0.812231 0.753342 0.00371824
465 0.812231 0.755802 0.00322836
466 0.812231 0.759901 0.00180566
467 0.812231 0.756428 0.00224729
468 0.812231 0.754957 0.00263882
469 0.812231 0.750912 0.00406994
470 0.812231 0.748336 0.00448329
471 0.812231 0.751514 0.00438331
472 0.812231 0.754601 0.00450531
473 0.812231 0.738617 0.00719972
474 0.812231 0.741661 0.00542252
475 0.812231 0.74219 0.00522691
476 0.812231 0.738947 0.00507407
477 0.812231 0.7439 0.00476207
478 0.812231 0.750485 0.00359469
479 0.812231 0.752416 0.00307747
480 0.812231 0.761491 0.00154818
481 0.812231 0.762866 0.00210633
482 0.812231 0.762548 0.00254732
483 0.812231 0.757606 0.00272174
484 0.812231 0.75472 0.00276287
485 0.812231 0.751763 0.00315824
486 0.812231 0.750878 0.00439541
487 0.812231 0.758071 0.00395896
488 0.812231 0.756988 0.00451654
489 0.812231 0.754296 0.00527871
490 0.812231 0.751075 0.00500764
491 0.812231 0.753337 0.00388035
492 0.812231 0.753781 0.00395365
493 0.812231 0.748101 0.00450373
494 0.812231 0.748826 0.0039071
495 0.812231 0.748338 0.00458739
496 0.812231 0.746429 0.00481542
497 0.812231 0.748801 0.00432534
498 0.812231 0.74419 0.00457408
499 0.812231 0.749964 0.00343092
500 0.812231 0.746005 0.00290322
501 0.81231 0.74773 0.00378562
502 0.81231 0.748903 0.00369149
503 0.81231 0.740596 0.00501082
504 0.81231 0.750478 0.00291417
505 0.81231 0.743232 0.00495857
506 0.81231 0.744696 0.00417464
507 0.81231 0.748414 0.00391496
508 0.81231 0.744585 0.00363063
509 0.81231 0.753658 0.00337298
510 0.812381 0.753866 0.0035697
511 0.812381 0.752047 0.00297204
512 0.812557 0.757013 0.0028439
513 0.812557 0.752127 0.00358732
514 0.812557 0.755289 0.00328804
515 0.812557 0.756768 0.00262128
516 0.812557 0.757322 0.00488513
517 0.812557 0.758629 0.00414507
518 0.813037 0.759144 0.00371456
519 0.817794 0.754633 0.00518588
520 0.817794 0.756792 0.00479592
521 0.817794 0.771231 0.00281003
522 0.817794 0.758194 0.00476647
523 0.817794 0.76192 0.00346151
524 0.817794 0.754331 0.00342861
525 0.817794 0.76043 0.00300803
526 0.817794 0.761508 0.00274376
527 0.818317 0.756478 0.00332005
528 0.818317 0.757231 0.00252685
529 0.818317 0.759686 0.00269624
530 0.818317 0.758783 0.00238151
531 0.818317 0.761385 0.00228506
532 0.818696 0.763045 0.00308345
533 0.818696 0.763005 0.00208485
534 0.818696 0.767189 0.00240783
535 0.818696 0.768296 0.00174375
536 0.818696 0.764527 0.00185663
537 0.818696 0.763385 0.00210419
538 0.818696 0.761565 0.00239802
539 0.818696 0.762414 0.00225564
540 0.818696 0.761476 0.00224843
541 0.818696 0.763212 0.00213287
542 0.818696 0.765152 0.00175203
543 0.818696 0.764287 0.00223807
544 0.818696 0.764162 0.00183439
545 0.819977 0.770219 0.00173042
546 0.819977 0.762938 0.00358426
547 0.819977 0.766791 0.00207671
548 0.819977 0.764304 0.00232921
549 0.819977 0.765984 0.00205288
550 0.819977 0.759995 0.00318713
551 0.819977 0.76479 0.00171344
552 0.819977 0.763969 0.00175285
553 0.819977 0.755774 0.00330176
554 0.819977 0.755739 0.00239335
555 0.819977 0.75697 0.00297706
556 0.819977 0.762477 0.0025956
557 0.819977 0.765179 0.00288402
558 0.819977 0.766522 0.00223593
559 0.819977 0.760966 0.00274299
560 0.819977 0.762585 0.0029808
561 0.819977 0.765453 0.00233568
562 0.819977 0.773894 0.00172782
563 0.819977 0.77018 0.00156591
564 0.819977 0.767644 0.00191353
565 0.819977 0.766022 0.0019244
566 0.819977 0.767228 0.00302006
567 0.819977 0.763463 0.00296369
568 0.819977 0.764727 0.00297394
569 0.819977 0.760807 0.00319898
570 0.819977 0.761767 0.00310825
571 0.819977 0.766637 0.00312185
572 0.819977 0.767933 0.00234689
573 0.819977 0.771717 0.00276102
574 0.819977 0.771242 0.00227081
575 0.819977 0.775064 0.00103478
576 0.819977 0.770417 0.00161471
577 0.819977 0.765135 0.00224989
578 0.819977 0.759123 0.00352257
579 0.819977 0.757714 0.00381579
580 0.819977 0.760649 0.00324211
581 0.819977 0.760755 0.0030445
582 0.819977 0.757999 0.00372103
583 0.819977 0.754922 0.00327903
584 0.819977 0.76477 0.00281765
585 0.819977 0.762427 0.00444851
586 0.819977 0.764022 0.00406824
587 0.819977 0.771251 0.0031887
588 0.819977 0.766155 0.00325159
589 0.819977 0.764036 0.00322023
590 0.819977 0.764503 0.00250083
591 0.819977 0.761377 0.00303902
592 0.819977 0.758566 0.00297181
593 0.819977 0.763478 0.0040747
594 0.819977 0.761135 0.00453793
595 0.819977 0.761636 0.00411874
596 0.819977 0.770847 0.00171205
597 0.819977 0.766681 0.00213786
598 0.820178 0.767855 0.00232427
599 0.820178 0.761958 0.00252074
600 0.820178 0.766415 0.00229184
601 0.820178 0.76986 0.00231688
602 0.820178 0.776808 0.00170595
603 0.820178 0.772087 0.00299697
604 0.820178 0.766233 0.00315022
605 0.820178 0.763132 0.00213663
606 0.820178 0.763082 0.00270029
607 0.820178 0.768258 0.00168177
608 0.820178 0.765184 0.00201008
609 0.820178 0.770417 0.00152606
610 0.820178 0.769324 0.00195588
611 0.820178 0.760884 0.00282319
612 0.820178 0.76509 0.00294282
613 0.820178 0.767794 0.00204608
614 0.820178 0.775175 0.00201221
615 0.820178 0.777821 0.00148858
616 0.820178 0.778018 0.00182674
617 0.820178 0.77279 0.00241824
618 0.820178 0.770213 0.00221459
619 0.820178 0.771646 0.00212742
620 0.820178 0.770501 0.00220748
621 0.820178 0.773214 0.00162759
622 0.820178 0.771298 0.00189426
623 0.820178 0.774875 0.00147225
624 0.820178 0.768071 0.00277343
625 0.820178 0.770461 0.00163803
626 0.820178 0.77651 0.00124596
627 0.820178 0.770283 0.00186196
628 0.820178 0.768173 0.00210095
629 0.820178 0.766478 0.00205563
630 0.820178 0.760974 0.00217939
631 0.820178 0.76267 0.0024348
632 0.820178 0.759046 0.00432497
633 0.820178 0.759066 0.00495854
634 0.820178 0.76019 0.00600781
635 0.820178 0.747871 0.00833244
636 0.820178 0.74561 0.00861222
637 0.820178 0.746294 0.00816482
638 0.820178 0.755474 0.00785203
639 0.820178 0.752765 0.00706405
640 0.820178 0.747815 0.00805034
641 0.820178 0.749757 0.00742922
642 0.820178 0.75969 0.00492526
643 0.820178 0.758682 0.00488213
644 0.820178 0.762961 0.00317753
645 0.820178 0.763755 0.00297437
646 0.820178 0.762861 0.00286411
647 0.820178 0.762045 0.00368138
648 0.820178 0.763084 0.00283513
649 0.820178 0.759857 0.00378124
650 0.820178 0.764232 0.00283531
651 0.820178 0.768321 0.00252191
652 0.820178 0.775007 0.00174945
653 0.820388 0.775814 0.00109909
654 0.820388 0.771316 0.00168881
655 0.820388 0.765473 0.00236934
656 0.820388 0.76035 0.00299882
657 0.820388 0.762157 0.00332212
658 0.820388 0.762316 0.00258903
659 0.820388 0.766988 0.00234012
660 0.820388 0.765158 0.0030544
661 0.820388 0.763076 0.00458471
662 0.820388 0.766677 0.00345876
663 0.820388 0.767604 0.00278603
664 0.820388 0.763737 0.00295712
665 0.820388 0.762058 0.00354175
666 0.820388 0.758876 0.00427215
667 0.820388 0.766389 0.0020664
668 0.820388 0.757317 0.00305818
669 0.820388 0.760443 0.00365163
670 0.820388 0.76635 0.00318486
671 0.820388 0.757832 0.00486362
672 0.820388 0.745452 0.00627119
673 0.820388 0.743204 0.00607315
674 0.820388 0.744635 0.00615171
675 0.820388 0.757941 0.0039501
676 0.820388 0.757995 0.00322048
677 0.820388 0.762581 0.00293443
678 0.820388 0.759127 0.00397685
679 0.820388 0.763842 0.00278412
680 0.820432 0.764828 0.00366491
681 0.820432 0.769425 0.00264525
682 0.820719 0.770055 0.00229924
683 0.820719 0.774595 0.00161288
684 0.820719 0.77335 0.00156866
685 0.820719 0.772111 0.00184129
686 0.820719 0.77383 0.00190863
687 0.820719 0.768891 0.00254773
688 0.820719 0.765434 0.00259366
689 0.820719 0.770354 0.00193791
690 0.820719 0.767016 0.00226194
691 0.820719 0.774531 0.00135632
692 0.820719 0.770911 0.00159362
693 0.820719 0.770263 0.00183029
694 0.820719 0.771766 0.00196882
695 0.820719 0.771956 0.00290554
696 0.820719 0.774987 0.00263023
697 0.82094 0.7737 0.00256606
698 0.82094 0.772508 0.00218711
699 0.82094 0.773613 0.00249331
700 0.82094 0.770938 0.00248088
701 0.82094 0.768334 0.00224028
702 0.82094 0.763936 0.00291125
703 0.82094 0.763943 0.00316618
704 0.82094 0.766125 0.00216898
705 0.82094 0.769799 0.00186945
706 0.82094 0.769008 0.00175299
707 0.82094 0.769781 0.00199163
708 0.82094 0.774865 0.00142755
709 0.82094 0.771124 0.00189803
710 0.82094 0.767253 0.00205806
711 0.82094 0.763961 0.00200604
712 0.82094 0.767078 0.0020257
713 0.82094 0.768211 0.00221796
714 0.82094 0.768302 0.00233307
715 0.82094 0.770792 0.00141172
716 0.82094 0.771735 0.00147413
717 0.82094 0.765249 0.00225392
718 0.82094 0.766027 0.00185232
719 0.82094 0.766355 0.0021618
720 0.821256 0.768114 0.00207104
721 0.821256 0.770191 0.00232806
722 0.821256 0.770222 0.00232744
723 0.821256 0.766283 0.00214165
724 0.821256 0.769621 0.00269156
725 0.821256 0.774372 0.00149927
726 0.821256 0.774953 0.00148277
727 0.821256 0.777802 0.00149813
728 0.821256 0.776909 0.00149581
729 0.821256 0.779132 0.00127714
730 0.821256 0.778262 0.00127235
731 0.821256 0.773534 0.00134813
732 0.821256 0.771948 0.00174266
733 0.821256 0.7714 0.00206331
734 0.821256 0.777338 0.00198623
735 0.821256 0.777864 0.00204976
736 0.821256 0.77672 0.00238636
737 0.821256 0.779236 0.00188567
738 0.821256 0.778376 0.00134254
739 0.821256 0.769775 0.00293894
740 0.821256 0.760977 0.00441937
741 0.821256 0.769868 0.0031718
742 0.821256 0.765299 0.00312095
743 0.821256 0.77037 0.00203411
744 0.821256 0.769776 0.00215033
745 0.821256 0.766042 0.00243971
746 0.821256 0.763015 0.00300991
747 0.821256 0.764104 0.00328483
748 0.821256 0.76644 0.00296506
749 0.821256 0.75933 0.00424935
750 0.821256 0.763155 0.00414482
751 0.821256 0.767248 0.00377589
752 0.821256 0.768122 0.00216432
753 0.821256 0.771338 0.00158705
754 0.821256 0.768418 0.00202996
755 0.821256 0.763099 0.00305943
756 0.821256 0.772752 0.00179732
757 0.821256 0.772751 0.00144832
758 0.821256 0.771117 0.00185379
759 0.821256 0.762729 0.00280293
760 0.821256 0.767578 0.00256914
761 0.821256 0.765583 0.00269714
762 0.821256 0.769558 0.00232016
763 0.821256 0.774048 0.00249695
764 0.821256 0.777812 0.00187403
765 0.821256 0.777255 0.00211024
766 0.821256 0.773542 0.00175053
767 0.821256 0.772864 0.00210806
768 0.821256 0.767786 0.00324833
769 0.821256 0.76369 0.00405282
770 0.821256 0.755496 0.00506834
771 0.821256 0.764971 0.00293996
772 0.821256 0.766632 0.00286502
773 0.821256 0.760725 0.00323495
774 0.821256 0.749517 0.00477796
775 0.821256 0.758754 0.00304844
776 0.821256 0.764002 0.00256947
777 0.821256 0.763922 0.00251067
778 0.821256 0.768333 0.00265406
779 0.821256 0.771181 0.00268427
780 0.821256 0.761454 0.00419145
781 0.821256 0.757122 0.00464232
782 0.821256 0.757066 0.00387268
783 0.821256 0.768689 0.00208012
784 0.821339 0.768898 0.00194936
785 0.821339 0.76701 0.00241351
786 0.821339 0.765171 0.00300181
787 0.821339 0.770104 0.00268038
788 0.821339 0.769095 0.00317143
789 0.821339 0.763135 0.00389126
790 0.821339 0.76949 0.00302569
791 0.821339 0.775579 0.00223488
792 0.821339 0.778077 0.00152582
793 0.821339 0.770278 0.00229024
794 0.821339 0.769893 0.0026926
795 0.821339 0.767471 0.00243345
796 0.821339 0.768432 0.00203471
797 0.821339 0.771719 0.00206075
798 0.821339 0.767858 0.00223935
799 0.821339 0.765641 0.00248604
800 0.821339 0.768175 0.00199328
801 0.821339 0.767165 0.00179177
802 0.821339 0.771071 0.00161698
803 0.821339 0.769136 0.00181398
804 0.821339 0.780951 0.00110994
805 0.821339 0.775108 0.00136083
806 0.821339 0.77851 0.000928016
807 0.821339 0.777939 0.00108973
808 0.821339 0.782074 0.000784547
809 0.821339 0.78021 0.00128966
810 0.821339 0.783337 0.000910768
811 0.821339 0.778109 0.00134342
812 0.821339 0.778869 0.00146406
813 0.821339 0.778916 0.00159205
814 0.821339 0.774186 0.00185017
815 0.821339 0.769751 0.00222595
816 0.821339 0.774401 0.00209881
817 0.821339 0.769763 0.00240498
818 0.821339 0.765658 0.00321281
819 0.821339 0.756555 0.00395091
820 0.821339 0.76924 0.0023347
821 0.821339 0.766709 0.00286383
822 0.821339 0.765946 0.00308658
823 0.821339 0.776518 0.00216288
824 0.821339 0.77882 0.00214122
825 0.821339 0.773616 0.00375413
826 0.821339 0.771763 0.00350703
827 0.821339 0.776104 0.00257962
828 0.821339 0.779529 0.00183879
829 0.821339 0.780622 0.00114916
830 0.821339 0.780625 0.000972852
831 0.821442 0.781416 0.00091715
832 0.821442 0.774787 0.00285918
833 0.821442 0.779308 0.00139884
834 0.821442 0.7768 0.00108987
835 0.821442 0.770681 0.0018845
836 0.821442 0.772645 0.00239857
837 0.821442 0.772564 0.00173619
838 0.821442 0.769074 0.00151116
839 0.821442 0.767988 0.00158451
840 0.821442 0.764299 0.00191842
841 0.821442 0.758816 0.0024474
842 0.821442 0.760499 0.00239305
843 0.821442 0.765318 0.00278852
844 0.821442 0.763638 0.00270129
845 0.821442 0.76703 0.00234123
846 0.821442 0.759792 0.00337429
847 0.821442 0.753852 0.00451136
848 0.821442 0.765807 0.00298604
849 0.821442 0.761587 0.00379096
850 0.821442 0.763332 0.00440972
851 0.821454 0.767818 0.00295543
852 0.821454 0.762158 0.00359532
853 0.821454 0.764636 0.00309198
854 0.821454 0.767595 0.00267845
855 0.821454 0.766236 0.00207921
856 0.821454 0.769191 0.00254281
857 0.821454 0.767101 0.00289529
858 0.821454 0.772519 0.00261965
859 0.821454 0.766007 0.0046341
860 0.821454 0.769929 0.00346018
861 0.821454 0.768314 0.00366587
862 0.821585 0.766037 0.00553583
863 0.821585 0.770931 0.00340644
864 0.821585 0.77273 0.00210715
865 0.821585 0.769392 0.00244244
866 0.821585 0.767519 0.00292603
867 0.821585 0.767817 0.00326396
868 0.821585 0.765525 0.00406409
869 0.821585 0.762015 0.00450332
870 0.821585 0.767839 0.00345337
871 0.821585 0.765277 0.00393929
872 0.821585 0.766053 0.00363817
873 0.821585 0.774102 0.00231488
874 0.821585 0.77374 0.00249044
875 0.821585 0.775748 0.0017782
876 0.821585 0.767052 0.00349479
877 0.821585 0.764759 0.00335033
878 0.821585 0.757045 0.00478204
879 0.821585 0.758895 0.0043953
880 0.821585 0.767879 0.00347329
881 0.821585 0.759914 0.00440546
882 0.821585 0.762995 0.00391099
883 0.821585 0.762564 0.00481265
884 0.821585 0.77456 0.00218521
885 0.821585 0.771272 0.00258821
886 0.821585 0.767055 0.0041499
887 0.821585 0.76691 0.00240817
888 0.821585 0.769134 0.00302111
889 0.821585 0.772115 0.00215613
890 0.821585 0.767829 0.00270035
891 0.821585 0.768306 0.00318002
892 0.821585 0.773267 0.00267821
893 0.821585 0.76635 0.00342837
894 0.821585 0.764854 0.00350191
895 0.821585 0.763212 0.00369904
896 0.821585 0.756279 0.00524073
897 0.821585 0.754373 0.00510046
898 0.821585 0.752282 0.00396035
899 0.821585 0.756866 0.00354936
900 0.821585 0.758 0.00338404
901 0.821585 0.75767 0.00269846
902 0.821585 0.760209 0.00360639
903 0.821585 0.762288 0.00243349
904 0.821585 0.763152 0.00321937
905 0.821585 0.761824 0.00299965
906 0.821585 0.76325 0.00262075
907 0.821585 0.763175 0.00277551
908 0.821585 0.760337 0.00328536
909 0.821585 0.754167 0.00448648
910 0.821585 0.750392 0.00378131
911 0.821585 0.755633 0.00390444
912 0.821585 0.763365 0.00367531
913 0.821585 0.767376 0.00314974
914 0.821585 0.763891 0.00357306
915 0.821585 0.76341 0.00418511
916 0.821585 0.758445 0.00434123
917 0.821595 0.75724 0.00580001
918 0.821595 0.757972 0.00507394
919 0.821595 0.763323 0.00346906
920 0.821595 0.761414 0.00378388
921 0.821595 0.761175 0.00416853
922 0.821595 0.766006 0.0034841
923 0.821595 0.770099 0.00272293
924 0.821595 0.777538 0.00187157
925 0.821595 0.770184 0.00277358
926 0.821595 0.764359 0.00317737
927 0.821701 0.766227 0.00313467
928 0.821701 0.764459 0.00269731
929 0.821701 0.770274 0.00231533
930 0.821701 0.772954 0.00170431
931 0.821701 0.769154 0.00220214
932 0.821701 0.771409 0.00191659
933 0.821701 0.768505 0.00216129
934 0.821701 0.767779 0.00221406
935 0.821701 0.76526 0.00256614
936 0.821701 0.764846 0.00266389
937 0.821701 0.773792 0.00235594
938 0.821701 0.775022 0.00188733
939 0.821701 0.771553 0.00214386
940 0.821701 0.763767 0.00308325
941 0.821701 0.762506 0.0037342
942 0.821701 0.767346 0.00311685
943 0.821701 0.765707 0.00357498
944 0.821701 0.773515 0.00218962
945 0.821701 0.771142 0.00236732
946 0.821701 0.773372 0.00304967
947 0.821701 0.763993 0.00515629
948 0.821701 0.769672 0.00428615
949 0.821701 0.768388 0.00340629
950 0.821701 0.761402 0.0052945
951 0.821701 0.763766 0.00598702
952 0.821701 0.755928 0.00824122
953 0.821701 0.758372 0.00667028
954 0.821701 0.768844 0.00461757
955 0.821701 0.762096 0.00602233
956 0.821701 0.762206 0.00656322
957 0.821701 0.762782 0.00427617
958 0.821701 0.769961 0.00285082
959 0.821701 0.776518 0.00142251
960 0.821701 0.771691 0.00193266
961 0.821701 0.767297 0.00258003
962 0.821701 0.772178 0.00240062
963 0.821701 0.771752 0.00230236
964 0.821701 0.768918 0.00261529
965 0.821701 0.76719 0.00329532
966 0.821701 0.767391 0.00334628
967 0.821701 0.768132 0.00304223
968 0.821701 0.766798 0.00338321
969 0.821701 0.773956 0.00150807
970 0.821701 0.775041 0.00135406
971 0.821701 0.771261 0.00246275
972 0.821701 0.772625 0.00349017
973 0.821701 0.770164 0.00332178
974 0.821701 0.774805 0.00173388
975 0.821701 0.76949 0.00220791
976 0.821701 0.766952 0.00232579
977 0.821701 0.763593 0.00297462
978 0.821701 0.766187 0.0026859
979 0.821701 0.759158 0.00371715
980 0.82184 0.765933 0.00287435
981 0.82184 0.759779 0.00380123
982 0.82184 0.761759 0.00397951
983 0.82184 0.770965 0.00327022
984 0.82184 0.763785 0.0043639
985 0.82184 0.768602 0.00274654
986 0.82184 0.764898 0.00301929
987 0.82184 0.772335 0.00185329
988 0.82184 0.772311 0.00160091
989 0.82184 0.768147 0.00356009
990 0.821867 0.773403 0.00208203
991 0.821867 0.77953 0.00110412
992 0.821867 0.777327 0.00130085
993 0.821867 0.777331 0.00121019
994 0.821867 0.776005 0.00143054
995 0.821867 0.773985 0.0019849
996 0.821867 0.770176 0.00300405
997 0.821867 0.778762 0.00141636
998 0.821867 0.777024 0.00155542
999 0.821867 0.778502 0.00124622
1000 0.821867 0.780369 0.000869351
