0 0.382499 0.247604 0.00108228
1 0.382499 0.251575 0.00119163
2 0.424469 0.259315 0.00173895
3 0.431233 0.266603 0.00217454
4 0.431233 0.264976 0.00305238
5 0.431233 0.277639 0.00413548
6 0.439133 0.279561 0.00424126
7 0.439133 0.282051 0.00424277
8 0.471659 0.283026 0.00542105
9 0.472596 0.293546 0.00611302
10 0.502674 0.293952 0.00706614
11 0.502674 0.285897 0.00618123
12 0.530851 0.292561 0.0075894
13 0.530851 0.303159 0.00794442
14 0.56576 0.30921 0.0098305
15 0.56576 0.300593 0.00935185
16 0.56576 0.305058 0.0116598
17 0.56576 0.311247 0.0120254
18 0.56576 0.305174 0.0125914
19 0.588652 0.30518 0.0135966
20 0.588652 0.305091 0.0131292
21 0.588652 0.306383 0.0116013
22 0.588652 0.31451 0.013704
23 0.588652 0.306698 0.0138035
24 0.588652 0.316945 0.0146516
25 0.588652 0.308482 0.0140479
26 0.593483 0.304687 0.014624
27 0.593483 0.328953 0.0168925
28 0.59726 0.341914 0.0170363
29 0.608935 0.355044 0.0189358
30 0.617564 0.341458 0.0171757
31 0.617564 0.360297 0.0182286
32 0.618614 0.376202 0.0199466
33 0.623269 0.393321 0.0204715
34 0.655064 0.422172 0.0200658
35 0.655064 0.418276 0.0220294
36 0.675155 0.417772 0.0234983
37 0.675155 0.420935 0.0224682
38 0.675155 0.423457 0.0227384
39 0.675155 0.427769 0.0237722
40 0.688496 0.44189 0.0233734
41 0.688496 0.44203 0.0213025
42 0.688496 0.451319 0.0208899
43 0.693139 0.464306 0.0225275
44 0.714601 0.479227 0.019834
45 0.714601 0.477852 0.019952
46 0.714601 0.493206 0.0184263
47 0.714601 0.489896 0.0186024
48 0.714601 0.508065 0.019573
49 0.714601 0.512885 0.0183583
50 0.714601 0.496647 0.0183522
51 0.714601 0.509506 0.0160307
52 0.714601 0.535223 0.0139861
53 0.714601 0.536173 0.0139789
54 0.714601 0.54821 0.0124933
55 0.718776 0.543815 0.0156715
56 0.718776 0.543778 0.014405
57 0.718776 0.544573 0.0158585
58 0.718776 0.531553 0.0145322
59 0.727052 0.536968 0.0153501
60 0.727052 0.546825 0.0150963
61 0.727052 0.557842 0.014664
62 0.727052 0.55376 0.0170763
63 0.727052 0.579469 0.0149879
64 0.727052 0.55325 0.0161461
65 0.727052 0.555933 0.019375
66 0.727052 0.555469 0.0192517
67 0.727052 0.578459 0.0136091
68 0.727052 0.561668 0.0159553
69 0.727052 0.555667 0.0163617
70 0.727052 0.55732 0.018186
71 0.740513 0.553192 0.0188075
72 0.740513 0.576254 0.0130522
73 0.746753 0.585048 0.0139185
74 0.746753 0.590745 0.0128301
75 0.746753 0.580586 0.0146412
76 0.746753 0.585826 0.0126188
77 0.746753 0.592321 0.0109427
78 0.746753 0.600511 0.0119722
79 0.746753 0.603245 0.00968765
80 0.746753 0.590527 0.0108972
81 0.746753 0.588549 0.0102387
82 0.746753 0.590743 0.0117725
83 0.746753 0.594399 0.0116697
84 0.746753 0.584659 0.0128222
85 0.746753 0.588794 0.0130898
86 0.746753 0.580174 0.0138869
87 0.746753 0.598832 0.0134487
88 0.746753 0.587347 0.0145273
89 0.746753 0.572286 0.0161186
90 0.746753 0.569046 0.013817
91 0.746753 0.572503 0.0145257
92 0.746753 0.572296 0.0141435
93 0.746753 0.573038 0.0147434
94 0.746753 0.559713 0.0160464
95 0.746753 0.567065 0.0162975
96 0.746753 0.588964 0.0134879
97 0.746753 0.574814 0.0139992
98 0.746753 0.576636 0.0164439
99 0.746753 0.5864 0.0131636
100 0.746753 0.590338 0.0123546
101 0.746753 0.574486 0.0131712
102 0.746753 0.593124 0.0153534
103 0.746753 0.586402 0.0154338
104 0.746753 0.590627 0.0166176
105 0.746753 0.584188 0.0137341
106 0.746753 0.591517 0.0142781
107 0.746753 0.58767 0.0121154
108 0.746753 0.569957 0.0172138
109 0.746753 0.591407 0.0137
110 0.746753 0.583595 0.0139014
111 0.746753 0.576624 0.012069
112 0.746753 0.58266 0.013938
113 0.746753 0.572749 0.0152378
114 0.746753 0.574602 0.0131162
115 0.746753 0.568863 0.0163043
116 0.746753 0.563343 0.0166636
117 0.746753 0.576942 0.0166565
118 0.746753 0.584688 0.018123
119 0.746753 0.577208 0.0175754
120 0.746753 0.572809 0.0158852
121 0.746753 0.555781 0.0161205
122 0.746753 0.555828 0.0152184
123 0.746753 0.576688 0.0135975
124 0.746753 0.569232 0.0168273
125 0.746753 0.551098 0.0192562
126 0.746753 0.557505 0.0172755
127 0.746753 0.548548 0.0140709
128 0.746753 0.549356 0.0167605
129 0.746753 0.547957 0.0167927
130 0.746753 0.563886 0.0157498
131 0.746753 0.568331 0.0154378
132 0.746753 0.564713 0.0132432
133 0.746753 0.565635 0.0133192
134 0.746753 0.576252 0.0146669
135 0.746753 0.569745 0.0146173
136 0.746753 0.567529 0.0137541
137 0.746753 0.570325 0.0151404
138 0.746753 0.584236 0.0176556
139 0.746753 0.585072 0.0158785
140 0.746753 0.574849 0.0157531
141 0.746753 0.580916 0.01373
142 0.746753 0.564518 0.0145849
143 0.746753 0.561962 0.0178259
144 0.746753 0.554378 0.0190582
145 0.746753 0.554572 0.0170882
146 0.746753 0.574966 0.0138168
147 0.746753 0.57774 0.0153098
148 0.746753 0.571712 0.0152875
149 0.746753 0.567107 0.0159787
150 0.746753 0.559082 0.0170021
151 0.746753 0.571475 0.0181869
152 0.746753 0.572231 0.015263
153 0.746753 0.58689 0.0145166
154 0.746753 0.589859 0.014267
155 0.746753 0.572408 0.0142214
156 0.746753 0.592962 0.0114733
157 0.746753 0.592049 0.00984336
158 0.746753 0.587194 0.012372
159 0.746753 0.566199 0.0149368
160 0.746753 0.559324 0.016473
161 0.746753 0.563371 0.0150237
162 0.755794 0.579264 0.0169079
163 0.755794 0.574 0.0166207
164 0.755794 0.581205 0.0168916
165 0.755794 0.590152 0.0146063
166 0.755794 0.588711 0.0135079
167 0.755794 0.594232 0.0136088
168 0.755794 0.601646 0.0121344
169 0.755794 0.592919 0.0155268
170 0.755794 0.573834 0.017165
171 0.755794 0.589886 0.0124003
172 0.755794 0.590948 0.0132789
173 0.755794 0.590313 0.0110103
174 0.755794 0.606738 0.0134793
175 0.755794 0.609929 0.0110221
176 0.755794 0.594796 0.0114075
177 0.755794 0.590034 0.0119035
178 0.755794 0.580212 0.0133899
179 0.755794 0.568078 0.0152874
180 0.755794 0.565327 0.0150106
181 0.755794 0.590662 0.0134549
182 0.755794 0.60049 0.0122843
183 0.755794 0.597519 0.0126252
184 0.755794 0.598207 0.0143358
185 0.755794 0.605702 0.0126833
186 0.755794 0.604162 0.0110143
187 0.755794 0.599573 0.0101954
188 0.755794 0.595099 0.0125105
189 0.755794 0.596847 0.0130365
190 0.755794 0.598356 0.0118358
191 0.755794 0.606025 0.0122294
192 0.755794 0.604468 0.0104603
193 0.755794 0.589766 0.0133036
194 0.755794 0.588845 0.0118954
195 0.755794 0.579292 0.0154691
196 0.755794 0.582455 0.0138448
197 0.755794 0.567668 0.015826
198 0.755794 0.557711 0.0192471
199 0.755794 0.562978 0.0176828
200 0.755794 0.56018 0.0204531
201 0.755794 0.547839 0.0186842
202 0.755794 0.563329 0.0173658
203 0.755794 0.556755 0.0194537
204 0.755794 0.572478 0.0181518
205 0.755794 0.558437 0.0194538
206 0.755794 0.580068 0.0163122
207 0.755794 0.585428 0.0181701
208 0.755794 0.593364 0.0176979
209 0.755794 0.599838 0.014559
210 0.755794 0.598966 0.0146471
211 0.755794 0.596735 0.0161509
212 0.755794 0.591774 0.0141947
213 0.755794 0.602074 0.0136568
214 0.755794 0.612424 0.0110187
215 0.755794 0.595376 0.0117111
216 0.755794 0.613968 0.012134
217 0.755794 0.616864 0.0107888
218 0.755794 0.622435 0.0108826
219 0.755794 0.603742 0.0154201
220 0.755794 0.608482 0.0144239
221 0.755794 0.591912 0.0150728
222 0.755794 0.589267 0.0157775
223 0.755794 0.585882 0.0151793
224 0.755794 0.592717 0.0125428
225 0.755794 0.598992 0.00997776
226 0.755794 0.608287 0.0109244
227 0.755794 0.589601 0.014118
228 0.755794 0.601883 0.0114886
229 0.755794 0.607269 0.0120074
230 0.755794 0.604555 0.0106664
231 0.755794 0.599379 0.0141468
232 0.755794 0.6056 0.0114391
233 0.755794 0.598476 0.0137785
234 0.755794 0.591046 0.0136566
235 0.755794 0.598901 0.0120841
236 0.755794 0.592063 0.0116582
237 0.755794 0.585472 0.0124536
238 0.755794 0.575094 0.0150365
239 0.755794 0.596539 0.0120452
240 0.755794 0.589592 0.0134377
241 0.755794 0.606791 0.0108109
242 0.755794 0.609027 0.0103174
243 0.755794 0.61303 0.0117918
244 0.755794 0.609636 0.0102708
245 0.755794 0.602977 0.0126348
246 0.755794 0.592408 0.0118098
247 0.755794 0.593906 0.0116295
248 0.755794 0.597583 0.0130057
249 0.755794 0.59436 0.0128855
250 0.755794 0.587675 0.01469
251 0.755794 0.595323 0.0147482
252 0.755794 0.583297 0.0174064
253 0.755794 0.572174 0.0170709
254 0.755794 0.576486 0.0145884
255 0.755794 0.58496 0.0138313
256 0.755794 0.575106 0.0168725
257 0.755794 0.577706 0.0170444
258 0.755794 0.585415 0.0160919
259 0.755794 0.567565 0.0206279
260 0.755794 0.580778 0.0181835
261 0.755794 0.582003 0.0172977
262 0.755794 0.570389 0.0169073
263 0.755794 0.571463 0.0195021
264 0.755794 0.594433 0.0126206
265 0.755794 0.588251 0.0147296
266 0.755794 0.588583 0.0143893
267 0.755794 0.582702 0.0170299
268 0.755794 0.597704 0.013389
269 0.755794 0.600947 0.0123999
270 0.755794 0.607103 0.0126091
271 0.755794 0.606 0.0125186
272 0.755794 0.596827 0.0144018
273 0.755794 0.604787 0.0125852
274 0.755794 0.603208 0.0121809
275 0.755794 0.60135 0.0119294
276 0.755794 0.598421 0.0127018
277 0.755794 0.605592 0.0120303
278 0.755794 0.608614 0.0132469
279 0.755794 0.592572 0.0147843
280 0.755794 0.600994 0.0127614
281 0.755794 0.581619 0.0147819
282 0.755794 0.594865 0.0136188
283 0.755794 0.594963 0.0147224
284 0.755794 0.598172 0.015091
285 0.755794 0.599371 0.0148269
286 0.755794 0.595867 0.0142214
287 0.755794 0.595548 0.0125411
288 0.755794 0.576509 0.0164938
289 0.755794 0.587392 0.0149677
290 0.755794 0.586375 0.0180699
291 0.755794 0.589633 0.0166715
292 0.755794 0.595737 0.0151955
293 0.755794 0.60148 0.0158322
294 0.755794 0.584868 0.0168772
295 0.755794 0.59914 0.0140466
296 0.755794 0.606157 0.012914
297 0.755794 0.588835 0.0154572
298 0.755794 0.592364 0.0136456
299 0.755794 0.606481 0.0113049
300 0.755794 0.60231 0.0118766
301 0.755794 0.614167 0.00933931
302 0.755794 0.616346 0.00936055
303 0.755794 0.6047 0.0101503
304 0.755794 0.601087 0.012073
305 0.755794 0.601428 0.0126525
306 0.755794 0.607554 0.0124562
307 0.755794 0.592562 0.0142288
308 0.755794 0.603708 0.0126962
309 0.755794 0.60375 0.0134828
310 0.755794 0.594915 0.014378
311 0.755794 0.586504 0.0148833
312 0.755794 0.588476 0.015976
313 0.755794 0.594707 0.0153721
314 0.755794 0.593378 0.0152271
315 0.755794 0.599614 0.0149539
316 0.755794 0.589338 0.017185
317 0.755794 0.599448 0.0151941
318 0.755794 0.602858 0.0122695
319 0.755794 0.599673 0.0123432
320 0.755794 0.596406 0.013142
321 0.755794 0.598612 0.0125298
322 0.755794 0.608779 0.0126559
323 0.755794 0.590577 0.0151368
324 0.755794 0.578801 0.0126673
325 0.755794 0.599432 0.0115315
326 0.755794 0.58664 0.0153207
327 0.755794 0.580604 0.0185452
328 0.755794 0.595727 0.0165926
329 0.755794 0.589528 0.0188398
330 0.755794 0.592261 0.0160907
331 0.755794 0.568313 0.0191231
332 0.755794 0.570479 0.017866
333 0.755794 0.566281 0.0187357
334 0.755794 0.573296 0.017495
335 0.755794 0.571054 0.0166547
336 0.755794 0.568835 0.0140401
337 0.755794 0.566822 0.016546
338 0.755794 0.573068 0.0181302
339 0.755794 0.58107 0.0152822
340 0.755794 0.581588 0.0165863
341 0.755794 0.593248 0.0145027
342 0.755794 0.593799 0.0127471
343 0.755794 0.600268 0.0134432
344 0.755794 0.605297 0.0108134
345 0.755794 0.611099 0.0101905
346 0.755794 0.611413 0.00958238
347 0.755794 0.59468 0.0141275
348 0.755794 0.605853 0.0117997
349 0.755794 0.609575 0.0126661
350 0.755794 0.606881 0.0132227
351 0.755794 0.603365 0.0140625
352 0.755794 0.605999 0.0139811
353 0.755794 0.603892 0.0144428
354 0.755794 0.612158 0.0116997
355 0.755794 0.617052 0.0121718
356 0.755794 0.62386 0.00847977
357 0.755794 0.625876 0.0087757
358 0.755794 0.619588 0.011296
359 0.755794 0.599535 0.0148598
360 0.755794 0.59957 0.0144811
361 0.755794 0.598181 0.0129059
362 0.755794 0.588632 0.0144075
363 0.755794 0.579787 0.0183958
364 0.755794 0.582126 0.0190051
365 0.755794 0.602264 0.0133731
366 0.755794 0.623861 0.00917343
367 0.755794 0.609124 0.0107456
368 0.755794 0.596416 0.0132356
369 0.755794 0.599479 0.0136655
370 0.755794 0.592381 0.0149989
371 0.755794 0.584726 0.0165351
372 0.755794 0.582187 0.0149345
373 0.755794 0.580709 0.0150122
374 0.755794 0.59965 0.0152392
375 0.755794 0.600305 0.0153828
376 0.755794 0.584398 0.015546
377 0.755794 0.59358 0.0126896
378 0.755794 0.59043 0.0136054
379 0.755794 0.60512 0.0130641
380 0.755794 0.608752 0.0107331
381 0.755794 0.598211 0.0143156
382 0.755794 0.593523 0.0147074
383 0.755794 0.591199 0.0158755
384 0.755794 0.599045 0.0151766
385 0.755794 0.609642 0.0142788
386 0.755794 0.606804 0.012435
387 0.755794 0.603126 0.0111703
388 0.755794 0.581518 0.0168438
389 0.755794 0.568988 0.0190678
390 0.755794 0.586209 0.0161505
391 0.755794 0.57949 0.0191923
392 0.755794 0.587137 0.0193658
393 0.755794 0.603469 0.0154231
394 0.755794 0.600218 0.0130416
395 0.755794 0.597934 0.0141876
396 0.755794 0.608452 0.0114203
397 0.755794 0.597359 0.0129995
398 0.755794 0.595248 0.0123414
399 0.755794 0.592308 0.0107318
400 0.755794 0.584577 0.0111563
401 0.755794 0.587324 0.012393
402 0.755794 0.57784 0.0103432
403 0.755794 0.575572 0.0132386
404 0.755794 0.573312 0.0159283
405 0.755794 0.586495 0.0146101
406 0.755794 0.567278 0.0159431
407 0.755794 0.559694 0.0148371
408 0.755794 0.563582 0.0148879
409 0.755794 0.574826 0.0155731
410 0.755794 0.579046 0.01247
411 0.755794 0.576475 0.0127752
412 0.755794 0.59506 0.0111192
413 0.755794 0.586656 0.0115473
414 0.755794 0.586777 0.0120185
415 0.755794 0.585123 0.0135985
416 0.755794 0.572844 0.0164662
417 0.755794 0.570059 0.0134968
418 0.755794 0.596955 0.0132327
419 0.755794 0.591592 0.0110091
420 0.755794 0.599454 0.0116558
421 0.755794 0.57945 0.0123294
422 0.755794 0.584801 0.0133525
423 0.755794 0.575595 0.0166017
424 0.755794 0.579323 0.0166383
425 0.755794 0.606617 0.0134225
426 0.755794 0.585512 0.0133618
427 0.755794 0.601037 0.00979857
428 0.755794 0.600128 0.0117852
429 0.755794 0.590935 0.0107865
430 0.755794 0.59916 0.0128224
431 0.755794 0.611671 0.0107132
432 0.755794 0.621083 0.0101696
433 0.755794 0.603933 0.0146933
434 0.755794 0.610067 0.0125636
435 0.755794 0.613924 0.00949948
436 0.755794 0.607419 0.0116515
437 0.755794 0.610355 0.0119738
438 0.755794 0.608185 0.0112364
439 0.755794 0.599138 0.0121813
440 0.755794 0.603064 0.0114886
441 0.755794 0.606791 0.0118475
442 0.755794 0.610235 0.0106712
443 0.755794 0.616414 0.0093287
444 0.755794 0.616712 0.00855105
445 0.755794 0.60098 0.0120378
446 0.755794 0.610351 0.0118268
447 0.755794 0.605121 0.0112021
448 0.755794 0.607652 0.0104845
449 0.755794 0.59054 0.016027
450 0.755794 0.605164 0.0120861
451 0.755794 0.597032 0.0125431
452 0.755794 0.592548 0.0149786
453 0.755794 0.601067 0.0133621
454 0.755794 0.586026 0.0148953
455 0.755794 0.591854 0.0127814
456 0.755794 0.589752 0.0142851
457 0.755794 0.59411 0.0118555
458 0.755794 0.593273 0.011695
459 0.755794 0.604345 0.00901898
460 0.755794 0.605588 0.00920256
461 0.755794 0.600071 0.00974993
462 0.755794 0.597762 0.0102229
463 0.755794 0.610148 0.0105253
464 0.755794 0.607758 0.0115427
465 0.755794 0.604698 0.012296
466 0.755794 0.611022 0.0112607
467 0.755794 0.593258 0.0155772
468 0.755794 0.581674 0.0167127
469 0.755794 0.594035 0.0131502
470 0.755794 0.594883 0.014491
471 0.755794 0.605949 0.0123497
472 0.755794 0.593213 0.0138864
473 0.755794 0.583539 0.0150189
474 0.755794 0.570417 0.0158668
475 0.755794 0.571621 0.0182391
476 0.755794 0.568174 0.0185034
477 0.755794 0.558441 0.0186754
478 0.755794 0.565661 0.0185737
479 0.755794 0.562414 0.0164259
480 0.755794 0.570387 0.0151269
481 0.755794 0.574538 0.0160601
482 0.755794 0.570252 0.014261
483 0.755794 0.571983 0.0157697
484 0.755794 0.583881 0.0167908
485 0.755794 0.59103 0.0170795
486 0.755794 0.589936 0.0167853
487 0.755794 0.588933 0.0118829
488 0.755794 0.583789 0.01454
489 0.755794 0.586964 0.0144055
490 0.755794 0.579331 0.0154211
491 0.755794 0.575015 0.0128924
492 0.755794 0.593817 0.009864
493 0.755794 0.59868 0.0108382
494 0.755794 0.586323 0.012897
495 0.755794 0.598743 0.012371
496 0.755794 0.586386 0.013985
497 0.755794 0.592197 0.0139561
498 0.755794 0.588467 0.0143349
499 0.755794 0.590366 0.0138031
500 0.755794 0.591404 0.0126862
501 0.755794 0.581196 0.013912
502 0.755794 0.587823 0.0141325
503 0.755794 0.578123 0.0161262
504 0.755794 0.588523 0.0155395
505 0.755794 0.580367 0.0165857
506 0.755794 0.586122 0.0163405
507 0.755794 0.589262 0.0138991
508 0.755794 0.585177 0.0150319
509 0.755794 0.577597 0.0153566
510 0.755794 0.569781 0.0181707
511 0.755794 0.578785 0.0158939
512 0.755794 0.597259 0.0120824
513 0.755794 0.596919 0.00989698
514 0.755794 0.588711 0.0132584
515 0.755794 0.588343 0.0150467
516 0.755794 0.595242 0.0130778
517 0.755794 0.592483 0.0153474
518 0.755794 0.589067 0.0148218
519 0.755794 0.583959 0.014811
520 0.755794 0.583024 0.0144445
521 0.755794 0.594592 0.0117497
522 0.756504 0.588778 0.0150287
523 0.756504 0.597646 0.0135213
524 0.756504 0.582791 0.0129269
525 0.756504 0.593585 0.0117696
526 0.756504 0.593436 0.0117851
527 0.756504 0.599381 0.00985371
528 0.756504 0.606535 0.0121628
529 0.756504 0.610324 0.011441
530 0.756504 0.604686 0.0115514
531 0.756504 0.595078 0.0116454
532 0.756504 0.602553 0.0125232
533 0.756504 0.600373 0.0119771
534 0.756504 0.580281 0.0160823
535 0.756504 0.581259 0.0164305
536 0.756504 0.599951 0.0133001
537 0.756504 0.604813 0.0125337
538 0.756504 0.605736 0.0103691
539 0.756504 0.605585 0.00887191
540 0.756504 0.609506 0.0108675
541 0.756504 0.606758 0.010803
542 0.756504 0.602187 0.0134599
543 0.756504 0.606996 0.0139819
544 0.756504 0.599224 0.0132075
545 0.756504 0.593254 0.0133377
546 0.756504 0.584673 0.0133135
547 0.756504 0.600492 0.00931996
548 0.756504 0.60033 0.0119123
549 0.756504 0.602478 0.0129072
550 0.756504 0.602997 0.0127121
551 0.756504 0.603284 0.012076
552 0.756504 0.6123 0.0120096
553 0.756504 0.608197 0.0122165
554 0.756504 0.598107 0.0112083
555 0.756504 0.598827 0.0121461
556 0.756504 0.592492 0.0122987
557 0.756504 0.593454 0.0132417
558 0.756504 0.613851 0.0105367
559 0.756504 0.616363 0.00895268
560 0.756504 0.602153 0.010819
561 0.756504 0.604041 0.0113846
562 0.756504 0.587692 0.012771
563 0.756504 0.587411 0.0122216
564 0.756504 0.580572 0.0143354
565 0.756504 0.572824 0.0166674
566 0.756504 0.562489 0.0188975
567 0.756504 0.575383 0.0164574
568 0.756504 0.592133 0.0147213
569 0.756504 0.586183 0.0149901
570 0.756504 0.583524 0.0170882
571 0.756504 0.576366 0.0158414
572 0.756504 0.586548 0.0138418
573 0.756504 0.590953 0.0129225
574 0.756504 0.589732 0.0145326
575 0.756504 0.592979 0.013635
576 0.756504 0.587865 0.0156464
577 0.756504 0.591162 0.0139348
578 0.756504 0.575784 0.0168767
579 0.756504 0.590968 0.0155355
580 0.756504 0.58097 0.0158816
581 0.756504 0.574106 0.0156618
582 0.756504 0.595861 0.0158759
583 0.756504 0.57735 0.0166181
584 0.756504 0.575458 0.0183487
585 0.756504 0.588113 0.0138117
586 0.756504 0.586806 0.0143423
587 0.756504 0.591821 0.0144554
588 0.756504 0.589786 0.0155558
589 0.756504 0.605946 0.0107936
590 0.756504 0.590295 0.0161168
591 0.756504 0.571992 0.0180348
592 0.756504 0.572333 0.0160573
593 0.756504 0.587897 0.0144855
594 0.756504 0.595891 0.0140294
595 0.756504 0.585426 0.0138586
596 0.756504 0.576461 0.0158366
597 0.756504 0.580339 0.017935
598 0.756504 0.581569 0.0175151
599 0.756504 0.599785 0.016568
600 0.756504 0.604337 0.0133762
601 0.756504 0.60828 0.0122825
602 0.756504 0.601962 0.0132072
603 0.756504 0.590378 0.0132113
604 0.756504 0.584227 0.0161636
605 0.756504 0.584232 0.0142284
606 0.756504 0.587083 0.0119577
607 0.756504 0.58906 0.0155415
608 0.756504 0.591058 0.0166074
609 0.756504 0.586513 0.0169703
610 0.756504 0.588924 0.01783
611 0.756504 0.602483 0.0146121
612 0.756504 0.594589 0.01595
613 0.756504 0.594163 0.0158944
614 0.756504 0.605146 0.0132058
615 0.756504 0.609236 0.0118686
616 0.756504 0.611493 0.014039
617 0.756504 0.604872 0.0144996
618 0.756504 0.618415 0.0116782
619 0.756504 0.616394 0.0128094
620 0.756504 0.603594 0.0112439
621 0.756504 0.60761 0.0101291
622 0.756504 0.622151 0.00830496
623 0.756504 0.618455 0.0107594
624 0.756504 0.616129 0.00952436
625 0.756504 0.60057 0.0110884
626 0.756504 0.597556 0.012712
627 0.756504 0.586238 0.0138603
628 0.756504 0.59546 0.0146488
629 0.756504 0.590262 0.0144009
630 0.756504 0.579544 0.0142394
631 0.756504 0.582146 0.0159981
632 0.756504 0.597016 0.0120001
633 0.756504 0.596273 0.0117307
634 0.756504 0.59375 0.0116086
635 0.756504 0.595986 0.011168
636 0.756504 0.60179 0.0114774
637 0.756504 0.591742 0.0147814
638 0.756504 0.572987 0.0165662
639 0.756504 0.565978 0.0191192
640 0.756504 0.591577 0.0136801
641 0.756504 0.58905 0.0156922
642 0.756504 0.579719 0.0151258
643 0.756504 0.587396 0.0135571
644 0.756504 0.576081 0.0171892
645 0.756504 0.587274 0.0183481
646 0.756504 0.581721 0.0166834
647 0.756504 0.583758 0.0182285
648 0.756504 0.599839 0.0146731
649 0.756504 0.618979 0.0109197
650 0.756504 0.591794 0.0150288
651 0.756504 0.591 0.0150304
652 0.756504 0.606774 0.0122946
653 0.756504 0.604266 0.0120032
654 0.756504 0.604704 0.0135807
655 0.756504 0.590577 0.0139648
656 0.756504 0.589983 0.0157115
657 0.756504 0.594682 0.016208
658 0.756504 0.59864 0.0140485
659 0.756504 0.599125 0.0147186
660 0.756504 0.597476 0.0153618
661 0.756504 0.600987 0.0152672
662 0.756504 0.600674 0.0153724
663 0.756504 0.601589 0.0153198
664 0.756504 0.610039 0.0131746
665 0.756504 0.610525 0.0131594
666 0.756504 0.606069 0.013807
667 0.756504 0.596203 0.016424
668 0.756504 0.587636 0.0152133
669 0.756504 0.598627 0.0127379
670 0.756504 0.612749 0.011247
671 0.756504 0.616207 0.00929427
672 0.756504 0.611317 0.0118194
673 0.756504 0.622793 0.0105215
674 0.756504 0.620236 0.00991072
675 0.756504 0.599588 0.0125429
676 0.756504 0.590749 0.0152404
677 0.756504 0.593083 0.0138676
678 0.756504 0.596363 0.0134811
679 0.756504 0.596877 0.0142999
680 0.756504 0.60429 0.0116067
681 0.756504 0.614054 0.0117823
682 0.756504 0.60787 0.0129814
683 0.756504 0.587877 0.0129711
684 0.756504 0.602946 0.0108301
685 0.756504 0.587404 0.011096
686 0.756504 0.598987 0.010645
687 0.756504 0.616825 0.00973748
688 0.756504 0.605705 0.00843867
689 0.756504 0.599472 0.0112442
690 0.756504 0.608388 0.0120551
691 0.756504 0.609839 0.0121742
692 0.756504 0.597766 0.0129399
693 0.756504 0.604722 0.0117611
694 0.756504 0.596407 0.0139292
695 0.756504 0.596333 0.014536
696 0.756504 0.605582 0.012872
697 0.756504 0.604052 0.0124669
698 0.756504 0.604272 0.0122439
699 0.756504 0.610632 0.00964391
700 0.756504 0.601423 0.0111774
701 0.756504 0.607725 0.0096523
702 0.756504 0.596772 0.0131149
703 0.756504 0.585719 0.0130974
704 0.756504 0.57851 0.0149486
705 0.756504 0.590537 0.0147255
706 0.756504 0.577996 0.0155457
707 0.756504 0.600925 0.0148155
708 0.756504 0.606344 0.0111216
709 0.756504 0.593478 0.0140601
710 0.756504 0.593755 0.0138896
711 0.756504 0.599234 0.0119293
712 0.756504 0.602012 0.0126689
713 0.756504 0.596055 0.0139159
714 0.756504 0.609664 0.0118408
715 0.756504 0.60092 0.0130605
716 0.756504 0.603553 0.0114764
717 0.756504 0.59862 0.0113475
718 0.756504 0.593921 0.0114074
719 0.756504 0.589065 0.0108459
720 0.756504 0.59897 0.0136498
721 0.756504 0.599541 0.0111821
722 0.756504 0.599238 0.0112748
723 0.756504 0.605454 0.0117599
724 0.756504 0.602115 0.0136481
725 0.756504 0.597891 0.0121211
726 0.756504 0.607336 0.0118581
727 0.756504 0.599754 0.0126771
728 0.756504 0.603023 0.011284
729 0.756504 0.602311 0.0113513
730 0.756504 0.589505 0.0141897
731 0.756504 0.591301 0.0131616
732 0.756504 0.589361 0.0119004
733 0.756504 0.594261 0.0135003
734 0.756504 0.587267 0.0152515
735 0.756504 0.576752 0.0162632
736 0.756504 0.58447 0.0162589
737 0.756504 0.588121 0.0158615
738 0.756504 0.584055 0.0160304
739 0.756504 0.587022 0.0148507
740 0.756504 0.590472 0.016134
741 0.756504 0.589611 0.0160554
742 0.756504 0.604642 0.0122709
743 0.756504 0.607581 0.010352
744 0.756504 0.599523 0.0138993
745 0.756504 0.599632 0.0132302
746 0.756504 0.600101 0.0115777
747 0.756504 0.593718 0.0123449
748 0.756504 0.612688 0.0108269
749 0.756504 0.603737 0.0105786
750 0.756504 0.599128 0.0115781
751 0.756504 0.5905 0.012741
752 0.756504 0.605367 0.00949862
753 0.756504 0.614386 0.0107667
754 0.756504 0.617006 0.0107015
755 0.756504 0.610646 0.0101772
756 0.758258 0.610562 0.0124201
757 0.758258 0.602378 0.0114205
758 0.758258 0.587262 0.0138194
759 0.758258 0.592296 0.0136012
760 0.758258 0.587341 0.0145963
761 0.758258 0.589586 0.01707
762 0.758258 0.598675 0.0150774
763 0.758258 0.60379 0.0133116
764 0.758258 0.609649 0.0130171
765 0.758258 0.600149 0.0117904
766 0.758258 0.60239 0.010592
767 0.758258 0.595851 0.0120079
768 0.758258 0.605101 0.0130736
769 0.758258 0.604602 0.013126
770 0.758258 0.602313 0.0128471
771 0.758258 0.617991 0.0114782
772 0.758258 0.591579 0.0170741
773 0.758258 0.583181 0.0164557
774 0.758258 0.572237 0.0184725
775 0.758258 0.583503 0.0141197
776 0.758258 0.584604 0.01299
777 0.758258 0.592234 0.0154204
778 0.758258 0.594059 0.0174413
779 0.758258 0.589162 0.0173171
780 0.758258 0.606471 0.01433
781 0.758258 0.603983 0.0138879
782 0.758258 0.583352 0.0152887
783 0.758258 0.590073 0.0141819
784 0.758258 0.57776 0.0168844
785 0.758258 0.587496 0.0140797
786 0.758258 0.585997 0.0134219
787 0.758258 0.579336 0.0169314
788 0.758258 0.585827 0.0157346
789 0.758258 0.585489 0.0148834
790 0.758258 0.585682 0.0134569
791 0.758258 0.595702 0.0122482
792 0.758258 0.577978 0.0133749
793 0.758258 0.591659 0.0164158
794 0.758258 0.582222 0.0173541
795 0.758258 0.584179 0.0188636
796 0.758258 0.59304 0.0141063
797 0.758258 0.600359 0.01322
798 0.758258 0.599568 0.0133414
799 0.758258 0.609516 0.0127857
800 0.758258 0.595367 0.0132843
801 0.758258 0.587967 0.0139115
802 0.758258 0.595202 0.0155911
803 0.758258 0.581542 0.0161254
804 0.758258 0.586038 0.0155959
805 0.758258 0.607238 0.0124567
806 0.758258 0.596261 0.0159777
807 0.758258 0.590214 0.0139574
808 0.758258 0.578708 0.0145303
809 0.758258 0.563188 0.01604
810 0.758258 0.571805 0.0134872
811 0.758258 0.579276 0.0138023
812 0.758258 0.586548 0.0129801
813 0.758258 0.606357 0.0110825
814 0.758258 0.615475 0.0109308
815 0.758258 0.603674 0.0123154
816 0.758258 0.59427 0.0133538
817 0.758258 0.60572 0.0124755
818 0.758258 0.597389 0.0137862
819 0.758258 0.58516 0.0141947
820 0.758258 0.583794 0.0154115
821 0.758258 0.59882 0.0121887
822 0.758258 0.594908 0.0134937
823 0.758258 0.581054 0.0175841
824 0.758258 0.570969 0.0195278
825 0.758258 0.58054 0.0163407
826 0.758258 0.571508 0.0168634
827 0.758258 0.583957 0.0161979
828 0.758258 0.572303 0.018975
829 0.758258 0.589762 0.0162767
830 0.758258 0.581861 0.0155844
831 0.758258 0.585422 0.0133275
832 0.758258 0.583059 0.012608
833 0.758258 0.567352 0.0171074
834 0.758258 0.572819 0.0143029
835 0.758258 0.562746 0.0166795
836 0.758258 0.572063 0.0168498
837 0.758258 0.592141 0.0147694
838 0.758258 0.599802 0.0129624
839 0.758258 0.589545 0.0153271
840 0.758258 0.593338 0.0125531
841 0.758258 0.594665 0.0140047
842 0.758258 0.600631 0.0104062
843 0.758258 0.590951 0.0132966
844 0.758258 0.575533 0.0139873
845 0.758258 0.578124 0.015689
846 0.758258 0.58965 0.0141673
847 0.758258 0.590579 0.0153974
848 0.758258 0.606706 0.0132866
849 0.758258 0.618359 0.0117861
850 0.758258 0.594833 0.0178357
851 0.758258 0.59896 0.015362
852 0.758258 0.605471 0.0128718
853 0.758258 0.611632 0.0125066
854 0.758258 0.61345 0.0118488
855 0.758258 0.610491 0.0123217
856 0.758258 0.582065 0.0130236
857 0.758258 0.584551 0.0125118
858 0.758258 0.581862 0.0144218
859 0.758258 0.581959 0.0163528
860 0.758258 0.593607 0.0151042
861 0.758258 0.573819 0.0173383
862 0.758258 0.570752 0.0175715
863 0.758258 0.575755 0.0193502
864 0.758258 0.574052 0.0173954
865 0.758258 0.566734 0.0172809
866 0.758258 0.550474 0.0158375
867 0.758258 0.566171 0.0166855
868 0.758258 0.570838 0.0155765
869 0.758258 0.567139 0.0156525
870 0.758258 0.565426 0.0175669
871 0.758258 0.566659 0.0151801
872 0.758258 0.572929 0.0144676
873 0.758258 0.561449 0.0169473
874 0.758258 0.569617 0.0167076
875 0.758258 0.565019 0.0171191
876 0.758258 0.556365 0.0196436
877 0.758258 0.574512 0.0146489
878 0.758258 0.589237 0.0149467
879 0.758258 0.576976 0.0138203
880 0.758258 0.587405 0.0129197
881 0.758258 0.571879 0.0166801
882 0.758258 0.580171 0.014974
883 0.758258 0.586274 0.0139404
884 0.758258 0.575865 0.0136648
885 0.758258 0.562901 0.0120189
886 0.758258 0.571619 0.0125055
887 0.758258 0.575398 0.0138254
888 0.758258 0.576803 0.0126764
889 0.758258 0.589635 0.0127536
890 0.758258 0.604866 0.013727
891 0.758258 0.608379 0.0106784
892 0.758258 0.620534 0.0101818
893 0.758258 0.60016 0.0126087
894 0.758258 0.602256 0.0150221
895 0.758258 0.593747 0.0160655
896 0.758258 0.611554 0.0111174
897 0.758258 0.60439 0.0115062
898 0.758258 0.611679 0.0113672
899 0.758258 0.595434 0.0165476
900 0.758258 0.595176 0.0162961
901 0.758258 0.59791 0.0154211
902 0.758258 0.583334 0.0143683
903 0.758258 0.591414 0.0154555
904 0.758258 0.597678 0.0139662
905 0.758258 0.596842 0.0130079
906 0.758258 0.586176 0.0146052
907 0.758258 0.593561 0.0154672
908 0.758258 0.583984 0.0171248
909 0.758258 0.580864 0.01443
910 0.758258 0.568635 0.0188042
911 0.758258 0.573523 0.0190348
912 0.758258 0.579781 0.017272
913 0.758258 0.585055 0.0147485
914 0.758258 0.592201 0.0140349
915 0.758258 0.593567 0.0134993
916 0.758258 0.594657 0.0116698
917 0.758258 0.599341 0.013003
918 0.758258 0.592747 0.0135517
919 0.758258 0.589365 0.0177702
920 0.758258 0.579883 0.014909
921 0.758258 0.580286 0.0122847
922 0.758258 0.594144 0.0110683
923 0.758258 0.59218 0.0129269
924 0.758258 0.576408 0.0150736
925 0.758258 0.573473 0.0172303
926 0.758258 0.560116 0.0195607
927 0.758258 0.55809 0.0172761
928 0.758258 0.55374 0.0174545
929 0.758258 0.570177 0.0146358
930 0.758258 0.580186 0.0124875
931 0.758258 0.588333 0.0124316
932 0.758258 0.568058 0.0141607
933 0.758258 0.55858 0.0169277
934 0.758258 0.582043 0.0148015
935 0.758258 0.579617 0.0156455
936 0.758258 0.590128 0.0165252
937 0.758258 0.580981 0.0154471
938 0.758258 0.584659 0.0160635
939 0.758258 0.578443 0.0190986
940 0.758258 0.591682 0.018176
941 0.758258 0.587533 0.0164926
942 0.758258 0.604941 0.0139157
943 0.758258 0.594063 0.0144107
944 0.758258 0.60361 0.0127438
945 0.758258 0.593989 0.0133512
946 0.758258 0.603565 0.0134771
947 0.758258 0.602409 0.0131883
948 0.758258 0.605577 0.0131436
949 0.758258 0.594846 0.0172762
950 0.758258 0.595087 0.0160464
951 0.758258 0.616486 0.0112955
952 0.758258 0.61172 0.0126167
953 0.758258 0.594683 0.0167437
954 0.758258 0.601068 0.0144435
955 0.758258 0.591503 0.0160647
956 0.758258 0.588751 0.0149976
957 0.758258 0.607264 0.0128545
958 0.758258 0.609821 0.0113566
959 0.758258 0.598983 0.012618
960 0.758258 0.596965 0.0122534
961 0.758258 0.58405 0.0130217
962 0.758258 0.583737 0.0126434
963 0.758258 0.578578 0.0150856
964 0.758258 0.575759 0.0154596
965 0.758258 0.583913 0.016525
966 0.758258 0.581733 0.0174756
967 0.758258 0.567602 0.0172238
968 0.758258 0.566552 0.0173643
969 0.758258 0.564809 0.0202624
970 0.758258 0.569922 0.018993
971 0.758258 0.574941 0.0193859
972 0.758258 0.566524 0.0225495
973 0.758258 0.584269 0.0168178
974 0.758258 0.589282 0.0173775
975 0.758258 0.579712 0.0156331
976 0.758258 0.583885 0.0159912
977 0.758258 0.588451 0.0131804
978 0.758258 0.603298 0.0134589
979 0.758258 0.606203 0.0148858
980 0.758258 0.590935 0.0163276
981 0.758258 0.592994 0.0182239
982 0.758258 0.585276 0.0180749
983 0.758258 0.588064 0.0160886
984 0.758258 0.589989 0.012856
985 0.758258 0.58496 0.0132831
986 0.758258 0.591596 0.0147184
987 0.758258 0.600561 0.012889
988 0.758258 0.613754 0.0122488
989 0.758258 0.610479 0.0137669
990 0.758258 0.602722 0.0163204
991 0.758258 0.609638 0.0137272
992 0.758258 0.584478 0.0154335
993 0.758258 0.597987 0.0141514
994 0.758258 0.593351 0.0157986
995 0.758258 0.599424 0.0166591
996 0.758258 0.59281 0.0130188
997 0.758258 0.591625 0.0120342
998 0.758258 0.604099 0.0126094
999 0.758258 0.591255 0.0158693
1000 0.758258 0.584676 0.0168081
