0 0.671226 0.500777 0.000746447
1 0.690668 0.507508 0.00152955
2 0.690668 0.512501 0.00165777
3 0.690668 0.519012 0.00221647
4 0.721776 0.52781 0.00363225
5 0.721776 0.531951 0.00460555
6 0.721776 0.538594 0.00633119
7 0.747458 0.538853 0.00713594
8 0.747458 0.542618 0.00717683
9 0.747458 0.548694 0.0064825
10 0.747776 0.54501 0.0072203
11 0.747776 0.554594 0.00710596
12 0.772791 0.561326 0.00961948
13 0.772791 0.554651 0.00877571
14 0.772791 0.569301 0.00956171
15 0.772791 0.575548 0.0101499
16 0.793803 0.583713 0.0116543
17 0.793803 0.58741 0.0120258
18 0.793803 0.588631 0.0105172
19 0.793803 0.593969 0.012973
20 0.793803 0.607809 0.0128815
21 0.793803 0.607224 0.0117083
22 0.793803 0.60647 0.0112943
23 0.793803 0.591887 0.0101724
24 0.819328 0.606491 0.0116095
25 0.819328 0.604634 0.0122408
26 0.822347 0.607294 0.013837
27 0.842195 0.620621 0.0143046
28 0.842195 0.6174 0.0142129
29 0.864976 0.614321 0.0167193
30 0.887984 0.638523 0.0199007
31 0.887984 0.65682 0.0203498
32 0.88863 0.68221 0.0213496
33 0.90319 0.679248 0.0213194
34 0.91277 0.67807 0.0205145
35 0.91277 0.676265 0.0222989
36 0.91277 0.686673 0.0234756
37 0.91277 0.685965 0.0223216
38 0.91277 0.699917 0.0249433
39 0.91277 0.689837 0.0239784
40 0.91277 0.714287 0.0236521
41 0.91277 0.713623 0.0234794
42 0.91277 0.735594 0.0217184
43 0.928534 0.745662 0.0194735
44 0.928534 0.742038 0.0189771
45 0.928534 0.750914 0.0164341
46 0.928534 0.749894 0.0154562
47 0.928534 0.760359 0.0152598
48 0.928534 0.794991 0.0129392
49 0.94803 0.808836 0.0102034
50 0.94969 0.815069 0.0112537
51 0.950775 0.802035 0.0148573
52 0.959392 0.817186 0.0136156
53 0.959392 0.831644 0.0118636
54 0.959392 0.841253 0.00790737
55 0.959392 0.844157 0.00825184
56 0.959392 0.849505 0.00943489
57 0.974309 0.857478 0.010418
58 0.974309 0.847661 0.0100848
59 0.974309 0.86219 0.00744831
60 0.974309 0.874907 0.00627234
61 0.974309 0.870771 0.0063467
62 0.974309 0.878359 0.00613641
63 0.974309 0.867248 0.0083062
64 0.974524 0.869922 0.0069141
65 0.975761 0.874838 0.00834822
66 0.975761 0.880165 0.00774557
67 0.976753 0.887673 0.00562012
68 0.976753 0.887091 0.00620606
69 0.976753 0.891466 0.00456058
70 0.976753 0.887811 0.00539248
71 0.976753 0.902483 0.00459093
72 0.981686 0.891828 0.00701609
73 0.981686 0.899775 0.00469454
74 0.981686 0.8924 0.00553343
75 0.983938 0.89907 0.00481993
76 0.983938 0.892753 0.00553583
77 0.983938 0.893878 0.00583525
78 0.983938 0.890682 0.0065257
79 0.985501 0.899722 0.00550658
80 0.985501 0.890119 0.00687392
81 0.985501 0.882193 0.00996605
82 0.985501 0.88504 0.00749774
83 0.986104 0.898755 0.00541953
84 0.986104 0.894729 0.00617703
85 0.986104 0.901954 0.00464367
86 0.988768 0.908226 0.00468319
87 0.988768 0.907818 0.00460008
88 0.988768 0.906751 0.00471211
89 0.988768 0.906138 0.00490208
90 0.988768 0.901078 0.00528064
91 0.988768 0.913189 0.00374436
92 0.988768 0.911815 0.0037556
93 0.988768 0.913204 0.00447408
94 0.988768 0.917365 0.00408598
95 0.988768 0.909561 0.00482669
96 0.988768 0.906444 0.00502479
97 0.988768 0.906259 0.00500877
98 0.988768 0.904062 0.00498105
99 0.988768 0.902216 0.00603336
100 0.988768 0.902062 0.00655099
101 0.988829 0.907037 0.00533284
102 0.988829 0.913061 0.00377673
103 0.988829 0.920678 0.00292902
104 0.988829 0.915039 0.00517618
105 0.988829 0.909573 0.00672958
106 0.988829 0.911036 0.00511579
107 0.988829 0.901978 0.00528821
108 0.988829 0.908257 0.00498945
109 0.988829 0.906715 0.00477268
110 0.988829 0.916296 0.0030202
111 0.989052 0.919656 0.00408751
112 0.989052 0.9107 0.00468776
113 0.989052 0.917035 0.00401065
114 0.989052 0.909659 0.00444254
115 0.989052 0.899869 0.00621343
116 0.989052 0.908758 0.00599156
117 0.989052 0.902789 0.0072103
118 0.989052 0.903542 0.0062549
119 0.989052 0.894219 0.00730125
120 0.989052 0.892924 0.00835699
121 0.989069 0.902914 0.00837134
122 0.989069 0.901369 0.00824991
123 0.989069 0.900623 0.00820043
124 0.989069 0.913938 0.00618416
125 0.989069 0.913763 0.00469818
126 0.989069 0.914884 0.00464895
127 0.989069 0.910141 0.0044935
128 0.989545 0.912871 0.00501706
129 0.989545 0.91528 0.00342049
130 0.989545 0.90418 0.00434005
131 0.989545 0.897439 0.00462683
132 0.989545 0.907203 0.00471816
133 0.989545 0.905075 0.00594501
134 0.989545 0.900325 0.00610331
135 0.989545 0.89899 0.00797338
136 0.989545 0.895463 0.00900394
137 0.989545 0.890249 0.0103806
138 0.989545 0.89575 0.0104055
139 0.989545 0.895496 0.00985685
140 0.989545 0.896059 0.00807222
141 0.989545 0.891787 0.00995611
142 0.989545 0.904213 0.00774748
143 0.989545 0.903115 0.00991639
144 0.989545 0.909272 0.00776587
145 0.989545 0.894021 0.00912447
146 0.989545 0.895591 0.00859262
147 0.989545 0.889166 0.00892682
148 0.989545 0.892899 0.00924191
149 0.989545 0.895762 0.0095371
150 0.989545 0.897578 0.00841065
151 0.989545 0.908371 0.00563535
152 0.989545 0.905431 0.00492271
153 0.989545 0.90641 0.00462727
154 0.989545 0.893716 0.00537591
155 0.989545 0.91017 0.00435522
156 0.989545 0.918967 0.00307944
157 0.98987 0.91826 0.00368102
158 0.98987 0.919537 0.00309482
159 0.98987 0.904738 0.00458231
160 0.98987 0.899331 0.00505441
161 0.98987 0.899532 0.00672259
162 0.98987 0.908172 0.00519493
163 0.98987 0.905486 0.00524063
164 0.98987 0.911954 0.00498259
165 0.98987 0.913845 0.00427816
166 0.98987 0.910494 0.00523453
167 0.98987 0.90651 0.00709809
168 0.98987 0.915124 0.00550157
169 0.990373 0.918709 0.00533038
170 0.990373 0.924586 0.00282594
171 0.990373 0.919949 0.00501134
172 0.990373 0.923889 0.00404213
173 0.990373 0.926275 0.00418081
174 0.990373 0.922169 0.00445728
175 0.990373 0.913825 0.00497104
176 0.990373 0.907887 0.00495596
177 0.990373 0.908996 0.00570518
178 0.990373 0.909825 0.00423945
179 0.990373 0.917858 0.00370971
180 0.990373 0.905482 0.00624976
181 0.990373 0.917941 0.00353364
182 0.990373 0.913112 0.00339754
183 0.990373 0.915526 0.00369225
184 0.990373 0.918605 0.00398758
185 0.990373 0.919768 0.00429156
186 0.990373 0.912766 0.00537009
187 0.990373 0.900437 0.00503727
188 0.990373 0.895353 0.00663973
189 0.990373 0.893797 0.00899747
190 0.990373 0.89304 0.00814404
191 0.990373 0.892124 0.00729971
192 0.990373 0.879867 0.00897203
193 0.990373 0.886395 0.00825864
194 0.990373 0.890537 0.0082419
195 0.990373 0.894202 0.00670706
196 0.990373 0.894156 0.00628767
197 0.990373 0.897197 0.00667455
198 0.990373 0.884054 0.00897738
199 0.990373 0.882934 0.0130244
200 0.990373 0.899881 0.00958247
201 0.991334 0.901813 0.00746194
202 0.991334 0.899236 0.00891871
203 0.991334 0.909376 0.00706289
204 0.991334 0.89945 0.00831198
205 0.991334 0.898088 0.00845305
206 0.991334 0.901026 0.00767202
207 0.991334 0.903578 0.00710928
208 0.991334 0.916893 0.00468621
209 0.991334 0.911754 0.00331114
210 0.991334 0.910566 0.00460028
211 0.991334 0.904887 0.00563003
212 0.991334 0.904799 0.0054819
213 0.991334 0.8988 0.00581575
214 0.991334 0.908306 0.00542102
215 0.991334 0.909665 0.00502415
216 0.991334 0.908079 0.00503144
217 0.991334 0.909175 0.00563976
218 0.991334 0.899858 0.00816294
219 0.991334 0.906351 0.00651082
220 0.991334 0.912007 0.00636451
221 0.991334 0.917415 0.00581348
222 0.991334 0.920541 0.0042798
223 0.991334 0.911967 0.00324417
224 0.991334 0.90744 0.00447819
225 0.991334 0.908847 0.00485204
226 0.991334 0.902174 0.00681974
227 0.991334 0.910721 0.0055526
228 0.991334 0.910291 0.00529606
229 0.991334 0.917736 0.00351999
230 0.991334 0.919567 0.00402223
231 0.991334 0.911978 0.00493
232 0.991334 0.909387 0.00519221
233 0.991334 0.898227 0.00632526
234 0.991334 0.89314 0.0067631
235 0.991334 0.891712 0.0072649
236 0.991334 0.903237 0.00610148
237 0.991334 0.899038 0.00684937
238 0.991334 0.881674 0.00926005
239 0.991334 0.891969 0.0104247
240 0.991334 0.901774 0.00922592
241 0.991334 0.894937 0.0105647
242 0.991334 0.905321 0.00980897
243 0.991334 0.89722 0.0100612
244 0.991334 0.898187 0.0110107
245 0.991334 0.909389 0.00747161
246 0.991334 0.913022 0.00717418
247 0.991334 0.915917 0.00534801
248 0.991334 0.914667 0.00643114
249 0.991334 0.902717 0.00696665
250 0.991334 0.898098 0.00818644
251 0.991334 0.887233 0.011542
252 0.991334 0.883659 0.0122013
253 0.991334 0.889377 0.0110305
254 0.991334 0.895818 0.00660278
255 0.991334 0.901901 0.00650296
256 0.991334 0.905436 0.00669186
257 0.991334 0.895919 0.00823228
258 0.991334 0.90251 0.00863128
259 0.991334 0.918125 0.00545297
260 0.991334 0.907168 0.00724562
261 0.991334 0.914294 0.00532325
262 0.991334 0.911694 0.00585326
263 0.991334 0.920343 0.00373987
264 0.991334 0.908954 0.00542029
265 0.991559 0.912686 0.00498844
266 0.991559 0.905059 0.00543592
267 0.991559 0.916826 0.00508989
268 0.991559 0.908498 0.00414535
269 0.991559 0.908371 0.00354561
270 0.991559 0.906392 0.00553394
271 0.991559 0.906857 0.00714595
272 0.991559 0.903443 0.00835851
273 0.991559 0.900883 0.00880275
274 0.991559 0.903215 0.00930726
275 0.991559 0.905351 0.00963803
276 0.991559 0.899371 0.0106435
277 0.991559 0.90297 0.00952643
278 0.991559 0.903112 0.0089272
279 0.991559 0.905061 0.0106834
280 0.991559 0.904802 0.00999734
281 0.991559 0.916308 0.00632643
282 0.991559 0.917771 0.00643352
283 0.991559 0.913005 0.00673743
284 0.991559 0.923511 0.00427963
285 0.991559 0.923568 0.00314759
286 0.991559 0.913063 0.00540381
287 0.991559 0.901623 0.00692705
288 0.991559 0.90218 0.00576512
289 0.991559 0.887043 0.00926338
290 0.991559 0.902096 0.00768859
291 0.991559 0.900975 0.00612826
292 0.991559 0.89098 0.00813925
293 0.991559 0.885142 0.0106376
294 0.991559 0.881902 0.0118684
295 0.991645 0.882317 0.0102826
296 0.991645 0.881566 0.0101011
297 0.991645 0.88829 0.00882036
298 0.991722 0.890378 0.00755195
299 0.991722 0.887649 0.00822935
300 0.991722 0.886443 0.00907732
301 0.991722 0.883416 0.0103451
302 0.991722 0.888118 0.00875226
303 0.991722 0.890683 0.00904271
304 0.991722 0.885797 0.012683
305 0.991722 0.899522 0.00892626
306 0.991722 0.904577 0.00894673
307 0.991722 0.900968 0.0109457
308 0.991722 0.905841 0.00965647
309 0.991722 0.90475 0.00983086
310 0.991722 0.896279 0.0113542
311 0.991722 0.89074 0.0123568
312 0.991722 0.889098 0.0120661
313 0.991722 0.889723 0.0106907
314 0.991722 0.892176 0.00929186
315 0.991722 0.904763 0.00771247
316 0.991722 0.913212 0.00579491
317 0.991722 0.907542 0.00622486
318 0.991722 0.90099 0.00851952
319 0.991722 0.90781 0.0073802
320 0.991962 0.907255 0.00759507
321 0.991962 0.913463 0.00690519
322 0.991962 0.908047 0.00741746
323 0.991962 0.909547 0.00619477
324 0.991962 0.906592 0.00599016
325 0.991962 0.901027 0.00730462
326 0.991962 0.909005 0.00622686
327 0.991962 0.922381 0.00400642
328 0.991962 0.92678 0.00289111
329 0.991962 0.931773 0.00219184
330 0.991962 0.928024 0.00273512
331 0.991962 0.926265 0.00305499
332 0.991962 0.921272 0.0033756
333 0.991962 0.92877 0.00348877
334 0.991962 0.932723 0.00238274
335 0.991962 0.929606 0.00349121
336 0.991962 0.932436 0.00346915
337 0.991962 0.932757 0.0038514
338 0.991962 0.920049 0.00519361
339 0.991962 0.911901 0.00785072
340 0.991962 0.909211 0.00741718
341 0.991962 0.897564 0.0107307
342 0.991962 0.901387 0.0113786
343 0.991962 0.886607 0.0138242
344 0.991962 0.890357 0.0143769
345 0.991962 0.883672 0.0133212
346 0.991962 0.883299 0.0144488
347 0.991962 0.891337 0.0107816
348 0.991962 0.905973 0.00822856
349 0.991962 0.903191 0.00738802
350 0.991962 0.910489 0.00631294
351 0.991962 0.910649 0.00640967
352 0.991962 0.916216 0.00488793
353 0.991962 0.906244 0.00536433
354 0.991962 0.902803 0.0052707
355 0.991962 0.902581 0.00728492
356 0.991962 0.897032 0.00827258
357 0.991962 0.90697 0.00651654
358 0.991962 0.902984 0.00647423
359 0.991962 0.904131 0.00704955
360 0.991962 0.9092 0.00527952
361 0.991962 0.910769 0.00528673
362 0.991962 0.912524 0.0059422
363 0.991962 0.915644 0.00548006
364 0.991962 0.9142 0.00432368
365 0.991962 0.905086 0.00425578
366 0.991962 0.912519 0.00367194
367 0.991962 0.913931 0.00495949
368 0.991962 0.913398 0.00507149
369 0.991962 0.909181 0.00504165
370 0.991962 0.896642 0.00726266
371 0.991962 0.895364 0.00887043
372 0.991962 0.889741 0.00941068
373 0.991962 0.895879 0.00802896
374 0.991962 0.90661 0.0057805
375 0.991962 0.901713 0.00769801
376 0.991962 0.891413 0.0112345
377 0.991962 0.897196 0.0111107
378 0.991962 0.895765 0.0106975
379 0.991962 0.904321 0.010598
380 0.991962 0.902637 0.0109249
381 0.991962 0.90102 0.00923017
382 0.991962 0.903545 0.0100958
383 0.991962 0.899975 0.0102811
384 0.991962 0.904695 0.00720208
385 0.991962 0.912809 0.00715165
386 0.991962 0.910478 0.00691647
387 0.991962 0.90675 0.00645647
388 0.991962 0.908206 0.00788191
389 0.991962 0.911981 0.00660226
390 0.991962 0.907525 0.0063072
391 0.991962 0.907333 0.0057171
392 0.991962 0.913842 0.00516124
393 0.991962 0.894134 0.00782711
394 0.991962 0.902762 0.00773699
395 0.991962 0.908098 0.00702531
396 0.991962 0.902884 0.00757487
397 0.991962 0.878892 0.0110797
398 0.991962 0.893573 0.00894472
399 0.991962 0.912254 0.00623672
400 0.991962 0.908126 0.00778033
401 0.991962 0.910645 0.0089656
402 0.991962 0.911241 0.009767
403 0.991962 0.91283 0.00752967
404 0.991962 0.916993 0.00798267
405 0.991962 0.914353 0.0101692
406 0.991962 0.916806 0.00879928
407 0.991962 0.918579 0.00813319
408 0.991962 0.911936 0.00984906
409 0.991962 0.915138 0.00758279
410 0.991962 0.908557 0.00708609
411 0.991962 0.906642 0.00738692
412 0.991962 0.914926 0.00583568
413 0.991962 0.904403 0.00794359
414 0.991962 0.912246 0.0061366
415 0.991962 0.90992 0.0085466
416 0.991962 0.909104 0.00723736
417 0.991962 0.904169 0.00708304
418 0.991962 0.914009 0.00424521
419 0.991962 0.902564 0.00669791
420 0.991962 0.904218 0.00697535
421 0.991962 0.909184 0.00581984
422 0.991962 0.907959 0.00556496
423 0.991962 0.914881 0.00499876
424 0.991962 0.921215 0.00340078
425 0.991962 0.904981 0.00730728
426 0.991962 0.905707 0.00663576
427 0.991962 0.90458 0.00746013
428 0.991962 0.900566 0.00700191
429 0.991962 0.911746 0.00570369
430 0.991962 0.911089 0.00600202
431 0.991962 0.911344 0.00423465
432 0.991962 0.914389 0.00316427
433 0.991962 0.916288 0.00425734
434 0.99198 0.902353 0.00715931
435 0.99198 0.900014 0.00764063
436 0.99198 0.903436 0.00683353
437 0.99198 0.90533 0.00633361
438 0.99198 0.906654 0.00509934
439 0.99198 0.907951 0.00627112
440 0.99198 0.906926 0.00686205
441 0.99198 0.892588 0.00904408
442 0.99198 0.902486 0.00921488
443 0.99198 0.905455 0.00784356
444 0.99198 0.912328 0.00576765
445 0.99198 0.919329 0.00270998
446 0.99198 0.917392 0.0037836
447 0.99198 0.916253 0.00522089
448 0.99198 0.920652 0.00391299
449 0.99198 0.918092 0.0044025
450 0.99198 0.901962 0.00568976
451 0.99198 0.906523 0.00464104
452 0.99198 0.91 0.00399735
453 0.99198 0.899701 0.00535977
454 0.99198 0.907193 0.00466598
455 0.99198 0.917099 0.00452112
456 0.99198 0.915778 0.0045288
457 0.99198 0.912515 0.00560963
458 0.99198 0.915604 0.00464482
459 0.99198 0.91925 0.00374327
460 0.99198 0.918029 0.00573393
461 0.99198 0.920813 0.00444672
462 0.99198 0.910786 0.00649638
463 0.99198 0.912948 0.00517953
464 0.99198 0.907362 0.00448071
465 0.99198 0.90584 0.00395241
466 0.99198 0.90863 0.00440152
467 0.99198 0.918978 0.00363077
468 0.99198 0.913989 0.00599474
469 0.99198 0.914036 0.00359038
470 0.99198 0.91041 0.00361466
471 0.99198 0.912693 0.00446539
472 0.99198 0.925038 0.0040487
473 0.991998 0.925785 0.00367941
474 0.991998 0.915953 0.00404669
475 0.991998 0.923624 0.00390447
476 0.991998 0.925403 0.00346213
477 0.991998 0.912943 0.00413813
478 0.991998 0.907876 0.00492091
479 0.991998 0.912385 0.00532478
480 0.991998 0.905619 0.00595177
481 0.991998 0.903504 0.0069498
482 0.991998 0.902414 0.00731555
483 0.991998 0.903289 0.005936
484 0.991998 0.895078 0.00741738
485 0.991998 0.896558 0.00855608
486 0.991998 0.894109 0.00933366
487 0.991998 0.900802 0.007132
488 0.991998 0.902452 0.00579469
489 0.991998 0.911115 0.00536739
490 0.991998 0.904822 0.00480796
491 0.991998 0.913583 0.00406571
492 0.991998 0.9128 0.00490373
493 0.991998 0.908022 0.00591424
494 0.991998 0.900054 0.00689639
495 0.991998 0.907392 0.00527482
496 0.991998 0.903757 0.00685216
497 0.991998 0.899641 0.00566003
498 0.991998 0.897595 0.00745997
499 0.991998 0.906038 0.0065661
500 0.991998 0.913313 0.00393497
501 0.991998 0.905896 0.00511773
502 0.991998 0.911686 0.00557099
503 0.991998 0.913903 0.00612407
504 0.991998 0.906805 0.00606302
505 0.991998 0.910215 0.00511453
506 0.991998 0.906021 0.00606289
507 0.991998 0.905447 0.00742115
508 0.991998 0.905764 0.00650659
509 0.991998 0.895453 0.00925095
510 0.991998 0.880089 0.0106612
511 0.991998 0.879418 0.0119111
512 0.991998 0.875924 0.0117736
513 0.991998 0.888444 0.0109265
514 0.991998 0.891896 0.00900116
515 0.991998 0.891666 0.00871762
516 0.991998 0.898117 0.00824516
517 0.991998 0.911409 0.00629333
518 0.991998 0.902421 0.00719074
519 0.991998 0.891306 0.00876463
520 0.991998 0.899741 0.00806372
521 0.991998 0.900251 0.0082372
522 0.991998 0.908489 0.00730634
523 0.991998 0.89665 0.00849006
524 0.991998 0.90506 0.00621469
525 0.991998 0.899194 0.0078808
526 0.991998 0.904915 0.00710191
527 0.991998 0.913712 0.00513018
528 0.991998 0.912221 0.00573446
529 0.991998 0.906538 0.00731492
530 0.991998 0.907668 0.00855334
531 0.991998 0.901989 0.010041
532 0.991998 0.906065 0.00998688
533 0.991998 0.915254 0.00584132
534 0.991998 0.902113 0.00734978
535 0.991998 0.907861 0.00528356
536 0.991998 0.90989 0.00535569
537 0.991998 0.914284 0.003741
538 0.991998 0.919075 0.00323251
539 0.991998 0.917312 0.00319326
540 0.991998 0.921688 0.00292895
541 0.991998 0.916179 0.00347368
542 0.991998 0.908714 0.00395048
543 0.991998 0.903146 0.00541558
544 0.991998 0.906149 0.00455081
545 0.991998 0.911958 0.00337892
546 0.991998 0.90876 0.00451966
547 0.991998 0.915181 0.00435069
548 0.991998 0.912147 0.00578798
549 0.991998 0.913693 0.00436396
550 0.991998 0.908938 0.00641141
551 0.991998 0.905443 0.00574261
552 0.991998 0.89619 0.00742714
553 0.991998 0.894779 0.0075448
554 0.991998 0.898828 0.00881288
555 0.991998 0.906517 0.0080827
556 0.991998 0.913919 0.00594489
557 0.991998 0.918311 0.00394445
558 0.991998 0.919534 0.00471409
559 0.991998 0.914465 0.0047289
560 0.991998 0.913314 0.00515388
561 0.991998 0.909741 0.00633832
562 0.991998 0.906454 0.00617761
563 0.991998 0.909699 0.00620651
564 0.991998 0.907604 0.00529494
565 0.991998 0.908136 0.005324
566 0.991998 0.907068 0.00458563
567 0.991998 0.910227 0.0064599
568 0.991998 0.913655 0.00521226
569 0.991998 0.911234 0.00635956
570 0.991998 0.90785 0.00563267
571 0.991998 0.90776 0.00606754
572 0.991998 0.915461 0.0049566
573 0.991998 0.907902 0.00590352
574 0.991998 0.907766 0.0053083
575 0.991998 0.900471 0.00663009
576 0.991998 0.904263 0.00661974
577 0.991998 0.910288 0.00645116
578 0.991998 0.920204 0.0045004
579 0.991998 0.919033 0.00482981
580 0.991998 0.917922 0.00362732
581 0.991998 0.920315 0.00532308
582 0.991998 0.924463 0.00313517
583 0.991998 0.915092 0.00424308
584 0.991998 0.919157 0.00387597
585 0.991998 0.909114 0.00602805
586 0.991998 0.904863 0.0057629
587 0.991998 0.902644 0.00553156
588 0.991998 0.91106 0.00430696
589 0.991998 0.913667 0.00632897
590 0.991998 0.915284 0.00575255
591 0.991998 0.913635 0.00579366
592 0.991998 0.91667 0.00541651
593 0.991998 0.919039 0.00453073
594 0.991998 0.910381 0.00618464
595 0.991998 0.913183 0.00660884
596 0.991998 0.904066 0.00932316
597 0.991998 0.916137 0.00674782
598 0.991998 0.908513 0.00785127
599 0.991998 0.90787 0.00537889
600 0.991998 0.906197 0.0077216
601 0.991998 0.908874 0.00625574
602 0.991998 0.909591 0.00567669
603 0.991998 0.911073 0.00733867
604 0.991998 0.906976 0.00737136
605 0.991998 0.905414 0.0080414
606 0.991998 0.905709 0.00821989
607 0.991998 0.908857 0.00533098
608 0.991998 0.909172 0.005998
609 0.991998 0.904745 0.00618547
610 0.991998 0.916164 0.00593415
611 0.991998 0.916449 0.00456477
612 0.991998 0.917901 0.00473243
613 0.991998 0.92141 0.00401394
614 0.991998 0.914943 0.00446926
615 0.991998 0.919676 0.00337456
616 0.991998 0.91828 0.00375088
617 0.991998 0.924852 0.00339015
618 0.991998 0.920795 0.00459334
619 0.991998 0.916101 0.00531002
620 0.991998 0.908507 0.00601428
621 0.991998 0.909359 0.00553574
622 0.991998 0.898407 0.00753273
623 0.991998 0.893593 0.00825895
624 0.991998 0.895627 0.00953243
625 0.991998 0.897133 0.00792557
626 0.991998 0.90622 0.00842723
627 0.991998 0.893115 0.00687445
628 0.991998 0.899598 0.00765376
629 0.991998 0.893023 0.00758461
630 0.991998 0.893402 0.00918151
631 0.991998 0.914353 0.00582225
632 0.991998 0.919305 0.00443664
633 0.991998 0.915568 0.00482339
634 0.991998 0.919729 0.00515351
635 0.991998 0.919557 0.00683728
636 0.991998 0.920909 0.00464774
637 0.991998 0.910532 0.00680786
638 0.991998 0.910302 0.00591092
639 0.991998 0.915822 0.00465958
640 0.991998 0.915205 0.00421329
641 0.991998 0.91505 0.00388669
642 0.991998 0.918023 0.00373407
643 0.991998 0.917427 0.00333952
644 0.991998 0.921167 0.00333963
645 0.991998 0.921449 0.00342948
646 0.991998 0.916479 0.00349212
647 0.991998 0.922721 0.00312554
648 0.991998 0.919762 0.0033792
649 0.991998 0.915935 0.00364994
650 0.991998 0.918334 0.00347946
651 0.991998 0.913929 0.00463827
652 0.991998 0.916208 0.00533122
653 0.991998 0.914778 0.00378601
654 0.991998 0.909744 0.00506494
655 0.991998 0.918615 0.00407328
656 0.991998 0.923253 0.00300779
657 0.991998 0.920763 0.00337657
658 0.991998 0.918512 0.00377864
659 0.991998 0.914209 0.00412093
660 0.991998 0.908181 0.00398156
661 0.991998 0.90419 0.00517208
662 0.991998 0.901573 0.00686314
663 0.991998 0.893934 0.00884386
664 0.991998 0.907892 0.00564921
665 0.991998 0.901456 0.00674394
666 0.991998 0.896368 0.00804787
667 0.991998 0.892005 0.00917112
668 0.991998 0.886966 0.0102379
669 0.991998 0.875752 0.0115585
670 0.991998 0.88653 0.0090676
671 0.991998 0.900085 0.00839659
672 0.991998 0.894589 0.00795789
673 0.991998 0.883503 0.0110796
674 0.991998 0.901362 0.00561429
675 0.991998 0.907434 0.00434678
676 0.991998 0.908533 0.00561514
677 0.991998 0.917315 0.00498324
678 0.991998 0.912962 0.00497285
679 0.991998 0.912642 0.00465965
680 0.991998 0.915156 0.00434788
681 0.991998 0.912643 0.00453545
682 0.991998 0.918611 0.00361154
683 0.991998 0.917975 0.0037746
684 0.991998 0.920935 0.00345113
685 0.991998 0.930096 0.00263345
686 0.991998 0.924718 0.00522825
687 0.991998 0.924909 0.00540579
688 0.991998 0.934428 0.0031384
689 0.991998 0.927548 0.0032969
690 0.991998 0.922909 0.00356612
691 0.991998 0.920833 0.00311819
692 0.991998 0.923612 0.0030702
693 0.991998 0.924489 0.00296905
694 0.991998 0.918429 0.00346393
695 0.991998 0.916765 0.00477878
696 0.991998 0.915559 0.00429911
697 0.991998 0.918254 0.0037428
698 0.991998 0.927332 0.00322
699 0.991998 0.921979 0.00332716
700 0.991998 0.913815 0.00283184
701 0.991998 0.91219 0.00319432
702 0.991998 0.913155 0.00430822
703 0.991998 0.91273 0.00425759
704 0.991998 0.908341 0.00435649
705 0.991998 0.902231 0.0055415
706 0.991998 0.901325 0.00545796
707 0.991998 0.901319 0.00627152
708 0.991998 0.9171 0.00542709
709 0.991998 0.904642 0.00634128
710 0.991998 0.897181 0.00590867
711 0.991998 0.897941 0.00675283
712 0.991998 0.899023 0.00772047
713 0.991998 0.902078 0.00734201
714 0.991998 0.905189 0.00702183
715 0.991998 0.907166 0.00621399
716 0.991998 0.915693 0.00559832
717 0.991998 0.922176 0.00425481
718 0.991998 0.916694 0.00458231
719 0.991998 0.906965 0.0039352
720 0.991998 0.917182 0.00401677
721 0.991998 0.920681 0.00328063
722 0.991998 0.91364 0.00456775
723 0.991998 0.914059 0.00527385
724 0.991998 0.922378 0.00435797
725 0.991998 0.910164 0.00704871
726 0.991998 0.910665 0.00724402
727 0.991998 0.916861 0.00511588
728 0.991998 0.920395 0.00511017
729 0.991998 0.919068 0.00345171
730 0.991998 0.923957 0.00375085
731 0.991998 0.91812 0.00521042
732 0.991998 0.916989 0.00409259
733 0.991998 0.918916 0.00427572
734 0.991998 0.919991 0.00413505
735 0.991998 0.919096 0.0046238
736 0.991998 0.905095 0.00572134
737 0.991998 0.908664 0.00682528
738 0.991998 0.900106 0.00891219
739 0.991998 0.894549 0.00881251
740 0.991998 0.903032 0.00780783
741 0.991998 0.909355 0.00629826
742 0.991998 0.911663 0.00530436
743 0.991998 0.920249 0.0041939
744 0.991998 0.915603 0.00363452
745 0.991998 0.907646 0.00562072
746 0.991998 0.908189 0.00521035
747 0.991998 0.907419 0.00593868
748 0.991998 0.907268 0.00563595
749 0.991998 0.913071 0.005215
750 0.991998 0.903256 0.00671621
751 0.991998 0.899868 0.00735346
752 0.991998 0.892483 0.00817906
753 0.991998 0.902859 0.00742987
754 0.991998 0.903489 0.0057645
755 0.991998 0.901387 0.00555581
756 0.991998 0.903809 0.00586807
757 0.991998 0.907136 0.00483375
758 0.991998 0.91269 0.00522092
759 0.991998 0.916161 0.00446192
760 0.991998 0.920778 0.00398543
761 0.991998 0.917564 0.00418269
762 0.991998 0.923097 0.00306031
763 0.991998 0.915282 0.00468221
764 0.991998 0.915298 0.00340523
765 0.991998 0.917329 0.00385553
766 0.991998 0.920311 0.00343187
767 0.991998 0.910994 0.00370086
768 0.991998 0.909032 0.00467905
769 0.991998 0.906312 0.00447295
770 0.991998 0.908219 0.00429118
771 0.991998 0.909168 0.00479625
772 0.991998 0.916497 0.00440467
773 0.991998 0.916381 0.00400873
774 0.991998 0.920945 0.00407494
775 0.991998 0.912694 0.0052985
776 0.991998 0.917394 0.0037887
777 0.991998 0.912494 0.00395595
778 0.991998 0.920162 0.00327025
779 0.991998 0.914424 0.0038998
780 0.991998 0.917333 0.0040535
781 0.991998 0.922027 0.0031514
782 0.991998 0.931241 0.00280097
783 0.991998 0.925574 0.00299647
784 0.991998 0.914116 0.00503254
785 0.991998 0.92307 0.00454811
786 0.991998 0.916748 0.00494976
787 0.991998 0.92428 0.00323135
788 0.991998 0.929283 0.00264906
789 0.991998 0.916203 0.00367997
790 0.991998 0.913115 0.00538512
791 0.991998 0.913612 0.00649515
792 0.991998 0.908499 0.00622692
793 0.991998 0.908637 0.00515557
794 0.991998 0.911781 0.00545071
795 0.991998 0.908775 0.00631004
796 0.991998 0.915075 0.00498711
797 0.991998 0.908633 0.00695691
798 0.991998 0.90622 0.00666003
799 0.991998 0.897484 0.00731922
800 0.991998 0.897943 0.00520396
801 0.991998 0.901855 0.0061973
802 0.991998 0.89998 0.00867263
803 0.991998 0.8956 0.0118196
804 0.991998 0.896813 0.0106776
805 0.991998 0.895045 0.0117605
806 0.991998 0.899355 0.0100958
807 0.991998 0.912265 0.00800959
808 0.991998 0.919522 0.00575153
809 0.991998 0.917058 0.00608896
810 0.991998 0.932715 0.00286082
811 0.991998 0.925673 0.00274426
812 0.991998 0.91758 0.0040111
813 0.991998 0.91617 0.00508203
814 0.991998 0.904354 0.00684949
815 0.991998 0.910183 0.00616347
816 0.991998 0.898352 0.00715814
817 0.991998 0.90433 0.00617566
818 0.991998 0.900632 0.00665274
819 0.991998 0.892848 0.00959049
820 0.991998 0.90736 0.00717345
821 0.991998 0.913846 0.00657477
822 0.991998 0.905524 0.00778567
823 0.991998 0.89708 0.00917708
824 0.991998 0.90523 0.00668306
825 0.991998 0.913176 0.00420855
826 0.991998 0.916097 0.00385408
827 0.991998 0.914337 0.00472751
828 0.991998 0.905593 0.00637747
829 0.991998 0.897111 0.00934329
830 0.991998 0.908227 0.00752297
831 0.991998 0.909579 0.00633431
832 0.991998 0.903425 0.00798764
833 0.991998 0.904185 0.00790651
834 0.991998 0.9152 0.0060173
835 0.991998 0.910376 0.00552764
836 0.991998 0.907262 0.0066567
837 0.991998 0.914959 0.00589419
838 0.991998 0.920311 0.00469081
839 0.991998 0.922109 0.00399779
840 0.991998 0.922889 0.00339418
841 0.991998 0.915949 0.00554782
842 0.991998 0.906612 0.00723971
843 0.991998 0.917726 0.00588966
844 0.991998 0.912381 0.00608876
845 0.991998 0.914675 0.00837912
846 0.991998 0.921774 0.00546597
847 0.991998 0.913478 0.00677184
848 0.991998 0.92292 0.00446484
849 0.991998 0.925531 0.00334639
850 0.991998 0.919139 0.00321617
851 0.991998 0.917775 0.00445097
852 0.991998 0.919229 0.00474363
853 0.991998 0.911092 0.00765438
854 0.991998 0.926501 0.00341431
855 0.991998 0.92504 0.00258213
856 0.991998 0.922175 0.00337092
857 0.991998 0.920641 0.0034576
858 0.991998 0.922675 0.00329861
859 0.991998 0.91755 0.00366141
860 0.991998 0.918464 0.00318175
861 0.991998 0.908795 0.00430115
862 0.991998 0.911139 0.00329883
863 0.991998 0.908499 0.004749
864 0.991998 0.921827 0.00271955
865 0.991998 0.915408 0.00352877
866 0.991998 0.926365 0.00218705
867 0.991998 0.923902 0.00263084
868 0.991998 0.91939 0.00404166
869 0.991998 0.922239 0.00330965
870 0.991998 0.914804 0.00364508
871 0.991998 0.920996 0.00362031
872 0.991998 0.916029 0.00471925
873 0.991998 0.910146 0.00689393
874 0.99204 0.912839 0.00681724
875 0.99204 0.904598 0.00741892
876 0.99204 0.908122 0.00688489
877 0.99204 0.907272 0.0060431
878 0.99204 0.904136 0.00668583
879 0.99204 0.908431 0.0058751
880 0.99204 0.907958 0.00571678
881 0.99204 0.904086 0.00608688
882 0.99204 0.904058 0.00668662
883 0.99204 0.908602 0.0053105
884 0.99204 0.90693 0.00509758
885 0.99204 0.912634 0.0048833
886 0.99204 0.922633 0.00490568
887 0.99204 0.911791 0.00452833
888 0.99204 0.899965 0.00540978
889 0.99204 0.91222 0.00454267
890 0.99204 0.914389 0.00644771
891 0.99204 0.913741 0.00544396
892 0.99204 0.897556 0.00672362
893 0.99204 0.909274 0.00537209
894 0.99204 0.918122 0.00465233
895 0.99204 0.924311 0.004236
896 0.99204 0.923786 0.00489442
897 0.99204 0.912335 0.00762478
898 0.99204 0.919467 0.00756276
899 0.99204 0.91653 0.00608004
900 0.99204 0.927311 0.00453089
901 0.99204 0.923641 0.00505865
902 0.99204 0.926722 0.00358967
903 0.99204 0.924665 0.00354222
904 0.99204 0.930636 0.00268505
905 0.99204 0.926436 0.00282204
906 0.99204 0.917911 0.00548043
907 0.99204 0.920969 0.00494996
908 0.99204 0.914206 0.00559088
909 0.99204 0.913427 0.00455873
910 0.99204 0.916526 0.00469451
911 0.99204 0.91923 0.00380178
912 0.99204 0.910939 0.00541182
913 0.99204 0.910246 0.00532632
914 0.99204 0.904906 0.0078677
915 0.99204 0.903891 0.00665159
916 0.99204 0.910063 0.00563635
917 0.99204 0.91129 0.0048079
918 0.99204 0.912656 0.00529267
919 0.99204 0.906751 0.00567051
920 0.99204 0.898772 0.00633626
921 0.99204 0.89899 0.00744595
922 0.99204 0.899799 0.00727381
923 0.99204 0.904135 0.00697302
924 0.99204 0.910996 0.00604796
925 0.99204 0.905437 0.00712801
926 0.99204 0.90558 0.00834762
927 0.99204 0.902591 0.00932033
928 0.99204 0.898735 0.00843002
929 0.992092 0.901322 0.0088133
930 0.992092 0.898897 0.00901061
931 0.992092 0.90316 0.00892032
932 0.992092 0.91039 0.00765559
933 0.992092 0.905752 0.00816966
934 0.992092 0.913079 0.00542096
935 0.992092 0.909713 0.00660908
936 0.992092 0.900739 0.00626331
937 0.992092 0.909357 0.00443166
938 0.992092 0.916966 0.00404725
939 0.992092 0.914353 0.00591043
940 0.992092 0.916933 0.00508942
941 0.992092 0.919491 0.00464133
942 0.992092 0.925448 0.00404171
943 0.992092 0.923028 0.00402367
944 0.992092 0.910699 0.00551318
945 0.992092 0.90654 0.00538596
946 0.992092 0.906966 0.00452109
947 0.992092 0.91812 0.00329137
948 0.992092 0.905267 0.00554653
949 0.992092 0.90961 0.0065839
950 0.992092 0.908932 0.00687472
951 0.992092 0.912473 0.00549441
952 0.992092 0.907429 0.00695675
953 0.992092 0.905107 0.00551038
954 0.992092 0.905426 0.00495637
955 0.992092 0.906139 0.00407044
956 0.992092 0.909327 0.00326815
957 0.992092 0.900296 0.00490772
958 0.992092 0.898002 0.00459116
959 0.992092 0.898888 0.00490329
960 0.992092 0.908145 0.00385445
961 0.992092 0.905267 0.00356494
962 0.992092 0.907383 0.00393394
963 0.992119 0.894899 0.00638383
964 0.992119 0.893339 0.00601444
965 0.992119 0.90597 0.0046901
966 0.992119 0.908729 0.00499158
967 0.992119 0.912095 0.0041821
968 0.992119 0.909172 0.00551094
969 0.992119 0.910433 0.00661782
970 0.992119 0.919409 0.00561225
971 0.992119 0.912539 0.00512349
972 0.992119 0.91356 0.00415456
973 0.992119 0.911228 0.00400952
974 0.992119 0.921754 0.00344548
975 0.992119 0.910995 0.00512753
976 0.992119 0.915938 0.00476507
977 0.992119 0.914781 0.00494173
978 0.992119 0.907996 0.00480256
979 0.992119 0.910952 0.00484121
980 0.992119 0.912723 0.0051246
981 0.992119 0.913118 0.00508326
982 0.992119 0.906146 0.00601364
983 0.992119 0.911868 0.00583193
984 0.992119 0.903764 0.00681873
985 0.992119 0.90074 0.00695025
986 0.992119 0.901578 0.00806851
987 0.992119 0.904841 0.00699364
988 0.992119 0.911393 0.00650585
989 0.992119 0.907017 0.00748364
990 0.992119 0.913147 0.00577436
991 0.992119 0.914289 0.00597684
992 0.992119 0.910997 0.00695235
993 0.992119 0.911608 0.00903632
994 0.992119 0.914397 0.00541475
995 0.992119 0.912215 0.00531807
996 0.992119 0.908579 0.00610982
997 0.992119 0.916619 0.00455521
998 0.992119 0.907278 0.00570884
999 0.992119 0.908323 0.00595439
1000 0.992119 0.91404 0.00605537
