0 0.255731 0.2499 2.54521e-06
1 0.255731 0.249923 2.19733e-06
2 0.327089 0.251037 9.94748e-05
3 0.347944 0.252507 0.000248583
4 0.360965 0.256073 0.000532178
5 0.360965 0.259931 0.000658825
6 0.360965 0.261822 0.00093968
7 0.384672 0.264381 0.00144578
8 0.384672 0.270876 0.00173766
9 0.389055 0.27457 0.00213
10 0.437853 0.281606 0.00277043
11 0.437853 0.274748 0.0027115
12 0.450072 0.275496 0.0034088
13 0.450072 0.272815 0.00341559
14 0.450072 0.278934 0.0039623
15 0.450072 0.28314 0.00359156
16 0.465707 0.281125 0.00469576
17 0.465707 0.283927 0.00450986
18 0.465707 0.292218 0.00553135
19 0.465707 0.285841 0.00454836
20 0.465707 0.281795 0.00534351
21 0.569545 0.286273 0.00720234
22 0.569545 0.277749 0.00617074
23 0.569545 0.283156 0.00746335
24 0.569545 0.284839 0.00957961
25 0.577914 0.296075 0.0112008
26 0.577914 0.306135 0.0107373
27 0.577914 0.314658 0.0117725
28 0.577914 0.3124 0.0125064
29 0.578578 0.318379 0.0117887
30 0.578578 0.30745 0.0128944
31 0.578578 0.313389 0.0121732
32 0.578578 0.312727 0.0128342
33 0.578578 0.328238 0.0149079
34 0.578578 0.334437 0.0148443
35 0.578578 0.3358 0.0144022
36 0.60808 0.331045 0.015721
37 0.640728 0.34951 0.0179241
38 0.640728 0.362438 0.0194452
39 0.640728 0.350275 0.0180334
40 0.640728 0.345495 0.0168176
41 0.644741 0.352272 0.0170601
42 0.644741 0.361672 0.0175731
43 0.644741 0.376621 0.0221461
44 0.673635 0.374566 0.0195578
45 0.673635 0.380798 0.0217353
46 0.673635 0.382337 0.0194068
47 0.673635 0.379395 0.0223274
48 0.676181 0.387964 0.0210021
49 0.676181 0.390181 0.0246042
50 0.676181 0.389739 0.0195865
51 0.676181 0.389261 0.0217558
52 0.678894 0.401206 0.0219454
53 0.678894 0.404484 0.019862
54 0.678894 0.413905 0.0196558
55 0.678894 0.403651 0.0218726
56 0.678894 0.407047 0.0212796
57 0.678894 0.393988 0.0211373
58 0.678894 0.397934 0.0204704
59 0.678894 0.404515 0.0184335
60 0.678894 0.395345 0.0217774
61 0.678894 0.397127 0.0217419
62 0.678894 0.407193 0.0224709
63 0.678894 0.409761 0.0241577
64 0.678894 0.396431 0.0228654
65 0.681096 0.39222 0.0247189
66 0.681096 0.367564 0.0233355
67 0.681096 0.380212 0.0243225
68 0.681096 0.402184 0.0237441
69 0.681096 0.387016 0.0247824
70 0.681096 0.397391 0.0238614
71 0.681096 0.382054 0.0231659
72 0.681096 0.360208 0.023583
73 0.681096 0.363578 0.0249652
74 0.681096 0.372637 0.0231559
75 0.681096 0.373286 0.0211568
76 0.700592 0.404776 0.0254879
77 0.700592 0.395325 0.0259714
78 0.700592 0.408699 0.024223
79 0.700592 0.376035 0.022221
80 0.700592 0.379926 0.02195
81 0.700592 0.375133 0.0229834
82 0.700592 0.364368 0.0212291
83 0.700592 0.351434 0.0233955
84 0.700592 0.354078 0.0231514
85 0.700592 0.360907 0.0247248
86 0.700592 0.349488 0.0223884
87 0.700592 0.357587 0.0267368
88 0.700592 0.357005 0.026153
89 0.700592 0.367171 0.0260838
90 0.705202 0.36495 0.028064
91 0.707593 0.360788 0.0272171
92 0.707593 0.342019 0.023235
93 0.707593 0.353328 0.0235643
94 0.707593 0.357246 0.0237412
95 0.707593 0.366619 0.0229452
96 0.707593 0.384558 0.0268141
97 0.707593 0.403343 0.0305947
98 0.707593 0.391772 0.0256091
99 0.707593 0.376714 0.0249425
100 0.707593 0.383946 0.0285859
101 0.719385 0.380806 0.026036
102 0.719385 0.378515 0.0263341
103 0.719385 0.389717 0.0274922
104 0.719385 0.373634 0.025712
105 0.719385 0.376423 0.0265482
106 0.719385 0.365283 0.0234785
107 0.719385 0.372015 0.0256468
108 0.719385 0.377007 0.0251108
109 0.719385 0.375329 0.0264556
110 0.719385 0.358537 0.0206283
111 0.719385 0.382746 0.024161
112 0.719385 0.384082 0.0284272
113 0.719385 0.379386 0.0258154
114 0.719385 0.383476 0.0252799
115 0.719385 0.380804 0.0239053
116 0.719385 0.373254 0.0243455
117 0.719385 0.383423 0.0234643
118 0.719385 0.381589 0.0223914
119 0.722854 0.387372 0.0243949
120 0.722854 0.356394 0.0217866
121 0.722854 0.377104 0.0255406
122 0.722854 0.391523 0.028165
123 0.722854 0.396314 0.025354
124 0.722854 0.397662 0.0246022
125 0.722854 0.393273 0.024993
126 0.722854 0.395482 0.024727
127 0.722854 0.382118 0.0227126
128 0.722854 0.381315 0.0232068
129 0.722854 0.389377 0.0261022
130 0.722854 0.357016 0.0218925
131 0.722854 0.362489 0.0237301
132 0.722854 0.36212 0.0221281
133 0.722854 0.369333 0.0257236
134 0.722854 0.400893 0.0292123
135 0.722854 0.382858 0.0275937
136 0.722854 0.374937 0.0260659
137 0.722854 0.358181 0.0239026
138 0.722854 0.366666 0.0269809
139 0.722854 0.382474 0.0283097
140 0.722854 0.39753 0.0308506
141 0.722854 0.398302 0.0294583
142 0.722854 0.370505 0.0251294
143 0.722854 0.383425 0.0275789
144 0.722854 0.382592 0.0260334
145 0.722854 0.364687 0.0228162
146 0.722854 0.360008 0.0235719
147 0.722854 0.370361 0.0242839
148 0.722854 0.358422 0.0217567
149 0.722854 0.371841 0.0249832
150 0.722854 0.377371 0.0253756
151 0.722854 0.36443 0.0220209
152 0.722854 0.373203 0.0234864
153 0.722854 0.398396 0.0300955
154 0.722854 0.388313 0.0290051
155 0.722854 0.375949 0.0258086
156 0.722854 0.378757 0.0264416
157 0.722854 0.391571 0.0248705
158 0.722854 0.368695 0.0203204
159 0.722854 0.389067 0.025392
160 0.722854 0.361508 0.0240555
161 0.722854 0.358365 0.0237336
162 0.722854 0.384201 0.0283204
163 0.722854 0.375785 0.0282924
164 0.722854 0.380099 0.0264491
165 0.722854 0.362571 0.0246536
166 0.722854 0.380814 0.0281611
167 0.722854 0.375521 0.0279854
168 0.722854 0.398313 0.0294928
169 0.722854 0.387437 0.0297811
170 0.722854 0.411104 0.0299218
171 0.722854 0.372025 0.0274429
172 0.722854 0.401087 0.0289094
173 0.722854 0.365242 0.0251979
174 0.722854 0.380842 0.0262493
175 0.722854 0.375907 0.024577
176 0.722854 0.398435 0.0288085
177 0.722854 0.391353 0.0295712
178 0.722854 0.386562 0.0285121
179 0.722854 0.39587 0.028696
180 0.722854 0.374778 0.023836
181 0.722854 0.388344 0.0285789
182 0.722854 0.393308 0.027933
183 0.730637 0.396002 0.0303885
184 0.730637 0.367032 0.0259369
185 0.730637 0.400046 0.028184
186 0.730637 0.396687 0.0279635
187 0.730637 0.378578 0.02441
188 0.730637 0.357237 0.0253348
189 0.730637 0.361032 0.025022
190 0.730637 0.368087 0.0266276
191 0.730637 0.356998 0.0252053
192 0.730637 0.353374 0.0229308
193 0.730637 0.350517 0.0256374
194 0.730637 0.350676 0.0230414
195 0.730637 0.347931 0.0244319
196 0.730637 0.371669 0.0266681
197 0.730637 0.37767 0.0265323
198 0.73115 0.383479 0.0297401
199 0.73115 0.370647 0.026591
200 0.73115 0.382507 0.030995
201 0.73115 0.400452 0.0298147
202 0.73115 0.374666 0.0267969
203 0.73115 0.375574 0.0245338
204 0.73115 0.39101 0.0292222
205 0.73115 0.377377 0.0254622
206 0.73115 0.39182 0.0309647
207 0.73115 0.375363 0.0249427
208 0.73115 0.365211 0.0243119
209 0.73115 0.36355 0.0249963
210 0.73115 0.391472 0.0285205
211 0.73115 0.421972 0.0329065
212 0.73115 0.398794 0.0289806
213 0.73115 0.386035 0.0248797
214 0.73115 0.388689 0.028042
215 0.73115 0.391014 0.0308785
216 0.733151 0.387041 0.0267767
217 0.733151 0.380253 0.0264369
218 0.733151 0.384072 0.0293501
219 0.746778 0.402388 0.0316342
220 0.746778 0.373919 0.027369
221 0.746778 0.376893 0.0275057
222 0.746778 0.364149 0.0276525
223 0.746778 0.374941 0.0300337
224 0.750394 0.3646 0.0270688
225 0.750394 0.38267 0.0311538
226 0.750394 0.416919 0.0355099
227 0.750394 0.386397 0.0293448
228 0.750394 0.370155 0.0245577
229 0.750394 0.360072 0.026176
230 0.750394 0.353168 0.02435
231 0.750394 0.371168 0.030751
232 0.750394 0.377213 0.029614
233 0.750394 0.371608 0.0269678
234 0.750394 0.385273 0.0264427
235 0.750394 0.365122 0.0235997
236 0.750394 0.373887 0.0279468
237 0.750394 0.367935 0.0240418
238 0.750394 0.399078 0.0327985
239 0.750394 0.387338 0.0282307
240 0.750394 0.403694 0.0280823
241 0.750394 0.380979 0.0269403
242 0.750394 0.406659 0.0321176
243 0.750394 0.403453 0.0290099
244 0.750394 0.386011 0.0286478
245 0.750394 0.388487 0.0309045
246 0.750394 0.395861 0.0286802
247 0.750394 0.38165 0.028458
248 0.750394 0.408776 0.0313437
249 0.750394 0.383176 0.0257256
250 0.750394 0.408497 0.0340591
251 0.750394 0.400822 0.0282716
252 0.750394 0.402251 0.0248156
253 0.750394 0.40227 0.0305596
254 0.750394 0.410282 0.033541
255 0.750394 0.374448 0.0272604
256 0.750394 0.389043 0.033573
257 0.750394 0.381369 0.0286986
258 0.750394 0.364701 0.0254344
259 0.750394 0.380318 0.0273531
260 0.750394 0.389637 0.0293644
261 0.750394 0.39013 0.0272415
262 0.750394 0.375724 0.0256553
263 0.753234 0.373093 0.0284886
264 0.753234 0.367175 0.0272669
265 0.753234 0.363174 0.0271027
266 0.753234 0.384906 0.0278249
267 0.753234 0.394967 0.0284095
268 0.772925 0.406069 0.0312738
269 0.772925 0.425138 0.0336495
270 0.772925 0.381412 0.0266415
271 0.772925 0.390505 0.0300162
272 0.772925 0.381605 0.0265464
273 0.772925 0.39719 0.0332446
274 0.772925 0.383303 0.0288034
275 0.772925 0.376258 0.0300082
276 0.772925 0.383914 0.0291353
277 0.772925 0.382795 0.0293367
278 0.772925 0.378673 0.028787
279 0.772925 0.378486 0.0284584
280 0.772925 0.395573 0.0331804
281 0.772925 0.400987 0.0289942
282 0.772925 0.369574 0.0243468
283 0.772925 0.405102 0.0299516
284 0.772925 0.388297 0.0281456
285 0.772925 0.389803 0.0333845
286 0.772925 0.401212 0.0370364
287 0.772925 0.406054 0.0338201
288 0.772925 0.385646 0.0293213
289 0.772925 0.372046 0.0266379
290 0.772925 0.393167 0.0324914
291 0.772925 0.396101 0.0318336
292 0.772925 0.394138 0.0318893
293 0.772925 0.386651 0.0294099
294 0.772925 0.377359 0.0297399
295 0.775281 0.38941 0.032992
296 0.775281 0.379788 0.0332006
297 0.775281 0.389508 0.0305078
298 0.775281 0.392201 0.0292282
299 0.775281 0.416358 0.0328022
300 0.775281 0.416902 0.0318805
301 0.778631 0.438468 0.033085
302 0.778631 0.41661 0.0326934
303 0.778631 0.425354 0.0358217
304 0.778631 0.430951 0.0366421
305 0.778631 0.414418 0.032781
306 0.778631 0.416156 0.0326646
307 0.778631 0.41041 0.0286553
308 0.778631 0.382683 0.0256557
309 0.778631 0.405953 0.0289507
310 0.778631 0.426942 0.0359015
311 0.778631 0.396234 0.0314711
312 0.778631 0.45118 0.0336319
313 0.778631 0.427885 0.0321767
314 0.778631 0.44047 0.0357377
315 0.778631 0.408099 0.0298885
316 0.778631 0.41935 0.027394
317 0.779745 0.443525 0.0322407
318 0.779745 0.43986 0.0340209
319 0.779745 0.436564 0.0319425
320 0.779745 0.439577 0.0358705
321 0.779745 0.435268 0.0338773
322 0.779745 0.429545 0.0350785
323 0.779745 0.396736 0.0329179
324 0.779745 0.43297 0.0372322
325 0.779745 0.4178 0.0320431
326 0.779745 0.404585 0.0283305
327 0.779745 0.434339 0.0319765
328 0.779745 0.443544 0.0351101
329 0.779745 0.438244 0.0338953
330 0.779745 0.442846 0.0340609
331 0.779745 0.422067 0.0312942
332 0.779745 0.457601 0.0324789
333 0.779745 0.451554 0.034681
334 0.779745 0.454996 0.0365416
335 0.779745 0.440856 0.0338836
336 0.779745 0.439815 0.0360995
337 0.779745 0.407634 0.0280915
338 0.779745 0.422948 0.0329327
339 0.779745 0.430555 0.031224
340 0.779745 0.407522 0.0301135
341 0.779745 0.420295 0.0322005
342 0.779745 0.429834 0.0303855
343 0.779745 0.427656 0.0330433
344 0.779745 0.428079 0.0308344
345 0.779745 0.442568 0.0366249
346 0.779745 0.412926 0.0287829
347 0.779745 0.421746 0.0298433
348 0.779745 0.417945 0.0327444
349 0.779745 0.411469 0.0326659
350 0.779745 0.399299 0.0272127
351 0.779745 0.418852 0.0355801
352 0.779745 0.399763 0.029284
353 0.779745 0.413481 0.0331595
354 0.779745 0.438642 0.030374
355 0.779745 0.420545 0.0309275
356 0.779745 0.422506 0.0328382
357 0.779745 0.411362 0.0308797
358 0.779745 0.421139 0.0339307
359 0.779745 0.423261 0.036556
360 0.779745 0.417749 0.0319989
361 0.779745 0.413708 0.0312316
362 0.779745 0.410982 0.0328212
363 0.779745 0.423955 0.0334764
364 0.779745 0.393375 0.030401
365 0.779745 0.421504 0.0352055
366 0.779745 0.410664 0.0337511
367 0.779745 0.401046 0.0294718
368 0.779745 0.425424 0.0313794
369 0.779745 0.435218 0.0363159
370 0.779745 0.419872 0.0367627
371 0.779745 0.426222 0.0323217
372 0.779745 0.433086 0.030649
373 0.779745 0.426521 0.0308202
374 0.779745 0.44536 0.0360665
375 0.779745 0.441527 0.0355229
376 0.779745 0.445976 0.0352661
377 0.779745 0.455535 0.0385029
378 0.779745 0.441407 0.038722
379 0.779745 0.425425 0.0322895
380 0.779745 0.40439 0.0341193
381 0.779745 0.408212 0.0311779
382 0.779745 0.430941 0.0334998
383 0.779745 0.393452 0.0305379
384 0.779745 0.376825 0.0281334
385 0.779745 0.380764 0.0299501
386 0.779745 0.411913 0.0328763
387 0.779745 0.425553 0.0338099
388 0.779745 0.41951 0.0352477
389 0.779745 0.404408 0.0345581
390 0.779745 0.399411 0.0342187
391 0.779745 0.391895 0.0303516
392 0.779745 0.402516 0.0310995
393 0.779745 0.40198 0.0284062
394 0.779745 0.427651 0.0352081
395 0.779745 0.435424 0.0367452
396 0.779745 0.457617 0.0384872
397 0.780412 0.421719 0.0355743
398 0.780412 0.439759 0.0333477
399 0.780412 0.431276 0.0347816
400 0.780412 0.427441 0.0352906
401 0.780412 0.438555 0.0333598
402 0.780412 0.415933 0.0325591
403 0.780412 0.451218 0.0380054
404 0.780412 0.442669 0.0384014
405 0.780412 0.435123 0.0356565
406 0.780412 0.431904 0.0345373
407 0.780412 0.419145 0.0307059
408 0.780412 0.416334 0.032286
409 0.780412 0.434213 0.033694
410 0.780412 0.415266 0.0369015
411 0.780412 0.410744 0.0337738
412 0.780412 0.404759 0.0331426
413 0.780412 0.405656 0.0290868
414 0.780412 0.43849 0.0355401
415 0.780412 0.435297 0.0368689
416 0.780412 0.42304 0.0348499
417 0.780412 0.419495 0.0358153
418 0.780412 0.429721 0.0334633
419 0.780412 0.42162 0.0303476
420 0.780412 0.43227 0.033996
421 0.780412 0.428182 0.0330578
422 0.780412 0.414956 0.0322374
423 0.780412 0.439155 0.0336032
424 0.780412 0.447503 0.0347126
425 0.780412 0.432585 0.0331308
426 0.780412 0.422034 0.03561
427 0.780412 0.413017 0.0278607
428 0.780412 0.414214 0.0297585
429 0.780412 0.411999 0.0324774
430 0.780412 0.422406 0.032126
431 0.780412 0.431951 0.0336452
432 0.780412 0.414602 0.0290597
433 0.780412 0.429269 0.0309729
434 0.780412 0.426195 0.0338793
435 0.780412 0.416897 0.029671
436 0.780412 0.43155 0.0357301
437 0.780412 0.429862 0.032765
438 0.780412 0.41559 0.0320405
439 0.780412 0.417315 0.0319467
440 0.780412 0.429294 0.0339247
441 0.780412 0.410005 0.0319153
442 0.780412 0.435796 0.033722
443 0.780412 0.417794 0.0285411
444 0.780412 0.396722 0.0276679
445 0.780412 0.444971 0.0346497
446 0.780412 0.423272 0.0316666
447 0.780412 0.427766 0.0345614
448 0.780412 0.419002 0.0323251
449 0.780412 0.415295 0.0298269
450 0.780412 0.415526 0.0327241
451 0.780412 0.416748 0.0334105
452 0.780412 0.435763 0.0353246
453 0.780412 0.439659 0.0366063
454 0.780412 0.436619 0.0343698
455 0.780412 0.429641 0.0341618
456 0.780412 0.413801 0.0305085
457 0.780412 0.42193 0.0354456
458 0.780412 0.431386 0.0355861
459 0.780412 0.441244 0.0335222
460 0.780412 0.406873 0.0305586
461 0.780412 0.4296 0.0344582
462 0.780412 0.406074 0.0286626
463 0.780412 0.408378 0.027332
464 0.780412 0.406309 0.0341729
465 0.780412 0.427337 0.035159
466 0.780412 0.413023 0.0318028
467 0.780412 0.426784 0.0330002
468 0.780412 0.411165 0.0296438
469 0.780412 0.428835 0.0334141
470 0.780412 0.396972 0.027797
471 0.780412 0.407811 0.0281248
472 0.780412 0.431368 0.0327392
473 0.780412 0.42367 0.0317996
474 0.780412 0.430779 0.0282771
475 0.780412 0.402924 0.0308069
476 0.780412 0.419435 0.033232
477 0.780412 0.420167 0.0344376
478 0.780412 0.418525 0.0360898
479 0.780412 0.397685 0.032192
480 0.780412 0.419872 0.0328672
481 0.780412 0.408576 0.0304503
482 0.780412 0.420742 0.0332565
483 0.780412 0.456967 0.0374979
484 0.780412 0.419929 0.0332455
485 0.780412 0.419999 0.031065
486 0.780412 0.400186 0.0304278
487 0.780412 0.406562 0.0303067
488 0.780412 0.415876 0.0306288
489 0.780412 0.426281 0.0327169
490 0.780412 0.410752 0.0297999
491 0.780412 0.438588 0.0378984
492 0.780412 0.427464 0.0345299
493 0.780412 0.433022 0.0339054
494 0.780412 0.421442 0.0322644
495 0.780412 0.434362 0.0384851
496 0.780412 0.406693 0.0285138
497 0.780412 0.421541 0.0322661
498 0.780412 0.425287 0.0337389
499 0.780412 0.417406 0.0356552
500 0.780412 0.416494 0.0356079
501 0.780412 0.419469 0.0353181
502 0.780412 0.399809 0.0291253
503 0.780412 0.417902 0.0344358
504 0.780412 0.401707 0.0331012
505 0.780412 0.42797 0.0389226
506 0.780412 0.412585 0.0348588
507 0.780412 0.41887 0.0339275
508 0.780412 0.399349 0.0282254
509 0.780412 0.405543 0.0311888
510 0.780412 0.412815 0.0319784
511 0.780412 0.42341 0.0315556
512 0.780412 0.438395 0.0356834
513 0.780412 0.455529 0.0354241
514 0.780412 0.452048 0.0382007
515 0.780412 0.433925 0.0344144
516 0.780412 0.40022 0.0286541
517 0.780412 0.448351 0.0353929
518 0.780412 0.446295 0.036919
519 0.780412 0.43235 0.0340713
520 0.780412 0.4511 0.0346957
521 0.780412 0.423589 0.0338066
522 0.780412 0.424897 0.0338277
523 0.780412 0.404064 0.0308312
524 0.780412 0.437893 0.0333008
525 0.780412 0.455856 0.0362793
526 0.780412 0.459445 0.0361731
527 0.780412 0.407233 0.0292393
528 0.780412 0.399289 0.0320694
529 0.780412 0.40789 0.0301576
530 0.780412 0.436397 0.0344788
531 0.780412 0.433093 0.0359901
532 0.780412 0.406609 0.031928
533 0.780412 0.40213 0.03401
534 0.780412 0.405571 0.0333391
535 0.780412 0.400961 0.0297412
536 0.780412 0.401346 0.0293415
537 0.780412 0.422601 0.0329683
538 0.780412 0.414818 0.0324239
539 0.780412 0.418664 0.0326457
540 0.780412 0.414309 0.0304258
541 0.780412 0.416947 0.0323099
542 0.780412 0.438885 0.0328125
543 0.780412 0.446537 0.0356308
544 0.780412 0.426007 0.0308365
545 0.780412 0.432396 0.0344966
546 0.780412 0.425875 0.0351278
547 0.780412 0.436252 0.0382593
548 0.780412 0.420889 0.0350727
549 0.780412 0.421138 0.0380812
550 0.780412 0.43708 0.0394779
551 0.780412 0.427065 0.0367881
552 0.780412 0.401814 0.033492
553 0.780412 0.40182 0.0320423
554 0.780412 0.421295 0.0329826
555 0.780412 0.41524 0.034483
556 0.780412 0.438573 0.0363948
557 0.780412 0.425245 0.0399816
558 0.780412 0.413176 0.0306537
559 0.780412 0.444968 0.0373143
560 0.780412 0.431902 0.0343417
561 0.780412 0.394064 0.0293737
562 0.780412 0.411873 0.0351768
563 0.780412 0.416034 0.0339898
564 0.780412 0.424462 0.0329469
565 0.780412 0.421091 0.0307297
566 0.780412 0.400579 0.0276931
567 0.780412 0.397799 0.0295798
568 0.780412 0.417747 0.0297878
569 0.780412 0.437283 0.0316553
570 0.780412 0.437433 0.0339004
571 0.780412 0.437098 0.0318785
572 0.780412 0.408421 0.0289978
573 0.780412 0.437252 0.0342949
574 0.780412 0.443043 0.0356465
575 0.780412 0.466993 0.0384893
576 0.780412 0.464076 0.03825
577 0.780412 0.418036 0.0316389
578 0.780412 0.42054 0.0286247
579 0.780412 0.434555 0.0360271
580 0.780412 0.435435 0.035072
581 0.780412 0.449603 0.0355298
582 0.780412 0.418319 0.030166
583 0.780412 0.408808 0.0301467
584 0.780412 0.410052 0.0334747
585 0.780412 0.40882 0.0304067
586 0.780412 0.416355 0.0300333
587 0.780412 0.431279 0.0336819
588 0.780412 0.418441 0.0376422
589 0.780412 0.400435 0.0305544
590 0.780412 0.411307 0.0297494
591 0.780412 0.415761 0.0310265
592 0.780412 0.429275 0.0343353
593 0.780412 0.43949 0.0347711
594 0.780638 0.427149 0.0358479
595 0.780638 0.422954 0.0337295
596 0.780638 0.431137 0.0316886
597 0.780638 0.454731 0.0366212
598 0.780638 0.410886 0.0293425
599 0.780638 0.434809 0.0336207
600 0.780638 0.440962 0.0337293
601 0.782083 0.452684 0.0358554
602 0.782083 0.438076 0.0344111
603 0.782083 0.436321 0.0339422
604 0.782083 0.428496 0.0349888
605 0.782083 0.438263 0.0345016
606 0.782083 0.421812 0.0334026
607 0.782083 0.434147 0.0333582
608 0.782083 0.432131 0.0346031
609 0.782083 0.444248 0.0357084
610 0.782083 0.431738 0.0347157
611 0.782083 0.406986 0.0329963
612 0.782083 0.423078 0.0361464
613 0.782083 0.424517 0.0331726
614 0.782083 0.44435 0.0356465
615 0.782083 0.422082 0.0363137
616 0.782083 0.437109 0.0406662
617 0.782083 0.400396 0.0334669
618 0.782083 0.411519 0.0361542
619 0.782083 0.398811 0.0325557
620 0.782083 0.415802 0.0339852
621 0.782083 0.432325 0.0348856
622 0.782083 0.428024 0.0348528
623 0.782083 0.402165 0.0306008
624 0.782083 0.40475 0.0325164
625 0.782083 0.41603 0.0330786
626 0.782083 0.398542 0.0307806
627 0.782083 0.417908 0.0339656
628 0.782083 0.424126 0.0336591
629 0.782083 0.430687 0.0352658
630 0.782083 0.440744 0.0324789
631 0.782083 0.433584 0.0315471
632 0.782083 0.423359 0.0323762
633 0.782083 0.413792 0.0323507
634 0.782083 0.433695 0.0350852
635 0.782083 0.443751 0.0332256
636 0.782083 0.429192 0.0340781
637 0.782083 0.431844 0.0335565
638 0.782083 0.42868 0.0307953
639 0.782083 0.444037 0.03647
640 0.782083 0.438649 0.0347137
641 0.782083 0.41348 0.0282628
642 0.782083 0.423196 0.0321211
643 0.782083 0.418687 0.0357717
644 0.782083 0.441689 0.032337
645 0.782083 0.42682 0.0309066
646 0.782083 0.469864 0.0386459
647 0.782083 0.452796 0.0376411
648 0.782083 0.42529 0.0293021
649 0.782083 0.444904 0.0346023
650 0.782083 0.433744 0.0334826
651 0.782083 0.427546 0.0353345
652 0.782083 0.417431 0.0340434
653 0.782083 0.395587 0.0323192
654 0.782083 0.409571 0.0329994
655 0.782083 0.430879 0.0343865
656 0.782083 0.398696 0.0339557
657 0.782083 0.406423 0.0344274
658 0.782083 0.434586 0.0384712
659 0.782083 0.395471 0.0307238
660 0.782083 0.402313 0.0347976
661 0.782083 0.435764 0.0386806
662 0.782083 0.417169 0.037377
663 0.782083 0.420314 0.0340866
664 0.782083 0.417677 0.0355816
665 0.782083 0.435921 0.0361328
666 0.782083 0.429382 0.0383617
667 0.782083 0.416717 0.0322765
668 0.782083 0.419773 0.0344912
669 0.782083 0.411328 0.0316248
670 0.782083 0.409648 0.02956
671 0.782083 0.431063 0.0330806
672 0.782083 0.421197 0.0358007
673 0.782083 0.424441 0.0358751
674 0.782083 0.448005 0.0374054
675 0.782083 0.44596 0.0377135
676 0.782083 0.439973 0.0337747
677 0.782083 0.402613 0.0313152
678 0.782083 0.396435 0.0313345
679 0.782083 0.411999 0.0382717
680 0.782083 0.410426 0.0360779
681 0.782083 0.37867 0.0299851
682 0.782083 0.388437 0.0323574
683 0.782083 0.396075 0.0320272
684 0.782083 0.431098 0.0330877
685 0.782083 0.457333 0.0365198
686 0.782083 0.442357 0.0342623
687 0.782083 0.419816 0.0326761
688 0.782083 0.399183 0.0277975
689 0.782083 0.431416 0.0334563
690 0.782083 0.428247 0.0379749
691 0.782083 0.425396 0.03762
692 0.782083 0.426803 0.0392113
693 0.782083 0.436464 0.0354881
694 0.782083 0.434164 0.0345258
695 0.782083 0.428686 0.0376188
696 0.782083 0.433401 0.0339472
697 0.782083 0.428178 0.0336071
698 0.782083 0.423342 0.032946
699 0.782083 0.430475 0.0350217
700 0.782083 0.430849 0.0356526
701 0.782083 0.427327 0.035585
702 0.782083 0.420324 0.0297174
703 0.782083 0.439403 0.0360275
704 0.782083 0.450898 0.0383378
705 0.782083 0.456369 0.0351432
706 0.782083 0.451147 0.0335566
707 0.782083 0.441427 0.0361424
708 0.782083 0.41353 0.0288312
709 0.782083 0.422052 0.0305335
710 0.782083 0.421553 0.0280774
711 0.782083 0.45517 0.0363646
712 0.782083 0.440904 0.0345979
713 0.782083 0.449142 0.0323484
714 0.782083 0.422199 0.0303652
715 0.782083 0.416657 0.0326674
716 0.782083 0.426271 0.0359613
717 0.782083 0.407723 0.0298483
718 0.782083 0.450884 0.0353578
719 0.782083 0.451793 0.0337623
720 0.782083 0.449476 0.0344525
721 0.782083 0.436444 0.0372215
722 0.782083 0.429215 0.0336466
723 0.782083 0.418972 0.0316442
724 0.782083 0.432555 0.0360195
725 0.782083 0.408516 0.0315019
726 0.782083 0.416808 0.0334322
727 0.782083 0.414967 0.0384962
728 0.782083 0.404448 0.0357772
729 0.782083 0.411706 0.0288955
730 0.782083 0.440296 0.0384636
731 0.782083 0.430016 0.0368637
732 0.782083 0.421407 0.0338545
733 0.782083 0.41203 0.0321909
734 0.782083 0.41901 0.0318911
735 0.782083 0.41708 0.0335563
736 0.782083 0.412174 0.0325691
737 0.782083 0.416523 0.0363946
738 0.782083 0.415127 0.0333711
739 0.782083 0.426492 0.0428668
740 0.782083 0.396806 0.0332241
741 0.782083 0.404407 0.0371566
742 0.782083 0.422153 0.0366509
743 0.782083 0.422491 0.036061
744 0.782083 0.401952 0.0332556
745 0.782083 0.423543 0.0359624
746 0.782083 0.411736 0.0310986
747 0.782083 0.420706 0.0364875
748 0.782083 0.428999 0.0369401
749 0.782083 0.423051 0.0338321
750 0.782083 0.439465 0.0373407
751 0.782083 0.435479 0.0338679
752 0.782083 0.425986 0.0335509
753 0.782083 0.445457 0.0344755
754 0.782083 0.449897 0.0362466
755 0.782083 0.436921 0.0348199
756 0.782083 0.457707 0.0364454
757 0.782083 0.457459 0.0407628
758 0.782083 0.45012 0.0346713
759 0.782083 0.43195 0.0340978
760 0.782083 0.433772 0.0346374
761 0.782083 0.417678 0.0289801
762 0.782083 0.438155 0.0370634
763 0.782083 0.469802 0.0373658
764 0.782083 0.447701 0.0377906
765 0.782083 0.430652 0.0321985
766 0.782083 0.417074 0.031427
767 0.782083 0.452821 0.0349108
768 0.782083 0.446068 0.0334323
769 0.782083 0.435406 0.0364768
770 0.782083 0.40575 0.0312205
771 0.782083 0.428915 0.0354596
772 0.782083 0.40231 0.0312084
773 0.782083 0.427391 0.0337438
774 0.782083 0.45674 0.0388084
775 0.782083 0.451887 0.0377573
776 0.782083 0.44306 0.0390383
777 0.782083 0.414449 0.0298665
778 0.782083 0.421764 0.0331588
779 0.782083 0.401005 0.0325436
780 0.782083 0.414765 0.0321625
781 0.782083 0.426187 0.0359429
782 0.782083 0.428168 0.036935
783 0.782083 0.391984 0.0297834
784 0.782083 0.415831 0.0353448
785 0.782083 0.402658 0.0303133
786 0.782083 0.462795 0.0354216
787 0.782083 0.432119 0.034179
788 0.782083 0.406374 0.0308703
789 0.782083 0.461296 0.0382593
790 0.782083 0.445815 0.0338254
791 0.782083 0.429661 0.0331206
792 0.782083 0.429929 0.0351059
793 0.782083 0.44485 0.0374674
794 0.782083 0.444381 0.0352899
795 0.782083 0.463384 0.037234
796 0.782083 0.424787 0.0363143
797 0.782083 0.4333 0.0348072
798 0.782083 0.417594 0.0391656
799 0.782083 0.409628 0.035536
800 0.782083 0.39387 0.030763
801 0.782083 0.418467 0.0367184
802 0.782083 0.416855 0.0339961
803 0.782083 0.435342 0.0316264
804 0.782083 0.438197 0.0379756
805 0.782083 0.429429 0.0352536
806 0.782083 0.408706 0.0292644
807 0.782083 0.436578 0.0377011
808 0.782083 0.42523 0.0390962
809 0.782083 0.415477 0.0327241
810 0.782083 0.403667 0.031898
811 0.782083 0.398904 0.032038
812 0.782083 0.406659 0.0362493
813 0.782083 0.418712 0.0377038
814 0.782083 0.406807 0.0375977
815 0.782083 0.403204 0.0301276
816 0.782083 0.399963 0.0323202
817 0.782083 0.408839 0.0363899
818 0.782083 0.422699 0.03496
819 0.782083 0.422538 0.0330416
820 0.782083 0.427863 0.0347064
821 0.782083 0.435364 0.0394975
822 0.782083 0.422899 0.0330696
823 0.782083 0.427749 0.0354012
824 0.782083 0.420966 0.0355136
825 0.782083 0.429959 0.0347916
826 0.782083 0.41504 0.0343214
827 0.782083 0.42502 0.0360686
828 0.782083 0.4332 0.0388185
829 0.782309 0.416043 0.0338455
830 0.782309 0.407128 0.0289158
831 0.782309 0.42918 0.0321128
832 0.782309 0.432166 0.0343497
833 0.782309 0.455774 0.035013
834 0.782309 0.453912 0.0401247
835 0.782309 0.435804 0.0367376
836 0.782309 0.41519 0.0298055
837 0.782309 0.430726 0.032483
838 0.782309 0.415464 0.0287133
839 0.782309 0.426235 0.034514
840 0.782309 0.396958 0.0283643
841 0.782309 0.414015 0.0337276
842 0.782309 0.404611 0.0302984
843 0.782309 0.429596 0.036233
844 0.782309 0.423655 0.036384
845 0.782309 0.423889 0.0355685
846 0.782309 0.432736 0.0365731
847 0.782309 0.420456 0.032367
848 0.782309 0.422312 0.0332583
849 0.782309 0.453448 0.0354982
850 0.782309 0.44321 0.0353248
851 0.782309 0.426443 0.033438
852 0.782309 0.428844 0.032694
853 0.782309 0.437042 0.032609
854 0.782309 0.432999 0.0332885
855 0.782309 0.43526 0.0332225
856 0.782309 0.430642 0.0339042
857 0.782309 0.417071 0.0304548
858 0.782309 0.434634 0.0325805
859 0.782309 0.427985 0.0335397
860 0.782309 0.422313 0.0317298
861 0.782309 0.419733 0.0346591
862 0.782309 0.433571 0.0337762
863 0.782309 0.413208 0.0364185
864 0.782309 0.415628 0.0357716
865 0.782309 0.416587 0.032488
866 0.782309 0.438299 0.0332796
867 0.782309 0.438602 0.0310889
868 0.782309 0.414109 0.0327617
869 0.782416 0.437961 0.0373378
870 0.782416 0.436138 0.035196
871 0.782416 0.439358 0.038009
872 0.782416 0.423043 0.0323829
873 0.782416 0.443918 0.0332351
874 0.782416 0.416513 0.0302775
875 0.782416 0.401157 0.0329925
876 0.782416 0.406382 0.028908
877 0.782416 0.408075 0.0317998
878 0.782416 0.432316 0.0357626
879 0.782416 0.41478 0.0321539
880 0.782416 0.397789 0.0321931
881 0.782416 0.424376 0.0331154
882 0.782416 0.418329 0.0308104
883 0.782416 0.413172 0.0307562
884 0.782416 0.418881 0.0312749
885 0.782416 0.432063 0.0341367
886 0.782416 0.422855 0.0312125
887 0.782416 0.449148 0.036891
888 0.782416 0.437985 0.0333108
889 0.782416 0.423935 0.0329717
890 0.782416 0.438062 0.0341169
891 0.782416 0.41686 0.0366057
892 0.782416 0.389269 0.0288414
893 0.782416 0.414801 0.0342335
894 0.782416 0.414458 0.0314285
895 0.782416 0.396122 0.0303145
896 0.782416 0.410831 0.0337129
897 0.782416 0.420333 0.0344616
898 0.782416 0.416725 0.0304065
899 0.782416 0.422616 0.0329491
900 0.782416 0.406273 0.0366806
901 0.782416 0.399039 0.035285
902 0.782416 0.405245 0.0341281
903 0.782416 0.41347 0.0373061
904 0.782416 0.433328 0.0392379
905 0.782416 0.424966 0.0363223
906 0.782416 0.410912 0.0350803
907 0.782416 0.41449 0.0380279
908 0.782416 0.431515 0.0351881
909 0.782416 0.392974 0.0327155
910 0.782416 0.405728 0.0377949
911 0.782416 0.42555 0.036964
912 0.782416 0.405733 0.0361507
913 0.782416 0.419076 0.0375784
914 0.782416 0.40892 0.0334968
915 0.782416 0.441031 0.0418879
916 0.782416 0.427065 0.0330057
917 0.782416 0.420062 0.0332472
918 0.782416 0.437729 0.036546
919 0.782416 0.453669 0.034595
920 0.782416 0.433495 0.037127
921 0.782416 0.42928 0.0341374
922 0.782416 0.422668 0.0357052
923 0.782416 0.433248 0.0391596
924 0.782416 0.433216 0.0321895
925 0.782416 0.415919 0.0302797
926 0.782416 0.441959 0.0328371
927 0.78432 0.457638 0.0367684
928 0.78432 0.442009 0.0346496
929 0.78432 0.435958 0.0306302
930 0.78432 0.431404 0.0333844
931 0.78432 0.430865 0.0347641
932 0.78432 0.423629 0.0322508
933 0.78432 0.397631 0.0272923
934 0.78432 0.453798 0.0330863
935 0.78432 0.443521 0.0345546
936 0.78432 0.446062 0.0381393
937 0.78432 0.417808 0.0307333
938 0.78432 0.417422 0.0325652
939 0.78432 0.434085 0.0365829
940 0.78432 0.436227 0.033636
941 0.78432 0.43913 0.03166
942 0.78432 0.424153 0.0326299
943 0.78432 0.432586 0.0406925
944 0.78432 0.445808 0.0340456
945 0.78432 0.444252 0.0390587
946 0.78432 0.45058 0.0330093
947 0.78432 0.453308 0.037458
948 0.78432 0.445537 0.0379561
949 0.78432 0.427976 0.0366321
950 0.78432 0.438793 0.0378895
951 0.78432 0.440033 0.0349775
952 0.78432 0.407989 0.0244955
953 0.78432 0.444517 0.0365934
954 0.78432 0.423553 0.0335685
955 0.78432 0.425041 0.0327865
956 0.78432 0.433369 0.0350265
957 0.78432 0.420671 0.0322603
958 0.78432 0.436969 0.0379273
959 0.78432 0.427919 0.0374368
960 0.78432 0.415836 0.0339382
961 0.78432 0.4235 0.0343679
962 0.78432 0.384765 0.0255776
963 0.78432 0.384903 0.0296913
964 0.78432 0.400199 0.0307583
965 0.78432 0.394393 0.0354137
966 0.78432 0.408278 0.0343535
967 0.78432 0.408158 0.028811
968 0.78432 0.435517 0.0365817
969 0.78432 0.412013 0.029098
970 0.78432 0.425781 0.035369
971 0.784378 0.422004 0.0334245
972 0.784378 0.425913 0.0347178
973 0.784378 0.423408 0.0320421
974 0.784378 0.418207 0.0320107
975 0.784378 0.42056 0.0379659
976 0.784378 0.421275 0.0327455
977 0.784378 0.41222 0.0329359
978 0.784378 0.447221 0.0326995
979 0.784378 0.453798 0.0348594
980 0.784378 0.410728 0.0362932
981 0.784378 0.413523 0.0320582
982 0.784378 0.442201 0.037078
983 0.784378 0.426621 0.0319291
984 0.784378 0.42515 0.0329238
985 0.784378 0.455056 0.0375056
986 0.784378 0.427789 0.0339364
987 0.784378 0.447484 0.0359645
988 0.784378 0.470666 0.041035
989 0.784378 0.429605 0.0350257
990 0.784378 0.427076 0.0349156
991 0.784378 0.406465 0.034384
992 0.784378 0.439347 0.0363811
993 0.784378 0.457864 0.0345073
994 0.784378 0.429898 0.0334747
995 0.784378 0.417627 0.0327981
996 0.784378 0.408659 0.03331
997 0.784681 0.43307 0.0350234
998 0.784681 0.409243 0.0326506
999 0.784681 0.41794 0.0301015
1000 0.784681 0.420415 0.0338187
