0 0.421612 0.253935 0.000642834
1 0.445868 0.262678 0.0016321
2 0.445868 0.268244 0.00200781
3 0.445868 0.276591 0.0029488
4 0.445868 0.284429 0.0040056
5 0.445868 0.289934 0.0046966
6 0.458856 0.29406 0.00561718
7 0.459072 0.29623 0.00683128
8 0.496429 0.288614 0.00562356
9 0.525179 0.297402 0.00702496
10 0.525179 0.295927 0.00708044
11 0.525179 0.291574 0.00666452
12 0.577152 0.303596 0.00963962
13 0.577152 0.299758 0.00871991
14 0.58231 0.308506 0.0106597
15 0.58231 0.320116 0.0131598
16 0.58231 0.317845 0.0130034
17 0.607478 0.329297 0.0165518
18 0.607478 0.314092 0.0144501
19 0.607478 0.315515 0.0148657
20 0.622631 0.319268 0.0175934
21 0.634258 0.321987 0.0179732
22 0.634258 0.317518 0.0174891
23 0.634258 0.315631 0.0181744
24 0.634258 0.323776 0.0183908
25 0.634258 0.330162 0.0193642
26 0.648765 0.336974 0.0217314
27 0.648765 0.337756 0.0219625
28 0.648765 0.322856 0.0204698
29 0.648765 0.339395 0.0221092
30 0.648765 0.356634 0.0237792
31 0.648765 0.341007 0.0223572
32 0.648768 0.334504 0.0212126
33 0.648768 0.329512 0.0199342
34 0.65357 0.321119 0.0203025
35 0.65357 0.340745 0.0230496
36 0.65357 0.33941 0.0221303
37 0.65357 0.340351 0.023979
38 0.65357 0.332404 0.022489
39 0.659611 0.338664 0.0237675
40 0.6601 0.343571 0.024788
41 0.665338 0.352362 0.0251886
42 0.665338 0.344519 0.0222167
43 0.66715 0.347411 0.0251062
44 0.66715 0.333312 0.0227433
45 0.66715 0.344631 0.0250214
46 0.66715 0.354865 0.0250289
47 0.669485 0.357358 0.02621
48 0.669485 0.373058 0.0295803
49 0.686516 0.366657 0.0280435
50 0.686516 0.363623 0.0286331
51 0.686516 0.370364 0.0300368
52 0.686516 0.354227 0.0260442
53 0.686516 0.370878 0.0278265
54 0.686516 0.351382 0.0265738
55 0.686516 0.355814 0.0272709
56 0.686516 0.344366 0.023795
57 0.686516 0.350062 0.0283604
58 0.686516 0.35349 0.0281267
59 0.686516 0.35247 0.0294053
60 0.686516 0.345411 0.0276809
61 0.686516 0.341655 0.0259903
62 0.686516 0.336036 0.025082
63 0.686516 0.344554 0.0261588
64 0.686516 0.347898 0.0254449
65 0.686516 0.355482 0.0287057
66 0.686516 0.34806 0.0267853
67 0.686516 0.338877 0.0262007
68 0.686516 0.320203 0.0216598
69 0.688016 0.34004 0.0281687
70 0.691897 0.339419 0.027448
71 0.694569 0.349553 0.0261686
72 0.694569 0.343459 0.0275337
73 0.694569 0.344182 0.0238095
74 0.694569 0.361543 0.0259117
75 0.694569 0.339151 0.0226107
76 0.694569 0.355754 0.0265979
77 0.694569 0.342415 0.0220949
78 0.694569 0.345187 0.0221881
79 0.694569 0.350432 0.0241592
80 0.694569 0.360406 0.0227059
81 0.694569 0.362104 0.0193983
82 0.694569 0.364171 0.0224805
83 0.694569 0.358655 0.0244544
84 0.694569 0.34668 0.0253782
85 0.694569 0.35883 0.0248957
86 0.694569 0.368979 0.0247612
87 0.694569 0.378541 0.0253138
88 0.694569 0.381027 0.0232225
89 0.694569 0.386934 0.0266085
90 0.694569 0.388278 0.0249084
91 0.694569 0.390633 0.0261657
92 0.694569 0.393855 0.0262822
93 0.694569 0.391763 0.0249262
94 0.694569 0.394833 0.025457
95 0.694569 0.386763 0.0222767
96 0.694569 0.402279 0.0228724
97 0.694569 0.381698 0.0222961
98 0.694569 0.412598 0.0280904
99 0.694569 0.41562 0.027222
100 0.694659 0.414062 0.0255936
101 0.694659 0.401887 0.0245965
102 0.694659 0.411036 0.0230253
103 0.694659 0.390459 0.0229933
104 0.694659 0.407425 0.0222787
105 0.694659 0.413767 0.0257645
106 0.694659 0.433751 0.0243234
107 0.694659 0.424418 0.0255922
108 0.694659 0.408669 0.0220493
109 0.694659 0.413202 0.0229733
110 0.694659 0.390514 0.0230914
111 0.694659 0.381465 0.0220189
112 0.694659 0.407095 0.0270787
113 0.694659 0.414994 0.0228297
114 0.694659 0.433025 0.0274799
115 0.694659 0.426414 0.0222391
116 0.694659 0.446944 0.0240262
117 0.694659 0.447577 0.0241499
118 0.694659 0.404524 0.0230902
119 0.694659 0.447016 0.0262608
120 0.694659 0.437009 0.0258635
121 0.694659 0.437467 0.0229941
122 0.694659 0.444104 0.0248654
123 0.694802 0.448621 0.0239816
124 0.694802 0.462645 0.019317
125 0.694802 0.448207 0.025474
126 0.694802 0.450205 0.0260691
127 0.694802 0.462791 0.0237548
128 0.694802 0.435911 0.0206566
129 0.694802 0.467826 0.0283767
130 0.694816 0.457578 0.0265529
131 0.694816 0.439998 0.0231373
132 0.694816 0.439569 0.0273425
133 0.694816 0.430485 0.0251469
134 0.694816 0.44263 0.0210546
135 0.694816 0.460918 0.0273029
136 0.694816 0.454484 0.0280705
137 0.694816 0.469924 0.0235084
138 0.694816 0.442048 0.0235384
139 0.694816 0.464463 0.0262511
140 0.694816 0.433734 0.0229095
141 0.694816 0.460915 0.025008
142 0.694816 0.477209 0.0237208
143 0.694816 0.456468 0.0239696
144 0.694816 0.455899 0.0256451
145 0.694816 0.459434 0.0229258
146 0.694816 0.467845 0.0200234
147 0.694816 0.475576 0.0228376
148 0.694816 0.493929 0.0216943
149 0.694816 0.467949 0.0212872
150 0.694816 0.460168 0.0218162
151 0.694816 0.448319 0.0211523
152 0.694816 0.455566 0.0243471
153 0.694816 0.461728 0.0272464
154 0.694816 0.457164 0.0241678
155 0.694816 0.490559 0.0253824
156 0.694816 0.454399 0.0239455
157 0.694816 0.451616 0.0231177
158 0.694816 0.440306 0.0225352
159 0.694816 0.451958 0.0249262
160 0.694816 0.467264 0.0257532
161 0.694816 0.450279 0.0270265
162 0.694816 0.459509 0.0270898
163 0.694816 0.459964 0.0255403
164 0.694816 0.459887 0.0237672
165 0.694816 0.469474 0.0246067
166 0.694816 0.494572 0.024942
167 0.694816 0.468145 0.0244185
168 0.694816 0.463318 0.0275523
169 0.694816 0.448671 0.0230879
170 0.694816 0.459783 0.0239664
171 0.694816 0.43208 0.0245495
172 0.694816 0.456752 0.0259404
173 0.694816 0.452564 0.0264311
174 0.694855 0.458888 0.0264802
175 0.694855 0.449976 0.0242894
176 0.694855 0.436914 0.0209672
177 0.694855 0.464067 0.0241454
178 0.694855 0.45256 0.0222059
179 0.694855 0.431676 0.0200439
180 0.694855 0.458013 0.0222166
181 0.695068 0.438909 0.0260658
182 0.695068 0.450571 0.0255817
183 0.695068 0.45865 0.0240059
184 0.695068 0.456666 0.020619
185 0.695068 0.481764 0.0247722
186 0.695068 0.473849 0.0249331
187 0.695068 0.449535 0.0190453
188 0.695068 0.441082 0.0232155
189 0.695068 0.476739 0.0259101
190 0.695068 0.45037 0.0248075
191 0.695068 0.439421 0.0214578
192 0.695068 0.430553 0.0222519
193 0.695068 0.436913 0.0251111
194 0.695068 0.443053 0.026355
195 0.695068 0.443972 0.0233292
196 0.695068 0.453352 0.0251391
197 0.695068 0.460442 0.0240592
198 0.695068 0.445698 0.0215123
199 0.695068 0.459059 0.0237647
200 0.695068 0.426647 0.0215894
201 0.695068 0.450866 0.0223922
202 0.695068 0.455136 0.022446
203 0.695068 0.458778 0.021046
204 0.695068 0.461428 0.0233436
205 0.695068 0.478112 0.0248122
206 0.695068 0.45989 0.0251123
207 0.695068 0.453034 0.0246543
208 0.695068 0.468082 0.024555
209 0.695068 0.449242 0.0211455
210 0.695068 0.473035 0.0242132
211 0.695068 0.470852 0.0260903
212 0.695068 0.475051 0.025543
213 0.695068 0.467711 0.0264732
214 0.695068 0.441831 0.026132
215 0.695068 0.433219 0.0253595
216 0.695068 0.446005 0.0268984
217 0.695068 0.440027 0.023891
218 0.695068 0.436326 0.0202557
219 0.695068 0.432273 0.0207601
220 0.695068 0.448509 0.0232476
221 0.695068 0.453277 0.0218798
222 0.695068 0.455902 0.0230213
223 0.695068 0.450143 0.0240707
224 0.695068 0.451951 0.0245886
225 0.695068 0.473881 0.0285564
226 0.695068 0.44723 0.0259189
227 0.695068 0.465736 0.0257015
228 0.695068 0.4657 0.0276281
229 0.695068 0.469443 0.0280184
230 0.695068 0.482629 0.0279257
231 0.695068 0.465918 0.024898
232 0.695069 0.480898 0.0278691
233 0.695069 0.463038 0.0255456
234 0.695069 0.457136 0.0257498
235 0.695069 0.444999 0.0279571
236 0.695069 0.444527 0.0252639
237 0.695069 0.455316 0.0207365
238 0.695069 0.458997 0.0228034
239 0.695069 0.457381 0.0269431
240 0.695069 0.471177 0.0239552
241 0.695069 0.449947 0.0251488
242 0.695069 0.453005 0.0262651
243 0.695069 0.458027 0.02719
244 0.695069 0.452834 0.0250493
245 0.695069 0.461163 0.0251011
246 0.695069 0.440591 0.0225799
247 0.695069 0.45069 0.0247353
248 0.695069 0.437441 0.0220698
249 0.695069 0.444888 0.0212754
250 0.695069 0.433938 0.0182334
251 0.695069 0.454278 0.0225845
252 0.695069 0.458922 0.0237898
253 0.695069 0.444422 0.0253287
254 0.695069 0.445363 0.0263504
255 0.695069 0.440364 0.0234733
256 0.695069 0.464839 0.0225903
257 0.695069 0.464473 0.0256304
258 0.695069 0.464328 0.0247293
259 0.695069 0.452522 0.0251713
260 0.695069 0.439939 0.0245329
261 0.695069 0.459815 0.0222279
262 0.695069 0.482443 0.0245192
263 0.695069 0.476038 0.0257237
264 0.69508 0.471681 0.0255301
265 0.69508 0.470527 0.0255235
266 0.69508 0.487221 0.0257943
267 0.69508 0.488744 0.0238106
268 0.69508 0.473929 0.0276494
269 0.695131 0.482915 0.0237759
270 0.695131 0.495462 0.0241622
271 0.695131 0.472189 0.0252131
272 0.695131 0.457768 0.0232986
273 0.695131 0.461367 0.0262609
274 0.695131 0.449912 0.0241168
275 0.695131 0.442529 0.0221978
276 0.695131 0.472997 0.0259694
277 0.695131 0.456943 0.0233915
278 0.695131 0.47498 0.0267542
279 0.695131 0.456662 0.0257377
280 0.695131 0.479368 0.0255386
281 0.695131 0.458252 0.023848
282 0.695131 0.45324 0.0240134
283 0.695131 0.450061 0.0228502
284 0.695131 0.471893 0.02558
285 0.695131 0.473524 0.0259955
286 0.695131 0.47033 0.0233915
287 0.695131 0.498344 0.0227923
288 0.695131 0.48059 0.0219957
289 0.695131 0.475192 0.0222055
290 0.695131 0.491921 0.0224224
291 0.695131 0.471683 0.0200293
292 0.695131 0.451374 0.0245581
293 0.695131 0.483415 0.0292961
294 0.695131 0.470014 0.0240845
295 0.695131 0.460977 0.0268295
296 0.695131 0.478436 0.0283935
297 0.695131 0.485241 0.025549
298 0.695131 0.458792 0.024227
299 0.695131 0.46129 0.025001
300 0.695131 0.476904 0.0223213
301 0.695131 0.474541 0.0227304
302 0.695131 0.483417 0.0222485
303 0.695131 0.467797 0.0207828
304 0.695131 0.479209 0.0248862
305 0.695131 0.494411 0.0221423
306 0.695131 0.51329 0.0206346
307 0.695131 0.471826 0.0254339
308 0.695131 0.469129 0.0243363
309 0.695131 0.451506 0.0246236
310 0.695131 0.459933 0.0257086
311 0.695131 0.449296 0.0255272
312 0.695131 0.45295 0.025146
313 0.695131 0.453563 0.0247797
314 0.695131 0.446846 0.0214135
315 0.695131 0.466372 0.0239396
316 0.695131 0.451472 0.0238348
317 0.695131 0.450787 0.0205991
318 0.695131 0.454742 0.0234532
319 0.695131 0.475061 0.0261057
320 0.695131 0.471362 0.0265859
321 0.695131 0.470197 0.021174
322 0.695131 0.480121 0.0227049
323 0.695131 0.482709 0.0237043
324 0.695131 0.483342 0.0221055
325 0.695131 0.489185 0.0231026
326 0.695131 0.458701 0.0218204
327 0.695131 0.472107 0.0242488
328 0.695131 0.463424 0.0255829
329 0.695131 0.479436 0.0239478
330 0.695131 0.475791 0.0226357
331 0.695131 0.469494 0.0247962
332 0.695131 0.485582 0.0255181
333 0.695131 0.468884 0.0257832
334 0.695131 0.476791 0.0234836
335 0.695131 0.44157 0.0224912
336 0.695131 0.47974 0.0223114
337 0.695131 0.475302 0.0256018
338 0.695131 0.440307 0.0256671
339 0.695131 0.436182 0.0238636
340 0.695131 0.446039 0.0238031
341 0.695131 0.440404 0.0207779
342 0.695131 0.438598 0.024885
343 0.695131 0.449695 0.0245486
344 0.695131 0.451205 0.0247603
345 0.695131 0.444821 0.0232519
346 0.695131 0.4584 0.0228856
347 0.695131 0.432586 0.0215038
348 0.695131 0.453378 0.023614
349 0.695131 0.471053 0.023349
350 0.695131 0.461882 0.0235794
351 0.695131 0.459928 0.0242203
352 0.695136 0.479493 0.0241916
353 0.695136 0.462945 0.024075
354 0.695136 0.490482 0.0230638
355 0.695136 0.491037 0.0208227
356 0.695136 0.496153 0.0223673
357 0.695136 0.471658 0.0257235
358 0.695136 0.486464 0.024268
359 0.695136 0.462739 0.0251961
360 0.695136 0.439131 0.0240795
361 0.695136 0.447398 0.0235603
362 0.695136 0.455946 0.0269725
363 0.695136 0.442832 0.02577
364 0.695136 0.431807 0.0245676
365 0.695136 0.441598 0.0261493
366 0.695136 0.437742 0.026685
367 0.695136 0.459158 0.0284688
368 0.695136 0.451279 0.0258849
369 0.695136 0.452015 0.0272053
370 0.695136 0.440601 0.0272262
371 0.695136 0.462357 0.0254709
372 0.695136 0.466635 0.0261274
373 0.695136 0.456888 0.0253583
374 0.695136 0.45218 0.0229605
375 0.695136 0.471258 0.0242783
376 0.695136 0.457295 0.0236525
377 0.695136 0.474024 0.0246784
378 0.695136 0.456238 0.0234222
379 0.695136 0.452109 0.022233
380 0.695136 0.453833 0.0246299
381 0.695136 0.455624 0.0233824
382 0.695136 0.45445 0.0254405
383 0.695136 0.483231 0.0250447
384 0.695136 0.463153 0.0248455
385 0.695136 0.449708 0.0239349
386 0.695136 0.456643 0.0250617
387 0.695136 0.465323 0.0260184
388 0.695136 0.475731 0.0212202
389 0.695136 0.462747 0.0227337
390 0.695136 0.465967 0.0238655
391 0.695136 0.44461 0.0236057
392 0.695136 0.457932 0.0212779
393 0.695136 0.461085 0.0247104
394 0.695136 0.466914 0.0221873
395 0.695136 0.452194 0.0233395
396 0.695136 0.458536 0.0244568
397 0.695136 0.456532 0.0234556
398 0.695136 0.472968 0.0255476
399 0.695136 0.473199 0.0213686
400 0.695136 0.467915 0.0288827
401 0.695136 0.449358 0.0258763
402 0.695136 0.453686 0.0264393
403 0.695136 0.445199 0.0231182
404 0.695136 0.46082 0.0237342
405 0.695136 0.467917 0.0252669
406 0.695136 0.447117 0.0239665
407 0.695136 0.453424 0.0273293
408 0.695136 0.431315 0.0214572
409 0.695136 0.443984 0.0237001
410 0.695136 0.454687 0.0223399
411 0.695136 0.433411 0.0188169
412 0.695136 0.45132 0.0253083
413 0.695136 0.437724 0.0229921
414 0.695136 0.444945 0.0266432
415 0.695136 0.441155 0.0226277
416 0.695136 0.446268 0.0244351
417 0.695136 0.432151 0.0263435
418 0.695136 0.430667 0.0229164
419 0.695136 0.418687 0.0225635
420 0.695136 0.450185 0.0235186
421 0.695136 0.453095 0.0203138
422 0.695136 0.464054 0.0205447
423 0.695136 0.455577 0.0199543
424 0.695136 0.473285 0.0238926
425 0.695136 0.447538 0.0236131
426 0.695136 0.443889 0.0206811
427 0.695136 0.465408 0.0260619
428 0.695136 0.457552 0.0251148
429 0.695136 0.446768 0.0226488
430 0.695136 0.449102 0.0243269
431 0.695136 0.439969 0.0195499
432 0.695136 0.442181 0.0221312
433 0.695136 0.451146 0.0233073
434 0.695136 0.439451 0.0220043
435 0.695136 0.429389 0.0245482
436 0.695136 0.453514 0.0250798
437 0.695136 0.471669 0.0224704
438 0.695136 0.458484 0.0239976
439 0.695136 0.460591 0.0269358
440 0.695136 0.488903 0.0280383
441 0.695136 0.470632 0.0243628
442 0.695136 0.452802 0.0244379
443 0.695136 0.442854 0.0238904
444 0.695136 0.451989 0.0273252
445 0.695136 0.468216 0.0284484
446 0.695136 0.427784 0.0262613
447 0.695136 0.42654 0.0272334
448 0.695136 0.430721 0.0259518
449 0.695136 0.411881 0.0210991
450 0.695136 0.43289 0.0253309
451 0.695136 0.437658 0.0305333
452 0.695136 0.439004 0.0269204
453 0.695136 0.450619 0.0298769
454 0.695136 0.447478 0.0269619
455 0.695136 0.456173 0.0273333
456 0.695136 0.460427 0.024435
457 0.695136 0.455041 0.0244689
458 0.695136 0.454649 0.0242171
459 0.695136 0.451954 0.0234906
460 0.695136 0.442601 0.0219487
461 0.695136 0.456314 0.0233995
462 0.695136 0.455598 0.0239063
463 0.695136 0.46 0.0226207
464 0.695136 0.442018 0.0258865
465 0.695136 0.472724 0.0308952
466 0.695136 0.460907 0.0287218
467 0.695136 0.471451 0.0257635
468 0.695136 0.480296 0.0229906
469 0.695136 0.461688 0.0235042
470 0.695136 0.475062 0.0260618
471 0.695136 0.47244 0.0292373
472 0.695136 0.432187 0.0240042
473 0.695136 0.448991 0.0276852
474 0.695136 0.442162 0.0266441
475 0.695136 0.440573 0.0256729
476 0.695136 0.426496 0.0238541
477 0.695136 0.447557 0.0292858
478 0.695136 0.42385 0.0231838
479 0.695136 0.444337 0.0275505
480 0.695136 0.457325 0.0283301
481 0.695136 0.426508 0.0243454
482 0.695136 0.426172 0.0211439
483 0.695136 0.422763 0.0227652
484 0.695136 0.439764 0.0236107
485 0.695136 0.433186 0.019742
486 0.695136 0.439437 0.0231618
487 0.695136 0.449625 0.0213714
488 0.695136 0.444605 0.0235075
489 0.695136 0.455356 0.0241523
490 0.695136 0.465653 0.0259775
491 0.695136 0.446352 0.0266706
492 0.695136 0.468905 0.0258518
493 0.695136 0.470332 0.0258284
494 0.695136 0.464753 0.0265844
495 0.695136 0.459449 0.0267503
496 0.695136 0.486313 0.0256781
497 0.695136 0.46957 0.0209689
498 0.695136 0.475477 0.0249642
499 0.695136 0.456403 0.025288
500 0.695136 0.450704 0.0229964
501 0.695136 0.459771 0.0238588
502 0.695136 0.4663 0.0237492
503 0.695136 0.470531 0.026582
504 0.695136 0.461341 0.0254925
505 0.695136 0.470796 0.0244707
506 0.695136 0.44724 0.0235946
507 0.695136 0.444088 0.0251407
508 0.695136 0.438983 0.0240853
509 0.695136 0.464066 0.0247705
510 0.695136 0.464609 0.0248485
511 0.695136 0.467734 0.0281231
512 0.695136 0.474834 0.0243864
513 0.695136 0.456221 0.021223
514 0.695136 0.457475 0.0218961
515 0.695136 0.460039 0.0238358
516 0.695162 0.470843 0.0267232
517 0.695162 0.469945 0.0259675
518 0.695162 0.461235 0.0234886
519 0.695162 0.448563 0.0220728
520 0.695162 0.462384 0.0259052
521 0.695162 0.439766 0.0220607
522 0.695162 0.441737 0.0222946
523 0.695162 0.445551 0.0252506
524 0.695162 0.434757 0.0243081
525 0.695162 0.441478 0.0261053
526 0.695162 0.421655 0.0245839
527 0.695162 0.42627 0.024243
528 0.695162 0.442207 0.0243726
529 0.695162 0.434476 0.0238449
530 0.695162 0.448767 0.025045
531 0.695162 0.448679 0.0246009
532 0.695162 0.4501 0.0248391
533 0.695162 0.47095 0.0266456
534 0.695162 0.446798 0.0240474
535 0.695162 0.43132 0.0238585
536 0.695162 0.434112 0.0220587
537 0.695162 0.430063 0.0222221
538 0.695162 0.454494 0.0223508
539 0.695162 0.446729 0.0252196
540 0.695162 0.442911 0.0255458
541 0.695162 0.451662 0.0244764
542 0.695162 0.468018 0.0245305
543 0.695162 0.4685 0.0257731
544 0.695162 0.482682 0.0288909
545 0.695162 0.486352 0.0237199
546 0.695162 0.479681 0.0230005
547 0.695162 0.469947 0.0240856
548 0.695162 0.460115 0.0265341
549 0.695162 0.436517 0.0226713
550 0.695162 0.419189 0.0242618
551 0.695162 0.427755 0.0230712
552 0.695162 0.432126 0.0240746
553 0.695162 0.453479 0.026953
554 0.695162 0.454325 0.0236926
555 0.695162 0.459317 0.02494
556 0.695162 0.442525 0.0240267
557 0.695162 0.457268 0.0227441
558 0.695162 0.447921 0.0250584
559 0.695162 0.447709 0.0231939
560 0.695162 0.466177 0.0222014
561 0.695162 0.47767 0.0224265
562 0.695162 0.480448 0.0200939
563 0.695162 0.457789 0.0178758
564 0.695162 0.449884 0.0231062
565 0.695162 0.457824 0.0224807
566 0.695162 0.450296 0.0238649
567 0.695162 0.4596 0.0213397
568 0.695162 0.469784 0.0248028
569 0.695162 0.474591 0.0237912
570 0.695162 0.457882 0.025179
571 0.695162 0.474691 0.0243025
572 0.695162 0.460727 0.0225897
573 0.695162 0.451592 0.0221578
574 0.695162 0.478125 0.0234561
575 0.695162 0.449007 0.0218656
576 0.695162 0.449407 0.0226791
577 0.695199 0.454948 0.0266404
578 0.695199 0.46337 0.0217443
579 0.695199 0.443873 0.0210281
580 0.695199 0.460469 0.0246258
581 0.695199 0.471637 0.0262052
582 0.695199 0.470313 0.0251595
583 0.695199 0.439331 0.0228931
584 0.695199 0.436759 0.0260663
585 0.695199 0.462556 0.0294598
586 0.695199 0.463664 0.0303919
587 0.695199 0.446122 0.0268192
588 0.695199 0.457415 0.0280843
589 0.695199 0.469045 0.0258959
590 0.695199 0.467224 0.0255984
591 0.695199 0.486688 0.0251384
592 0.695199 0.479266 0.0236239
593 0.695199 0.452173 0.0250002
594 0.695199 0.455733 0.0238254
595 0.695199 0.482646 0.0243966
596 0.695199 0.466126 0.0240048
597 0.695199 0.453 0.0265149
598 0.695199 0.440404 0.0248487
599 0.695199 0.448431 0.02488
600 0.695199 0.43328 0.0226947
601 0.695199 0.456982 0.0229696
602 0.695199 0.456404 0.024204
603 0.695199 0.456082 0.0256817
604 0.695199 0.456402 0.022278
605 0.695199 0.441984 0.0216098
606 0.695199 0.456185 0.0221103
607 0.695199 0.448867 0.0236392
608 0.695199 0.4485 0.0255345
609 0.695199 0.45521 0.0230489
610 0.695199 0.42713 0.0217086
611 0.695199 0.42205 0.0210271
612 0.695199 0.451218 0.0244227
613 0.695199 0.45348 0.0230122
614 0.695199 0.469254 0.0202057
615 0.695199 0.490587 0.0237672
616 0.695199 0.469262 0.0215217
617 0.695199 0.466914 0.0213579
618 0.695199 0.477817 0.0225596
619 0.695199 0.459485 0.023396
620 0.695199 0.443649 0.0214058
621 0.695199 0.463815 0.0229454
622 0.695199 0.450468 0.0263327
623 0.695199 0.464217 0.0239206
624 0.695199 0.468662 0.0251597
625 0.695199 0.48711 0.0218145
626 0.695199 0.454331 0.0208065
627 0.695199 0.441236 0.0229348
628 0.695199 0.460207 0.0234949
629 0.695222 0.447885 0.0230983
630 0.695222 0.456013 0.023397
631 0.695222 0.479539 0.0240174
632 0.695222 0.463738 0.0225509
633 0.695222 0.463493 0.0242723
634 0.695222 0.458575 0.0220563
635 0.695222 0.451277 0.0217196
636 0.695222 0.450213 0.0225375
637 0.695222 0.455131 0.0209575
638 0.695222 0.462418 0.0203584
639 0.695222 0.464323 0.0223209
640 0.695222 0.482867 0.0234804
641 0.695222 0.473946 0.0233425
642 0.695222 0.467634 0.0253547
643 0.695222 0.465639 0.023611
644 0.695222 0.45343 0.0252226
645 0.695222 0.458556 0.0215704
646 0.695222 0.449097 0.0215136
647 0.695222 0.448861 0.0258295
648 0.695222 0.465645 0.0236464
649 0.695222 0.473328 0.0243606
650 0.695222 0.476437 0.0232046
651 0.695222 0.477267 0.0252127
652 0.695222 0.474635 0.0248201
653 0.695222 0.476889 0.0266842
654 0.695222 0.478741 0.021254
655 0.695222 0.489318 0.0230317
656 0.695222 0.472356 0.0280418
657 0.695222 0.457737 0.0250879
658 0.695222 0.473128 0.0253846
659 0.695222 0.469039 0.0230664
660 0.695222 0.430126 0.0214956
661 0.695222 0.428349 0.019012
662 0.695272 0.448451 0.0250945
663 0.695272 0.450676 0.021123
664 0.695272 0.439747 0.0229002
665 0.695272 0.448412 0.02153
666 0.695272 0.469683 0.0229713
667 0.695272 0.481426 0.0194421
668 0.695272 0.457373 0.0204786
669 0.695272 0.473912 0.0260321
670 0.695272 0.470537 0.027275
671 0.695272 0.455797 0.0245738
672 0.695272 0.475676 0.0258842
673 0.695272 0.463873 0.0271854
674 0.695272 0.457724 0.0268805
675 0.695272 0.446456 0.0268801
676 0.695272 0.45752 0.0258837
677 0.695272 0.447053 0.0241672
678 0.695272 0.480157 0.0244653
679 0.695272 0.463912 0.0255226
680 0.695272 0.440749 0.0206677
681 0.695272 0.458308 0.0207003
682 0.695272 0.493651 0.0263512
683 0.695272 0.444601 0.0240186
684 0.695272 0.475837 0.0244461
685 0.695272 0.462649 0.0227231
686 0.695272 0.466343 0.02274
687 0.695272 0.465877 0.0273999
688 0.695272 0.474995 0.0281594
689 0.695272 0.450193 0.0237882
690 0.695272 0.461199 0.0254638
691 0.695272 0.450958 0.0251081
692 0.695272 0.455966 0.0230558
693 0.695272 0.452809 0.0257354
694 0.695272 0.469321 0.0262785
695 0.695272 0.483677 0.0266019
696 0.695272 0.449836 0.0231963
697 0.695272 0.444506 0.0257413
698 0.695272 0.459194 0.0249884
699 0.695272 0.441201 0.0257036
700 0.695272 0.450009 0.0273923
701 0.695275 0.473427 0.0269945
702 0.695275 0.454573 0.0235432
703 0.695275 0.440938 0.0214446
704 0.695275 0.443629 0.023934
705 0.695275 0.45792 0.0261116
706 0.695277 0.452135 0.0253718
707 0.695277 0.465285 0.022611
708 0.695277 0.446117 0.0249235
709 0.695277 0.459655 0.0253666
710 0.695277 0.440963 0.0242033
711 0.695277 0.442622 0.0211026
712 0.695277 0.47671 0.0257264
713 0.695277 0.479503 0.0248246
714 0.695277 0.445939 0.0263368
715 0.695277 0.458529 0.027381
716 0.695277 0.456026 0.0259518
717 0.695277 0.443879 0.02464
718 0.695277 0.43882 0.0257011
719 0.695277 0.447275 0.0236224
720 0.695277 0.442465 0.0256383
721 0.695277 0.442746 0.0237575
722 0.695277 0.469659 0.0276834
723 0.695277 0.459042 0.0266359
724 0.695277 0.471705 0.0232659
725 0.695277 0.435323 0.0242593
726 0.695277 0.454535 0.0254842
727 0.695277 0.437037 0.0229127
728 0.695277 0.469989 0.0245653
729 0.695277 0.465227 0.0239179
730 0.695277 0.4701 0.025858
731 0.695277 0.464742 0.0235487
732 0.695277 0.467777 0.0255083
733 0.695277 0.478431 0.025672
734 0.695277 0.476904 0.0251621
735 0.695277 0.45096 0.0243894
736 0.695277 0.463057 0.0258167
737 0.695277 0.455735 0.0246106
738 0.695277 0.43844 0.0237662
739 0.695277 0.45726 0.0244418
740 0.695277 0.461932 0.0225818
741 0.695277 0.467246 0.0258685
742 0.695277 0.457345 0.0250059
743 0.695277 0.467662 0.0243457
744 0.695277 0.46885 0.0253229
745 0.695277 0.473562 0.0264506
746 0.695277 0.456165 0.0224483
747 0.695277 0.480267 0.0261895
748 0.695277 0.485302 0.0249464
749 0.695277 0.513404 0.022893
750 0.695277 0.483312 0.0266711
751 0.695277 0.464131 0.0246713
752 0.695277 0.457188 0.0228696
753 0.695277 0.445505 0.0233548
754 0.695277 0.455993 0.027295
755 0.695277 0.44559 0.0237461
756 0.695277 0.436263 0.0227683
757 0.695277 0.449656 0.0247985
758 0.695277 0.4521 0.0238604
759 0.695277 0.44995 0.0267822
760 0.695277 0.452723 0.0234429
761 0.695277 0.454147 0.0214437
762 0.695277 0.456875 0.0229772
763 0.695277 0.446318 0.0239869
764 0.695277 0.482005 0.0263938
765 0.695277 0.477064 0.0269318
766 0.695277 0.477458 0.0252505
767 0.695277 0.480061 0.0275141
768 0.695277 0.478134 0.0255955
769 0.695277 0.457414 0.0273261
770 0.695277 0.467821 0.0258018
771 0.695277 0.45723 0.025039
772 0.695277 0.466628 0.0248896
773 0.695277 0.443068 0.0234158
774 0.695277 0.455741 0.0231395
775 0.695277 0.457417 0.025838
776 0.695277 0.46048 0.0250986
777 0.695277 0.462516 0.0231894
778 0.695277 0.450498 0.0250686
779 0.695277 0.468605 0.0232492
780 0.695277 0.44202 0.0257975
781 0.695277 0.422583 0.0262228
782 0.695277 0.440357 0.0247129
783 0.695277 0.421541 0.0244444
784 0.695277 0.4342 0.0264418
785 0.695277 0.43131 0.020646
786 0.695277 0.418006 0.0218736
787 0.695277 0.421305 0.0220743
788 0.695277 0.429521 0.024734
789 0.695277 0.42832 0.0281739
790 0.695277 0.432332 0.022903
791 0.695277 0.448506 0.0222723
792 0.695277 0.458725 0.0221114
793 0.695277 0.450637 0.0262941
794 0.695277 0.459803 0.023913
795 0.695277 0.473377 0.0264559
796 0.695277 0.456906 0.026826
797 0.695282 0.464591 0.0256727
798 0.695317 0.466316 0.0236274
799 0.695317 0.478571 0.0241057
800 0.695317 0.472282 0.0240082
801 0.695317 0.480292 0.0289451
802 0.695317 0.476443 0.0254395
803 0.695317 0.463432 0.0254896
804 0.695317 0.464527 0.0274196
805 0.695317 0.447308 0.0240498
806 0.695317 0.434264 0.0244049
807 0.695317 0.446066 0.0255236
808 0.695317 0.438167 0.0229219
809 0.695317 0.462788 0.0252084
810 0.695317 0.456605 0.0249413
811 0.695317 0.455957 0.0258623
812 0.695317 0.462798 0.0233759
813 0.695317 0.477578 0.0280657
814 0.695317 0.476762 0.0290405
815 0.695317 0.452289 0.0236739
816 0.695317 0.460391 0.0230511
817 0.695317 0.443494 0.0213223
818 0.695317 0.446946 0.0260455
819 0.695317 0.464379 0.0216697
820 0.695317 0.466192 0.0270612
821 0.695317 0.455485 0.0260103
822 0.695317 0.444527 0.0228653
823 0.695317 0.47052 0.0242125
824 0.695317 0.470019 0.0244157
825 0.695317 0.453553 0.0233228
826 0.695317 0.471047 0.0228034
827 0.695317 0.473338 0.0262203
828 0.695317 0.475793 0.0246097
829 0.695317 0.472484 0.0246349
830 0.695317 0.480504 0.0251311
831 0.695317 0.494346 0.0274918
832 0.695317 0.472074 0.0253248
833 0.695317 0.463043 0.0253304
834 0.695317 0.4626 0.0251649
835 0.695317 0.459713 0.023521
836 0.695317 0.448762 0.0239065
837 0.695321 0.446563 0.0212958
838 0.695321 0.46192 0.0268549
839 0.695321 0.438702 0.0220515
840 0.695321 0.438974 0.0219141
841 0.695321 0.443352 0.023498
842 0.695321 0.452591 0.0245253
843 0.695321 0.422632 0.0228241
844 0.695321 0.426108 0.0242504
845 0.695321 0.433992 0.0219486
846 0.695321 0.444762 0.0260752
847 0.695321 0.453324 0.0242067
848 0.695321 0.423739 0.022272
849 0.695321 0.425288 0.0215871
850 0.695321 0.448538 0.0281018
851 0.695321 0.425862 0.0257775
852 0.695321 0.431869 0.0227383
853 0.695321 0.443671 0.0243729
854 0.695321 0.441209 0.0236282
855 0.695321 0.445567 0.0272913
856 0.695321 0.437608 0.0220206
857 0.695321 0.442251 0.0247405
858 0.695321 0.431433 0.0256214
859 0.695321 0.447581 0.0244872
860 0.695321 0.44968 0.025624
861 0.695321 0.452063 0.0284959
862 0.695321 0.444341 0.023749
863 0.695321 0.447618 0.0235517
864 0.695321 0.449491 0.0252241
865 0.695321 0.467722 0.0263538
866 0.695321 0.472024 0.0241063
867 0.695321 0.459569 0.0236542
868 0.695321 0.462271 0.0216168
869 0.695321 0.461225 0.0233784
870 0.695321 0.452695 0.0233709
871 0.695321 0.461912 0.0258589
872 0.695321 0.450309 0.0261342
873 0.695321 0.466164 0.0295434
874 0.695321 0.459745 0.0249008
875 0.695321 0.467914 0.0248754
876 0.695321 0.468779 0.0240426
877 0.695321 0.451015 0.0234031
878 0.695321 0.475663 0.0259774
879 0.695321 0.457264 0.025154
880 0.695321 0.453092 0.0234363
881 0.695321 0.41019 0.0201651
882 0.695321 0.436477 0.0259748
883 0.695321 0.43059 0.0244723
884 0.695321 0.443945 0.027266
885 0.695321 0.439491 0.0275005
886 0.695321 0.425018 0.022648
887 0.695321 0.428982 0.0228441
888 0.695321 0.4523 0.0244434
889 0.695321 0.467678 0.026944
890 0.695321 0.480171 0.025305
891 0.695321 0.467352 0.0237439
892 0.695321 0.463133 0.0251515
893 0.695321 0.466354 0.0223837
894 0.695321 0.463144 0.0248405
895 0.695321 0.47065 0.0285935
896 0.695321 0.460729 0.0257662
897 0.695321 0.445357 0.0236711
898 0.695321 0.43448 0.0248127
899 0.695321 0.427514 0.0241835
900 0.695321 0.432266 0.0234696
901 0.695321 0.453632 0.024396
902 0.695321 0.439557 0.0232498
903 0.695321 0.450252 0.0258122
904 0.695321 0.423672 0.0229277
905 0.695321 0.428622 0.0253087
906 0.695321 0.462954 0.0274946
907 0.695321 0.447046 0.0259549
908 0.695321 0.443865 0.024028
909 0.695321 0.457256 0.0255852
910 0.695321 0.461661 0.0248629
911 0.695321 0.443625 0.0228311
912 0.695321 0.457247 0.0231191
913 0.695321 0.480425 0.0250474
914 0.695321 0.477842 0.025902
915 0.695321 0.466436 0.0244833
916 0.695321 0.447985 0.0218666
917 0.695321 0.466005 0.0239964
918 0.695321 0.463163 0.0234629
919 0.695321 0.45119 0.0265407
920 0.695321 0.460835 0.0277652
921 0.695321 0.452578 0.0238627
922 0.695321 0.485952 0.0236715
923 0.695322 0.458667 0.0232424
924 0.695322 0.473895 0.0232959
925 0.695322 0.46416 0.0252242
926 0.695322 0.490024 0.0246169
927 0.695322 0.482892 0.0216069
928 0.695342 0.475935 0.0200101
929 0.695342 0.464674 0.0239544
930 0.695342 0.466537 0.0257622
931 0.695342 0.472116 0.0259863
932 0.695342 0.463478 0.0249561
933 0.695342 0.463802 0.0271998
934 0.695342 0.45336 0.0246782
935 0.695342 0.453738 0.0229081
936 0.695342 0.444899 0.0269659
937 0.695342 0.460308 0.0239004
938 0.695342 0.449703 0.0223783
939 0.695342 0.455492 0.02458
940 0.695342 0.477276 0.0268377
941 0.695342 0.469729 0.0232121
942 0.695342 0.469424 0.0241566
943 0.695342 0.466602 0.0237395
944 0.695342 0.452187 0.022614
945 0.695342 0.474721 0.023245
946 0.695342 0.475374 0.0244892
947 0.695342 0.486289 0.0241897
948 0.695342 0.446598 0.0239492
949 0.695342 0.446089 0.023137
950 0.695342 0.463064 0.0239834
951 0.695342 0.492035 0.0238743
952 0.695365 0.488348 0.0236326
953 0.695365 0.465413 0.0238221
954 0.695365 0.473716 0.027231
955 0.695365 0.45934 0.0256317
956 0.695365 0.440168 0.0224715
957 0.695365 0.446867 0.0214178
958 0.695365 0.475844 0.0249661
959 0.695365 0.471462 0.0224453
960 0.695365 0.46975 0.0202499
961 0.695365 0.469334 0.0219556
962 0.695365 0.469659 0.0224427
963 0.695365 0.463655 0.0230426
964 0.695365 0.435123 0.0225273
965 0.695365 0.462573 0.0264496
966 0.695365 0.469515 0.0263595
967 0.695365 0.432097 0.0239641
968 0.695365 0.448042 0.0210356
969 0.695365 0.452085 0.0250662
970 0.695365 0.453755 0.0219156
971 0.695365 0.448638 0.022321
972 0.695365 0.457556 0.02392
973 0.695365 0.461748 0.0222173
974 0.695365 0.460152 0.0250651
975 0.695365 0.44521 0.0228823
976 0.695365 0.471657 0.0237381
977 0.695365 0.471801 0.0225433
978 0.695365 0.477391 0.0209172
979 0.695365 0.475383 0.0229114
980 0.695365 0.462791 0.0206806
981 0.695365 0.469217 0.0226596
982 0.695365 0.471311 0.0223726
983 0.695365 0.465677 0.0200567
984 0.695365 0.482461 0.0236659
985 0.695365 0.46011 0.0234579
986 0.695365 0.445608 0.021233
987 0.695365 0.459737 0.0247962
988 0.695365 0.458333 0.0221625
989 0.695365 0.461491 0.0247345
990 0.695365 0.45288 0.0254017
991 0.695365 0.456257 0.0239404
992 0.695365 0.464311 0.0271886
993 0.695365 0.455053 0.0253378
994 0.695365 0.442978 0.0233085
995 0.695365 0.44543 0.0226018
996 0.695365 0.44772 0.0243212
997 0.695365 0.445487 0.0281719
998 0.695365 0.432906 0.0237882
999 0.695365 0.451784 0.0247762
1000 0.695365 0.462994 0.0272031
