0 0.381159 0.252034 0.000327967
1 0.381159 0.253362 0.000333464
2 0.381159 0.257813 0.000708066
3 0.381159 0.259764 0.000879078
4 0.405339 0.264038 0.00140052
5 0.471009 0.272013 0.00239949
6 0.471009 0.270985 0.00232725
7 0.471009 0.274361 0.00314173
8 0.471009 0.281677 0.00371823
9 0.471009 0.283902 0.0038668
10 0.471009 0.290449 0.004974
11 0.471009 0.290786 0.00596558
12 0.473209 0.301199 0.00636714
13 0.473209 0.302461 0.00701037
14 0.479029 0.30929 0.00744613
15 0.479029 0.307876 0.00819755
16 0.479037 0.314278 0.00836896
17 0.520326 0.317969 0.00907427
18 0.520326 0.32439 0.00960626
19 0.585644 0.320474 0.0106268
20 0.585644 0.322876 0.0109003
21 0.585644 0.340437 0.0135423
22 0.585644 0.329747 0.0146141
23 0.632184 0.336551 0.014911
24 0.670898 0.341137 0.0182683
25 0.670898 0.348849 0.0177733
26 0.678723 0.350664 0.0189905
27 0.678723 0.351258 0.0189512
28 0.678723 0.349565 0.0219937
29 0.678723 0.361466 0.0280876
30 0.704386 0.367209 0.030344
31 0.704386 0.363806 0.0283606
32 0.704386 0.361752 0.0271867
33 0.704386 0.383162 0.0285893
34 0.704386 0.370474 0.0254353
35 0.704386 0.372622 0.0270894
36 0.704386 0.375988 0.0280941
37 0.704386 0.378213 0.0269582
38 0.704386 0.382814 0.0270932
39 0.704386 0.405239 0.0266197
40 0.704386 0.428174 0.0301697
41 0.704386 0.435194 0.02568
42 0.704386 0.436497 0.026863
43 0.704386 0.438674 0.0286672
44 0.706561 0.446641 0.026775
45 0.706561 0.472445 0.0250042
46 0.706561 0.494171 0.0257254
47 0.706561 0.476386 0.0260668
48 0.706561 0.472404 0.0240521
49 0.706561 0.512153 0.0213575
50 0.706853 0.510714 0.0205053
51 0.706853 0.524654 0.0214513
52 0.707349 0.532756 0.0195883
53 0.707349 0.524717 0.0178969
54 0.712407 0.505406 0.0220355
55 0.712407 0.49921 0.0232068
56 0.712407 0.515307 0.0213819
57 0.712407 0.496419 0.020446
58 0.712407 0.518594 0.0213333
59 0.712407 0.501705 0.0208312
60 0.712407 0.51735 0.0200117
61 0.712407 0.532531 0.0228922
62 0.712407 0.530301 0.0180436
63 0.712407 0.521452 0.0196417
64 0.712407 0.51849 0.0186419
65 0.712407 0.510853 0.0211725
66 0.712407 0.516491 0.0203657
67 0.712407 0.510894 0.0199646
68 0.712407 0.528103 0.0174723
69 0.712407 0.524535 0.018275
70 0.712407 0.513615 0.0191878
71 0.712407 0.519513 0.0178023
72 0.712407 0.51648 0.0174088
73 0.722975 0.50274 0.0184042
74 0.722975 0.528028 0.0174712
75 0.722975 0.504787 0.0210126
76 0.722975 0.532398 0.0211868
77 0.722975 0.498374 0.0207841
78 0.722975 0.491206 0.0238895
79 0.722975 0.515961 0.021305
80 0.722975 0.514034 0.0197562
81 0.722975 0.507015 0.0204401
82 0.736757 0.490801 0.0223559
83 0.736757 0.503765 0.0205312
84 0.736757 0.521209 0.0202678
85 0.736757 0.512401 0.023268
86 0.736757 0.516716 0.0218352
87 0.736757 0.500956 0.019814
88 0.738499 0.495196 0.0202235
89 0.738499 0.505302 0.0196759
90 0.738499 0.520687 0.018108
91 0.738808 0.493218 0.0193729
92 0.738808 0.495623 0.0207137
93 0.738808 0.496902 0.0211552
94 0.738808 0.508867 0.0181884
95 0.738808 0.514316 0.0161718
96 0.738808 0.52878 0.020171
97 0.738808 0.510444 0.0208518
98 0.738808 0.522971 0.0203382
99 0.739086 0.531686 0.0187867
100 0.739086 0.526197 0.0180705
101 0.739086 0.549509 0.0184576
102 0.745563 0.549203 0.0198194
103 0.745563 0.521237 0.0220432
104 0.745563 0.52108 0.0209777
105 0.748325 0.526359 0.0196018
106 0.748325 0.531883 0.0186279
107 0.748325 0.530057 0.0220954
108 0.748325 0.529466 0.01922
109 0.748325 0.53992 0.0157913
110 0.748325 0.545717 0.0179794
111 0.748325 0.528245 0.0176656
112 0.748325 0.550637 0.0185599
113 0.748325 0.549772 0.0175141
114 0.748325 0.543501 0.0175556
115 0.748325 0.538476 0.0169544
116 0.748325 0.53184 0.0191479
117 0.748325 0.524263 0.0185017
118 0.748325 0.525828 0.0211241
119 0.748325 0.537735 0.018632
120 0.748325 0.542617 0.0179909
121 0.748325 0.556565 0.0166947
122 0.748613 0.549641 0.0181581
123 0.750608 0.546733 0.0174754
124 0.750608 0.533323 0.0187483
125 0.750608 0.544223 0.0174384
126 0.750608 0.536702 0.0180686
127 0.750608 0.542349 0.0181022
128 0.759141 0.541059 0.0173751
129 0.759141 0.53134 0.0199617
130 0.759141 0.532393 0.0200404
131 0.759141 0.533627 0.0214348
132 0.764805 0.538712 0.019861
133 0.764805 0.551869 0.0206356
134 0.776576 0.561295 0.0216261
135 0.776576 0.547437 0.0194656
136 0.776576 0.544652 0.0203813
137 0.776576 0.529474 0.021203
138 0.776576 0.530017 0.0217236
139 0.776576 0.549066 0.0228216
140 0.776576 0.549654 0.0226007
141 0.776576 0.551108 0.0193875
142 0.776576 0.567161 0.0187317
143 0.776576 0.56586 0.0171646
144 0.776576 0.554979 0.0183833
145 0.776576 0.585071 0.0167053
146 0.778107 0.573473 0.0186624
147 0.778107 0.581853 0.0155232
148 0.778107 0.578299 0.0165565
149 0.778107 0.5747 0.0179561
150 0.778107 0.568338 0.017953
151 0.778107 0.57402 0.0180861
152 0.778107 0.55991 0.0194473
153 0.778107 0.53409 0.0221182
154 0.778107 0.535111 0.0204211
155 0.778107 0.547212 0.0207725
156 0.778107 0.582193 0.0174438
157 0.788781 0.590866 0.0158954
158 0.788781 0.575918 0.0173441
159 0.788781 0.594678 0.0178627
160 0.788781 0.565035 0.0196434
161 0.788781 0.540699 0.0206634
162 0.788781 0.539343 0.022348
163 0.790891 0.550806 0.0219877
164 0.790891 0.557292 0.0193503
165 0.790891 0.560646 0.0189804
166 0.790891 0.574878 0.0193497
167 0.790891 0.595949 0.0197781
168 0.790891 0.590826 0.0211087
169 0.790891 0.573797 0.0182111
170 0.790891 0.564248 0.0209645
171 0.790891 0.587728 0.0212807
172 0.793255 0.575925 0.0227255
173 0.793255 0.567078 0.0231746
174 0.793255 0.566051 0.0218603
175 0.793255 0.570983 0.0238267
176 0.793255 0.569745 0.0224584
177 0.793255 0.545628 0.024404
178 0.793255 0.555659 0.0246376
179 0.793255 0.563767 0.026338
180 0.793255 0.568532 0.0224952
181 0.793255 0.575219 0.0236792
182 0.793255 0.568126 0.0204847
183 0.795105 0.567394 0.0253884
184 0.816792 0.556651 0.0251532
185 0.816792 0.595621 0.0231213
186 0.816792 0.574149 0.021947
187 0.816792 0.582981 0.0214707
188 0.816792 0.592249 0.0177359
189 0.816792 0.59261 0.0185985
190 0.816792 0.60153 0.0217893
191 0.816792 0.588535 0.0213684
192 0.816792 0.579853 0.0200982
193 0.816792 0.583568 0.0204191
194 0.816792 0.594427 0.0216347
195 0.816792 0.567787 0.0239993
196 0.816792 0.566341 0.0247078
197 0.816792 0.56005 0.0232508
198 0.816792 0.586407 0.0217606
199 0.816792 0.607018 0.0209896
200 0.816792 0.606605 0.0206541
201 0.816792 0.600461 0.0224066
202 0.816792 0.607111 0.0236726
203 0.816792 0.590301 0.022246
204 0.816792 0.574339 0.0238192
205 0.816792 0.599133 0.0238592
206 0.816792 0.57204 0.0206781
207 0.816792 0.59196 0.0192886
208 0.816792 0.583203 0.0190772
209 0.816792 0.592387 0.021298
210 0.816792 0.59255 0.0203667
211 0.816792 0.590217 0.0197188
212 0.816792 0.59428 0.0211743
213 0.816792 0.585566 0.0225986
214 0.816792 0.571901 0.021973
215 0.816792 0.564957 0.0210946
216 0.816792 0.56001 0.0246415
217 0.816792 0.568285 0.0226498
218 0.816792 0.587261 0.0216345
219 0.816792 0.582459 0.0228475
220 0.816792 0.561832 0.0248038
221 0.816792 0.576603 0.0224476
222 0.816792 0.576427 0.024462
223 0.816792 0.575532 0.0209476
224 0.816792 0.596679 0.0193451
225 0.816792 0.591868 0.0221598
226 0.816792 0.570465 0.0240041
227 0.816792 0.556079 0.0218337
228 0.816792 0.583298 0.0204295
229 0.816792 0.597808 0.0210106
230 0.816792 0.599749 0.0223585
231 0.816792 0.572576 0.0232412
232 0.816792 0.58015 0.0217184
233 0.816792 0.584975 0.0196016
234 0.816792 0.593064 0.0217142
235 0.816792 0.589462 0.0217549
236 0.816792 0.582406 0.0208903
237 0.816792 0.584387 0.0203711
238 0.816792 0.592945 0.0221593
239 0.816792 0.584133 0.0237587
240 0.816792 0.559112 0.0251004
241 0.816792 0.601481 0.0202257
242 0.816792 0.598892 0.0240736
243 0.816792 0.598131 0.0249095
244 0.816792 0.587637 0.0221782
245 0.816792 0.583905 0.0243565
246 0.816792 0.557196 0.0215733
247 0.816792 0.570328 0.0262056
248 0.816792 0.574188 0.023857
249 0.816792 0.593193 0.0235786
250 0.816792 0.571924 0.0234347
251 0.816792 0.591966 0.0230317
252 0.816792 0.596782 0.0213812
253 0.816792 0.565941 0.024003
254 0.816792 0.569527 0.0233801
255 0.816792 0.561218 0.0226435
256 0.816792 0.59227 0.0246501
257 0.816792 0.586906 0.0218803
258 0.816792 0.587218 0.018113
259 0.816792 0.588289 0.0216316
260 0.816792 0.605315 0.0218736
261 0.816792 0.596327 0.0221733
262 0.816792 0.580999 0.0227749
263 0.816792 0.600519 0.0192135
264 0.816792 0.612338 0.0188304
265 0.816792 0.621215 0.0212552
266 0.816792 0.601121 0.0217054
267 0.816792 0.591152 0.0213453
268 0.816792 0.589891 0.0207296
269 0.816792 0.593724 0.0207836
270 0.816792 0.56931 0.0219484
271 0.816792 0.572075 0.020859
272 0.816792 0.583647 0.0219385
273 0.816792 0.596914 0.0226667
274 0.816792 0.595384 0.0214091
275 0.816792 0.594919 0.0212128
276 0.816792 0.581678 0.0196408
277 0.816792 0.599937 0.0218379
278 0.816792 0.591378 0.0226811
279 0.816792 0.576323 0.0200751
280 0.816792 0.589566 0.0214446
281 0.816792 0.6114 0.0189541
282 0.816792 0.597839 0.0189917
283 0.816792 0.583882 0.0201637
284 0.816792 0.586209 0.0205786
285 0.816792 0.585536 0.0205024
286 0.816792 0.589986 0.0202948
287 0.816792 0.605835 0.0193414
288 0.817072 0.606637 0.0217303
289 0.817072 0.609505 0.0201602
290 0.817072 0.579936 0.0245082
291 0.817072 0.579747 0.0229589
292 0.817072 0.585268 0.0205244
293 0.817072 0.586749 0.0217363
294 0.817072 0.594914 0.0214814
295 0.817072 0.599049 0.0219396
296 0.817072 0.595178 0.0211853
297 0.817072 0.60073 0.0213477
298 0.817072 0.613244 0.0184367
299 0.817072 0.576937 0.0213153
300 0.817072 0.589218 0.0197124
301 0.817072 0.577697 0.0212846
302 0.817072 0.583273 0.0229772
303 0.817072 0.594284 0.0221945
304 0.817072 0.601514 0.0210191
305 0.817072 0.612166 0.0208099
306 0.817072 0.608878 0.0199078
307 0.818915 0.608547 0.0198327
308 0.818915 0.605482 0.0193922
309 0.818915 0.598614 0.0196532
310 0.825705 0.591758 0.0212643
311 0.825705 0.588011 0.0222995
312 0.825705 0.582243 0.0223704
313 0.825705 0.601309 0.0227357
314 0.825705 0.592735 0.0228015
315 0.825705 0.605128 0.0209744
316 0.825705 0.576009 0.0180639
317 0.825705 0.579989 0.0207363
318 0.825705 0.572956 0.021881
319 0.825705 0.566997 0.0245735
320 0.825705 0.59589 0.0220691
321 0.825705 0.588867 0.0249868
322 0.825705 0.595843 0.0230019
323 0.825705 0.605155 0.02395
324 0.825705 0.616991 0.0240268
325 0.825705 0.596752 0.0212307
326 0.825705 0.608508 0.0198011
327 0.825705 0.620017 0.0190581
328 0.825705 0.59641 0.0218496
329 0.825705 0.583453 0.023338
330 0.825705 0.583078 0.0213221
331 0.825705 0.58688 0.0230365
332 0.825705 0.577321 0.0212236
333 0.825705 0.572709 0.0246568
334 0.825705 0.591231 0.0269792
335 0.825705 0.573244 0.0258178
336 0.825705 0.581228 0.0256083
337 0.825705 0.565641 0.0235075
338 0.825705 0.566362 0.0244685
339 0.825705 0.58541 0.0264286
340 0.825705 0.572743 0.0244536
341 0.825705 0.574669 0.0240682
342 0.825705 0.576334 0.023098
343 0.825705 0.578055 0.0255035
344 0.825705 0.571713 0.0255347
345 0.825705 0.592638 0.0200388
346 0.825705 0.582522 0.0217638
347 0.825705 0.584643 0.0222844
348 0.825705 0.586138 0.0219235
349 0.825705 0.608743 0.0210933
350 0.825705 0.609179 0.0220143
351 0.825705 0.58023 0.023331
352 0.825705 0.582787 0.0244493
353 0.825705 0.588497 0.0250526
354 0.825705 0.564208 0.0260128
355 0.82614 0.587575 0.023746
356 0.82614 0.593217 0.0257132
357 0.82614 0.585284 0.0266085
358 0.82614 0.563381 0.0238018
359 0.82614 0.571688 0.0231656
360 0.82614 0.580692 0.0234501
361 0.82614 0.584399 0.0280682
362 0.828889 0.574508 0.0270076
363 0.828889 0.586364 0.0234452
364 0.828889 0.606047 0.0227992
365 0.828889 0.588262 0.0210847
366 0.828889 0.605512 0.0221612
367 0.828889 0.605967 0.0215525
368 0.828889 0.598024 0.0215815
369 0.828889 0.59442 0.0214556
370 0.828889 0.619831 0.0179849
371 0.828889 0.600988 0.0235625
372 0.828889 0.593226 0.0241275
373 0.828889 0.594683 0.0236491
374 0.828889 0.60207 0.0230711
375 0.82952 0.587485 0.0260985
376 0.82952 0.603836 0.024632
377 0.82952 0.593545 0.0264729
378 0.82952 0.571876 0.027521
379 0.82952 0.586991 0.0256109
380 0.82952 0.56759 0.0280431
381 0.82952 0.57775 0.0287961
382 0.82952 0.571684 0.0283807
383 0.82952 0.568889 0.0255443
384 0.82952 0.592435 0.0242705
385 0.82952 0.618778 0.0187674
386 0.82952 0.608125 0.0212724
387 0.82952 0.589391 0.0208281
388 0.82952 0.607187 0.0220009
389 0.82952 0.607183 0.0201718
390 0.82952 0.604784 0.0236498
391 0.82952 0.602714 0.0213016
392 0.82952 0.591224 0.0250408
393 0.82952 0.572366 0.0266936
394 0.82952 0.557612 0.0234929
395 0.82952 0.573178 0.0253304
396 0.82952 0.582104 0.0192146
397 0.82952 0.589179 0.0227338
398 0.82952 0.591108 0.021138
399 0.82952 0.595085 0.02016
400 0.82952 0.581649 0.0219596
401 0.82952 0.601765 0.0233367
402 0.82952 0.59332 0.0240541
403 0.82952 0.581994 0.0208771
404 0.82952 0.600066 0.0209758
405 0.82952 0.575713 0.0241166
406 0.82952 0.58011 0.021947
407 0.82952 0.599772 0.0219651
408 0.82952 0.600418 0.0212953
409 0.82952 0.60158 0.0188461
410 0.82952 0.597985 0.0197954
411 0.82952 0.608237 0.0192613
412 0.82952 0.612699 0.0200624
413 0.82952 0.621209 0.0189234
414 0.82952 0.631854 0.0211413
415 0.82952 0.620868 0.0191295
416 0.82952 0.623876 0.0198741
417 0.82952 0.609017 0.0175825
418 0.82952 0.606037 0.0188307
419 0.82952 0.605392 0.021346
420 0.82952 0.62051 0.0199712
421 0.82952 0.623663 0.0211505
422 0.835465 0.595213 0.0267421
423 0.835465 0.616538 0.024537
424 0.835465 0.609236 0.0224355
425 0.838266 0.608656 0.0254403
426 0.838266 0.588426 0.0261368
427 0.838266 0.610155 0.0240068
428 0.838266 0.618626 0.0235781
429 0.838266 0.596777 0.0230633
430 0.838266 0.600272 0.0262649
431 0.838266 0.618857 0.0224583
432 0.838266 0.618035 0.0201338
433 0.838266 0.616404 0.0221254
434 0.838266 0.605588 0.0242703
435 0.838266 0.592483 0.0263905
436 0.838266 0.606605 0.0228066
437 0.838266 0.60447 0.0211864
438 0.838266 0.616297 0.0196127
439 0.838266 0.611787 0.0205974
440 0.838266 0.607679 0.0197062
441 0.838266 0.616558 0.0211298
442 0.838266 0.625713 0.0161624
443 0.838266 0.600091 0.0227991
444 0.838266 0.581334 0.0231188
445 0.838266 0.587552 0.0212132
446 0.838266 0.601579 0.0213154
447 0.838266 0.585065 0.0217562
448 0.838266 0.57792 0.0248099
449 0.838266 0.587587 0.0241632
450 0.838266 0.582796 0.0289546
451 0.838266 0.599991 0.0279394
452 0.838266 0.607083 0.0250346
453 0.838266 0.574514 0.0243361
454 0.838266 0.581772 0.0247636
455 0.838266 0.567068 0.0259248
456 0.838266 0.580236 0.0246777
457 0.838266 0.59056 0.0254629
458 0.838266 0.580685 0.0248253
459 0.838266 0.589013 0.0234238
460 0.838266 0.595711 0.0227825
461 0.838266 0.603779 0.0208266
462 0.838266 0.60325 0.0204929
463 0.838266 0.59703 0.0265066
464 0.838266 0.599515 0.0265151
465 0.838266 0.59991 0.0225109
466 0.838266 0.615159 0.0209949
467 0.838266 0.602916 0.0250643
468 0.838266 0.600937 0.0257758
469 0.838266 0.606722 0.0249871
470 0.838266 0.602964 0.0240325
471 0.839192 0.594452 0.0260398
472 0.839192 0.595416 0.0277246
473 0.839192 0.581095 0.0262167
474 0.839192 0.601489 0.0237474
475 0.839192 0.607857 0.0249028
476 0.839192 0.588634 0.0269358
477 0.839192 0.597383 0.0250526
478 0.839192 0.606717 0.0267561
479 0.839192 0.590358 0.0250208
480 0.839192 0.593592 0.024432
481 0.840206 0.591396 0.0239646
482 0.840206 0.599879 0.0222568
483 0.840206 0.590263 0.0246834
484 0.840206 0.580877 0.0285474
485 0.840206 0.589161 0.0273142
486 0.840206 0.598225 0.0226942
487 0.840206 0.583108 0.0249846
488 0.840206 0.593527 0.0249908
489 0.840206 0.585395 0.0245529
490 0.840206 0.592619 0.0255531
491 0.840206 0.619265 0.0226281
492 0.840206 0.610071 0.0225064
493 0.840206 0.602086 0.0233757
494 0.840206 0.596581 0.0221736
495 0.840206 0.598678 0.0267764
496 0.840206 0.574482 0.0269339
497 0.840206 0.583673 0.0270653
498 0.840206 0.586954 0.0255568
499 0.840206 0.577169 0.0253503
500 0.840206 0.596551 0.0277549
501 0.840206 0.591337 0.0267102
502 0.841568 0.594474 0.0279824
503 0.841922 0.58308 0.0274203
504 0.841922 0.587462 0.0254986
505 0.841922 0.598226 0.0228291
506 0.841922 0.592055 0.0211758
507 0.841922 0.587049 0.0209775
508 0.841922 0.591534 0.0226158
509 0.841922 0.598982 0.0223476
510 0.841922 0.591351 0.0231535
511 0.841922 0.610774 0.0190085
512 0.841922 0.597796 0.0216395
513 0.841922 0.619412 0.0199357
514 0.841922 0.603985 0.021017
515 0.841922 0.633826 0.0189669
516 0.841922 0.62176 0.0209058
517 0.841922 0.612898 0.0247356
518 0.841922 0.616901 0.0235018
519 0.841922 0.631828 0.0228285
520 0.841922 0.626029 0.0239191
521 0.841922 0.607917 0.0250563
522 0.841922 0.622964 0.0215205
523 0.841922 0.615548 0.0222622
524 0.841922 0.60735 0.0222326
525 0.841922 0.607123 0.0230873
526 0.841922 0.601437 0.0242614
527 0.841922 0.600983 0.0277199
528 0.841922 0.62973 0.0241068
529 0.841922 0.61976 0.0213447
530 0.841922 0.631015 0.0207052
531 0.841922 0.625071 0.021944
532 0.841922 0.627422 0.0198265
533 0.841922 0.632972 0.0173165
534 0.841922 0.624976 0.0176728
535 0.841922 0.609938 0.0195835
536 0.841922 0.610295 0.0232517
537 0.841922 0.610731 0.0217367
538 0.841922 0.620274 0.0175097
539 0.841922 0.620973 0.0169738
540 0.841922 0.622093 0.0183276
541 0.841922 0.609446 0.0195341
542 0.841922 0.623368 0.0191403
543 0.841922 0.617741 0.0195814
544 0.841922 0.603861 0.0249831
545 0.841922 0.606872 0.0259359
546 0.841922 0.599239 0.0228107
547 0.841922 0.603217 0.0238942
548 0.841922 0.613446 0.0220767
549 0.841922 0.593741 0.0212553
550 0.841922 0.609404 0.0245235
551 0.841922 0.614746 0.0231066
552 0.841922 0.637432 0.0202886
553 0.841922 0.623866 0.0234121
554 0.841922 0.6308 0.022363
555 0.841922 0.616935 0.0242583
556 0.841922 0.602697 0.0245073
557 0.841922 0.609476 0.0199131
558 0.841922 0.600775 0.0240517
559 0.841922 0.593901 0.0277054
560 0.841922 0.593832 0.0266639
561 0.841922 0.593717 0.0267613
562 0.841922 0.588649 0.0258854
563 0.841922 0.61439 0.0232244
564 0.841922 0.598916 0.0246639
565 0.841922 0.602624 0.0239563
566 0.841922 0.60268 0.0261849
567 0.841922 0.573817 0.02626
568 0.841922 0.575966 0.0257255
569 0.841922 0.578269 0.0258417
570 0.841922 0.559038 0.0297862
571 0.841922 0.573106 0.0245495
572 0.841922 0.584728 0.0297572
573 0.841922 0.58806 0.0292426
574 0.841922 0.579314 0.0274612
575 0.841922 0.584955 0.0245146
576 0.841922 0.585092 0.0241855
577 0.841922 0.60263 0.0218151
578 0.841922 0.606124 0.0219817
579 0.841922 0.589526 0.022747
580 0.841922 0.58511 0.0251781
581 0.841922 0.605479 0.0228278
582 0.841922 0.60275 0.0220464
583 0.841922 0.609172 0.0231693
584 0.841922 0.610271 0.0224329
585 0.841922 0.619163 0.0218915
586 0.841922 0.627385 0.0179258
587 0.841922 0.605755 0.0209069
588 0.841922 0.618785 0.0196208
589 0.841922 0.611279 0.019554
590 0.841922 0.605449 0.024935
591 0.841922 0.611543 0.0215762
592 0.841922 0.608331 0.0235896
593 0.841922 0.61573 0.0209255
594 0.841922 0.614483 0.0208506
595 0.841922 0.594842 0.0249596
596 0.841922 0.598248 0.0207304
597 0.841922 0.600811 0.021006
598 0.841922 0.602231 0.0229579
599 0.841922 0.576104 0.0272784
600 0.841922 0.580062 0.026883
601 0.841922 0.582634 0.0242314
602 0.841922 0.561571 0.0213673
603 0.841922 0.579459 0.0244807
604 0.841922 0.599332 0.0200595
605 0.841922 0.584486 0.023653
606 0.841922 0.594805 0.0244004
607 0.841922 0.576184 0.0281325
608 0.841922 0.577995 0.0243616
609 0.841922 0.576712 0.0236124
610 0.841922 0.60462 0.0228733
611 0.841922 0.606998 0.0172112
612 0.841922 0.584232 0.0195526
613 0.841922 0.576625 0.0238701
614 0.841922 0.569873 0.0261617
615 0.841922 0.563991 0.0244711
616 0.841922 0.579905 0.0218965
617 0.841922 0.584666 0.0248388
618 0.841922 0.575388 0.0258763
619 0.841922 0.595593 0.0236137
620 0.841922 0.59508 0.0214555
621 0.841922 0.593472 0.0198069
622 0.841922 0.589785 0.0215655
623 0.841922 0.603253 0.0203522
624 0.841922 0.595397 0.0226678
625 0.841922 0.580848 0.0192949
626 0.841922 0.563577 0.0212906
627 0.841922 0.570844 0.0236497
628 0.841922 0.548627 0.0247987
629 0.841922 0.564258 0.0255884
630 0.841922 0.562002 0.0246323
631 0.841922 0.586155 0.0215269
632 0.841922 0.599664 0.0216096
633 0.841922 0.615201 0.0217447
634 0.841922 0.610955 0.0234547
635 0.841922 0.615433 0.0248487
636 0.841922 0.619217 0.0199398
637 0.841922 0.608426 0.02092
638 0.841922 0.612362 0.0231822
639 0.841922 0.614303 0.0234856
640 0.842023 0.610871 0.0255557
641 0.842023 0.591001 0.0265392
642 0.842023 0.599143 0.0260547
643 0.842023 0.595179 0.0246662
644 0.842023 0.604166 0.0242723
645 0.842023 0.606712 0.0230007
646 0.842023 0.600899 0.0241154
647 0.842023 0.591807 0.0242627
648 0.842023 0.585628 0.0253297
649 0.842023 0.591654 0.0233228
650 0.842023 0.588969 0.0224041
651 0.842023 0.591911 0.0232676
652 0.842023 0.570745 0.0222829
653 0.842023 0.575318 0.0238146
654 0.842023 0.588687 0.0217652
655 0.842023 0.567628 0.0227004
656 0.842023 0.565824 0.0251799
657 0.842023 0.587042 0.0240643
658 0.842023 0.602114 0.0194142
659 0.842023 0.58974 0.0244074
660 0.842023 0.566869 0.0265297
661 0.842023 0.572876 0.0256713
662 0.842023 0.598475 0.0246451
663 0.842023 0.578219 0.0265908
664 0.842023 0.581269 0.0279482
665 0.842023 0.578523 0.0294988
666 0.842023 0.579223 0.0261631
667 0.842023 0.56995 0.0272943
668 0.842023 0.577619 0.0247993
669 0.842023 0.58549 0.0250197
670 0.842023 0.56988 0.026696
671 0.842023 0.594797 0.0245758
672 0.842023 0.608706 0.0261815
673 0.842023 0.611533 0.024079
674 0.842023 0.619897 0.0207983
675 0.842023 0.631798 0.0222401
676 0.842023 0.6113 0.023359
677 0.842023 0.59858 0.022511
678 0.842023 0.578071 0.0208422
679 0.842023 0.586135 0.0219925
680 0.842023 0.591392 0.0252583
681 0.842023 0.579676 0.0256432
682 0.842023 0.586121 0.0264296
683 0.842023 0.583959 0.0240224
684 0.842023 0.601369 0.021499
685 0.842023 0.610673 0.0216675
686 0.842023 0.600227 0.0198048
687 0.842023 0.618552 0.0215914
688 0.842023 0.614629 0.0213076
689 0.842023 0.609415 0.0213558
690 0.842023 0.595292 0.0239357
691 0.842023 0.588825 0.0213107
692 0.842023 0.602261 0.0224258
693 0.842023 0.60087 0.0216377
694 0.842023 0.631067 0.0231552
695 0.842023 0.637213 0.024187
696 0.842023 0.620142 0.0243364
697 0.842023 0.608734 0.0229804
698 0.842023 0.618907 0.0207394
699 0.842023 0.616833 0.0203373
700 0.842023 0.607167 0.0245396
701 0.842023 0.615535 0.025174
702 0.842023 0.613867 0.0240111
703 0.842023 0.601048 0.0224944
704 0.842023 0.599162 0.0228552
705 0.842023 0.586121 0.0235498
706 0.842023 0.594329 0.0242229
707 0.842023 0.603149 0.0246256
708 0.842023 0.563873 0.0244027
709 0.842023 0.601086 0.0243923
710 0.842023 0.586211 0.0255029
711 0.842023 0.595714 0.0250297
712 0.842023 0.594956 0.0259747
713 0.842023 0.620904 0.0273134
714 0.842023 0.620797 0.0282787
715 0.842023 0.602403 0.0229629
716 0.842023 0.602631 0.023056
717 0.842023 0.598339 0.0253329
718 0.842023 0.619486 0.0212779
719 0.842023 0.632955 0.0221109
720 0.842023 0.616691 0.0188018
721 0.842023 0.62 0.0201709
722 0.842023 0.620134 0.0208439
723 0.842023 0.616676 0.0213319
724 0.842023 0.619358 0.0188364
725 0.842023 0.617482 0.0199029
726 0.842023 0.612916 0.020894
727 0.842023 0.600223 0.0226491
728 0.842023 0.5896 0.0263663
729 0.842023 0.591923 0.0250562
730 0.842023 0.598406 0.0197223
731 0.842023 0.611287 0.0182308
732 0.842023 0.633046 0.0201543
733 0.842023 0.619379 0.0200481
734 0.842023 0.606795 0.0244108
735 0.842023 0.624494 0.022328
736 0.842023 0.591311 0.0226134
737 0.842023 0.574428 0.0239549
738 0.842023 0.601916 0.0257226
739 0.842023 0.592869 0.0226142
740 0.842023 0.581824 0.0236944
741 0.842023 0.58958 0.0265226
742 0.842023 0.581771 0.0243843
743 0.842023 0.606217 0.0240505
744 0.842023 0.595288 0.0251276
745 0.842023 0.607634 0.025978
746 0.842023 0.587775 0.025743
747 0.842023 0.608345 0.020709
748 0.842023 0.626424 0.0210919
749 0.842023 0.625094 0.0209291
750 0.842023 0.622648 0.0220598
751 0.842023 0.598803 0.0232846
752 0.842023 0.59377 0.0225273
753 0.842023 0.56976 0.0243812
754 0.842023 0.598666 0.0232874
755 0.842023 0.581904 0.0235589
756 0.842023 0.60046 0.021984
757 0.842023 0.580246 0.0218592
758 0.84249 0.602381 0.0235508
759 0.84249 0.604368 0.0208127
760 0.84249 0.588555 0.0232479
761 0.84249 0.611391 0.0195629
762 0.84249 0.625489 0.0195916
763 0.84249 0.601981 0.0237805
764 0.84249 0.614244 0.0226781
765 0.84249 0.600622 0.0222941
766 0.84249 0.597764 0.0248895
767 0.84249 0.609784 0.0234916
768 0.84249 0.598658 0.027297
769 0.84249 0.609717 0.0255306
770 0.84249 0.613133 0.0254532
771 0.84249 0.594328 0.0250499
772 0.84249 0.607883 0.0233965
773 0.84249 0.621333 0.0228554
774 0.84249 0.616425 0.0233949
775 0.84249 0.598879 0.0217113
776 0.84249 0.606218 0.0214346
777 0.84249 0.611376 0.0250738
778 0.84249 0.624515 0.0243156
779 0.84249 0.593681 0.0271234
780 0.84249 0.593387 0.027759
781 0.84249 0.594059 0.0258525
782 0.84249 0.617445 0.0246434
783 0.84249 0.617315 0.0248728
784 0.84249 0.598706 0.0230728
785 0.84249 0.601285 0.025273
786 0.84249 0.573505 0.0251612
787 0.84249 0.5913 0.0272756
788 0.84249 0.575927 0.0251963
789 0.84249 0.593174 0.0236586
790 0.84249 0.603543 0.0261076
791 0.84249 0.584748 0.0258896
792 0.84249 0.581008 0.0256222
793 0.84249 0.595789 0.0218385
794 0.84249 0.604435 0.0223486
795 0.84249 0.597582 0.0245908
796 0.84249 0.608162 0.0256656
797 0.84249 0.586296 0.0254023
798 0.84249 0.575209 0.0250299
799 0.84249 0.567934 0.0220268
800 0.84249 0.569555 0.0239523
801 0.84249 0.582739 0.0219024
802 0.84249 0.582826 0.0272283
803 0.84249 0.591121 0.0264037
804 0.84249 0.607736 0.0234749
805 0.84249 0.598791 0.0221746
806 0.84249 0.607154 0.0238298
807 0.84249 0.586748 0.0233426
808 0.84249 0.595116 0.0191813
809 0.84249 0.601146 0.0196025
810 0.84249 0.610689 0.0239327
811 0.84249 0.600265 0.0222883
812 0.84249 0.60726 0.0228472
813 0.84249 0.598109 0.0228378
814 0.84249 0.602823 0.023595
815 0.84249 0.60997 0.0201416
816 0.84249 0.601251 0.0238776
817 0.84249 0.613007 0.0199473
818 0.84249 0.618142 0.019897
819 0.84249 0.604037 0.0240687
820 0.84249 0.611002 0.0239951
821 0.84249 0.597453 0.0239701
822 0.84249 0.57442 0.0243051
823 0.84249 0.589999 0.0234157
824 0.84249 0.587701 0.0269032
825 0.84249 0.611643 0.0216817
826 0.84249 0.590086 0.0208037
827 0.84249 0.589231 0.0243428
828 0.84249 0.600199 0.0253142
829 0.84249 0.614203 0.0243037
830 0.84249 0.605206 0.0252284
831 0.84249 0.599349 0.0250981
832 0.84249 0.601234 0.020899
833 0.84249 0.596363 0.0216751
834 0.84249 0.588882 0.0229932
835 0.84249 0.589148 0.0235159
836 0.84249 0.583334 0.0221185
837 0.84249 0.577701 0.0235686
838 0.84249 0.588662 0.0230183
839 0.84249 0.58893 0.0236698
840 0.84249 0.582696 0.0254097
841 0.84249 0.584414 0.0274168
842 0.84249 0.612795 0.0225272
843 0.84249 0.60643 0.0251866
844 0.84249 0.618288 0.0225922
845 0.84249 0.606941 0.0243034
846 0.84249 0.610213 0.0251654
847 0.84249 0.592435 0.0241917
848 0.84249 0.600157 0.0241787
849 0.84249 0.608532 0.022018
850 0.84249 0.61861 0.020831
851 0.84249 0.617753 0.0213597
852 0.84249 0.633901 0.0204496
853 0.84249 0.612772 0.0216188
854 0.84249 0.602434 0.0228531
855 0.84249 0.598948 0.0250442
856 0.84249 0.583485 0.0233493
857 0.84249 0.587471 0.0221406
858 0.84249 0.59838 0.0223897
859 0.84249 0.603901 0.0236818
860 0.84249 0.615442 0.0233576
861 0.84249 0.58863 0.0235835
862 0.84249 0.593856 0.0266185
863 0.84249 0.597832 0.0247941
864 0.84249 0.605546 0.022734
865 0.84249 0.601769 0.0235104
866 0.84249 0.586412 0.0215695
867 0.84249 0.603585 0.0246857
868 0.84249 0.612949 0.021991
869 0.84249 0.613483 0.024809
870 0.84249 0.631143 0.0194726
871 0.84249 0.6256 0.0212622
872 0.84249 0.623363 0.0227206
873 0.84249 0.611052 0.0243738
874 0.84249 0.614851 0.0242774
875 0.84249 0.609622 0.0241705
876 0.84249 0.606246 0.0217659
877 0.84249 0.605812 0.0243301
878 0.84249 0.617032 0.023246
879 0.84249 0.583136 0.025491
880 0.84249 0.603373 0.0277135
881 0.84249 0.603707 0.024496
882 0.84249 0.59717 0.0233693
883 0.84249 0.610667 0.0228076
884 0.84249 0.596286 0.0230106
885 0.84249 0.589166 0.0227741
886 0.84249 0.60074 0.0232167
887 0.84249 0.573996 0.0233503
888 0.84249 0.570683 0.0243496
889 0.84249 0.578352 0.0228802
890 0.84249 0.577733 0.0262649
891 0.84249 0.603543 0.0222749
892 0.84249 0.581707 0.0218999
893 0.84249 0.577863 0.0249636
894 0.84249 0.591045 0.0264835
895 0.84249 0.59372 0.0269559
896 0.84249 0.602903 0.0236921
897 0.84249 0.608861 0.0248811
898 0.84249 0.618305 0.0185284
899 0.84249 0.617823 0.019819
900 0.84249 0.613663 0.0240503
901 0.84249 0.612982 0.0239987
902 0.84249 0.609769 0.0252378
903 0.84249 0.599634 0.0263346
904 0.84249 0.60976 0.0244451
905 0.84249 0.626178 0.0191036
906 0.84249 0.599435 0.0200319
907 0.84249 0.609364 0.0215961
908 0.84249 0.592395 0.0226025
909 0.84249 0.591022 0.0248775
910 0.84249 0.595931 0.0215933
911 0.84249 0.596443 0.0228157
912 0.84249 0.591377 0.0249466
913 0.84249 0.589367 0.0225517
914 0.84249 0.572313 0.0236488
915 0.84249 0.600313 0.0217648
916 0.84249 0.604608 0.0232397
917 0.84249 0.589944 0.0213683
918 0.84249 0.598785 0.0221505
919 0.84249 0.593196 0.0222104
920 0.84249 0.587807 0.0232749
921 0.84249 0.59828 0.0224479
922 0.84249 0.606171 0.0251926
923 0.84249 0.588862 0.0233247
924 0.84249 0.607492 0.0255134
925 0.84249 0.585798 0.0276342
926 0.84249 0.591956 0.0256025
927 0.84249 0.61251 0.0250774
928 0.84249 0.629829 0.0239726
929 0.84249 0.594412 0.0226077
930 0.84249 0.584831 0.0245594
931 0.84249 0.594657 0.0229229
932 0.84249 0.591681 0.0219358
933 0.84249 0.601761 0.0211293
934 0.84249 0.626117 0.021755
935 0.84249 0.617652 0.0210428
936 0.84249 0.614843 0.0228778
937 0.84249 0.606489 0.02104
938 0.84249 0.624594 0.0174356
939 0.84249 0.633044 0.017996
940 0.84249 0.615465 0.0197441
941 0.84249 0.61893 0.0204326
942 0.84249 0.61279 0.0199732
943 0.84249 0.61857 0.02101
944 0.84249 0.625809 0.0167195
945 0.84249 0.605719 0.0159439
946 0.842599 0.620839 0.0204725
947 0.842599 0.617263 0.0201757
948 0.842599 0.607952 0.0193887
949 0.842599 0.578412 0.0253028
950 0.842599 0.618553 0.0241764
951 0.842599 0.604861 0.0229292
952 0.842599 0.604859 0.0242302
953 0.842599 0.594872 0.0270423
954 0.842599 0.616179 0.0219018
955 0.842599 0.628501 0.0184541
956 0.842599 0.616812 0.0227291
957 0.842599 0.6232 0.021322
958 0.842599 0.63342 0.0196723
959 0.842599 0.636505 0.021319
960 0.842599 0.629572 0.0226481
961 0.842599 0.605115 0.0277415
962 0.842599 0.624649 0.0242909
963 0.842599 0.630798 0.0197487
964 0.842599 0.6015 0.0233291
965 0.842599 0.622082 0.0214812
966 0.842599 0.600078 0.0205079
967 0.842599 0.602457 0.0219053
968 0.842599 0.59669 0.0223961
969 0.842599 0.616184 0.0234703
970 0.842599 0.592177 0.0221625
971 0.842599 0.584867 0.0250186
972 0.842599 0.57613 0.0269584
973 0.842599 0.58243 0.0282326
974 0.842599 0.570361 0.0249611
975 0.842599 0.570497 0.0250573
976 0.842599 0.588206 0.0274646
977 0.842599 0.618164 0.0215749
978 0.842599 0.596204 0.0221349
979 0.842599 0.590835 0.0255448
980 0.842599 0.595661 0.0273174
981 0.842599 0.580445 0.0264258
982 0.842599 0.585269 0.0266123
983 0.842599 0.590584 0.0277692
984 0.842599 0.593966 0.0294137
985 0.842599 0.60786 0.0265251
986 0.842599 0.590108 0.0245464
987 0.842599 0.592854 0.023459
988 0.842599 0.599982 0.0253923
989 0.842599 0.585131 0.0201601
990 0.842599 0.594474 0.0211256
991 0.842599 0.596405 0.0249175
992 0.842599 0.581098 0.025028
993 0.842599 0.599335 0.0260518
994 0.842599 0.596478 0.0194695
995 0.842599 0.609617 0.0178622
996 0.842599 0.612953 0.0224244
997 0.842599 0.602302 0.0251492
998 0.842599 0.598647 0.0244582
999 0.842599 0.619484 0.0229502
1000 0.842599 0.610189 0.0212591
