0 0.294851 0.2497 0.000204531
1 0.307616 0.254175 0.000178249
2 0.370899 0.257202 0.000477827
3 0.370899 0.257582 0.000654733
4 0.373204 0.256599 0.000778468
5 0.386675 0.262337 0.00114768
6 0.386675 0.264874 0.00139215
7 0.386675 0.269049 0.00193473
8 0.410424 0.275985 0.00322964
9 0.410424 0.273619 0.00346148
10 0.410424 0.27869 0.00361777
11 0.412402 0.275803 0.00342605
12 0.540029 0.285672 0.00596241
13 0.540029 0.29602 0.00663925
14 0.551892 0.295625 0.0076412
15 0.551892 0.300799 0.00854924
16 0.551892 0.308587 0.0102707
17 0.551892 0.317283 0.011414
18 0.551892 0.328728 0.0121997
19 0.55819 0.333518 0.0123156
20 0.55819 0.337005 0.0130075
21 0.55819 0.330145 0.0133896
22 0.55819 0.333465 0.0133623
23 0.55819 0.34872 0.014809
24 0.55819 0.354478 0.015596
25 0.574643 0.36704 0.0155178
26 0.574643 0.378201 0.0164213
27 0.574643 0.391252 0.0177463
28 0.700111 0.411985 0.0185807
29 0.700111 0.41085 0.0181458
30 0.700111 0.415927 0.0178776
31 0.700111 0.424862 0.0167992
32 0.700111 0.430781 0.0153367
33 0.700111 0.42727 0.0155932
34 0.708835 0.43196 0.016546
35 0.708835 0.438452 0.0159704
36 0.723083 0.434201 0.0162016
37 0.723083 0.444057 0.0173699
38 0.748944 0.467611 0.0188301
39 0.748944 0.479094 0.0187488
40 0.748944 0.478302 0.023221
41 0.748944 0.494267 0.0209434
42 0.748944 0.506477 0.022913
43 0.748944 0.520506 0.0220716
44 0.748944 0.526544 0.0227844
45 0.748944 0.552265 0.0214358
46 0.749351 0.547155 0.0170596
47 0.749351 0.534868 0.020571
48 0.749351 0.548764 0.0180341
49 0.749351 0.557872 0.0213629
50 0.749351 0.563607 0.0175967
51 0.751258 0.576624 0.017043
52 0.751258 0.584265 0.01896
53 0.751258 0.599773 0.0159629
54 0.754623 0.612948 0.0146602
55 0.754623 0.624114 0.0114231
56 0.754623 0.628149 0.0097979
57 0.754623 0.620946 0.0107613
58 0.754623 0.610064 0.0125377
59 0.757865 0.628911 0.0102422
60 0.757865 0.630841 0.00937006
61 0.757865 0.631103 0.0104093
62 0.759247 0.623148 0.0107749
63 0.759247 0.627562 0.0107079
64 0.759247 0.634106 0.0084721
65 0.759247 0.636814 0.00762322
66 0.759247 0.645175 0.00749158
67 0.759247 0.647333 0.00708272
68 0.759247 0.651291 0.00715438
69 0.759247 0.646622 0.00867312
70 0.759247 0.655506 0.00747633
71 0.759247 0.662235 0.00639749
72 0.759247 0.658858 0.00614387
73 0.759247 0.65448 0.00497881
74 0.759247 0.647661 0.00445474
75 0.759247 0.654289 0.00433683
76 0.759247 0.652783 0.00577024
77 0.759247 0.648231 0.00627045
78 0.759247 0.652252 0.00440342
79 0.759247 0.653034 0.00511458
80 0.759247 0.655001 0.00501054
81 0.759247 0.653545 0.00507662
82 0.769085 0.657267 0.00496086
83 0.769085 0.662437 0.00450062
84 0.769085 0.661419 0.00509286
85 0.769085 0.654781 0.00621494
86 0.769085 0.650016 0.00614781
87 0.769085 0.648262 0.00541881
88 0.769085 0.651988 0.00536503
89 0.769085 0.646038 0.00602829
90 0.769085 0.644577 0.00666144
91 0.769085 0.651775 0.00676283
92 0.769085 0.656524 0.00494167
93 0.772925 0.662193 0.00402105
94 0.772925 0.649928 0.0050802
95 0.772925 0.660114 0.00523093
96 0.772925 0.657867 0.00507737
97 0.772925 0.661375 0.00448149
98 0.772925 0.653122 0.00478122
99 0.772925 0.657978 0.00620265
100 0.772925 0.655589 0.00680214
101 0.778418 0.656672 0.00593003
102 0.778418 0.65221 0.00753407
103 0.778418 0.661542 0.00673527
104 0.778418 0.644541 0.00633093
105 0.783543 0.635815 0.00566067
106 0.783543 0.645638 0.00592005
107 0.783543 0.640268 0.00715843
108 0.783543 0.648959 0.00659535
109 0.783543 0.650925 0.00623283
110 0.783543 0.651799 0.00693388
111 0.783543 0.644433 0.00858392
112 0.783543 0.641723 0.00746829
113 0.783543 0.6481 0.00681484
114 0.783543 0.646225 0.0077908
115 0.783543 0.643407 0.00793923
116 0.784398 0.653661 0.00823816
117 0.784398 0.643146 0.00735942
118 0.784398 0.637808 0.00912405
119 0.784398 0.649293 0.00638383
120 0.784398 0.645924 0.00640508
121 0.784398 0.651307 0.00727059
122 0.784398 0.641678 0.00894146
123 0.784398 0.643552 0.00651516
124 0.784398 0.63726 0.00722321
125 0.784398 0.641194 0.00817041
126 0.784398 0.656569 0.00572089
127 0.784711 0.648438 0.0068059
128 0.784711 0.644619 0.00776027
129 0.784711 0.631914 0.0104329
130 0.784711 0.631656 0.0110148
131 0.784782 0.642852 0.00789642
132 0.784782 0.642879 0.00774023
133 0.784782 0.647098 0.00866775
134 0.784782 0.666603 0.00557714
135 0.800683 0.667788 0.00529004
136 0.800683 0.669209 0.00441886
137 0.800683 0.655956 0.0067525
138 0.800683 0.660695 0.00653403
139 0.800683 0.665264 0.00667278
140 0.800683 0.663132 0.00656518
141 0.800683 0.670911 0.00540364
142 0.802889 0.658411 0.00659702
143 0.802889 0.664112 0.0056091
144 0.802889 0.658219 0.0056159
145 0.802889 0.661577 0.00634162
146 0.802889 0.658472 0.00636957
147 0.802889 0.660069 0.00722039
148 0.802889 0.66994 0.00603487
149 0.802889 0.663504 0.00923573
150 0.802889 0.678701 0.00653419
151 0.802889 0.675454 0.00667548
152 0.802889 0.672361 0.00651706
153 0.802889 0.668541 0.00856759
154 0.802889 0.663588 0.00843781
155 0.802889 0.66952 0.00665113
156 0.802889 0.670296 0.00677803
157 0.802889 0.665601 0.00857871
158 0.802889 0.667631 0.00831766
159 0.802889 0.664261 0.00747948
160 0.802889 0.667852 0.00635507
161 0.802889 0.668908 0.00587095
162 0.802889 0.676899 0.00653134
163 0.802889 0.679918 0.0065786
164 0.802889 0.667882 0.00690053
165 0.802889 0.664052 0.00722837
166 0.802889 0.652282 0.00755512
167 0.802889 0.655605 0.00792681
168 0.802889 0.666395 0.00633221
169 0.802889 0.67024 0.00795181
170 0.802889 0.663023 0.0089002
171 0.802889 0.672306 0.00624128
172 0.802889 0.663046 0.00633927
173 0.802889 0.665558 0.00710994
174 0.802889 0.665269 0.00688201
175 0.802889 0.673933 0.00649856
176 0.802889 0.670242 0.00544248
177 0.802889 0.651654 0.00927506
178 0.802889 0.658681 0.00727896
179 0.802889 0.653558 0.00877033
180 0.805896 0.648117 0.00878545
181 0.805896 0.647904 0.0114374
182 0.805896 0.655357 0.00757604
183 0.805896 0.648551 0.00823304
184 0.805896 0.652607 0.00740828
185 0.805896 0.662585 0.00707137
186 0.805896 0.657087 0.00791967
187 0.805896 0.655498 0.00834701
188 0.805896 0.653511 0.00752817
189 0.805896 0.660027 0.00861208
190 0.805896 0.673315 0.00742214
191 0.805896 0.670667 0.00793437
192 0.805896 0.675977 0.00704825
193 0.805896 0.66218 0.0087481
194 0.805896 0.654986 0.00850212
195 0.805896 0.653097 0.00961828
196 0.805896 0.670418 0.00765921
197 0.805896 0.656862 0.00974839
198 0.805896 0.645103 0.0116583
199 0.805896 0.63486 0.0130155
200 0.805896 0.641849 0.010645
201 0.805896 0.657639 0.0079589
202 0.805896 0.664671 0.00771396
203 0.805896 0.666579 0.00903901
204 0.805896 0.663076 0.010311
205 0.805896 0.66423 0.0088248
206 0.805896 0.66286 0.00917918
207 0.805896 0.670534 0.00841646
208 0.805896 0.668298 0.0072797
209 0.805896 0.670749 0.00688879
210 0.805896 0.665275 0.00822799
211 0.805896 0.652254 0.00883576
212 0.805896 0.660595 0.00805124
213 0.805896 0.66916 0.00730841
214 0.805896 0.668443 0.00705251
215 0.805896 0.668606 0.00822888
216 0.805896 0.659369 0.00883265
217 0.805896 0.671884 0.00874228
218 0.805896 0.660408 0.00901859
219 0.805896 0.659065 0.00879406
220 0.805896 0.655034 0.0109689
221 0.805896 0.654407 0.00901499
222 0.805896 0.654437 0.00822137
223 0.805896 0.66628 0.00635885
224 0.805896 0.659902 0.0083278
225 0.805896 0.65607 0.00858212
226 0.805896 0.659031 0.0091302
227 0.805896 0.655408 0.0077446
228 0.805896 0.665295 0.00807703
229 0.805896 0.653394 0.00786594
230 0.805896 0.655267 0.00797093
231 0.805896 0.647336 0.00953223
232 0.805896 0.655389 0.00910665
233 0.805896 0.657701 0.00801693
234 0.805896 0.657527 0.00879645
235 0.805896 0.661738 0.0080007
236 0.805896 0.659433 0.00855968
237 0.805896 0.657989 0.00824815
238 0.805896 0.662472 0.00692882
239 0.805896 0.666549 0.00665435
240 0.805896 0.662851 0.00768294
241 0.805896 0.653019 0.00967451
242 0.806021 0.669966 0.00754347
243 0.806021 0.666763 0.00820375
244 0.806021 0.664542 0.0071152
245 0.806021 0.658594 0.00659517
246 0.806021 0.660857 0.00826848
247 0.806021 0.682867 0.00554489
248 0.806021 0.681039 0.00491873
249 0.806021 0.675963 0.00700708
250 0.806021 0.670601 0.00659801
251 0.806021 0.684239 0.00665984
252 0.806021 0.683217 0.00584933
253 0.806021 0.676789 0.00684047
254 0.806021 0.673035 0.00665909
255 0.806021 0.681141 0.0058997
256 0.806021 0.682514 0.00561394
257 0.806021 0.677769 0.00537356
258 0.806021 0.675231 0.00668761
259 0.806021 0.671227 0.00730175
260 0.806021 0.671277 0.00599344
261 0.806021 0.672666 0.00571976
262 0.806021 0.665532 0.00666468
263 0.806021 0.672033 0.00640249
264 0.806021 0.673446 0.00629461
265 0.806021 0.674286 0.00694501
266 0.806021 0.673418 0.00852299
267 0.810168 0.672573 0.00910887
268 0.810168 0.674677 0.00731201
269 0.810168 0.675188 0.00749723
270 0.810168 0.674966 0.00722822
271 0.810168 0.666788 0.00806146
272 0.810168 0.656999 0.00779392
273 0.810168 0.656177 0.00794106
274 0.810168 0.661389 0.00710296
275 0.810168 0.663925 0.0081842
276 0.810168 0.658531 0.00706223
277 0.810168 0.665778 0.00694589
278 0.810168 0.672441 0.0073648
279 0.810168 0.670581 0.00839797
280 0.810168 0.667042 0.00787346
281 0.810168 0.674229 0.00806927
282 0.810168 0.669133 0.00839736
283 0.810168 0.666126 0.00827893
284 0.810168 0.670786 0.00727038
285 0.810168 0.667051 0.00677158
286 0.810168 0.661826 0.00832444
287 0.810168 0.666987 0.00842215
288 0.810168 0.669494 0.00832676
289 0.810168 0.663367 0.00811595
290 0.810168 0.666182 0.00813814
291 0.810168 0.66228 0.00855261
292 0.810168 0.662933 0.0100202
293 0.810168 0.669642 0.00758108
294 0.810168 0.675042 0.00771282
295 0.810168 0.672814 0.00760791
296 0.810168 0.666393 0.00870865
297 0.810168 0.659329 0.00859913
298 0.810168 0.66594 0.00842577
299 0.810168 0.678268 0.00721597
300 0.810168 0.686311 0.00693152
301 0.810168 0.67932 0.00629198
302 0.810168 0.681284 0.00640009
303 0.810168 0.682328 0.00671613
304 0.810168 0.6841 0.0060723
305 0.810168 0.668146 0.00644179
306 0.810168 0.67352 0.00686492
307 0.810168 0.68997 0.00545629
308 0.810168 0.682019 0.00674268
309 0.810168 0.687849 0.00597167
310 0.810168 0.674088 0.00833418
311 0.81096 0.675498 0.00835458
312 0.81096 0.672991 0.00743603
313 0.81096 0.688378 0.00577953
314 0.81096 0.681215 0.00585333
315 0.81096 0.687116 0.00599973
316 0.81096 0.677045 0.00625146
317 0.81096 0.675449 0.00628882
318 0.81096 0.675137 0.00676058
319 0.81096 0.676952 0.00713087
320 0.81096 0.676575 0.00702448
321 0.81096 0.67767 0.00674994
322 0.81096 0.679638 0.00671917
323 0.81096 0.67414 0.00837269
324 0.81096 0.672789 0.00806071
325 0.81096 0.672629 0.00759374
326 0.81096 0.682491 0.00705299
327 0.81096 0.667934 0.00728448
328 0.81096 0.677448 0.00672721
329 0.81096 0.671584 0.0075132
330 0.81096 0.672907 0.00664476
331 0.81096 0.679062 0.00767545
332 0.81096 0.680838 0.00575783
333 0.81096 0.668581 0.0084019
334 0.81096 0.659396 0.0102964
335 0.81096 0.649804 0.0111787
336 0.81096 0.669776 0.0103217
337 0.81096 0.676977 0.0103051
338 0.81096 0.674505 0.0102409
339 0.81096 0.676849 0.0105859
340 0.81096 0.670871 0.0104638
341 0.81096 0.685356 0.00733907
342 0.81096 0.689221 0.00576732
343 0.81096 0.68918 0.00610566
344 0.81096 0.680451 0.00736507
345 0.81096 0.681916 0.00763539
346 0.81096 0.685317 0.00711917
347 0.811203 0.670691 0.00920616
348 0.811203 0.682986 0.00730575
349 0.811203 0.679839 0.00823118
350 0.811203 0.683107 0.00838004
351 0.811203 0.6825 0.00669583
352 0.811203 0.682185 0.00659664
353 0.812284 0.684299 0.00685501
354 0.812284 0.674178 0.00832391
355 0.812284 0.667848 0.00716933
356 0.812284 0.667956 0.00749917
357 0.812284 0.664627 0.00792626
358 0.812284 0.660666 0.00905381
359 0.812466 0.665179 0.00818193
360 0.812466 0.658706 0.00898815
361 0.812466 0.665228 0.00879336
362 0.812466 0.664553 0.00894358
363 0.812466 0.658743 0.00953068
364 0.812466 0.647377 0.00857415
365 0.812466 0.655782 0.00864026
366 0.812466 0.659344 0.00881043
367 0.812466 0.664209 0.00762905
368 0.812466 0.652481 0.00971459
369 0.816363 0.655092 0.00820493
370 0.816363 0.663509 0.0097729
371 0.816363 0.668856 0.00888612
372 0.816363 0.670929 0.00948984
373 0.816363 0.668146 0.00971444
374 0.816363 0.667038 0.0105605
375 0.816363 0.675954 0.00701546
376 0.816363 0.686567 0.00565937
377 0.816363 0.674927 0.00853
378 0.816363 0.671216 0.00853325
379 0.816363 0.673032 0.00999869
380 0.816363 0.658799 0.0110063
381 0.816363 0.666473 0.00801561
382 0.816363 0.666982 0.00813021
383 0.816363 0.668814 0.00932476
384 0.816363 0.662485 0.0100488
385 0.816363 0.669934 0.00962658
386 0.816363 0.662004 0.00929975
387 0.816363 0.659493 0.0105231
388 0.816363 0.66291 0.00987889
389 0.816363 0.661073 0.0102285
390 0.816363 0.66982 0.00972159
391 0.827655 0.671534 0.00955975
392 0.827655 0.671235 0.00831583
393 0.827655 0.671513 0.0091568
394 0.827655 0.675245 0.00882353
395 0.827655 0.68465 0.00801429
396 0.827655 0.673575 0.00750989
397 0.827655 0.683106 0.00937707
398 0.827655 0.681188 0.00775667
399 0.827655 0.670915 0.00884859
400 0.827655 0.66991 0.00883493
401 0.827655 0.670206 0.00933888
402 0.827655 0.673981 0.0097612
403 0.827655 0.686452 0.00904212
404 0.827655 0.681036 0.00897026
405 0.829335 0.675519 0.00896122
406 0.829335 0.67644 0.0084747
407 0.829335 0.690049 0.00770128
408 0.829335 0.692433 0.00617173
409 0.829335 0.690317 0.00723599
410 0.829335 0.688575 0.00791401
411 0.829335 0.688738 0.00729371
412 0.829335 0.679191 0.00866932
413 0.829335 0.687117 0.00866984
414 0.829335 0.674521 0.00906557
415 0.829335 0.684974 0.00879999
416 0.829335 0.671339 0.00961185
417 0.829335 0.661339 0.0107553
418 0.829335 0.6714 0.0105276
419 0.847598 0.672845 0.0103801
420 0.847598 0.669892 0.0114052
421 0.847598 0.677707 0.00808706
422 0.847598 0.64883 0.0101551
423 0.847598 0.654925 0.0113743
424 0.847598 0.647005 0.0113693
425 0.847598 0.657291 0.0106384
426 0.847598 0.670581 0.00887486
427 0.847598 0.674169 0.00973841
428 0.847598 0.676819 0.00962145
429 0.847598 0.670072 0.00915551
430 0.847598 0.668374 0.00879448
431 0.847598 0.654714 0.0113388
432 0.847598 0.651641 0.0126591
433 0.847598 0.64248 0.0130507
434 0.847598 0.63665 0.0134464
435 0.847598 0.6413 0.0128909
436 0.847598 0.644844 0.0130882
437 0.847598 0.648738 0.0139748
438 0.847598 0.667196 0.0148114
439 0.847598 0.643821 0.0152101
440 0.847598 0.643292 0.0146335
441 0.847598 0.644246 0.0141979
442 0.847598 0.655455 0.0153201
443 0.847598 0.65138 0.0149779
444 0.847598 0.664745 0.0128213
445 0.847598 0.669994 0.0119937
446 0.847598 0.664807 0.0131197
447 0.847598 0.668545 0.0116304
448 0.847598 0.702134 0.00821136
449 0.847598 0.69259 0.00910317
450 0.847598 0.678233 0.0124372
451 0.847598 0.679604 0.0133636
452 0.847598 0.676508 0.0134159
453 0.847598 0.672609 0.013177
454 0.847598 0.676507 0.0130097
455 0.847598 0.675739 0.0126333
456 0.847598 0.683502 0.0104684
457 0.847598 0.668556 0.0116396
458 0.847598 0.677027 0.0111865
459 0.847598 0.675672 0.00921498
460 0.847598 0.676375 0.00824021
461 0.847598 0.681664 0.00794312
462 0.847598 0.664741 0.00940212
463 0.847598 0.664586 0.0100851
464 0.847598 0.660311 0.0130256
465 0.847598 0.665447 0.0138636
466 0.847598 0.667968 0.0136055
467 0.847598 0.672048 0.0115383
468 0.847598 0.681608 0.0109366
469 0.847598 0.684087 0.0103833
470 0.847598 0.690195 0.00932972
471 0.847598 0.682969 0.0115419
472 0.847598 0.689462 0.0100217
473 0.847598 0.699364 0.00805367
474 0.847598 0.695291 0.00854309
475 0.847598 0.684449 0.0112606
476 0.847598 0.693668 0.00987381
477 0.847598 0.677998 0.0121563
478 0.847598 0.670671 0.0127323
479 0.847598 0.671354 0.0114538
480 0.847598 0.670434 0.0122399
481 0.847598 0.672283 0.0131377
482 0.847598 0.669778 0.0126322
483 0.847598 0.667407 0.0120222
484 0.847598 0.664519 0.0128541
485 0.847598 0.663025 0.0127273
486 0.847598 0.663493 0.0145551
487 0.847598 0.653775 0.0146565
488 0.847598 0.655381 0.0145374
489 0.847598 0.654317 0.0196257
490 0.847598 0.658886 0.0162544
491 0.847598 0.669904 0.0118198
492 0.847598 0.679408 0.0106299
493 0.847598 0.683082 0.0102387
494 0.849981 0.669431 0.0135209
495 0.849981 0.647415 0.0144161
496 0.849981 0.643608 0.0165143
497 0.849981 0.641841 0.0161813
498 0.849981 0.642463 0.0162483
499 0.853503 0.638481 0.0164445
500 0.853503 0.657356 0.0131425
501 0.853503 0.677479 0.011648
502 0.853503 0.669286 0.0122166
503 0.853503 0.678199 0.0110535
504 0.853503 0.674992 0.0116574
505 0.853503 0.664561 0.0146285
506 0.853503 0.667393 0.0138282
507 0.853503 0.665903 0.0119104
508 0.853503 0.678886 0.0121456
509 0.853503 0.679184 0.0111654
510 0.853503 0.68346 0.0104644
511 0.853503 0.669132 0.0130767
512 0.853503 0.665941 0.0118153
513 0.853503 0.681675 0.0119926
514 0.853503 0.691427 0.010802
515 0.853503 0.683465 0.0101016
516 0.853503 0.684868 0.0113806
517 0.853503 0.680608 0.0112727
518 0.853503 0.684365 0.0108057
519 0.853503 0.687236 0.0135458
520 0.853503 0.697724 0.0080399
521 0.853503 0.692308 0.00837591
522 0.853503 0.690594 0.00883082
523 0.853503 0.678127 0.0103492
524 0.853503 0.676301 0.0116215
525 0.853503 0.685487 0.0100303
526 0.853503 0.672606 0.0120394
527 0.853503 0.68308 0.0117871
528 0.853503 0.690988 0.0107264
529 0.853503 0.686434 0.00864541
530 0.853503 0.692932 0.00935548
531 0.853503 0.68142 0.011412
532 0.853503 0.685601 0.0114247
533 0.853503 0.692778 0.0104466
534 0.853503 0.69653 0.0111923
535 0.853503 0.684822 0.0117066
536 0.853503 0.673877 0.0115373
537 0.853503 0.687268 0.0103527
538 0.853503 0.68797 0.0112072
539 0.853503 0.683119 0.010262
540 0.853503 0.688857 0.0102037
541 0.853503 0.685545 0.0109262
542 0.853503 0.672548 0.0117278
543 0.853503 0.686576 0.0110475
544 0.853503 0.676986 0.0116969
545 0.853503 0.676 0.0103792
546 0.853503 0.668015 0.011188
547 0.853503 0.673095 0.0126818
548 0.853503 0.67548 0.0138282
549 0.853503 0.669426 0.0144939
550 0.853829 0.676937 0.0130596
551 0.853829 0.677649 0.0110224
552 0.853829 0.692376 0.0118722
553 0.853829 0.682127 0.0116022
554 0.853829 0.690521 0.0108006
555 0.853829 0.67793 0.0116622
556 0.853829 0.68872 0.0120608
557 0.853829 0.676225 0.0108099
558 0.853829 0.691016 0.0105783
559 0.853829 0.689663 0.00988661
560 0.853829 0.685891 0.0105443
561 0.853829 0.673416 0.0124282
562 0.853829 0.657714 0.0122138
563 0.853829 0.663395 0.0111926
564 0.853829 0.659676 0.0135717
565 0.853829 0.667255 0.0138888
566 0.853829 0.678905 0.00976613
567 0.853829 0.678076 0.0092259
568 0.853829 0.673049 0.0109353
569 0.853829 0.672942 0.0117686
570 0.853829 0.671074 0.0122921
571 0.853829 0.677348 0.0137302
572 0.853829 0.660265 0.0133479
573 0.853829 0.679488 0.0112265
574 0.853829 0.688666 0.0112786
575 0.853829 0.707351 0.00890287
576 0.853829 0.702389 0.00752816
577 0.853829 0.693881 0.00922634
578 0.853829 0.68905 0.00985635
579 0.853829 0.676782 0.0115371
580 0.853829 0.684406 0.00977277
581 0.853829 0.683846 0.0120149
582 0.853829 0.692759 0.0109223
583 0.853829 0.687395 0.0122058
584 0.853829 0.687263 0.011789
585 0.853829 0.694556 0.0108023
586 0.853829 0.698388 0.00884861
587 0.853829 0.692947 0.010198
588 0.853829 0.683152 0.0109459
589 0.853829 0.684767 0.0115959
590 0.853829 0.678975 0.0118247
591 0.853829 0.691413 0.0125617
592 0.853829 0.701456 0.010773
593 0.853829 0.69167 0.0127239
594 0.853829 0.689781 0.0127107
595 0.853829 0.699132 0.00924572
596 0.853829 0.685019 0.01339
597 0.853829 0.691693 0.00889648
598 0.853829 0.692701 0.0108731
599 0.853829 0.69563 0.0103425
600 0.853829 0.686756 0.0121564
601 0.853829 0.673076 0.0146281
602 0.853829 0.668902 0.0141186
603 0.853829 0.700016 0.00840589
604 0.853829 0.690681 0.00834142
605 0.853829 0.695136 0.00864314
606 0.853829 0.683932 0.0110588
607 0.853829 0.680306 0.0116763
608 0.853829 0.669338 0.0126256
609 0.853829 0.66383 0.0130803
610 0.853829 0.671208 0.012953
611 0.853829 0.679075 0.0116961
612 0.853829 0.683852 0.010342
613 0.853829 0.685014 0.00923826
614 0.853829 0.684246 0.0108186
615 0.853829 0.697541 0.00864107
616 0.853829 0.676161 0.013763
617 0.853829 0.688557 0.012122
618 0.853829 0.687899 0.0103175
619 0.853829 0.683006 0.0100361
620 0.853829 0.683095 0.0107095
621 0.853829 0.697405 0.00924565
622 0.853829 0.691856 0.00965869
623 0.853829 0.686688 0.0108251
624 0.853829 0.686403 0.0105388
625 0.853829 0.694861 0.00891501
626 0.853829 0.701716 0.00828297
627 0.853829 0.688468 0.0110194
628 0.853829 0.694791 0.0115814
629 0.853829 0.671458 0.0124218
630 0.853829 0.680489 0.0120889
631 0.853829 0.680006 0.0140451
632 0.853829 0.680894 0.0127668
633 0.853829 0.691376 0.00992124
634 0.853829 0.68495 0.0108232
635 0.853829 0.683561 0.0132729
636 0.853829 0.677878 0.0143058
637 0.853829 0.688403 0.0109756
638 0.853829 0.695985 0.0126604
639 0.853829 0.703062 0.0113166
640 0.853829 0.695506 0.0112874
641 0.853829 0.700412 0.0095966
642 0.853829 0.693371 0.00941348
643 0.853829 0.682011 0.0117528
644 0.853829 0.665212 0.0138544
645 0.853829 0.665517 0.0119385
646 0.853829 0.664904 0.0115355
647 0.853829 0.671839 0.0118799
648 0.853829 0.667026 0.0150587
649 0.853829 0.666883 0.0129383
650 0.853829 0.67256 0.0155682
651 0.853829 0.664066 0.0159407
652 0.853829 0.678788 0.0122015
653 0.853829 0.694499 0.00929066
654 0.853829 0.697304 0.00879164
655 0.853829 0.690069 0.0104772
656 0.853829 0.686448 0.0100923
657 0.853829 0.683145 0.0120184
658 0.853829 0.694628 0.010867
659 0.853829 0.695227 0.0115125
660 0.853829 0.688487 0.0114732
661 0.853829 0.688651 0.0130123
662 0.853829 0.676635 0.0107021
663 0.853829 0.679027 0.0102884
664 0.853829 0.685056 0.0123537
665 0.853829 0.677886 0.011585
666 0.853829 0.674696 0.0100366
667 0.853829 0.676269 0.0117946
668 0.853829 0.673193 0.0159863
669 0.853829 0.68159 0.0118801
670 0.853829 0.672872 0.0150065
671 0.853829 0.664038 0.012798
672 0.853829 0.677228 0.0140479
673 0.853829 0.690115 0.012296
674 0.853829 0.692022 0.0126473
675 0.853829 0.694178 0.00869159
676 0.853829 0.695928 0.0113517
677 0.853829 0.695614 0.0111782
678 0.853829 0.697762 0.0119411
679 0.853829 0.685519 0.01137
680 0.853829 0.682404 0.0127941
681 0.853829 0.675903 0.0134191
682 0.853829 0.674535 0.0134844
683 0.853829 0.667647 0.0169577
684 0.853829 0.67516 0.0137613
685 0.853829 0.679946 0.011458
686 0.853829 0.675921 0.0141257
687 0.853829 0.672374 0.0134926
688 0.853829 0.672416 0.0133848
689 0.853829 0.676855 0.0127783
690 0.853829 0.680467 0.0116263
691 0.853829 0.677953 0.0121826
692 0.853829 0.688074 0.0115345
693 0.853829 0.690101 0.0112701
694 0.853829 0.693179 0.0110862
695 0.853829 0.693614 0.00893542
696 0.853829 0.686331 0.00963671
697 0.853829 0.6742 0.0125957
698 0.853829 0.688727 0.0108041
699 0.853829 0.688992 0.00914156
700 0.853829 0.683571 0.00933584
701 0.853829 0.672141 0.00984971
702 0.853829 0.678374 0.0104969
703 0.853829 0.671403 0.0115449
704 0.853829 0.661318 0.012557
705 0.853829 0.666047 0.0140717
706 0.853829 0.689164 0.00995401
707 0.853829 0.693498 0.00808761
708 0.853829 0.703449 0.00990523
709 0.853829 0.701201 0.00839336
710 0.853829 0.6879 0.010944
711 0.853829 0.673677 0.0141547
712 0.853829 0.680356 0.0108496
713 0.853829 0.689811 0.0102893
714 0.853863 0.695521 0.0101913
715 0.853863 0.697176 0.00968413
716 0.853863 0.706004 0.0101782
717 0.853863 0.691972 0.0119652
718 0.853863 0.68668 0.0103544
719 0.853863 0.682281 0.0107833
720 0.853863 0.689126 0.0126172
721 0.853863 0.700164 0.00970124
722 0.853863 0.692534 0.0121856
723 0.853863 0.678684 0.0136117
724 0.853863 0.686464 0.0120932
725 0.853863 0.678336 0.0115122
726 0.853863 0.671931 0.0115085
727 0.853863 0.686692 0.00859846
728 0.853863 0.701475 0.00866632
729 0.853863 0.69839 0.00939139
730 0.853863 0.692358 0.00928029
731 0.853863 0.69045 0.00972542
732 0.853863 0.686315 0.0108485
733 0.853863 0.694557 0.00985988
734 0.853863 0.680953 0.0107153
735 0.853863 0.670121 0.0121985
736 0.853863 0.683123 0.01067
737 0.853863 0.67999 0.010127
738 0.853863 0.677096 0.0113401
739 0.853863 0.675012 0.0115259
740 0.853863 0.687804 0.0101098
741 0.853863 0.69556 0.00904993
742 0.853863 0.694998 0.00908645
743 0.853863 0.708471 0.00621022
744 0.853863 0.703701 0.00838487
745 0.853863 0.701777 0.00732582
746 0.853863 0.7077 0.0078429
747 0.853863 0.699581 0.00884353
748 0.853863 0.689515 0.0107696
749 0.853863 0.69542 0.00957077
750 0.853863 0.696711 0.00959389
751 0.853863 0.696384 0.00959503
752 0.853863 0.693283 0.00884425
753 0.853863 0.682094 0.0112751
754 0.853863 0.688332 0.0129826
755 0.853863 0.679447 0.0118223
756 0.853863 0.682659 0.00914232
757 0.853863 0.680647 0.0120948
758 0.853863 0.687266 0.0118294
759 0.853863 0.702103 0.00956551
760 0.853863 0.687256 0.00988568
761 0.853863 0.68395 0.00980568
762 0.853863 0.683625 0.0102035
763 0.853863 0.682697 0.0119531
764 0.853863 0.676077 0.0145241
765 0.853863 0.689327 0.0118245
766 0.853863 0.681281 0.0123511
767 0.853863 0.674996 0.0138803
768 0.853863 0.669162 0.014364
769 0.853863 0.662014 0.0145148
770 0.854247 0.678242 0.012966
771 0.854247 0.664391 0.0160155
772 0.854247 0.679086 0.0150732
773 0.854247 0.689401 0.013068
774 0.854247 0.678418 0.0127528
775 0.854247 0.682019 0.0113804
776 0.854247 0.686689 0.0114147
777 0.854247 0.67917 0.0131339
778 0.854247 0.675735 0.0108398
779 0.854247 0.682153 0.0111915
780 0.854247 0.676637 0.0125
781 0.854247 0.678521 0.0115736
782 0.854247 0.673686 0.01125
783 0.854247 0.678228 0.011986
784 0.854247 0.682378 0.013599
785 0.854247 0.672119 0.0131975
786 0.854247 0.680895 0.0136829
787 0.854247 0.673119 0.0122404
788 0.854247 0.678132 0.0159544
789 0.854247 0.678162 0.0152872
790 0.854247 0.658936 0.016476
791 0.854247 0.670482 0.0148984
792 0.854247 0.674223 0.0130058
793 0.854247 0.68035 0.0122835
794 0.854247 0.687844 0.0119927
795 0.854247 0.676879 0.0116639
796 0.854247 0.681599 0.0105954
797 0.854247 0.679378 0.0124038
798 0.854247 0.688703 0.0110745
799 0.854247 0.682708 0.0110855
800 0.854247 0.670057 0.0128362
801 0.854247 0.677326 0.0111771
802 0.854247 0.674605 0.0126709
803 0.854247 0.671526 0.0116448
804 0.854247 0.671604 0.0124824
805 0.854247 0.664424 0.0137258
806 0.854247 0.665807 0.0128424
807 0.854247 0.682948 0.0137112
808 0.854247 0.657224 0.0151281
809 0.854247 0.65407 0.015483
810 0.854247 0.651671 0.0176339
811 0.854247 0.644636 0.0183315
812 0.854247 0.647863 0.0178835
813 0.854247 0.647797 0.0195698
814 0.854247 0.643734 0.0187795
815 0.854247 0.663079 0.0172701
816 0.854247 0.663999 0.017786
817 0.854247 0.680166 0.0136334
818 0.854247 0.667974 0.0128457
819 0.854247 0.667753 0.0135771
820 0.854247 0.678424 0.0136712
821 0.854247 0.689781 0.0114859
822 0.854247 0.689008 0.0112521
823 0.854247 0.685202 0.011632
824 0.854247 0.685871 0.0102402
825 0.854247 0.697642 0.00956313
826 0.854247 0.69003 0.0103039
827 0.854247 0.690802 0.00916861
828 0.854247 0.682549 0.012996
829 0.854247 0.679882 0.0122527
830 0.854247 0.683863 0.0125507
831 0.854247 0.690913 0.0119466
832 0.854247 0.700952 0.0096249
833 0.854247 0.69241 0.00734104
834 0.854247 0.692043 0.00945316
835 0.854247 0.67739 0.0126094
836 0.854247 0.690943 0.0101742
837 0.854247 0.684338 0.0119569
838 0.854247 0.695313 0.00995604
839 0.854247 0.687316 0.0112884
840 0.854247 0.69144 0.0107057
841 0.854247 0.666782 0.0124489
842 0.854247 0.673612 0.0103201
843 0.854247 0.682011 0.011027
844 0.854247 0.675177 0.0119276
845 0.854247 0.671073 0.0153046
846 0.854247 0.668201 0.0120382
847 0.854247 0.674029 0.0141399
848 0.854247 0.676384 0.0118366
849 0.854247 0.680397 0.0130568
850 0.854247 0.659923 0.0137223
851 0.854247 0.667566 0.0120966
852 0.854247 0.669976 0.0131657
853 0.854247 0.678967 0.0117617
854 0.854247 0.691018 0.0102559
855 0.854247 0.691085 0.011141
856 0.854247 0.690504 0.0108864
857 0.854247 0.70085 0.00962257
858 0.854247 0.691568 0.0100876
859 0.854247 0.693283 0.0113289
860 0.854247 0.681336 0.0128596
861 0.854247 0.684273 0.011481
862 0.854247 0.683148 0.0144926
863 0.854247 0.685065 0.011314
864 0.854247 0.697934 0.00958574
865 0.854247 0.680583 0.0117287
866 0.854247 0.675542 0.011477
867 0.854247 0.686335 0.0140555
868 0.854247 0.675314 0.0146266
869 0.854247 0.680892 0.0139086
870 0.854247 0.673517 0.0139329
871 0.854247 0.669924 0.0148799
872 0.854247 0.667533 0.0131061
873 0.854247 0.672061 0.0125537
874 0.854247 0.693005 0.0128991
875 0.854247 0.686727 0.0140904
876 0.854247 0.676028 0.0142742
877 0.854247 0.650835 0.018322
878 0.854247 0.666329 0.0162631
879 0.854247 0.686253 0.0114716
880 0.854247 0.691393 0.0110945
881 0.854247 0.687335 0.0120596
882 0.854247 0.689843 0.0107413
883 0.854479 0.684023 0.0107393
884 0.854479 0.678688 0.0109958
885 0.854479 0.674314 0.0125075
886 0.854479 0.67664 0.0118242
887 0.854479 0.684174 0.011285
888 0.854479 0.678033 0.0118178
889 0.854479 0.689547 0.00837823
890 0.854479 0.689445 0.00805902
891 0.854479 0.678248 0.00990558
892 0.854479 0.666342 0.0137339
893 0.854479 0.667675 0.0122375
894 0.854479 0.671841 0.0102563
895 0.854479 0.66671 0.0133012
896 0.854479 0.679537 0.0105874
897 0.854479 0.6862 0.00900399
898 0.854479 0.680501 0.00754767
899 0.854479 0.67765 0.0100311
900 0.854479 0.674042 0.0131992
901 0.854479 0.669345 0.0135679
902 0.854479 0.683657 0.0108379
903 0.854479 0.692056 0.0118674
904 0.854479 0.67529 0.0139927
905 0.854479 0.676191 0.0128036
906 0.854479 0.663282 0.0143931
907 0.854479 0.670987 0.0109069
908 0.854479 0.678291 0.0124428
909 0.854479 0.687057 0.0101507
910 0.854479 0.697115 0.00717952
911 0.854479 0.698049 0.00790538
912 0.854479 0.689618 0.00901565
913 0.854479 0.702799 0.00722804
914 0.854479 0.704704 0.00717939
915 0.854479 0.702898 0.00787357
916 0.854479 0.68915 0.00906874
917 0.854479 0.685287 0.00998972
918 0.854479 0.68687 0.00945061
919 0.854479 0.689465 0.0115722
920 0.854479 0.680757 0.0110841
921 0.854479 0.687724 0.00853949
922 0.854479 0.681432 0.00894754
923 0.854774 0.681212 0.00978928
924 0.854774 0.679299 0.0121971
925 0.854774 0.679916 0.0113129
926 0.854774 0.690196 0.0106808
927 0.854774 0.678432 0.0110545
928 0.854774 0.682107 0.0107847
929 0.854774 0.680416 0.0110453
930 0.854774 0.673265 0.0135688
931 0.854774 0.67749 0.0112594
932 0.854774 0.67957 0.00968131
933 0.854774 0.676655 0.0108745
934 0.854774 0.666783 0.0124966
935 0.854774 0.674315 0.0151984
936 0.854774 0.669985 0.0155736
937 0.854774 0.667001 0.0146954
938 0.854774 0.676644 0.0126971
939 0.854774 0.675166 0.0151238
940 0.854774 0.676216 0.0142461
941 0.854774 0.680527 0.01464
942 0.854774 0.690043 0.0146416
943 0.854774 0.695579 0.0129932
944 0.854774 0.691537 0.0120431
945 0.854774 0.701691 0.0109659
946 0.854774 0.7055 0.00926989
947 0.854774 0.692447 0.0106826
948 0.854774 0.684139 0.0126667
949 0.854774 0.692356 0.0129586
950 0.854774 0.706669 0.00838636
951 0.854774 0.69905 0.00824555
952 0.854774 0.704448 0.0102285
953 0.854774 0.683447 0.0125548
954 0.854774 0.683159 0.0133188
955 0.854774 0.68086 0.0128361
956 0.854774 0.685234 0.0128305
957 0.854774 0.681481 0.0111056
958 0.854774 0.695659 0.0104954
959 0.854774 0.692319 0.00985149
960 0.854774 0.694725 0.00910026
961 0.854774 0.679383 0.0116982
962 0.854774 0.693881 0.010631
963 0.854774 0.687476 0.0118224
964 0.854774 0.696318 0.0116843
965 0.854774 0.682779 0.0119581
966 0.854774 0.67819 0.0106026
967 0.854774 0.672359 0.0136846
968 0.854774 0.672334 0.0121563
969 0.854774 0.680249 0.0125149
970 0.854774 0.679004 0.0122725
971 0.854774 0.682021 0.00937573
972 0.854774 0.6759 0.0114048
973 0.854774 0.671183 0.0143682
974 0.854774 0.665064 0.0134797
975 0.854774 0.67571 0.0135357
976 0.854774 0.669485 0.0118551
977 0.854774 0.68492 0.0115856
978 0.854774 0.692984 0.00910218
979 0.854774 0.688287 0.0110514
980 0.854774 0.683619 0.012523
981 0.854774 0.690146 0.0130947
982 0.854774 0.677579 0.0128651
983 0.854774 0.678448 0.01341
984 0.854774 0.666565 0.0137195
985 0.854774 0.668749 0.0155918
986 0.854774 0.662194 0.0155352
987 0.854774 0.672405 0.0119851
988 0.854774 0.675043 0.0119764
989 0.854774 0.678694 0.0121016
990 0.854774 0.675781 0.0126236
991 0.854774 0.679112 0.012793
992 0.854774 0.681155 0.0109176
993 0.854876 0.681406 0.013127
994 0.854876 0.68316 0.0120303
995 0.854876 0.674916 0.0109087
996 0.854876 0.672088 0.0147405
997 0.854876 0.665138 0.0138989
998 0.854876 0.670244 0.0135262
999 0.854876 0.659461 0.0146014
1000 0.854876 0.662045 0.0146294
