0 0.346836 0.24697 0.000532879
1 0.346836 0.252533 0.000572476
2 0.357483 0.255158 0.000996975
3 0.447079 0.258775 0.0016009
4 0.447079 0.262576 0.00173987
5 0.447079 0.261986 0.00193061
6 0.447079 0.261703 0.00239204
7 0.447079 0.255819 0.00177886
8 0.447079 0.256173 0.00135936
9 0.447079 0.2557 0.00177501
10 0.447079 0.259003 0.00176462
11 0.539809 0.261926 0.0038043
12 0.539809 0.260022 0.00297319
13 0.539809 0.261541 0.00251418
14 0.539809 0.268242 0.00299293
15 0.539809 0.26291 0.00248243
16 0.554334 0.267433 0.00371618
17 0.554334 0.264556 0.00416561
18 0.554334 0.266784 0.00427233
19 0.554334 0.267922 0.00372171
20 0.554334 0.270295 0.00439336
21 0.554334 0.267468 0.00364883
22 0.554334 0.27431 0.00556409
23 0.554334 0.276597 0.00603286
24 0.57254 0.268505 0.00475634
25 0.57254 0.264773 0.00517776
26 0.57254 0.26384 0.00388929
27 0.57254 0.260631 0.00355145
28 0.57254 0.255822 0.00256294
29 0.57254 0.261249 0.00284281
30 0.57254 0.266177 0.00357984
31 0.57254 0.262935 0.00372741
32 0.57254 0.263199 0.0029587
33 0.57254 0.268661 0.00399506
34 0.57254 0.266022 0.00374464
35 0.597731 0.271188 0.00463985
36 0.597731 0.267579 0.00343764
37 0.597731 0.265587 0.00453661
38 0.597731 0.266114 0.00526462
39 0.597731 0.269285 0.00440903
40 0.597731 0.269495 0.00384117
41 0.597731 0.270388 0.00399867
42 0.597731 0.263855 0.00386339
43 0.597731 0.267573 0.00487733
44 0.597731 0.266161 0.0034757
45 0.597731 0.272303 0.00517658
46 0.597731 0.271027 0.00538543
47 0.597731 0.275031 0.00670526
48 0.597731 0.270252 0.00443958
49 0.597731 0.272233 0.00482917
50 0.597731 0.268786 0.0039179
51 0.597731 0.270374 0.00483488
52 0.597731 0.265867 0.00412698
53 0.597731 0.27115 0.00408351
54 0.597731 0.278937 0.00481325
55 0.597731 0.272739 0.00480854
56 0.597731 0.271468 0.0053934
57 0.597731 0.272652 0.00679747
58 0.597731 0.274983 0.00561485
59 0.597731 0.279915 0.00518109
60 0.597731 0.271813 0.00450234
61 0.597731 0.268067 0.00371211
62 0.597731 0.276885 0.00485367
63 0.597731 0.272221 0.0048636
64 0.597731 0.279798 0.00565017
65 0.597731 0.284446 0.00651827
66 0.597731 0.271622 0.00522687
67 0.597731 0.278207 0.00650522
68 0.597731 0.278525 0.00598772
69 0.597731 0.271335 0.00634952
70 0.597731 0.261554 0.00341208
71 0.597731 0.264631 0.00500624
72 0.597731 0.268864 0.00412296
73 0.597731 0.273546 0.0040674
74 0.597731 0.270954 0.00416167
75 0.597731 0.272928 0.00427549
76 0.597731 0.272352 0.00403356
77 0.597731 0.273988 0.0048893
78 0.597731 0.272645 0.00441991
79 0.597731 0.270836 0.00450263
80 0.597731 0.285145 0.00594461
81 0.597731 0.279201 0.00458055
82 0.597731 0.280939 0.00424084
83 0.597731 0.281697 0.00441122
84 0.597731 0.287465 0.00513522
85 0.597731 0.292996 0.00605522
86 0.597731 0.289523 0.00574094
87 0.597731 0.281293 0.00384884
88 0.597731 0.295499 0.00655006
89 0.597731 0.291432 0.00594661
90 0.597731 0.285393 0.00452422
91 0.597731 0.286586 0.00513821
92 0.597731 0.291674 0.00579784
93 0.598084 0.300271 0.00604511
94 0.598084 0.298453 0.00537816
95 0.598084 0.299786 0.00635706
96 0.605311 0.312163 0.00888412
97 0.605311 0.310581 0.00708964
98 0.605311 0.30216 0.007109
99 0.605311 0.297661 0.00640055
100 0.605311 0.302593 0.00741324
101 0.626845 0.311526 0.00877253
102 0.626845 0.309831 0.00826301
103 0.626845 0.310125 0.00731883
104 0.626845 0.316227 0.00725284
105 0.626845 0.324213 0.00883519
106 0.626845 0.325247 0.00844711
107 0.626845 0.3204 0.0085753
108 0.626845 0.316135 0.0077113
109 0.634311 0.318197 0.00710547
110 0.634311 0.317566 0.00634059
111 0.634311 0.320108 0.00734205
112 0.634311 0.319305 0.00734352
113 0.634311 0.317745 0.00781308
114 0.634311 0.317808 0.00789912
115 0.640996 0.313243 0.00707123
116 0.640996 0.319149 0.00966588
117 0.640996 0.317207 0.00781775
118 0.659706 0.330973 0.00911937
119 0.659706 0.333797 0.00828735
120 0.682703 0.336047 0.00876948
121 0.682703 0.332557 0.00909686
122 0.682703 0.330804 0.00844965
123 0.682703 0.328844 0.00761051
124 0.682703 0.346481 0.0109411
125 0.682703 0.350223 0.0096457
126 0.682703 0.33331 0.00736518
127 0.682703 0.338713 0.00809482
128 0.682703 0.353832 0.0100739
129 0.682703 0.348061 0.0096126
130 0.682703 0.336127 0.00961039
131 0.692963 0.336784 0.00994173
132 0.692963 0.343845 0.0117425
133 0.692963 0.332998 0.0108264
134 0.692963 0.32179 0.00891362
135 0.692963 0.325742 0.00912387
136 0.692963 0.335186 0.00967472
137 0.692963 0.352127 0.0126773
138 0.692963 0.352196 0.0120669
139 0.692963 0.355713 0.011056
140 0.703628 0.35676 0.0113581
141 0.703628 0.353821 0.0118616
142 0.703628 0.363395 0.0113376
143 0.703628 0.369799 0.0113648
144 0.703628 0.35506 0.00844009
145 0.703628 0.357179 0.0103207
146 0.703628 0.359617 0.00988665
147 0.703628 0.35736 0.0098624
148 0.703628 0.360756 0.0106869
149 0.703628 0.356783 0.0108051
150 0.703628 0.363613 0.0101469
151 0.703628 0.3727 0.0112491
152 0.703628 0.36608 0.00957737
153 0.703628 0.375547 0.0111432
154 0.703628 0.370516 0.0094268
155 0.703628 0.372938 0.0106341
156 0.703628 0.372575 0.0101415
157 0.703628 0.37602 0.0108746
158 0.703628 0.386201 0.0101513
159 0.703628 0.387255 0.0113006
160 0.703628 0.387098 0.0108378
161 0.703628 0.394825 0.0119443
162 0.703628 0.400079 0.0103579
163 0.703628 0.40764 0.0111977
164 0.703628 0.402207 0.0107955
165 0.703628 0.39219 0.0106574
166 0.708938 0.402723 0.0124117
167 0.708938 0.403151 0.0109792
168 0.708938 0.403547 0.0128492
169 0.708938 0.404174 0.0128441
170 0.708938 0.418896 0.0141701
171 0.708938 0.406095 0.0114558
172 0.708938 0.413382 0.0097148
173 0.708938 0.414954 0.00887068
174 0.708938 0.400237 0.00965012
175 0.708938 0.407493 0.0113854
176 0.708938 0.416102 0.0107269
177 0.708938 0.42206 0.0117819
178 0.708938 0.411683 0.0115217
179 0.708938 0.402831 0.0104827
180 0.708938 0.413565 0.0124428
181 0.708938 0.404987 0.0119204
182 0.708938 0.414257 0.0132123
183 0.708938 0.409181 0.0119022
184 0.708938 0.417019 0.0106577
185 0.708938 0.406537 0.0111958
186 0.708938 0.42624 0.0111835
187 0.708938 0.409529 0.0101765
188 0.708938 0.39852 0.0100729
189 0.708938 0.41056 0.0128875
190 0.708938 0.432288 0.0130015
191 0.708938 0.441121 0.0108316
192 0.708938 0.432077 0.0113868
193 0.708938 0.427401 0.011786
194 0.708938 0.424747 0.010455
195 0.708938 0.420703 0.010187
196 0.708938 0.414948 0.0111184
197 0.708938 0.412526 0.0103435
198 0.708938 0.403549 0.0120788
199 0.708938 0.397823 0.0115891
200 0.708938 0.408041 0.011073
201 0.708938 0.402207 0.00928205
202 0.708938 0.392348 0.0102055
203 0.708938 0.390514 0.0107596
204 0.708938 0.401236 0.0102235
205 0.708938 0.409959 0.00905458
206 0.708938 0.408069 0.0124088
207 0.712452 0.392238 0.0118433
208 0.712452 0.39859 0.0132289
209 0.712452 0.389645 0.0121891
210 0.712452 0.388667 0.0112808
211 0.712452 0.385123 0.0106802
212 0.712452 0.386989 0.010626
213 0.712452 0.385234 0.0105182
214 0.712452 0.386366 0.0100073
215 0.712452 0.396216 0.0127208
216 0.722316 0.39436 0.0112227
217 0.722316 0.403185 0.0124702
218 0.722316 0.386294 0.0100184
219 0.722316 0.391875 0.0110573
220 0.722316 0.385625 0.0126366
221 0.722316 0.385014 0.0132618
222 0.722316 0.396749 0.0132815
223 0.722316 0.39883 0.0115806
224 0.722316 0.392511 0.012476
225 0.722316 0.398413 0.0117363
226 0.722316 0.398658 0.0110388
227 0.722316 0.396441 0.0102978
228 0.722316 0.390206 0.0125747
229 0.722316 0.407276 0.0115839
230 0.722316 0.400086 0.0105698
231 0.722316 0.401042 0.0101539
232 0.722316 0.400699 0.0109727
233 0.722316 0.393503 0.0108582
234 0.722316 0.396743 0.0104408
235 0.722316 0.401311 0.0108525
236 0.722316 0.406549 0.0113065
237 0.728895 0.405307 0.0104783
238 0.728895 0.403592 0.0109918
239 0.728895 0.41877 0.0124657
240 0.744543 0.400339 0.011845
241 0.744543 0.391426 0.0104466
242 0.744543 0.386836 0.0107428
243 0.744543 0.386923 0.0109818
244 0.744543 0.383416 0.0111147
245 0.744543 0.379451 0.0106886
246 0.744543 0.392093 0.0110096
247 0.744543 0.387992 0.0111776
248 0.744543 0.401254 0.0112995
249 0.744543 0.400561 0.0112713
250 0.744543 0.405176 0.0105261
251 0.744543 0.395555 0.00832014
252 0.744543 0.397158 0.00907337
253 0.744543 0.404811 0.0121317
254 0.744543 0.404163 0.0141609
255 0.744543 0.408932 0.0140294
256 0.780565 0.425037 0.0130589
257 0.780565 0.425688 0.0129248
258 0.780565 0.443072 0.0106302
259 0.780565 0.424781 0.0100027
260 0.780565 0.422771 0.0107324
261 0.780565 0.429457 0.01088
262 0.780565 0.434559 0.0114452
263 0.780565 0.439599 0.0139422
264 0.780565 0.426389 0.0123825
265 0.78928 0.434027 0.0119947
266 0.78928 0.434517 0.0128151
267 0.78928 0.42785 0.0128802
268 0.78928 0.437263 0.014577
269 0.78928 0.426456 0.0134804
270 0.78928 0.427918 0.0117985
271 0.78928 0.408897 0.0131769
272 0.78928 0.421988 0.0127058
273 0.78928 0.420225 0.0115288
274 0.78928 0.416824 0.0129937
275 0.78928 0.412208 0.0129584
276 0.78928 0.412632 0.0134791
277 0.78928 0.404072 0.01364
278 0.78928 0.412299 0.0115584
279 0.78928 0.431669 0.0147329
280 0.78928 0.421317 0.0135263
281 0.78928 0.423613 0.0145926
282 0.78928 0.416899 0.0163309
283 0.78928 0.427597 0.0153771
284 0.78928 0.420361 0.0156395
285 0.78928 0.416778 0.014857
286 0.78928 0.416608 0.0133868
287 0.78928 0.417387 0.0145515
288 0.78928 0.420906 0.0128232
289 0.78928 0.416967 0.0135001
290 0.78928 0.414468 0.0109875
291 0.78928 0.404876 0.0119432
292 0.78928 0.417317 0.0125748
293 0.78928 0.4305 0.0130359
294 0.78928 0.430865 0.0127301
295 0.78928 0.411664 0.0128156
296 0.78928 0.424213 0.0142892
297 0.78928 0.439529 0.013718
298 0.78928 0.42459 0.0121886
299 0.78928 0.418927 0.0129688
300 0.78928 0.404707 0.0107102
301 0.78928 0.407253 0.0133674
302 0.78928 0.39266 0.0127581
303 0.78928 0.398453 0.0125445
304 0.78928 0.407237 0.0133264
305 0.78928 0.410432 0.0130699
306 0.78928 0.414185 0.0107075
307 0.78928 0.418424 0.0120434
308 0.78928 0.412805 0.0139466
309 0.78928 0.40923 0.0116241
310 0.78928 0.425417 0.0126251
311 0.78928 0.406879 0.00990151
312 0.78928 0.418166 0.0118641
313 0.78928 0.427969 0.0115796
314 0.78928 0.422719 0.0134868
315 0.78928 0.423943 0.0117664
316 0.78928 0.42473 0.012804
317 0.78928 0.42325 0.0107739
318 0.78928 0.420826 0.0126299
319 0.78928 0.419924 0.0114721
320 0.78928 0.408814 0.0116893
321 0.800905 0.409402 0.0122673
322 0.800905 0.423662 0.0124433
323 0.800905 0.423937 0.013123
324 0.800905 0.427561 0.0120332
325 0.800905 0.433892 0.0121025
326 0.800905 0.419589 0.0126046
327 0.800905 0.425985 0.0137167
328 0.800905 0.432484 0.0129136
329 0.800905 0.410515 0.0114223
330 0.800905 0.421301 0.0115131
331 0.800905 0.416817 0.0134781
332 0.800905 0.409158 0.0127688
333 0.800905 0.41071 0.0125612
334 0.800905 0.414118 0.0125217
335 0.800905 0.427889 0.0173722
336 0.800905 0.433471 0.0142304
337 0.800905 0.416826 0.0125028
338 0.800905 0.435433 0.0141802
339 0.816274 0.432161 0.0144476
340 0.816274 0.432085 0.0125561
341 0.816274 0.438556 0.0139091
342 0.816274 0.44239 0.0144255
343 0.816274 0.415903 0.0110221
344 0.816274 0.433338 0.0135601
345 0.816274 0.424203 0.0136567
346 0.816274 0.417443 0.0133351
347 0.816274 0.416968 0.0128359
348 0.816274 0.414585 0.0134153
349 0.816274 0.422551 0.013101
350 0.816274 0.433534 0.0136191
351 0.816274 0.424418 0.0138123
352 0.816274 0.434423 0.01444
353 0.816274 0.431726 0.0145087
354 0.816274 0.420008 0.0134687
355 0.816274 0.440821 0.0132972
356 0.816274 0.43716 0.0128826
357 0.816274 0.421331 0.0127022
358 0.816274 0.410737 0.0133703
359 0.816274 0.42053 0.0142206
360 0.816274 0.436379 0.0164756
361 0.816274 0.445618 0.0161181
362 0.816274 0.441594 0.0147197
363 0.816274 0.431653 0.0123947
364 0.816274 0.447293 0.0135123
365 0.816274 0.424862 0.0179719
366 0.816274 0.432593 0.0124314
367 0.816274 0.428263 0.0153037
368 0.816274 0.427833 0.0105588
369 0.816274 0.446818 0.0132893
370 0.819873 0.44575 0.0155161
371 0.822714 0.428367 0.0135112
372 0.822714 0.4314 0.0130764
373 0.822714 0.437649 0.0182135
374 0.822714 0.410899 0.0181835
375 0.822714 0.430672 0.0193058
376 0.822714 0.419662 0.0169446
377 0.822714 0.405017 0.0145725
378 0.822714 0.4094 0.0149898
379 0.822714 0.415788 0.0152699
380 0.840094 0.43818 0.0146412
381 0.840094 0.42119 0.0179138
382 0.840094 0.42581 0.0161465
383 0.840094 0.436842 0.017831
384 0.840094 0.445166 0.0161022
385 0.840094 0.435683 0.0152272
386 0.840094 0.424187 0.0136248
387 0.840094 0.434968 0.0148115
388 0.840094 0.43594 0.0142205
389 0.840094 0.429927 0.0161772
390 0.840094 0.421207 0.0163279
391 0.840094 0.431152 0.0170613
392 0.840094 0.442708 0.0128749
393 0.840094 0.438452 0.0133644
394 0.840094 0.440149 0.0161268
395 0.840094 0.42256 0.016116
396 0.840094 0.424003 0.0162798
397 0.840094 0.439003 0.0174044
398 0.840094 0.422916 0.0133296
399 0.840094 0.436144 0.0175477
400 0.840094 0.445306 0.014116
401 0.840094 0.452811 0.0135443
402 0.840094 0.441213 0.0154732
403 0.840094 0.430975 0.0145174
404 0.840094 0.448628 0.0148269
405 0.840094 0.459449 0.0161398
406 0.840094 0.46159 0.0210922
407 0.840094 0.455516 0.0158185
408 0.840094 0.440134 0.0155908
409 0.840094 0.449103 0.0183968
410 0.840094 0.439646 0.016291
411 0.840094 0.412834 0.0157619
412 0.840094 0.411286 0.0167596
413 0.840094 0.426109 0.0143516
414 0.840094 0.435567 0.0179497
415 0.844965 0.44379 0.0189193
416 0.844965 0.437871 0.0189372
417 0.844965 0.437077 0.0180514
418 0.844965 0.439759 0.0159458
419 0.844965 0.44095 0.0169804
420 0.844965 0.443005 0.0184851
421 0.844965 0.448932 0.0177734
422 0.844965 0.456162 0.0198377
423 0.844965 0.436429 0.0156596
424 0.844965 0.438858 0.015754
425 0.844965 0.438559 0.016125
426 0.844965 0.456033 0.0166444
427 0.844965 0.432709 0.0151586
428 0.844965 0.447813 0.0157004
429 0.844965 0.455609 0.0148057
430 0.844965 0.441378 0.0154136
431 0.844965 0.434173 0.017137
432 0.844965 0.444466 0.0165879
433 0.844965 0.451436 0.0165462
434 0.844965 0.434214 0.0143102
435 0.844965 0.428377 0.0131369
436 0.844965 0.434127 0.0151531
437 0.84718 0.447887 0.015944
438 0.84718 0.454058 0.0150153
439 0.84718 0.430888 0.00968056
440 0.84718 0.447945 0.0137159
441 0.84718 0.434387 0.0124324
442 0.84718 0.426443 0.0133421
443 0.848114 0.458825 0.0159676
444 0.848114 0.456756 0.0174313
445 0.848114 0.465066 0.0177
446 0.848114 0.452947 0.0160614
447 0.848114 0.460457 0.0157472
448 0.853291 0.459988 0.0175408
449 0.853291 0.449577 0.0125969
450 0.853291 0.446875 0.0150004
451 0.853291 0.439699 0.0152805
452 0.853291 0.441943 0.0148185
453 0.853291 0.450375 0.0157579
454 0.853291 0.447369 0.014311
455 0.853291 0.440166 0.0166333
456 0.853291 0.437922 0.0161255
457 0.853291 0.427548 0.0193012
458 0.853291 0.432221 0.0178613
459 0.855936 0.435799 0.0182473
460 0.855936 0.445297 0.0169869
461 0.855936 0.429855 0.0135009
462 0.855936 0.440189 0.0138012
463 0.855936 0.435892 0.0110479
464 0.855936 0.434816 0.0149522
465 0.855936 0.461495 0.0178431
466 0.855936 0.436248 0.0171589
467 0.855936 0.45824 0.0175621
468 0.855936 0.448016 0.0142266
469 0.859682 0.446285 0.0177305
470 0.859682 0.45492 0.0146184
471 0.859682 0.459543 0.0154915
472 0.859682 0.457387 0.0160093
473 0.859682 0.453305 0.0172806
474 0.859682 0.437148 0.0173925
475 0.868279 0.445017 0.020464
476 0.868279 0.453285 0.0207206
477 0.868279 0.447254 0.0140661
478 0.868279 0.432736 0.014432
479 0.868279 0.427571 0.0145459
480 0.868279 0.45115 0.0147884
481 0.868279 0.437854 0.0148914
482 0.868279 0.454873 0.0157481
483 0.868279 0.441741 0.0142567
484 0.868279 0.449621 0.0145036
485 0.868279 0.460879 0.015226
486 0.868279 0.455528 0.0115941
487 0.868279 0.445493 0.0123158
488 0.868279 0.451453 0.0134101
489 0.868279 0.451168 0.0146505
490 0.868279 0.450494 0.0122959
491 0.868279 0.45398 0.0157414
492 0.868279 0.45493 0.0160845
493 0.868279 0.464474 0.0152444
494 0.868279 0.440811 0.0134714
495 0.868279 0.455907 0.0170118
496 0.868279 0.458374 0.0136685
497 0.868279 0.449289 0.0149733
498 0.868279 0.470438 0.0179445
499 0.868279 0.476784 0.0135059
500 0.869279 0.473584 0.0151851
501 0.869279 0.460816 0.0154007
502 0.869279 0.462408 0.0159617
503 0.869279 0.457048 0.0121442
504 0.869279 0.488796 0.0135998
505 0.869279 0.470652 0.0156217
506 0.869279 0.474605 0.0146427
507 0.869279 0.455261 0.0133716
508 0.869279 0.459806 0.016298
509 0.869279 0.465472 0.0116999
510 0.869279 0.480358 0.0149204
511 0.869279 0.468701 0.0121321
512 0.869279 0.469922 0.0121994
513 0.869279 0.458857 0.0134161
514 0.869279 0.463776 0.0112426
515 0.869279 0.45932 0.0148067
516 0.869279 0.440936 0.0117295
517 0.869279 0.441782 0.0134074
518 0.869279 0.451617 0.0151411
519 0.869279 0.451686 0.017719
520 0.869279 0.471285 0.0166972
521 0.869279 0.465817 0.0146273
522 0.869279 0.475821 0.0170554
523 0.869279 0.469277 0.0142333
524 0.869279 0.466955 0.0161196
525 0.869279 0.459871 0.0213041
526 0.869279 0.459743 0.0180991
527 0.869279 0.440728 0.0149895
528 0.869279 0.455905 0.0128216
529 0.869279 0.483102 0.0155798
530 0.869279 0.463369 0.0151253
531 0.869279 0.479685 0.0126389
532 0.869279 0.456271 0.0140843
533 0.869279 0.45902 0.0138005
534 0.869279 0.445524 0.0132253
535 0.869279 0.445006 0.0149092
536 0.869279 0.448893 0.0172829
537 0.869279 0.434055 0.0137003
538 0.869279 0.425408 0.0156787
539 0.869279 0.43997 0.0188736
540 0.869279 0.441991 0.0174873
541 0.869279 0.450956 0.0179379
542 0.869279 0.445604 0.0141425
543 0.869279 0.449308 0.0171784
544 0.869279 0.421261 0.0146634
545 0.869279 0.412417 0.0151654
546 0.869279 0.440289 0.0157784
547 0.869279 0.44364 0.0163975
548 0.869279 0.430296 0.0157155
549 0.869279 0.437864 0.0149899
550 0.869279 0.456954 0.0134931
551 0.869279 0.438866 0.0145273
552 0.869279 0.457252 0.0183353
553 0.869279 0.48039 0.020518
554 0.869279 0.468729 0.0166787
555 0.869279 0.468022 0.0171288
556 0.869279 0.473656 0.0152417
557 0.869279 0.476305 0.0144135
558 0.869279 0.475602 0.0160661
559 0.869279 0.493742 0.01477
560 0.869279 0.467063 0.0161626
561 0.869279 0.482254 0.0145109
562 0.869279 0.48005 0.0155961
563 0.869279 0.479509 0.0167175
564 0.869279 0.467467 0.0180559
565 0.869279 0.452568 0.018421
566 0.869279 0.462281 0.0189243
567 0.869279 0.475504 0.0147161
568 0.869279 0.45686 0.0175658
569 0.869279 0.453452 0.0145139
570 0.869279 0.466306 0.0156552
571 0.869279 0.45249 0.0161724
572 0.869279 0.463689 0.0179852
573 0.869279 0.483106 0.0191634
574 0.869279 0.486515 0.0162561
575 0.869279 0.488076 0.0129199
576 0.869279 0.488478 0.0136472
577 0.869279 0.496595 0.013912
578 0.869279 0.491569 0.0125158
579 0.869279 0.474895 0.0135257
580 0.869279 0.467158 0.0122288
581 0.869279 0.489128 0.013408
582 0.869279 0.470985 0.0175857
583 0.869279 0.487556 0.0141611
584 0.869279 0.481643 0.0175543
585 0.869279 0.464841 0.0122865
586 0.869279 0.468278 0.0149488
587 0.869279 0.48154 0.0199699
588 0.869279 0.467767 0.015906
589 0.869279 0.486917 0.0198325
590 0.869279 0.487964 0.0178735
591 0.869279 0.469061 0.0182476
592 0.869279 0.480277 0.0174085
593 0.869279 0.464003 0.0162174
594 0.869279 0.465689 0.0149452
595 0.869279 0.453883 0.0114957
596 0.869279 0.45501 0.0174728
597 0.869279 0.463492 0.0154619
598 0.869279 0.470855 0.0140383
599 0.869279 0.470254 0.01286
600 0.869279 0.46033 0.0120703
601 0.869279 0.466316 0.0147432
602 0.869279 0.464329 0.011992
603 0.869279 0.465361 0.0158147
604 0.869279 0.466812 0.0126421
605 0.869279 0.475278 0.0133646
606 0.869279 0.479014 0.0148027
607 0.869279 0.474523 0.012585
608 0.869279 0.464572 0.014829
609 0.869279 0.454661 0.012288
610 0.869279 0.446987 0.0131573
611 0.869279 0.479759 0.0157853
612 0.869279 0.475756 0.0166007
613 0.869279 0.471469 0.0154721
614 0.869279 0.466532 0.0141836
615 0.869279 0.47759 0.014047
616 0.869279 0.485281 0.0160102
617 0.869279 0.47706 0.0151124
618 0.869279 0.456582 0.0143462
619 0.869279 0.467111 0.0117649
620 0.869279 0.472875 0.015177
621 0.869279 0.474045 0.0167985
622 0.869279 0.46394 0.0130772
623 0.869279 0.461432 0.0148289
624 0.869279 0.455408 0.0141682
625 0.869279 0.445527 0.0159302
626 0.869279 0.448525 0.0155073
627 0.869279 0.450265 0.0146922
628 0.869279 0.453428 0.0156171
629 0.869279 0.458851 0.0147639
630 0.869279 0.463716 0.016177
631 0.869279 0.472486 0.0163663
632 0.869279 0.464849 0.0153737
633 0.869279 0.479056 0.0159342
634 0.869279 0.485416 0.0159702
635 0.869279 0.472156 0.0173149
636 0.869279 0.453532 0.014498
637 0.869279 0.475166 0.0187685
638 0.869279 0.47846 0.0169907
639 0.869279 0.467721 0.0160785
640 0.869279 0.472331 0.0182706
641 0.869279 0.489108 0.0197029
642 0.869279 0.462397 0.0177947
643 0.869279 0.439286 0.0122516
644 0.869279 0.460899 0.0130324
645 0.869279 0.473609 0.0137179
646 0.869279 0.468868 0.0158348
647 0.869279 0.458084 0.0163018
648 0.869279 0.449916 0.015723
649 0.869279 0.442078 0.0199195
650 0.869279 0.454486 0.0161788
651 0.869279 0.471631 0.0168874
652 0.869279 0.458019 0.0134419
653 0.869279 0.447124 0.019972
654 0.869279 0.463467 0.0191328
655 0.869279 0.473353 0.0215139
656 0.869279 0.473256 0.0182899
657 0.869279 0.465136 0.0179166
658 0.869279 0.470207 0.018908
659 0.869279 0.463949 0.0191397
660 0.869279 0.456406 0.0159202
661 0.869279 0.465077 0.0172541
662 0.869279 0.46147 0.0151049
663 0.869279 0.450997 0.0138891
664 0.869279 0.468028 0.0168302
665 0.869279 0.462991 0.016757
666 0.869279 0.459408 0.016526
667 0.869279 0.45981 0.0178956
668 0.869279 0.463893 0.014685
669 0.869279 0.458176 0.0156524
670 0.869279 0.449997 0.0162545
671 0.869279 0.457673 0.0197883
672 0.869279 0.468085 0.0168984
673 0.869279 0.463582 0.0142895
674 0.869279 0.450991 0.0144271
675 0.869279 0.476396 0.0225956
676 0.869279 0.458084 0.0142922
677 0.869279 0.456565 0.016191
678 0.869279 0.482597 0.0184315
679 0.869279 0.486775 0.0180253
680 0.869279 0.488989 0.0177985
681 0.869279 0.48593 0.0179027
682 0.869542 0.477765 0.0163849
683 0.869542 0.48993 0.0196387
684 0.869542 0.470018 0.0180079
685 0.869542 0.469254 0.0212217
686 0.869542 0.48336 0.0196712
687 0.869542 0.480327 0.0165934
688 0.869542 0.478448 0.0119447
689 0.869542 0.462064 0.0143931
690 0.869542 0.464777 0.0142819
691 0.869542 0.449597 0.0147018
692 0.869542 0.454186 0.0127847
693 0.869542 0.44803 0.0128304
694 0.869542 0.461205 0.015238
695 0.869542 0.46403 0.0137379
696 0.869542 0.465125 0.0141368
697 0.869542 0.46441 0.0183381
698 0.869542 0.452799 0.0173572
699 0.869542 0.467386 0.0154553
700 0.869542 0.470718 0.0146313
701 0.869542 0.477191 0.0164559
702 0.869542 0.469455 0.0168503
703 0.869542 0.47206 0.0166566
704 0.869542 0.460589 0.0154634
705 0.869542 0.454875 0.0174733
706 0.869542 0.475961 0.0157952
707 0.869542 0.493256 0.0139798
708 0.869542 0.487182 0.013551
709 0.869542 0.480571 0.0145863
710 0.869542 0.480622 0.0156486
711 0.869542 0.479614 0.0170126
712 0.869542 0.479175 0.0197921
713 0.869542 0.472735 0.0159064
714 0.869542 0.464008 0.0146906
715 0.869542 0.475242 0.0144678
716 0.869542 0.484385 0.0165156
717 0.869542 0.477754 0.0166994
718 0.869542 0.467494 0.0149248
719 0.869542 0.479139 0.0156169
720 0.869542 0.485544 0.0170966
721 0.869542 0.487602 0.0189607
722 0.869542 0.47596 0.0150844
723 0.869542 0.471749 0.0123679
724 0.869542 0.467313 0.0134141
725 0.869542 0.469491 0.0138713
726 0.869542 0.472876 0.0133516
727 0.869542 0.475762 0.0153065
728 0.869542 0.489221 0.0153384
729 0.869542 0.487301 0.0147717
730 0.869542 0.471433 0.0131462
731 0.869542 0.469775 0.016254
732 0.869542 0.468263 0.0152937
733 0.869542 0.48067 0.0168418
734 0.869542 0.47312 0.017751
735 0.869542 0.48249 0.0221167
736 0.869542 0.487522 0.0164008
737 0.869542 0.469694 0.0131659
738 0.869542 0.481282 0.0140182
739 0.869542 0.490662 0.0148808
740 0.869542 0.490669 0.017656
741 0.869542 0.476881 0.0160158
742 0.869542 0.490356 0.0129033
743 0.869542 0.481829 0.0145983
744 0.869542 0.482352 0.0145993
745 0.869542 0.477521 0.0159232
746 0.869542 0.479007 0.0147618
747 0.869542 0.467745 0.01732
748 0.869542 0.473887 0.0138053
749 0.869542 0.478611 0.011392
750 0.869542 0.462822 0.0135309
751 0.869542 0.454928 0.0132015
752 0.869542 0.451483 0.0126487
753 0.869542 0.453909 0.0133142
754 0.869542 0.466161 0.0190956
755 0.869542 0.462121 0.0173308
756 0.869542 0.453387 0.0141479
757 0.869542 0.462925 0.0137728
758 0.869542 0.478407 0.016001
759 0.869542 0.470135 0.0151602
760 0.869542 0.492659 0.018415
761 0.869542 0.45733 0.0137607
762 0.869542 0.458955 0.0144455
763 0.869542 0.466156 0.0139917
764 0.869542 0.47112 0.0166883
765 0.869542 0.466289 0.0191892
766 0.869542 0.47604 0.0181402
767 0.869542 0.46636 0.0169127
768 0.869542 0.463092 0.0144899
769 0.869542 0.464582 0.0153551
770 0.869542 0.481465 0.0154929
771 0.869542 0.478024 0.016545
772 0.869542 0.474688 0.0164766
773 0.869542 0.489441 0.0156656
774 0.869542 0.480055 0.0137445
775 0.869542 0.46122 0.0154205
776 0.869542 0.468946 0.0168113
777 0.869542 0.464098 0.0149076
778 0.869542 0.473755 0.017182
779 0.869542 0.466059 0.0167428
780 0.872628 0.470241 0.0174521
781 0.872628 0.482548 0.0180702
782 0.872628 0.45163 0.0127466
783 0.872628 0.483029 0.0163666
784 0.872628 0.483295 0.0147923
785 0.872628 0.480923 0.016261
786 0.872628 0.48649 0.0160103
787 0.872628 0.471452 0.0153116
788 0.872628 0.49257 0.0175456
789 0.872628 0.488398 0.0153019
790 0.872628 0.468354 0.0148742
791 0.872628 0.476418 0.0172092
792 0.872628 0.476014 0.0140637
793 0.872628 0.484886 0.0114934
794 0.872628 0.485043 0.0119758
795 0.872628 0.479506 0.0148207
796 0.872628 0.463133 0.0132209
797 0.872628 0.482311 0.0167554
798 0.872628 0.458434 0.0180063
799 0.872628 0.461161 0.0181559
800 0.872628 0.478757 0.0191354
801 0.872628 0.468442 0.0153214
802 0.872628 0.470225 0.0145695
803 0.872628 0.464861 0.0156895
804 0.872628 0.450614 0.01358
805 0.872628 0.458792 0.014266
806 0.872628 0.473138 0.0161162
807 0.872628 0.469791 0.015601
808 0.872628 0.469204 0.0164112
809 0.872628 0.471242 0.0188535
810 0.872628 0.468471 0.0175058
811 0.872628 0.477453 0.018854
812 0.872628 0.46596 0.0162622
813 0.872628 0.456369 0.0161755
814 0.872628 0.447531 0.0175088
815 0.872628 0.469401 0.015601
816 0.872628 0.471926 0.0144466
817 0.872628 0.465879 0.0136841
818 0.872628 0.460483 0.016022
819 0.872628 0.470942 0.0169833
820 0.872628 0.459566 0.0181459
821 0.872628 0.441974 0.0160197
822 0.872628 0.465877 0.0197682
823 0.872628 0.448858 0.0163223
824 0.872628 0.465665 0.0161571
825 0.872628 0.47246 0.014099
826 0.872628 0.464496 0.0150282
827 0.872628 0.486296 0.0171218
828 0.872628 0.479663 0.0168876
829 0.872628 0.472024 0.015056
830 0.872628 0.480182 0.0145244
831 0.872628 0.462952 0.0171005
832 0.872628 0.446497 0.0155884
833 0.872628 0.454135 0.0196272
834 0.872628 0.473659 0.0175802
835 0.872628 0.482274 0.0169773
836 0.872628 0.482246 0.0160103
837 0.872628 0.482847 0.0206326
838 0.872628 0.485059 0.0158912
839 0.872628 0.453226 0.0174755
840 0.872628 0.468577 0.0185403
841 0.872628 0.457709 0.0147911
842 0.872628 0.443037 0.0169434
843 0.872628 0.45601 0.0187614
844 0.872628 0.448862 0.0177568
845 0.872628 0.460896 0.0207173
846 0.872628 0.456608 0.0189297
847 0.872628 0.464552 0.0165871
848 0.872628 0.450513 0.0202885
849 0.872628 0.446447 0.0151097
850 0.872628 0.455578 0.0155535
851 0.872628 0.47295 0.0135161
852 0.872628 0.463885 0.0143976
853 0.872628 0.454598 0.0167405
854 0.872628 0.455885 0.0186326
855 0.872628 0.453896 0.0192982
856 0.872628 0.445725 0.0149122
857 0.872628 0.472592 0.0181128
858 0.872628 0.45561 0.0166533
859 0.872628 0.448381 0.0175232
860 0.872628 0.435817 0.0167975
861 0.872628 0.437303 0.0141743
862 0.872628 0.4694 0.0192592
863 0.872628 0.473444 0.0193295
864 0.872628 0.473853 0.014983
865 0.872628 0.46156 0.0166999
866 0.872628 0.463116 0.014303
867 0.872628 0.466745 0.0146961
868 0.872628 0.463113 0.0139061
869 0.872628 0.475962 0.0169683
870 0.872628 0.466454 0.0193794
871 0.872628 0.460677 0.0186722
872 0.872628 0.469083 0.0188797
873 0.872628 0.467642 0.0163795
874 0.872628 0.469099 0.0180653
875 0.872628 0.475665 0.0172663
876 0.872628 0.472882 0.016095
877 0.872628 0.45877 0.0138443
878 0.872628 0.461968 0.0172919
879 0.872628 0.453476 0.0144868
880 0.872628 0.450852 0.0166178
881 0.872628 0.456247 0.0196401
882 0.872628 0.475382 0.0168064
883 0.872628 0.470876 0.0171575
884 0.872628 0.470099 0.0180291
885 0.872628 0.481137 0.0198115
886 0.872628 0.492043 0.0194283
887 0.872628 0.489186 0.0224119
888 0.872628 0.503441 0.0209206
889 0.872628 0.482985 0.019186
890 0.872628 0.478405 0.0200146
891 0.872628 0.477439 0.0185599
892 0.872628 0.477699 0.0181109
893 0.872628 0.472681 0.0200623
894 0.872628 0.470463 0.0212822
895 0.872628 0.468244 0.0172664
896 0.872628 0.47934 0.017376
897 0.872628 0.466013 0.0179218
898 0.872628 0.451921 0.0174098
899 0.872628 0.440365 0.0120782
900 0.872628 0.464877 0.0150045
901 0.872628 0.462087 0.0178545
902 0.872628 0.45925 0.0161042
903 0.872628 0.472382 0.01745
904 0.872628 0.481888 0.0150353
905 0.872628 0.479454 0.015297
906 0.872628 0.458027 0.0142102
907 0.872628 0.46945 0.0153755
908 0.872628 0.505116 0.0193493
909 0.872628 0.46999 0.0161296
910 0.872628 0.490173 0.0158593
911 0.872628 0.485257 0.0146077
912 0.872628 0.490172 0.0166791
913 0.872628 0.465669 0.0136985
914 0.872628 0.483732 0.0142696
915 0.872628 0.468375 0.0152661
916 0.872628 0.461165 0.0176399
917 0.872628 0.453094 0.0175121
918 0.872628 0.469751 0.0163733
919 0.872628 0.470829 0.014812
920 0.872628 0.473467 0.0140996
921 0.872628 0.468491 0.0140065
922 0.872628 0.457949 0.0130637
923 0.872628 0.466909 0.0141767
924 0.872628 0.442286 0.0145232
925 0.872628 0.4519 0.0120126
926 0.872628 0.469692 0.0115587
927 0.872628 0.461405 0.0150171
928 0.872628 0.460558 0.0134438
929 0.872628 0.449824 0.0145218
930 0.872628 0.456099 0.0147225
931 0.872628 0.469658 0.0148922
932 0.872628 0.448339 0.0130489
933 0.872628 0.449615 0.0178054
934 0.872628 0.437827 0.0138723
935 0.872628 0.456072 0.0154106
936 0.872628 0.467052 0.016894
937 0.872628 0.481936 0.016229
938 0.872628 0.466902 0.0176571
939 0.872628 0.466177 0.0159474
940 0.872628 0.478329 0.0144221
941 0.872628 0.450578 0.0132332
942 0.872628 0.462412 0.0151701
943 0.872628 0.463754 0.0128582
944 0.872628 0.460119 0.0115902
945 0.872628 0.450922 0.0125864
946 0.872628 0.467799 0.0144684
947 0.872628 0.459157 0.0146066
948 0.872628 0.44826 0.0162144
949 0.872628 0.453122 0.0125646
950 0.872628 0.462615 0.0127566
951 0.872628 0.455124 0.0148233
952 0.872628 0.462287 0.014719
953 0.872628 0.463767 0.0179659
954 0.872628 0.458314 0.0174543
955 0.872628 0.468216 0.0173841
956 0.872628 0.464832 0.0158354
957 0.872628 0.472224 0.0170385
958 0.872628 0.461515 0.0159055
959 0.872628 0.458238 0.0133274
960 0.872628 0.457833 0.0153489
961 0.872628 0.454368 0.0132737
962 0.872628 0.448136 0.0149337
963 0.872628 0.426272 0.0145042
964 0.872628 0.43604 0.0151311
965 0.872628 0.435381 0.0160428
966 0.872628 0.432902 0.0177452
967 0.872628 0.439901 0.0150093
968 0.872628 0.436994 0.0174795
969 0.872628 0.43658 0.0166066
970 0.872628 0.447295 0.0155553
971 0.872628 0.432147 0.0169376
972 0.872628 0.439249 0.0209839
973 0.872628 0.446903 0.0180706
974 0.872628 0.445673 0.0184499
975 0.872628 0.424856 0.020144
976 0.872628 0.435216 0.0176552
977 0.872628 0.446406 0.0214315
978 0.872628 0.438858 0.0184758
979 0.872628 0.433545 0.0173568
980 0.872628 0.444104 0.0129701
981 0.872628 0.445518 0.0134759
982 0.872628 0.4639 0.015426
983 0.872628 0.449796 0.0172157
984 0.872628 0.466264 0.0177041
985 0.872628 0.481213 0.0165412
986 0.872628 0.471651 0.0150826
987 0.872628 0.465837 0.014069
988 0.872628 0.465924 0.0177631
989 0.872628 0.462838 0.0208846
990 0.872628 0.455841 0.0183748
991 0.872628 0.437929 0.0158869
992 0.872628 0.447187 0.0164508
993 0.872628 0.445201 0.0158256
994 0.872628 0.446648 0.0148073
995 0.872628 0.453079 0.0147942
996 0.872628 0.453721 0.0157764
997 0.872628 0.454713 0.0190978
998 0.872628 0.450387 0.014858
999 0.872628 0.437916 0.0158899
1000 0.872628 0.447533 0.0190894
