0 0.672211 0.505851 0.000915196
1 0.745672 0.50843 0.00237467
2 0.745672 0.514606 0.00269421
3 0.745672 0.521919 0.00408785
4 0.767005 0.530224 0.00607878
5 0.767005 0.533018 0.00839649
6 0.767005 0.532737 0.00889151
7 0.767005 0.542056 0.00706194
8 0.792128 0.5444 0.00874282
9 0.792128 0.549979 0.00808925
10 0.792128 0.549332 0.00803199
11 0.814129 0.556534 0.00986798
12 0.814129 0.554387 0.0099303
13 0.814129 0.5636 0.0113339
14 0.851427 0.568896 0.0123082
15 0.865097 0.584389 0.0139236
16 0.865097 0.580803 0.0130611
17 0.865097 0.596709 0.0158554
18 0.865097 0.600465 0.0162792
19 0.906003 0.609188 0.014296
20 0.906003 0.61562 0.0168998
21 0.906003 0.625752 0.016436
22 0.906003 0.637261 0.0188474
23 0.906003 0.637502 0.0168666
24 0.906003 0.639992 0.0164622
25 0.906003 0.643228 0.0181746
26 0.906003 0.662489 0.0153971
27 0.906003 0.680109 0.014682
28 0.906003 0.69109 0.0134492
29 0.906003 0.69827 0.0126748
30 0.906003 0.713911 0.0142341
31 0.906003 0.717245 0.0125035
32 0.906003 0.710645 0.011186
33 0.906003 0.728447 0.0114824
34 0.906003 0.720183 0.0131491
35 0.906003 0.725225 0.0104139
36 0.906003 0.735639 0.0105121
37 0.906003 0.739987 0.00944789
38 0.906003 0.766865 0.00673017
39 0.906003 0.766582 0.00660784
40 0.906003 0.765961 0.0067486
41 0.906003 0.754482 0.00743356
42 0.906003 0.77773 0.00579137
43 0.906003 0.763746 0.00644564
44 0.906003 0.778362 0.00626504
45 0.906003 0.774527 0.00718619
46 0.906003 0.762787 0.00804657
47 0.906003 0.768947 0.00627345
48 0.906003 0.777039 0.00676963
49 0.906003 0.765409 0.008978
50 0.906003 0.769356 0.00882823
51 0.906003 0.753735 0.00720203
52 0.906178 0.787415 0.00547936
53 0.906178 0.772605 0.0074712
54 0.915912 0.767562 0.00705252
55 0.915912 0.770435 0.00661862
56 0.915912 0.771008 0.00731558
57 0.915912 0.754021 0.00854021
58 0.915912 0.76037 0.00724609
59 0.915912 0.767225 0.00782945
60 0.915912 0.777433 0.00717768
61 0.915912 0.759183 0.00635868
62 0.919687 0.743038 0.00830284
63 0.919687 0.763122 0.00782655
64 0.919687 0.764851 0.00730962
65 0.919687 0.774435 0.00727741
66 0.938913 0.791316 0.00690964
67 0.938913 0.767269 0.00646133
68 0.938913 0.771313 0.00708213
69 0.938913 0.77551 0.00718424
70 0.938913 0.767607 0.00792452
71 0.938913 0.771033 0.00703965
72 0.938913 0.761674 0.00789407
73 0.938913 0.765099 0.00722987
74 0.938913 0.768436 0.0077357
75 0.938913 0.771164 0.006262
76 0.938913 0.774635 0.00926309
77 0.938913 0.76886 0.00849739
78 0.938913 0.771674 0.00703558
79 0.938913 0.768157 0.00808274
80 0.938913 0.760992 0.009195
81 0.938913 0.770866 0.00755942
82 0.938913 0.774042 0.00737043
83 0.938913 0.771186 0.00865946
84 0.938913 0.76653 0.00776335
85 0.938913 0.771526 0.00886841
86 0.938913 0.760041 0.0085576
87 0.938913 0.763774 0.00779326
88 0.938913 0.761275 0.00814595
89 0.938913 0.780016 0.00766294
90 0.938913 0.771004 0.00723802
91 0.938913 0.78325 0.00820547
92 0.938913 0.776945 0.00754482
93 0.938913 0.785749 0.00739722
94 0.938913 0.796893 0.00613711
95 0.938913 0.798474 0.00589984
96 0.938913 0.772063 0.00796219
97 0.938913 0.774954 0.00949602
98 0.938913 0.791173 0.0066425
99 0.938913 0.7861 0.00990593
100 0.938913 0.781713 0.00870972
101 0.938913 0.776137 0.00906899
102 0.938913 0.773856 0.0107147
103 0.938913 0.798678 0.00636633
104 0.938913 0.786278 0.00852836
105 0.938913 0.785338 0.00817663
106 0.938913 0.783965 0.0091735
107 0.938913 0.79025 0.00668747
108 0.938913 0.789169 0.00771081
109 0.938913 0.789233 0.00816626
110 0.938913 0.797222 0.00727061
111 0.938913 0.77241 0.00833816
112 0.938913 0.776921 0.0089831
113 0.938913 0.784176 0.00812731
114 0.938913 0.786449 0.0077805
115 0.938913 0.78813 0.00738149
116 0.938913 0.787821 0.00786728
117 0.938913 0.787368 0.00763761
118 0.938913 0.775446 0.00863082
119 0.938913 0.778911 0.00733554
120 0.938913 0.792271 0.00673226
121 0.938913 0.793154 0.00742704
122 0.938913 0.790235 0.00987915
123 0.938913 0.799474 0.00704475
124 0.938913 0.787959 0.00861153
125 0.938913 0.764735 0.00984708
126 0.951967 0.773536 0.0103664
127 0.951967 0.772457 0.00926233
128 0.951967 0.788993 0.00758409
129 0.951967 0.782487 0.00997217
130 0.951967 0.771061 0.0103179
131 0.951967 0.777998 0.00886287
132 0.951967 0.781638 0.00763515
133 0.951967 0.79452 0.00789735
134 0.951967 0.785624 0.00862555
135 0.951967 0.811836 0.0067859
136 0.951967 0.78878 0.00847963
137 0.951967 0.803416 0.00751235
138 0.951967 0.795118 0.00754251
139 0.951967 0.787629 0.0087829
140 0.951967 0.789294 0.00887042
141 0.951967 0.795203 0.00921953
142 0.951967 0.793695 0.00834258
143 0.951967 0.794593 0.00675002
144 0.951967 0.798555 0.00857534
145 0.951967 0.799431 0.00847185
146 0.951967 0.799368 0.00739276
147 0.951967 0.795683 0.00720159
148 0.951967 0.787721 0.00787578
149 0.951967 0.786963 0.00766677
150 0.951967 0.788526 0.00936985
151 0.951967 0.798833 0.00681841
152 0.951967 0.792075 0.00813291
153 0.951967 0.790578 0.00829866
154 0.951967 0.78914 0.00882485
155 0.951967 0.793216 0.00923349
156 0.951967 0.801927 0.00856225
157 0.951967 0.790661 0.0087663
158 0.951967 0.793754 0.0072498
159 0.951967 0.811287 0.00676786
160 0.951967 0.801886 0.00714222
161 0.951967 0.804618 0.0073717
162 0.951967 0.795618 0.00708705
163 0.951967 0.789645 0.00719455
164 0.951967 0.78898 0.00861959
165 0.951967 0.790607 0.0101209
166 0.951967 0.794023 0.0085049
167 0.951967 0.785937 0.00988766
168 0.951967 0.784424 0.00945034
169 0.951967 0.798099 0.00810526
170 0.951967 0.812421 0.00677992
171 0.951967 0.803574 0.00686815
172 0.951967 0.803784 0.00856586
173 0.951967 0.786124 0.00906303
174 0.951967 0.792238 0.00820809
175 0.951967 0.781183 0.00922682
176 0.951967 0.778974 0.00913932
177 0.951967 0.785505 0.00858221
178 0.951967 0.793007 0.00660181
179 0.951967 0.804095 0.00777259
180 0.951967 0.806869 0.00902109
181 0.951967 0.805272 0.0077942
182 0.951967 0.780197 0.00862266
183 0.951967 0.777998 0.00841098
184 0.951967 0.790106 0.00900008
185 0.951967 0.794429 0.00833898
186 0.95646 0.792033 0.00935713
187 0.95646 0.793085 0.00962732
188 0.95646 0.798805 0.00772863
189 0.95646 0.789536 0.00881578
190 0.95646 0.791773 0.00836697
191 0.95646 0.79165 0.00847135
192 0.95646 0.792732 0.00915832
193 0.95646 0.783855 0.00707153
194 0.95646 0.792466 0.0079262
195 0.95646 0.797521 0.00873845
196 0.95646 0.791051 0.00897705
197 0.95646 0.784948 0.00935901
198 0.95646 0.790838 0.00758178
199 0.95646 0.794944 0.00777437
200 0.95646 0.795232 0.00893782
201 0.95646 0.795686 0.00744383
202 0.95646 0.792212 0.00810414
203 0.95646 0.796593 0.00809343
204 0.95646 0.792853 0.00949527
205 0.95646 0.78687 0.00790777
206 0.95646 0.774944 0.00974267
207 0.95646 0.784725 0.0106216
208 0.95646 0.763146 0.0115159
209 0.95646 0.758426 0.0123098
210 0.95646 0.762083 0.0113955
211 0.95646 0.773594 0.0122191
212 0.95646 0.780022 0.0111775
213 0.95646 0.782282 0.00924782
214 0.95646 0.776639 0.00928677
215 0.95646 0.781916 0.00877429
216 0.95646 0.796737 0.00796024
217 0.95646 0.782103 0.0100048
218 0.95646 0.788741 0.0101318
219 0.95646 0.795417 0.00827978
220 0.95646 0.793391 0.00788511
221 0.95646 0.796544 0.00839776
222 0.95646 0.800606 0.00776454
223 0.95646 0.789453 0.00872221
224 0.95646 0.793861 0.00893751
225 0.95646 0.797588 0.0080554
226 0.95646 0.792312 0.00969758
227 0.95646 0.796522 0.00691307
228 0.95646 0.797521 0.00914174
229 0.95646 0.801734 0.00902477
230 0.95646 0.802307 0.00831048
231 0.95646 0.785556 0.00882356
232 0.95646 0.80585 0.00891616
233 0.95646 0.800084 0.00836512
234 0.961211 0.793253 0.0107375
235 0.961211 0.804046 0.00801986
236 0.961211 0.794073 0.00795767
237 0.961211 0.803759 0.00788445
238 0.961211 0.77023 0.00912678
239 0.961211 0.794482 0.00871681
240 0.961211 0.809448 0.00834017
241 0.961211 0.782207 0.00963976
242 0.961211 0.79784 0.00750473
243 0.961211 0.801258 0.00871156
244 0.961211 0.790997 0.00931711
245 0.961211 0.79384 0.0084084
246 0.961211 0.808258 0.00781563
247 0.961211 0.786081 0.00945406
248 0.961211 0.78885 0.00923249
249 0.961211 0.792164 0.00944121
250 0.961211 0.784721 0.00885525
251 0.961211 0.79462 0.00840363
252 0.961211 0.783236 0.00984594
253 0.961211 0.781972 0.00913386
254 0.961211 0.789629 0.00953927
255 0.961211 0.805156 0.00800778
256 0.961211 0.796605 0.00711739
257 0.961211 0.799202 0.00895077
258 0.961211 0.796856 0.00795573
259 0.961211 0.77998 0.0107908
260 0.961211 0.805582 0.00878797
261 0.961211 0.793728 0.00875677
262 0.961211 0.793458 0.00855409
263 0.961211 0.776101 0.0100987
264 0.961211 0.787508 0.00979972
265 0.961211 0.795591 0.0103631
266 0.961211 0.806026 0.00718106
267 0.961211 0.782139 0.00921892
268 0.961211 0.773705 0.0117225
269 0.961211 0.785284 0.00914653
270 0.961211 0.791852 0.00968291
271 0.961211 0.786029 0.0105313
272 0.961211 0.791339 0.00899764
273 0.961211 0.802674 0.00941158
274 0.961211 0.80479 0.00983224
275 0.961211 0.808273 0.00856467
276 0.961211 0.801925 0.00769796
277 0.961211 0.79618 0.00796583
278 0.961211 0.790083 0.00985174
279 0.961211 0.800763 0.00857469
280 0.961211 0.795253 0.00872387
281 0.961211 0.799713 0.00791704
282 0.961211 0.806543 0.00766099
283 0.961211 0.80291 0.00779291
284 0.961211 0.793711 0.00788795
285 0.961211 0.781506 0.00972561
286 0.961211 0.793598 0.00872509
287 0.961211 0.798885 0.00920699
288 0.961211 0.79762 0.00793914
289 0.961211 0.789819 0.00857562
290 0.961211 0.800049 0.00816908
291 0.961211 0.807153 0.00782131
292 0.961211 0.797663 0.00693872
293 0.961211 0.808013 0.00716318
294 0.961211 0.802892 0.0084761
295 0.961211 0.804298 0.0079366
296 0.961211 0.80853 0.00722976
297 0.961211 0.795202 0.0100837
298 0.961211 0.809256 0.00639495
299 0.961211 0.812739 0.00665512
300 0.961211 0.811925 0.00794211
301 0.961211 0.804566 0.00870035
302 0.961211 0.804917 0.00902709
303 0.961211 0.797018 0.00843893
304 0.961211 0.787171 0.00821863
305 0.961211 0.789799 0.0102068
306 0.961211 0.794481 0.0079595
307 0.961211 0.787347 0.00914486
308 0.961211 0.802153 0.00908521
309 0.961211 0.780992 0.0102956
310 0.961211 0.796417 0.00825889
311 0.961211 0.797454 0.0106629
312 0.961211 0.797984 0.00894095
313 0.961211 0.801324 0.00875026
314 0.961211 0.815272 0.00732946
315 0.961211 0.805659 0.00858294
316 0.961211 0.799482 0.0083081
317 0.961211 0.793122 0.00783777
318 0.961211 0.798669 0.0069598
319 0.961211 0.811253 0.00681641
320 0.961211 0.797757 0.00782535
321 0.961211 0.790494 0.00864288
322 0.961211 0.785659 0.0102981
323 0.961211 0.779718 0.0081147
324 0.961211 0.791463 0.00896235
325 0.961211 0.779657 0.0103468
326 0.961211 0.785258 0.00966895
327 0.961211 0.798318 0.00771132
328 0.961211 0.786803 0.00986713
329 0.961211 0.789303 0.00978719
330 0.961211 0.796511 0.00854025
331 0.961211 0.792642 0.00895525
332 0.961211 0.804361 0.00802527
333 0.961211 0.793075 0.00822121
334 0.961211 0.803507 0.00687393
335 0.961211 0.794393 0.00816779
336 0.961211 0.794041 0.00894316
337 0.961211 0.806823 0.00760292
338 0.961211 0.793225 0.00992639
339 0.961211 0.791702 0.00935082
340 0.961211 0.77816 0.0101196
341 0.961211 0.791513 0.00898985
342 0.961211 0.783499 0.0107066
343 0.961211 0.773867 0.0113469
344 0.961211 0.804861 0.00741667
345 0.961211 0.781042 0.0106235
346 0.961211 0.793639 0.00718093
347 0.961211 0.792042 0.00963435
348 0.961211 0.776535 0.010624
349 0.961211 0.786289 0.0107135
350 0.961211 0.784953 0.0111799
351 0.961211 0.787567 0.00896403
352 0.961211 0.779199 0.0107149
353 0.961211 0.788772 0.00811494
354 0.961211 0.80407 0.00785416
355 0.961211 0.803355 0.00815072
356 0.961211 0.807462 0.00773534
357 0.961211 0.807168 0.00639097
358 0.961211 0.797263 0.00915977
359 0.961211 0.804126 0.00709879
360 0.961211 0.792333 0.00842839
361 0.961211 0.788381 0.00886359
362 0.961211 0.793803 0.00994599
363 0.961211 0.792182 0.0103471
364 0.961211 0.785092 0.0100161
365 0.961211 0.789634 0.00986998
366 0.961211 0.787681 0.00931548
367 0.961211 0.790735 0.0114438
368 0.961211 0.784779 0.00959989
369 0.961211 0.793962 0.00818147
370 0.961211 0.794164 0.00898031
371 0.961211 0.793013 0.00967134
372 0.961211 0.799327 0.00914314
373 0.961211 0.800236 0.00898867
374 0.961211 0.790932 0.00962456
375 0.961211 0.8008 0.00915319
376 0.961211 0.792044 0.00984698
377 0.961211 0.804082 0.00864666
378 0.961211 0.793645 0.0103637
379 0.961211 0.793078 0.00843249
380 0.961211 0.801252 0.00815642
381 0.964902 0.793886 0.00820318
382 0.964902 0.795523 0.00777579
383 0.964902 0.817973 0.00604833
384 0.964902 0.800485 0.00772607
385 0.964902 0.809328 0.00759764
386 0.964902 0.800629 0.00887918
387 0.964902 0.7819 0.0093618
388 0.964902 0.782373 0.00978848
389 0.964902 0.788166 0.00862816
390 0.964902 0.789381 0.00846978
391 0.964902 0.796682 0.0093467
392 0.964902 0.806934 0.00756188
393 0.964902 0.79442 0.00982336
394 0.964902 0.786247 0.00770487
395 0.964902 0.782498 0.00796247
396 0.964902 0.78746 0.0103603
397 0.964902 0.797512 0.00978581
398 0.964902 0.792861 0.00945831
399 0.964902 0.788955 0.00997499
400 0.964902 0.793912 0.00992575
401 0.964902 0.786435 0.0102596
402 0.964902 0.794212 0.0087127
403 0.964902 0.797988 0.00977008
404 0.964902 0.788844 0.00868331
405 0.964902 0.777426 0.0103636
406 0.964902 0.796674 0.00963092
407 0.964902 0.802075 0.00777341
408 0.964902 0.808042 0.0072217
409 0.964902 0.801639 0.00841645
410 0.964902 0.803832 0.00767562
411 0.964902 0.796963 0.00872587
412 0.964902 0.803777 0.00791877
413 0.964902 0.790538 0.0110782
414 0.964902 0.801416 0.00868527
415 0.964902 0.790271 0.00970178
416 0.964902 0.798911 0.00766274
417 0.964902 0.7971 0.00918961
418 0.964902 0.7942 0.0104848
419 0.964902 0.805135 0.0090194
420 0.964902 0.80493 0.0108191
421 0.964902 0.802127 0.0084912
422 0.964902 0.803812 0.0105251
423 0.964902 0.804801 0.00871779
424 0.964902 0.791315 0.00926011
425 0.964902 0.794885 0.00917083
426 0.964902 0.772649 0.0118279
427 0.964902 0.781494 0.0122107
428 0.964902 0.768379 0.00976419
429 0.964902 0.786965 0.00829615
430 0.964902 0.785899 0.00822649
431 0.964902 0.774665 0.0115489
432 0.964902 0.787345 0.00845113
433 0.964902 0.795015 0.00927165
434 0.964902 0.796265 0.00934824
435 0.964902 0.784853 0.0107044
436 0.964902 0.777036 0.00925097
437 0.964902 0.772664 0.00989188
438 0.964902 0.778445 0.0113867
439 0.964902 0.787663 0.00993791
440 0.964902 0.779251 0.0102221
441 0.964902 0.798948 0.00858353
442 0.964902 0.787447 0.0101181
443 0.964902 0.791191 0.00933705
444 0.964902 0.795546 0.00921271
445 0.964902 0.786442 0.00942566
446 0.964902 0.800454 0.00837688
447 0.964902 0.793861 0.00996951
448 0.964902 0.797209 0.00882167
449 0.964902 0.800044 0.00798562
450 0.964902 0.796003 0.0104127
451 0.964902 0.799366 0.00845105
452 0.964902 0.792704 0.00765705
453 0.964902 0.777455 0.0117545
454 0.964902 0.783078 0.0104448
455 0.964902 0.79016 0.00981518
456 0.964902 0.795268 0.0088073
457 0.964902 0.78803 0.0109129
458 0.964902 0.790208 0.00913472
459 0.964902 0.784492 0.0105201
460 0.964902 0.79347 0.00855166
461 0.964902 0.771165 0.0116587
462 0.964902 0.782467 0.0110097
463 0.964902 0.803013 0.00909139
464 0.964902 0.798234 0.0111409
465 0.964902 0.789131 0.0114115
466 0.964902 0.775422 0.0104857
467 0.964902 0.787723 0.0102608
468 0.964902 0.782012 0.0109383
469 0.964902 0.785144 0.0123056
470 0.964902 0.796815 0.00810998
471 0.964902 0.781627 0.0112407
472 0.964902 0.776592 0.0127909
473 0.964902 0.777746 0.0117658
474 0.964902 0.773207 0.0119313
475 0.964902 0.790422 0.00983984
476 0.964902 0.795943 0.00874488
477 0.964902 0.804572 0.00917858
478 0.964902 0.791715 0.0107048
479 0.964902 0.786282 0.00929951
480 0.964902 0.794329 0.00857211
481 0.964902 0.775936 0.0114553
482 0.964902 0.789587 0.00993593
483 0.964902 0.79809 0.009436
484 0.964902 0.789344 0.00981153
485 0.964902 0.789865 0.00978494
486 0.964902 0.775328 0.0108704
487 0.964902 0.784939 0.0118508
488 0.966486 0.781505 0.0112014
489 0.966486 0.795025 0.00753933
490 0.966486 0.795427 0.00934023
491 0.966486 0.788442 0.0114927
492 0.966486 0.793351 0.0119398
493 0.966486 0.791528 0.00973868
494 0.966486 0.788126 0.0102274
495 0.966486 0.797389 0.00962925
496 0.966486 0.796442 0.00890525
497 0.966486 0.806097 0.00796338
498 0.966486 0.789405 0.00979136
499 0.966486 0.799052 0.00890146
500 0.966486 0.801226 0.00881717
501 0.966486 0.785561 0.00991615
502 0.966486 0.805171 0.0073613
503 0.966486 0.78072 0.00992103
504 0.968997 0.801389 0.00851422
505 0.968997 0.789577 0.0086595
506 0.968997 0.779424 0.0107207
507 0.968997 0.805326 0.00853014
508 0.968997 0.782052 0.0146203
509 0.968997 0.791558 0.0110297
510 0.968997 0.783236 0.0110581
511 0.968997 0.775489 0.0118516
512 0.968997 0.790754 0.0112284
513 0.968997 0.781286 0.011601
514 0.968997 0.801108 0.00923738
515 0.968997 0.788108 0.0103748
516 0.968997 0.789741 0.00916097
517 0.968997 0.791749 0.00836552
518 0.968997 0.802333 0.00948166
519 0.968997 0.780959 0.00972211
520 0.971162 0.783996 0.0111847
521 0.971162 0.784953 0.00906836
522 0.971162 0.786245 0.00930362
523 0.971162 0.790089 0.00965136
524 0.971162 0.797649 0.00803169
525 0.971162 0.795278 0.00897245
526 0.971162 0.79322 0.00950713
527 0.971162 0.792962 0.00944024
528 0.971162 0.784623 0.011717
529 0.971162 0.787701 0.0110298
530 0.971162 0.78781 0.0107945
531 0.971162 0.795401 0.0103822
532 0.971162 0.799041 0.00946659
533 0.971162 0.797085 0.0105823
534 0.971162 0.796777 0.010705
535 0.971162 0.804185 0.00972965
536 0.971162 0.802636 0.00786674
537 0.971162 0.80131 0.0076273
538 0.971162 0.797769 0.00716996
539 0.971162 0.798253 0.00812228
540 0.971162 0.796079 0.00831453
541 0.971162 0.797744 0.00898743
542 0.971162 0.797236 0.00868936
543 0.971162 0.787008 0.0096298
544 0.971162 0.785921 0.00967104
545 0.971162 0.795546 0.0100501
546 0.971162 0.781332 0.0112349
547 0.971162 0.799113 0.0101988
548 0.971162 0.804716 0.0086312
549 0.971162 0.785262 0.00977886
550 0.971162 0.795703 0.0089757
551 0.971162 0.785429 0.0091034
552 0.971162 0.78576 0.00899163
553 0.971162 0.786078 0.011952
554 0.971162 0.789131 0.0103451
555 0.971162 0.790947 0.0103713
556 0.971162 0.787632 0.0100955
557 0.971162 0.778941 0.0100386
558 0.971162 0.778358 0.0107934
559 0.971162 0.784112 0.0100141
560 0.971162 0.782487 0.00963322
561 0.971162 0.783586 0.0101911
562 0.971162 0.77664 0.0118569
563 0.971162 0.786641 0.00989282
564 0.971162 0.791784 0.00928826
565 0.971162 0.785292 0.00826333
566 0.971162 0.792236 0.0100727
567 0.971162 0.78812 0.00921205
568 0.971162 0.782142 0.00933155
569 0.971162 0.783095 0.00907961
570 0.971162 0.801404 0.00836087
571 0.971162 0.793447 0.00913708
572 0.971162 0.774204 0.0108367
573 0.971162 0.797508 0.0084613
574 0.971162 0.787682 0.00932204
575 0.971162 0.787602 0.0113573
576 0.971162 0.790035 0.0102649
577 0.971162 0.796764 0.0107583
578 0.971162 0.787914 0.00900183
579 0.971162 0.779288 0.00878599
580 0.971162 0.794997 0.00934347
581 0.971162 0.784568 0.0110232
582 0.971162 0.784801 0.00956622
583 0.971162 0.79152 0.00814979
584 0.971162 0.780649 0.00999522
585 0.971162 0.798062 0.0110722
586 0.971162 0.775886 0.0122659
587 0.971162 0.781358 0.0107331
588 0.971162 0.799141 0.0105141
589 0.971162 0.798828 0.0105074
590 0.971162 0.803005 0.00880884
591 0.971162 0.803577 0.00923015
592 0.971162 0.801462 0.00895445
593 0.971162 0.808296 0.00764353
594 0.971162 0.779483 0.0110893
595 0.971162 0.777944 0.0113339
596 0.971162 0.77529 0.0112058
597 0.971162 0.792136 0.0105082
598 0.971162 0.786783 0.00862582
599 0.971162 0.796788 0.0106367
600 0.971162 0.783331 0.00963177
601 0.971162 0.794901 0.00861605
602 0.971162 0.79951 0.00931137
603 0.971162 0.808999 0.00850152
604 0.971162 0.781223 0.00994382
605 0.971162 0.786618 0.00848995
606 0.971162 0.794054 0.00856638
607 0.971162 0.803026 0.00788137
608 0.971162 0.794558 0.00818031
609 0.971162 0.800462 0.00913492
610 0.971162 0.790068 0.00944643
611 0.971162 0.776648 0.0102513
612 0.971162 0.791791 0.00791095
613 0.971162 0.780202 0.00886054
614 0.971162 0.787603 0.00752738
615 0.971162 0.7847 0.00935803
616 0.971162 0.787861 0.00874878
617 0.971162 0.783933 0.0101663
618 0.971162 0.794086 0.00925789
619 0.971162 0.80062 0.00855293
620 0.971162 0.790877 0.00944167
621 0.971162 0.785433 0.00994304
622 0.971162 0.804575 0.00940914
623 0.971162 0.788571 0.00857352
624 0.971162 0.796829 0.00924406
625 0.971162 0.781139 0.00864558
626 0.971162 0.778848 0.0114258
627 0.971162 0.778715 0.0114244
628 0.971162 0.771339 0.0107041
629 0.971162 0.794874 0.0121364
630 0.971162 0.781903 0.010666
631 0.971162 0.77481 0.0102638
632 0.971162 0.780358 0.0113198
633 0.971162 0.79905 0.0101844
634 0.971162 0.7766 0.0106832
635 0.971162 0.776542 0.010692
636 0.971162 0.797785 0.00956009
637 0.971162 0.787294 0.0104374
638 0.971162 0.795869 0.00890354
639 0.971162 0.79124 0.00968611
640 0.971162 0.782655 0.0110394
641 0.971162 0.779167 0.0101313
642 0.971162 0.782803 0.011541
643 0.971162 0.797302 0.00852808
644 0.971162 0.793897 0.010958
645 0.971162 0.786856 0.0111323
646 0.971162 0.780476 0.0119062
647 0.971162 0.808816 0.00933919
648 0.971162 0.785513 0.00933536
649 0.971162 0.778215 0.0104436
650 0.971162 0.782042 0.00971388
651 0.971162 0.790403 0.00910997
652 0.971162 0.797211 0.0086255
653 0.971162 0.776234 0.0117707
654 0.971162 0.775515 0.0103068
655 0.971162 0.773651 0.0110303
656 0.971162 0.76487 0.0114135
657 0.971162 0.776577 0.0129725
658 0.971162 0.779248 0.00945569
659 0.971162 0.767126 0.012459
660 0.971162 0.781828 0.0107975
661 0.981347 0.775129 0.0128743
662 0.981347 0.777092 0.0122108
663 0.981347 0.788025 0.0127612
664 0.981347 0.770743 0.0120538
665 0.981347 0.782136 0.0115721
666 0.981347 0.775857 0.0122102
667 0.981347 0.790719 0.0111256
668 0.981347 0.785062 0.0129716
669 0.981347 0.778251 0.010915
670 0.981347 0.789197 0.0117428
671 0.981347 0.783179 0.0107894
672 0.981347 0.788752 0.0106441
673 0.981347 0.775442 0.0107423
674 0.981347 0.782456 0.0116869
675 0.981347 0.78785 0.00795356
676 0.981347 0.790104 0.008447
677 0.981347 0.784392 0.00891602
678 0.981347 0.785347 0.0102999
679 0.981347 0.782852 0.0107662
680 0.981347 0.782548 0.010182
681 0.981347 0.773258 0.0109488
682 0.981347 0.787709 0.00909915
683 0.981347 0.779419 0.0106666
684 0.981347 0.782824 0.0109918
685 0.981347 0.787112 0.00980953
686 0.981347 0.776628 0.0109286
687 0.981347 0.796478 0.00847297
688 0.981347 0.786805 0.00852485
689 0.981347 0.791844 0.00868458
690 0.981347 0.788246 0.00880233
691 0.981347 0.786177 0.0109472
692 0.981347 0.778528 0.0102592
693 0.981347 0.780385 0.00990969
694 0.981347 0.793989 0.00955197
695 0.981347 0.792164 0.00792471
696 0.981347 0.802664 0.00816321
697 0.981347 0.795224 0.00856775
698 0.981347 0.79518 0.0110531
699 0.981347 0.789761 0.0090412
700 0.981347 0.78793 0.0092622
701 0.981347 0.80056 0.00896998
702 0.981347 0.792801 0.0103326
703 0.981347 0.81126 0.00831068
704 0.981347 0.802271 0.00937227
705 0.981347 0.797586 0.0122138
706 0.981347 0.785031 0.0102728
707 0.981347 0.798698 0.00845045
708 0.981347 0.784926 0.0112075
709 0.981347 0.775366 0.0111335
710 0.981347 0.791047 0.00922431
711 0.981347 0.802458 0.00901806
712 0.981347 0.801143 0.00821767
713 0.981347 0.795419 0.0107581
714 0.981347 0.78628 0.011174
715 0.981347 0.789858 0.00948195
716 0.981347 0.785813 0.0120182
717 0.981347 0.795712 0.00936908
718 0.981347 0.786075 0.00892963
719 0.981347 0.788842 0.00955961
720 0.981347 0.781188 0.0111067
721 0.981347 0.78703 0.0092287
722 0.981347 0.78969 0.0088245
723 0.981347 0.774181 0.0103261
724 0.981347 0.785507 0.00979578
725 0.981347 0.788895 0.00914367
726 0.981347 0.784768 0.00932007
727 0.981347 0.80611 0.00834766
728 0.981347 0.797659 0.00887151
729 0.981347 0.788035 0.00937895
730 0.981347 0.787833 0.00940297
731 0.981347 0.783684 0.00880618
732 0.981347 0.787024 0.00903848
733 0.981347 0.786907 0.0118198
734 0.981347 0.766196 0.0136826
735 0.981347 0.797861 0.0108635
736 0.981347 0.774132 0.012151
737 0.981347 0.783309 0.0100275
738 0.981347 0.778539 0.0102423
739 0.981347 0.787271 0.00798717
740 0.981347 0.782595 0.0105868
741 0.981347 0.787486 0.00941238
742 0.981347 0.785321 0.0104752
743 0.981347 0.800914 0.0108826
744 0.981347 0.792363 0.00934878
745 0.981347 0.80056 0.00867217
746 0.981347 0.800732 0.00832359
747 0.981347 0.812812 0.00767794
748 0.981347 0.790955 0.0107376
749 0.981347 0.779263 0.00956442
750 0.981347 0.798424 0.00845756
751 0.981347 0.793114 0.00929849
752 0.981347 0.784448 0.00949117
753 0.981347 0.776092 0.00961777
754 0.981347 0.777133 0.00993674
755 0.981347 0.779141 0.0116682
756 0.981347 0.789707 0.0109555
757 0.981347 0.806627 0.00975675
758 0.981347 0.788235 0.0105592
759 0.981347 0.787126 0.00922454
760 0.981347 0.792531 0.0107635
761 0.981347 0.784865 0.00954147
762 0.981347 0.789125 0.0100016
763 0.981347 0.785624 0.00994679
764 0.981347 0.786893 0.00994435
765 0.981347 0.798138 0.0082472
766 0.981347 0.788726 0.0104802
767 0.981347 0.782855 0.00929767
768 0.981347 0.797897 0.00917324
769 0.981347 0.774476 0.0128321
770 0.981347 0.780356 0.00918153
771 0.981347 0.791173 0.0103814
772 0.981347 0.79665 0.00893304
773 0.981347 0.783411 0.0105388
774 0.981347 0.777699 0.0100238
775 0.981347 0.790361 0.00937371
776 0.981347 0.778341 0.00963009
777 0.981347 0.782095 0.0102131
778 0.981347 0.777074 0.0111027
779 0.981347 0.784734 0.0106254
780 0.981347 0.768898 0.0109118
781 0.981347 0.786448 0.00967199
782 0.981347 0.793289 0.00866489
783 0.981347 0.79693 0.0084736
784 0.981347 0.809659 0.00652967
785 0.981347 0.783379 0.00983325
786 0.981347 0.774533 0.0104227
787 0.981347 0.781368 0.0102043
788 0.981347 0.783263 0.00954698
789 0.981347 0.77481 0.0109564
790 0.981347 0.772453 0.0111823
791 0.981347 0.784378 0.010674
792 0.981347 0.775591 0.0106578
793 0.981347 0.795631 0.00946959
794 0.981347 0.797057 0.00881453
795 0.981347 0.78734 0.0082951
796 0.981347 0.778051 0.00976939
797 0.981347 0.78114 0.00942513
798 0.981347 0.772683 0.0112382
799 0.981347 0.770468 0.0102317
800 0.981347 0.782227 0.0119563
801 0.981347 0.78664 0.0103995
802 0.981347 0.777649 0.0110491
803 0.981347 0.78698 0.0093656
804 0.981347 0.784392 0.0108596
805 0.981347 0.795181 0.00910264
806 0.981347 0.785989 0.00893849
807 0.981347 0.786625 0.00869886
808 0.981347 0.791876 0.0100044
809 0.981347 0.806102 0.00869725
810 0.981347 0.788935 0.0100366
811 0.981347 0.805176 0.00825923
812 0.981347 0.80519 0.00911302
813 0.981347 0.795416 0.0101812
814 0.981347 0.786106 0.011691
815 0.981347 0.785816 0.0104244
816 0.981347 0.780269 0.0103725
817 0.981347 0.772231 0.0107536
818 0.981347 0.785458 0.0093115
819 0.981347 0.776502 0.0123456
820 0.981347 0.773703 0.011085
821 0.981347 0.785885 0.00942708
822 0.981347 0.797732 0.0100385
823 0.981347 0.785258 0.00975524
824 0.981347 0.800943 0.0084305
825 0.981347 0.809548 0.00803207
826 0.981347 0.818136 0.00580321
827 0.981347 0.793028 0.0094011
828 0.981347 0.801884 0.0113193
829 0.981347 0.789567 0.0109072
830 0.981347 0.798882 0.00977546
831 0.981347 0.800011 0.00872194
832 0.981347 0.801021 0.00841043
833 0.981347 0.809991 0.00829169
834 0.981347 0.802893 0.00838188
835 0.981347 0.786417 0.0101164
836 0.981347 0.789369 0.00987658
837 0.981347 0.801206 0.0101704
838 0.981347 0.794309 0.00898323
839 0.981347 0.79186 0.0113268
840 0.981347 0.795957 0.00845565
841 0.981347 0.799595 0.00989067
842 0.981347 0.80875 0.0092231
843 0.981347 0.779375 0.0105672
844 0.981347 0.793551 0.00947354
845 0.981347 0.800993 0.00822566
846 0.981347 0.788669 0.0102993
847 0.981347 0.79311 0.00928553
848 0.981347 0.797444 0.00918695
849 0.981347 0.797297 0.00938895
850 0.981347 0.797294 0.00866195
851 0.981347 0.799857 0.0069992
852 0.981347 0.806309 0.00745434
853 0.981347 0.795925 0.0101035
854 0.981347 0.804304 0.00871069
855 0.981347 0.799848 0.0098785
856 0.981347 0.803672 0.00929926
857 0.981347 0.803113 0.00885592
858 0.981347 0.799219 0.00916078
859 0.981347 0.803384 0.00994853
860 0.981347 0.78653 0.0108243
861 0.981347 0.799645 0.00936318
862 0.981347 0.804766 0.00820128
863 0.981347 0.791798 0.00917056
864 0.981347 0.79968 0.00904636
865 0.981347 0.807252 0.00840818
866 0.981347 0.808462 0.00986972
867 0.981347 0.785559 0.00806397
868 0.981347 0.805843 0.0087866
869 0.981347 0.79857 0.00988185
870 0.981347 0.799451 0.00915724
871 0.981347 0.794083 0.00975764
872 0.981347 0.804704 0.00924764
873 0.981347 0.812869 0.00825166
874 0.981347 0.784092 0.0119046
875 0.981347 0.795853 0.0102447
876 0.981347 0.78717 0.0101019
877 0.981347 0.796431 0.010238
878 0.981347 0.788953 0.0114531
879 0.981347 0.79531 0.00981008
880 0.981347 0.794621 0.00835545
881 0.981347 0.801584 0.00795479
882 0.981347 0.790931 0.00881261
883 0.981347 0.804476 0.0092129
884 0.981347 0.7935 0.0109136
885 0.981347 0.78859 0.0109022
886 0.981347 0.800015 0.00742735
887 0.981347 0.788766 0.0104473
888 0.981347 0.796104 0.00932027
889 0.981347 0.789916 0.00888949
890 0.981347 0.78739 0.0106943
891 0.981347 0.787815 0.00966709
892 0.981347 0.793975 0.0113979
893 0.981347 0.79475 0.00993509
894 0.981347 0.778091 0.0121539
895 0.981347 0.788176 0.00968552
896 0.981347 0.807607 0.00674353
897 0.981347 0.80603 0.00897435
898 0.981347 0.796506 0.00926953
899 0.981347 0.800596 0.00812289
900 0.981347 0.804892 0.00886319
901 0.981347 0.810521 0.0053284
902 0.981347 0.794621 0.00962384
903 0.981347 0.793445 0.00821333
904 0.981347 0.811145 0.00696456
905 0.981347 0.802002 0.00763962
906 0.981347 0.79126 0.00935617
907 0.981347 0.785845 0.00959838
908 0.981347 0.777118 0.00937055
909 0.981347 0.800133 0.00947191
910 0.981347 0.793687 0.00840813
911 0.981347 0.784935 0.00985293
912 0.981347 0.783879 0.0101383
913 0.981347 0.775656 0.0097799
914 0.981347 0.778428 0.00978841
915 0.981347 0.793722 0.00908295
916 0.981347 0.784213 0.00996577
917 0.981347 0.788752 0.010689
918 0.981347 0.80646 0.00914069
919 0.981347 0.793794 0.00941538
920 0.981347 0.784979 0.00848383
921 0.981347 0.791345 0.00833542
922 0.981347 0.786886 0.00997602
923 0.981347 0.791012 0.0103623
924 0.981347 0.782012 0.0104655
925 0.981347 0.786396 0.00986755
926 0.981347 0.794209 0.00896208
927 0.981347 0.780027 0.0104535
928 0.981347 0.7796 0.0109872
929 0.981347 0.790723 0.0133312
930 0.981347 0.793041 0.010741
931 0.981347 0.785919 0.0113579
932 0.981347 0.786094 0.0105558
933 0.981347 0.775925 0.00995256
934 0.981347 0.786098 0.0121384
935 0.981347 0.80062 0.00868742
936 0.981347 0.789813 0.00977504
937 0.981347 0.785714 0.0101102
938 0.981347 0.792469 0.00988151
939 0.981347 0.797512 0.00976394
940 0.981347 0.791721 0.0104939
941 0.981347 0.792128 0.0113267
942 0.981347 0.779287 0.0117511
943 0.981347 0.777135 0.013868
944 0.981347 0.77181 0.0126723
945 0.981347 0.787158 0.0103513
946 0.981347 0.795192 0.00998714
947 0.981347 0.788014 0.00970114
948 0.981347 0.79198 0.010685
949 0.981347 0.783498 0.0114984
950 0.981347 0.78 0.0117111
951 0.981347 0.777831 0.0105026
952 0.981347 0.784183 0.0103503
953 0.981347 0.77977 0.0107996
954 0.981347 0.788814 0.00986435
955 0.981347 0.792285 0.00927955
956 0.981347 0.795773 0.0102053
957 0.981347 0.792103 0.0108483
958 0.981347 0.79272 0.00974888
959 0.981347 0.77479 0.0102596
960 0.981347 0.79332 0.00977112
961 0.981347 0.784891 0.0107484
962 0.981347 0.795864 0.00995122
963 0.981347 0.795766 0.0114433
964 0.981347 0.79786 0.00913693
965 0.981347 0.786876 0.00918248
966 0.981347 0.800919 0.00781241
967 0.981347 0.786625 0.00877985
968 0.981347 0.793958 0.0094793
969 0.981347 0.786759 0.00984177
970 0.981347 0.796556 0.00820238
971 0.981347 0.791443 0.00857166
972 0.981347 0.801178 0.00857893
973 0.981347 0.791541 0.0107567
974 0.981347 0.787328 0.00942879
975 0.981347 0.784067 0.0103157
976 0.981347 0.785692 0.00963227
977 0.981347 0.791853 0.0106842
978 0.981347 0.786335 0.0101516
979 0.981347 0.791541 0.00920207
980 0.981347 0.775287 0.0131809
981 0.981347 0.79987 0.00761291
982 0.981347 0.796871 0.00780263
983 0.981347 0.801083 0.00773281
984 0.981347 0.788793 0.00969569
985 0.981347 0.768126 0.0129007
986 0.981347 0.783823 0.0131353
987 0.981347 0.800356 0.0101293
988 0.981347 0.799693 0.00937376
989 0.981347 0.789783 0.0104994
990 0.981347 0.800127 0.00841911
991 0.981347 0.796888 0.00808514
992 0.981347 0.802845 0.00796498
993 0.981347 0.787028 0.0117784
994 0.981347 0.786355 0.00954201
995 0.981347 0.79217 0.0106462
996 0.981347 0.786065 0.0110784
997 0.981347 0.781131 0.0122701
998 0.981347 0.778468 0.0120287
999 0.981347 0.773703 0.0109799
1000 0.981347 0.783719 0.0122428
