0 0.250114 0.249844 1.20635e-06
1 0.25702 0.249606 1.50494e-05
2 0.259696 0.24983 7.38545e-06
3 0.271052 0.250367 6.99672e-06
4 0.300131 0.250938 3.22428e-05
5 0.300131 0.250109 7.58107e-05
6 0.300131 0.250452 6.56735e-05
7 0.300131 0.251371 4.98347e-05
8 0.448207 0.254644 0.000511488
9 0.448207 0.253756 0.000584319
10 0.448207 0.253661 0.000537255
11 0.448207 0.253585 0.000513967
12 0.448207 0.25335 0.000559745
13 0.448207 0.254973 0.000677211
14 0.448207 0.253359 0.0005408
15 0.448207 0.254621 0.000716481
16 0.45607 0.258711 0.00153528
17 0.45607 0.257583 0.00128205
18 0.45607 0.256312 0.00104666
19 0.45607 0.255711 0.000983574
20 0.45607 0.258809 0.00152421
21 0.45607 0.259671 0.00172397
22 0.45607 0.256577 0.00102404
23 0.45607 0.257255 0.00113899
24 0.45607 0.256226 0.00182758
25 0.45607 0.256268 0.0013115
26 0.45607 0.259653 0.00185442
27 0.45607 0.254982 0.00092846
28 0.45607 0.255479 0.000909687
29 0.45607 0.254808 0.000950575
30 0.45607 0.256761 0.00167184
31 0.45607 0.257099 0.00109456
32 0.45607 0.256297 0.00122906
33 0.45607 0.255583 0.00117076
34 0.45607 0.256193 0.00130309
35 0.45607 0.253323 0.00102961
36 0.45607 0.258262 0.0014358
37 0.45607 0.255099 0.000907286
38 0.45607 0.257356 0.00129731
39 0.45607 0.258172 0.00203572
40 0.467264 0.26486 0.00251246
41 0.467264 0.257418 0.00126924
42 0.467264 0.258709 0.00138579
43 0.467264 0.25623 0.000991846
44 0.467264 0.25758 0.00133692
45 0.467942 0.262927 0.00210791
46 0.467942 0.259418 0.00158121
47 0.470633 0.26314 0.00189966
48 0.470633 0.266462 0.0023408
49 0.479147 0.268353 0.00267134
50 0.479147 0.264092 0.00193631
51 0.479147 0.266081 0.00209088
52 0.49576 0.271325 0.00288833
53 0.49576 0.265298 0.00248253
54 0.511932 0.27113 0.003781
55 0.542637 0.277 0.00481884
56 0.542637 0.27726 0.00443927
57 0.542637 0.280247 0.00507631
58 0.542637 0.270558 0.00379481
59 0.542637 0.276164 0.00428102
60 0.542637 0.274739 0.00395693
61 0.550894 0.274997 0.00421358
62 0.550894 0.28113 0.00470472
63 0.552417 0.290303 0.00656319
64 0.552417 0.284713 0.0056613
65 0.552417 0.27525 0.00456948
66 0.552417 0.281493 0.0052897
67 0.552417 0.275344 0.00357029
68 0.552417 0.274587 0.00346205
69 0.552417 0.272897 0.00387764
70 0.552417 0.281045 0.00518225
71 0.552417 0.282769 0.00463532
72 0.552417 0.286908 0.00480159
73 0.552417 0.281783 0.00422863
74 0.552417 0.274153 0.00349795
75 0.552417 0.271359 0.00287472
76 0.552417 0.284179 0.0055247
77 0.554855 0.284362 0.00554461
78 0.554855 0.28237 0.00577411
79 0.554855 0.286727 0.00587302
80 0.554855 0.296552 0.00727225
81 0.554855 0.295699 0.0065085
82 0.554855 0.299456 0.00712097
83 0.554855 0.296777 0.00632732
84 0.554855 0.295641 0.00635696
85 0.554855 0.307014 0.00720639
86 0.554855 0.314768 0.00774138
87 0.554855 0.316359 0.00782977
88 0.554855 0.310014 0.00714358
89 0.554855 0.296697 0.0065843
90 0.554855 0.310747 0.00811121
91 0.559011 0.298923 0.00517684
92 0.559011 0.302548 0.00600458
93 0.559011 0.305039 0.00547209
94 0.559011 0.313763 0.00743041
95 0.559011 0.31595 0.0079646
96 0.559011 0.325335 0.00892453
97 0.559011 0.332223 0.0094684
98 0.559011 0.328928 0.00972628
99 0.559011 0.309928 0.00705797
100 0.559011 0.310949 0.00638977
101 0.559011 0.313408 0.006321
102 0.559011 0.312947 0.00691378
103 0.559011 0.311244 0.00688552
104 0.559011 0.325322 0.00759766
105 0.559011 0.317476 0.00760431
106 0.559011 0.321082 0.00810334
107 0.559011 0.324856 0.00748761
108 0.559011 0.322249 0.00797775
109 0.559011 0.331515 0.00873264
110 0.559011 0.318565 0.0068084
111 0.559011 0.315471 0.00718399
112 0.561139 0.322525 0.00774558
113 0.561139 0.318166 0.00733994
114 0.561139 0.330934 0.00890569
115 0.561139 0.326922 0.0082791
116 0.561139 0.336485 0.00833298
117 0.561139 0.334225 0.00875221
118 0.561139 0.336483 0.00739488
119 0.561139 0.329467 0.0075915
120 0.561139 0.327251 0.00832362
121 0.561139 0.333304 0.00879639
122 0.561139 0.346052 0.0092202
123 0.561139 0.345724 0.00877001
124 0.561139 0.349292 0.00886884
125 0.561139 0.345078 0.00940724
126 0.561139 0.352403 0.00903211
127 0.5615 0.358083 0.0100377
128 0.5615 0.349971 0.0098592
129 0.5615 0.344479 0.00902704
130 0.5615 0.34674 0.00973703
131 0.565497 0.362681 0.0108512
132 0.565497 0.341642 0.00882038
133 0.565497 0.356222 0.0098212
134 0.565497 0.350767 0.00958673
135 0.565497 0.328037 0.00816294
136 0.565497 0.346045 0.010197
137 0.565497 0.345961 0.00962217
138 0.565497 0.355073 0.00965224
139 0.565497 0.347791 0.0102438
140 0.567226 0.350709 0.0119673
141 0.567226 0.354116 0.0109135
142 0.567226 0.350348 0.0112483
143 0.567226 0.356201 0.0101918
144 0.567226 0.368624 0.00954722
145 0.569837 0.358137 0.00880225
146 0.569837 0.368003 0.0104775
147 0.569837 0.360175 0.0108596
148 0.569837 0.355491 0.00987617
149 0.569837 0.359295 0.010712
150 0.569837 0.369535 0.00942614
151 0.569837 0.365429 0.00969617
152 0.569837 0.351009 0.0102086
153 0.569837 0.356343 0.00976428
154 0.569837 0.362333 0.00975949
155 0.569837 0.365164 0.0101255
156 0.569837 0.367952 0.0101141
157 0.569837 0.358826 0.00995975
158 0.569837 0.354209 0.00876879
159 0.569837 0.35661 0.00924319
160 0.569837 0.343019 0.00803806
161 0.569837 0.335753 0.00842957
162 0.569837 0.345747 0.0100122
163 0.569837 0.339136 0.00935624
164 0.569837 0.350797 0.00995068
165 0.569837 0.358775 0.0106969
166 0.569837 0.348149 0.00871686
167 0.569837 0.352062 0.00966736
168 0.569837 0.348404 0.00903919
169 0.569837 0.357453 0.00906377
170 0.569837 0.352464 0.00960313
171 0.569837 0.342575 0.00867002
172 0.569837 0.349264 0.009098
173 0.569837 0.35629 0.0103107
174 0.569837 0.3608 0.0119517
175 0.569837 0.371327 0.0128818
176 0.569837 0.353985 0.00971572
177 0.569837 0.354463 0.00966514
178 0.569837 0.361825 0.0116754
179 0.569837 0.363865 0.0109751
180 0.572827 0.37224 0.0110106
181 0.572827 0.370679 0.0106818
182 0.572827 0.369628 0.0108732
183 0.572827 0.382023 0.0103845
184 0.572827 0.383955 0.010773
185 0.572827 0.375669 0.00922085
186 0.572827 0.384286 0.0112707
187 0.572827 0.379434 0.00936195
188 0.572827 0.386778 0.00897302
189 0.572827 0.392888 0.00981177
190 0.572827 0.376176 0.00970694
191 0.572827 0.391985 0.0112377
192 0.572827 0.388136 0.0104998
193 0.572827 0.376149 0.0111413
194 0.572827 0.378736 0.0113877
195 0.572827 0.381005 0.0115958
196 0.572827 0.365725 0.0113245
197 0.572827 0.374442 0.0123999
198 0.572827 0.3744 0.0117531
199 0.572827 0.377284 0.011606
200 0.572827 0.373637 0.0114859
201 0.572827 0.382404 0.0113792
202 0.572827 0.379426 0.0111863
203 0.572827 0.367946 0.010519
204 0.572827 0.374419 0.010982
205 0.572827 0.373794 0.0112261
206 0.572827 0.366071 0.0110334
207 0.572827 0.361982 0.0115739
208 0.572827 0.346101 0.00975988
209 0.572827 0.348305 0.00954471
210 0.572827 0.354981 0.0107894
211 0.572827 0.36412 0.0110025
212 0.572827 0.382264 0.0114045
213 0.572827 0.389685 0.0116959
214 0.572827 0.390064 0.0117135
215 0.572827 0.385256 0.0115779
216 0.572827 0.380372 0.0110527
217 0.572827 0.379064 0.0113976
218 0.572827 0.377757 0.0103195
219 0.572827 0.379783 0.0106277
220 0.572827 0.369332 0.0107877
221 0.572827 0.380226 0.00980057
222 0.572827 0.371901 0.00922644
223 0.572827 0.373997 0.0102928
224 0.572827 0.377813 0.0103593
225 0.572827 0.368265 0.0101866
226 0.572827 0.366431 0.00996763
227 0.572827 0.362439 0.0109891
228 0.572827 0.371417 0.0114113
229 0.572827 0.374227 0.0112962
230 0.572827 0.374722 0.00921093
231 0.572827 0.381594 0.0105849
232 0.572827 0.372756 0.0101151
233 0.572827 0.367733 0.0102582
234 0.572827 0.369955 0.00983998
235 0.572827 0.381139 0.0103798
236 0.572827 0.389614 0.0120139
237 0.572827 0.387749 0.0120461
238 0.572827 0.387621 0.0128475
239 0.572827 0.384794 0.0107477
240 0.572827 0.383162 0.0101836
241 0.572827 0.382744 0.0111928
242 0.572827 0.384708 0.0114496
243 0.572827 0.372649 0.00985843
244 0.572827 0.35795 0.00941181
245 0.572827 0.363403 0.00965489
246 0.572827 0.366172 0.00947283
247 0.572827 0.370048 0.0100563
248 0.572827 0.37108 0.0110974
249 0.572827 0.372476 0.0114192
250 0.572827 0.37674 0.0129585
251 0.572827 0.373873 0.0115202
252 0.572827 0.37848 0.011115
253 0.572827 0.369492 0.0109633
254 0.572827 0.36931 0.0100711
255 0.572827 0.350716 0.00983421
256 0.572827 0.361931 0.00996674
257 0.572827 0.367149 0.0112393
258 0.572827 0.362704 0.0113785
259 0.572827 0.355862 0.0105281
260 0.572827 0.370047 0.011671
261 0.572827 0.371595 0.0123283
262 0.572827 0.361931 0.0105635
263 0.572827 0.363204 0.0112339
264 0.572827 0.360226 0.0104024
265 0.572827 0.36107 0.0107692
266 0.572827 0.3609 0.0108604
267 0.572827 0.367549 0.0109527
268 0.572827 0.362986 0.00982894
269 0.572827 0.355154 0.0105141
270 0.572827 0.356357 0.0106231
271 0.572827 0.357255 0.00998563
272 0.572827 0.353257 0.011222
273 0.572827 0.34266 0.00921471
274 0.572827 0.344721 0.0102011
275 0.572827 0.348186 0.0110202
276 0.572827 0.359306 0.0104296
277 0.572827 0.355637 0.00975668
278 0.572827 0.363617 0.00977303
279 0.572827 0.36918 0.00951882
280 0.572827 0.367175 0.0105229
281 0.572827 0.373096 0.0107119
282 0.572827 0.380345 0.00995889
283 0.572827 0.382185 0.0104644
284 0.572827 0.391327 0.0112252
285 0.572827 0.38487 0.0109903
286 0.572827 0.36865 0.0114029
287 0.572827 0.381447 0.0118637
288 0.572827 0.364558 0.0119287
289 0.572827 0.382965 0.0124774
290 0.572827 0.388092 0.0109238
291 0.572827 0.386585 0.00974436
292 0.572827 0.393544 0.0109407
293 0.572827 0.405172 0.0102334
294 0.572827 0.397833 0.0102761
295 0.572827 0.397664 0.0118075
296 0.572827 0.392852 0.0106768
297 0.572827 0.381579 0.0110174
298 0.572827 0.393935 0.0101758
299 0.572827 0.409167 0.0104865
300 0.572827 0.409494 0.0105463
301 0.572827 0.404997 0.0105333
302 0.572827 0.395726 0.0103103
303 0.572827 0.409708 0.010084
304 0.572827 0.41554 0.0100085
305 0.572827 0.398689 0.00960795
306 0.572827 0.416207 0.00952331
307 0.572827 0.421453 0.00966029
308 0.572827 0.41343 0.0102253
309 0.572827 0.41206 0.00909298
310 0.572827 0.399947 0.00870851
311 0.579005 0.406441 0.0101859
312 0.579005 0.406589 0.0106705
313 0.579005 0.404995 0.00967667
314 0.579005 0.39861 0.0103086
315 0.579005 0.40597 0.0115642
316 0.579005 0.408839 0.0084157
317 0.579005 0.395159 0.010452
318 0.579005 0.394884 0.0119507
319 0.579005 0.383621 0.0127839
320 0.579005 0.382617 0.0122046
321 0.579005 0.37304 0.0111018
322 0.579005 0.376051 0.0107565
323 0.579005 0.374931 0.0112571
324 0.579005 0.376999 0.0126068
325 0.579005 0.375628 0.0124889
326 0.580617 0.382445 0.0125356
327 0.580617 0.381221 0.0123571
328 0.580617 0.388125 0.0116631
329 0.580617 0.382592 0.0117103
330 0.580617 0.376393 0.012089
331 0.580617 0.376435 0.0121374
332 0.580617 0.373614 0.0119702
333 0.580617 0.370405 0.011979
334 0.580617 0.364802 0.0124151
335 0.580617 0.374008 0.0129042
336 0.580617 0.372308 0.012359
337 0.580617 0.380748 0.0117434
338 0.580617 0.383901 0.0115669
339 0.580617 0.377378 0.0119814
340 0.580617 0.380083 0.011109
341 0.580617 0.389633 0.0121513
342 0.580617 0.376603 0.00964624
343 0.580617 0.378178 0.0119275
344 0.580617 0.382637 0.0105755
345 0.580617 0.385693 0.0107294
346 0.580617 0.384488 0.0100971
347 0.580617 0.388576 0.011436
348 0.580617 0.380827 0.0120721
349 0.580617 0.370526 0.0114769
350 0.580617 0.381762 0.0117704
351 0.580617 0.374056 0.011986
352 0.580617 0.37456 0.0113439
353 0.580617 0.382538 0.0119819
354 0.580617 0.368713 0.0111289
355 0.580617 0.358493 0.0113412
356 0.580617 0.355549 0.0118158
357 0.580617 0.362768 0.0115612
358 0.58281 0.370737 0.0118603
359 0.58281 0.369414 0.0112915
360 0.58281 0.383453 0.0114348
361 0.58281 0.378515 0.0122984
362 0.58281 0.366499 0.0120258
363 0.58281 0.36668 0.0118765
364 0.58281 0.380913 0.0114654
365 0.58281 0.371746 0.0113244
366 0.58281 0.373916 0.0114623
367 0.58281 0.374779 0.0115765
368 0.58281 0.368781 0.0106828
369 0.58281 0.366076 0.0102775
370 0.58281 0.365218 0.0105921
371 0.58281 0.364735 0.0113284
372 0.58281 0.365173 0.0107043
373 0.58281 0.35142 0.0107848
374 0.58281 0.360009 0.0107986
375 0.58281 0.368096 0.0108388
376 0.588519 0.367899 0.01152
377 0.588519 0.380845 0.0111076
378 0.588519 0.377718 0.0109844
379 0.590337 0.379819 0.0122946
380 0.591219 0.377811 0.0119025
381 0.591219 0.384408 0.011832
382 0.591219 0.375151 0.012089
383 0.591219 0.38506 0.0117754
384 0.591219 0.401757 0.0115228
385 0.591219 0.385743 0.0101519
386 0.591219 0.383083 0.00948241
387 0.591219 0.383323 0.0107434
388 0.591219 0.378787 0.0103904
389 0.591219 0.385341 0.0107525
390 0.591219 0.372934 0.0101975
391 0.591219 0.376209 0.0109629
392 0.591219 0.388443 0.0118646
393 0.591219 0.375444 0.0100789
394 0.591219 0.381898 0.0108317
395 0.591219 0.392814 0.0118665
396 0.591219 0.387435 0.0111395
397 0.591219 0.389555 0.00968722
398 0.591219 0.40799 0.0106033
399 0.591219 0.404872 0.0112494
400 0.591219 0.390488 0.00996698
401 0.591219 0.396705 0.0107984
402 0.591219 0.398495 0.00932196
403 0.591219 0.412431 0.00992099
404 0.591219 0.40491 0.0108542
405 0.591219 0.404439 0.00960729
406 0.591219 0.403282 0.0107428
407 0.591219 0.39347 0.010914
408 0.591219 0.394219 0.0105796
409 0.591219 0.394514 0.0117397
410 0.591219 0.389477 0.010723
411 0.591219 0.391469 0.0126181
412 0.591219 0.391895 0.0114283
413 0.591219 0.399532 0.0115742
414 0.591219 0.38668 0.0115356
415 0.591219 0.382499 0.0107907
416 0.591219 0.382885 0.0112246
417 0.591219 0.377783 0.0107436
418 0.591219 0.367963 0.0106514
419 0.591219 0.36096 0.0110299
420 0.591219 0.356051 0.0104704
421 0.591219 0.362887 0.0105952
422 0.591219 0.364546 0.0122061
423 0.591219 0.377436 0.0119289
424 0.591219 0.372257 0.0116431
425 0.591219 0.364303 0.0109897
426 0.591219 0.364832 0.0117879
427 0.591219 0.370617 0.0116411
428 0.591219 0.356719 0.0119199
429 0.591219 0.361948 0.0113102
430 0.591219 0.365199 0.0111859
431 0.591219 0.354299 0.010602
432 0.594872 0.358196 0.0115837
433 0.594872 0.364674 0.0115782
434 0.594872 0.378165 0.0124249
435 0.594872 0.380818 0.0129734
436 0.594872 0.374065 0.0123113
437 0.594872 0.38706 0.0129896
438 0.594872 0.393377 0.0116564
439 0.594872 0.377432 0.0112072
440 0.594872 0.385831 0.0131957
441 0.594872 0.388148 0.0136511
442 0.594872 0.383113 0.0131245
443 0.594872 0.383973 0.0126856
444 0.594872 0.377842 0.0114576
445 0.594872 0.38727 0.0114106
446 0.594872 0.385943 0.0108872
447 0.594872 0.393356 0.0110504
448 0.594872 0.386408 0.0115848
449 0.594872 0.391555 0.0110417
450 0.594872 0.39826 0.00957504
451 0.594872 0.410015 0.0125436
452 0.594872 0.402477 0.0119467
453 0.594872 0.400308 0.0111555
454 0.594872 0.399561 0.0102754
455 0.594872 0.395844 0.0104294
456 0.594872 0.393495 0.0115392
457 0.594872 0.414828 0.011618
458 0.594872 0.399811 0.0121763
459 0.594872 0.390605 0.0108875
460 0.594872 0.397395 0.0113875
461 0.594872 0.38514 0.010427
462 0.594872 0.385832 0.0115344
463 0.599933 0.375079 0.0121212
464 0.599933 0.375146 0.0120793
465 0.599933 0.377674 0.0135789
466 0.599933 0.378495 0.0119542
467 0.599933 0.378722 0.0115816
468 0.599933 0.376306 0.0104898
469 0.599933 0.38916 0.0116483
470 0.599933 0.369766 0.0110152
471 0.603813 0.38505 0.0118231
472 0.603813 0.364539 0.0109717
473 0.603813 0.370423 0.0104525
474 0.606929 0.372068 0.010737
475 0.60718 0.382618 0.0122171
476 0.60718 0.380399 0.0121377
477 0.60718 0.391156 0.0137898
478 0.60718 0.388536 0.0116972
479 0.60718 0.413983 0.0111222
480 0.60718 0.405042 0.0109504
481 0.60718 0.396284 0.0110218
482 0.60718 0.39548 0.0112197
483 0.60718 0.391852 0.0107314
484 0.60718 0.389771 0.0103211
485 0.60718 0.389153 0.0116138
486 0.60718 0.379796 0.0117974
487 0.60718 0.382885 0.0114077
488 0.611293 0.395518 0.0122788
489 0.611293 0.38508 0.0129594
490 0.611293 0.386023 0.0139742
491 0.611293 0.382867 0.0126227
492 0.611293 0.389166 0.0123346
493 0.611293 0.387899 0.0111658
494 0.611293 0.399845 0.0133769
495 0.611293 0.386745 0.0125507
496 0.611293 0.386273 0.012997
497 0.611293 0.392725 0.0127395
498 0.611293 0.405028 0.0126994
499 0.611293 0.416139 0.0126902
500 0.611293 0.395161 0.0112697
501 0.611293 0.381376 0.0116824
502 0.611293 0.378545 0.0122864
503 0.611293 0.382776 0.0122849
504 0.611293 0.389388 0.0122684
505 0.611293 0.395153 0.0124015
506 0.614091 0.395528 0.0118845
507 0.614091 0.392077 0.0116063
508 0.614091 0.381947 0.0116951
509 0.619208 0.388846 0.0126703
510 0.619208 0.37361 0.0123858
511 0.619208 0.366494 0.0118022
512 0.619208 0.375776 0.0119237
513 0.619208 0.382245 0.0113277
514 0.619208 0.377013 0.0112775
515 0.619208 0.377754 0.0115834
516 0.619208 0.400455 0.0118983
517 0.619208 0.37259 0.0114026
518 0.619208 0.372822 0.010564
519 0.619208 0.391336 0.0115413
520 0.619208 0.377089 0.0107741
521 0.619208 0.388763 0.0119395
522 0.619208 0.373944 0.0107291
523 0.619208 0.397735 0.0130311
524 0.619208 0.396624 0.0126864
525 0.619208 0.410968 0.0123221
526 0.619208 0.416263 0.0121222
527 0.619208 0.418979 0.0120346
528 0.619208 0.423841 0.0109861
529 0.619208 0.412528 0.0116193
530 0.619208 0.412256 0.010795
531 0.619208 0.417432 0.0113672
532 0.619208 0.419473 0.0108979
533 0.619208 0.426454 0.0117147
534 0.619208 0.417972 0.0114889
535 0.619208 0.399477 0.0111964
536 0.619208 0.402064 0.0106936
537 0.619208 0.405485 0.0110955
538 0.619208 0.402629 0.0118816
539 0.619208 0.412083 0.0101898
540 0.619208 0.412412 0.0124133
541 0.619208 0.41249 0.0128327
542 0.619208 0.392031 0.01319
543 0.619208 0.376924 0.0120957
544 0.619208 0.375937 0.0118167
545 0.619208 0.390924 0.0138846
546 0.619208 0.390851 0.0137973
547 0.619208 0.392043 0.0111847
548 0.619208 0.398469 0.0126176
549 0.619208 0.387221 0.0116455
550 0.619208 0.388659 0.0118488
551 0.619208 0.385144 0.0144414
552 0.619208 0.387096 0.013244
553 0.619208 0.384939 0.012246
554 0.619208 0.380326 0.0121025
555 0.619208 0.377879 0.0130205
556 0.619208 0.371512 0.0122645
557 0.619208 0.371667 0.0124234
558 0.619208 0.38313 0.0131293
559 0.619208 0.371613 0.0116171
560 0.619208 0.386227 0.0117709
561 0.619208 0.395477 0.0116778
562 0.619208 0.394216 0.0122227
563 0.619208 0.38575 0.0100518
564 0.619208 0.383339 0.0114508
565 0.619208 0.377087 0.0112634
566 0.619208 0.376818 0.0107471
567 0.619208 0.378182 0.0114072
568 0.619208 0.371033 0.0116354
569 0.619208 0.378105 0.0126364
570 0.619208 0.385745 0.0120843
571 0.619208 0.39158 0.0123735
572 0.619208 0.398249 0.0117022
573 0.619208 0.397115 0.0120952
574 0.619208 0.384557 0.0121178
575 0.619208 0.387298 0.0131468
576 0.619208 0.389702 0.0141355
577 0.619208 0.397859 0.0118986
578 0.619208 0.390218 0.0125572
579 0.619208 0.386415 0.0130843
580 0.619208 0.388508 0.0132095
581 0.619208 0.396817 0.0134541
582 0.619208 0.385214 0.012426
583 0.619208 0.384608 0.0142562
584 0.619559 0.379703 0.0123061
585 0.619926 0.385539 0.0113228
586 0.619926 0.389626 0.0116889
587 0.619926 0.388181 0.0108014
588 0.619926 0.396491 0.0122954
589 0.619926 0.404128 0.0141248
590 0.619926 0.392512 0.0136866
591 0.619926 0.396366 0.0133965
592 0.619926 0.405963 0.0117733
593 0.619926 0.403331 0.0126633
594 0.619926 0.392853 0.0138451
595 0.619926 0.389885 0.0132574
596 0.619926 0.397923 0.0144623
597 0.619926 0.386666 0.0132178
598 0.619926 0.375347 0.0125895
599 0.619926 0.381366 0.0138699
600 0.619926 0.383953 0.013013
601 0.619926 0.375933 0.0116658
602 0.619926 0.370932 0.0112187
603 0.619926 0.37647 0.0117776
604 0.619926 0.379842 0.0120326
605 0.62088 0.383835 0.0125455
606 0.62088 0.395889 0.0123289
607 0.62088 0.395872 0.0120259
608 0.62088 0.401435 0.0108983
609 0.62088 0.398952 0.0118875
610 0.62088 0.395217 0.0114989
611 0.62088 0.404525 0.0122831
612 0.62088 0.408919 0.0118249
613 0.62088 0.401875 0.0108852
614 0.62088 0.397295 0.0126315
615 0.62088 0.39853 0.0115297
616 0.62088 0.405377 0.0121175
617 0.62088 0.398123 0.0122348
618 0.62088 0.399674 0.012691
619 0.62088 0.399301 0.012534
620 0.62088 0.397035 0.0123329
621 0.62088 0.39759 0.0123993
622 0.62088 0.387255 0.0107856
623 0.62088 0.392417 0.0124138
624 0.62088 0.403509 0.0117589
625 0.62088 0.398028 0.0131993
626 0.62088 0.403236 0.0120278
627 0.62088 0.379007 0.010484
628 0.62088 0.382803 0.0118167
629 0.62088 0.388248 0.0122535
630 0.62088 0.390604 0.0109289
631 0.62088 0.394545 0.0111579
632 0.62088 0.4034 0.0125401
633 0.62088 0.390487 0.0120499
634 0.62088 0.370635 0.0117877
635 0.62088 0.374225 0.0111962
636 0.62088 0.381139 0.011871
637 0.62088 0.385756 0.0113301
638 0.62088 0.378557 0.0105824
639 0.62088 0.386447 0.0111752
640 0.62088 0.380253 0.0109573
641 0.62088 0.386043 0.012159
642 0.62088 0.378788 0.0111352
643 0.62088 0.386884 0.0128173
644 0.62088 0.387449 0.0127126
645 0.62088 0.380809 0.0134403
646 0.62088 0.378099 0.0142253
647 0.62088 0.383979 0.013506
648 0.62088 0.380666 0.0134776
649 0.62088 0.358843 0.0137203
650 0.62088 0.369605 0.0128638
651 0.62088 0.374505 0.0119101
652 0.62088 0.375419 0.0131183
653 0.62088 0.366133 0.0132734
654 0.62088 0.384914 0.0142077
655 0.62088 0.373349 0.0124876
656 0.62088 0.381869 0.0134844
657 0.62088 0.371641 0.0123679
658 0.62088 0.385465 0.0138028
659 0.62088 0.390455 0.013377
660 0.62088 0.39466 0.0124298
661 0.62088 0.383215 0.0116566
662 0.62088 0.377372 0.0111476
663 0.62088 0.389908 0.0103314
664 0.62088 0.367839 0.00953536
665 0.62088 0.36512 0.0101265
666 0.62088 0.373306 0.0112917
667 0.62088 0.388383 0.0115135
668 0.62088 0.383223 0.0122029
669 0.62088 0.362863 0.012684
670 0.62088 0.396982 0.0141295
671 0.62088 0.396054 0.0144732
672 0.62088 0.393881 0.0134341
673 0.62088 0.384015 0.0121083
674 0.62088 0.379597 0.012417
675 0.62088 0.395893 0.0124886
676 0.62088 0.401554 0.0124494
677 0.62088 0.408498 0.0106996
678 0.62088 0.402301 0.0100716
679 0.62088 0.398398 0.0107672
680 0.62088 0.401424 0.00997015
681 0.62088 0.410333 0.0113118
682 0.62088 0.403505 0.0115255
683 0.62088 0.401464 0.0118501
684 0.62088 0.400042 0.0121128
685 0.62088 0.395148 0.0131143
686 0.62088 0.395373 0.0125728
687 0.62088 0.398646 0.0130005
688 0.62088 0.384462 0.0125888
689 0.62088 0.366725 0.0127359
690 0.62088 0.374307 0.012519
691 0.62088 0.38879 0.013906
692 0.62088 0.38302 0.0130294
693 0.62088 0.383024 0.013102
694 0.62088 0.37736 0.012912
695 0.62088 0.384994 0.0141493
696 0.62088 0.395081 0.0126914
697 0.62088 0.387235 0.0145961
698 0.62088 0.390958 0.0128049
699 0.62088 0.388081 0.0135641
700 0.62088 0.385658 0.0134886
701 0.62088 0.389915 0.0126487
702 0.62088 0.38713 0.0137484
703 0.62088 0.393896 0.0139532
704 0.62088 0.397097 0.014373
705 0.62088 0.388668 0.0130414
706 0.62088 0.392121 0.0135963
707 0.621252 0.383211 0.0147086
708 0.621252 0.396985 0.0130156
709 0.621252 0.394189 0.0135071
710 0.621252 0.388672 0.0111727
711 0.621252 0.387904 0.0117608
712 0.621252 0.402518 0.0125715
713 0.621252 0.407126 0.0125351
714 0.621252 0.414161 0.0124228
715 0.621252 0.420044 0.0120914
716 0.621252 0.426885 0.0106219
717 0.621252 0.431343 0.0112118
718 0.621252 0.433397 0.0111273
719 0.621252 0.434598 0.0113625
720 0.621252 0.424704 0.0110776
721 0.621252 0.414652 0.0112773
722 0.621252 0.429791 0.0100352
723 0.621252 0.424255 0.00993004
724 0.621252 0.416994 0.0107828
725 0.621252 0.41733 0.011667
726 0.621252 0.418451 0.0117161
727 0.621252 0.416228 0.0116039
728 0.621252 0.401697 0.0128087
729 0.621252 0.39596 0.012257
730 0.621252 0.400238 0.0120659
731 0.621252 0.407772 0.0132061
732 0.621252 0.400367 0.0114694
733 0.621252 0.405556 0.0120751
734 0.621252 0.397046 0.0109804
735 0.621252 0.391152 0.0125977
736 0.621252 0.370272 0.0115886
737 0.621252 0.374897 0.0115152
738 0.621252 0.376349 0.0121201
739 0.621252 0.377622 0.012208
740 0.621252 0.380053 0.0102047
741 0.621252 0.379233 0.010692
742 0.621252 0.392254 0.0120459
743 0.621252 0.388355 0.0115614
744 0.621252 0.421143 0.0139683
745 0.621252 0.408644 0.0140482
746 0.621252 0.412212 0.0119885
747 0.621252 0.400224 0.0117455
748 0.621252 0.398709 0.0129186
749 0.621252 0.385976 0.0126818
750 0.621252 0.380383 0.0126489
751 0.621252 0.389572 0.0126923
752 0.621252 0.402773 0.0127131
753 0.621252 0.40349 0.0131917
754 0.621252 0.394357 0.0127915
755 0.621252 0.411059 0.0110351
756 0.621252 0.404366 0.011904
757 0.621252 0.407775 0.0112829
758 0.621252 0.407513 0.0104467
759 0.621252 0.388126 0.0117293
760 0.621252 0.38102 0.0104011
761 0.621252 0.38416 0.0105248
762 0.621252 0.382774 0.0124294
763 0.621252 0.385445 0.0130138
764 0.621252 0.395172 0.0124942
765 0.621252 0.387781 0.0128318
766 0.621252 0.376918 0.0116561
767 0.621252 0.364203 0.0124588
768 0.621252 0.345586 0.00985304
769 0.621252 0.347427 0.0107698
770 0.621252 0.361175 0.0118484
771 0.621252 0.364593 0.0115604
772 0.621252 0.370958 0.0127359
773 0.621252 0.39891 0.0122229
774 0.621252 0.394356 0.0118395
775 0.621252 0.367963 0.0107358
776 0.621252 0.361153 0.0121171
777 0.621252 0.361709 0.0112193
778 0.621252 0.357614 0.0109067
779 0.621252 0.368224 0.0120579
780 0.621252 0.376261 0.0114774
781 0.621252 0.372464 0.0105914
782 0.621252 0.367054 0.0098367
783 0.621252 0.370982 0.0104752
784 0.621252 0.384134 0.0108557
785 0.621252 0.394801 0.0114979
786 0.621252 0.388288 0.0125966
787 0.621252 0.394569 0.0128391
788 0.621252 0.390767 0.0112978
789 0.621252 0.385666 0.0104023
790 0.621252 0.388421 0.0118817
791 0.621252 0.380479 0.0116534
792 0.621252 0.394813 0.0120902
793 0.621252 0.382383 0.0113918
794 0.621252 0.392982 0.0134411
795 0.621252 0.388433 0.0121222
796 0.621252 0.391162 0.0128019
797 0.621252 0.396697 0.0134735
798 0.621252 0.375534 0.01196
799 0.621252 0.371256 0.0107848
800 0.621252 0.385954 0.013445
801 0.621252 0.383065 0.012784
802 0.621252 0.371519 0.012119
803 0.62286 0.381951 0.0125209
804 0.62286 0.389292 0.0126426
805 0.62286 0.384389 0.0128068
806 0.62286 0.390294 0.0133815
807 0.62286 0.384299 0.0145265
808 0.62286 0.393024 0.0144928
809 0.62286 0.390654 0.013259
810 0.62286 0.392876 0.0122257
811 0.62286 0.401796 0.0143423
812 0.62286 0.396196 0.0127788
813 0.62286 0.396642 0.0124912
814 0.62286 0.389124 0.0121051
815 0.62286 0.378841 0.0137269
816 0.62286 0.383782 0.0133721
817 0.62286 0.398367 0.0150649
818 0.62286 0.382486 0.0144776
819 0.62286 0.372297 0.012691
820 0.62286 0.382257 0.0133662
821 0.62286 0.382617 0.0134823
822 0.62286 0.376729 0.0129241
823 0.62286 0.366107 0.0114581
824 0.62286 0.375156 0.0126805
825 0.62286 0.373887 0.0132768
826 0.62286 0.384314 0.0139529
827 0.62286 0.375687 0.0127425
828 0.62286 0.363965 0.0111309
829 0.62286 0.367782 0.0116263
830 0.62286 0.364056 0.0123294
831 0.62286 0.366765 0.0104198
832 0.62286 0.384666 0.0133632
833 0.62286 0.397354 0.0127897
834 0.62286 0.400811 0.0127072
835 0.62286 0.403817 0.0125205
836 0.62286 0.412854 0.0111508
837 0.62286 0.403536 0.0129544
838 0.62286 0.396775 0.0135903
839 0.62286 0.399807 0.0109764
840 0.62286 0.393792 0.0116908
841 0.62286 0.39078 0.0110336
842 0.62286 0.390549 0.0138008
843 0.62286 0.385099 0.0129898
844 0.62286 0.380874 0.0151196
845 0.62286 0.3821 0.0143556
846 0.62286 0.38081 0.0138564
847 0.62286 0.386534 0.0137028
848 0.62286 0.371897 0.010653
849 0.62286 0.378641 0.0118391
850 0.62286 0.383934 0.0119256
851 0.62286 0.39237 0.0121889
852 0.62286 0.405474 0.0128002
853 0.62286 0.400067 0.0133719
854 0.62286 0.398839 0.0114595
855 0.62286 0.40462 0.0120486
856 0.62286 0.402994 0.0105051
857 0.62286 0.40062 0.0128829
858 0.62286 0.382851 0.0119794
859 0.62286 0.373601 0.0119933
860 0.62286 0.385677 0.0124195
861 0.62286 0.377553 0.0127751
862 0.62286 0.397133 0.01282
863 0.62286 0.380599 0.0111858
864 0.62286 0.377524 0.0122121
865 0.62286 0.385172 0.0132042
866 0.624475 0.390644 0.0142114
867 0.624475 0.390884 0.0148362
868 0.624475 0.377976 0.0123013
869 0.624475 0.389425 0.0135416
870 0.624475 0.383947 0.012435
871 0.624475 0.377875 0.0117457
872 0.624475 0.397712 0.0121836
873 0.624475 0.389823 0.012608
874 0.624475 0.370676 0.012481
875 0.624475 0.380542 0.0127216
876 0.624475 0.38524 0.0138777
877 0.624475 0.396363 0.0152079
878 0.624475 0.383601 0.0137921
879 0.624475 0.39023 0.0140852
880 0.624475 0.387838 0.0112646
881 0.624475 0.389704 0.0124501
882 0.624475 0.405534 0.0126565
883 0.624475 0.393523 0.012924
884 0.624475 0.387966 0.011674
885 0.624475 0.387483 0.0121141
886 0.624475 0.391237 0.0125597
887 0.624475 0.394492 0.0141072
888 0.624475 0.391911 0.014112
889 0.624475 0.393513 0.0126677
890 0.624475 0.394067 0.0123792
891 0.624475 0.38259 0.012121
892 0.624475 0.385829 0.0137618
893 0.624475 0.398488 0.0125398
894 0.624475 0.389719 0.011526
895 0.624475 0.398498 0.0115672
896 0.624475 0.399631 0.0115411
897 0.624475 0.406725 0.0111801
898 0.624475 0.408867 0.0124634
899 0.624475 0.392597 0.0121296
900 0.624475 0.386749 0.0124993
901 0.624475 0.37524 0.0114468
902 0.624475 0.352823 0.0111317
903 0.624475 0.36859 0.0120369
904 0.624475 0.366229 0.0121718
905 0.624475 0.371451 0.0132835
906 0.624475 0.362764 0.0138403
907 0.624475 0.358453 0.0129454
908 0.624475 0.362508 0.0142846
909 0.624475 0.367151 0.0129228
910 0.624475 0.375262 0.012128
911 0.624475 0.378713 0.0123636
912 0.624475 0.373182 0.0129841
913 0.624475 0.391627 0.0139379
914 0.624475 0.395897 0.0145078
915 0.624475 0.393885 0.0133574
916 0.624475 0.406972 0.013646
917 0.624475 0.408171 0.0154054
918 0.624475 0.422034 0.0142748
919 0.624475 0.409401 0.0129562
920 0.624475 0.404965 0.0131409
921 0.624475 0.409711 0.0122028
922 0.624475 0.412637 0.0123561
923 0.624475 0.413613 0.0141806
924 0.624475 0.409552 0.0132514
925 0.624475 0.405966 0.0127471
926 0.624475 0.400774 0.0110099
927 0.625562 0.401738 0.0122684
928 0.625562 0.389657 0.0129979
929 0.626001 0.391656 0.0157518
930 0.626001 0.394196 0.01388
931 0.626001 0.409192 0.0117671
932 0.626001 0.391101 0.0112346
933 0.626001 0.405298 0.0147375
934 0.626001 0.371366 0.0118201
935 0.626001 0.373176 0.0120233
936 0.626001 0.380762 0.0115749
937 0.626001 0.366861 0.0105993
938 0.627072 0.369802 0.0137842
939 0.627072 0.372447 0.0150434
940 0.627072 0.370502 0.0148816
941 0.627072 0.378413 0.0139897
942 0.627072 0.391429 0.0139077
943 0.627072 0.385304 0.0130302
944 0.627072 0.391983 0.0124938
945 0.627072 0.37536 0.0113119
946 0.627072 0.385942 0.01324
947 0.627072 0.371648 0.0137063
948 0.627072 0.374407 0.0121536
949 0.627072 0.380002 0.0122163
950 0.627072 0.377521 0.0143658
951 0.627072 0.360843 0.0129884
952 0.627072 0.366457 0.0144321
953 0.627072 0.360202 0.012413
954 0.627072 0.377255 0.0142277
955 0.627072 0.365545 0.0134678
956 0.627072 0.380627 0.013735
957 0.627072 0.394559 0.0139589
958 0.627072 0.398659 0.0143308
959 0.627072 0.395889 0.0123733
960 0.627072 0.408925 0.0114805
961 0.627072 0.401901 0.0122576
962 0.627072 0.395095 0.0117035
963 0.627072 0.396608 0.0105412
964 0.627072 0.402645 0.0110578
965 0.627072 0.40627 0.0106366
966 0.627072 0.393669 0.0101132
967 0.627072 0.405726 0.0123904
968 0.627072 0.411553 0.0133106
969 0.627072 0.406975 0.0135405
970 0.627072 0.411081 0.0132349
971 0.627072 0.401529 0.0135938
972 0.627072 0.391645 0.0123047
973 0.627072 0.384022 0.0127404
974 0.627072 0.377661 0.0118768
975 0.627072 0.381343 0.0120912
976 0.627072 0.383849 0.011628
977 0.627072 0.369605 0.0104669
978 0.627072 0.369313 0.0120463
979 0.627072 0.373243 0.0115456
980 0.627072 0.368789 0.0116612
981 0.627072 0.372015 0.0124519
982 0.627072 0.382406 0.0131047
983 0.627072 0.376175 0.0130863
984 0.627072 0.378444 0.0117694
985 0.627072 0.381603 0.0125058
986 0.627072 0.383126 0.013035
987 0.627072 0.386362 0.0133482
988 0.627072 0.378877 0.0123304
989 0.627072 0.365958 0.0121542
990 0.627072 0.377649 0.0139057
991 0.627072 0.377948 0.0120805
992 0.627072 0.386861 0.0117293
993 0.627072 0.369956 0.0119779
994 0.627072 0.381293 0.0113954
995 0.627072 0.378932 0.0127775
996 0.627072 0.384138 0.0124442
997 0.627072 0.385908 0.0118562
998 0.627072 0.380949 0.0113892
999 0.627072 0.379221 0.0129054
1000 0.627072 0.374741 0.0116775
