0 0.45632 0.256002 0.000737227
1 0.465794 0.260004 0.00141771
2 0.533866 0.2682 0.00270435
3 0.533866 0.276204 0.0041996
4 0.589865 0.28323 0.00657096
5 0.589865 0.291342 0.00793226
6 0.589865 0.292091 0.00826713
7 0.589865 0.295379 0.0109778
8 0.589865 0.294808 0.0106172
9 0.589865 0.29774 0.0143376
10 0.589865 0.30382 0.0137957
11 0.613938 0.315804 0.0189651
12 0.613938 0.329397 0.0185086
13 0.613938 0.321124 0.022098
14 0.613938 0.326117 0.0236402
15 0.613938 0.340758 0.0222851
16 0.634042 0.343618 0.0228864
17 0.634042 0.339756 0.0248205
18 0.652292 0.344934 0.0230317
19 0.652292 0.332964 0.0217785
20 0.652292 0.367814 0.0238673
21 0.652292 0.382632 0.0273963
22 0.652292 0.377374 0.0245878
23 0.654922 0.395505 0.0244978
24 0.654922 0.400245 0.0247893
25 0.654922 0.411066 0.0231155
26 0.656609 0.411962 0.0248687
27 0.656609 0.405881 0.0247144
28 0.656609 0.42094 0.0241832
29 0.656609 0.419275 0.0224658
30 0.656609 0.434525 0.0239311
31 0.657085 0.469488 0.0176031
32 0.657085 0.458942 0.0192315
33 0.657085 0.458664 0.0211315
34 0.658273 0.455253 0.0225429
35 0.658273 0.463915 0.0203768
36 0.658273 0.451164 0.0207801
37 0.658273 0.454329 0.0249427
38 0.659951 0.470989 0.0207821
39 0.659951 0.455602 0.0216694
40 0.659951 0.476239 0.0210473
41 0.659951 0.464023 0.020669
42 0.659951 0.456144 0.0216942
43 0.659951 0.47454 0.0212984
44 0.661634 0.465628 0.0230333
45 0.661634 0.471062 0.0205048
46 0.661634 0.492527 0.0190398
47 0.662228 0.493192 0.0193412
48 0.662228 0.479424 0.0232193
49 0.662228 0.485658 0.0214872
50 0.66937 0.505348 0.0178142
51 0.66937 0.486299 0.0202199
52 0.670639 0.492979 0.0186601
53 0.670639 0.484825 0.0207153
54 0.670639 0.493937 0.0240115
55 0.670639 0.517876 0.015809
56 0.670639 0.52906 0.0168769
57 0.680608 0.53155 0.0157015
58 0.680608 0.516619 0.0159037
59 0.680608 0.523493 0.0167459
60 0.680608 0.526248 0.0132912
61 0.680608 0.530788 0.0120729
62 0.680608 0.534228 0.0114277
63 0.680608 0.526964 0.0143858
64 0.680608 0.536177 0.0143661
65 0.680608 0.534299 0.0137679
66 0.68847 0.531137 0.0185113
67 0.689855 0.550753 0.0126811
68 0.689855 0.552136 0.0140618
69 0.689855 0.533782 0.0117025
70 0.689855 0.529374 0.0127779
71 0.689855 0.547465 0.0123731
72 0.689855 0.547614 0.0112131
73 0.691153 0.534466 0.0142284
74 0.691153 0.519888 0.0172871
75 0.691153 0.502866 0.0184259
76 0.696724 0.50715 0.0214464
77 0.696724 0.533901 0.0141865
78 0.696724 0.525735 0.0132685
79 0.696724 0.528731 0.0152085
80 0.696724 0.53365 0.0146233
81 0.696724 0.536567 0.0125153
82 0.696724 0.533637 0.012265
83 0.700484 0.547428 0.011922
84 0.700484 0.544121 0.0119568
85 0.700484 0.554613 0.0117694
86 0.700484 0.554936 0.00958601
87 0.700484 0.532866 0.0141745
88 0.700484 0.524116 0.0185393
89 0.700484 0.521692 0.0176482
90 0.700484 0.540158 0.0126476
91 0.700484 0.541368 0.0156237
92 0.701017 0.549234 0.0134251
93 0.701017 0.545469 0.0146696
94 0.701017 0.537204 0.0157227
95 0.701017 0.543508 0.016082
96 0.701017 0.530492 0.0178332
97 0.701017 0.519865 0.0176712
98 0.701017 0.532872 0.0173444
99 0.701017 0.525815 0.0164339
100 0.70484 0.548886 0.0134071
101 0.70484 0.552949 0.0163055
102 0.708501 0.542703 0.0197794
103 0.709459 0.570085 0.0145648
104 0.709459 0.55946 0.01827
105 0.709459 0.566395 0.0138246
106 0.709459 0.571746 0.014605
107 0.709459 0.5745 0.0120489
108 0.709459 0.571063 0.0139148
109 0.709459 0.577874 0.0115824
110 0.709459 0.583995 0.0101783
111 0.709459 0.577622 0.00949557
112 0.709459 0.586511 0.0103302
113 0.709459 0.558255 0.0150219
114 0.709459 0.546501 0.0184606
115 0.709459 0.53543 0.0190238
116 0.716239 0.544005 0.0182827
117 0.716239 0.53081 0.0234397
118 0.716239 0.527078 0.0198215
119 0.716239 0.555912 0.0161866
120 0.716239 0.542591 0.0170477
121 0.716239 0.558766 0.0124952
122 0.716239 0.5631 0.0134723
123 0.716239 0.569548 0.0129535
124 0.716239 0.588473 0.010777
125 0.716239 0.578228 0.0104279
126 0.716239 0.569786 0.0109515
127 0.716239 0.572908 0.0119337
128 0.716239 0.56074 0.0151849
129 0.716239 0.566541 0.0113661
130 0.716239 0.558649 0.0112805
131 0.716239 0.565411 0.0104072
132 0.716239 0.549907 0.0130079
133 0.716239 0.556648 0.0155761
134 0.716239 0.567765 0.0149466
135 0.716239 0.551364 0.0151274
136 0.716239 0.535409 0.0177752
137 0.716239 0.523666 0.019339
138 0.716239 0.549127 0.0172013
139 0.71822 0.565163 0.0123689
140 0.71822 0.548267 0.0157208
141 0.723213 0.547002 0.0160696
142 0.723213 0.537243 0.0211646
143 0.723213 0.54143 0.0198313
144 0.723213 0.538902 0.0183117
145 0.723213 0.568159 0.016471
146 0.723213 0.561999 0.0166005
147 0.723213 0.567171 0.0143883
148 0.723213 0.572204 0.0114057
149 0.723213 0.542148 0.0154946
150 0.723213 0.511777 0.0177627
151 0.723213 0.538311 0.0155714
152 0.723213 0.539206 0.0178109
153 0.723213 0.53122 0.022057
154 0.723213 0.528263 0.0212082
155 0.723213 0.523457 0.0169956
156 0.723213 0.528009 0.0204092
157 0.72951 0.52167 0.0194049
158 0.72951 0.525536 0.0194158
159 0.72951 0.508287 0.0218964
160 0.72951 0.5065 0.0258504
161 0.72951 0.516656 0.0179032
162 0.72951 0.515532 0.0192383
163 0.72951 0.507949 0.0173967
164 0.72951 0.510034 0.017239
165 0.72951 0.5181 0.0181785
166 0.72951 0.540239 0.0182821
167 0.72951 0.528307 0.0171262
168 0.72951 0.528374 0.0220236
169 0.72951 0.523309 0.0215026
170 0.72951 0.511314 0.0220105
171 0.72951 0.508124 0.0211271
172 0.72951 0.506572 0.0216
173 0.732167 0.51479 0.0240926
174 0.732167 0.510021 0.0211128
175 0.732167 0.527026 0.0192712
176 0.732167 0.528702 0.0196451
177 0.732167 0.52069 0.0172491
178 0.732167 0.539301 0.0174908
179 0.732167 0.530428 0.0182351
180 0.732167 0.53744 0.0164898
181 0.732167 0.533939 0.0191591
182 0.732167 0.528536 0.0171414
183 0.732167 0.553106 0.0152554
184 0.733091 0.535785 0.0191797
185 0.733091 0.53595 0.0164492
186 0.733091 0.537365 0.0168082
187 0.733091 0.524997 0.0173495
188 0.733091 0.547553 0.017473
189 0.733091 0.556752 0.0172201
190 0.733091 0.553049 0.0165142
191 0.733091 0.542818 0.0179343
192 0.733091 0.54746 0.0172684
193 0.733091 0.54082 0.0185454
194 0.733091 0.536804 0.0177123
195 0.733091 0.541879 0.0187812
196 0.733091 0.534785 0.0164988
197 0.733091 0.546837 0.0192544
198 0.733091 0.530229 0.0204493
199 0.733091 0.518854 0.0214679
200 0.733091 0.521762 0.0175046
201 0.7381 0.55578 0.0182784
202 0.7381 0.542488 0.0188142
203 0.7381 0.534844 0.0201764
204 0.7381 0.536686 0.0205721
205 0.7381 0.553267 0.0189913
206 0.7381 0.578432 0.0158569
207 0.7381 0.543904 0.017053
208 0.7381 0.569773 0.0134258
209 0.7381 0.562806 0.0139224
210 0.7381 0.535539 0.0163364
211 0.7381 0.544894 0.016491
212 0.7381 0.533931 0.0184365
213 0.7381 0.541883 0.0187644
214 0.7381 0.531601 0.020551
215 0.7381 0.52091 0.0177317
216 0.7381 0.526461 0.0203348
217 0.7381 0.544276 0.0183779
218 0.7381 0.528322 0.0192761
219 0.7381 0.517427 0.021255
220 0.7381 0.528108 0.0207523
221 0.7381 0.526633 0.0201309
222 0.7381 0.535428 0.0175476
223 0.7381 0.531479 0.0150294
224 0.7381 0.544566 0.0154855
225 0.7381 0.536622 0.0161026
226 0.7381 0.523402 0.0173948
227 0.7381 0.525524 0.0187042
228 0.7381 0.545408 0.0177293
229 0.7381 0.552444 0.0172711
230 0.7381 0.520559 0.0176221
231 0.7381 0.520542 0.0196362
232 0.7381 0.531611 0.0189858
233 0.7381 0.532276 0.0193982
234 0.7381 0.523693 0.0218277
235 0.7381 0.517804 0.0189815
236 0.7381 0.532425 0.015393
237 0.7381 0.534195 0.0199679
238 0.7381 0.548856 0.0205158
239 0.7381 0.546712 0.0173289
240 0.7381 0.516552 0.0184653
241 0.7381 0.509295 0.0192625
242 0.7381 0.504877 0.0198619
243 0.7381 0.512094 0.0219
244 0.7381 0.52847 0.0232817
245 0.7381 0.52501 0.0188643
246 0.7381 0.529528 0.0215337
247 0.7381 0.536538 0.018661
248 0.7381 0.53599 0.0191188
249 0.74075 0.540211 0.0227214
250 0.74075 0.548007 0.0198074
251 0.74075 0.521784 0.0182195
252 0.74075 0.540862 0.0176713
253 0.74075 0.518712 0.019836
254 0.74075 0.508975 0.0258922
255 0.74075 0.517831 0.0229726
256 0.74075 0.531578 0.0220921
257 0.74075 0.536489 0.019885
258 0.74075 0.52398 0.023588
259 0.74075 0.535348 0.0168739
260 0.74075 0.535402 0.0207759
261 0.74075 0.514017 0.0211906
262 0.74075 0.509223 0.0242
263 0.74075 0.512387 0.0221857
264 0.74075 0.506359 0.0203031
265 0.74075 0.511628 0.0193851
266 0.74075 0.513461 0.0203883
267 0.74075 0.526525 0.0187523
268 0.74075 0.545074 0.0208533
269 0.74075 0.529518 0.0227938
270 0.74075 0.540492 0.0210807
271 0.74075 0.53123 0.0190188
272 0.74075 0.541078 0.0173113
273 0.74075 0.505489 0.0210061
274 0.74075 0.534444 0.0192283
275 0.74075 0.522894 0.0170235
276 0.74075 0.538471 0.0168803
277 0.74075 0.541204 0.017636
278 0.74075 0.532476 0.0191522
279 0.746198 0.524629 0.0230351
280 0.746198 0.515609 0.0208583
281 0.746198 0.524939 0.0179544
282 0.746198 0.518334 0.0194489
283 0.746198 0.520851 0.0196962
284 0.746198 0.53326 0.0190471
285 0.746198 0.546881 0.0218513
286 0.746198 0.535709 0.0193176
287 0.746198 0.539156 0.0221568
288 0.746198 0.540663 0.0212658
289 0.746198 0.543325 0.0177826
290 0.746198 0.538662 0.0190573
291 0.746198 0.52492 0.0194943
292 0.746198 0.538487 0.0187226
293 0.746198 0.545592 0.0200273
294 0.746198 0.545344 0.0221559
295 0.746198 0.523854 0.0226546
296 0.746198 0.556275 0.0183073
297 0.746198 0.553873 0.0191623
298 0.746198 0.569583 0.0188155
299 0.746198 0.555932 0.0187485
300 0.746198 0.541345 0.0198592
301 0.746198 0.541652 0.0193706
302 0.746198 0.53291 0.0210728
303 0.746198 0.539611 0.0211014
304 0.746198 0.545691 0.0199321
305 0.746198 0.536752 0.0231015
306 0.746198 0.537922 0.0202325
307 0.746198 0.54854 0.0166018
308 0.746198 0.52202 0.0192728
309 0.746198 0.518101 0.0219131
310 0.746198 0.532042 0.0212185
311 0.746198 0.544484 0.0202886
312 0.746198 0.539486 0.0218658
313 0.746198 0.548532 0.0172312
314 0.746198 0.530823 0.0184491
315 0.746198 0.531875 0.017793
316 0.746198 0.528454 0.0189565
317 0.746198 0.526686 0.0207985
318 0.746198 0.534775 0.0192216
319 0.746198 0.530353 0.0185348
320 0.746198 0.553878 0.0197242
321 0.746198 0.545936 0.0208473
322 0.746198 0.553025 0.0156709
323 0.746198 0.522742 0.0187684
324 0.746198 0.537207 0.0196746
325 0.746198 0.543101 0.0174413
326 0.746198 0.541341 0.0176871
327 0.746198 0.54631 0.0147343
328 0.746198 0.550081 0.0146204
329 0.746198 0.542376 0.0177413
330 0.746198 0.549548 0.0221641
331 0.747459 0.560592 0.0203549
332 0.747459 0.544541 0.01762
333 0.749058 0.534829 0.0189217
334 0.749058 0.538319 0.0220996
335 0.749058 0.532233 0.0229572
336 0.749058 0.527367 0.0222803
337 0.749058 0.532432 0.0188067
338 0.749058 0.538464 0.0188217
339 0.749058 0.536701 0.0184948
340 0.749058 0.550158 0.0170046
341 0.749058 0.548242 0.0180143
342 0.749058 0.534821 0.0199083
343 0.749058 0.54907 0.0194878
344 0.749058 0.54333 0.0213627
345 0.749058 0.549937 0.0183172
346 0.749058 0.56778 0.0167368
347 0.749058 0.554001 0.0207713
348 0.749058 0.561096 0.0188986
349 0.749058 0.5413 0.018354
350 0.749058 0.557606 0.0181511
351 0.749058 0.537633 0.0185932
352 0.749058 0.530475 0.0215504
353 0.749058 0.548737 0.0191429
354 0.749058 0.547157 0.0185371
355 0.749058 0.545533 0.0187513
356 0.749058 0.549308 0.0178357
357 0.749058 0.547509 0.0175962
358 0.749058 0.54158 0.0176135
359 0.749058 0.548415 0.0165708
360 0.749058 0.544247 0.0165727
361 0.749058 0.551252 0.0167686
362 0.749058 0.555123 0.0168453
363 0.751021 0.543839 0.0178457
364 0.751021 0.538873 0.017226
365 0.751021 0.551499 0.0164801
366 0.751953 0.548479 0.0181624
367 0.751953 0.545422 0.0182321
368 0.751953 0.538665 0.0215242
369 0.751953 0.545859 0.0177979
370 0.751953 0.545179 0.0212342
371 0.751953 0.530317 0.0226597
372 0.751953 0.539013 0.0189197
373 0.753995 0.531887 0.0229629
374 0.753995 0.544978 0.0189959
375 0.753995 0.549125 0.0201257
376 0.753995 0.530619 0.0219117
377 0.753995 0.55376 0.0152092
378 0.753995 0.541351 0.0206704
379 0.753995 0.559641 0.0219968
380 0.753995 0.552535 0.0222865
381 0.753995 0.537049 0.0182616
382 0.753995 0.528181 0.0178902
383 0.755205 0.532309 0.0192403
384 0.755205 0.530561 0.0206399
385 0.755205 0.526734 0.0222899
386 0.755205 0.527366 0.0227805
387 0.755205 0.512062 0.0205006
388 0.755205 0.513062 0.0209589
389 0.755205 0.534444 0.0209068
390 0.755205 0.526819 0.0239301
391 0.756641 0.508509 0.021054
392 0.756641 0.519665 0.0188309
393 0.756641 0.501465 0.0215909
394 0.756641 0.509209 0.0202137
395 0.756641 0.526625 0.0211367
396 0.756641 0.536451 0.0218479
397 0.756641 0.525956 0.0200832
398 0.756641 0.520749 0.0219727
399 0.756641 0.525592 0.0232639
400 0.756641 0.544323 0.019686
401 0.756641 0.528276 0.0267987
402 0.756641 0.544005 0.0194618
403 0.756641 0.537347 0.0215389
404 0.756641 0.5159 0.0206591
405 0.756641 0.519401 0.0222474
406 0.756641 0.510768 0.0226574
407 0.756641 0.524852 0.0209025
408 0.756641 0.539877 0.0209145
409 0.756641 0.524594 0.0234829
410 0.756641 0.514919 0.0222013
411 0.756641 0.530147 0.0211056
412 0.756641 0.515172 0.0208833
413 0.756641 0.512272 0.0198816
414 0.756641 0.513264 0.0194007
415 0.756641 0.495586 0.0232789
416 0.756641 0.49675 0.0229716
417 0.756641 0.497417 0.0263083
418 0.756641 0.517379 0.0244736
419 0.756641 0.482852 0.0209788
420 0.756641 0.498221 0.0223606
421 0.756641 0.502749 0.0240792
422 0.756641 0.502844 0.0240999
423 0.756641 0.512947 0.0216714
424 0.756641 0.525483 0.0210584
425 0.756641 0.535372 0.0198276
426 0.75694 0.54186 0.0185723
427 0.75694 0.523492 0.0210423
428 0.75694 0.527156 0.0215698
429 0.75694 0.541064 0.021735
430 0.75694 0.535636 0.0198994
431 0.75694 0.534147 0.0194105
432 0.76044 0.537054 0.0195518
433 0.76044 0.53379 0.0215033
434 0.76044 0.527491 0.018269
435 0.76044 0.532839 0.0208166
436 0.76044 0.528811 0.0203684
437 0.76044 0.531748 0.0209012
438 0.76044 0.531984 0.0215415
439 0.76044 0.5497 0.0203948
440 0.76044 0.527861 0.0198314
441 0.76044 0.524475 0.0194169
442 0.761948 0.522981 0.020774
443 0.761948 0.525312 0.0200809
444 0.761948 0.521637 0.0186873
445 0.761948 0.52081 0.0180208
446 0.761948 0.520164 0.0202066
447 0.761948 0.542227 0.021685
448 0.761948 0.510366 0.0238593
449 0.761948 0.517514 0.0270186
450 0.761948 0.518194 0.0221672
451 0.761948 0.521654 0.0217374
452 0.761948 0.535833 0.0226329
453 0.761948 0.528834 0.0210477
454 0.761948 0.527744 0.0209719
455 0.761948 0.506262 0.0233899
456 0.761948 0.526106 0.025285
457 0.761948 0.521286 0.0244774
458 0.761948 0.524536 0.0265727
459 0.761948 0.531318 0.0237128
460 0.761948 0.510011 0.0272685
461 0.761948 0.521207 0.0241696
462 0.761948 0.532542 0.0190087
463 0.761948 0.523012 0.0226177
464 0.761948 0.498867 0.0191971
465 0.761948 0.519895 0.0181056
466 0.761948 0.525287 0.0181244
467 0.761948 0.512914 0.0202617
468 0.761948 0.497571 0.023562
469 0.761948 0.499594 0.0213395
470 0.761948 0.516424 0.0187285
471 0.761948 0.504482 0.0219062
472 0.761948 0.523553 0.0198902
473 0.761948 0.529738 0.0213847
474 0.761948 0.52318 0.0197494
475 0.761948 0.5234 0.0201607
476 0.761948 0.516692 0.0229062
477 0.761948 0.521154 0.0225326
478 0.761948 0.51812 0.0216633
479 0.761948 0.526631 0.0225719
480 0.761948 0.511652 0.0215778
481 0.761948 0.515889 0.0194883
482 0.761948 0.534889 0.0216846
483 0.761948 0.524309 0.0173586
484 0.761948 0.536714 0.0210969
485 0.761948 0.526804 0.0214829
486 0.761948 0.529629 0.020001
487 0.761948 0.516337 0.0185061
488 0.761948 0.529887 0.0209742
489 0.761948 0.529084 0.0216325
490 0.761948 0.531978 0.0182686
491 0.761948 0.520018 0.0162129
492 0.761948 0.526573 0.0181695
493 0.761948 0.532287 0.0200516
494 0.761948 0.54664 0.0171368
495 0.761948 0.563765 0.0193735
496 0.761948 0.519691 0.0233088
497 0.761948 0.513055 0.0209603
498 0.761948 0.516409 0.0196334
499 0.761948 0.534925 0.020151
500 0.761948 0.538168 0.0202809
501 0.761948 0.529142 0.0218732
502 0.761948 0.539833 0.0187359
503 0.761948 0.541174 0.0215104
504 0.761948 0.511849 0.0222949
505 0.761948 0.509879 0.0222859
506 0.761948 0.517668 0.0230724
507 0.761948 0.501126 0.0267725
508 0.761948 0.495105 0.0233972
509 0.761948 0.505633 0.0255089
510 0.761948 0.501525 0.0257205
511 0.761948 0.533635 0.0222829
512 0.761948 0.520599 0.026125
513 0.761948 0.519634 0.0216079
514 0.761948 0.51468 0.022476
515 0.761948 0.502104 0.0224666
516 0.761948 0.54332 0.0193658
517 0.761948 0.534953 0.0192993
518 0.761948 0.523107 0.0206608
519 0.761948 0.530365 0.0242071
520 0.761948 0.541874 0.0227395
521 0.761948 0.552491 0.0219153
522 0.761948 0.548804 0.0201925
523 0.761948 0.561278 0.0185643
524 0.762461 0.565356 0.0177466
525 0.762461 0.568887 0.0174606
526 0.762461 0.560394 0.0177685
527 0.762461 0.544154 0.0205088
528 0.762461 0.533921 0.0238569
529 0.762461 0.527433 0.0250125
530 0.762461 0.524798 0.0209425
531 0.762461 0.531839 0.0220702
532 0.762461 0.524486 0.0228274
533 0.762461 0.509657 0.0258835
534 0.762461 0.507749 0.023433
535 0.762461 0.513998 0.0234743
536 0.762461 0.516482 0.0243168
537 0.762461 0.514848 0.0216206
538 0.762461 0.556321 0.0174813
539 0.762461 0.525155 0.0200368
540 0.762461 0.53915 0.0204281
541 0.762461 0.54591 0.0220654
542 0.762461 0.535919 0.0231961
543 0.762461 0.543257 0.0208078
544 0.762461 0.532529 0.0222816
545 0.762461 0.547687 0.0219861
546 0.762461 0.53336 0.0184181
547 0.762461 0.527296 0.024257
548 0.762461 0.543063 0.0226009
549 0.762461 0.533268 0.0225987
550 0.762461 0.517766 0.0210849
551 0.762461 0.50672 0.0208676
552 0.762461 0.515278 0.0216855
553 0.762461 0.536781 0.0199671
554 0.762461 0.528098 0.0205158
555 0.762461 0.536587 0.0198173
556 0.762461 0.540394 0.0232084
557 0.762461 0.535092 0.0188709
558 0.762461 0.537484 0.0243328
559 0.762461 0.519412 0.0252738
560 0.762461 0.524538 0.0222317
561 0.762461 0.519505 0.022555
562 0.762461 0.510056 0.0224062
563 0.762461 0.532511 0.023064
564 0.762461 0.52936 0.0206081
565 0.762461 0.512659 0.0207446
566 0.762461 0.504367 0.0211632
567 0.762461 0.512889 0.0207225
568 0.762461 0.504288 0.0212307
569 0.762461 0.517153 0.0227949
570 0.762461 0.538892 0.0235245
571 0.762461 0.534986 0.0204565
572 0.762461 0.548361 0.0208086
573 0.762461 0.548301 0.0225503
574 0.762461 0.547648 0.0198408
575 0.762461 0.540984 0.0225943
576 0.762461 0.553325 0.0188346
577 0.762461 0.53751 0.0185635
578 0.762461 0.525709 0.020925
579 0.762461 0.514234 0.0212651
580 0.762461 0.51882 0.0176009
581 0.762461 0.501401 0.021272
582 0.762461 0.538409 0.0218087
583 0.762461 0.524338 0.022662
584 0.762461 0.537646 0.0199543
585 0.762947 0.532794 0.0234227
586 0.762947 0.556329 0.0188761
587 0.762947 0.561319 0.0201547
588 0.762947 0.542203 0.0225138
589 0.762947 0.521346 0.0227238
590 0.762947 0.511752 0.0223062
591 0.762947 0.512075 0.0211566
592 0.762947 0.500936 0.0212421
593 0.762947 0.500707 0.0246346
594 0.762947 0.508308 0.0239962
595 0.762947 0.513761 0.0232296
596 0.762947 0.507555 0.0234796
597 0.762947 0.505177 0.0229338
598 0.762947 0.507923 0.0220921
599 0.762947 0.506466 0.0219134
600 0.762947 0.523492 0.0215169
601 0.762947 0.551626 0.0180176
602 0.762947 0.544307 0.0176491
603 0.762947 0.536426 0.0173115
604 0.762947 0.544072 0.0178053
605 0.762947 0.55612 0.0178723
606 0.762947 0.5589 0.0171469
607 0.762947 0.539203 0.0177621
608 0.762947 0.546527 0.0188273
609 0.762947 0.561289 0.0179702
610 0.762947 0.533298 0.0186948
611 0.762947 0.536393 0.0179031
612 0.762947 0.541151 0.0175384
613 0.762947 0.522568 0.0241504
614 0.762947 0.529462 0.0220591
615 0.762947 0.522949 0.0250852
616 0.762947 0.49964 0.0233034
617 0.762947 0.497152 0.0252163
618 0.762947 0.500098 0.0226823
619 0.762947 0.514173 0.0242633
620 0.762947 0.490421 0.0214171
621 0.762947 0.522826 0.0243733
622 0.762947 0.524367 0.0242555
623 0.762947 0.552799 0.0230244
624 0.762947 0.560485 0.0220099
625 0.762947 0.5615 0.0201169
626 0.762947 0.540738 0.021973
627 0.762947 0.535924 0.0225666
628 0.762947 0.535433 0.0203026
629 0.762947 0.528115 0.0231844
630 0.762947 0.529029 0.0216683
631 0.762947 0.535003 0.0230729
632 0.762947 0.521739 0.0206442
633 0.762947 0.49925 0.0225886
634 0.762947 0.505133 0.0239628
635 0.762947 0.496384 0.0238067
636 0.762947 0.488574 0.0251347
637 0.762947 0.509436 0.0211005
638 0.762947 0.520708 0.0244273
639 0.762947 0.503573 0.0224858
640 0.762947 0.519489 0.0198071
641 0.762947 0.526733 0.0203713
642 0.762947 0.514746 0.0237902
643 0.762947 0.536114 0.0193989
644 0.762947 0.539442 0.0218552
645 0.762947 0.533299 0.0206252
646 0.762947 0.545431 0.0213537
647 0.762947 0.548772 0.0226576
648 0.762947 0.558342 0.0206335
649 0.762947 0.555156 0.0214994
650 0.762947 0.546607 0.0159651
651 0.762947 0.558818 0.0157524
652 0.762947 0.547109 0.0209893
653 0.762947 0.562587 0.0192588
654 0.762947 0.553146 0.0194209
655 0.762947 0.536063 0.0206393
656 0.762947 0.53914 0.0212677
657 0.762947 0.546678 0.0241067
658 0.762947 0.538417 0.024146
659 0.762947 0.532579 0.0214893
660 0.762947 0.55655 0.0187305
661 0.762947 0.533944 0.0212429
662 0.762947 0.544194 0.0211835
663 0.762947 0.526137 0.0215929
664 0.762947 0.532433 0.0211715
665 0.762947 0.529212 0.023809
666 0.762947 0.527462 0.0215574
667 0.762947 0.519847 0.0242789
668 0.762947 0.535217 0.0199463
669 0.762947 0.529303 0.0246562
670 0.762947 0.52077 0.022967
671 0.762947 0.546121 0.0228519
672 0.762947 0.519344 0.0224235
673 0.762947 0.544153 0.0189343
674 0.762947 0.508484 0.0256985
675 0.762947 0.512741 0.0220105
676 0.762947 0.532703 0.0201532
677 0.762947 0.530298 0.0199425
678 0.762947 0.520185 0.0229679
679 0.762947 0.532126 0.0242952
680 0.762947 0.53617 0.0201697
681 0.762947 0.527273 0.0201403
682 0.762947 0.532514 0.0213707
683 0.762947 0.549195 0.0207211
684 0.762947 0.525413 0.0193457
685 0.762947 0.534125 0.0219668
686 0.762947 0.538544 0.0202981
687 0.762947 0.532432 0.0210475
688 0.762947 0.545798 0.0212112
689 0.762947 0.537133 0.0215743
690 0.762947 0.544908 0.0227404
691 0.762947 0.533989 0.0220259
692 0.762947 0.508705 0.0191378
693 0.762947 0.515025 0.0225072
694 0.762947 0.512361 0.0265397
695 0.762947 0.544457 0.0262758
696 0.762947 0.52827 0.0228978
697 0.762947 0.530754 0.0240609
698 0.762947 0.556255 0.0185017
699 0.762947 0.572329 0.0157262
700 0.762947 0.557937 0.0178437
701 0.762947 0.565721 0.01456
702 0.762947 0.551054 0.0164364
703 0.762947 0.542835 0.0199232
704 0.762947 0.551409 0.0219051
705 0.762947 0.545413 0.0213805
706 0.762947 0.527861 0.021017
707 0.762947 0.523988 0.0200373
708 0.762947 0.537026 0.022355
709 0.762947 0.532022 0.0236002
710 0.762947 0.506361 0.0253445
711 0.762947 0.508142 0.0259049
712 0.762947 0.523639 0.0219617
713 0.762947 0.535845 0.0232008
714 0.762947 0.521661 0.0185328
715 0.762947 0.534668 0.0191655
716 0.762947 0.537741 0.0240887
717 0.762947 0.507223 0.0239555
718 0.762947 0.52949 0.0250705
719 0.762947 0.51983 0.0228509
720 0.762947 0.515222 0.0217101
721 0.762947 0.518491 0.0226768
722 0.762947 0.509012 0.0240276
723 0.762947 0.513382 0.0251792
724 0.762947 0.510064 0.0240441
725 0.762947 0.508892 0.0251383
726 0.762947 0.535597 0.0220973
727 0.762947 0.535833 0.0242541
728 0.762947 0.502978 0.0239336
729 0.762947 0.499332 0.025722
730 0.762947 0.486604 0.0229869
731 0.762947 0.501577 0.0308215
732 0.762947 0.511424 0.0240356
733 0.762947 0.52025 0.0234671
734 0.762947 0.51495 0.0226619
735 0.762947 0.509355 0.0266709
736 0.762947 0.520471 0.0269675
737 0.762947 0.515256 0.0247011
738 0.762947 0.522245 0.0231171
739 0.762947 0.514327 0.0241135
740 0.762947 0.502205 0.0237649
741 0.762947 0.511619 0.0247944
742 0.762947 0.536608 0.0237551
743 0.762947 0.539306 0.0244871
744 0.762947 0.524228 0.0252083
745 0.762947 0.53223 0.0227847
746 0.762947 0.548512 0.0241415
747 0.762947 0.540284 0.0212316
748 0.762947 0.532431 0.0225141
749 0.762947 0.521703 0.0263398
750 0.762947 0.53215 0.0232442
751 0.762947 0.53356 0.0240186
752 0.762947 0.535028 0.0206269
753 0.762947 0.538243 0.0172401
754 0.762947 0.529094 0.0188965
755 0.762947 0.520657 0.0257521
756 0.762947 0.525173 0.0229235
757 0.762947 0.503819 0.0233317
758 0.762947 0.489642 0.0251152
759 0.762947 0.489916 0.0256181
760 0.762947 0.50976 0.0242598
761 0.762947 0.51778 0.0247524
762 0.762947 0.511819 0.0235194
763 0.762947 0.51863 0.022858
764 0.762947 0.505743 0.0255932
765 0.762947 0.546479 0.0270518
766 0.762947 0.529012 0.0220039
767 0.762947 0.529472 0.0215944
768 0.762947 0.547253 0.0208731
769 0.762947 0.549415 0.0243045
770 0.762947 0.536293 0.021122
771 0.762947 0.523581 0.0227329
772 0.762947 0.533271 0.0248509
773 0.762947 0.533948 0.0234822
774 0.762947 0.538591 0.0213538
775 0.762947 0.529581 0.0205313
776 0.762947 0.520584 0.0227345
777 0.762947 0.526298 0.0235954
778 0.762947 0.534833 0.0212667
779 0.762947 0.551405 0.0202842
780 0.762947 0.521603 0.021714
781 0.762947 0.524935 0.0205495
782 0.762947 0.507505 0.0221657
783 0.763019 0.530803 0.0237004
784 0.763019 0.547434 0.0249082
785 0.763019 0.522033 0.0251815
786 0.763019 0.533691 0.0241543
787 0.763019 0.543913 0.0238672
788 0.763019 0.553721 0.0218126
789 0.763019 0.548034 0.0232624
790 0.763019 0.55213 0.0211139
791 0.763019 0.523583 0.0203731
792 0.763019 0.529796 0.0214429
793 0.763019 0.545944 0.0249913
794 0.763019 0.526371 0.022294
795 0.763019 0.513811 0.0209594
796 0.763019 0.54005 0.0219196
797 0.763019 0.516153 0.0230482
798 0.763019 0.51129 0.0220295
799 0.763019 0.488956 0.0217657
800 0.763019 0.509978 0.0238399
801 0.763019 0.524993 0.0288147
802 0.763019 0.523458 0.0249053
803 0.763019 0.542181 0.0248992
804 0.763019 0.549636 0.0201067
805 0.763019 0.531753 0.0258211
806 0.763019 0.52135 0.0248828
807 0.763019 0.524209 0.0234528
808 0.763019 0.521766 0.02272
809 0.763019 0.540753 0.0205811
810 0.763019 0.523961 0.0227984
811 0.763019 0.509792 0.0213482
812 0.763019 0.531129 0.020724
813 0.763019 0.526828 0.024459
814 0.763019 0.515608 0.0212148
815 0.763019 0.511846 0.0183181
816 0.763019 0.507635 0.0223416
817 0.763052 0.513556 0.0231823
818 0.763052 0.505797 0.0242763
819 0.763052 0.516064 0.0246011
820 0.763052 0.530917 0.0253893
821 0.763052 0.515119 0.0235016
822 0.763052 0.509446 0.0255746
823 0.763052 0.500154 0.0219696
824 0.763052 0.485122 0.024752
825 0.763052 0.511281 0.0244199
826 0.763052 0.51531 0.0249147
827 0.763052 0.516387 0.0224384
828 0.763052 0.507388 0.0224698
829 0.763052 0.497827 0.0232099
830 0.763052 0.49795 0.0247224
831 0.763052 0.520507 0.0220856
832 0.763052 0.512517 0.0190408
833 0.763052 0.530978 0.0225687
834 0.763052 0.528761 0.022038
835 0.763052 0.543983 0.0201903
836 0.763052 0.518345 0.0215294
837 0.763052 0.537158 0.0225522
838 0.763052 0.540286 0.0243275
839 0.763052 0.535684 0.0249437
840 0.763052 0.516162 0.0246433
841 0.763052 0.519145 0.0242335
842 0.763052 0.515419 0.023488
843 0.763052 0.511498 0.0253436
844 0.763052 0.514558 0.0221325
845 0.763052 0.546241 0.0223816
846 0.763052 0.535903 0.0206955
847 0.763052 0.530989 0.0256097
848 0.763052 0.517609 0.0238894
849 0.763052 0.517333 0.0256057
850 0.763052 0.522398 0.025471
851 0.763052 0.535345 0.0220871
852 0.763052 0.528668 0.0213451
853 0.763298 0.540819 0.0200276
854 0.763298 0.530933 0.0205744
855 0.763298 0.523743 0.0216315
856 0.763298 0.533204 0.0229493
857 0.763298 0.512527 0.0225505
858 0.763298 0.508767 0.0230262
859 0.763298 0.519276 0.0206412
860 0.763298 0.533803 0.0204389
861 0.763298 0.520375 0.0225044
862 0.763298 0.522674 0.0230635
863 0.763298 0.539595 0.0250474
864 0.763298 0.538818 0.0238727
865 0.763298 0.512835 0.0241399
866 0.763298 0.523881 0.0220289
867 0.763298 0.529884 0.0230359
868 0.763298 0.528608 0.0218463
869 0.763298 0.530403 0.0226923
870 0.763298 0.511189 0.0236734
871 0.763298 0.522039 0.0215683
872 0.763298 0.507258 0.0225252
873 0.763298 0.48099 0.0216995
874 0.763298 0.502693 0.0204921
875 0.763298 0.503617 0.0213453
876 0.763298 0.519252 0.0206052
877 0.763298 0.520527 0.0222655
878 0.763298 0.522776 0.0220125
879 0.763298 0.535267 0.0205644
880 0.763298 0.51301 0.0214175
881 0.763298 0.510394 0.0234513
882 0.763298 0.52302 0.0233231
883 0.763298 0.530013 0.0205605
884 0.763298 0.515131 0.023353
885 0.763298 0.513547 0.0211647
886 0.763298 0.526459 0.0239476
887 0.763298 0.523237 0.0238783
888 0.763298 0.513257 0.0198566
889 0.763298 0.511139 0.0254312
890 0.763298 0.530428 0.0260812
891 0.763302 0.545831 0.0250739
892 0.763302 0.544914 0.0206481
893 0.763302 0.537512 0.0205357
894 0.763302 0.533518 0.0208809
895 0.763302 0.525857 0.0244127
896 0.763302 0.510226 0.0228785
897 0.763302 0.544876 0.0220399
898 0.763302 0.547965 0.0209508
899 0.763302 0.543856 0.0227048
900 0.763302 0.546304 0.0200521
901 0.763302 0.546178 0.0224562
902 0.764288 0.546448 0.0222558
903 0.764288 0.541095 0.0209974
904 0.764288 0.531091 0.0194487
905 0.764288 0.538045 0.0205484
906 0.764288 0.514214 0.0202511
907 0.764288 0.528847 0.0216261
908 0.764288 0.542806 0.0199539
909 0.764288 0.545719 0.0199699
910 0.764288 0.538645 0.020321
911 0.764288 0.5322 0.0185472
912 0.764288 0.531187 0.0182238
913 0.764288 0.535198 0.0217132
914 0.764288 0.546192 0.0209526
915 0.764288 0.539194 0.0198077
916 0.764288 0.534104 0.018954
917 0.764288 0.532511 0.0206083
918 0.764288 0.53794 0.0197694
919 0.764288 0.521287 0.0229217
920 0.764288 0.547657 0.0208773
921 0.764288 0.557856 0.0234209
922 0.764288 0.550159 0.0199874
923 0.764288 0.546457 0.021429
924 0.764288 0.558433 0.0201624
925 0.764288 0.557217 0.0221479
926 0.764288 0.549452 0.0195334
927 0.764288 0.542442 0.0194592
928 0.764288 0.556749 0.0195999
929 0.764288 0.547453 0.0203431
930 0.764288 0.541491 0.0212773
931 0.764288 0.541688 0.0240074
932 0.764288 0.541865 0.0216883
933 0.764288 0.541837 0.0211569
934 0.764288 0.555148 0.0191404
935 0.764288 0.547357 0.0184655
936 0.764288 0.556393 0.0201533
937 0.764288 0.563534 0.017159
938 0.764288 0.551708 0.0196849
939 0.764288 0.539216 0.0199887
940 0.764288 0.527067 0.0194387
941 0.764288 0.543951 0.0199531
942 0.764288 0.518191 0.0202693
943 0.764288 0.521922 0.0243356
944 0.764288 0.519448 0.0281809
945 0.764288 0.514309 0.0253222
946 0.764288 0.510993 0.0228221
947 0.764288 0.525953 0.0252806
948 0.764288 0.538401 0.0262228
949 0.764288 0.532235 0.0244953
950 0.764288 0.525002 0.0245145
951 0.764288 0.506877 0.0241894
952 0.764288 0.513508 0.0255221
953 0.764288 0.5137 0.0273796
954 0.764288 0.506321 0.0242339
955 0.764288 0.526834 0.0236655
956 0.764288 0.522209 0.0250036
957 0.764288 0.521853 0.0223504
958 0.764288 0.516946 0.023487
959 0.764288 0.523656 0.0247349
960 0.764288 0.511726 0.0279499
961 0.764288 0.488393 0.0239168
962 0.764288 0.511854 0.0229831
963 0.764288 0.516869 0.0225501
964 0.764288 0.514328 0.02635
965 0.764288 0.51343 0.0255612
966 0.764288 0.51717 0.0236043
967 0.764288 0.502699 0.0230611
968 0.764288 0.486031 0.0238757
969 0.764288 0.504616 0.0249544
970 0.764288 0.497908 0.0229572
971 0.764288 0.503497 0.0229926
972 0.764288 0.503042 0.0245731
973 0.764288 0.508006 0.0229451
974 0.764288 0.521111 0.0228862
975 0.764288 0.515151 0.0231488
976 0.764288 0.531266 0.0182495
977 0.764288 0.53335 0.0219937
978 0.764288 0.511337 0.0263755
979 0.764288 0.497924 0.0264219
980 0.764288 0.500868 0.0271317
981 0.764288 0.518373 0.0238373
982 0.764288 0.511742 0.0188679
983 0.764288 0.509482 0.0226096
984 0.764288 0.525816 0.0249093
985 0.764288 0.506172 0.0242577
986 0.764288 0.500252 0.0228919
987 0.764288 0.510293 0.0227109
988 0.764288 0.510847 0.0225847
989 0.764288 0.512621 0.0205199
990 0.764288 0.510011 0.0245879
991 0.764288 0.512192 0.0220386
992 0.764288 0.51703 0.0228702
993 0.764288 0.510934 0.0207199
994 0.764288 0.544232 0.0192579
995 0.764288 0.534629 0.022916
996 0.764288 0.510425 0.0265978
997 0.764288 0.512492 0.0271105
998 0.764288 0.4963 0.0224501
999 0.764288 0.527516 0.0230424
1000 0.764288 0.515174 0.0261504
