0 0.403063 0.258277 0.000991224
1 0.42231 0.258933 0.00202497
2 0.42231 0.260334 0.00214128
3 0.42231 0.261653 0.002251
4 0.42231 0.25968 0.00179606
5 0.42231 0.259 0.00135179
6 0.42231 0.25341 0.00131542
7 0.43669 0.258042 0.00196645
8 0.43669 0.264529 0.00226063
9 0.43669 0.25899 0.00184198
10 0.449929 0.26286 0.00214772
11 0.449929 0.26033 0.00181227
12 0.449929 0.261468 0.00204685
13 0.449929 0.265697 0.00313436
14 0.449929 0.260903 0.00216986
15 0.449929 0.257277 0.00164525
16 0.449929 0.261697 0.00169267
17 0.449929 0.259692 0.00170485
18 0.449929 0.26012 0.00210834
19 0.449929 0.264426 0.00177122
20 0.449929 0.264925 0.00230202
21 0.449929 0.263903 0.00251273
22 0.449929 0.263732 0.00265411
23 0.460858 0.259399 0.00255618
24 0.460858 0.267405 0.00258116
25 0.460858 0.26304 0.00240645
26 0.460858 0.259817 0.00271465
27 0.460858 0.26293 0.00235833
28 0.460858 0.260755 0.00245953
29 0.460858 0.26095 0.00206293
30 0.468508 0.259804 0.00252216
31 0.488695 0.261345 0.00237874
32 0.488695 0.262348 0.00217321
33 0.508124 0.267496 0.00282411
34 0.508124 0.261673 0.00286574
35 0.508124 0.260684 0.00285251
36 0.508124 0.266796 0.00333752
37 0.508124 0.268564 0.00241687
38 0.549043 0.266616 0.00262022
39 0.549043 0.265055 0.00278002
40 0.549043 0.264339 0.0027671
41 0.549043 0.261936 0.00223388
42 0.549043 0.267152 0.00348092
43 0.549043 0.266873 0.00337183
44 0.549043 0.269241 0.0036489
45 0.549043 0.266493 0.00341929
46 0.549043 0.275277 0.004368
47 0.549043 0.269685 0.00374116
48 0.549043 0.271453 0.004424
49 0.549043 0.268593 0.00376911
50 0.549043 0.270089 0.00384433
51 0.549043 0.266224 0.0028744
52 0.549043 0.264564 0.00271125
53 0.549043 0.26158 0.00212598
54 0.549043 0.264793 0.002696
55 0.549043 0.270608 0.00379792
56 0.549043 0.26852 0.00310137
57 0.549043 0.268557 0.0034457
58 0.549043 0.264749 0.00296347
59 0.549043 0.263533 0.00283114
60 0.549043 0.272508 0.00368117
61 0.549043 0.273543 0.00393095
62 0.549043 0.27442 0.0040689
63 0.549043 0.272666 0.00381088
64 0.549043 0.281043 0.00475169
65 0.552012 0.277654 0.00466701
66 0.552012 0.272238 0.00324901
67 0.572029 0.279959 0.00509045
68 0.622699 0.277016 0.00501544
69 0.622699 0.276369 0.00467205
70 0.622699 0.274938 0.00479057
71 0.622699 0.277025 0.00496471
72 0.622699 0.282595 0.00622533
73 0.622699 0.280345 0.00588712
74 0.622699 0.288331 0.0068106
75 0.622699 0.289606 0.0056758
76 0.622699 0.297239 0.00574563
77 0.622699 0.29591 0.00638817
78 0.625772 0.295101 0.00752526
79 0.633548 0.288355 0.00797792
80 0.633548 0.291147 0.00666655
81 0.633548 0.291187 0.00563428
82 0.634967 0.289447 0.00652904
83 0.634967 0.289801 0.00577254
84 0.634967 0.286043 0.00563597
85 0.634967 0.28662 0.00697395
86 0.634967 0.294746 0.00810215
87 0.634967 0.29704 0.00773508
88 0.634967 0.297308 0.00788631
89 0.634967 0.288213 0.00572847
90 0.634967 0.292792 0.00683849
91 0.634967 0.303054 0.00762857
92 0.634967 0.297915 0.00700669
93 0.634967 0.301416 0.00618147
94 0.634967 0.313335 0.0091768
95 0.634967 0.310474 0.00704979
96 0.634967 0.30831 0.00738744
97 0.634967 0.304434 0.00910571
98 0.634967 0.310889 0.00703127
99 0.634967 0.319427 0.00748019
100 0.634967 0.316056 0.00818303
101 0.639649 0.319995 0.00986371
102 0.639649 0.313259 0.0092804
103 0.703563 0.323862 0.00967571
104 0.705126 0.314006 0.00914992
105 0.705126 0.328962 0.0110659
106 0.705126 0.338194 0.0106277
107 0.705126 0.324571 0.0109746
108 0.705126 0.322688 0.0108792
109 0.705126 0.325049 0.00926807
110 0.705126 0.336937 0.0102788
111 0.711936 0.334232 0.0115509
112 0.748744 0.330281 0.0119477
113 0.748744 0.326413 0.00998181
114 0.748744 0.334954 0.0121733
115 0.748744 0.327266 0.0115277
116 0.748744 0.321279 0.0103612
117 0.748744 0.335791 0.0112319
118 0.748744 0.342329 0.0107327
119 0.748744 0.338742 0.010808
120 0.748744 0.338624 0.0124531
121 0.748744 0.336556 0.0112421
122 0.748744 0.328393 0.0104676
123 0.748744 0.322307 0.00968886
124 0.748744 0.320719 0.00900933
125 0.748744 0.317147 0.00858709
126 0.748744 0.324955 0.0115889
127 0.748744 0.314866 0.0100628
128 0.777594 0.325838 0.0113997
129 0.777594 0.331222 0.0103889
130 0.777594 0.340338 0.00989081
131 0.777594 0.339362 0.0102912
132 0.777594 0.338359 0.0102795
133 0.777594 0.329911 0.0105408
134 0.777594 0.333864 0.0094356
135 0.777594 0.333293 0.0107048
136 0.777594 0.329932 0.0106327
137 0.777594 0.339306 0.0105169
138 0.777594 0.334112 0.0131262
139 0.777594 0.34507 0.0139109
140 0.777594 0.341246 0.0108078
141 0.777594 0.332523 0.00993861
142 0.777594 0.337523 0.00919428
143 0.777594 0.351466 0.0100014
144 0.777594 0.348608 0.0118165
145 0.777594 0.348529 0.0106661
146 0.777594 0.349957 0.0100718
147 0.777594 0.359163 0.01051
148 0.782493 0.352207 0.0126946
149 0.782493 0.362509 0.0126305
150 0.782493 0.348348 0.0128037
151 0.782493 0.354389 0.0126133
152 0.782493 0.344175 0.0117268
153 0.782493 0.364702 0.0105854
154 0.782493 0.353962 0.011804
155 0.782493 0.360917 0.0126311
156 0.782493 0.369701 0.0125582
157 0.782493 0.360244 0.0120461
158 0.782493 0.369837 0.0106263
159 0.782493 0.36756 0.0111311
160 0.819986 0.361248 0.0132571
161 0.819986 0.363544 0.0114301
162 0.819986 0.353431 0.0131457
163 0.819986 0.370506 0.0132212
164 0.819986 0.357381 0.0104488
165 0.819986 0.362424 0.0123135
166 0.819986 0.349628 0.0110175
167 0.819986 0.361046 0.01519
168 0.847943 0.35767 0.0141433
169 0.847943 0.357056 0.0118488
170 0.847943 0.359408 0.0116321
171 0.847943 0.363294 0.0114893
172 0.847943 0.363465 0.0120905
173 0.847943 0.372437 0.011937
174 0.847943 0.370822 0.0129888
175 0.847943 0.371188 0.0157404
176 0.847943 0.362075 0.01327
177 0.856889 0.367747 0.015639
178 0.856889 0.36682 0.0135595
179 0.856889 0.368418 0.0135199
180 0.856889 0.360039 0.0122669
181 0.856889 0.371039 0.016001
182 0.856889 0.37926 0.015043
183 0.856889 0.369425 0.0145245
184 0.856889 0.37601 0.0177251
185 0.856889 0.372658 0.0127681
186 0.856889 0.374837 0.0151563
187 0.856889 0.366647 0.0129979
188 0.856889 0.369581 0.0155187
189 0.856889 0.364739 0.0104745
190 0.856889 0.357544 0.0126581
191 0.856889 0.364447 0.0125731
192 0.856889 0.354877 0.0111708
193 0.856889 0.365974 0.0148218
194 0.856889 0.370968 0.0120095
195 0.856889 0.380048 0.0141524
196 0.856889 0.373994 0.0131411
197 0.856889 0.36999 0.0137225
198 0.856889 0.363209 0.0142313
199 0.856889 0.364559 0.0136847
200 0.856889 0.373369 0.013017
201 0.856889 0.379807 0.0154509
202 0.856889 0.402553 0.0167445
203 0.856889 0.396771 0.0177775
204 0.856889 0.387937 0.0133007
205 0.856889 0.393454 0.0129774
206 0.856889 0.406969 0.0175109
207 0.856889 0.415145 0.0164659
208 0.856889 0.401641 0.0149544
209 0.856889 0.391628 0.0119584
210 0.856889 0.387477 0.0129673
211 0.856889 0.384591 0.0123918
212 0.856889 0.386888 0.0114791
213 0.856889 0.396014 0.0169603
214 0.856889 0.401056 0.0146891
215 0.865803 0.392894 0.0145113
216 0.865803 0.417455 0.0159906
217 0.865803 0.410425 0.0138546
218 0.865803 0.39137 0.0128195
219 0.865803 0.396047 0.0137632
220 0.865803 0.396716 0.0136842
221 0.865803 0.386511 0.0128533
222 0.865803 0.392171 0.0139327
223 0.865803 0.388494 0.0140623
224 0.865803 0.384686 0.0127711
225 0.865803 0.392319 0.0154539
226 0.865803 0.390474 0.0151161
227 0.865803 0.379714 0.0113939
228 0.865803 0.399577 0.015038
229 0.871755 0.391122 0.0159696
230 0.871755 0.399331 0.0177763
231 0.871755 0.391417 0.0174108
232 0.871755 0.386397 0.0147549
233 0.871755 0.392631 0.0140757
234 0.871755 0.394685 0.0125916
235 0.871755 0.410953 0.0150723
236 0.871755 0.425945 0.0170193
237 0.871755 0.398977 0.0161063
238 0.871755 0.404912 0.0185168
239 0.871755 0.395127 0.0164022
240 0.871755 0.389088 0.0133529
241 0.871755 0.398964 0.0180124
242 0.871755 0.402958 0.0168547
243 0.871755 0.392254 0.0150144
244 0.871755 0.39757 0.0143267
245 0.871755 0.399679 0.0164994
246 0.871755 0.40825 0.0167214
247 0.871755 0.397078 0.0130358
248 0.871755 0.410428 0.0145247
249 0.871755 0.402924 0.0145785
250 0.871755 0.393626 0.0144233
251 0.871755 0.393673 0.0171433
252 0.871755 0.410622 0.0163713
253 0.871755 0.40197 0.0156097
254 0.871755 0.377174 0.0133928
255 0.871755 0.379119 0.0152568
256 0.871755 0.386063 0.0114755
257 0.871755 0.383121 0.013997
258 0.871755 0.397765 0.0176055
259 0.871755 0.379373 0.0118158
260 0.871755 0.379668 0.0112618
261 0.871755 0.373948 0.0140457
262 0.871755 0.385093 0.0156089
263 0.871755 0.385029 0.0148711
264 0.871755 0.37249 0.0116284
265 0.871755 0.37607 0.0121608
266 0.871755 0.376891 0.01333
267 0.871755 0.373878 0.0124516
268 0.871755 0.378494 0.0114874
269 0.871755 0.38029 0.0126296
270 0.871755 0.370635 0.0115442
271 0.871755 0.371303 0.0113543
272 0.871755 0.386251 0.0159088
273 0.871755 0.369388 0.01372
274 0.871755 0.375505 0.0153245
275 0.871755 0.386358 0.0185809
276 0.871755 0.383063 0.0174245
277 0.871755 0.366642 0.0134483
278 0.871755 0.360868 0.013028
279 0.871755 0.380113 0.0171248
280 0.871755 0.374758 0.0156635
281 0.871755 0.37036 0.0117834
282 0.871755 0.367169 0.0142371
283 0.871755 0.376034 0.0162665
284 0.871755 0.361085 0.0142072
285 0.871755 0.371755 0.0137817
286 0.871755 0.377246 0.0132619
287 0.871755 0.368517 0.012501
288 0.871755 0.374646 0.0161609
289 0.871755 0.374674 0.0173307
290 0.871755 0.361626 0.0139434
291 0.871755 0.366615 0.0126481
292 0.871755 0.373372 0.0122765
293 0.871755 0.388424 0.0151567
294 0.871755 0.371567 0.0149297
295 0.871755 0.365969 0.0124487
296 0.871755 0.379094 0.0183785
297 0.871755 0.388337 0.0156352
298 0.871755 0.375491 0.0123472
299 0.871755 0.385271 0.012774
300 0.871755 0.368529 0.0113446
301 0.871755 0.380666 0.0158627
302 0.871755 0.397731 0.0151232
303 0.871755 0.402509 0.0136036
304 0.871755 0.397046 0.0187553
305 0.871755 0.387829 0.0147237
306 0.871755 0.379449 0.0130239
307 0.871755 0.393128 0.0193286
308 0.871755 0.382834 0.0122339
309 0.871755 0.386262 0.0140305
310 0.871755 0.389675 0.0168735
311 0.871755 0.399649 0.0172804
312 0.871755 0.405708 0.0172147
313 0.871755 0.400974 0.0170902
314 0.871755 0.409057 0.0183193
315 0.871755 0.385501 0.0157906
316 0.871755 0.391716 0.0146464
317 0.871755 0.39351 0.0146981
318 0.871755 0.388781 0.0148327
319 0.871755 0.379967 0.0147912
320 0.871755 0.397385 0.0169581
321 0.871755 0.386694 0.0172307
322 0.871755 0.379169 0.0173382
323 0.871755 0.400829 0.018462
324 0.871755 0.3872 0.0180046
325 0.871755 0.393986 0.0144399
326 0.871755 0.380831 0.0130015
327 0.871755 0.399425 0.0177607
328 0.871755 0.388345 0.0167384
329 0.871755 0.378336 0.0155082
330 0.871755 0.383017 0.0180347
331 0.871755 0.378428 0.0150428
332 0.871755 0.382636 0.0150694
333 0.871755 0.379424 0.0165563
334 0.871755 0.374048 0.0167629
335 0.871755 0.366266 0.0142438
336 0.871755 0.359625 0.0184011
337 0.871755 0.353501 0.0166194
338 0.871755 0.361894 0.013371
339 0.871755 0.368957 0.016354
340 0.871755 0.378129 0.0156811
341 0.871755 0.381552 0.0155517
342 0.871755 0.368313 0.012671
343 0.871755 0.360295 0.0118718
344 0.871755 0.354009 0.0118579
345 0.871755 0.369942 0.012386
346 0.871755 0.372894 0.0136491
347 0.871755 0.365564 0.0141098
348 0.871755 0.364212 0.0117407
349 0.871755 0.360776 0.0112954
350 0.871755 0.37922 0.0142669
351 0.871755 0.378351 0.0142106
352 0.871755 0.380566 0.0159136
353 0.871755 0.383092 0.015655
354 0.871755 0.379072 0.0108455
355 0.871755 0.396787 0.0140709
356 0.871755 0.389726 0.0138679
357 0.871755 0.381273 0.0129174
358 0.871755 0.376411 0.0131235
359 0.871755 0.384389 0.0145446
360 0.871755 0.398747 0.0164539
361 0.871755 0.397023 0.0156985
362 0.871755 0.382636 0.0158896
363 0.871755 0.383821 0.0145653
364 0.871755 0.390834 0.018246
365 0.871755 0.387093 0.0141656
366 0.871755 0.379237 0.0168655
367 0.871755 0.38027 0.0180809
368 0.871755 0.385074 0.0147104
369 0.871755 0.380086 0.0152543
370 0.871755 0.379102 0.0153775
371 0.871755 0.388518 0.0170965
372 0.871755 0.405458 0.0163704
373 0.871755 0.398942 0.015741
374 0.871755 0.411251 0.0179901
375 0.871755 0.41372 0.0162457
376 0.871755 0.410491 0.0214994
377 0.871755 0.388814 0.0148477
378 0.871755 0.384074 0.0139596
379 0.871755 0.386488 0.0129755
380 0.871755 0.394206 0.0155842
381 0.871755 0.392601 0.0167543
382 0.871755 0.386833 0.0164206
383 0.871755 0.400765 0.0186545
384 0.871755 0.382248 0.0162295
385 0.871755 0.389837 0.0161012
386 0.871755 0.395701 0.0163147
387 0.871755 0.402829 0.0183999
388 0.871755 0.380366 0.0183236
389 0.871755 0.383214 0.0144241
390 0.871755 0.388908 0.0171556
391 0.871755 0.410965 0.0191308
392 0.871755 0.404813 0.0159631
393 0.871755 0.394895 0.0159401
394 0.871755 0.394352 0.016869
395 0.871755 0.389374 0.0147846
396 0.871755 0.394578 0.0150907
397 0.871755 0.395394 0.0190065
398 0.871755 0.386636 0.0143198
399 0.871755 0.381287 0.01517
400 0.871755 0.385951 0.0132108
401 0.871755 0.384423 0.0167848
402 0.871755 0.394832 0.0180995
403 0.871755 0.391251 0.0166928
404 0.871755 0.381786 0.0159246
405 0.871755 0.391817 0.0178303
406 0.871755 0.382971 0.0157048
407 0.871755 0.376535 0.0153299
408 0.871755 0.37446 0.0151627
409 0.871755 0.380995 0.0181599
410 0.871755 0.371628 0.0151987
411 0.871755 0.389493 0.0217638
412 0.871755 0.386801 0.0142223
413 0.871755 0.384014 0.0134627
414 0.871755 0.374889 0.0137525
415 0.871755 0.388791 0.0156185
416 0.871755 0.393475 0.0219916
417 0.874698 0.381784 0.0167401
418 0.874698 0.384115 0.0164362
419 0.874698 0.377639 0.0126935
420 0.874698 0.396305 0.0154889
421 0.874698 0.389621 0.0151132
422 0.874698 0.394086 0.0133997
423 0.874698 0.38761 0.014558
424 0.874698 0.385157 0.0123296
425 0.874698 0.39211 0.0168578
426 0.874698 0.389291 0.0168003
427 0.874698 0.388071 0.0172304
428 0.874698 0.373296 0.0139391
429 0.874698 0.368054 0.014893
430 0.874698 0.369861 0.0174934
431 0.874698 0.371846 0.0161336
432 0.874698 0.373186 0.0172677
433 0.874698 0.361567 0.0158014
434 0.874698 0.368331 0.016522
435 0.874698 0.368326 0.01517
436 0.874698 0.365214 0.015658
437 0.874698 0.374553 0.0165648
438 0.874698 0.374845 0.018637
439 0.874698 0.365555 0.0131684
440 0.874698 0.374863 0.0152919
441 0.874698 0.365538 0.0179755
442 0.874698 0.381001 0.0162776
443 0.874698 0.387099 0.0170188
444 0.874698 0.386833 0.0159187
445 0.874799 0.394449 0.0159478
446 0.874799 0.390682 0.0170976
447 0.874799 0.39064 0.0138108
448 0.874799 0.38019 0.015423
449 0.874799 0.383236 0.0176284
450 0.874799 0.371092 0.0144278
451 0.874799 0.369856 0.0140659
452 0.874799 0.368155 0.0137566
453 0.874799 0.379207 0.0124633
454 0.874799 0.385766 0.0152361
455 0.878856 0.389562 0.0159332
456 0.878856 0.38533 0.0175374
457 0.878856 0.379284 0.0128786
458 0.878856 0.393281 0.0152471
459 0.878856 0.368659 0.0120843
460 0.878856 0.366669 0.0125702
461 0.878856 0.372157 0.0135049
462 0.878856 0.388049 0.0165216
463 0.878856 0.389038 0.0139814
464 0.878856 0.381617 0.0149944
465 0.878856 0.384122 0.0129791
466 0.878856 0.390598 0.0135898
467 0.878856 0.392815 0.0138523
468 0.878856 0.396274 0.0159685
469 0.878856 0.374629 0.0141649
470 0.878856 0.394018 0.0152203
471 0.878856 0.388065 0.0146462
472 0.878856 0.368445 0.0146601
473 0.878856 0.370196 0.0148923
474 0.878856 0.372497 0.017301
475 0.878856 0.37969 0.0150182
476 0.878856 0.359499 0.0119306
477 0.885107 0.361481 0.0145921
478 0.885107 0.378898 0.0170518
479 0.885107 0.389656 0.0186192
480 0.885107 0.370531 0.0207414
481 0.885107 0.384534 0.0195444
482 0.885107 0.380218 0.0181427
483 0.885107 0.380482 0.0152933
484 0.885107 0.387445 0.0182812
485 0.885107 0.371342 0.0132561
486 0.885107 0.367716 0.013176
487 0.885107 0.386955 0.0184138
488 0.885107 0.382534 0.0187099
489 0.885107 0.395892 0.0201109
490 0.885107 0.386747 0.0155573
491 0.885107 0.393061 0.0180254
492 0.885107 0.39308 0.0201388
493 0.885107 0.397483 0.0155054
494 0.885107 0.382273 0.0168403
495 0.885107 0.384543 0.0141697
496 0.885107 0.367062 0.0121271
497 0.885107 0.371955 0.0172545
498 0.885107 0.358984 0.0153908
499 0.885107 0.369882 0.0149518
500 0.885107 0.370265 0.0160275
501 0.885107 0.373687 0.0146731
502 0.885107 0.363614 0.0143903
503 0.885107 0.377124 0.0155249
504 0.885107 0.376359 0.0147413
505 0.885107 0.369773 0.0143575
506 0.885107 0.364799 0.0185168
507 0.885107 0.389113 0.0187741
508 0.885107 0.382782 0.0171662
509 0.885107 0.382299 0.0157371
510 0.885107 0.389913 0.016377
511 0.885107 0.382717 0.0150489
512 0.885107 0.385054 0.0139964
513 0.885107 0.3966 0.0168116
514 0.885107 0.415382 0.0212976
515 0.885107 0.428491 0.0195871
516 0.885107 0.408871 0.0184731
517 0.885107 0.394321 0.0145292
518 0.885107 0.389091 0.0145235
519 0.885107 0.387809 0.0140566
520 0.885107 0.394628 0.0175566
521 0.885107 0.395711 0.0145758
522 0.885107 0.388379 0.0146715
523 0.885107 0.373075 0.0140376
524 0.885107 0.374825 0.0156792
525 0.885107 0.398712 0.0151165
526 0.885107 0.40504 0.0154497
527 0.885107 0.406008 0.0138845
528 0.885107 0.406311 0.0143548
529 0.885107 0.395664 0.0150186
530 0.885107 0.384771 0.0155502
531 0.885107 0.398675 0.0182045
532 0.885107 0.397514 0.0171237
533 0.885107 0.395204 0.015054
534 0.885107 0.40136 0.0147097
535 0.885107 0.40094 0.0146902
536 0.885107 0.398599 0.013855
537 0.885107 0.398947 0.0143733
538 0.885107 0.381494 0.0153608
539 0.885107 0.388731 0.0132221
540 0.885107 0.41144 0.0169948
541 0.885107 0.402301 0.0159399
542 0.885107 0.409179 0.0162803
543 0.885107 0.395207 0.0146714
544 0.885107 0.391975 0.0178856
545 0.885107 0.389787 0.0167242
546 0.885107 0.389693 0.0188821
547 0.885107 0.38427 0.0168668
548 0.885107 0.372249 0.0153581
549 0.885107 0.387413 0.0146553
550 0.885107 0.388147 0.01626
551 0.885107 0.394115 0.0166358
552 0.885107 0.389226 0.0166057
553 0.886407 0.393518 0.0171878
554 0.886546 0.390805 0.016977
555 0.886546 0.399516 0.0200136
556 0.886546 0.392298 0.0164176
557 0.886546 0.386826 0.015689
558 0.886546 0.384054 0.0162143
559 0.886546 0.404424 0.0195327
560 0.89596 0.40129 0.0191921
561 0.89596 0.418304 0.0193387
562 0.89596 0.414274 0.0178958
563 0.89596 0.406192 0.0153812
564 0.89596 0.408529 0.0169686
565 0.89596 0.413316 0.0172635
566 0.89596 0.39955 0.0175955
567 0.89596 0.415882 0.0195467
568 0.89596 0.38406 0.0141035
569 0.89596 0.384607 0.0159991
570 0.89596 0.368509 0.0137428
571 0.89596 0.376785 0.015165
572 0.89596 0.380306 0.0139625
573 0.89596 0.388525 0.0165817
574 0.89596 0.371726 0.0158877
575 0.89596 0.375688 0.0202518
576 0.89596 0.378766 0.017569
577 0.89596 0.380299 0.0164625
578 0.89596 0.369045 0.0196597
579 0.89596 0.382971 0.0202793
580 0.89596 0.386187 0.0182979
581 0.89596 0.383293 0.021119
582 0.89596 0.379189 0.0164685
583 0.89596 0.36508 0.0120736
584 0.89596 0.380774 0.0163431
585 0.89596 0.382611 0.0146214
586 0.89596 0.375459 0.0143665
587 0.89596 0.385943 0.0159909
588 0.89596 0.365473 0.0144212
589 0.89596 0.369773 0.0152877
590 0.89596 0.374212 0.0166577
591 0.89596 0.366911 0.0133275
592 0.89596 0.382974 0.0163129
593 0.89596 0.366921 0.0131639
594 0.89596 0.39269 0.0158596
595 0.89596 0.385674 0.0185842
596 0.89596 0.38513 0.0175728
597 0.89596 0.386087 0.0161631
598 0.89596 0.400792 0.0177141
599 0.89596 0.404816 0.0203622
600 0.89596 0.399243 0.0190296
601 0.89596 0.403588 0.0203021
602 0.89596 0.395071 0.0190014
603 0.89596 0.404423 0.0184595
604 0.89596 0.413295 0.0243805
605 0.89596 0.399556 0.0139147
606 0.89596 0.397842 0.016586
607 0.89596 0.401877 0.0179584
608 0.89596 0.397605 0.0149665
609 0.89596 0.400834 0.0130051
610 0.89596 0.387069 0.0151474
611 0.89596 0.369146 0.0127789
612 0.89596 0.37606 0.014795
613 0.89596 0.386099 0.0130551
614 0.89596 0.420352 0.0207533
615 0.89596 0.385026 0.0136932
616 0.89596 0.376965 0.0184789
617 0.89596 0.380401 0.0171943
618 0.89596 0.389102 0.018753
619 0.89596 0.367683 0.0138588
620 0.89596 0.365303 0.0144057
621 0.89596 0.379859 0.0129147
622 0.89596 0.366339 0.013171
623 0.89596 0.385929 0.0157413
624 0.89596 0.402237 0.0181971
625 0.89596 0.37998 0.0180933
626 0.89596 0.375937 0.0152231
627 0.89596 0.392584 0.0180644
628 0.89596 0.370025 0.0142184
629 0.89596 0.384172 0.013614
630 0.89596 0.378327 0.0146199
631 0.89596 0.384431 0.0170071
632 0.89596 0.376765 0.0150187
633 0.89596 0.36882 0.0147488
634 0.89596 0.367523 0.0173356
635 0.89596 0.360847 0.014797
636 0.89596 0.364206 0.0137908
637 0.89596 0.349847 0.0130815
638 0.89596 0.365645 0.0159544
639 0.89596 0.376546 0.015631
640 0.89596 0.384995 0.0183136
641 0.89596 0.383285 0.0172093
642 0.89596 0.38676 0.016057
643 0.89596 0.382483 0.0174812
644 0.89596 0.383626 0.0187087
645 0.89596 0.375995 0.0167201
646 0.89596 0.367106 0.0151625
647 0.89596 0.378706 0.0148611
648 0.89596 0.374535 0.0153049
649 0.89596 0.382237 0.0161301
650 0.89596 0.381791 0.0143972
651 0.89596 0.375222 0.0133411
652 0.89596 0.392643 0.014057
653 0.89596 0.378481 0.0153093
654 0.89596 0.389553 0.0153855
655 0.89596 0.399437 0.016161
656 0.89596 0.388051 0.0195814
657 0.89596 0.39179 0.0219861
658 0.89596 0.390629 0.0185265
659 0.89596 0.388794 0.0183891
660 0.89596 0.40341 0.0202902
661 0.89596 0.397747 0.0201008
662 0.89596 0.393706 0.0174254
663 0.89596 0.39732 0.0160005
664 0.89596 0.388729 0.0190448
665 0.89596 0.390496 0.0130132
666 0.89596 0.390999 0.0183624
667 0.89596 0.383715 0.0177195
668 0.89596 0.420056 0.0183836
669 0.89596 0.393163 0.0164369
670 0.89596 0.390108 0.0165097
671 0.89596 0.387848 0.0159275
672 0.89596 0.370854 0.0137586
673 0.89596 0.381567 0.0168903
674 0.89596 0.378515 0.0142096
675 0.89596 0.381815 0.0138199
676 0.89596 0.379869 0.0160716
677 0.89596 0.376219 0.0160259
678 0.89596 0.400186 0.0189987
679 0.89596 0.403271 0.0148632
680 0.89596 0.386709 0.0186139
681 0.89596 0.37158 0.0163898
682 0.89596 0.387318 0.0181762
683 0.89596 0.374275 0.0186551
684 0.89596 0.371228 0.0161917
685 0.89596 0.367453 0.0136788
686 0.89596 0.381709 0.0161403
687 0.89596 0.396649 0.0186484
688 0.89596 0.379499 0.0148206
689 0.89596 0.388164 0.0160587
690 0.89596 0.385519 0.0150663
691 0.89596 0.363297 0.0141286
692 0.89596 0.392958 0.0197652
693 0.89596 0.413139 0.0175979
694 0.89596 0.402843 0.016746
695 0.89596 0.40819 0.0184586
696 0.89596 0.391602 0.017266
697 0.89596 0.410296 0.0192102
698 0.89596 0.404879 0.0173329
699 0.89596 0.398971 0.0182654
700 0.89596 0.379463 0.0151758
701 0.89596 0.384077 0.0156635
702 0.89596 0.391554 0.0176524
703 0.89596 0.387728 0.01985
704 0.89596 0.395906 0.017283
705 0.89596 0.389285 0.0186697
706 0.89596 0.38576 0.0164207
707 0.89596 0.385358 0.0118829
708 0.89596 0.385345 0.0167405
709 0.89596 0.381712 0.0189862
710 0.89596 0.392277 0.01774
711 0.89596 0.380054 0.0174821
712 0.89596 0.387552 0.0145101
713 0.89596 0.388045 0.0168602
714 0.89596 0.39151 0.0172142
715 0.89596 0.379623 0.0163604
716 0.89596 0.387114 0.0130728
717 0.89596 0.388649 0.0153447
718 0.89596 0.393527 0.0173247
719 0.89596 0.369526 0.015037
720 0.89596 0.384505 0.0158255
721 0.89596 0.397811 0.0154959
722 0.89596 0.383923 0.0163394
723 0.89596 0.392387 0.0139806
724 0.89596 0.384949 0.0141744
725 0.89596 0.394831 0.0171883
726 0.89596 0.384029 0.0135442
727 0.89596 0.38771 0.0144503
728 0.89596 0.392322 0.014173
729 0.89596 0.405502 0.014564
730 0.89596 0.395435 0.0140578
731 0.89596 0.372592 0.0118354
732 0.89596 0.390881 0.021238
733 0.89596 0.375905 0.017559
734 0.89596 0.370711 0.0140155
735 0.89596 0.363691 0.0162415
736 0.89596 0.377468 0.0152537
737 0.89596 0.379634 0.0138276
738 0.89596 0.376732 0.014874
739 0.89596 0.383868 0.0183443
740 0.89596 0.393908 0.0191251
741 0.89596 0.383473 0.0145082
742 0.89596 0.395923 0.0182079
743 0.89596 0.388943 0.0147997
744 0.89596 0.378779 0.0130086
745 0.89596 0.38206 0.0139875
746 0.89596 0.376688 0.0134506
747 0.89596 0.388769 0.0125105
748 0.89596 0.393799 0.0166915
749 0.89596 0.399654 0.0173849
750 0.89596 0.372691 0.0170104
751 0.89596 0.381512 0.0157638
752 0.89596 0.370138 0.0155378
753 0.89596 0.367482 0.0184258
754 0.89596 0.376488 0.0189283
755 0.89596 0.374059 0.0168693
756 0.89596 0.380391 0.015965
757 0.89596 0.383485 0.0148699
758 0.89596 0.386675 0.0173398
759 0.89596 0.379968 0.0150425
760 0.89596 0.368068 0.0158706
761 0.89596 0.380332 0.0161596
762 0.89596 0.380303 0.0158494
763 0.89596 0.370141 0.0180848
764 0.89596 0.362219 0.0141356
765 0.89596 0.357023 0.0135006
766 0.89596 0.363011 0.0138287
767 0.89596 0.371405 0.0180024
768 0.89596 0.363789 0.0125141
769 0.89596 0.368953 0.015041
770 0.89596 0.365661 0.0167527
771 0.89596 0.374883 0.0169086
772 0.89596 0.374374 0.0163389
773 0.89596 0.383571 0.0209765
774 0.89596 0.379802 0.0189025
775 0.89596 0.389343 0.0167452
776 0.89596 0.394537 0.0181894
777 0.89596 0.407184 0.0208194
778 0.89596 0.391483 0.0170846
779 0.89596 0.385898 0.016447
780 0.89596 0.375494 0.0153186
781 0.89596 0.389021 0.0154112
782 0.89596 0.392767 0.0161181
783 0.89596 0.380644 0.0149696
784 0.89596 0.374743 0.0187172
785 0.89596 0.375976 0.0189393
786 0.89596 0.3734 0.0199305
787 0.89596 0.369382 0.0178572
788 0.89596 0.369485 0.0138586
789 0.89596 0.381358 0.0149027
790 0.89596 0.374021 0.0190348
791 0.89596 0.370963 0.0169739
792 0.89596 0.380187 0.0154873
793 0.89596 0.38733 0.0170056
794 0.89596 0.394161 0.0165707
795 0.89596 0.380686 0.0172541
796 0.89596 0.376302 0.0131159
797 0.89596 0.377237 0.01875
798 0.89596 0.399339 0.0170164
799 0.89596 0.409595 0.015762
800 0.89596 0.394031 0.0140188
801 0.89596 0.405862 0.0147304
802 0.89596 0.382653 0.0147588
803 0.89596 0.369336 0.0148509
804 0.89596 0.373105 0.0142164
805 0.89596 0.376732 0.0157914
806 0.89596 0.383195 0.0174164
807 0.89596 0.387805 0.0154016
808 0.89596 0.3907 0.018395
809 0.89596 0.386548 0.0145034
810 0.89596 0.39706 0.0187085
811 0.89596 0.390105 0.0158883
812 0.89596 0.390904 0.0165058
813 0.89596 0.375399 0.016381
814 0.89596 0.382936 0.0170907
815 0.89596 0.382416 0.0130276
816 0.89596 0.368595 0.0158458
817 0.89596 0.361343 0.0180834
818 0.89596 0.371854 0.0159066
819 0.89596 0.376017 0.0173467
820 0.89596 0.372111 0.017387
821 0.89596 0.369708 0.0179013
822 0.89596 0.379755 0.0175976
823 0.89596 0.384026 0.0167471
824 0.89596 0.385059 0.0148032
825 0.89596 0.388356 0.0170082
826 0.89596 0.398066 0.0173847
827 0.89596 0.394224 0.0187961
828 0.89596 0.382137 0.0166831
829 0.89596 0.38939 0.0169862
830 0.89596 0.386361 0.0147509
831 0.89596 0.395384 0.016544
832 0.89596 0.394333 0.0128811
833 0.89596 0.391592 0.0165532
834 0.89596 0.389725 0.0159861
835 0.89596 0.394242 0.0187353
836 0.89596 0.392183 0.0165074
837 0.89596 0.413705 0.0160936
838 0.89596 0.411285 0.0152355
839 0.89596 0.393349 0.0144317
840 0.89596 0.416738 0.0173881
841 0.89596 0.409532 0.0163866
842 0.89596 0.396072 0.017721
843 0.89596 0.41345 0.0181262
844 0.89596 0.388026 0.0155324
845 0.89596 0.394242 0.0171332
846 0.89596 0.400172 0.0175149
847 0.89596 0.411436 0.0153407
848 0.89596 0.401162 0.0182972
849 0.89596 0.390166 0.0178005
850 0.89596 0.412969 0.0169285
851 0.89596 0.409186 0.0184481
852 0.89596 0.405701 0.0198843
853 0.89596 0.40133 0.0142365
854 0.89596 0.413647 0.0161227
855 0.89596 0.407055 0.0155567
856 0.89596 0.425404 0.0182044
857 0.89596 0.40475 0.0180416
858 0.89596 0.39403 0.0170155
859 0.89596 0.396191 0.0163573
860 0.89596 0.417182 0.0188374
861 0.89596 0.398309 0.0164444
862 0.89596 0.392409 0.0145016
863 0.89596 0.403388 0.0154426
864 0.89596 0.410929 0.0164028
865 0.89596 0.415891 0.0175431
866 0.89596 0.408155 0.0150438
867 0.89596 0.418768 0.0215254
868 0.89596 0.40193 0.0162892
869 0.89596 0.405281 0.0228688
870 0.89596 0.378359 0.0179469
871 0.89596 0.397328 0.0197649
872 0.89596 0.383213 0.0207309
873 0.89596 0.378214 0.0175843
874 0.89596 0.394241 0.0176846
875 0.89596 0.395277 0.0192146
876 0.89596 0.40497 0.0211658
877 0.89596 0.39529 0.01908
878 0.89596 0.384491 0.0206219
879 0.89596 0.398982 0.0190032
880 0.89596 0.395989 0.0134287
881 0.89596 0.381902 0.0156893
882 0.89596 0.390108 0.0208634
883 0.89596 0.380635 0.0203398
884 0.89596 0.396984 0.0209877
885 0.89596 0.399343 0.0168865
886 0.89596 0.383679 0.0165968
887 0.897533 0.379972 0.0202999
888 0.897533 0.373001 0.0154017
889 0.897533 0.367053 0.0135708
890 0.897533 0.359074 0.0143944
891 0.897533 0.381282 0.0182486
892 0.897533 0.398727 0.0200635
893 0.897533 0.38777 0.0157279
894 0.897533 0.383259 0.0160529
895 0.897533 0.394267 0.0146327
896 0.897533 0.392794 0.0137273
897 0.897533 0.413107 0.0187732
898 0.897533 0.40591 0.0150614
899 0.897533 0.392421 0.0146421
900 0.897533 0.401556 0.0151955
901 0.897533 0.413165 0.0170633
902 0.897533 0.400484 0.0154721
903 0.897533 0.406228 0.0183347
904 0.897533 0.393778 0.0147408
905 0.897533 0.407789 0.0184815
906 0.897533 0.405506 0.0189151
907 0.897533 0.405672 0.0164846
908 0.897533 0.399391 0.0178268
909 0.897533 0.411818 0.01623
910 0.897533 0.419213 0.0162045
911 0.897533 0.407005 0.0146868
912 0.897533 0.42204 0.0176607
913 0.897533 0.429 0.0213905
914 0.897533 0.415591 0.0175357
915 0.897533 0.422649 0.018376
916 0.897533 0.428168 0.0127212
917 0.897533 0.427001 0.0152528
918 0.897533 0.420765 0.0135472
919 0.897533 0.418695 0.0164624
920 0.897533 0.420974 0.0150387
921 0.897533 0.406014 0.0147616
922 0.897533 0.403802 0.0149479
923 0.897533 0.400018 0.0142601
924 0.897533 0.408824 0.0175754
925 0.897533 0.408204 0.0173223
926 0.897533 0.414196 0.0173276
927 0.897533 0.4176 0.0155562
928 0.897533 0.408288 0.0161255
929 0.897533 0.407804 0.018127
930 0.897533 0.419863 0.0191669
931 0.897533 0.414297 0.0159996
932 0.897533 0.427081 0.0174529
933 0.897533 0.410853 0.0158115
934 0.897533 0.408774 0.0149517
935 0.897533 0.412464 0.0165862
936 0.897533 0.406465 0.0165608
937 0.897533 0.389888 0.0160324
938 0.897533 0.411279 0.0155359
939 0.897533 0.404115 0.0142133
940 0.897533 0.415829 0.0165762
941 0.897533 0.402826 0.0161833
942 0.897533 0.384571 0.0150792
943 0.897533 0.390941 0.017292
944 0.897533 0.395833 0.0173711
945 0.897533 0.384883 0.0149003
946 0.897533 0.411748 0.0177808
947 0.897533 0.40355 0.0167661
948 0.897533 0.402142 0.0172271
949 0.897533 0.400115 0.0162791
950 0.897533 0.409455 0.0177147
951 0.897533 0.382079 0.0148391
952 0.897533 0.387716 0.0172581
953 0.897533 0.385734 0.0145958
954 0.897533 0.381831 0.0145924
955 0.897533 0.395643 0.0150721
956 0.897533 0.400639 0.014009
957 0.897533 0.392401 0.014146
958 0.897533 0.394652 0.0137268
959 0.897533 0.395052 0.0174996
960 0.897533 0.391966 0.0178073
961 0.897533 0.389603 0.0148009
962 0.897533 0.389418 0.0155578
963 0.897533 0.403076 0.0187137
964 0.897533 0.405007 0.0177494
965 0.897533 0.415476 0.0180168
966 0.897533 0.413443 0.0154233
967 0.897533 0.402852 0.0118671
968 0.897533 0.395225 0.0132221
969 0.897533 0.397531 0.0141708
970 0.897533 0.404385 0.0196169
971 0.897533 0.398236 0.0148673
972 0.897533 0.401457 0.0157782
973 0.897533 0.409326 0.0165315
974 0.897533 0.407864 0.0168597
975 0.897533 0.406322 0.0163734
976 0.897533 0.402895 0.0173256
977 0.897533 0.389495 0.0147439
978 0.897533 0.404011 0.0148719
979 0.897533 0.406373 0.0162977
980 0.897533 0.399769 0.0167589
981 0.897533 0.398495 0.0165811
982 0.897533 0.379234 0.0163569
983 0.897533 0.394142 0.0154245
984 0.897533 0.397653 0.0182019
985 0.897533 0.398173 0.0186549
986 0.897533 0.38969 0.0165004
987 0.897533 0.39297 0.013743
988 0.897533 0.392832 0.0156451
989 0.897533 0.389767 0.0135933
990 0.897533 0.395289 0.0164788
991 0.897533 0.382646 0.0168996
992 0.897533 0.393968 0.0183588
993 0.897533 0.396349 0.0165381
994 0.897533 0.404756 0.0165576
995 0.897533 0.418435 0.0197518
996 0.897533 0.398927 0.0196731
997 0.897533 0.385268 0.017092
998 0.897533 0.394941 0.0191179
999 0.897533 0.386177 0.0162362
1000 0.897533 0.387893 0.0170182
