0 0.303457 0.249882 0.000336624
1 0.307882 0.249006 0.000504729
2 0.324033 0.249213 0.000468718
3 0.333411 0.251823 0.000486916
4 0.340614 0.254619 0.000461428
5 0.405416 0.256144 0.000769181
6 0.405416 0.25037 0.000679517
7 0.422459 0.25605 0.00130616
8 0.422459 0.258389 0.00161332
9 0.422459 0.25806 0.00135654
10 0.422459 0.258587 0.00151727
11 0.434614 0.261606 0.00146143
12 0.444191 0.25945 0.0024017
13 0.444191 0.257243 0.00199004
14 0.444191 0.260189 0.00137195
15 0.444191 0.259725 0.00158223
16 0.444191 0.260625 0.00142751
17 0.510523 0.266927 0.00249304
18 0.510523 0.262285 0.00232057
19 0.510523 0.261705 0.00244148
20 0.511329 0.266554 0.00327462
21 0.511329 0.262589 0.00286377
22 0.514813 0.265158 0.00321445
23 0.514813 0.259948 0.00327588
24 0.514813 0.259963 0.0033044
25 0.514813 0.265644 0.00430161
26 0.514813 0.256264 0.00244105
27 0.514813 0.257822 0.0024733
28 0.517461 0.26611 0.00457691
29 0.517461 0.2681 0.00449609
30 0.517461 0.275549 0.00552843
31 0.517461 0.268988 0.00401973
32 0.524066 0.273437 0.00440215
33 0.524066 0.270202 0.00364178
34 0.524066 0.271869 0.00408675
35 0.524066 0.278515 0.0050208
36 0.524066 0.280754 0.00552035
37 0.524066 0.264994 0.00366804
38 0.524066 0.263641 0.00393755
39 0.524066 0.273055 0.0044677
40 0.524066 0.272253 0.00482178
41 0.524066 0.271181 0.00521375
42 0.524747 0.268732 0.0058149
43 0.527932 0.271751 0.00601432
44 0.527932 0.27671 0.00563674
45 0.527932 0.270778 0.0059005
46 0.527932 0.267118 0.00539101
47 0.527932 0.268732 0.00472672
48 0.527932 0.275863 0.00468414
49 0.575819 0.279202 0.00572848
50 0.575819 0.273014 0.00502472
51 0.575819 0.270862 0.00502693
52 0.591576 0.275279 0.00524383
53 0.591576 0.277341 0.00592988
54 0.591576 0.275979 0.00666763
55 0.591576 0.278637 0.00795651
56 0.591576 0.281267 0.00797555
57 0.615896 0.285483 0.00962785
58 0.615896 0.276788 0.00616122
59 0.615896 0.276723 0.00539203
60 0.615896 0.271505 0.00464384
61 0.615896 0.27793 0.00574578
62 0.615896 0.284378 0.00591607
63 0.615896 0.277422 0.00588359
64 0.615896 0.283597 0.00699377
65 0.615896 0.275612 0.00585444
66 0.615896 0.285713 0.00693414
67 0.615896 0.28665 0.0076767
68 0.617053 0.289054 0.00808688
69 0.617053 0.276173 0.00674928
70 0.617053 0.289608 0.00774839
71 0.632559 0.287192 0.00726034
72 0.632559 0.299703 0.00825298
73 0.632559 0.2971 0.00948503
74 0.632559 0.292568 0.0082048
75 0.632559 0.293464 0.00667456
76 0.636516 0.302883 0.00762844
77 0.639309 0.309398 0.0084647
78 0.70681 0.315689 0.0114019
79 0.70681 0.306248 0.00811951
80 0.70681 0.303941 0.00836673
81 0.808074 0.315048 0.0106714
82 0.808074 0.320495 0.0125965
83 0.808074 0.324519 0.0140398
84 0.808074 0.325543 0.0144259
85 0.808074 0.329004 0.0147536
86 0.808074 0.329782 0.0131065
87 0.808074 0.315095 0.0102753
88 0.808074 0.328949 0.0128499
89 0.808074 0.338336 0.0138533
90 0.808074 0.328404 0.0129528
91 0.808074 0.327669 0.0142998
92 0.808074 0.339323 0.0134612
93 0.808074 0.349861 0.0123047
94 0.808074 0.336107 0.0133484
95 0.808074 0.341005 0.0147285
96 0.808074 0.345098 0.0143144
97 0.808074 0.363477 0.0148492
98 0.841633 0.364336 0.0163026
99 0.841633 0.349098 0.0186925
100 0.841633 0.365038 0.0152917
101 0.841633 0.346099 0.0139456
102 0.841633 0.355278 0.0152966
103 0.841633 0.356239 0.0139209
104 0.841633 0.348784 0.0133082
105 0.841633 0.346198 0.0123827
106 0.841633 0.355965 0.0140393
107 0.841633 0.355529 0.0156251
108 0.841633 0.363829 0.0170606
109 0.841633 0.344804 0.0138025
110 0.843215 0.356741 0.0166368
111 0.843215 0.35672 0.0158393
112 0.843215 0.361048 0.0173669
113 0.843215 0.355761 0.0134981
114 0.843215 0.370768 0.0170803
115 0.843215 0.370825 0.0186984
116 0.843215 0.372902 0.0188839
117 0.843215 0.365051 0.0127494
118 0.843215 0.35691 0.0124309
119 0.843215 0.345011 0.0117612
120 0.843215 0.364125 0.0153201
121 0.843215 0.35112 0.0147489
122 0.843215 0.36613 0.0151932
123 0.843215 0.352581 0.0136804
124 0.843215 0.361775 0.0147906
125 0.843215 0.366218 0.0155875
126 0.843215 0.372856 0.0176676
127 0.843215 0.377615 0.020129
128 0.843215 0.375725 0.0167018
129 0.843215 0.384331 0.0135481
130 0.843215 0.358436 0.0121429
131 0.843215 0.369756 0.01555
132 0.843215 0.368816 0.0155888
133 0.843215 0.38551 0.0154752
134 0.843215 0.379943 0.0163319
135 0.843215 0.373208 0.0178552
136 0.843215 0.370151 0.0135736
137 0.843215 0.383318 0.0154904
138 0.843215 0.37121 0.0133773
139 0.848228 0.390885 0.0196675
140 0.848228 0.385417 0.0179431
141 0.848228 0.380891 0.0187939
142 0.848228 0.363614 0.0177695
143 0.848228 0.355698 0.0130425
144 0.848228 0.365162 0.0123648
145 0.848228 0.364965 0.0147069
146 0.848228 0.353011 0.0136035
147 0.848228 0.368108 0.013876
148 0.848228 0.37187 0.0153199
149 0.848228 0.368683 0.0157444
150 0.848228 0.364247 0.0132377
151 0.848228 0.364308 0.0157992
152 0.848228 0.3769 0.0177821
153 0.848228 0.352982 0.0176902
154 0.848228 0.351916 0.0146868
155 0.848228 0.370833 0.015461
156 0.848228 0.369851 0.0174365
157 0.848228 0.379325 0.0157906
158 0.848228 0.386456 0.0201539
159 0.848228 0.368976 0.0178313
160 0.848228 0.362723 0.0143299
161 0.848228 0.349489 0.0146616
162 0.848228 0.366326 0.0168421
163 0.848228 0.366777 0.0158779
164 0.848228 0.362863 0.0168176
165 0.848228 0.359968 0.0143775
166 0.848228 0.356486 0.0147734
167 0.848228 0.370708 0.0174866
168 0.848228 0.364474 0.0175882
169 0.848228 0.375429 0.0180443
170 0.848228 0.366401 0.0166996
171 0.848228 0.365174 0.0160456
172 0.848228 0.345594 0.013312
173 0.848228 0.35114 0.0169839
174 0.848228 0.358038 0.0184727
175 0.848228 0.355752 0.0186216
176 0.848228 0.395171 0.0207606
177 0.848228 0.376945 0.0178205
178 0.848228 0.380094 0.0175122
179 0.848228 0.389589 0.0191234
180 0.848228 0.370738 0.0163478
181 0.848228 0.357273 0.0164928
182 0.848228 0.354492 0.014005
183 0.848228 0.347689 0.0142881
184 0.848228 0.364204 0.0176109
185 0.848228 0.349546 0.0151114
186 0.848228 0.370688 0.0171023
187 0.848228 0.366358 0.0192589
188 0.848228 0.360093 0.0172053
189 0.848228 0.382418 0.0187553
190 0.848228 0.382135 0.0182686
191 0.848228 0.377136 0.0150533
192 0.848228 0.378148 0.0179996
193 0.848228 0.373916 0.0174631
194 0.848228 0.386952 0.0194823
195 0.848228 0.400494 0.0221261
196 0.848228 0.401762 0.0195236
197 0.848228 0.405908 0.0217969
198 0.848228 0.40582 0.0183992
199 0.848228 0.385491 0.0178802
200 0.848228 0.38765 0.0167289
201 0.848228 0.403201 0.0196077
202 0.848228 0.390189 0.01847
203 0.848228 0.397377 0.0167472
204 0.848228 0.385516 0.0163839
205 0.848228 0.391757 0.0164141
206 0.848228 0.399577 0.0198216
207 0.848228 0.405978 0.0157358
208 0.848228 0.397437 0.0205254
209 0.848228 0.39559 0.0197629
210 0.848228 0.379026 0.0188208
211 0.848228 0.404087 0.0209142
212 0.848228 0.398666 0.0190407
213 0.848228 0.3877 0.0185107
214 0.848228 0.390045 0.0175409
215 0.848228 0.385145 0.0161021
216 0.848228 0.406168 0.0197792
217 0.848228 0.398932 0.0239487
218 0.856771 0.386391 0.0211131
219 0.856771 0.398772 0.0213038
220 0.856771 0.389885 0.020415
221 0.856771 0.359302 0.0147178
222 0.856771 0.367997 0.016652
223 0.856771 0.362153 0.0172551
224 0.858507 0.387268 0.0220469
225 0.858507 0.392012 0.0197572
226 0.858507 0.387114 0.0206243
227 0.858507 0.397081 0.016472
228 0.858507 0.398789 0.0233776
229 0.858507 0.375485 0.018984
230 0.858507 0.375993 0.0199448
231 0.858507 0.400117 0.0213249
232 0.864571 0.396946 0.0202526
233 0.864571 0.405922 0.0191467
234 0.864571 0.400508 0.021571
235 0.864571 0.381755 0.0193317
236 0.864571 0.390845 0.0233343
237 0.864571 0.393383 0.0238043
238 0.864571 0.421602 0.024374
239 0.864571 0.42696 0.0221732
240 0.864571 0.420362 0.0164481
241 0.864571 0.412274 0.0195782
242 0.864571 0.400724 0.0186829
243 0.864571 0.400836 0.0191598
244 0.864571 0.410078 0.0184811
245 0.864571 0.399879 0.0209953
246 0.864571 0.39967 0.0205646
247 0.864571 0.404011 0.0190967
248 0.864571 0.410897 0.0182121
249 0.864571 0.395529 0.0202555
250 0.864571 0.399442 0.0208028
251 0.864571 0.398298 0.021688
252 0.864571 0.424074 0.0210766
253 0.864571 0.39614 0.0197632
254 0.864571 0.400183 0.0202886
255 0.864571 0.409863 0.0184087
256 0.864571 0.403098 0.0183868
257 0.864571 0.411455 0.0187856
258 0.864571 0.426417 0.0204085
259 0.864571 0.419231 0.020183
260 0.864571 0.435909 0.024118
261 0.864571 0.453267 0.0250417
262 0.864571 0.428139 0.0189688
263 0.864571 0.42245 0.0181948
264 0.864571 0.436364 0.022549
265 0.864571 0.433273 0.0226956
266 0.864571 0.433088 0.0251509
267 0.864571 0.431439 0.0188159
268 0.876652 0.419164 0.022048
269 0.876652 0.41928 0.017878
270 0.876652 0.412064 0.0209493
271 0.876652 0.40367 0.0199661
272 0.876652 0.407836 0.0215369
273 0.876652 0.437589 0.0242291
274 0.876652 0.424613 0.0289774
275 0.876652 0.426948 0.0265821
276 0.876652 0.405371 0.0266038
277 0.876652 0.417138 0.0252691
278 0.876652 0.408258 0.0237911
279 0.876652 0.429119 0.0235086
280 0.876652 0.439373 0.0211331
281 0.876652 0.430351 0.0243847
282 0.876652 0.422494 0.018456
283 0.876652 0.395802 0.0201678
284 0.876652 0.431024 0.0209917
285 0.876652 0.425483 0.0219619
286 0.876652 0.427939 0.0197282
287 0.904048 0.433198 0.0216357
288 0.904048 0.452115 0.0260381
289 0.904048 0.425754 0.0244429
290 0.919964 0.442715 0.0255724
291 0.919964 0.435565 0.0234365
292 0.919964 0.4604 0.0267406
293 0.919964 0.434365 0.0231412
294 0.919964 0.458253 0.0242406
295 0.919964 0.445365 0.0216039
296 0.919964 0.441253 0.0215879
297 0.919964 0.44451 0.0209133
298 0.919964 0.423511 0.0208659
299 0.919964 0.43644 0.0241417
300 0.919964 0.443907 0.0222564
301 0.919964 0.433862 0.0216661
302 0.919964 0.433504 0.0235709
303 0.919964 0.452965 0.020998
304 0.919964 0.449714 0.0218753
305 0.919964 0.445511 0.0208041
306 0.919964 0.455799 0.0238283
307 0.919964 0.451041 0.0206147
308 0.919964 0.449789 0.0197718
309 0.919964 0.445035 0.0191258
310 0.919964 0.434253 0.0139737
311 0.919964 0.43459 0.0199084
312 0.923205 0.418873 0.0185838
313 0.923205 0.421161 0.0170965
314 0.923205 0.424483 0.0206828
315 0.923205 0.407124 0.0203536
316 0.923205 0.416087 0.0194641
317 0.923205 0.433974 0.0222389
318 0.923205 0.432738 0.0252762
319 0.923205 0.415611 0.0181472
320 0.923205 0.428158 0.0208302
321 0.923205 0.424158 0.0189038
322 0.923205 0.413338 0.0174078
323 0.923205 0.441164 0.0234157
324 0.923205 0.423373 0.0186245
325 0.923205 0.415926 0.0184958
326 0.923205 0.414319 0.0198087
327 0.923205 0.417069 0.0222367
328 0.923205 0.425767 0.0215229
329 0.92381 0.436231 0.0231081
330 0.92381 0.420755 0.0197121
331 0.92381 0.422582 0.0265642
332 0.92381 0.432543 0.0262896
333 0.92381 0.4263 0.024497
334 0.92381 0.428939 0.0223771
335 0.92381 0.436115 0.0218003
336 0.92381 0.427688 0.0256377
337 0.92381 0.425767 0.0238539
338 0.92381 0.434509 0.0267621
339 0.92381 0.45394 0.0230686
340 0.92381 0.46893 0.0232065
341 0.92381 0.45403 0.0222771
342 0.92381 0.431016 0.0225955
343 0.92381 0.443766 0.0230118
344 0.92381 0.45449 0.0196235
345 0.92381 0.457515 0.0242389
346 0.92381 0.440055 0.0198006
347 0.92381 0.422948 0.0230401
348 0.92381 0.445477 0.0200348
349 0.92381 0.454319 0.0229657
350 0.92381 0.439925 0.0194017
351 0.92381 0.439349 0.0189975
352 0.92381 0.428642 0.0166173
353 0.92381 0.4414 0.0194276
354 0.92381 0.432893 0.0179215
355 0.92381 0.450331 0.0239858
356 0.92381 0.426399 0.0190613
357 0.92381 0.432885 0.0208955
358 0.92381 0.436812 0.0183643
359 0.92381 0.437132 0.018152
360 0.92381 0.429289 0.020483
361 0.92381 0.447068 0.0201267
362 0.92381 0.437544 0.0191695
363 0.92381 0.44767 0.0201618
364 0.92381 0.438805 0.0178566
365 0.92381 0.439124 0.0189035
366 0.92381 0.439303 0.0205675
367 0.92381 0.443002 0.0226914
368 0.92381 0.430001 0.023107
369 0.92381 0.424204 0.0242696
370 0.92381 0.411816 0.0202236
371 0.92381 0.421708 0.0248123
372 0.92381 0.415352 0.0215805
373 0.92381 0.419236 0.0224789
374 0.92381 0.420782 0.0207412
375 0.92381 0.41863 0.0190093
376 0.92381 0.451336 0.0235636
377 0.92381 0.43542 0.021938
378 0.92381 0.417307 0.0162383
379 0.92381 0.438371 0.0209466
380 0.928498 0.455917 0.0220508
381 0.928498 0.445182 0.0235475
382 0.928498 0.44743 0.0271494
383 0.928498 0.453853 0.0251305
384 0.928498 0.465589 0.0275479
385 0.928498 0.476534 0.0295783
386 0.928498 0.472842 0.0290444
387 0.928498 0.470666 0.0209407
388 0.928498 0.461068 0.0195563
389 0.928498 0.477238 0.0215065
390 0.928498 0.474816 0.0247201
391 0.931306 0.474568 0.0277873
392 0.931306 0.462841 0.0216085
393 0.931306 0.452583 0.0237661
394 0.931306 0.478201 0.0297839
395 0.931306 0.477744 0.0282285
396 0.931306 0.470561 0.0251595
397 0.931306 0.451934 0.0224411
398 0.931306 0.454284 0.0221173
399 0.931306 0.459755 0.026093
400 0.931306 0.453696 0.0261915
401 0.931306 0.462196 0.0250011
402 0.931306 0.460781 0.0236781
403 0.931306 0.458691 0.0266492
404 0.931306 0.468208 0.0269876
405 0.931306 0.459301 0.0210386
406 0.931306 0.446287 0.0244998
407 0.931306 0.484039 0.0245605
408 0.931306 0.478671 0.0256215
409 0.931306 0.442745 0.0216437
410 0.931306 0.445706 0.0232775
411 0.931306 0.448665 0.0267514
412 0.931306 0.467559 0.02051
413 0.931306 0.462614 0.0188137
414 0.931306 0.465881 0.0220105
415 0.931306 0.455769 0.0246823
416 0.931306 0.469905 0.0253175
417 0.931306 0.459556 0.0241234
418 0.931306 0.47468 0.0214937
419 0.931306 0.471277 0.0240104
420 0.931306 0.4768 0.0253861
421 0.931306 0.530136 0.0330656
422 0.931306 0.514404 0.0259298
423 0.931306 0.481633 0.0255682
424 0.931306 0.46069 0.0223068
425 0.931306 0.489542 0.0216176
426 0.931306 0.491177 0.0265282
427 0.931306 0.46852 0.0246013
428 0.931306 0.473472 0.0216742
429 0.931306 0.506491 0.023081
430 0.931306 0.503922 0.0222821
431 0.931306 0.511584 0.0224589
432 0.931306 0.484385 0.0234236
433 0.931306 0.476281 0.0243965
434 0.931306 0.441039 0.0207462
435 0.931306 0.442902 0.0253311
436 0.931306 0.463686 0.0244337
437 0.931306 0.454807 0.0200697
438 0.931306 0.481083 0.0230751
439 0.931306 0.472353 0.0212568
440 0.931306 0.489721 0.0191639
441 0.931306 0.491947 0.0245546
442 0.931306 0.488773 0.0250006
443 0.931306 0.482005 0.0246337
444 0.931306 0.471036 0.0230723
445 0.931306 0.46678 0.0285586
446 0.931306 0.444944 0.0210922
447 0.931306 0.473676 0.0205655
448 0.931306 0.476478 0.0221076
449 0.931306 0.463989 0.0257808
450 0.931306 0.453521 0.025614
451 0.931306 0.456038 0.025123
452 0.931306 0.451087 0.0221203
453 0.931306 0.478633 0.0242101
454 0.931306 0.466742 0.0223811
455 0.931306 0.446337 0.0231689
456 0.931306 0.440176 0.0213073
457 0.931306 0.43736 0.0221741
458 0.931306 0.457161 0.019667
459 0.931306 0.467207 0.0252358
460 0.931306 0.452448 0.024879
461 0.931306 0.451337 0.0212166
462 0.931306 0.46047 0.0170821
463 0.931306 0.45213 0.0137274
464 0.931306 0.442518 0.0236467
465 0.931306 0.446897 0.0266125
466 0.931306 0.45932 0.0272464
467 0.931306 0.463292 0.0239594
468 0.931306 0.474402 0.0213763
469 0.931306 0.480115 0.0217386
470 0.931306 0.509484 0.024238
471 0.931306 0.472201 0.0269823
472 0.931306 0.451688 0.0220272
473 0.931306 0.465406 0.0224027
474 0.931306 0.447895 0.0225099
475 0.931306 0.45728 0.0233003
476 0.931306 0.449695 0.0222692
477 0.931306 0.448163 0.0264164
478 0.931306 0.48321 0.0322253
479 0.931306 0.4601 0.021859
480 0.931306 0.462516 0.0228989
481 0.931306 0.459075 0.0243011
482 0.931306 0.452558 0.0257306
483 0.931306 0.466898 0.0252873
484 0.931306 0.484222 0.0198513
485 0.931306 0.471985 0.0269622
486 0.931306 0.477582 0.0223473
487 0.931306 0.473774 0.0236519
488 0.931306 0.492151 0.0237725
489 0.931306 0.461846 0.02239
490 0.931306 0.471783 0.0230759
491 0.931306 0.479801 0.0274628
492 0.931306 0.502123 0.027118
493 0.931306 0.525944 0.0281068
494 0.931306 0.53518 0.0262774
495 0.931306 0.513736 0.0251149
496 0.931306 0.505123 0.0264267
497 0.931306 0.495174 0.0271497
498 0.931306 0.491598 0.0230431
499 0.931306 0.484937 0.0215019
500 0.931306 0.489966 0.0248576
501 0.931306 0.493753 0.0231566
502 0.931306 0.485136 0.0221808
503 0.931306 0.474547 0.0204635
504 0.931306 0.476154 0.0179711
505 0.931306 0.496605 0.0204542
506 0.931306 0.501138 0.0206755
507 0.931306 0.511192 0.0179004
508 0.931306 0.494523 0.0205449
509 0.931306 0.495783 0.0215994
510 0.931306 0.501529 0.0229501
511 0.931306 0.482595 0.0259645
512 0.931306 0.486463 0.0299273
513 0.931306 0.477432 0.0301481
514 0.931306 0.495623 0.0260401
515 0.931306 0.457716 0.0181588
516 0.931306 0.482026 0.0198524
517 0.931306 0.502938 0.0208284
518 0.931306 0.480112 0.0289577
519 0.931306 0.465429 0.0217489
520 0.931306 0.47369 0.0225001
521 0.931306 0.483299 0.0242315
522 0.931306 0.473948 0.0220067
523 0.931306 0.469662 0.0196237
524 0.931306 0.482851 0.0228793
525 0.931306 0.47427 0.0207083
526 0.931306 0.488965 0.0257008
527 0.931306 0.486041 0.0197817
528 0.931306 0.47114 0.0210509
529 0.931306 0.467776 0.0206751
530 0.931306 0.469094 0.0255357
531 0.931306 0.438089 0.0249915
532 0.931306 0.456468 0.025852
533 0.931306 0.453108 0.0230032
534 0.931306 0.463856 0.0236761
535 0.931306 0.459315 0.0221062
536 0.931306 0.486382 0.026935
537 0.931306 0.491909 0.0267442
538 0.931306 0.485299 0.0252862
539 0.931306 0.486946 0.0282192
540 0.931306 0.478095 0.0290184
541 0.931306 0.470201 0.0227337
542 0.931306 0.475187 0.0220443
543 0.931306 0.466747 0.0200476
544 0.931306 0.472692 0.0204462
545 0.931306 0.464358 0.0157707
546 0.931306 0.490553 0.0235107
547 0.931306 0.495774 0.0231767
548 0.931306 0.460277 0.0226493
549 0.931306 0.448413 0.0190644
550 0.931306 0.47055 0.0220518
551 0.931306 0.460767 0.021951
552 0.931306 0.490549 0.0270747
553 0.931306 0.483585 0.0253811
554 0.931306 0.470558 0.0274036
555 0.931306 0.475951 0.0255781
556 0.931306 0.467253 0.0227536
557 0.931306 0.480066 0.0217353
558 0.931306 0.457474 0.0227746
559 0.931306 0.455455 0.0226985
560 0.931306 0.482798 0.0261363
561 0.931306 0.490489 0.022008
562 0.931306 0.45801 0.0211428
563 0.931306 0.478514 0.0244433
564 0.931306 0.467513 0.0239522
565 0.931306 0.480283 0.0243077
566 0.931306 0.4952 0.0254542
567 0.931306 0.471167 0.0208861
568 0.931306 0.473216 0.0201574
569 0.931306 0.50132 0.0254909
570 0.931306 0.493703 0.0244919
571 0.931306 0.4836 0.0250573
572 0.931554 0.486753 0.029643
573 0.931554 0.496989 0.0269686
574 0.931554 0.502522 0.0250755
575 0.931554 0.510613 0.0224157
576 0.931554 0.511671 0.0194559
577 0.931554 0.515911 0.0252349
578 0.931554 0.498519 0.0245353
579 0.931554 0.479417 0.0258483
580 0.931554 0.500734 0.0245681
581 0.931554 0.497386 0.0246566
582 0.931554 0.46399 0.0199681
583 0.931554 0.477453 0.0220665
584 0.931554 0.480055 0.0260316
585 0.931554 0.488201 0.0254918
586 0.931554 0.482593 0.0263684
587 0.931554 0.461908 0.0253294
588 0.931554 0.477035 0.0254304
589 0.931554 0.477345 0.0287002
590 0.931554 0.482985 0.0274619
591 0.931554 0.483492 0.030514
592 0.931554 0.489029 0.0258815
593 0.931554 0.479367 0.0242899
594 0.931554 0.466764 0.024765
595 0.931554 0.487196 0.0293638
596 0.931554 0.494926 0.0248246
597 0.931554 0.48161 0.0228673
598 0.931554 0.462697 0.0209374
599 0.931554 0.474976 0.026551
600 0.931554 0.470653 0.0231295
601 0.931554 0.506773 0.0206326
602 0.931554 0.498233 0.0218848
603 0.931554 0.496433 0.0212921
604 0.931554 0.485497 0.0207279
605 0.931554 0.502998 0.0213834
606 0.931554 0.477976 0.0236738
607 0.931554 0.51005 0.0259414
608 0.931554 0.484145 0.0215825
609 0.931554 0.466417 0.0226847
610 0.931554 0.462308 0.021563
611 0.931554 0.472085 0.0225976
612 0.931554 0.483936 0.0268096
613 0.931554 0.487371 0.0251589
614 0.931554 0.508341 0.0286701
615 0.931554 0.504439 0.0234239
616 0.931554 0.509927 0.0230851
617 0.931554 0.494861 0.0251287
618 0.931554 0.495677 0.024634
619 0.931554 0.488072 0.0249267
620 0.931554 0.475195 0.030141
621 0.931554 0.46994 0.0215966
622 0.931554 0.470299 0.0198334
623 0.931554 0.494324 0.0202874
624 0.931554 0.482825 0.0225846
625 0.931554 0.463953 0.0274612
626 0.931554 0.483725 0.0309622
627 0.931554 0.473189 0.0243581
628 0.931554 0.439028 0.025091
629 0.931554 0.453124 0.0217833
630 0.931554 0.458603 0.0266622
631 0.931554 0.450045 0.027527
632 0.931554 0.459452 0.0254166
633 0.931554 0.470803 0.0285665
634 0.931554 0.472216 0.0251097
635 0.931554 0.463432 0.0257128
636 0.931554 0.474243 0.0261897
637 0.931554 0.453115 0.0251829
638 0.931554 0.46044 0.0272469
639 0.931554 0.446673 0.0233468
640 0.931554 0.454506 0.0263611
641 0.931554 0.467796 0.0247087
642 0.931554 0.455189 0.0250854
643 0.931554 0.44887 0.0242646
644 0.931554 0.469254 0.0234359
645 0.931554 0.466835 0.0201263
646 0.931554 0.482848 0.0207732
647 0.932447 0.478105 0.0252828
648 0.932447 0.470783 0.027611
649 0.932447 0.479397 0.0254865
650 0.932447 0.457916 0.0236064
651 0.932447 0.470912 0.0262871
652 0.932447 0.481122 0.0284815
653 0.932447 0.448506 0.0201265
654 0.932447 0.467169 0.0265403
655 0.932447 0.443046 0.0256902
656 0.932447 0.453179 0.0267861
657 0.932447 0.445415 0.022137
658 0.932447 0.442664 0.0271738
659 0.932447 0.459954 0.0280294
660 0.932447 0.454655 0.0254022
661 0.932447 0.447846 0.0287324
662 0.932447 0.447254 0.0231645
663 0.932447 0.471225 0.0307488
664 0.932447 0.471504 0.0247989
665 0.932447 0.469867 0.0274929
666 0.932447 0.468078 0.0318785
667 0.932447 0.458844 0.0266871
668 0.932447 0.478009 0.0224762
669 0.932447 0.462069 0.0220396
670 0.932447 0.465149 0.0223022
671 0.932447 0.475341 0.022047
672 0.932447 0.482359 0.0235958
673 0.932447 0.463052 0.024767
674 0.932447 0.475868 0.0273923
675 0.932447 0.47465 0.02533
676 0.932447 0.463528 0.0208513
677 0.932447 0.468539 0.0247635
678 0.932447 0.452393 0.02193
679 0.932447 0.4642 0.0203274
680 0.932447 0.493952 0.0240332
681 0.932447 0.484406 0.0256388
682 0.932447 0.470301 0.0280452
683 0.932447 0.471339 0.0243936
684 0.932447 0.490475 0.0292504
685 0.932447 0.484675 0.0282785
686 0.932447 0.483382 0.0287265
687 0.932447 0.489922 0.0233907
688 0.932447 0.472016 0.0242886
689 0.932447 0.456592 0.026263
690 0.932447 0.486373 0.029397
691 0.932447 0.485765 0.0276138
692 0.932447 0.490924 0.0267044
693 0.932447 0.473602 0.0267341
694 0.932447 0.475975 0.0256991
695 0.932447 0.47307 0.0262761
696 0.932447 0.489898 0.025028
697 0.932447 0.493782 0.0277922
698 0.932447 0.482629 0.0245529
699 0.932447 0.494291 0.0269623
700 0.932447 0.483746 0.0317663
701 0.932447 0.492382 0.0275657
702 0.932447 0.500108 0.0301927
703 0.932447 0.479734 0.0279866
704 0.932447 0.480779 0.026515
705 0.932447 0.479841 0.025486
706 0.932447 0.501658 0.0254952
707 0.932447 0.493873 0.0288215
708 0.932447 0.475006 0.0266318
709 0.932447 0.480611 0.0222411
710 0.932447 0.47059 0.0248672
711 0.932447 0.456949 0.0186796
712 0.932447 0.46369 0.0210068
713 0.932447 0.466907 0.0264363
714 0.932447 0.475978 0.0277905
715 0.932447 0.483902 0.0273552
716 0.932447 0.481118 0.0204463
717 0.932447 0.470015 0.02567
718 0.932447 0.475135 0.0291415
719 0.932447 0.48542 0.028643
720 0.932447 0.481068 0.0268021
721 0.932447 0.494737 0.0263403
722 0.932447 0.509969 0.0308676
723 0.932447 0.491873 0.0312246
724 0.932447 0.489874 0.0297098
725 0.932447 0.49113 0.026624
726 0.932447 0.487177 0.0271127
727 0.932447 0.469833 0.0253697
728 0.932447 0.505085 0.0252426
729 0.932447 0.486882 0.0284197
730 0.932447 0.471223 0.02697
731 0.932447 0.461709 0.0242596
732 0.932447 0.4768 0.0224144
733 0.932447 0.475608 0.0249479
734 0.932447 0.474312 0.0194951
735 0.932447 0.480229 0.0206724
736 0.932447 0.492939 0.0231619
737 0.932447 0.48405 0.0258813
738 0.932447 0.46714 0.020669
739 0.932447 0.470245 0.0241521
740 0.932447 0.462119 0.0224953
741 0.932447 0.481794 0.0228043
742 0.932447 0.488473 0.0213789
743 0.932447 0.450994 0.0227063
744 0.932447 0.43996 0.0226288
745 0.932447 0.458848 0.0228665
746 0.932447 0.504775 0.0236992
747 0.932447 0.483819 0.0199625
748 0.932447 0.467654 0.0200667
749 0.932447 0.478559 0.0201906
750 0.932447 0.472096 0.0204536
751 0.932447 0.474439 0.0215833
752 0.932447 0.45587 0.0214397
753 0.932447 0.477707 0.0227234
754 0.932447 0.46918 0.0212232
755 0.932447 0.473718 0.0246801
756 0.932447 0.467008 0.022296
757 0.932447 0.470741 0.0220528
758 0.932447 0.479318 0.0239646
759 0.932447 0.481357 0.0273244
760 0.932447 0.466514 0.0237523
761 0.932447 0.473439 0.0203928
762 0.932447 0.469271 0.0183377
763 0.932447 0.492841 0.0212149
764 0.932447 0.507848 0.0219176
765 0.932447 0.497784 0.0221147
766 0.932447 0.498123 0.0228917
767 0.932447 0.5185 0.0228331
768 0.932447 0.499683 0.021605
769 0.932447 0.495583 0.028831
770 0.932447 0.489497 0.0220726
771 0.932447 0.490069 0.02402
772 0.932447 0.486654 0.0228781
773 0.932447 0.479717 0.0269309
774 0.932447 0.48679 0.0280933
775 0.932447 0.472994 0.0227436
776 0.932447 0.498183 0.0214853
777 0.932447 0.510734 0.0241804
778 0.932447 0.47596 0.017534
779 0.932447 0.483229 0.0208897
780 0.932447 0.490123 0.0206341
781 0.934901 0.485799 0.0191544
782 0.934901 0.475311 0.0196853
783 0.934901 0.481554 0.0186367
784 0.934901 0.498252 0.0229325
785 0.934901 0.512368 0.0254277
786 0.934901 0.515786 0.0259424
787 0.934901 0.484799 0.0238646
788 0.936064 0.486837 0.0238392
789 0.936064 0.482172 0.0248124
790 0.936064 0.488216 0.0253932
791 0.936064 0.483608 0.0225213
792 0.936064 0.492294 0.0223555
793 0.936064 0.503089 0.0247837
794 0.936064 0.486295 0.0225195
795 0.936064 0.476938 0.0224614
796 0.936064 0.492752 0.0248328
797 0.936064 0.502531 0.0231582
798 0.936064 0.478181 0.0221641
799 0.936064 0.461772 0.0211084
800 0.936064 0.458877 0.0194711
801 0.936064 0.463419 0.0207763
802 0.936064 0.477941 0.0221932
803 0.936064 0.470965 0.022868
804 0.936064 0.450825 0.0189793
805 0.936064 0.455332 0.0255748
806 0.938174 0.472151 0.0305781
807 0.938174 0.467537 0.0258207
808 0.938174 0.451017 0.0229168
809 0.938174 0.475962 0.0243521
810 0.938174 0.479143 0.0244767
811 0.938174 0.472571 0.0260651
812 0.938174 0.489591 0.0260419
813 0.938174 0.477382 0.0223429
814 0.938174 0.480051 0.0202122
815 0.938174 0.476416 0.0198737
816 0.938174 0.489761 0.0239829
817 0.938174 0.458805 0.0227846
818 0.938174 0.460285 0.022559
819 0.938174 0.460078 0.0235018
820 0.938174 0.455346 0.0194044
821 0.938174 0.465819 0.0205124
822 0.938174 0.487904 0.0265895
823 0.938174 0.47226 0.0263335
824 0.938174 0.494254 0.0299699
825 0.938174 0.48777 0.0265925
826 0.938174 0.489289 0.0228284
827 0.938174 0.450253 0.0219443
828 0.938174 0.444101 0.0196567
829 0.938174 0.450627 0.0219109
830 0.938174 0.456523 0.0249451
831 0.938174 0.461426 0.0290856
832 0.938174 0.449352 0.0225771
833 0.938174 0.449032 0.022479
834 0.938174 0.489127 0.0253043
835 0.938174 0.470376 0.0226943
836 0.938174 0.450385 0.0260903
837 0.938174 0.480932 0.0257294
838 0.938174 0.483126 0.0279022
839 0.938174 0.477841 0.0260845
840 0.938174 0.482704 0.0275296
841 0.938174 0.472341 0.0226574
842 0.938174 0.466212 0.0194547
843 0.938174 0.471551 0.0216113
844 0.938174 0.475802 0.023929
845 0.938174 0.45066 0.0170361
846 0.938174 0.485221 0.0245354
847 0.938174 0.49731 0.0249123
848 0.938174 0.477888 0.0247491
849 0.938174 0.486581 0.0270636
850 0.938174 0.470677 0.0214219
851 0.938174 0.466484 0.0197335
852 0.938174 0.473923 0.0190219
853 0.938174 0.495729 0.0223434
854 0.938174 0.48279 0.0225345
855 0.938174 0.473103 0.0232561
856 0.938174 0.452244 0.0232891
857 0.938174 0.471365 0.0247064
858 0.938174 0.482934 0.0210119
859 0.938174 0.481533 0.0223999
860 0.938174 0.47817 0.0268453
861 0.938174 0.469772 0.0252536
862 0.938174 0.478117 0.0227098
863 0.938174 0.482696 0.020689
864 0.938174 0.493251 0.0231692
865 0.938174 0.517192 0.0255196
866 0.938174 0.490417 0.024098
867 0.938174 0.496651 0.0231992
868 0.938174 0.481497 0.0209839
869 0.938174 0.492972 0.0241057
870 0.938174 0.472517 0.0196346
871 0.938174 0.460964 0.0165834
872 0.938174 0.468455 0.0207096
873 0.938174 0.467755 0.023249
874 0.938174 0.448417 0.0201337
875 0.938174 0.454113 0.0274143
876 0.938174 0.456783 0.0272109
877 0.938174 0.452062 0.0202459
878 0.938174 0.431345 0.0168846
879 0.938174 0.459953 0.0249605
880 0.938174 0.477197 0.0312473
881 0.938174 0.474011 0.0295559
882 0.938174 0.462098 0.0277385
883 0.938174 0.450751 0.0253617
884 0.938174 0.476225 0.025052
885 0.938174 0.480526 0.0254092
886 0.938174 0.486056 0.0214191
887 0.938174 0.478684 0.0252384
888 0.938174 0.48633 0.023718
889 0.938174 0.459641 0.0244503
890 0.938174 0.483385 0.0326268
891 0.938174 0.468409 0.0221426
892 0.938174 0.473363 0.0248921
893 0.938174 0.449297 0.0238105
894 0.938174 0.439995 0.0221744
895 0.938174 0.451772 0.0217473
896 0.938174 0.44178 0.0204042
897 0.938174 0.438625 0.0227754
898 0.938174 0.446609 0.0262814
899 0.938174 0.441641 0.0242771
900 0.938174 0.439663 0.0172414
901 0.938174 0.454233 0.0196753
902 0.938174 0.4477 0.0228362
903 0.938174 0.466454 0.026783
904 0.938174 0.455839 0.0240437
905 0.938174 0.470967 0.0290129
906 0.938174 0.46331 0.0236497
907 0.938174 0.443663 0.0231088
908 0.938174 0.445151 0.0240392
909 0.938174 0.453576 0.0212528
910 0.938174 0.443762 0.0242893
911 0.938174 0.446998 0.0220773
912 0.938174 0.456514 0.0229314
913 0.938174 0.476737 0.0235209
914 0.938174 0.491039 0.028082
915 0.938174 0.460061 0.0246846
916 0.938174 0.463015 0.0205658
917 0.938174 0.4667 0.0286341
918 0.938174 0.461461 0.0301057
919 0.938174 0.452233 0.0281105
920 0.938174 0.473823 0.0273003
921 0.938174 0.457789 0.0243391
922 0.938174 0.473783 0.0303582
923 0.938174 0.455424 0.0246928
924 0.938174 0.445784 0.0214049
925 0.938174 0.445636 0.0226169
926 0.938174 0.45554 0.0234267
927 0.938174 0.456067 0.0263241
928 0.938174 0.443677 0.0278747
929 0.938174 0.461806 0.0244812
930 0.938174 0.477316 0.0251725
931 0.938174 0.460441 0.0266218
932 0.938174 0.44389 0.0264073
933 0.938174 0.447103 0.0227398
934 0.938174 0.447192 0.0202866
935 0.938174 0.461272 0.021767
936 0.938174 0.452268 0.0270978
937 0.938174 0.458987 0.0263573
938 0.938174 0.46443 0.0254917
939 0.938174 0.448794 0.0256504
940 0.938174 0.452803 0.0247751
941 0.938174 0.444338 0.0210576
942 0.938174 0.459989 0.0217013
943 0.938174 0.450242 0.0234337
944 0.938174 0.480028 0.0280048
945 0.938174 0.474768 0.0274147
946 0.938174 0.446685 0.0210173
947 0.938174 0.442923 0.0223835
948 0.938174 0.458185 0.0244008
949 0.938174 0.447581 0.0252098
950 0.938174 0.457296 0.0206711
951 0.938174 0.471227 0.025607
952 0.938174 0.462584 0.0258158
953 0.938174 0.494918 0.0243497
954 0.938174 0.452453 0.0257995
955 0.938174 0.469658 0.0258571
956 0.938174 0.461023 0.0218276
957 0.938174 0.476015 0.0232649
958 0.938174 0.468117 0.0250708
959 0.938174 0.476812 0.0253583
960 0.938174 0.463878 0.0246297
961 0.938174 0.453121 0.0222415
962 0.938174 0.468672 0.0209012
963 0.938174 0.45341 0.0204488
964 0.938174 0.443376 0.0187556
965 0.938174 0.449324 0.0247585
966 0.938174 0.425744 0.025307
967 0.938174 0.459625 0.0243468
968 0.938174 0.453759 0.0245853
969 0.938174 0.445645 0.0233987
970 0.938174 0.455033 0.0227856
971 0.938174 0.458794 0.0200552
972 0.938174 0.468159 0.0248946
973 0.938174 0.483389 0.0250154
974 0.938174 0.466417 0.0210469
975 0.938174 0.454903 0.0211566
976 0.938174 0.471355 0.0178977
977 0.938174 0.47917 0.0208157
978 0.938174 0.462812 0.0181018
979 0.938174 0.472412 0.022121
980 0.938174 0.476549 0.0228252
981 0.938174 0.467648 0.0177231
982 0.938174 0.475295 0.022474
983 0.938174 0.469875 0.0191234
984 0.938174 0.493178 0.0201377
985 0.938174 0.503774 0.0239167
986 0.938174 0.500396 0.0212251
987 0.938174 0.481885 0.0222014
988 0.938174 0.481366 0.0218234
989 0.938174 0.472654 0.0211347
990 0.938174 0.471452 0.0257279
991 0.938174 0.453814 0.0228744
992 0.938174 0.481565 0.0212826
993 0.938174 0.469215 0.0234199
994 0.938174 0.468931 0.0243445
995 0.938174 0.470348 0.0262904
996 0.938174 0.464767 0.0232588
997 0.938174 0.458264 0.0269398
998 0.938174 0.476825 0.0227637
999 0.938174 0.477034 0.0209382
1000 0.938174 0.463861 0.022717
