0 0.388686 0.251465 0.000895524
1 0.388686 0.257213 0.0011259
2 0.388686 0.261518 0.00126618
3 0.391162 0.265866 0.00214643
4 0.391162 0.269002 0.0026114
5 0.408242 0.277425 0.00426717
6 0.45686 0.270635 0.00466303
7 0.45686 0.281543 0.00394074
8 0.45686 0.274138 0.0039945
9 0.45686 0.283413 0.00491529
10 0.478093 0.279193 0.00493309
11 0.509354 0.286762 0.00648865
12 0.509354 0.288249 0.00601213
13 0.509354 0.298 0.00727812
14 0.509354 0.307963 0.00878907
15 0.52867 0.3089 0.00960042
16 0.52867 0.313049 0.0122175
17 0.529936 0.324325 0.0141066
18 0.531885 0.317943 0.0132026
19 0.531885 0.31426 0.0122653
20 0.649319 0.323221 0.014512
21 0.649319 0.314835 0.0144106
22 0.649319 0.315179 0.0132569
23 0.649319 0.326903 0.0149718
24 0.649319 0.335994 0.0154206
25 0.656141 0.341345 0.0178933
26 0.656141 0.348784 0.0190904
27 0.656141 0.341388 0.019721
28 0.661134 0.36368 0.0205708
29 0.661134 0.362276 0.0226156
30 0.661134 0.383354 0.0208989
31 0.661134 0.389296 0.0213713
32 0.661134 0.397002 0.0223559
33 0.661134 0.404044 0.0246187
34 0.661134 0.389624 0.0212869
35 0.661134 0.393698 0.0173323
36 0.661134 0.411464 0.0205593
37 0.661134 0.443678 0.0227701
38 0.661134 0.415408 0.0190097
39 0.668709 0.405722 0.021274
40 0.674752 0.405507 0.0200267
41 0.674752 0.412343 0.0210145
42 0.674752 0.433201 0.0205052
43 0.682277 0.452908 0.0222649
44 0.684616 0.464343 0.0226257
45 0.699244 0.458739 0.0229407
46 0.699244 0.453954 0.0215931
47 0.699244 0.451405 0.0245805
48 0.709447 0.475568 0.0230918
49 0.709447 0.483837 0.0255226
50 0.713786 0.505309 0.0247679
51 0.713786 0.484025 0.0260147
52 0.713786 0.481059 0.0274778
53 0.71454 0.454825 0.0278011
54 0.715772 0.445492 0.0257622
55 0.715772 0.470926 0.0259098
56 0.715772 0.467303 0.0259209
57 0.715772 0.44509 0.0259586
58 0.724635 0.436207 0.0260199
59 0.724635 0.448714 0.0265119
60 0.724635 0.472093 0.0247406
61 0.724635 0.48199 0.0258862
62 0.732453 0.490672 0.0277179
63 0.732453 0.458466 0.0279841
64 0.732453 0.464222 0.0275417
65 0.732453 0.492775 0.0255483
66 0.732453 0.498092 0.0250651
67 0.732453 0.516945 0.0237361
68 0.732453 0.491219 0.0263742
69 0.732453 0.486773 0.0254699
70 0.732453 0.483329 0.0258746
71 0.732453 0.45859 0.0241411
72 0.732896 0.482402 0.0256267
73 0.743227 0.478245 0.0265434
74 0.743227 0.486247 0.0232964
75 0.743227 0.472695 0.0282711
76 0.743227 0.479073 0.0276807
77 0.743227 0.470086 0.0248832
78 0.743227 0.485444 0.0276999
79 0.743227 0.483704 0.031645
80 0.743227 0.478389 0.0270362
81 0.743227 0.481492 0.027536
82 0.743227 0.482797 0.0277759
83 0.743227 0.471572 0.0297807
84 0.743227 0.459741 0.0253912
85 0.743227 0.471154 0.0267212
86 0.743227 0.471276 0.0262982
87 0.743227 0.483197 0.0276703
88 0.746607 0.489997 0.0272927
89 0.746607 0.481491 0.0255009
90 0.746607 0.503659 0.0268632
91 0.746607 0.50474 0.0274738
92 0.746607 0.479912 0.0240645
93 0.746607 0.500591 0.0261731
94 0.746607 0.491954 0.0260502
95 0.746607 0.50274 0.0271635
96 0.746607 0.51118 0.0287351
97 0.75542 0.515617 0.0295357
98 0.75542 0.509696 0.0228233
99 0.75542 0.516623 0.0260481
100 0.75542 0.516164 0.0245644
101 0.75542 0.486998 0.0235213
102 0.75542 0.509352 0.030496
103 0.75542 0.49676 0.0270775
104 0.75542 0.477342 0.0263056
105 0.75542 0.516981 0.0255275
106 0.75542 0.514901 0.0234932
107 0.75542 0.495057 0.0247037
108 0.75542 0.493147 0.0230937
109 0.75542 0.457609 0.024268
110 0.75542 0.455727 0.0279181
111 0.75542 0.457351 0.0248554
112 0.75542 0.458607 0.028055
113 0.75542 0.452385 0.0277513
114 0.75542 0.441941 0.0266005
115 0.75542 0.461819 0.0289384
116 0.75542 0.471916 0.0288813
117 0.75542 0.472995 0.0266733
118 0.75542 0.483312 0.0292582
119 0.75542 0.469831 0.0306924
120 0.75542 0.475023 0.0299132
121 0.75542 0.462417 0.029573
122 0.75542 0.459687 0.0302904
123 0.75542 0.46909 0.0284406
124 0.75542 0.481115 0.0254923
125 0.75542 0.500893 0.0242482
126 0.75542 0.477353 0.0242753
127 0.75542 0.482395 0.0266199
128 0.75542 0.484413 0.0287942
129 0.75542 0.459748 0.0255914
130 0.75542 0.446029 0.0278669
131 0.755549 0.47107 0.0288584
132 0.755549 0.469415 0.0295669
133 0.755549 0.489646 0.0324872
134 0.755549 0.446368 0.0290667
135 0.755549 0.455467 0.0237695
136 0.755549 0.474822 0.0266101
137 0.755549 0.46895 0.0277825
138 0.755549 0.480049 0.0233576
139 0.755549 0.501356 0.0235129
140 0.755549 0.504739 0.0256586
141 0.756355 0.491369 0.0281981
142 0.756355 0.485685 0.0285887
143 0.757032 0.5018 0.0297127
144 0.757032 0.484714 0.026094
145 0.761417 0.477575 0.0281717
146 0.761417 0.497661 0.0253185
147 0.761417 0.492958 0.0231667
148 0.761417 0.487216 0.0276246
149 0.761417 0.481812 0.0272002
150 0.761417 0.479033 0.0298711
151 0.761417 0.490029 0.027877
152 0.761417 0.517421 0.0297243
153 0.761417 0.529102 0.029015
154 0.770247 0.52728 0.0287939
155 0.770247 0.526599 0.0317156
156 0.770247 0.497361 0.0301052
157 0.770247 0.50399 0.0312233
158 0.770247 0.512723 0.027029
159 0.770247 0.512627 0.0279439
160 0.770247 0.498205 0.0260166
161 0.770247 0.516045 0.028281
162 0.770247 0.524667 0.0260249
163 0.770247 0.517416 0.0267223
164 0.770247 0.503536 0.0289618
165 0.770247 0.484822 0.0301262
166 0.770247 0.507022 0.0325882
167 0.770247 0.485353 0.030035
168 0.770247 0.483827 0.0268775
169 0.770247 0.481486 0.0288974
170 0.770247 0.4896 0.027974
171 0.770247 0.522284 0.0273941
172 0.770247 0.528957 0.0266895
173 0.770247 0.518124 0.024975
174 0.770247 0.519881 0.026982
175 0.770247 0.527008 0.0236442
176 0.772397 0.545095 0.0276425
177 0.772397 0.54094 0.0292777
178 0.772397 0.562136 0.023958
179 0.772397 0.55668 0.0242582
180 0.772397 0.53284 0.0220328
181 0.772397 0.541829 0.0261873
182 0.772397 0.528252 0.0270789
183 0.772397 0.518633 0.0243719
184 0.772487 0.507282 0.0280658
185 0.779524 0.524588 0.0290707
186 0.779524 0.535846 0.0278076
187 0.779524 0.511473 0.02765
188 0.779524 0.543412 0.0256813
189 0.779524 0.532457 0.0258284
190 0.779524 0.553899 0.0278325
191 0.779524 0.550723 0.0270417
192 0.779524 0.530996 0.0279002
193 0.779524 0.541479 0.0309237
194 0.779524 0.534531 0.0304138
195 0.779524 0.526934 0.0334114
196 0.779524 0.523626 0.0295241
197 0.779524 0.513592 0.0340433
198 0.779524 0.509228 0.03467
199 0.779524 0.50997 0.0301592
200 0.779524 0.508806 0.03186
201 0.779524 0.518083 0.0328747
202 0.779524 0.521139 0.0317996
203 0.779524 0.518419 0.0328642
204 0.779524 0.51369 0.0290384
205 0.779524 0.526858 0.0291834
206 0.779524 0.504693 0.0319255
207 0.779524 0.510454 0.0341353
208 0.779524 0.528256 0.0312417
209 0.779524 0.509646 0.0294766
210 0.779524 0.508739 0.0334458
211 0.779524 0.510003 0.0307768
212 0.779524 0.520084 0.0277065
213 0.779524 0.541947 0.0250584
214 0.780018 0.551578 0.0249085
215 0.780018 0.548434 0.0247405
216 0.780018 0.549296 0.0256078
217 0.780018 0.553015 0.024347
218 0.780018 0.574314 0.0249658
219 0.780018 0.546024 0.0248488
220 0.780018 0.566074 0.0265068
221 0.780018 0.553109 0.0308431
222 0.780018 0.553158 0.0303208
223 0.780018 0.508292 0.0305965
224 0.780018 0.506316 0.03074
225 0.780018 0.518336 0.0328918
226 0.780018 0.522312 0.0315471
227 0.780018 0.533784 0.0304229
228 0.780018 0.539526 0.0301161
229 0.780018 0.552433 0.0278984
230 0.780018 0.530818 0.0287066
231 0.780018 0.550337 0.0282484
232 0.780018 0.555218 0.0298826
233 0.780018 0.544126 0.0282566
234 0.780018 0.529092 0.0278433
235 0.780018 0.528223 0.0324689
236 0.780018 0.524972 0.0308087
237 0.780018 0.542338 0.0303918
238 0.780018 0.537045 0.0273278
239 0.780018 0.533045 0.0271793
240 0.780018 0.528792 0.0289728
241 0.780018 0.549374 0.0258355
242 0.780018 0.531178 0.0300854
243 0.780018 0.527448 0.0264536
244 0.780018 0.516793 0.0295216
245 0.780018 0.511899 0.0296433
246 0.780018 0.51661 0.0306161
247 0.780018 0.516619 0.0312875
248 0.780018 0.531854 0.0306613
249 0.780018 0.527865 0.0270632
250 0.780018 0.533302 0.0287826
251 0.780018 0.557328 0.0281628
252 0.780018 0.54092 0.0291897
253 0.780018 0.546214 0.0274746
254 0.780018 0.55643 0.0239542
255 0.780018 0.550309 0.0231755
256 0.780018 0.543577 0.0243486
257 0.780018 0.552409 0.0301741
258 0.780018 0.541409 0.0306317
259 0.780018 0.509827 0.0315413
260 0.780018 0.531653 0.0286308
261 0.780018 0.517575 0.0314901
262 0.780018 0.528981 0.0298081
263 0.780018 0.514533 0.0244325
264 0.780018 0.525769 0.0272007
265 0.780018 0.52138 0.0283575
266 0.780018 0.528639 0.0281482
267 0.780018 0.503602 0.0306857
268 0.780018 0.501625 0.0378638
269 0.780018 0.546926 0.0300826
270 0.780018 0.542097 0.0273566
271 0.780018 0.553847 0.0317514
272 0.780018 0.535542 0.0286857
273 0.780018 0.550428 0.0271976
274 0.780018 0.574973 0.0259137
275 0.780018 0.56924 0.0238045
276 0.780018 0.568692 0.0256402
277 0.780018 0.551674 0.0275514
278 0.780018 0.537135 0.0270128
279 0.780018 0.521021 0.0294063
280 0.780018 0.52288 0.0305649
281 0.780018 0.572751 0.0264166
282 0.780018 0.538511 0.031534
283 0.780346 0.548345 0.0288489
284 0.780346 0.513445 0.027888
285 0.780346 0.529463 0.0295809
286 0.780346 0.534478 0.0288349
287 0.780346 0.533608 0.0309619
288 0.780346 0.519754 0.0317134
289 0.780346 0.516537 0.0323392
290 0.780346 0.511889 0.0304642
291 0.780346 0.516791 0.0329314
292 0.780346 0.544842 0.0299325
293 0.781068 0.537486 0.0321627
294 0.781068 0.533898 0.0314048
295 0.781068 0.539275 0.0299665
296 0.781068 0.523179 0.0291053
297 0.781068 0.527087 0.0284622
298 0.781068 0.53391 0.0302279
299 0.781068 0.530874 0.0255282
300 0.781068 0.535186 0.029107
301 0.781068 0.535484 0.0312511
302 0.781068 0.52393 0.0349018
303 0.781068 0.517729 0.0324392
304 0.781068 0.558902 0.0296482
305 0.781068 0.530908 0.0286384
306 0.781068 0.519088 0.0310684
307 0.781068 0.516768 0.0292535
308 0.781068 0.530512 0.0315673
309 0.781068 0.524744 0.0289254
310 0.781068 0.535996 0.0278604
311 0.781068 0.516924 0.0314078
312 0.781068 0.526447 0.0333796
313 0.781068 0.497463 0.0287838
314 0.781068 0.511526 0.0317401
315 0.781068 0.506522 0.0331271
316 0.781068 0.515383 0.035369
317 0.781068 0.528493 0.0304458
318 0.781068 0.538423 0.0288749
319 0.781068 0.52936 0.0295064
320 0.781068 0.528728 0.0329004
321 0.781068 0.528752 0.0284214
322 0.781068 0.503474 0.0258037
323 0.781068 0.540434 0.0283743
324 0.781068 0.531056 0.0311916
325 0.781068 0.504485 0.0306119
326 0.781068 0.505269 0.0297336
327 0.781068 0.511069 0.0287308
328 0.781068 0.519974 0.0279699
329 0.781068 0.520633 0.0329076
330 0.781068 0.511208 0.0322654
331 0.781068 0.509648 0.0313986
332 0.781068 0.534861 0.0315113
333 0.781068 0.542438 0.0308265
334 0.781068 0.551262 0.0281457
335 0.781068 0.533889 0.0269083
336 0.781068 0.5252 0.0276144
337 0.781068 0.525048 0.0282939
338 0.781068 0.518451 0.0345267
339 0.781068 0.534844 0.0351698
340 0.78171 0.508744 0.0357937
341 0.78171 0.536137 0.0303663
342 0.78171 0.565352 0.0334227
343 0.781796 0.548422 0.0284288
344 0.781796 0.539417 0.0288375
345 0.781796 0.519835 0.0293807
346 0.781796 0.517456 0.0290375
347 0.781796 0.545524 0.0248969
348 0.781796 0.523689 0.0301446
349 0.781796 0.510744 0.0279867
350 0.781796 0.515665 0.0296702
351 0.781796 0.510295 0.0327928
352 0.781796 0.502352 0.0295854
353 0.781796 0.488344 0.0312685
354 0.781796 0.514522 0.0314699
355 0.781796 0.539586 0.0348741
356 0.781796 0.524921 0.0336689
357 0.781796 0.546765 0.0304834
358 0.781796 0.526244 0.0314362
359 0.781796 0.50766 0.0309914
360 0.781796 0.554606 0.0308466
361 0.781796 0.536833 0.0294876
362 0.781796 0.516686 0.027958
363 0.781796 0.523143 0.0259622
364 0.781796 0.522965 0.0270416
365 0.781796 0.50751 0.0291481
366 0.781796 0.534861 0.0269537
367 0.781796 0.550936 0.0264315
368 0.781796 0.561116 0.0250352
369 0.781796 0.540157 0.0255411
370 0.781796 0.541682 0.0287459
371 0.781796 0.505101 0.0300358
372 0.781796 0.540817 0.033415
373 0.781796 0.540715 0.0297859
374 0.781796 0.537641 0.0321308
375 0.781796 0.564015 0.0302661
376 0.781796 0.565913 0.0278103
377 0.781796 0.539655 0.0272488
378 0.781796 0.5337 0.027493
379 0.781796 0.530815 0.0312536
380 0.781796 0.525394 0.0305017
381 0.781796 0.531272 0.030291
382 0.781796 0.51602 0.0306697
383 0.781796 0.513805 0.0284133
384 0.781796 0.53497 0.030086
385 0.781796 0.538753 0.0299781
386 0.781796 0.526529 0.033386
387 0.781796 0.540857 0.0313945
388 0.781796 0.55294 0.0316614
389 0.781796 0.551115 0.0310749
390 0.781796 0.526621 0.0295906
391 0.781796 0.522847 0.0272554
392 0.781796 0.518792 0.0293102
393 0.781796 0.539808 0.0271518
394 0.781796 0.553923 0.0245193
395 0.781796 0.541968 0.0272496
396 0.781796 0.554198 0.0274457
397 0.781796 0.552646 0.0280745
398 0.781796 0.536097 0.0291626
399 0.781796 0.529024 0.02929
400 0.781796 0.529186 0.0285744
401 0.781796 0.536402 0.0287107
402 0.781796 0.534614 0.0304413
403 0.781796 0.551804 0.0261859
404 0.781796 0.546939 0.0244598
405 0.781796 0.535903 0.0273301
406 0.781796 0.516818 0.0287541
407 0.781796 0.541073 0.0276511
408 0.781796 0.559307 0.0275858
409 0.781796 0.517004 0.0282056
410 0.781796 0.527315 0.0293902
411 0.781796 0.523177 0.0256589
412 0.781796 0.531275 0.0295669
413 0.781796 0.522424 0.031194
414 0.781796 0.515509 0.0324666
415 0.781796 0.520949 0.03617
416 0.781796 0.493637 0.0316157
417 0.781796 0.489875 0.0308427
418 0.781796 0.501812 0.030362
419 0.781796 0.485826 0.0300946
420 0.781796 0.498961 0.0338852
421 0.781796 0.495977 0.0328302
422 0.781796 0.51009 0.0302168
423 0.781796 0.530441 0.0332495
424 0.784672 0.511832 0.031014
425 0.784672 0.5325 0.0316549
426 0.784672 0.543857 0.0333879
427 0.784672 0.549675 0.0300992
428 0.784672 0.5377 0.0295096
429 0.784672 0.533163 0.0268786
430 0.784672 0.539288 0.026533
431 0.784672 0.518805 0.027697
432 0.784672 0.521688 0.0282047
433 0.784672 0.548452 0.0276721
434 0.784672 0.518458 0.0272007
435 0.784672 0.520284 0.0276559
436 0.784672 0.510067 0.0305295
437 0.784672 0.51279 0.0286352
438 0.784672 0.515044 0.0340699
439 0.784672 0.508939 0.0330891
440 0.784672 0.50474 0.0299085
441 0.784672 0.489821 0.033146
442 0.784672 0.509438 0.0331739
443 0.784672 0.545748 0.0274619
444 0.784672 0.528941 0.0306843
445 0.784672 0.511934 0.0340526
446 0.784672 0.536154 0.0351592
447 0.784672 0.529798 0.0348768
448 0.784672 0.524159 0.030945
449 0.784672 0.514604 0.0326452
450 0.784672 0.541435 0.0305197
451 0.784672 0.533784 0.0295773
452 0.784672 0.544121 0.0277839
453 0.784672 0.543481 0.0313726
454 0.784672 0.538167 0.0280819
455 0.784672 0.52729 0.0287146
456 0.784672 0.53852 0.0291939
457 0.784672 0.546275 0.0322949
458 0.784672 0.522204 0.0323871
459 0.784672 0.516613 0.0306562
460 0.784672 0.51883 0.0327381
461 0.784672 0.524125 0.0285858
462 0.784672 0.530916 0.0284819
463 0.784672 0.533052 0.0289036
464 0.784672 0.548468 0.0278008
465 0.784672 0.541415 0.0287431
466 0.784672 0.537784 0.0284034
467 0.784672 0.546394 0.0254293
468 0.784672 0.539213 0.0298082
469 0.784672 0.530204 0.0305762
470 0.784672 0.521058 0.0337639
471 0.784672 0.522444 0.0329969
472 0.784672 0.515578 0.0305493
473 0.784672 0.531395 0.0321984
474 0.784672 0.514649 0.0314218
475 0.784672 0.530638 0.0319483
476 0.784672 0.526767 0.0294798
477 0.784672 0.525258 0.0344393
478 0.784672 0.524823 0.032702
479 0.784672 0.514577 0.0334089
480 0.784672 0.517025 0.0354297
481 0.784672 0.525447 0.0349116
482 0.784672 0.516374 0.0345588
483 0.784672 0.508294 0.036056
484 0.784672 0.52119 0.0382259
485 0.784672 0.506714 0.0380798
486 0.784672 0.510373 0.0344143
487 0.784672 0.486998 0.0328891
488 0.784672 0.499948 0.0359685
489 0.784672 0.495676 0.0362788
490 0.784672 0.484886 0.0337371
491 0.784672 0.498766 0.031475
492 0.784672 0.507639 0.0293136
493 0.784672 0.520111 0.031493
494 0.784672 0.531512 0.0268463
495 0.784672 0.516288 0.0277304
496 0.784672 0.526441 0.0246547
497 0.784672 0.518652 0.0277721
498 0.784672 0.524037 0.0275584
499 0.784672 0.517526 0.0255107
500 0.784672 0.526301 0.0287325
501 0.784672 0.512561 0.028044
502 0.784672 0.52174 0.0302396
503 0.784672 0.526829 0.0274999
504 0.784672 0.536306 0.0271028
505 0.784672 0.526089 0.0310985
506 0.784672 0.530568 0.0277924
507 0.784672 0.5335 0.0287323
508 0.784672 0.537773 0.02178
509 0.784672 0.542739 0.0221881
510 0.784672 0.55358 0.0237508
511 0.784672 0.576989 0.0196954
512 0.784672 0.553387 0.0230209
513 0.784672 0.531245 0.0262274
514 0.784672 0.5475 0.0284663
515 0.784672 0.558159 0.0296621
516 0.784672 0.528717 0.0302329
517 0.784672 0.515718 0.0240906
518 0.784672 0.512259 0.0284943
519 0.784672 0.495826 0.0269095
520 0.784672 0.492058 0.034294
521 0.784672 0.487309 0.0325377
522 0.784672 0.486 0.0322356
523 0.784672 0.481391 0.0346799
524 0.784672 0.483535 0.0339921
525 0.784672 0.498022 0.0308337
526 0.784672 0.517093 0.0334097
527 0.784672 0.521197 0.0328913
528 0.784672 0.517294 0.0344336
529 0.784672 0.528601 0.029198
530 0.784672 0.558291 0.0233635
531 0.784672 0.559541 0.0234351
532 0.784672 0.558001 0.0245136
533 0.784672 0.538976 0.028096
534 0.784672 0.503048 0.0292608
535 0.784672 0.518684 0.0297932
536 0.784672 0.505494 0.0341103
537 0.784672 0.514443 0.0306877
538 0.784672 0.497791 0.0335665
539 0.784672 0.503702 0.0337801
540 0.784672 0.493172 0.0355511
541 0.784672 0.502994 0.0307096
542 0.784672 0.527252 0.0313413
543 0.784672 0.505591 0.0307785
544 0.784672 0.496954 0.0329338
545 0.784672 0.526649 0.0321368
546 0.784672 0.505709 0.0317552
547 0.784672 0.499063 0.0334092
548 0.784672 0.492521 0.0314316
549 0.784672 0.504239 0.0325467
550 0.784672 0.523544 0.0354745
551 0.784672 0.497216 0.0307451
552 0.784672 0.490032 0.0331103
553 0.784672 0.499085 0.0312495
554 0.784672 0.523877 0.0311753
555 0.784672 0.551872 0.0315959
556 0.784672 0.545592 0.0266813
557 0.784672 0.524787 0.0320034
558 0.784672 0.541981 0.0333307
559 0.784672 0.540756 0.0342188
560 0.784672 0.519836 0.0323778
561 0.784672 0.49864 0.0304531
562 0.784672 0.536442 0.0278115
563 0.784672 0.542709 0.029227
564 0.784672 0.549231 0.0308577
565 0.784672 0.57029 0.0278987
566 0.784672 0.557333 0.0300653
567 0.784672 0.566716 0.0261811
568 0.784672 0.529507 0.0297065
569 0.784672 0.515862 0.0248737
570 0.784672 0.507883 0.0321393
571 0.784672 0.519222 0.0331693
572 0.784672 0.514507 0.0297446
573 0.784672 0.52681 0.0320897
574 0.784672 0.511505 0.0301467
575 0.784672 0.500206 0.0315702
576 0.784672 0.512065 0.0318794
577 0.784672 0.499634 0.0325143
578 0.784672 0.508225 0.0340573
579 0.784672 0.557381 0.028052
580 0.784672 0.526894 0.0284362
581 0.784672 0.551008 0.032134
582 0.784672 0.547595 0.031628
583 0.784672 0.539959 0.0290073
584 0.784672 0.538116 0.0327925
585 0.784672 0.534486 0.033502
586 0.784672 0.564387 0.0268238
587 0.784672 0.568662 0.02667
588 0.784672 0.541167 0.0259089
589 0.784672 0.546139 0.0251272
590 0.784672 0.535512 0.0241275
591 0.784672 0.519775 0.0266522
592 0.784672 0.526705 0.0269141
593 0.784672 0.563599 0.0301252
594 0.784672 0.557661 0.0311799
595 0.784672 0.544743 0.0297671
596 0.784672 0.548325 0.0273008
597 0.784672 0.536074 0.0231935
598 0.784672 0.557457 0.0251837
599 0.784672 0.562123 0.0244715
600 0.784672 0.569615 0.0215402
601 0.784672 0.572544 0.020537
602 0.784672 0.564385 0.0240992
603 0.784672 0.587301 0.0259704
604 0.784672 0.568798 0.0269616
605 0.784672 0.564122 0.0296755
606 0.784672 0.558471 0.0311939
607 0.784672 0.514155 0.0290489
608 0.784672 0.505084 0.0290548
609 0.784672 0.503176 0.0333144
610 0.784672 0.515724 0.032948
611 0.784672 0.541702 0.0318627
612 0.784672 0.540884 0.0277234
613 0.784672 0.519433 0.0314728
614 0.784672 0.529865 0.0303109
615 0.784672 0.528943 0.0328493
616 0.784672 0.529021 0.0310641
617 0.784672 0.553334 0.028206
618 0.784672 0.552517 0.0305748
619 0.784672 0.548442 0.0270493
620 0.784672 0.533304 0.0266889
621 0.784672 0.536787 0.0251451
622 0.784672 0.541014 0.0245299
623 0.784672 0.523074 0.0270924
624 0.784672 0.556015 0.0266143
625 0.784672 0.524537 0.0283197
626 0.784672 0.553605 0.0288705
627 0.784672 0.543895 0.0313301
628 0.784672 0.551836 0.030102
629 0.784672 0.542652 0.0271389
630 0.784672 0.548366 0.026156
631 0.784672 0.565165 0.0270032
632 0.784672 0.536365 0.0322747
633 0.784672 0.531709 0.027694
634 0.784672 0.537734 0.0284954
635 0.784672 0.518855 0.026317
636 0.784672 0.496717 0.0272588
637 0.784672 0.517002 0.0290565
638 0.784672 0.528934 0.0311112
639 0.784672 0.511607 0.0276754
640 0.784672 0.534424 0.0268773
641 0.784672 0.514911 0.0304186
642 0.784672 0.532311 0.0306725
643 0.784672 0.521825 0.0268261
644 0.784672 0.519198 0.0305367
645 0.784672 0.512546 0.0301102
646 0.784672 0.536145 0.0309763
647 0.784672 0.531179 0.0285319
648 0.784672 0.538912 0.0285245
649 0.784672 0.521627 0.0279805
650 0.7847 0.545927 0.0262787
651 0.7847 0.517523 0.0268065
652 0.7847 0.554327 0.0271493
653 0.7847 0.531419 0.0318569
654 0.7847 0.546361 0.0311105
655 0.7847 0.536962 0.0302808
656 0.7847 0.530048 0.0308952
657 0.7847 0.508293 0.0306728
658 0.7847 0.530159 0.0329514
659 0.7847 0.534774 0.0336422
660 0.7847 0.515696 0.0367802
661 0.7847 0.512387 0.0357727
662 0.7847 0.511491 0.0355782
663 0.7847 0.517387 0.0316798
664 0.7847 0.509 0.0376932
665 0.7847 0.532252 0.0338805
666 0.7847 0.513156 0.0314046
667 0.7847 0.548505 0.0311906
668 0.7847 0.54512 0.0330521
669 0.7847 0.536008 0.0311254
670 0.7847 0.5422 0.0292129
671 0.7847 0.551229 0.0265559
672 0.7847 0.5567 0.0314516
673 0.7847 0.551913 0.028693
674 0.7847 0.548544 0.0275981
675 0.7847 0.510193 0.0299338
676 0.7847 0.529568 0.0326733
677 0.7847 0.528504 0.0271987
678 0.7847 0.534488 0.0312259
679 0.7847 0.544025 0.0307765
680 0.7847 0.532322 0.0341906
681 0.7847 0.53062 0.0330632
682 0.7847 0.534167 0.0335418
683 0.7847 0.510089 0.0343089
684 0.7847 0.520645 0.032935
685 0.7847 0.537144 0.0336676
686 0.7847 0.521978 0.0335011
687 0.7847 0.518083 0.0338031
688 0.7847 0.503734 0.0338729
689 0.7847 0.501758 0.0327384
690 0.7847 0.508692 0.0358971
691 0.7847 0.484748 0.0339068
692 0.7847 0.488577 0.0404688
693 0.7847 0.51056 0.034232
694 0.7847 0.513764 0.0320306
695 0.7847 0.488213 0.0280373
696 0.7847 0.493191 0.0312367
697 0.7847 0.525575 0.0300513
698 0.7847 0.539976 0.0341546
699 0.7847 0.546225 0.030405
700 0.7847 0.52686 0.0355315
701 0.7847 0.528002 0.0287026
702 0.7847 0.538295 0.0323674
703 0.7847 0.506169 0.0315156
704 0.7847 0.525644 0.0336279
705 0.7847 0.519005 0.0325358
706 0.7847 0.528288 0.0304132
707 0.7847 0.532733 0.0327592
708 0.7847 0.559798 0.030063
709 0.7847 0.568092 0.0314322
710 0.7847 0.542677 0.0308629
711 0.7847 0.559166 0.0299945
712 0.7847 0.520777 0.0312731
713 0.7847 0.522807 0.0299246
714 0.7847 0.533544 0.0312385
715 0.7847 0.557249 0.0297498
716 0.787705 0.565262 0.0286242
717 0.787705 0.551647 0.0301471
718 0.787705 0.535968 0.0342779
719 0.787705 0.536936 0.0311014
720 0.787705 0.546485 0.0298968
721 0.787705 0.53147 0.0289399
722 0.787705 0.52619 0.02764
723 0.787705 0.52026 0.0317199
724 0.787705 0.521893 0.0294346
725 0.787705 0.510711 0.0284327
726 0.787705 0.525087 0.0292373
727 0.787705 0.531665 0.030061
728 0.787705 0.537561 0.0285443
729 0.787705 0.530145 0.0279377
730 0.787705 0.554288 0.0276093
731 0.787705 0.539519 0.0293178
732 0.787705 0.549874 0.0304953
733 0.787705 0.553557 0.0282516
734 0.787705 0.564817 0.0259825
735 0.787705 0.550267 0.0258291
736 0.787705 0.540092 0.0285869
737 0.787705 0.545366 0.0286207
738 0.787705 0.530089 0.0283575
739 0.787705 0.542121 0.0289584
740 0.787705 0.524437 0.0312663
741 0.787705 0.526907 0.0280404
742 0.787705 0.521903 0.0279116
743 0.787705 0.530258 0.0311746
744 0.787705 0.504893 0.0303555
745 0.787705 0.499631 0.0308818
746 0.787705 0.510509 0.0312184
747 0.787705 0.510221 0.0329975
748 0.787705 0.498401 0.0298379
749 0.787705 0.518237 0.0327953
750 0.787705 0.522739 0.0281558
751 0.787705 0.508469 0.0291329
752 0.787705 0.514015 0.0298142
753 0.787705 0.538729 0.0303592
754 0.787705 0.516696 0.0273584
755 0.787705 0.527462 0.0284013
756 0.787705 0.530766 0.0291673
757 0.787705 0.540273 0.0298406
758 0.787705 0.528899 0.0318622
759 0.787705 0.531365 0.0295809
760 0.787705 0.534059 0.0295513
761 0.787705 0.540767 0.0295157
762 0.787705 0.539974 0.0257425
763 0.787705 0.546857 0.0291081
764 0.787705 0.528111 0.0325835
765 0.787705 0.545811 0.029539
766 0.787705 0.529564 0.0328109
767 0.787705 0.534622 0.0298619
768 0.787705 0.562849 0.0316397
769 0.787705 0.554685 0.0286798
770 0.787705 0.547174 0.0314995
771 0.787705 0.538628 0.0307481
772 0.787705 0.532077 0.0321305
773 0.787705 0.535909 0.0294699
774 0.787705 0.539475 0.0278079
775 0.787705 0.546944 0.027709
776 0.787705 0.53668 0.0281038
777 0.787705 0.528556 0.0277462
778 0.787705 0.55375 0.0276328
779 0.787705 0.543388 0.0289085
780 0.787705 0.555183 0.0309733
781 0.787705 0.551746 0.0272201
782 0.787705 0.528916 0.0279944
783 0.787705 0.533602 0.0287877
784 0.787705 0.529485 0.0278416
785 0.787705 0.53439 0.0300208
786 0.787705 0.576619 0.0255819
787 0.787705 0.572995 0.027251
788 0.787705 0.559562 0.0292024
789 0.787705 0.540767 0.0327385
790 0.787705 0.528756 0.0321832
791 0.787705 0.527085 0.0289313
792 0.787705 0.501056 0.0287592
793 0.787705 0.523875 0.0314538
794 0.787705 0.529845 0.0336283
795 0.787705 0.545994 0.0298153
796 0.787705 0.53851 0.0278437
797 0.787705 0.522994 0.0287902
798 0.787705 0.540748 0.0282478
799 0.787705 0.531122 0.0288745
800 0.787705 0.507728 0.0321608
801 0.787705 0.516869 0.0265443
802 0.787705 0.540697 0.0275606
803 0.787705 0.526055 0.0273893
804 0.787705 0.524344 0.0275325
805 0.787705 0.509775 0.0298234
806 0.787705 0.529797 0.0289669
807 0.787705 0.522504 0.0281675
808 0.787705 0.533289 0.0277985
809 0.787705 0.524585 0.0300103
810 0.787705 0.504628 0.0267933
811 0.787705 0.523099 0.0278083
812 0.787705 0.527042 0.0298423
813 0.787705 0.547727 0.0264796
814 0.787705 0.531557 0.0300019
815 0.787705 0.520251 0.0268228
816 0.787705 0.514378 0.0295927
817 0.787705 0.531741 0.0288732
818 0.787705 0.521888 0.0330239
819 0.787705 0.528537 0.0304385
820 0.787705 0.511483 0.0260574
821 0.787705 0.534581 0.0295013
822 0.787705 0.5312 0.0275651
823 0.787705 0.558614 0.028543
824 0.787705 0.524318 0.0287697
825 0.787705 0.528173 0.0272913
826 0.787705 0.541827 0.026324
827 0.787705 0.505717 0.0309436
828 0.787705 0.523663 0.0283748
829 0.787705 0.528212 0.0282733
830 0.787705 0.549036 0.0269713
831 0.787705 0.534448 0.0293225
832 0.787705 0.5354 0.0272518
833 0.787705 0.532986 0.0263924
834 0.787705 0.533158 0.028006
835 0.787705 0.524698 0.0248619
836 0.787705 0.528683 0.025591
837 0.787705 0.537086 0.0308522
838 0.787705 0.52594 0.0283545
839 0.787705 0.524112 0.0271854
840 0.787705 0.51374 0.0290677
841 0.787705 0.522308 0.0304905
842 0.787705 0.521092 0.034435
843 0.787705 0.521174 0.0320553
844 0.787705 0.517064 0.0302946
845 0.787705 0.52344 0.0309557
846 0.787705 0.502323 0.0321715
847 0.787705 0.491095 0.032429
848 0.787705 0.497252 0.0335639
849 0.787705 0.523975 0.0322503
850 0.787705 0.514169 0.0304439
851 0.787705 0.51458 0.0288051
852 0.787705 0.497454 0.0314667
853 0.787705 0.467617 0.0322932
854 0.787705 0.490551 0.0305785
855 0.787705 0.518486 0.035976
856 0.787705 0.537265 0.0290589
857 0.787705 0.534235 0.0307199
858 0.787705 0.523773 0.0302258
859 0.787705 0.523296 0.0295257
860 0.787705 0.545431 0.0282733
861 0.787705 0.526869 0.0304827
862 0.787705 0.521827 0.0290429
863 0.787705 0.528757 0.0318664
864 0.787705 0.510123 0.0282146
865 0.787705 0.520579 0.0284485
866 0.787705 0.522337 0.0315934
867 0.787705 0.530951 0.0310815
868 0.787705 0.52939 0.0317306
869 0.787705 0.506924 0.032212
870 0.787705 0.51234 0.0303846
871 0.787705 0.506666 0.0305441
872 0.787705 0.497669 0.0278688
873 0.787705 0.520644 0.0286388
874 0.787705 0.507019 0.0288825
875 0.787705 0.510763 0.0273808
876 0.787705 0.520261 0.0274017
877 0.787705 0.502071 0.031934
878 0.787705 0.516316 0.0292713
879 0.787705 0.512651 0.0293581
880 0.787705 0.506272 0.030641
881 0.787705 0.51507 0.030901
882 0.787705 0.521752 0.0313594
883 0.787705 0.521845 0.0314028
884 0.787705 0.515802 0.0294949
885 0.787705 0.529591 0.0282448
886 0.787705 0.51951 0.0271677
887 0.787705 0.535274 0.0278744
888 0.787705 0.534008 0.0282447
889 0.787705 0.536666 0.0304521
890 0.787705 0.544775 0.0301863
891 0.787705 0.549575 0.0300557
892 0.787705 0.54844 0.0325223
893 0.787705 0.544674 0.0298561
894 0.787705 0.542819 0.027511
895 0.787705 0.536771 0.027987
896 0.787705 0.552496 0.028316
897 0.787705 0.553228 0.0265373
898 0.787705 0.536086 0.0273722
899 0.787705 0.528844 0.0292503
900 0.787705 0.524202 0.0259142
901 0.787705 0.512747 0.0289649
902 0.787705 0.552408 0.0307971
903 0.787705 0.550568 0.0298905
904 0.787705 0.572817 0.0270811
905 0.787705 0.5572 0.0322
906 0.787705 0.562226 0.0273671
907 0.787705 0.546786 0.0295763
908 0.787705 0.56341 0.0305466
909 0.787705 0.54063 0.0300632
910 0.787705 0.538281 0.0276299
911 0.787705 0.541019 0.0275534
912 0.787705 0.535824 0.0292814
913 0.787705 0.579702 0.0249993
914 0.787705 0.551903 0.0268744
915 0.787705 0.575609 0.0238152
916 0.787705 0.56485 0.028611
917 0.787705 0.58236 0.0259504
918 0.787705 0.581477 0.0262831
919 0.787705 0.593799 0.0257076
920 0.787705 0.580607 0.0260777
921 0.787705 0.566818 0.0261875
922 0.787705 0.538758 0.0266554
923 0.787705 0.573753 0.0292583
924 0.787705 0.586648 0.0242132
925 0.787705 0.580827 0.023381
926 0.787705 0.564025 0.0242564
927 0.787705 0.572581 0.0219255
928 0.787705 0.567189 0.0290142
929 0.787705 0.543652 0.0287147
930 0.787705 0.538802 0.0285523
931 0.787705 0.546281 0.0285465
932 0.787705 0.52093 0.032131
933 0.787705 0.534908 0.0287022
934 0.787705 0.541193 0.0272407
935 0.787705 0.548047 0.0293297
936 0.787705 0.555927 0.0258247
937 0.787705 0.563187 0.0278158
938 0.787705 0.564073 0.0298949
939 0.787705 0.558546 0.0269451
940 0.787705 0.538507 0.0299249
941 0.787705 0.535361 0.031712
942 0.787705 0.572707 0.0271424
943 0.787705 0.55728 0.0292394
944 0.787705 0.590811 0.0259286
945 0.787705 0.588462 0.0238321
946 0.787705 0.592996 0.0237931
947 0.787705 0.600783 0.0240533
948 0.787705 0.581891 0.0226911
949 0.787705 0.577083 0.0258131
950 0.787705 0.58441 0.0251192
951 0.787705 0.568258 0.0270915
952 0.787705 0.565415 0.0255875
953 0.787705 0.567979 0.0254584
954 0.787705 0.55163 0.0298481
955 0.787705 0.549955 0.0292191
956 0.787705 0.554974 0.0267168
957 0.787705 0.550486 0.030212
958 0.787705 0.585304 0.0273318
959 0.787705 0.557999 0.0291934
960 0.787705 0.566607 0.0293277
961 0.787705 0.549016 0.0300917
962 0.787885 0.557031 0.0312415
963 0.787885 0.551893 0.0291849
964 0.787885 0.552572 0.0304195
965 0.787885 0.553001 0.0322398
966 0.787885 0.570764 0.0302247
967 0.787885 0.579407 0.0315802
968 0.787885 0.574818 0.029232
969 0.787885 0.578342 0.0249128
970 0.787885 0.592351 0.0244374
971 0.787885 0.572548 0.0260584
972 0.787885 0.605784 0.0212389
973 0.787885 0.577411 0.0242859
974 0.787885 0.550269 0.0295682
975 0.787885 0.537875 0.028786
976 0.787885 0.55565 0.0288785
977 0.787885 0.559522 0.027384
978 0.787885 0.555575 0.0260638
979 0.787885 0.555856 0.0259035
980 0.787885 0.552154 0.0266395
981 0.787885 0.57223 0.0267751
982 0.787885 0.56492 0.0292633
983 0.787885 0.552427 0.0249957
984 0.787885 0.535823 0.0324178
985 0.787885 0.520345 0.030847
986 0.787885 0.501205 0.030581
987 0.787885 0.547166 0.0326077
988 0.787885 0.563241 0.0293959
989 0.787885 0.542514 0.0317817
990 0.787885 0.534574 0.0318218
991 0.787885 0.534879 0.0283651
992 0.787885 0.531665 0.0296772
993 0.787885 0.555799 0.027288
994 0.787885 0.549688 0.0294077
995 0.787885 0.525512 0.0283844
996 0.787885 0.54876 0.0270648
997 0.787885 0.548034 0.0286297
998 0.787885 0.551625 0.0299393
999 0.787885 0.567661 0.0287509
1000 0.787885 0.541799 0.0300083
