0 0.520434 0.495716 0.000865612
1 0.522941 0.498396 0.000257302
2 0.528757 0.497222 0.000433878
3 0.571074 0.502424 0.000140489
4 0.629292 0.505464 0.000373581
5 0.688671 0.508878 0.00107114
6 0.835996 0.516954 0.0030922
7 0.835996 0.529243 0.00368047
8 0.835996 0.523542 0.00501453
9 0.835996 0.52384 0.00403762
10 0.835996 0.530825 0.00496275
11 0.835996 0.53435 0.00573374
12 0.835996 0.543843 0.00867885
13 0.835996 0.538413 0.0103816
14 0.835996 0.555119 0.0129612
15 0.835996 0.564928 0.0142369
16 0.856663 0.554834 0.0148158
17 0.878201 0.56915 0.018862
18 0.884867 0.58411 0.0204729
19 0.884867 0.56694 0.0206819
20 0.886895 0.572996 0.0224452
21 0.903686 0.587336 0.0222361
22 0.903686 0.595037 0.0225768
23 0.903686 0.580496 0.0236881
24 0.936946 0.595919 0.0297904
25 0.936946 0.595484 0.0258268
26 0.936946 0.611214 0.0270915
27 0.936946 0.608982 0.0274574
28 0.940659 0.620699 0.030238
29 0.970189 0.628897 0.0374332
30 0.971983 0.659475 0.0385393
31 0.983627 0.645479 0.0409475
32 0.991649 0.653041 0.0370087
33 0.994511 0.666945 0.0399175
34 0.994511 0.691077 0.0407641
35 0.994511 0.679102 0.0436509
36 0.994511 0.68421 0.0440668
37 0.995582 0.691162 0.0464347
38 0.997539 0.693402 0.0438769
39 0.997539 0.685196 0.036946
40 0.997792 0.703805 0.0370165
41 0.99864 0.71068 0.0390597
42 0.99864 0.711295 0.0380501
43 0.99864 0.710797 0.0424752
44 0.99864 0.732 0.0388269
45 0.99864 0.747384 0.0354614
46 0.99864 0.758874 0.0337848
47 0.99864 0.751316 0.034271
48 0.99864 0.760398 0.0311928
49 0.99864 0.773333 0.0332128
50 0.99864 0.765765 0.0320422
51 0.99864 0.767642 0.0336461
52 0.999499 0.770076 0.0329325
53 0.999499 0.763091 0.0323696
54 0.999499 0.778211 0.0357947
55 0.999499 0.809305 0.0302698
56 0.999499 0.811212 0.0278278
57 0.999499 0.822974 0.0274294
58 0.999499 0.833766 0.0232297
59 0.999499 0.83524 0.0264955
60 0.999499 0.824388 0.0272672
61 0.999499 0.814388 0.0239549
62 0.999499 0.813156 0.024873
63 0.999499 0.82813 0.0232873
64 0.999706 0.837038 0.0271898
65 0.999802 0.830954 0.0265206
66 0.999802 0.837166 0.0232646
67 0.999802 0.822021 0.021076
68 0.999802 0.8219 0.0222693
69 0.999802 0.80449 0.0248287
70 0.999802 0.840083 0.0241303
71 0.999802 0.836619 0.0211508
72 0.999802 0.827413 0.027903
73 0.999802 0.828177 0.0236545
74 0.999802 0.815885 0.0269352
75 0.999802 0.838223 0.0269759
76 0.999802 0.863316 0.0225307
77 0.999802 0.838577 0.0175048
78 0.999802 0.856362 0.0149945
79 0.999802 0.843893 0.0208064
80 0.999802 0.855002 0.019076
81 0.999802 0.833063 0.0237789
82 0.999802 0.845802 0.0235859
83 0.999802 0.869329 0.0210932
84 0.999802 0.858027 0.021984
85 0.999802 0.843088 0.0194552
86 0.999802 0.859166 0.0202908
87 0.999802 0.86502 0.0144773
88 0.999802 0.848611 0.0197521
89 0.999802 0.865967 0.0163759
90 0.999802 0.866603 0.0156872
91 0.999802 0.837359 0.022776
92 0.999802 0.86262 0.0161016
93 0.999802 0.849189 0.0209129
94 0.999874 0.852422 0.0225913
95 0.999874 0.83917 0.0250359
96 0.999874 0.852197 0.0203878
97 0.999874 0.867821 0.0179081
98 0.999874 0.858621 0.0217494
99 0.999874 0.832778 0.0261177
100 0.999874 0.849399 0.0256161
101 0.999881 0.879794 0.0157783
102 0.999881 0.869183 0.0197092
103 0.999881 0.856918 0.0237365
104 0.999881 0.858376 0.0220419
105 0.999881 0.863282 0.0226915
106 0.999881 0.854532 0.0259744
107 0.999881 0.85524 0.0238354
108 0.999881 0.851981 0.0242234
109 0.999881 0.857056 0.0230116
110 0.999881 0.858467 0.0218935
111 0.999881 0.8729 0.019911
112 0.999881 0.890156 0.0149153
113 0.999881 0.898021 0.013438
114 0.999881 0.894318 0.0128419
115 0.999881 0.888822 0.0189552
116 0.999881 0.883009 0.0184269
117 0.999881 0.879789 0.0212956
118 0.999881 0.902423 0.0173292
119 0.999881 0.895108 0.0179291
120 0.999881 0.902995 0.014828
121 0.999881 0.889677 0.0174565
122 0.999881 0.901477 0.0149477
123 0.999881 0.888993 0.0168144
124 0.999881 0.869931 0.0190153
125 0.999881 0.883011 0.0139249
126 0.999881 0.897122 0.0151823
127 0.999881 0.88509 0.0144631
128 0.999881 0.905467 0.0106547
129 0.999881 0.906854 0.012658
130 0.999881 0.914253 0.0116125
131 0.999881 0.902742 0.0147159
132 0.999881 0.894272 0.0153299
133 0.999881 0.88733 0.0157739
134 0.999881 0.886791 0.0152264
135 0.999881 0.887453 0.0167586
136 0.999881 0.884163 0.0165629
137 0.999881 0.880291 0.0170173
138 0.999881 0.881305 0.0153993
139 0.999881 0.896482 0.0153368
140 0.999881 0.887229 0.0180089
141 0.999881 0.88697 0.0165088
142 0.999881 0.888699 0.017704
143 0.999881 0.886004 0.0167236
144 0.999881 0.899362 0.015986
145 0.999881 0.899223 0.0118115
146 0.999881 0.898486 0.0152305
147 0.999881 0.912619 0.00904181
148 0.999881 0.905848 0.00998157
149 0.999881 0.905051 0.0100911
150 0.999881 0.913238 0.00830779
151 0.999881 0.912713 0.0098329
152 0.999881 0.908971 0.0130188
153 0.999881 0.907339 0.0153894
154 0.999881 0.91669 0.00999783
155 0.999889 0.896705 0.0140368
156 0.999889 0.899586 0.0122796
157 0.999889 0.910859 0.0117388
158 0.999889 0.892178 0.0108285
159 0.999889 0.882785 0.0126334
160 0.999889 0.893466 0.0140884
161 0.999889 0.907156 0.0128791
162 0.999889 0.923308 0.0091723
163 0.999889 0.913383 0.0122377
164 0.999889 0.887278 0.0146342
165 0.999889 0.889195 0.017614
166 0.999889 0.878868 0.0234943
167 0.999889 0.886744 0.019784
168 0.999889 0.887257 0.0223268
169 0.999889 0.892837 0.0206172
170 0.999889 0.884708 0.0198261
171 0.999889 0.902233 0.0177363
172 0.999889 0.888879 0.0138218
173 0.999889 0.87692 0.019235
174 0.999889 0.88746 0.0146852
175 0.999889 0.911793 0.014971
176 0.999889 0.888821 0.019895
177 0.999889 0.886159 0.0187941
178 0.999916 0.887014 0.0206896
179 0.999916 0.881223 0.0199999
180 0.999916 0.882267 0.0169547
181 0.999916 0.880348 0.0166729
182 0.999916 0.885708 0.017869
183 0.999916 0.883895 0.0190343
184 0.999916 0.87968 0.0217936
185 0.999916 0.875633 0.022383
186 0.999926 0.856442 0.0235753
187 0.999926 0.865218 0.0252951
188 0.999926 0.879485 0.0180503
189 0.999926 0.898785 0.0189408
190 0.999926 0.870348 0.0203245
191 0.999926 0.843544 0.0250632
192 0.999926 0.874119 0.0178554
193 0.999926 0.88134 0.0173459
194 0.999926 0.872424 0.0214857
195 0.999926 0.864879 0.0227688
196 0.999926 0.871672 0.0245099
197 0.999926 0.878442 0.0227696
198 0.999926 0.861405 0.0207014
199 0.999926 0.872389 0.0198384
200 0.999926 0.853483 0.0254371
201 0.999926 0.852692 0.0235391
202 0.999926 0.850915 0.0253957
203 0.999926 0.859286 0.0232237
204 0.999926 0.852309 0.0271054
205 0.999926 0.87406 0.0245326
206 0.999926 0.88718 0.0165919
207 0.999926 0.889611 0.0174778
208 0.999926 0.880726 0.0187457
209 0.999926 0.899676 0.0141068
210 0.999926 0.877453 0.0222026
211 0.999926 0.881298 0.0169889
212 0.999926 0.896474 0.01709
213 0.999926 0.881305 0.0218433
214 0.999926 0.882649 0.0178156
215 0.999926 0.885995 0.0185452
216 0.999926 0.882571 0.0181997
217 0.999926 0.926007 0.0108141
218 0.999926 0.906084 0.0121459
219 0.999926 0.911981 0.0116052
220 0.999926 0.904662 0.0109361
221 0.999941 0.895982 0.0129918
222 0.999941 0.914777 0.0120018
223 0.999941 0.9142 0.0093586
224 0.999941 0.918015 0.00931888
225 0.999941 0.920787 0.0105603
226 0.999941 0.937685 0.00687188
227 0.999941 0.915778 0.00977588
228 0.999941 0.901191 0.0135597
229 0.999941 0.914933 0.0134777
230 0.999941 0.909384 0.0144043
231 0.999941 0.907594 0.0152218
232 0.999941 0.908219 0.0141281
233 0.999941 0.919082 0.0128933
234 0.999941 0.920846 0.0122226
235 0.999941 0.903089 0.012395
236 0.999941 0.903201 0.0145666
237 0.999941 0.907613 0.0126259
238 0.999941 0.908346 0.0125419
239 0.999941 0.902593 0.0178866
240 0.999941 0.903593 0.0176751
241 0.999941 0.892279 0.0185183
242 0.999941 0.900905 0.0184571
243 0.999941 0.903865 0.017837
244 0.999941 0.905216 0.0157554
245 0.999941 0.894289 0.0185505
246 0.999941 0.894721 0.0203704
247 0.999941 0.911517 0.0145069
248 0.999941 0.893393 0.0196071
249 0.999941 0.894295 0.0157885
250 0.999941 0.890911 0.0166769
251 0.999941 0.905658 0.0134191
252 0.999941 0.900382 0.0187675
253 0.999941 0.909517 0.0132762
254 0.999941 0.909184 0.0123052
255 0.999941 0.9157 0.0115145
256 0.999941 0.896568 0.0119634
257 0.999941 0.896847 0.0159514
258 0.999941 0.903131 0.0171445
259 0.999941 0.916562 0.0132083
260 0.999941 0.918685 0.0100593
261 0.999941 0.914605 0.0121508
262 0.999941 0.896573 0.0153931
263 0.999941 0.919189 0.0108076
264 0.999941 0.897852 0.0151964
265 0.999941 0.874357 0.0214762
266 0.999941 0.889782 0.01623
267 0.999941 0.892466 0.0195873
268 0.999941 0.903024 0.0188909
269 0.999941 0.88988 0.0172557
270 0.999941 0.885675 0.0205872
271 0.999941 0.904656 0.0154639
272 0.999941 0.897237 0.0200656
273 0.999941 0.899484 0.0195832
274 0.999941 0.884012 0.0171597
275 0.999941 0.901412 0.016235
276 0.999941 0.887607 0.0178307
277 0.999941 0.88116 0.0207631
278 0.999941 0.894231 0.0132744
279 0.999941 0.89461 0.0140734
280 0.999941 0.90328 0.012959
281 0.999941 0.893265 0.0151069
282 0.999941 0.889854 0.0192741
283 0.999941 0.906316 0.0158615
284 0.999941 0.90097 0.012491
285 0.999941 0.895145 0.0127742
286 0.999941 0.916009 0.0130445
287 0.999941 0.890188 0.0169996
288 0.999941 0.912374 0.0128913
289 0.999941 0.909496 0.0116648
290 0.999941 0.904594 0.0110365
291 0.999941 0.919585 0.0076453
292 0.999941 0.934548 0.00727057
293 0.999941 0.929882 0.00832099
294 0.999941 0.917739 0.0111253
295 0.999941 0.911046 0.013299
296 0.999941 0.894575 0.0209382
297 0.999941 0.900988 0.0154047
298 0.999941 0.908243 0.0129706
299 0.999941 0.879903 0.0196744
300 0.999941 0.880131 0.0193554
301 0.999941 0.889667 0.0160348
302 0.999941 0.898434 0.0170338
303 0.999941 0.913246 0.0117531
304 0.999941 0.910417 0.0114619
305 0.999941 0.908759 0.0130763
306 0.999941 0.896838 0.0148269
307 0.999941 0.900693 0.0165779
308 0.999941 0.904398 0.0137548
309 0.999941 0.921238 0.0074859
310 0.999941 0.907754 0.0115019
311 0.999941 0.907355 0.0117133
312 0.999941 0.901874 0.0166291
313 0.999941 0.891215 0.0179683
314 0.999941 0.907178 0.0151711
315 0.999941 0.902639 0.0151027
316 0.999941 0.903569 0.0134244
317 0.999941 0.919041 0.00882945
318 0.999941 0.913652 0.013803
319 0.999941 0.91352 0.0122917
320 0.999941 0.922631 0.00784574
321 0.999941 0.91629 0.0114809
322 0.999941 0.920344 0.0074765
323 0.999941 0.93747 0.00741489
324 0.999941 0.928717 0.0101903
325 0.999941 0.924472 0.0103807
326 0.999941 0.92493 0.0104848
327 0.999941 0.937063 0.00665981
328 0.999941 0.93033 0.00778068
329 0.999941 0.920209 0.00947141
330 0.999941 0.915489 0.0125004
331 0.999941 0.912158 0.010856
332 0.999941 0.926665 0.00591786
333 0.999941 0.912994 0.00809634
334 0.999941 0.909365 0.0144148
335 0.999941 0.920077 0.0134568
336 0.999941 0.903262 0.0159853
337 0.999941 0.87451 0.020054
338 0.999941 0.882588 0.0196789
339 0.999941 0.901246 0.0171036
340 0.999941 0.890009 0.015917
341 0.999941 0.890416 0.0168875
342 0.999941 0.911839 0.0136083
343 0.999941 0.921861 0.0102411
344 0.999941 0.90939 0.0117104
345 0.999941 0.905472 0.0163789
346 0.999941 0.890193 0.0186035
347 0.999941 0.896506 0.0148496
348 0.999941 0.92025 0.0104203
349 0.999941 0.922469 0.0100037
350 0.999941 0.933359 0.00786675
351 0.999941 0.928596 0.00775395
352 0.999941 0.924877 0.00687905
353 0.999941 0.914366 0.0115352
354 0.999941 0.87925 0.0187368
355 0.999941 0.894155 0.0128221
356 0.999941 0.910518 0.010471
357 0.999941 0.924898 0.0106269
358 0.999941 0.924137 0.0122375
359 0.999941 0.91079 0.0152501
360 0.999941 0.912147 0.0111134
361 0.999941 0.912635 0.0124874
362 0.999941 0.915743 0.0129603
363 0.999941 0.929716 0.0100241
364 0.999941 0.929422 0.00706812
365 0.999941 0.927134 0.00875079
366 0.999941 0.908972 0.0122397
367 0.999941 0.907993 0.0125776
368 0.999941 0.920579 0.0121725
369 0.999941 0.92581 0.0107449
370 0.999941 0.928496 0.0108909
371 0.999941 0.91273 0.00933668
372 0.999941 0.918895 0.0110962
373 0.999941 0.90124 0.012533
374 0.999941 0.902519 0.0114277
375 0.999941 0.903375 0.0129207
376 0.999941 0.905222 0.0147598
377 0.999941 0.907386 0.0152147
378 0.999941 0.921637 0.0117983
379 0.999941 0.907137 0.0162716
380 0.999941 0.908076 0.0144804
381 0.999941 0.88773 0.0197961
382 0.999941 0.887797 0.0218706
383 0.999941 0.889651 0.0182245
384 0.999941 0.90688 0.0145197
385 0.999941 0.906251 0.0135218
386 0.999941 0.923002 0.0118135
387 0.999941 0.927337 0.0112583
388 0.999941 0.927686 0.00720158
389 0.999941 0.937201 0.00558613
390 0.999941 0.936865 0.00765722
391 0.999941 0.929796 0.0104803
392 0.999941 0.914558 0.0159918
393 0.999941 0.922532 0.00930963
394 0.999941 0.913176 0.0126286
395 0.999941 0.916713 0.0117215
396 0.999941 0.920984 0.0101318
397 0.999941 0.921815 0.0114647
398 0.999941 0.918525 0.0127918
399 0.999941 0.887547 0.0195623
400 0.999941 0.888143 0.0201087
401 0.999941 0.894239 0.0204354
402 0.999941 0.894843 0.0193534
403 0.999941 0.903067 0.0163728
404 0.999941 0.904584 0.0130437
405 0.999941 0.892029 0.0136424
406 0.999941 0.906935 0.012591
407 0.999941 0.917867 0.00782954
408 0.999941 0.898061 0.0127096
409 0.999941 0.912661 0.00919938
410 0.999941 0.928232 0.00633105
411 0.999941 0.93013 0.00942475
412 0.999941 0.924165 0.0073249
413 0.999941 0.91927 0.0103183
414 0.999941 0.924366 0.00749557
415 0.999941 0.919718 0.00847438
416 0.999941 0.921486 0.00812054
417 0.999941 0.914913 0.0129308
418 0.999941 0.917444 0.0127798
419 0.999941 0.915103 0.011102
420 0.999941 0.912538 0.0139738
421 0.999941 0.911078 0.0138308
422 0.999941 0.904163 0.0123473
423 0.999941 0.885471 0.0186325
424 0.999941 0.903305 0.0140039
425 0.999941 0.914624 0.0149248
426 0.999941 0.905497 0.0138013
427 0.999941 0.91047 0.0135702
428 0.999941 0.892525 0.0172599
429 0.999941 0.897996 0.0164662
430 0.999941 0.918761 0.0125886
431 0.999941 0.914677 0.0156001
432 0.999941 0.938274 0.00837764
433 0.999941 0.939378 0.00548018
434 0.999941 0.911114 0.011539
435 0.999941 0.913324 0.0122922
436 0.999941 0.915664 0.013475
437 0.999941 0.91108 0.0131778
438 0.999941 0.937982 0.0102487
439 0.999941 0.902679 0.0178024
440 0.999941 0.907492 0.0168642
441 0.999941 0.919949 0.0109653
442 0.999941 0.930223 0.00868365
443 0.999941 0.934488 0.00639384
444 0.999941 0.925206 0.0110144
445 0.999941 0.912547 0.0106169
446 0.999941 0.903447 0.0123044
447 0.999941 0.913678 0.0108421
448 0.999941 0.922451 0.0104206
449 0.999941 0.907658 0.0127709
450 0.999941 0.919787 0.00909905
451 0.999941 0.922778 0.0103062
452 0.999941 0.912707 0.0143991
453 0.999941 0.916909 0.0127738
454 0.999941 0.914876 0.0118229
455 0.999941 0.913304 0.0144103
456 0.999941 0.890901 0.0187902
457 0.999941 0.889442 0.0195285
458 0.999941 0.904036 0.0148548
459 0.999941 0.913903 0.013579
460 0.999941 0.907714 0.01773
461 0.999941 0.903048 0.0177505
462 0.999941 0.877505 0.0201671
463 0.999941 0.890821 0.0158611
464 0.999941 0.906426 0.0152394
465 0.999941 0.905385 0.0143419
466 0.999941 0.916107 0.0134747
467 0.999941 0.931488 0.00829508
468 0.999941 0.932652 0.00820913
469 0.999941 0.928419 0.0105272
470 0.999941 0.923473 0.00803978
471 0.999941 0.926366 0.0117355
472 0.999941 0.939286 0.00634132
473 0.999941 0.944272 0.00630067
474 0.999941 0.939128 0.00729773
475 0.999941 0.941703 0.00727469
476 0.999941 0.925631 0.00751984
477 0.999941 0.921761 0.0077655
478 0.999941 0.907473 0.0130599
479 0.999941 0.913233 0.0148601
480 0.999941 0.909839 0.0135078
481 0.999941 0.902249 0.0136597
482 0.999941 0.893984 0.0145862
483 0.999941 0.901092 0.0160962
484 0.999941 0.899461 0.0122262
485 0.999941 0.886004 0.0171799
486 0.999941 0.903522 0.0145802
487 0.999941 0.907068 0.0142864
488 0.999941 0.90859 0.0138854
489 0.999941 0.915597 0.010608
490 0.999941 0.908863 0.0116318
491 0.999941 0.910247 0.0123476
492 0.999941 0.922879 0.00786392
493 0.999941 0.918265 0.0158332
494 0.999941 0.913283 0.0170437
495 0.999941 0.889777 0.0181932
496 0.999941 0.899008 0.0167832
497 0.999941 0.913157 0.0149168
498 0.999941 0.927681 0.0125373
499 0.999941 0.895995 0.0167803
500 0.999941 0.902708 0.0148786
501 0.999941 0.903296 0.013473
502 0.999941 0.919109 0.0120003
503 0.999941 0.912854 0.0134515
504 0.999941 0.912711 0.0136646
505 0.999941 0.917106 0.0119312
506 0.999941 0.921501 0.0126489
507 0.999941 0.898548 0.0164229
508 0.999941 0.901682 0.013205
509 0.999941 0.912996 0.0147541
510 0.999941 0.907868 0.0128694
511 0.999941 0.917232 0.0096195
512 0.999941 0.929192 0.00964427
513 0.999941 0.921094 0.010003
514 0.999941 0.918989 0.010108
515 0.999941 0.905666 0.0143043
516 0.999941 0.91566 0.0110135
517 0.999941 0.930455 0.00737247
518 0.999941 0.942127 0.00646391
519 0.999941 0.934886 0.00775897
520 0.999941 0.910355 0.0139354
521 0.999941 0.900156 0.016912
522 0.999941 0.906158 0.0154838
523 0.999941 0.922666 0.0115885
524 0.999941 0.923989 0.00977092
525 0.999941 0.882686 0.0173316
526 0.999941 0.861146 0.0235114
527 0.999941 0.886861 0.0163444
528 0.999941 0.887617 0.0183447
529 0.999941 0.888236 0.0191594
530 0.999941 0.87894 0.0165807
531 0.999941 0.887533 0.018209
532 0.999941 0.894989 0.0160503
533 0.999941 0.898106 0.0183285
534 0.999941 0.91616 0.0143163
535 0.999941 0.912009 0.0123265
536 0.999941 0.914327 0.0146352
537 0.999941 0.921541 0.0160973
538 0.999941 0.910754 0.0163429
539 0.999941 0.91327 0.0147194
540 0.999941 0.936504 0.00952883
541 0.999941 0.938292 0.00791071
542 0.999941 0.936087 0.00785202
543 0.999941 0.936571 0.00609332
544 0.999941 0.928203 0.0084827
545 0.999941 0.923253 0.0116376
546 0.999941 0.913732 0.0108206
547 0.999941 0.907289 0.0130301
548 0.999941 0.906988 0.0105741
549 0.999941 0.914031 0.0120007
550 0.999941 0.926993 0.00818764
551 0.999941 0.912579 0.0120023
552 0.999941 0.911753 0.0140118
553 0.999941 0.916339 0.0130362
554 0.999941 0.914589 0.0133701
555 0.999941 0.89381 0.0177583
556 0.999941 0.91528 0.013106
557 0.999941 0.91668 0.0100019
558 0.999941 0.902596 0.0140814
559 0.999941 0.896477 0.0171518
560 0.999941 0.893957 0.0166433
561 0.999941 0.910198 0.0120054
562 0.999941 0.910541 0.0132376
563 0.999941 0.896179 0.0148862
564 0.999941 0.913753 0.0148477
565 0.999941 0.902942 0.0143548
566 0.999941 0.915984 0.0122956
567 0.999941 0.918298 0.0129786
568 0.999941 0.91922 0.0139585
569 0.999941 0.922753 0.0134966
570 0.999941 0.914681 0.014052
571 0.999941 0.906575 0.0136582
572 0.999941 0.91818 0.0110873
573 0.999941 0.929236 0.00940416
574 0.999941 0.90875 0.0132635
575 0.999941 0.90217 0.0119023
576 0.999941 0.888891 0.0166983
577 0.999941 0.897859 0.0178279
578 0.999941 0.907007 0.0155433
579 0.999941 0.897804 0.0169759
580 0.999941 0.891944 0.0228829
581 0.999941 0.892004 0.0220176
582 0.999941 0.906624 0.0149875
583 0.999941 0.887541 0.0184468
584 0.999941 0.903449 0.015078
585 0.999941 0.907864 0.0191797
586 0.999941 0.908152 0.0175316
587 0.999941 0.901085 0.0196916
588 0.999941 0.906025 0.0159613
589 0.999941 0.898791 0.0181558
590 0.999941 0.913847 0.0117025
591 0.999941 0.906072 0.0132146
592 0.999941 0.912885 0.0125796
593 0.999941 0.930153 0.00761549
594 0.999941 0.934626 0.00670882
595 0.999941 0.93439 0.00993549
596 0.999941 0.939078 0.0080396
597 0.999941 0.928993 0.01162
598 0.999941 0.932402 0.00807693
599 0.999941 0.927232 0.00738982
600 0.999941 0.912618 0.0107926
601 0.999941 0.889921 0.0125052
602 0.999941 0.899172 0.0149314
603 0.999941 0.907741 0.0130808
604 0.999941 0.91487 0.0117766
605 0.999941 0.917927 0.0116999
606 0.999941 0.917042 0.0107692
607 0.999941 0.923049 0.0113036
608 0.999941 0.913369 0.0111269
609 0.999941 0.915059 0.0148571
610 0.999941 0.914428 0.0124471
611 0.999941 0.903205 0.0194283
612 0.999941 0.91619 0.015382
613 0.999941 0.907048 0.0163628
614 0.999941 0.903636 0.0170889
615 0.999941 0.909498 0.0144576
616 0.999941 0.914296 0.0133461
617 0.999941 0.931196 0.0104168
618 0.999941 0.921588 0.0083101
619 0.999941 0.918721 0.00938688
620 0.999941 0.912219 0.0145408
621 0.999941 0.915766 0.0098375
622 0.999941 0.929669 0.00817444
623 0.999941 0.921234 0.00976456
624 0.999941 0.921571 0.0116423
625 0.999941 0.940515 0.00723115
626 0.999941 0.925835 0.00866202
627 0.999941 0.933658 0.00749786
628 0.999941 0.936827 0.00691831
629 0.999941 0.923048 0.0101057
630 0.999941 0.910986 0.0116909
631 0.999941 0.918805 0.0105441
632 0.999941 0.920374 0.0125564
633 0.999941 0.933515 0.00738182
634 0.999941 0.918846 0.0111496
635 0.999941 0.917626 0.00938553
636 0.999941 0.926434 0.00797649
637 0.999941 0.914025 0.0106442
638 0.999941 0.920674 0.0087716
639 0.999941 0.913933 0.00953324
640 0.999941 0.916546 0.0115553
641 0.999941 0.918952 0.0113852
642 0.999941 0.926684 0.00837472
643 0.999941 0.915874 0.0121739
644 0.999941 0.916693 0.0127869
645 0.999941 0.924162 0.0120835
646 0.999941 0.92342 0.0149961
647 0.999941 0.937697 0.0113423
648 0.999941 0.918548 0.0122604
649 0.999941 0.90648 0.0125491
650 0.999941 0.918641 0.0118753
651 0.999941 0.916715 0.00916865
652 0.999941 0.911816 0.00875838
653 0.999941 0.930183 0.00861366
654 0.999941 0.916784 0.0137738
655 0.999941 0.902176 0.0171339
656 0.999941 0.915375 0.0160424
657 0.999941 0.913785 0.0115224
658 0.999941 0.887627 0.0168404
659 0.999941 0.890714 0.0139986
660 0.999941 0.878049 0.0165988
661 0.999941 0.891208 0.0182333
662 0.999941 0.887978 0.0190581
663 0.999941 0.886931 0.02231
664 0.999941 0.890555 0.018739
665 0.999941 0.908 0.0126874
666 0.999941 0.883082 0.0169424
667 0.999941 0.892462 0.0188449
668 0.999941 0.913125 0.014178
669 0.999941 0.901932 0.0164222
670 0.999941 0.910485 0.0189359
671 0.999941 0.909575 0.014849
672 0.999941 0.905266 0.0176511
673 0.999941 0.901357 0.0163464
674 0.999941 0.918831 0.0128403
675 0.999941 0.925149 0.0124143
676 0.999941 0.937962 0.00654267
677 0.999941 0.928243 0.00699217
678 0.999941 0.925828 0.00936326
679 0.999941 0.904692 0.0134671
680 0.999941 0.927914 0.0122067
681 0.999941 0.943551 0.00623281
682 0.999941 0.926771 0.0150688
683 0.999941 0.929912 0.0113651
684 0.999941 0.923844 0.0123498
685 0.999941 0.908716 0.0141408
686 0.999941 0.919026 0.0129541
687 0.999941 0.912416 0.0120056
688 0.999941 0.919312 0.0114003
689 0.999941 0.915456 0.0102406
690 0.999941 0.909524 0.0131748
691 0.999941 0.92101 0.0105627
692 0.999941 0.900475 0.0121552
693 0.999941 0.92867 0.0083381
694 0.999941 0.920857 0.0106905
695 0.999941 0.914341 0.0116862
696 0.999941 0.914433 0.00988602
697 0.999941 0.92973 0.00938979
698 0.999941 0.920568 0.0118126
699 0.999941 0.906614 0.0140199
700 0.999941 0.925896 0.00857739
701 0.999941 0.907419 0.0128752
702 0.999941 0.929776 0.00806567
703 0.999941 0.920131 0.0115746
704 0.999941 0.904991 0.0130645
705 0.999941 0.909411 0.0133823
706 0.999941 0.904523 0.0145772
707 0.999941 0.897917 0.0155488
708 0.999941 0.896567 0.0165405
709 0.999941 0.92326 0.0130317
710 0.999941 0.937254 0.00885602
711 0.999941 0.913161 0.0103031
712 0.999941 0.917215 0.00975973
713 0.999941 0.920104 0.0125564
714 0.999941 0.921547 0.00757615
715 0.999941 0.904348 0.0152563
716 0.999941 0.899007 0.0165338
717 0.999941 0.907368 0.0162703
718 0.999941 0.90035 0.0168105
719 0.999941 0.91883 0.0131023
720 0.999941 0.924821 0.0113939
721 0.999941 0.9273 0.00836371
722 0.999941 0.932094 0.00855815
723 0.999941 0.92845 0.00998359
724 0.999941 0.93271 0.00893897
725 0.999941 0.931324 0.00860589
726 0.999941 0.919102 0.0129726
727 0.999941 0.899641 0.0142714
728 0.999941 0.884457 0.0195607
729 0.999941 0.904948 0.0135606
730 0.999941 0.901421 0.0138403
731 0.999941 0.910492 0.0135778
732 0.999941 0.892188 0.0154993
733 0.999941 0.89101 0.0151375
734 0.999941 0.906911 0.0124767
735 0.999941 0.904679 0.0182816
736 0.999941 0.910215 0.017769
737 0.999941 0.923541 0.0118173
738 0.999941 0.911744 0.00991786
739 0.999941 0.92693 0.0105611
740 0.999941 0.931605 0.0117635
741 0.999941 0.928856 0.00736983
742 0.999941 0.924849 0.0118728
743 0.999941 0.908471 0.0108196
744 0.999941 0.916564 0.00910242
745 0.999941 0.922147 0.00752221
746 0.999941 0.928714 0.00906182
747 0.999941 0.932078 0.00952918
748 0.999941 0.910001 0.0135765
749 0.999941 0.89045 0.0218266
750 0.999941 0.912652 0.0139157
751 0.999941 0.899337 0.0182672
752 0.999941 0.907583 0.0167622
753 0.999941 0.922212 0.0120601
754 0.999941 0.920845 0.0149672
755 0.999941 0.916114 0.0158188
756 0.999941 0.901094 0.0169621
757 0.999941 0.905856 0.0164783
758 0.999941 0.909175 0.0144429
759 0.999941 0.908446 0.0159232
760 0.999941 0.898299 0.0170163
761 0.999941 0.890834 0.0150271
762 0.999941 0.888916 0.0186951
763 0.999941 0.899757 0.0166337
764 0.999941 0.915184 0.0156854
765 0.999941 0.920578 0.0150522
766 0.999941 0.916005 0.0110243
767 0.999941 0.900165 0.0129327
768 0.999941 0.914745 0.0127958
769 0.999941 0.910074 0.0120761
770 0.999941 0.90078 0.0124622
771 0.999941 0.91195 0.0111127
772 0.999941 0.923437 0.010077
773 0.999941 0.925593 0.00932693
774 0.999941 0.922318 0.0107913
775 0.999941 0.918976 0.0113419
776 0.999941 0.926653 0.0104712
777 0.999941 0.91051 0.0130805
778 0.999941 0.895417 0.0167489
779 0.999941 0.897934 0.0149361
780 0.999941 0.8982 0.0160878
781 0.999941 0.913588 0.0125133
782 0.999941 0.911651 0.0117399
783 0.999941 0.917212 0.0102428
784 0.999941 0.92156 0.00973507
785 0.999941 0.935039 0.00867318
786 0.999941 0.917207 0.0125022
787 0.999941 0.904413 0.0138822
788 0.999941 0.9072 0.0115023
789 0.999941 0.905258 0.0125471
790 0.999941 0.892327 0.0191816
791 0.999941 0.888879 0.0200135
792 0.999941 0.8889 0.0215514
793 0.999941 0.919338 0.0123781
794 0.999941 0.912418 0.0126639
795 0.999941 0.920717 0.0117865
796 0.999941 0.925796 0.00922538
797 0.999941 0.928306 0.00951276
798 0.999941 0.929843 0.010115
799 0.999941 0.934051 0.0104689
800 0.999941 0.933478 0.0109184
801 0.999941 0.918851 0.0143609
802 0.999941 0.923118 0.0103777
803 0.999941 0.919156 0.0113613
804 0.999941 0.914124 0.0143334
805 0.999941 0.906385 0.0170243
806 0.999941 0.898552 0.0181061
807 0.999941 0.891174 0.0185958
808 0.999941 0.881663 0.0194929
809 0.999941 0.89692 0.0185161
810 0.999941 0.90305 0.0142754
811 0.999941 0.926849 0.0116277
812 0.999941 0.930931 0.00970007
813 0.999941 0.922282 0.0124159
814 0.999941 0.918016 0.00910403
815 0.999941 0.904306 0.0148059
816 0.999941 0.918138 0.00936414
817 0.999941 0.908272 0.013207
818 0.999941 0.919432 0.0138032
819 0.999941 0.920314 0.0154006
820 0.999941 0.931492 0.0136316
821 0.999941 0.926789 0.0128675
822 0.999941 0.925666 0.0123191
823 0.999941 0.922173 0.0126578
824 0.999941 0.918514 0.00933741
825 0.999941 0.919926 0.00838995
826 0.999941 0.9281 0.00705798
827 0.999941 0.914874 0.0124037
828 0.999941 0.882057 0.0179945
829 0.999941 0.875764 0.0213
830 0.999941 0.860129 0.0224568
831 0.999941 0.873668 0.0198538
832 0.999941 0.889181 0.0196252
833 0.999941 0.895105 0.0164557
834 0.999941 0.906512 0.0141548
835 0.999941 0.90446 0.0160327
836 0.999941 0.897155 0.0155982
837 0.999941 0.879381 0.0178279
838 0.999941 0.885332 0.0201534
839 0.999941 0.91343 0.0138964
840 0.999941 0.916696 0.0126064
841 0.999941 0.896613 0.0144458
842 0.999941 0.905545 0.0125048
843 0.999941 0.927483 0.00935559
844 0.999941 0.935811 0.0062125
845 0.999941 0.934701 0.00757454
846 0.999941 0.940452 0.00677155
847 0.999941 0.937667 0.00822452
848 0.999941 0.933087 0.00754551
849 0.999941 0.945323 0.00623087
850 0.999941 0.940114 0.00626753
851 0.999941 0.946788 0.00514407
852 0.999941 0.937675 0.00721165
853 0.999941 0.949696 0.00641361
854 0.999941 0.933572 0.00749237
855 0.999941 0.93369 0.00775992
856 0.999941 0.941766 0.00571645
857 0.999941 0.935941 0.00892853
858 0.999941 0.947923 0.00543656
859 0.999941 0.936754 0.00485413
860 0.999941 0.917263 0.0088502
861 0.999941 0.918588 0.0100534
862 0.999941 0.919308 0.0110818
863 0.999941 0.924808 0.00949998
864 0.999941 0.919923 0.00845554
865 0.999941 0.908595 0.0106885
866 0.999941 0.922472 0.0100393
867 0.999941 0.922335 0.0107386
868 0.999941 0.930656 0.00865988
869 0.999941 0.926433 0.0103665
870 0.999941 0.924088 0.00988805
871 0.999941 0.911255 0.0100166
872 0.999941 0.927755 0.00733495
873 0.999941 0.926234 0.0108327
874 0.999941 0.915896 0.0163214
875 0.999941 0.903854 0.0171901
876 0.999941 0.926376 0.0105979
877 0.999941 0.932221 0.00950828
878 0.999941 0.929182 0.0106691
879 0.999941 0.926927 0.00882721
880 0.999941 0.916871 0.00928721
881 0.999941 0.913619 0.00958992
882 0.999941 0.908977 0.0113668
883 0.999941 0.907343 0.0101771
884 0.999941 0.905134 0.0128873
885 0.999941 0.907938 0.0119795
886 0.999941 0.915199 0.0101875
887 0.999941 0.915261 0.0139456
888 0.999941 0.918225 0.0098348
889 0.999941 0.919168 0.0112302
890 0.999941 0.913008 0.0124601
891 0.999941 0.922468 0.0125825
892 0.999941 0.916037 0.00994368
893 0.999941 0.91325 0.0106435
894 0.999941 0.910038 0.012702
895 0.999941 0.915338 0.0117251
896 0.999941 0.916791 0.0107702
897 0.999941 0.90149 0.0164502
898 0.999941 0.903976 0.0171745
899 0.999941 0.90341 0.0168538
900 0.999941 0.920643 0.0106248
901 0.999941 0.908467 0.011619
902 0.999941 0.902361 0.0139364
903 0.999941 0.926567 0.00994636
904 0.999941 0.924639 0.00904778
905 0.999941 0.918751 0.0119996
906 0.999941 0.89746 0.0121923
907 0.999941 0.893622 0.0210635
908 0.999941 0.89743 0.0177482
909 0.999941 0.876296 0.0228289
910 0.999941 0.899756 0.0141717
911 0.999941 0.909119 0.0146186
912 0.999944 0.892792 0.0171257
913 0.999944 0.893956 0.0165958
914 0.999944 0.88774 0.018848
915 0.999944 0.901338 0.0199634
916 0.999944 0.894667 0.0235607
917 0.999944 0.908768 0.0178957
918 0.999944 0.895909 0.0204245
919 0.999944 0.901939 0.018978
920 0.999944 0.890168 0.0162971
921 0.999944 0.906801 0.0144529
922 0.999944 0.902722 0.0154676
923 0.999944 0.903514 0.0168271
924 0.999944 0.901473 0.0146895
925 0.999944 0.903809 0.0144559
926 0.999944 0.905667 0.0149045
927 0.999944 0.911825 0.0133366
928 0.999944 0.916346 0.015298
929 0.999944 0.917229 0.0147173
930 0.999944 0.886968 0.0214048
931 0.999944 0.893355 0.0185601
932 0.999944 0.905209 0.0149154
933 0.999944 0.91614 0.0104131
934 0.999944 0.914235 0.0116008
935 0.999944 0.911525 0.0144586
936 0.999944 0.904491 0.0128115
937 0.999944 0.920668 0.00944825
938 0.999944 0.903544 0.0136602
939 0.999944 0.927666 0.00762821
940 0.999944 0.943359 0.00657832
941 0.999944 0.938821 0.00612968
942 0.999944 0.928693 0.00830325
943 0.999944 0.939995 0.00825453
944 0.999944 0.935777 0.00670298
945 0.999944 0.926704 0.00842452
946 0.999944 0.918575 0.0109449
947 0.999944 0.931653 0.00772241
948 0.999944 0.920237 0.0144849
949 0.999944 0.917192 0.0148416
950 0.999944 0.917187 0.0104178
951 0.999944 0.929344 0.00832
952 0.999944 0.93417 0.00850437
953 0.999944 0.923561 0.0116348
954 0.999944 0.899739 0.0168836
955 0.999944 0.923609 0.00998445
956 0.999944 0.924512 0.0114924
957 0.999944 0.918163 0.0135068
958 0.999944 0.913507 0.011149
959 0.999944 0.906286 0.0109716
960 0.999944 0.909225 0.0164006
961 0.999944 0.915145 0.0137456
962 0.999944 0.914105 0.0113331
963 0.999944 0.908726 0.0125263
964 0.999944 0.922625 0.0110069
965 0.999944 0.911126 0.0124603
966 0.999944 0.910086 0.0105013
967 0.999944 0.918275 0.0109769
968 0.999944 0.922281 0.00863048
969 0.999944 0.928463 0.00942797
970 0.999944 0.918832 0.00916717
971 0.999944 0.916587 0.0129496
972 0.999944 0.906573 0.012097
973 0.999944 0.908397 0.0125852
974 0.999944 0.912678 0.0162169
975 0.999944 0.915122 0.0149066
976 0.999944 0.911078 0.0135891
977 0.999944 0.929938 0.00708201
978 0.999944 0.91507 0.0127306
979 0.999944 0.918799 0.0115159
980 0.999944 0.916365 0.0127721
981 0.999944 0.925625 0.0114249
982 0.999944 0.921486 0.0111303
983 0.999944 0.926591 0.0108789
984 0.999944 0.926443 0.00989167
985 0.999944 0.930745 0.00991865
986 0.999944 0.903487 0.0130887
987 0.999944 0.890156 0.01695
988 0.999944 0.90975 0.0120158
989 0.999944 0.921626 0.0109723
990 0.999944 0.917095 0.011408
991 0.999944 0.915821 0.012901
992 0.999944 0.901593 0.0140378
993 0.999944 0.89481 0.0137549
994 0.999944 0.890116 0.0176554
995 0.999945 0.920557 0.00927945
996 0.999945 0.925514 0.00812632
997 0.999945 0.932585 0.00929321
998 0.999945 0.924415 0.00960696
999 0.999945 0.92338 0.0101511
1000 0.999945 0.918405 0.0123709
