0 0.476626 0.255122 0.00168065
1 0.476626 0.266723 0.00244263
2 0.476626 0.282573 0.00415103
3 0.484914 0.285448 0.00647394
4 0.484914 0.286918 0.00659198
5 0.484914 0.293514 0.0071356
6 0.484914 0.290723 0.00670428
7 0.511172 0.304492 0.00834954
8 0.511172 0.304571 0.00851635
9 0.511172 0.304707 0.0100123
10 0.511172 0.311139 0.0106772
11 0.597845 0.324678 0.0127245
12 0.597845 0.314268 0.0117734
13 0.64814 0.326521 0.0145055
14 0.651371 0.330392 0.0152897
15 0.651371 0.340034 0.0163733
16 0.651371 0.339886 0.016374
17 0.651371 0.339405 0.0190477
18 0.651371 0.310822 0.0167899
19 0.65437 0.325314 0.0210316
20 0.65437 0.331778 0.0192487
21 0.65437 0.339829 0.0210153
22 0.710151 0.366668 0.0252619
23 0.710151 0.368599 0.0271817
24 0.710151 0.36274 0.0277937
25 0.710151 0.387356 0.0300857
26 0.731715 0.395263 0.0317887
27 0.731715 0.389523 0.0338048
28 0.739981 0.385165 0.032181
29 0.739981 0.389122 0.0310239
30 0.739981 0.366103 0.0276224
31 0.739981 0.392463 0.0301736
32 0.739981 0.409309 0.0327169
33 0.739981 0.422926 0.0324597
34 0.740059 0.436641 0.0334461
35 0.742161 0.435431 0.033551
36 0.742161 0.456057 0.0351778
37 0.742161 0.482906 0.0319993
38 0.742161 0.465842 0.0325316
39 0.742161 0.43291 0.0304322
40 0.742161 0.466389 0.0324889
41 0.758474 0.503452 0.0317271
42 0.758474 0.504469 0.029048
43 0.758474 0.524939 0.0261907
44 0.758474 0.535861 0.0240645
45 0.758474 0.536834 0.0229878
46 0.78462 0.533865 0.0199082
47 0.78462 0.548429 0.0197626
48 0.78462 0.539777 0.0216401
49 0.78462 0.551735 0.0214409
50 0.78462 0.548327 0.0233141
51 0.78462 0.549484 0.0195076
52 0.78462 0.551785 0.0189688
53 0.78462 0.53887 0.0201657
54 0.78462 0.55754 0.0198335
55 0.78462 0.56831 0.0205936
56 0.78462 0.570175 0.0248304
57 0.78462 0.564636 0.018166
58 0.78462 0.577325 0.0213096
59 0.78462 0.599392 0.0160163
60 0.78462 0.584123 0.0170751
61 0.78462 0.580482 0.017757
62 0.78462 0.587573 0.0210377
63 0.78462 0.591863 0.0184046
64 0.78462 0.594687 0.0195105
65 0.786256 0.591676 0.0187017
66 0.786256 0.581574 0.01884
67 0.786256 0.588887 0.0199549
68 0.786256 0.597513 0.0214963
69 0.786256 0.569864 0.0222406
70 0.786256 0.573856 0.0231244
71 0.786256 0.59288 0.017748
72 0.786256 0.582987 0.0184764
73 0.786256 0.579722 0.0202002
74 0.786256 0.56887 0.0193911
75 0.786256 0.587992 0.0181751
76 0.786256 0.59221 0.0196763
77 0.786256 0.589542 0.0192348
78 0.786256 0.605733 0.0163175
79 0.786256 0.609764 0.0151319
80 0.789684 0.602578 0.0176555
81 0.789684 0.602346 0.0198048
82 0.789684 0.589889 0.0193318
83 0.789684 0.593897 0.0209627
84 0.789684 0.591855 0.0205397
85 0.789684 0.575981 0.0200494
86 0.789684 0.58551 0.0162887
87 0.789684 0.579193 0.0206094
88 0.789684 0.570226 0.0229497
89 0.789684 0.567023 0.0229257
90 0.789684 0.58867 0.0200973
91 0.789684 0.574317 0.0217501
92 0.789684 0.594279 0.019881
93 0.789684 0.606361 0.0182498
94 0.789684 0.606201 0.0196485
95 0.789684 0.587664 0.0215209
96 0.789684 0.572671 0.0224753
97 0.789684 0.587503 0.0231109
98 0.789684 0.583101 0.0221527
99 0.789684 0.575269 0.0186407
100 0.789684 0.579604 0.0199693
101 0.789684 0.59214 0.0195993
102 0.789684 0.591691 0.0188407
103 0.789684 0.5967 0.0195879
104 0.789684 0.598411 0.0167356
105 0.789684 0.593856 0.0168793
106 0.789684 0.595212 0.0198554
107 0.789684 0.60074 0.0179704
108 0.789684 0.584906 0.0196184
109 0.789684 0.585033 0.0195127
110 0.789684 0.572069 0.0202149
111 0.789684 0.575877 0.0198922
112 0.789684 0.571854 0.0212363
113 0.789684 0.587147 0.0194252
114 0.789684 0.58288 0.0209542
115 0.789684 0.580873 0.0204435
116 0.789684 0.573138 0.0222095
117 0.789684 0.588535 0.019867
118 0.789684 0.581115 0.0188187
119 0.789684 0.581242 0.0162674
120 0.789684 0.579667 0.0183249
121 0.789684 0.58385 0.0186353
122 0.789684 0.586117 0.0222142
123 0.789684 0.601604 0.0159066
124 0.789684 0.612212 0.0151294
125 0.789684 0.601925 0.0186311
126 0.789684 0.594254 0.0159066
127 0.789684 0.595945 0.0191295
128 0.79289 0.583791 0.0216096
129 0.79289 0.591789 0.0200526
130 0.79289 0.584996 0.0173166
131 0.797657 0.604963 0.0196333
132 0.797657 0.607593 0.0158083
133 0.797657 0.616843 0.0166742
134 0.797657 0.621278 0.0163229
135 0.797657 0.597943 0.0188207
136 0.81932 0.597086 0.0213163
137 0.81932 0.593779 0.0213773
138 0.81932 0.598937 0.0178539
139 0.81932 0.612149 0.0186168
140 0.81932 0.601091 0.0183442
141 0.81932 0.606964 0.0163533
142 0.81932 0.615453 0.0175524
143 0.81932 0.613221 0.0152515
144 0.81932 0.611318 0.016979
145 0.81932 0.617488 0.0170996
146 0.81932 0.607854 0.0168279
147 0.81932 0.599345 0.0194666
148 0.81932 0.59226 0.0206692
149 0.81932 0.603008 0.018199
150 0.81932 0.605763 0.0178319
151 0.820667 0.594169 0.0194655
152 0.820667 0.568856 0.0201939
153 0.820667 0.57121 0.0199863
154 0.820667 0.58559 0.018884
155 0.820667 0.580517 0.0182446
156 0.820667 0.590236 0.018628
157 0.820667 0.595799 0.0226588
158 0.820667 0.60639 0.0205631
159 0.820667 0.608374 0.0172052
160 0.820667 0.598317 0.0191057
161 0.820667 0.619123 0.0168223
162 0.820667 0.618711 0.0206404
163 0.820667 0.610119 0.020915
164 0.820667 0.592595 0.0227056
165 0.820667 0.592611 0.0208323
166 0.820667 0.606176 0.0216285
167 0.820667 0.611522 0.0204979
168 0.829206 0.58664 0.0225739
169 0.829206 0.595977 0.0212364
170 0.829206 0.590343 0.0253853
171 0.829206 0.594834 0.0215186
172 0.829206 0.588973 0.0218134
173 0.829206 0.598179 0.0182786
174 0.829206 0.579092 0.0212678
175 0.829206 0.580889 0.0199476
176 0.829206 0.611303 0.0193252
177 0.829206 0.626538 0.0174345
178 0.829206 0.619188 0.0177144
179 0.829206 0.611796 0.0211392
180 0.829206 0.606056 0.0214056
181 0.829206 0.619761 0.0210929
182 0.829206 0.612007 0.0223663
183 0.829206 0.611375 0.0222949
184 0.829206 0.59307 0.021189
185 0.829206 0.615268 0.023497
186 0.829206 0.610724 0.0197478
187 0.829206 0.612282 0.0193815
188 0.829206 0.61743 0.0232074
189 0.829206 0.611838 0.0209733
190 0.829206 0.634765 0.0172558
191 0.829206 0.614837 0.0200619
192 0.829206 0.621886 0.0191053
193 0.829206 0.612695 0.0201871
194 0.829206 0.615392 0.019143
195 0.829206 0.630622 0.0190845
196 0.829206 0.611795 0.0218169
197 0.829206 0.602678 0.0204226
198 0.829206 0.599364 0.023511
199 0.829206 0.615489 0.0208993
200 0.829206 0.589119 0.0239693
201 0.829206 0.613368 0.0221675
202 0.829206 0.586165 0.0201815
203 0.829206 0.592705 0.0202786
204 0.829206 0.579034 0.0217382
205 0.829206 0.567958 0.024604
206 0.829206 0.558948 0.0240739
207 0.829206 0.562896 0.0253623
208 0.829206 0.55668 0.0257857
209 0.829206 0.60296 0.0227498
210 0.829206 0.592949 0.0231387
211 0.829206 0.606904 0.020177
212 0.829206 0.624142 0.0210233
213 0.829206 0.624356 0.0192168
214 0.829206 0.60852 0.0229305
215 0.832342 0.612294 0.0223501
216 0.832342 0.605038 0.024431
217 0.832342 0.585186 0.02286
218 0.832342 0.583027 0.0220791
219 0.832342 0.587412 0.022932
220 0.832342 0.595119 0.0214866
221 0.832342 0.59005 0.019839
222 0.832342 0.583586 0.021007
223 0.832342 0.580052 0.0274567
224 0.832342 0.593967 0.0252314
225 0.832342 0.575976 0.0257367
226 0.832342 0.582676 0.0240574
227 0.832342 0.606226 0.0244435
228 0.832342 0.612052 0.0235756
229 0.832342 0.598225 0.0234366
230 0.832342 0.595992 0.0245598
231 0.832342 0.589437 0.022952
232 0.832342 0.59752 0.0212722
233 0.832342 0.61239 0.0229642
234 0.832342 0.591227 0.025678
235 0.832342 0.614773 0.0203013
236 0.832342 0.623977 0.0251438
237 0.832342 0.603809 0.0219398
238 0.832342 0.614577 0.0182708
239 0.832342 0.621021 0.0180668
240 0.832342 0.622752 0.0173855
241 0.832342 0.621368 0.0168358
242 0.832342 0.620851 0.0197602
243 0.832342 0.595598 0.0225198
244 0.832342 0.606712 0.0198017
245 0.832342 0.609002 0.0219995
246 0.832342 0.617051 0.0207496
247 0.832342 0.618414 0.0204148
248 0.832342 0.622888 0.0169999
249 0.832342 0.608316 0.0166069
250 0.832342 0.613073 0.0197859
251 0.832342 0.62032 0.0206067
252 0.832342 0.598043 0.0226901
253 0.832342 0.607219 0.0221415
254 0.832342 0.620626 0.0202385
255 0.832342 0.610172 0.0188746
256 0.832342 0.600157 0.0220527
257 0.832342 0.572846 0.0237364
258 0.832342 0.581419 0.0242294
259 0.832342 0.600455 0.0254386
260 0.832342 0.586609 0.0218777
261 0.832342 0.600586 0.022263
262 0.832342 0.594423 0.0231025
263 0.832342 0.600813 0.0201865
264 0.832342 0.604058 0.0221351
265 0.832342 0.593938 0.0220017
266 0.832342 0.590537 0.0223397
267 0.832342 0.592125 0.0217446
268 0.832342 0.594246 0.0214774
269 0.832342 0.617293 0.0179229
270 0.832342 0.629534 0.0168913
271 0.832342 0.623112 0.0199034
272 0.832342 0.627309 0.0197105
273 0.832342 0.612542 0.0180376
274 0.832342 0.613575 0.0173864
275 0.832342 0.617256 0.0189316
276 0.832342 0.60946 0.0190016
277 0.832342 0.594513 0.0206043
278 0.832342 0.588293 0.0223953
279 0.832342 0.607589 0.0200962
280 0.832342 0.605817 0.0192929
281 0.832342 0.599359 0.022569
282 0.832342 0.598339 0.0237611
283 0.832342 0.566375 0.0239871
284 0.832342 0.588719 0.0256864
285 0.832342 0.59692 0.0260379
286 0.832342 0.608715 0.0270724
287 0.832342 0.60151 0.021654
288 0.832342 0.60393 0.0239326
289 0.832342 0.601665 0.0254211
290 0.832342 0.581212 0.0243605
291 0.832342 0.598176 0.0250268
292 0.832342 0.59692 0.0265648
293 0.832342 0.593983 0.0248763
294 0.832342 0.59091 0.0241558
295 0.832585 0.596761 0.0210173
296 0.832585 0.601372 0.0201358
297 0.832585 0.595489 0.0208983
298 0.832585 0.601789 0.0207814
299 0.832585 0.59344 0.0211814
300 0.832585 0.625913 0.0174727
301 0.832585 0.588626 0.0212193
302 0.832585 0.588537 0.0226281
303 0.832585 0.583805 0.024548
304 0.832585 0.594628 0.0227742
305 0.832585 0.589816 0.0214382
306 0.832585 0.590086 0.0235588
307 0.832585 0.589112 0.0213739
308 0.832585 0.601605 0.0202744
309 0.832585 0.586686 0.0248235
310 0.832585 0.598597 0.022682
311 0.832585 0.595724 0.020772
312 0.832585 0.592964 0.0212796
313 0.832585 0.597425 0.0185379
314 0.832585 0.600291 0.0219727
315 0.832585 0.590607 0.022188
316 0.832585 0.596118 0.0205155
317 0.832585 0.597225 0.021136
318 0.832585 0.580264 0.0270145
319 0.832585 0.593074 0.0222441
320 0.832585 0.595474 0.0199997
321 0.832585 0.585538 0.0207119
322 0.832585 0.593591 0.0216753
323 0.832585 0.610525 0.0199478
324 0.832585 0.576352 0.0247768
325 0.832585 0.602674 0.0236372
326 0.832585 0.605871 0.022378
327 0.832585 0.614474 0.0203049
328 0.832585 0.625943 0.0212288
329 0.832585 0.598416 0.022534
330 0.832585 0.58737 0.0250824
331 0.832585 0.594472 0.021886
332 0.832585 0.620026 0.0175147
333 0.832732 0.637408 0.0174362
334 0.832732 0.616687 0.0150937
335 0.832732 0.639257 0.016883
336 0.832732 0.619454 0.0190164
337 0.832732 0.606554 0.0209237
338 0.832732 0.618479 0.0183307
339 0.832732 0.615433 0.0217845
340 0.832732 0.637236 0.0202077
341 0.832732 0.645956 0.0160751
342 0.832732 0.609118 0.0240311
343 0.832732 0.625597 0.0215307
344 0.832732 0.634008 0.0187381
345 0.832732 0.644543 0.0174515
346 0.832732 0.63404 0.0170424
347 0.832732 0.624489 0.0207675
348 0.832732 0.621286 0.0194721
349 0.832732 0.628151 0.0184612
350 0.832732 0.607558 0.0203361
351 0.832732 0.593323 0.0224767
352 0.832732 0.588369 0.019617
353 0.840811 0.619205 0.0186531
354 0.840811 0.620797 0.0195933
355 0.840811 0.64211 0.0164885
356 0.840811 0.641373 0.0158752
357 0.840811 0.627126 0.0161029
358 0.840811 0.603059 0.0180296
359 0.840811 0.612803 0.0213517
360 0.840811 0.59725 0.0220206
361 0.840811 0.589009 0.02581
362 0.840811 0.611202 0.0193348
363 0.840811 0.627184 0.017572
364 0.840811 0.625291 0.0200113
365 0.840811 0.616662 0.0221505
366 0.840811 0.596005 0.0238929
367 0.840811 0.619115 0.0191743
368 0.840811 0.594062 0.0215488
369 0.840811 0.596849 0.0192268
370 0.840811 0.604717 0.0211409
371 0.840811 0.580666 0.0211085
372 0.840811 0.598377 0.0190303
373 0.840811 0.58676 0.0231189
374 0.840811 0.570934 0.0249935
375 0.840811 0.583149 0.0259408
376 0.840811 0.597339 0.0189541
377 0.840811 0.586381 0.0211465
378 0.840811 0.591859 0.0245193
379 0.840811 0.595853 0.0231421
380 0.840811 0.600156 0.0208351
381 0.840811 0.60559 0.0235319
382 0.840811 0.587323 0.0242433
383 0.840811 0.563862 0.0244459
384 0.840811 0.580076 0.0228619
385 0.840811 0.58799 0.0255152
386 0.84082 0.591221 0.0244003
387 0.84082 0.6107 0.0192097
388 0.84082 0.609832 0.0195805
389 0.84082 0.608058 0.0205028
390 0.84082 0.593123 0.0216456
391 0.840868 0.603345 0.0195549
392 0.840874 0.630482 0.0185325
393 0.840874 0.592538 0.0231886
394 0.840874 0.601475 0.0215628
395 0.840874 0.601286 0.0245834
396 0.840874 0.606523 0.0207241
397 0.840874 0.607947 0.0192183
398 0.840874 0.613869 0.0181965
399 0.840874 0.60369 0.020674
400 0.840874 0.594751 0.0240603
401 0.840874 0.61783 0.0199962
402 0.840874 0.611736 0.020971
403 0.840874 0.606723 0.0234621
404 0.840892 0.611747 0.0232134
405 0.840892 0.580286 0.022515
406 0.840892 0.596066 0.0215558
407 0.840892 0.582512 0.0254958
408 0.840892 0.591062 0.0241799
409 0.840892 0.580835 0.0227697
410 0.840892 0.60026 0.0226372
411 0.840892 0.588793 0.0229303
412 0.840892 0.594769 0.0250003
413 0.840892 0.621095 0.0234752
414 0.840892 0.627462 0.0185785
415 0.840892 0.616571 0.0191206
416 0.840892 0.610208 0.02238
417 0.840892 0.594704 0.0207826
418 0.840892 0.593292 0.0223571
419 0.840892 0.599234 0.0182736
420 0.841001 0.616015 0.0218106
421 0.841001 0.61311 0.0245248
422 0.841001 0.614939 0.0232756
423 0.841001 0.60071 0.0250993
424 0.841001 0.615731 0.0167014
425 0.841001 0.601055 0.0198725
426 0.841001 0.604681 0.0213352
427 0.841001 0.612103 0.0199394
428 0.841001 0.615149 0.0193055
429 0.841001 0.616414 0.0208845
430 0.841001 0.603058 0.019903
431 0.841001 0.617278 0.0211835
432 0.841001 0.636972 0.0173886
433 0.841001 0.625119 0.0171569
434 0.841001 0.62585 0.0167265
435 0.841001 0.608362 0.0209048
436 0.841001 0.606185 0.0210808
437 0.841001 0.603351 0.0240646
438 0.841001 0.606072 0.0227877
439 0.841001 0.629573 0.0197227
440 0.841001 0.626605 0.0175887
441 0.841001 0.629324 0.0168567
442 0.841001 0.627794 0.0165173
443 0.841001 0.630409 0.0160793
444 0.841001 0.614459 0.0208347
445 0.841001 0.583566 0.0229315
446 0.841001 0.603812 0.0216212
447 0.841001 0.595406 0.022426
448 0.841001 0.601448 0.0200646
449 0.841001 0.603884 0.0227292
450 0.841001 0.592813 0.0232387
451 0.841001 0.600444 0.0223399
452 0.841001 0.596373 0.0204515
453 0.841001 0.598976 0.0229799
454 0.841001 0.581213 0.0244029
455 0.841001 0.596959 0.0246179
456 0.841001 0.595939 0.0211221
457 0.841001 0.577376 0.0235556
458 0.841001 0.581672 0.0255634
459 0.841001 0.602831 0.0193294
460 0.841001 0.609809 0.0235187
461 0.841001 0.600364 0.0210544
462 0.841001 0.599021 0.0227048
463 0.841001 0.603183 0.0235398
464 0.841001 0.58808 0.0227517
465 0.841001 0.595066 0.0243362
466 0.841001 0.604969 0.0202997
467 0.841001 0.626864 0.018411
468 0.841001 0.623724 0.0211014
469 0.841001 0.618945 0.0206747
470 0.841001 0.61433 0.0208865
471 0.841001 0.611169 0.0193059
472 0.841001 0.606744 0.0235607
473 0.841001 0.629068 0.0193446
474 0.841001 0.622911 0.0211632
475 0.841001 0.631275 0.0172843
476 0.841001 0.633465 0.0174254
477 0.841001 0.620004 0.0207482
478 0.841001 0.597859 0.0223925
479 0.841001 0.61426 0.0218151
480 0.841001 0.619424 0.0195958
481 0.841001 0.602183 0.0217723
482 0.841001 0.621535 0.0238299
483 0.841001 0.625404 0.0246478
484 0.841001 0.623798 0.0201618
485 0.841001 0.614368 0.0210611
486 0.841001 0.607898 0.0207721
487 0.841001 0.610195 0.0231145
488 0.841001 0.617518 0.0219502
489 0.841001 0.611973 0.0232894
490 0.841001 0.610682 0.0213652
491 0.841001 0.612228 0.0230456
492 0.841001 0.629516 0.0173291
493 0.841001 0.620179 0.0197134
494 0.841001 0.607499 0.0198761
495 0.841001 0.581581 0.0229584
496 0.841001 0.592817 0.0228744
497 0.841001 0.620505 0.0229323
498 0.841001 0.595713 0.0224324
499 0.841001 0.590756 0.0261136
500 0.841001 0.591673 0.0237047
501 0.841001 0.584692 0.021998
502 0.841001 0.606242 0.0231192
503 0.841001 0.619805 0.0188029
504 0.841001 0.613461 0.0243212
505 0.841001 0.615486 0.0232713
506 0.841001 0.589119 0.0241039
507 0.841001 0.584766 0.0257904
508 0.841001 0.583589 0.0238969
509 0.841001 0.579812 0.0228712
510 0.841001 0.597661 0.019993
511 0.841001 0.605445 0.020846
512 0.841001 0.610503 0.0251356
513 0.841001 0.609883 0.0222679
514 0.841001 0.613442 0.024024
515 0.841001 0.614317 0.0251195
516 0.841001 0.623825 0.0232145
517 0.841001 0.619199 0.0212991
518 0.841001 0.612375 0.0240583
519 0.841001 0.614771 0.0236897
520 0.841001 0.626618 0.0214677
521 0.841001 0.626984 0.0162516
522 0.841001 0.624082 0.0196573
523 0.841001 0.627325 0.0191466
524 0.841001 0.621196 0.0181887
525 0.841001 0.627734 0.0203964
526 0.841001 0.621602 0.0200355
527 0.841001 0.626863 0.0188927
528 0.841001 0.622449 0.0217074
529 0.841001 0.621209 0.02216
530 0.841001 0.620088 0.0191765
531 0.841001 0.634818 0.0180646
532 0.841001 0.625257 0.0197413
533 0.841001 0.620911 0.018587
534 0.841001 0.626117 0.0166716
535 0.841001 0.626112 0.0188915
536 0.841001 0.649797 0.0153296
537 0.841001 0.629635 0.019352
538 0.841001 0.599299 0.0219422
539 0.841001 0.58896 0.0235604
540 0.841001 0.59966 0.0238259
541 0.841001 0.604615 0.02379
542 0.841001 0.597887 0.0223523
543 0.841001 0.603919 0.0226559
544 0.841001 0.580351 0.0230564
545 0.841001 0.596409 0.0191669
546 0.841001 0.598071 0.02097
547 0.841001 0.61455 0.0219723
548 0.841001 0.607995 0.0217552
549 0.841001 0.606044 0.0209257
550 0.841001 0.608574 0.0213158
551 0.841001 0.609095 0.0243895
552 0.841001 0.607261 0.0246082
553 0.841001 0.604301 0.0211145
554 0.841001 0.60169 0.0209386
555 0.841001 0.61719 0.0203828
556 0.841001 0.621605 0.0224296
557 0.841001 0.621217 0.0223496
558 0.841001 0.611308 0.0207817
559 0.841001 0.621041 0.0207148
560 0.841001 0.632944 0.0187282
561 0.841001 0.631552 0.0197464
562 0.841001 0.621618 0.0202023
563 0.841001 0.612175 0.0226639
564 0.841001 0.617754 0.0207198
565 0.841001 0.625705 0.0210315
566 0.841001 0.635159 0.0213872
567 0.841001 0.632821 0.0176976
568 0.841001 0.625982 0.0177123
569 0.841001 0.614458 0.0188627
570 0.841001 0.62586 0.0166555
571 0.841001 0.641464 0.014031
572 0.841001 0.629393 0.0164236
573 0.841001 0.617449 0.0187966
574 0.841001 0.605629 0.0178832
575 0.841001 0.616078 0.0173612
576 0.841001 0.625417 0.0195593
577 0.841001 0.630092 0.0153017
578 0.841001 0.625799 0.0193342
579 0.841001 0.63757 0.0175651
580 0.841001 0.617233 0.0183976
581 0.841001 0.614653 0.0196902
582 0.841001 0.6022 0.0204203
583 0.841001 0.604467 0.0199868
584 0.841001 0.598926 0.0224066
585 0.841001 0.599799 0.0241053
586 0.841001 0.59546 0.0238282
587 0.841001 0.599671 0.0228447
588 0.841001 0.605178 0.0204296
589 0.841001 0.606965 0.0221768
590 0.841001 0.602357 0.0196407
591 0.841001 0.617142 0.0197683
592 0.841001 0.6031 0.0213796
593 0.841001 0.608015 0.0223168
594 0.841001 0.606569 0.0197279
595 0.841001 0.6316 0.0172875
596 0.841001 0.62554 0.0193902
597 0.841001 0.612029 0.0203123
598 0.841001 0.614254 0.0232765
599 0.841001 0.603235 0.0242351
600 0.841001 0.600722 0.0222668
601 0.841001 0.605432 0.0215904
602 0.841001 0.613799 0.0217903
603 0.841001 0.613831 0.020248
604 0.841001 0.598372 0.0222355
605 0.841001 0.608731 0.0205425
606 0.841001 0.628368 0.020779
607 0.841001 0.615751 0.0211187
608 0.841001 0.623605 0.0182075
609 0.841001 0.624079 0.0166879
610 0.841001 0.599687 0.0206495
611 0.841001 0.603199 0.0219575
612 0.841001 0.629811 0.0199043
613 0.841001 0.626678 0.0203261
614 0.841001 0.620912 0.0235554
615 0.841001 0.614042 0.0217269
616 0.841001 0.608403 0.0205087
617 0.841001 0.621973 0.0205624
618 0.841001 0.618347 0.0194424
619 0.841001 0.607902 0.0214466
620 0.841001 0.613267 0.0191324
621 0.841001 0.610639 0.0204272
622 0.841001 0.631176 0.0205179
623 0.841001 0.635962 0.0169839
624 0.841001 0.628932 0.0175237
625 0.841001 0.63685 0.0156113
626 0.841001 0.627323 0.0167494
627 0.841001 0.625352 0.0186694
628 0.841001 0.624579 0.0180681
629 0.841001 0.617576 0.0206812
630 0.841001 0.616483 0.0198635
631 0.841001 0.615352 0.019311
632 0.841001 0.599268 0.0217089
633 0.841001 0.614011 0.0207575
634 0.841001 0.611495 0.0184734
635 0.841001 0.609747 0.0203359
636 0.841001 0.588515 0.0249194
637 0.841001 0.591467 0.0235741
638 0.841001 0.579577 0.0213922
639 0.841001 0.596007 0.0232989
640 0.841001 0.591622 0.0238213
641 0.841001 0.59776 0.0238237
642 0.841001 0.597409 0.0231997
643 0.841001 0.594872 0.021697
644 0.841001 0.597085 0.0228413
645 0.841001 0.582776 0.0241492
646 0.841001 0.592158 0.0248611
647 0.841001 0.608219 0.0237277
648 0.841001 0.616496 0.0265004
649 0.841001 0.618722 0.0225957
650 0.841001 0.619573 0.0223998
651 0.841001 0.62277 0.0221238
652 0.841001 0.608315 0.023453
653 0.841001 0.608275 0.0230297
654 0.841001 0.609683 0.0230505
655 0.841001 0.608707 0.0214111
656 0.841001 0.608178 0.0222802
657 0.841001 0.598261 0.023854
658 0.841001 0.601002 0.0212994
659 0.841001 0.59977 0.0193392
660 0.841001 0.602987 0.0230888
661 0.841001 0.612413 0.02055
662 0.841001 0.607655 0.0207368
663 0.841001 0.621548 0.0214929
664 0.841001 0.629703 0.0164345
665 0.841001 0.611647 0.0200067
666 0.841001 0.610984 0.0177657
667 0.841001 0.602216 0.0209778
668 0.841001 0.590338 0.0250157
669 0.841001 0.584405 0.0243879
670 0.841001 0.596407 0.021625
671 0.841001 0.583859 0.026198
672 0.841001 0.574653 0.0261107
673 0.841001 0.604998 0.0201599
674 0.841001 0.623398 0.0191624
675 0.841001 0.616771 0.0263814
676 0.841001 0.59107 0.0246046
677 0.841001 0.604549 0.0241814
678 0.841001 0.614071 0.0191269
679 0.841001 0.604268 0.0191347
680 0.841001 0.60539 0.0189458
681 0.841001 0.625339 0.0184411
682 0.841001 0.642871 0.0164987
683 0.841001 0.625539 0.0173361
684 0.841001 0.615709 0.0191005
685 0.841001 0.603412 0.0219424
686 0.841001 0.608117 0.0191889
687 0.841001 0.601876 0.0189037
688 0.841001 0.616793 0.0218991
689 0.841001 0.617585 0.0207685
690 0.841001 0.601609 0.0206131
691 0.841001 0.604238 0.0207236
692 0.841001 0.602839 0.0197552
693 0.841001 0.62085 0.0198345
694 0.841001 0.604125 0.0256254
695 0.841001 0.596429 0.0245269
696 0.841001 0.603747 0.0215509
697 0.841001 0.587465 0.0230921
698 0.841001 0.595734 0.0206885
699 0.841001 0.609646 0.0212173
700 0.841001 0.60169 0.0196253
701 0.841001 0.609643 0.0180862
702 0.841001 0.624438 0.0186199
703 0.841001 0.640329 0.0163916
704 0.841001 0.619022 0.0186701
705 0.841001 0.596689 0.0213072
706 0.841001 0.619172 0.0189072
707 0.841001 0.618649 0.0177899
708 0.841001 0.617859 0.0185244
709 0.841001 0.621776 0.0224022
710 0.841001 0.611393 0.0220749
711 0.841001 0.620567 0.02022
712 0.841001 0.603858 0.0206546
713 0.841001 0.617316 0.0180254
714 0.841001 0.620053 0.019836
715 0.841001 0.64176 0.0173191
716 0.841001 0.622783 0.0173319
717 0.841001 0.590755 0.0229958
718 0.841001 0.596941 0.0201167
719 0.841001 0.601149 0.0220656
720 0.841001 0.606504 0.0195693
721 0.841001 0.597699 0.0196126
722 0.841001 0.598756 0.0217097
723 0.841001 0.610455 0.0219005
724 0.841001 0.597946 0.0202393
725 0.841001 0.598351 0.0176193
726 0.841001 0.605361 0.0187368
727 0.841001 0.604808 0.0199182
728 0.841001 0.623489 0.020387
729 0.841001 0.64036 0.0172751
730 0.841001 0.638003 0.0214331
731 0.841001 0.647753 0.0165518
732 0.841001 0.638618 0.0185994
733 0.841001 0.624052 0.0209041
734 0.841001 0.623915 0.0206592
735 0.841001 0.602268 0.0225689
736 0.841001 0.580276 0.0237841
737 0.841001 0.586334 0.0280068
738 0.841001 0.603926 0.0263186
739 0.841001 0.58299 0.0263661
740 0.841001 0.588575 0.024028
741 0.841001 0.604214 0.0221826
742 0.841001 0.619892 0.0215285
743 0.841001 0.62101 0.0180753
744 0.841001 0.60747 0.0192227
745 0.841001 0.6076 0.0214594
746 0.841001 0.597299 0.0207046
747 0.841001 0.574511 0.022887
748 0.841001 0.59091 0.0213402
749 0.841001 0.594717 0.02305
750 0.841001 0.593463 0.0245613
751 0.841001 0.580042 0.0235115
752 0.841001 0.580753 0.0236716
753 0.841001 0.576864 0.0219296
754 0.841001 0.592238 0.0213633
755 0.841001 0.59981 0.0203744
756 0.841001 0.611313 0.0215198
757 0.841001 0.576019 0.0247007
758 0.841001 0.593151 0.0221973
759 0.841001 0.600826 0.0245975
760 0.841001 0.601905 0.0230064
761 0.841001 0.590507 0.0219565
762 0.841001 0.60221 0.0245314
763 0.841001 0.619355 0.0200443
764 0.841001 0.601411 0.0223732
765 0.841001 0.607511 0.0202825
766 0.841001 0.613183 0.0192585
767 0.841001 0.616522 0.0190525
768 0.841001 0.59522 0.022924
769 0.841001 0.61571 0.020649
770 0.841001 0.62092 0.0193705
771 0.841001 0.61304 0.0186989
772 0.841001 0.610888 0.0207729
773 0.841001 0.605179 0.0202659
774 0.841001 0.622513 0.0185123
775 0.841001 0.611996 0.0214092
776 0.841001 0.617364 0.0206985
777 0.841001 0.602192 0.0185433
778 0.841001 0.607767 0.0217921
779 0.841001 0.602954 0.0212555
780 0.841001 0.602274 0.0250843
781 0.841001 0.611664 0.0238308
782 0.841001 0.616236 0.0243354
783 0.841001 0.60535 0.0225621
784 0.841001 0.585738 0.0253347
785 0.841001 0.584947 0.0248021
786 0.841001 0.605648 0.0206705
787 0.841001 0.633804 0.020486
788 0.841001 0.601615 0.0224676
789 0.841001 0.596788 0.0226319
790 0.841001 0.616984 0.0185903
791 0.841001 0.629744 0.0186605
792 0.841001 0.626663 0.0191208
793 0.841001 0.612473 0.0214964
794 0.841001 0.606979 0.02211
795 0.841001 0.631933 0.0199136
796 0.841001 0.616763 0.0183822
797 0.841001 0.602528 0.0208136
798 0.841001 0.588714 0.0239508
799 0.841001 0.597594 0.0180868
800 0.841001 0.591516 0.0221151
801 0.841001 0.598316 0.0250985
802 0.841001 0.579286 0.0238328
803 0.841001 0.577995 0.023555
804 0.841001 0.58432 0.0253653
805 0.841001 0.596078 0.0244291
806 0.841001 0.580535 0.0244299
807 0.841001 0.59503 0.023525
808 0.841001 0.582475 0.0295859
809 0.841001 0.588608 0.0219273
810 0.841001 0.598617 0.020782
811 0.841001 0.597744 0.0209248
812 0.841001 0.597504 0.0213334
813 0.841001 0.598696 0.0219267
814 0.841001 0.611789 0.0199777
815 0.841001 0.599284 0.021523
816 0.841001 0.600542 0.0234931
817 0.841001 0.612038 0.0224493
818 0.841001 0.614041 0.0210523
819 0.841001 0.587695 0.0227305
820 0.841001 0.59847 0.0197956
821 0.841001 0.593264 0.0238426
822 0.841001 0.604205 0.0213966
823 0.841001 0.597701 0.0231382
824 0.841001 0.607026 0.0211054
825 0.841001 0.602124 0.0197585
826 0.841001 0.604525 0.0227933
827 0.841001 0.606547 0.0209836
828 0.841001 0.637328 0.0197383
829 0.841001 0.637903 0.018903
830 0.841001 0.628173 0.0177711
831 0.841001 0.623425 0.0171479
832 0.841001 0.609513 0.0217427
833 0.841001 0.608056 0.0233847
834 0.841001 0.607647 0.0246484
835 0.841001 0.613169 0.0190012
836 0.841001 0.591861 0.0223707
837 0.841001 0.586188 0.0202661
838 0.841001 0.602961 0.0218393
839 0.841001 0.612627 0.0214441
840 0.841001 0.62143 0.0172964
841 0.841001 0.602055 0.0207374
842 0.841001 0.61226 0.0199925
843 0.841001 0.60244 0.0215177
844 0.841001 0.610963 0.0187374
845 0.841001 0.596148 0.0216314
846 0.841001 0.611885 0.019195
847 0.841001 0.615021 0.0195077
848 0.841001 0.616968 0.0207322
849 0.841001 0.602962 0.021255
850 0.841001 0.618866 0.0210932
851 0.841001 0.611947 0.0226635
852 0.841001 0.609287 0.0227179
853 0.841001 0.594878 0.024318
854 0.841001 0.609385 0.0213659
855 0.841001 0.602176 0.0204426
856 0.841001 0.623116 0.0191111
857 0.841001 0.627877 0.0186167
858 0.841001 0.588905 0.0207663
859 0.841001 0.607369 0.0208285
860 0.841001 0.604998 0.0221879
861 0.841001 0.615992 0.0219305
862 0.841001 0.62134 0.0195562
863 0.841001 0.613261 0.0186691
864 0.841001 0.62892 0.0175065
865 0.841001 0.614404 0.021557
866 0.841001 0.61298 0.0205192
867 0.841001 0.612184 0.0184402
868 0.841001 0.627954 0.0161423
869 0.841001 0.625393 0.01773
870 0.841001 0.622087 0.0179283
871 0.841001 0.609659 0.0194884
872 0.841001 0.604282 0.0221479
873 0.841001 0.612734 0.0229972
874 0.841001 0.603343 0.0225849
875 0.841001 0.606628 0.0203949
876 0.841001 0.608884 0.0214502
877 0.841001 0.604877 0.0201719
878 0.841001 0.610523 0.0210851
879 0.841001 0.638906 0.0156931
880 0.841001 0.604728 0.0211951
881 0.841001 0.622066 0.0183153
882 0.841001 0.609886 0.0192141
883 0.841001 0.609638 0.0211296
884 0.841001 0.607921 0.0230878
885 0.841001 0.608542 0.0194328
886 0.841001 0.639944 0.0166806
887 0.841001 0.613121 0.0203437
888 0.841001 0.593055 0.0216515
889 0.841001 0.583338 0.0241544
890 0.841001 0.602643 0.023354
891 0.841001 0.602628 0.0212364
892 0.841001 0.586205 0.0228576
893 0.841001 0.589636 0.0251754
894 0.841001 0.594527 0.0235141
895 0.841001 0.600461 0.0222646
896 0.841001 0.610506 0.0220816
897 0.841001 0.601644 0.0252689
898 0.841001 0.59261 0.0258183
899 0.841001 0.594187 0.0254858
900 0.841001 0.586836 0.0238166
901 0.841001 0.589446 0.0250833
902 0.841001 0.592789 0.0245338
903 0.841001 0.594209 0.0185478
904 0.841001 0.602892 0.0203988
905 0.841001 0.601947 0.0201359
906 0.841001 0.586601 0.0211808
907 0.841001 0.584121 0.0228101
908 0.841001 0.587886 0.0243931
909 0.841001 0.608735 0.0216734
910 0.841001 0.617287 0.0174001
911 0.841001 0.623769 0.0196514
912 0.841001 0.62332 0.0196313
913 0.841001 0.629893 0.0187408
914 0.841001 0.63452 0.0200254
915 0.841001 0.626685 0.0176085
916 0.841001 0.622011 0.0166096
917 0.841001 0.611744 0.0204933
918 0.841001 0.609889 0.0215893
919 0.841001 0.602864 0.0193872
920 0.841001 0.607405 0.0237044
921 0.841001 0.622061 0.0208379
922 0.841001 0.607991 0.0230424
923 0.841001 0.61591 0.0217193
924 0.841001 0.610943 0.0189894
925 0.841001 0.61036 0.0195355
926 0.841001 0.583356 0.0238211
927 0.841001 0.586528 0.0241649
928 0.841001 0.597076 0.0219429
929 0.841001 0.6107 0.0212471
930 0.841001 0.620183 0.0215106
931 0.841001 0.598803 0.0238298
932 0.841001 0.604204 0.0186934
933 0.841001 0.611934 0.0229332
934 0.841001 0.638183 0.015835
935 0.841001 0.633834 0.0168578
936 0.841001 0.630047 0.0176211
937 0.841001 0.633775 0.0185605
938 0.841001 0.627467 0.0192265
939 0.841001 0.61612 0.0171606
940 0.841001 0.622869 0.0183753
941 0.841001 0.618827 0.0192161
942 0.841001 0.625398 0.018645
943 0.841001 0.618193 0.0175896
944 0.841001 0.634242 0.0155163
945 0.841001 0.618623 0.0185884
946 0.841001 0.605617 0.0198365
947 0.841001 0.6098 0.0185547
948 0.841001 0.630978 0.0167406
949 0.841001 0.624473 0.0184975
950 0.841001 0.650773 0.0186003
951 0.841001 0.625767 0.0208278
952 0.841001 0.59391 0.02162
953 0.841001 0.606191 0.0223736
954 0.841001 0.607232 0.0226872
955 0.841001 0.602445 0.0175986
956 0.841001 0.592063 0.0184573
957 0.841001 0.591257 0.023125
958 0.841001 0.593265 0.0225351
959 0.841001 0.597681 0.0214329
960 0.841001 0.601613 0.0214239
961 0.841001 0.609448 0.0228702
962 0.841001 0.618601 0.0198382
963 0.841001 0.630508 0.017662
964 0.841001 0.634557 0.0183421
965 0.841001 0.632812 0.0172382
966 0.841001 0.614067 0.0207702
967 0.841001 0.600863 0.0226968
968 0.841001 0.609683 0.0215589
969 0.841001 0.606765 0.0207509
970 0.841001 0.621749 0.0226634
971 0.841001 0.609607 0.0244683
972 0.841001 0.638846 0.0206444
973 0.841001 0.629955 0.0181227
974 0.841001 0.633006 0.0201303
975 0.841001 0.626443 0.020292
976 0.841001 0.616806 0.0217185
977 0.841001 0.623173 0.0219504
978 0.841001 0.611673 0.0222415
979 0.841001 0.612378 0.0185961
980 0.841001 0.628336 0.0157957
981 0.841001 0.627214 0.0168632
982 0.841001 0.634845 0.0190094
983 0.841001 0.61831 0.020037
984 0.841001 0.619496 0.0234909
985 0.841001 0.606298 0.0223758
986 0.841001 0.606696 0.0211416
987 0.841001 0.604543 0.0245951
988 0.841001 0.619987 0.0192618
989 0.841001 0.637776 0.0166554
990 0.841001 0.624039 0.0179548
991 0.841001 0.617705 0.0216718
992 0.841001 0.62797 0.0193253
993 0.841001 0.629649 0.0181787
994 0.841001 0.615886 0.018659
995 0.841001 0.612346 0.0214806
996 0.841001 0.601637 0.0215605
997 0.841001 0.595407 0.0233251
998 0.841001 0.595679 0.0236329
999 0.841001 0.613987 0.0215242
1000 0.841001 0.622246 0.0179455
