8.123519299921230230e-01
5.954038340506837557e-01
3.696068693482840728e-01
1.123059166874306181e-01
-1.249972196181345363e-02
-3.442154771873637276e-02
-3.665751567997651422e-02
-3.740770981753700070e-02
-3.522729677643488683e-02
-2.993320168519392546e-02
-1.592454785036379050e-02
-1.586983957747389873e-02
-1.582132249277126354e-02
-1.579042128238808407e-02
-9.366073995588379553e-02
2.613966073745340735e-01
-2.721257096163949285e-01
-2.599598084927269570e-02
1.281624810855328811e-01
-9.946508228489057968e-02
2.679096327852584780e-01
1.154022300896870856e-01
-2.171737803762361085e-01
8.119920628939629736e-01
5.929265565247533454e-01
2.770044834078716489e-01
5.812951309724387339e-02
-3.448658755805222159e-02
-3.672678040186020537e-02
-3.747839203832462052e-02
-3.529385908620068235e-02
-2.998976075231441288e-02
-1.595463743383719948e-02
-1.589982578914928002e-02
-1.585121703095711959e-02
-1.582025743244525398e-02
-9.384056469972933134e-02
2.618905187314629068e-01
-3.039259992580900516e-01
-2.603999702641924749e-02
1.284046453032559321e-01
-9.965302249673538282e-02
2.667486685051854711e-01
1.156202813398348184e-01
-2.175841322840848802e-01
8.103828718619464633e-01
4.486445636410861804e-01
1.600576196828929765e-01
-4.769235663057072713e-04
-3.681906217993129865e-02
-3.757256235814842443e-02
-3.538254042542578887e-02
-3.006511471516840756e-02
-1.599472595493170446e-02
-1.593977658741659378e-02
-1.589104569211938559e-02
-1.586000830277567095e-02
-9.408087425348422850e-02
2.625485596069235261e-01
-3.262371302974878540e-01
-2.607467000788557185e-02
1.287272820509239302e-01
-9.990341629666944778e-02
2.448618146352665725e-01
1.159106636167983179e-01
-2.181308446980959881e-01
6.168376248296696396e-01
2.672033587200310367e-01
5.193537313878017481e-02
-9.525649012694890894e-03
-3.768878958551893921e-02
-3.549199302362160413e-02
-3.015811835145520980e-02
-1.604420415214838705e-02
-1.598908480387522743e-02
-1.594020316408543622e-02
-1.590906976346429316e-02
-9.437522598833028575e-02
2.633607291587992116e-01
-3.493429132873054899e-01
-2.592783681269358181e-02
1.291254879261874156e-01
-1.002124582234075606e-01
1.963219505132594855e-01
1.162684440295203431e-01
-2.188018097684478191e-01
5.827711664970356420e-01
2.220027261925468787e-01
1.420935266753637627e-01
8.137094028718015737e-02
-5.452561208916712615e-02
-4.633129115843741958e-02
-2.464837777064856142e-02
-2.456369906014193444e-02
-2.448860321168714813e-02
-2.444077361462404854e-02
-1.443313051470821728e-01
2.096463528864127845e-01
-3.195556055584808375e-01
4.549291239595387726e-02
1.915768219289415986e-01
-1.539511870567908114e-01
9.284097305927410670e-02
1.750817507925362393e-01
-1.448031333333440474e-01
4.851728903500548418e-01
3.971476692607635584e-01
3.348434516031447150e-01
1.870585255199763708e-01
1.670380946698707680e-01
-4.659617973935204632e-02
-4.643610005980570998e-02
-4.629413616729977088e-02
-4.620371737697002990e-02
-2.701161835982295312e-01
7.351082814700649060e-02
-1.368403278517892618e-01
4.361950849314399914e-01
2.291423332502811605e-01
-2.337512546362392196e-01
-3.351603873784707657e-03
3.137349637923790291e-01
-4.907594231264390122e-02
9.345560875395134692e-01
8.685790351857227698e-01
7.389350547422507409e-01
5.805304755466540456e-01
-8.900205960606001609e-02
-1.278034960950514276e-01
-1.274841010102916727e-01
-1.272351070954259034e-01
-7.460473599135396539e-01
-8.418637899684190684e-02
-1.259396240737168104e-01
6.518367175713757344e-01
5.054835823311719656e-01
-6.596564235453432623e-01
-1.160247055888160711e-01
7.436776270013486512e-01
-1.220345228911478598e-03
9.432833898388847116e-01
8.269224889244691790e-01
6.625022520382328750e-01
2.927431166403634058e-02
-9.538877025760569839e-02
-1.355229241764036030e-01
-1.355000934735797746e-01
-7.768899754127875923e-01
-1.128401881078043428e-01
-9.988360420627856451e-02
6.241154568583361373e-01
4.430997101256109461e-01
-6.421557416676554331e-01
-1.307002547543344162e-01
7.084703411355693925e-01
9.781679797086462527e-03
9.077713798514134291e-01
7.599341465860245393e-01
1.790931493058871282e-01
3.106685000322511464e-02
-9.404825104528485857e-02
-1.378850688931701207e-01
-7.403475289970703477e-01
-1.307214838075676233e-01
-6.199955920064329634e-02
5.856021603525001229e-01
3.500821342890465537e-01
-5.869882607634994143e-01
-1.354202830584889383e-01
6.541291989075903590e-01
3.879909924034110474e-02
8.862592102810386008e-01
3.596819027672135682e-01
2.030783392432334578e-01
5.054984624122348807e-02
-8.019205125749377661e-02
-6.181119633230558463e-01
-1.352292172471253329e-01
5.312131612894907670e-04
5.134534513357946750e-01
1.872926936643175000e-01
-4.550432229932087624e-01
-1.303308627413418408e-01
5.479951580350387319e-01
1.006191290223892310e-01
5.875238988409615670e-01
4.247809887059373346e-01
2.557395885002892721e-01
9.076070140438648182e-02
-4.090534695741117610e-01
-1.149064057990787785e-01
1.003324129712474672e-01
4.005012400581549059e-01
-4.947730340929327314e-02
-2.346080508696172795e-01
-1.152173243326344160e-01
3.579743790332002851e-01
1.474005033148203525e-01
8.259356444604628589e-01
6.213222359909348347e-01
4.087375358824075211e-01
5.770276583229025369e-02
-6.113188021983127773e-02
1.037222766991156009e-01
-9.612021319641997352e-02
-4.186236466892021002e-01
1.621064363703097755e-01
-6.264086984744175746e-02
-1.554089167137023553e-01
9.439532252651665345e-02
8.268154415128159407e-01
6.235698516752417042e-01
1.348730923489457334e-01
-6.092186360904499470e-02
1.033659421474701356e-01
-9.648203830642985979e-02
-3.681928036605328636e-01
1.615495250691587892e-01
-6.239419924842123238e-02
-1.548947316627877768e-01
9.407353086646662310e-02
8.274359199890144456e-01
1.694827818822041143e-01
-6.073561401378088642e-02
1.030499330192078539e-01
-9.626574650343279471e-02
-3.201193327638046093e-01
1.610556377835822561e-01
-6.216488300450691978e-02
-1.544211967890581905e-01
9.378624069828531140e-02
1.728349828272035538e-01
-6.061698903887502432e-02
1.028486623819615947e-01
-9.608902695536943039e-02
-2.525785854127526875e-01
1.607410740580263731e-01
-6.202033615044559578e-02
-1.541195910364791810e-01
9.360306332128719153e-02
-3.590337911165746299e-01
6.066764107363715741e-01
-5.679636514959252036e-01
-8.166321445495154929e-01
9.466627734255088633e-01
-3.610111544229689939e-01
-9.082308798646696602e-01
5.518485993243951171e-01
-8.845038430492042636e-01
-9.646948609854617829e-02
4.919835699921446537e-01
-3.818307657306505010e-01
9.813791946593244386e-01
4.430026889570378712e-01
-8.224988157874804084e-01
3.428989548372707395e-03
-6.852086269780657268e-01
6.476846967550257128e-01
-8.581820109349094228e-01
-6.527888590345798381e-01
8.128820794557555240e-01
5.323571489613215801e-01
-5.701650849656382247e-01
-9.706091420424454996e-02
5.030350503293573583e-01
-1.516751363158877763e-01
-9.291273859461076645e-01
4.902345374335499439e-01
8.334783748902072631e-01
-6.767511264430403628e-01
-3.844718904908069335e-01
-9.187481359507787548e-01
5.895634679143222368e-01
4.412726858020691312e-01
-8.198233674614301414e-01
-4.544899797401283359e-01
