-5.353308953275431187e-02
-6.470352694090408807e-02
6.124064902439310121e-01
5.225724854994195923e-01
4.581980207084046519e-01
4.460224817838416844e-01
-1.875871888295987666e-01
-1.873682760359724475e-01
4.548037482608011661e-01
5.134231872719020595e-01
-8.496000639636801244e-02
7.015138820539861264e-01
8.175884706555685000e-01
-5.227002426047851202e-02
-2.163886928175498270e-01
2.426795242995236079e-01
6.411354322450302234e-02
1.790420502662530208e-02
-2.219881127151050459e-01
1.001672287617743629e-01
-7.263996095029658095e-02
2.746469726905854114e-01
1.116474812825827417e-01
8.534606337923568153e-01
-9.582486140613867553e-02
-1.221574112295158859e-01
-1.675914365016487606e-01
-2.206232620631398134e-01
5.265667674197472836e-01
5.284987814087831470e-01
-1.886626189181257740e-01
-1.388399858063559811e-01
7.154633999031173586e-01
-8.562345957962347320e-02
-7.305425894480671589e-02
8.052326524319378676e-01
2.304908832195937951e-01
-1.876357578579244401e-01
4.042520249521560499e-02
-8.680118563682943933e-02
2.291711376495412511e-01
1.406247806934023403e-01
-1.220583724088334654e-01
-1.973738190531426351e-01
1.664778657461986888e-01
-1.158200760635508947e-01
-1.476472853987625122e-01
-2.025617636007066014e-01
-2.679571541825533365e-01
6.168810248052739587e-01
6.190497748985922533e-01
-2.280297466941730578e-01
-1.678109154637854039e-01
8.407971799595689300e-01
-1.034900072467109938e-01
-8.829806486119093356e-02
6.818642172742909180e-01
2.754497909204366990e-01
-2.259615517500857818e-01
4.163181565747785251e-02
-1.049134812237980524e-01
2.769472317628133284e-01
1.725859158148606021e-01
-1.510640517375891334e-01
-2.351791251821837569e-01
2.039418511532949396e-01
8.562809255744037173e-01
7.478879513811976798e-01
7.229629574791283098e-01
-3.410380510171332480e-01
-3.405340821589333267e-01
7.387340737254689538e-01
8.383132537734853118e-01
-1.520794131079499234e-01
8.323693214671934459e-01
6.989942422340131856e-01
-9.356395967752306753e-02
-3.873286643511414384e-01
4.343992096305420159e-01
1.316763620404685087e-01
-6.652604867058006799e-02
-3.940495051393780868e-01
1.653949268245781257e-01
-1.259485584076578679e-01
4.915665971310151927e-01
1.959819003354412170e-01
8.721143815142531341e-01
8.382111310956331662e-01
-4.341037030641614614e-01
-4.335187017027728462e-01
8.568626971649436763e-01
9.742594013391769892e-01
-1.938706420647239304e-01
7.063688342954329569e-01
5.914469098494075094e-01
-1.192752165865054448e-01
-4.937906753702665519e-01
5.497554336558431176e-01
1.724619481175033997e-01
-5.849371300086346481e-02
-4.967307827689616540e-01
2.059992233584001242e-01
-1.544496940175081878e-01
6.258369819024754976e-01
2.436572275230938778e-01
9.528412847985380241e-01
-5.870546691061030442e-01
-5.850735072326267439e-01
9.752340611944966264e-01
8.402351396763636515e-01
-2.569712339203298890e-01
6.108650691124737353e-01
5.098269914356504673e-01
-1.430275054291762771e-01
-4.723569485205916241e-01
7.359335582984121160e-01
2.473275281388704339e-01
-8.809997556878854108e-02
-6.718169886295205506e-01
2.684458677852817887e-01
-1.943828931353491496e-01
5.890230514084585645e-01
3.154706409042594140e-01
-7.102641404752975118e-01
-7.060114240648032169e-01
9.452509691717976281e-01
8.187593677602155173e-01
-3.249838627626578380e-01
5.849528005928124053e-01
4.867183757642873365e-01
-1.668045181454755332e-01
-4.979155240150915374e-01
8.067163726830657300e-01
2.476264409637373987e-01
-5.571211114344210708e-02
-7.620174805095046855e-01
1.614523966078178219e-01
-2.150630542145895718e-01
6.077337312170998374e-01
3.323208787474247194e-01
9.971245101607921768e-01
-6.162768405304778208e-01
-4.441310420281867621e-01
6.950382625004316584e-01
-2.695848146200715001e-01
-2.174234978263291096e-01
3.912713421408400283e-01
5.648188216419846031e-01
-5.994288565048607742e-01
-3.267989078978181944e-02
-1.589294400094021509e-01
7.103133527405125491e-01
2.742391334845948325e-01
6.019778963586457782e-02
-5.007426646738477594e-01
6.506837206650797727e-03
-6.164970938711016313e-01
-4.453240684942212924e-01
7.037498498554868309e-01
-2.699107940405777728e-01
-2.179176831855575425e-01
3.929849079241241050e-01
5.737318915364170158e-01
-5.875741968708850793e-01
-2.703874234796762796e-02
-1.663624783088873405e-01
6.924091145359502208e-01
2.828861016976251253e-01
5.146065995272645910e-02
-5.083867006385137666e-01
2.050466731270060919e-02
8.669545498221440383e-01
-2.901698146330223271e-01
6.170376445192962134e-01
5.115431308052619253e-01
-1.628081707434747838e-01
-5.316065241724848844e-01
6.903026609322118201e-01
2.561825145891895028e-01
-2.482516630811998706e-02
-6.497465489395398697e-01
2.347672819320701931e-01
-1.407822752840589553e-01
6.377463729420747018e-01
2.472585743772379996e-01
-2.203468207259423606e-01
7.141266816428203379e-01
5.965562460517556120e-01
-1.355641807667834764e-01
-5.273741899052291071e-01
4.956806940172680531e-01
2.015662696957916944e-01
1.538155547434389564e-02
-4.563245132289279193e-01
1.986864470334628874e-01
-7.167148429751303562e-02
6.525786787260389188e-01
1.617379412398424476e-01
-1.358892179968990421e-01
-1.159411937813737553e-01
5.905408697417814379e-01
3.619967895552193560e-01
-2.417302994639121683e-01
5.542512924229678339e-02
-1.377583649617224182e-01
2.643532438428624620e-01
2.351436840343841261e-01
-2.071128250173547847e-01
-3.091609125038270456e-01
2.768128324505815252e-01
8.490028592595911805e-01
-8.360325078481882499e-02
-2.791743244515384470e-01
3.165428147839978723e-01
1.374603081726073206e-01
-4.854291082797491941e-02
-2.893579227895549666e-01
1.551681647634720884e-01
-3.532213019381544306e-02
3.614783998760336958e-01
1.018324203158936098e-01
-7.133060917472246187e-02
-2.125589091125124619e-01
2.486797988656331837e-01
1.173603612101492832e-01
-2.243209085738748221e-02
-2.285546246741573528e-01
1.365713235055708852e-01
-7.595752320812458082e-03
2.852062104174519774e-01
6.547729690814914350e-02
2.325795438975120089e-01
-1.010165269117602738e-01
5.696879929013794891e-02
-8.475324067605907730e-02
1.020189879601986205e-01
1.446676688434153646e-01
-1.274327583176201040e-01
-2.008972548064993646e-01
1.703719286169066427e-01
-2.195071793008560590e-01
4.065879895776334796e-01
-3.482531011338460547e-01
2.709116183581684045e-01
3.927643204366427776e-01
1.210370203152580787e-01
-9.021621824468368800e-01
1.853699654964801810e-02
5.807321501311670658e-02
-2.209546895614298012e-01
-7.838545365096338813e-01
2.555531937817376309e-01
-2.360212228913872723e-01
3.472080773641228468e-01
3.892310308059307999e-01
-3.356240151145137296e-02
-1.737125800396110420e-01
3.558492799650972427e-01
1.713591042609211718e-02
-3.424200679922732582e-01
8.714434599241460688e-02
1.511606996237477574e-01
-3.019079030064520386e-01
1.033815312316610641e-01
2.274386846874136003e-01
-3.276345134280542748e-01
-2.054232911166116171e-01
4.530474781015175201e-01
-3.356860557801539802e-01
-5.219139288947792776e-01
8.725494159386019966e-02
-1.948947101260321280e-01
1.879216166318071202e-01
-9.579104209378083712e-02
-8.758678338324332735e-01
6.415642537046678529e-02
