0 0.564487 0.501359 7.49084e-05
1 0.616904 0.503225 0.000276417
2 0.616904 0.506112 0.000457973
3 0.618583 0.508264 0.000643179
4 0.618583 0.51398 0.00114583
5 0.867864 0.524971 0.00321919
6 0.867864 0.530949 0.00434755
7 0.867864 0.527919 0.00409802
8 0.867864 0.533247 0.00453514
9 0.933492 0.545206 0.00839819
10 0.979564 0.546512 0.0113336
11 0.979564 0.547001 0.0116781
12 0.979564 0.560689 0.0170338
13 0.979564 0.588637 0.0238685
14 0.979564 0.581132 0.0254418
15 0.982478 0.582216 0.0286578
16 0.982478 0.582663 0.0265899
17 0.982478 0.59341 0.0294711
18 0.982478 0.590622 0.028913
19 0.982478 0.599522 0.0315297
20 0.982478 0.605618 0.0330584
21 0.984773 0.602054 0.0337298
22 0.985227 0.611716 0.0370399
23 0.985464 0.609828 0.0321979
24 0.985464 0.60929 0.0352451
25 0.985464 0.601516 0.0316397
26 0.985464 0.606536 0.0322606
27 0.988652 0.62994 0.0349888
28 0.988652 0.640513 0.0368716
29 0.988652 0.642566 0.0354622
30 0.988652 0.621122 0.036457
31 0.996724 0.660459 0.0337371
32 0.996724 0.665628 0.0385332
33 0.996724 0.665543 0.036991
34 0.996724 0.667588 0.036618
35 0.998487 0.690155 0.0397789
36 0.998487 0.695291 0.0356846
37 0.998487 0.729186 0.0381214
38 0.9987 0.717775 0.0388566
39 0.999226 0.742771 0.0397688
40 0.999226 0.738148 0.0391059
41 0.999426 0.753844 0.0399592
42 0.999426 0.776547 0.0338587
43 0.999476 0.780615 0.0369595
44 0.999677 0.80248 0.0367228
45 0.999677 0.765663 0.0376784
46 0.999677 0.754427 0.0385421
47 0.999677 0.759059 0.0322962
48 0.999677 0.755082 0.0428164
49 0.999677 0.771164 0.0341617
50 0.999749 0.757357 0.0408873
51 0.999755 0.783656 0.0368393
52 0.999755 0.749513 0.04272
53 0.999755 0.748461 0.0471455
54 0.999755 0.777144 0.0434547
55 0.999755 0.741872 0.0381863
56 0.999755 0.758211 0.0425559
57 0.999755 0.776746 0.0381832
58 0.999755 0.773296 0.0415336
59 0.999808 0.773382 0.0415864
60 0.999808 0.78534 0.0368254
61 0.999808 0.782436 0.0408509
62 0.999808 0.801104 0.0436081
63 0.999808 0.806133 0.0394769
64 0.999808 0.811833 0.0405109
65 0.999808 0.792161 0.0444277
66 0.999808 0.820862 0.0371673
67 0.999808 0.826386 0.0349028
68 0.999816 0.814553 0.0418324
69 0.999816 0.836 0.0326265
70 0.999816 0.835135 0.0339622
71 0.999816 0.815185 0.0357757
72 0.999817 0.785979 0.0402494
73 0.999817 0.826951 0.0370632
74 0.999817 0.838261 0.0304056
75 0.999817 0.810673 0.0447648
76 0.999817 0.853101 0.0320972
77 0.999817 0.840226 0.0327224
78 0.999817 0.828323 0.0352592
79 0.999817 0.839157 0.0308209
80 0.999817 0.81849 0.0359749
81 0.999817 0.828779 0.0287204
82 0.999817 0.78842 0.0384697
83 0.999817 0.803201 0.0308296
84 0.999817 0.782822 0.0350716
85 0.999817 0.793812 0.0346125
86 0.999817 0.77933 0.0369755
87 0.999817 0.81709 0.0323017
88 0.999817 0.843407 0.0301265
89 0.999817 0.843615 0.0308885
90 0.999817 0.847922 0.0361373
91 0.999817 0.839919 0.0352376
92 0.999817 0.829083 0.0374984
93 0.99984 0.858426 0.0332981
94 0.99984 0.857627 0.0336118
95 0.999861 0.861699 0.0333389
96 0.999861 0.862688 0.0351697
97 0.999861 0.852369 0.0285555
98 0.999861 0.852639 0.0291197
99 0.999861 0.856659 0.0310431
100 0.999861 0.831838 0.036091
101 0.999885 0.848956 0.029852
102 0.999885 0.841634 0.0371363
103 0.999885 0.84571 0.0333435
104 0.999885 0.832961 0.0410512
105 0.999885 0.807309 0.0483209
106 0.999885 0.859315 0.0302535
107 0.999885 0.857848 0.0306893
108 0.999885 0.87204 0.0259094
109 0.999885 0.86457 0.0302656
110 0.999885 0.861999 0.0265015
111 0.999885 0.851516 0.0332172
112 0.999885 0.850795 0.0324448
113 0.999885 0.856419 0.0302925
114 0.999885 0.833084 0.0387284
115 0.999885 0.866562 0.0281499
116 0.999885 0.872968 0.0288718
117 0.999885 0.87194 0.0258594
118 0.999885 0.869105 0.0264711
119 0.999885 0.849203 0.0335201
120 0.999885 0.853621 0.0298691
121 0.999885 0.864591 0.0313042
122 0.999885 0.86966 0.029053
123 0.999885 0.836243 0.0349951
124 0.999885 0.819397 0.0391052
125 0.999885 0.817425 0.0406298
126 0.999885 0.836596 0.034634
127 0.999885 0.808304 0.0435346
128 0.999885 0.839048 0.0348309
129 0.999885 0.835252 0.0293794
130 0.999885 0.834257 0.0352861
131 0.999885 0.830418 0.0394531
132 0.999885 0.857527 0.0304734
133 0.999885 0.841634 0.0289293
134 0.999885 0.83924 0.0300148
135 0.999885 0.869798 0.0275954
136 0.999885 0.870772 0.028372
137 0.999885 0.841358 0.0316387
138 0.999885 0.814114 0.0345962
139 0.999885 0.825752 0.0315026
140 0.999885 0.827096 0.0338121
141 0.999885 0.856041 0.0276176
142 0.999885 0.854948 0.0276371
143 0.999885 0.875909 0.0256903
144 0.999885 0.861001 0.0259251
145 0.999885 0.824647 0.0362397
146 0.999885 0.841297 0.0327541
147 0.999885 0.868954 0.0365036
148 0.999885 0.85371 0.0313215
149 0.999885 0.835998 0.0388928
150 0.999885 0.843325 0.0381236
151 0.999885 0.832059 0.0382271
152 0.999885 0.832154 0.041629
153 0.999885 0.834122 0.0393642
154 0.999885 0.818874 0.0376129
155 0.999885 0.835806 0.0308767
156 0.999885 0.835134 0.034525
157 0.999885 0.80128 0.0374895
158 0.999885 0.835145 0.0336183
159 0.999885 0.85097 0.0300921
160 0.999885 0.847708 0.0306973
161 0.999885 0.852687 0.0297673
162 0.999885 0.838168 0.0302421
163 0.999885 0.834669 0.036819
164 0.999885 0.8248 0.0391061
165 0.999885 0.825574 0.0316444
166 0.999885 0.83174 0.0344328
167 0.999885 0.843335 0.0318603
168 0.999885 0.817867 0.0369711
169 0.999885 0.83608 0.0334944
170 0.999885 0.847765 0.0360004
171 0.999885 0.851486 0.0301808
172 0.999885 0.841837 0.0257638
173 0.999885 0.820238 0.0318551
174 0.999885 0.836577 0.0277766
175 0.999885 0.835893 0.0324854
176 0.999885 0.847672 0.0298605
177 0.999885 0.84996 0.0282822
178 0.999885 0.842316 0.029751
179 0.999885 0.853994 0.0291459
180 0.999885 0.81529 0.0346292
181 0.999885 0.819616 0.0298598
182 0.999885 0.842316 0.0324885
183 0.999885 0.777995 0.0425705
184 0.999885 0.817723 0.0349026
185 0.999885 0.811101 0.0396257
186 0.999885 0.809485 0.0414844
187 0.999885 0.81834 0.0390777
188 0.999885 0.834094 0.0342843
189 0.999885 0.815638 0.0418055
190 0.999885 0.818368 0.0413005
191 0.999885 0.805191 0.0379997
192 0.999885 0.780878 0.0435467
193 0.999885 0.802017 0.0425328
194 0.999885 0.80861 0.0458509
195 0.999885 0.83751 0.0339069
196 0.999885 0.868152 0.0292462
197 0.999885 0.850085 0.033378
198 0.999885 0.862009 0.0302132
199 0.999885 0.852008 0.0357006
200 0.999885 0.865166 0.0322339
201 0.999885 0.877806 0.0263222
202 0.999885 0.872436 0.0255754
203 0.999885 0.878964 0.027248
204 0.999885 0.875296 0.0257709
205 0.999885 0.870654 0.0302039
206 0.999885 0.87631 0.0241174
207 0.999885 0.865784 0.025719
208 0.999885 0.874056 0.0250908
209 0.999885 0.861625 0.0270147
210 0.999885 0.865886 0.0302301
211 0.999885 0.871195 0.0242099
212 0.999885 0.855295 0.0294043
213 0.999885 0.858431 0.0314302
214 0.999885 0.823269 0.0371092
215 0.999885 0.852846 0.0320143
216 0.999885 0.8336 0.0355525
217 0.999885 0.833788 0.0299155
218 0.999885 0.83853 0.0275892
219 0.999885 0.838069 0.0312946
220 0.999885 0.823924 0.0318538
221 0.999885 0.81998 0.032622
222 0.999885 0.839209 0.0366312
223 0.999885 0.854258 0.0274059
224 0.999885 0.836405 0.0294874
225 0.999885 0.8377 0.0338953
226 0.999885 0.812717 0.0371268
227 0.999885 0.834064 0.0344305
228 0.999885 0.839144 0.034076
229 0.999885 0.848323 0.033387
230 0.999885 0.863393 0.0281512
231 0.999885 0.849362 0.0322099
232 0.999885 0.855014 0.0349626
233 0.999885 0.848608 0.034462
234 0.999885 0.83547 0.0379782
235 0.999885 0.845072 0.0346947
236 0.999885 0.854921 0.0316297
237 0.999885 0.857828 0.0300749
238 0.999885 0.824778 0.0403492
239 0.999885 0.860734 0.0340608
240 0.999885 0.866344 0.0300035
241 0.999885 0.85478 0.0362425
242 0.999885 0.853045 0.0333806
243 0.999885 0.886098 0.0231162
244 0.999885 0.893539 0.0198767
245 0.999885 0.883758 0.0213059
246 0.999885 0.858534 0.0292012
247 0.999885 0.837042 0.0354215
248 0.999885 0.841031 0.0286396
249 0.999885 0.834267 0.0305742
250 0.999885 0.821131 0.0324493
251 0.999885 0.841556 0.033228
252 0.999885 0.848929 0.0267766
253 0.999885 0.868111 0.0244085
254 0.999885 0.850326 0.0290272
255 0.999885 0.858404 0.0292691
256 0.999885 0.881191 0.0261171
257 0.999885 0.855336 0.032536
258 0.999885 0.884988 0.018392
259 0.999885 0.861162 0.0246899
260 0.999885 0.851836 0.0285953
261 0.999885 0.839415 0.0338822
262 0.999885 0.865388 0.0256065
263 0.999885 0.857175 0.0316967
264 0.999885 0.850043 0.0271122
265 0.999885 0.850295 0.0312975
266 0.999885 0.861828 0.0270781
267 0.999885 0.850265 0.0304889
268 0.999885 0.850197 0.0338343
269 0.999885 0.865894 0.0325248
270 0.999885 0.859101 0.0288548
271 0.999885 0.841212 0.0361364
272 0.999885 0.829945 0.0372613
273 0.999885 0.827585 0.0407492
274 0.999885 0.828279 0.0316382
275 0.999885 0.86938 0.0305031
276 0.999885 0.852125 0.0307105
277 0.999885 0.854829 0.0296449
278 0.999885 0.852085 0.0294949
279 0.999885 0.855233 0.0327112
280 0.999885 0.85108 0.034544
281 0.999885 0.810332 0.0452304
282 0.999885 0.824656 0.03315
283 0.999885 0.817572 0.0335849
284 0.999885 0.82452 0.0377775
285 0.999885 0.819915 0.0344053
286 0.999885 0.846632 0.0337217
287 0.999885 0.838627 0.0375577
288 0.999885 0.840952 0.0359479
289 0.999885 0.850071 0.0379245
290 0.999885 0.847346 0.0378686
291 0.999885 0.823143 0.045953
292 0.999885 0.805833 0.0392312
293 0.999885 0.824734 0.0397653
294 0.999885 0.809101 0.0383045
295 0.999894 0.834428 0.0371473
296 0.999894 0.867838 0.0274555
297 0.999894 0.854515 0.0282674
298 0.999894 0.836529 0.0338995
299 0.999894 0.853286 0.0287981
300 0.999894 0.826979 0.030162
301 0.999894 0.845774 0.0300082
302 0.999894 0.810662 0.0392743
303 0.999894 0.850999 0.0334486
304 0.999894 0.843543 0.0342542
305 0.999894 0.825395 0.0397628
306 0.999894 0.850896 0.0302575
307 0.999894 0.846087 0.032702
308 0.999894 0.851434 0.0343124
309 0.999894 0.869267 0.0266666
310 0.999894 0.841899 0.0333352
311 0.999894 0.837806 0.031531
312 0.999894 0.844918 0.032647
313 0.999894 0.84387 0.0323817
314 0.999894 0.827658 0.0347995
315 0.999894 0.8339 0.0311188
316 0.999894 0.849893 0.0295825
317 0.999894 0.838249 0.035184
318 0.999894 0.867763 0.0264802
319 0.999894 0.863931 0.0291801
320 0.999894 0.858258 0.0260754
321 0.999894 0.859974 0.0305897
322 0.999894 0.838269 0.0304177
323 0.999894 0.83555 0.0354349
324 0.999894 0.842629 0.0327035
325 0.999894 0.83746 0.035501
326 0.999894 0.849941 0.031728
327 0.999894 0.829906 0.0404495
328 0.999894 0.878907 0.026321
329 0.999894 0.853904 0.0360029
330 0.999894 0.845918 0.0352789
331 0.999894 0.854928 0.0356368
332 0.999894 0.851227 0.0380697
333 0.999894 0.848334 0.0367228
334 0.999894 0.840115 0.0329407
335 0.999894 0.817954 0.0343467
336 0.999894 0.817834 0.0343684
337 0.999894 0.800791 0.0417071
338 0.999894 0.812348 0.0365184
339 0.999894 0.829782 0.0278285
340 0.999894 0.815147 0.0403303
341 0.999894 0.85773 0.032152
342 0.999894 0.830725 0.0361268
343 0.999894 0.839333 0.0377732
344 0.999894 0.823657 0.0391091
345 0.999894 0.833801 0.0326339
346 0.999894 0.837679 0.0304227
347 0.999894 0.849037 0.0306336
348 0.999894 0.865153 0.0233336
349 0.999894 0.865089 0.027768
350 0.999894 0.825262 0.0412544
351 0.999894 0.852999 0.0306761
352 0.999894 0.869388 0.0271276
353 0.999894 0.871268 0.0294319
354 0.999894 0.848619 0.0314612
355 0.999894 0.857299 0.0306626
356 0.999894 0.844119 0.0276057
357 0.999894 0.860431 0.0296072
358 0.999894 0.878256 0.0254054
359 0.999894 0.874513 0.024868
360 0.999894 0.855893 0.0280274
361 0.999894 0.854184 0.0291857
362 0.999894 0.843844 0.0284881
363 0.999894 0.850448 0.0249535
364 0.999894 0.84707 0.0262646
365 0.999894 0.829372 0.0278798
366 0.999894 0.815823 0.033122
367 0.999894 0.822052 0.0329548
368 0.999894 0.816459 0.0358253
369 0.999894 0.785786 0.0455829
370 0.999894 0.788841 0.0427589
371 0.999894 0.778566 0.0408679
372 0.999894 0.800819 0.0416425
373 0.999894 0.822857 0.0425355
374 0.999894 0.814276 0.0392301
375 0.999894 0.799449 0.0438044
376 0.999894 0.789712 0.0465492
377 0.999894 0.812565 0.0382955
378 0.999894 0.802856 0.037079
379 0.999894 0.816412 0.0399031
380 0.999894 0.804933 0.0456716
381 0.999894 0.843934 0.0298406
382 0.999894 0.845871 0.0355897
383 0.999894 0.839816 0.0359323
384 0.999894 0.81536 0.0437558
385 0.999894 0.839024 0.0311218
386 0.999894 0.841322 0.0322053
387 0.999894 0.857902 0.027487
388 0.999894 0.846535 0.0328098
389 0.999894 0.863376 0.0299081
390 0.999894 0.868675 0.0292084
391 0.999894 0.854176 0.0300017
392 0.999894 0.877508 0.0256583
393 0.999894 0.867155 0.0271209
394 0.999894 0.842245 0.0319163
395 0.999894 0.84713 0.0268215
396 0.999894 0.8495 0.025916
397 0.999894 0.831687 0.0307398
398 0.999894 0.840159 0.029446
399 0.999894 0.833049 0.0318632
400 0.999894 0.854002 0.0295051
401 0.999894 0.850705 0.0361291
402 0.999894 0.849381 0.0362369
403 0.999894 0.868127 0.0301937
404 0.999894 0.8701 0.0244071
405 0.999894 0.860002 0.0314604
406 0.999894 0.893091 0.0199968
407 0.999894 0.905148 0.0177439
408 0.999894 0.860196 0.032086
409 0.999894 0.866316 0.027801
410 0.999894 0.869312 0.0292973
411 0.999894 0.874873 0.0246385
412 0.999894 0.87153 0.0290379
413 0.999894 0.86532 0.0324985
414 0.999894 0.846175 0.0320477
415 0.999894 0.864827 0.0242156
416 0.999894 0.875834 0.0227417
417 0.999894 0.859024 0.0280742
418 0.999894 0.85994 0.0286495
419 0.999894 0.867304 0.0283781
420 0.999894 0.85033 0.0320635
421 0.999894 0.865929 0.0284995
422 0.999894 0.88074 0.027275
423 0.999894 0.898487 0.0248281
424 0.999894 0.872875 0.0347777
425 0.999894 0.861812 0.0345678
426 0.999894 0.862105 0.0309456
427 0.999894 0.875388 0.0255553
428 0.999894 0.85323 0.0301781
429 0.999894 0.835045 0.0378439
430 0.999894 0.842995 0.0347972
431 0.999894 0.857511 0.0303073
432 0.999894 0.820871 0.0384507
433 0.999894 0.823645 0.0417963
434 0.999894 0.820694 0.0425009
435 0.999894 0.834901 0.0384138
436 0.999894 0.844154 0.0327277
437 0.999894 0.828128 0.0377824
438 0.999894 0.836151 0.0382878
439 0.999894 0.82079 0.0430198
440 0.999894 0.837966 0.0389664
441 0.999894 0.844336 0.032145
442 0.999894 0.854448 0.0316476
443 0.999894 0.853455 0.031328
444 0.999894 0.872336 0.0282666
445 0.999894 0.864133 0.0320085
446 0.999894 0.854816 0.0276564
447 0.999894 0.836584 0.026171
448 0.999894 0.833539 0.0286167
449 0.999894 0.829236 0.0272342
450 0.999894 0.810592 0.0355946
451 0.999894 0.831255 0.0347718
452 0.999894 0.840116 0.0324916
453 0.999894 0.833546 0.0321326
454 0.999894 0.823858 0.0369337
455 0.999894 0.827626 0.0395083
456 0.999894 0.829354 0.0360319
457 0.999894 0.810576 0.0430535
458 0.999894 0.78352 0.0443706
459 0.999894 0.812185 0.0393252
460 0.999894 0.810865 0.037645
461 0.999894 0.84911 0.0322998
462 0.999894 0.826732 0.0343714
463 0.999894 0.842646 0.0355841
464 0.999894 0.858005 0.0277289
465 0.999894 0.826817 0.0358942
466 0.999894 0.827992 0.0360473
467 0.999894 0.838893 0.0304841
468 0.999894 0.840413 0.0297964
469 0.999894 0.828166 0.0323069
470 0.999894 0.838108 0.031381
471 0.999894 0.832815 0.0336968
472 0.999894 0.83247 0.0323042
473 0.999894 0.832942 0.0368424
474 0.999894 0.836869 0.0316575
475 0.999894 0.857495 0.0293848
476 0.999894 0.829718 0.0339583
477 0.999894 0.808367 0.0392633
478 0.999894 0.828087 0.038881
479 0.999894 0.816872 0.0377568
480 0.999894 0.8118 0.0373235
481 0.999894 0.804559 0.0422687
482 0.999894 0.83515 0.0357337
483 0.999894 0.836331 0.0289224
484 0.999894 0.825826 0.0371314
485 0.999894 0.835781 0.0356397
486 0.999894 0.838204 0.0360425
487 0.999894 0.85504 0.0329796
488 0.999894 0.837989 0.0326432
489 0.999894 0.824041 0.0407653
490 0.999894 0.807686 0.0422702
491 0.999894 0.784624 0.0438184
492 0.999894 0.817556 0.0409774
493 0.999894 0.847057 0.030427
494 0.999894 0.820092 0.0383241
495 0.999894 0.82905 0.0393588
496 0.999894 0.814254 0.0427735
497 0.999894 0.843824 0.032411
498 0.999894 0.832454 0.0455667
499 0.999894 0.843433 0.0363231
500 0.999894 0.836736 0.0363256
501 0.999894 0.838016 0.0346324
502 0.999894 0.825026 0.0345906
503 0.999894 0.809129 0.0422598
504 0.999894 0.806974 0.0397123
505 0.999894 0.810756 0.0369226
506 0.999894 0.832861 0.0332537
507 0.999894 0.830125 0.0322079
508 0.999894 0.80044 0.0434351
509 0.999894 0.81417 0.0381123
510 0.999894 0.814188 0.0328116
511 0.999894 0.822532 0.0309466
512 0.999894 0.803231 0.0398222
513 0.999894 0.799046 0.0393371
514 0.999894 0.797138 0.0381449
515 0.999894 0.81844 0.0342169
516 0.999894 0.814942 0.0392347
517 0.999894 0.803326 0.0394694
518 0.999894 0.791341 0.0436481
519 0.999894 0.809509 0.0377431
520 0.999894 0.798128 0.0367913
521 0.999894 0.825892 0.0343466
522 0.999894 0.830379 0.0379412
523 0.999894 0.841177 0.0334942
524 0.999894 0.846629 0.0357791
525 0.999894 0.829988 0.0414839
526 0.999894 0.857118 0.0336297
527 0.999894 0.874413 0.0332214
528 0.999894 0.853283 0.0265964
529 0.999894 0.834727 0.0329298
530 0.999894 0.834203 0.0391933
531 0.999894 0.851774 0.0310302
532 0.999894 0.844326 0.0337543
533 0.999894 0.84001 0.0339618
534 0.999894 0.843222 0.0310692
535 0.999894 0.849326 0.0312284
536 0.999894 0.811011 0.0386743
537 0.999894 0.83911 0.0348568
538 0.999894 0.857006 0.0372453
539 0.999894 0.817966 0.0393765
540 0.999894 0.823563 0.0431753
541 0.999894 0.816854 0.0395456
542 0.999894 0.821432 0.0386451
543 0.999894 0.849016 0.0336424
544 0.999894 0.842594 0.0332416
545 0.999894 0.840716 0.0337544
546 0.999894 0.820889 0.0364762
547 0.999894 0.831862 0.0323502
548 0.999894 0.841486 0.0326592
549 0.999894 0.850998 0.0343436
550 0.999894 0.8604 0.0299246
551 0.999894 0.864468 0.0298564
552 0.999894 0.856564 0.0281555
553 0.999894 0.850459 0.0309045
554 0.999894 0.857736 0.0313931
555 0.999894 0.842522 0.0337885
556 0.999894 0.783025 0.0448774
557 0.999894 0.825347 0.0376214
558 0.999894 0.840318 0.0356059
559 0.999894 0.803186 0.03945
560 0.999894 0.813854 0.0366609
561 0.999894 0.817451 0.0399553
562 0.999894 0.821719 0.039176
563 0.999894 0.80735 0.040414
564 0.999894 0.794152 0.041464
565 0.999894 0.818097 0.0413742
566 0.999894 0.810293 0.0414286
567 0.999894 0.79684 0.0394662
568 0.999894 0.823963 0.0323171
569 0.999894 0.819673 0.0385684
570 0.999894 0.8086 0.040602
571 0.999894 0.824222 0.0376987
572 0.999894 0.855951 0.0314459
573 0.999894 0.844108 0.0334345
574 0.999894 0.851738 0.0339416
575 0.999894 0.854254 0.0310043
576 0.999894 0.870366 0.0277593
577 0.999894 0.870713 0.0264708
578 0.999894 0.8665 0.0256692
579 0.999894 0.89281 0.0197419
580 0.999894 0.837221 0.0385434
581 0.999894 0.869926 0.0320611
582 0.999894 0.855616 0.0346663
583 0.999894 0.880073 0.0252161
584 0.999894 0.84991 0.0317091
585 0.999894 0.877462 0.0252289
586 0.999894 0.846985 0.0306278
587 0.999894 0.863161 0.0252839
588 0.999894 0.853081 0.029912
589 0.999894 0.837552 0.0366151
590 0.999894 0.862244 0.0234724
591 0.999894 0.865075 0.0241661
592 0.999894 0.868142 0.027287
593 0.999894 0.888734 0.0227387
594 0.999894 0.884455 0.0222121
595 0.999894 0.857905 0.0307822
596 0.999894 0.830264 0.0334893
597 0.999894 0.84307 0.0320991
598 0.999894 0.833829 0.0305337
599 0.999894 0.825116 0.03495
600 0.999894 0.804014 0.036144
601 0.999894 0.803056 0.0346227
602 0.999894 0.815946 0.0352738
603 0.999894 0.785051 0.037439
604 0.999894 0.779023 0.0386494
605 0.999894 0.800052 0.03916
606 0.999894 0.830084 0.0287546
607 0.999894 0.85728 0.0263297
608 0.999894 0.808286 0.0355321
609 0.999894 0.791613 0.0430052
610 0.999894 0.786718 0.0496518
611 0.999894 0.831067 0.0315955
612 0.999894 0.837885 0.0323414
613 0.999894 0.80473 0.0395156
614 0.999894 0.850078 0.0284234
615 0.999894 0.832942 0.033273
616 0.999894 0.835053 0.0290504
617 0.999894 0.820717 0.0377528
618 0.999894 0.81257 0.034237
619 0.999894 0.856963 0.0222619
620 0.999894 0.86052 0.0258403
621 0.999894 0.861222 0.0289447
622 0.999894 0.876923 0.0222355
623 0.999894 0.880425 0.0216059
624 0.999894 0.86264 0.0252991
625 0.999894 0.843408 0.0358551
626 0.999894 0.870894 0.0273201
627 0.999894 0.864764 0.0246397
628 0.999894 0.872214 0.0256652
629 0.999894 0.828843 0.0345616
630 0.999894 0.83866 0.0280847
631 0.999894 0.847574 0.0268929
632 0.999894 0.851658 0.0291524
633 0.999894 0.838475 0.0341068
634 0.999894 0.832361 0.0324709
635 0.999894 0.799837 0.0341338
636 0.999894 0.820056 0.0356804
637 0.999894 0.77244 0.0483904
638 0.999894 0.792685 0.0399752
639 0.999894 0.760906 0.0527789
640 0.999894 0.783026 0.0445665
641 0.999894 0.802346 0.0407527
642 0.999894 0.806666 0.0408805
643 0.999894 0.810612 0.0362315
644 0.999894 0.780206 0.0392055
645 0.999894 0.796726 0.0426574
646 0.999894 0.834288 0.0317338
647 0.999894 0.825449 0.0310104
648 0.999894 0.828971 0.0305695
649 0.999894 0.848246 0.0241345
650 0.999894 0.828236 0.0361552
651 0.999894 0.840836 0.0375882
652 0.999894 0.814307 0.0394025
653 0.999894 0.834014 0.0348949
654 0.999894 0.845174 0.0346439
655 0.999894 0.836903 0.0358722
656 0.999894 0.839349 0.0300453
657 0.999894 0.827315 0.0339493
658 0.999894 0.80552 0.0384046
659 0.999894 0.800013 0.0406703
660 0.999894 0.792788 0.0406534
661 0.999894 0.826232 0.0295256
662 0.999894 0.837472 0.0289696
663 0.999894 0.840757 0.030151
664 0.999894 0.817184 0.0377529
665 0.999894 0.821318 0.0377403
666 0.999894 0.815169 0.0370957
667 0.999894 0.861418 0.0307561
668 0.999894 0.869658 0.0275115
669 0.999894 0.858807 0.0323477
670 0.999894 0.890164 0.023726
671 0.999894 0.88075 0.025844
672 0.999894 0.849892 0.0321608
673 0.999894 0.841046 0.0317508
674 0.999894 0.833093 0.0376051
675 0.999894 0.7962 0.0453608
676 0.999894 0.846019 0.0320339
677 0.999894 0.842097 0.0285123
678 0.999894 0.842027 0.0329595
679 0.999894 0.828057 0.0432803
680 0.999894 0.82885 0.0424612
681 0.999894 0.857324 0.0356798
682 0.999894 0.828957 0.0401649
683 0.999894 0.844018 0.0372509
684 0.999894 0.846363 0.0334999
685 0.999894 0.837406 0.0330075
686 0.999894 0.840723 0.0369211
687 0.999894 0.793841 0.0445824
688 0.999894 0.816809 0.0409484
689 0.999894 0.830934 0.0367441
690 0.999894 0.839 0.0304781
691 0.999894 0.820714 0.0339189
692 0.999894 0.855684 0.0276339
693 0.999894 0.822814 0.0361238
694 0.999894 0.864244 0.030366
695 0.999894 0.824265 0.0376587
696 0.999894 0.833677 0.0348475
697 0.999894 0.838697 0.0264694
698 0.999894 0.831714 0.0287169
699 0.999894 0.858374 0.0277907
700 0.999894 0.860753 0.0215105
701 0.999894 0.853615 0.0280346
702 0.999894 0.834126 0.0359186
703 0.999894 0.802336 0.0407752
704 0.999894 0.816198 0.0384147
705 0.999894 0.810116 0.0368526
706 0.999894 0.807802 0.0406542
707 0.999894 0.811073 0.0370156
708 0.999894 0.809884 0.037752
709 0.999894 0.800839 0.0449243
710 0.999894 0.805101 0.0455551
711 0.999894 0.80734 0.0405477
712 0.999894 0.817687 0.0396708
713 0.999894 0.834695 0.0372673
714 0.999894 0.858775 0.0283444
715 0.999894 0.867838 0.0262779
716 0.999894 0.871935 0.0213612
717 0.999894 0.860499 0.0275
718 0.999894 0.848246 0.0302105
719 0.999894 0.851924 0.0290824
720 0.999894 0.865198 0.0320356
721 0.999894 0.85509 0.0357406
722 0.999894 0.878971 0.0273905
723 0.999894 0.862882 0.0282948
724 0.999894 0.86202 0.0290736
725 0.999894 0.868229 0.0259619
726 0.999894 0.86614 0.0279976
727 0.999894 0.85095 0.0337506
728 0.999894 0.86338 0.0307277
729 0.999894 0.86557 0.0230635
730 0.999894 0.883877 0.0220539
731 0.999894 0.864974 0.0264603
732 0.999894 0.853294 0.0267841
733 0.999894 0.851945 0.0310359
734 0.999894 0.830321 0.0341422
735 0.999894 0.838392 0.0318829
736 0.999894 0.847335 0.0317702
737 0.999894 0.827678 0.0381042
738 0.999894 0.826163 0.0414829
739 0.999894 0.812385 0.0407197
740 0.999894 0.835258 0.0381982
741 0.999894 0.846812 0.031861
742 0.999894 0.867839 0.0249006
743 0.999894 0.858975 0.0275178
744 0.999894 0.84763 0.035199
745 0.999894 0.835509 0.0359583
746 0.999894 0.836019 0.031403
747 0.999894 0.830215 0.0374394
748 0.999894 0.825641 0.0374524
749 0.999894 0.826098 0.0378812
750 0.999894 0.853646 0.0323608
751 0.999894 0.866366 0.025245
752 0.999894 0.85714 0.0264128
753 0.999894 0.828628 0.0348437
754 0.999894 0.83204 0.0346707
755 0.999894 0.81913 0.0347074
756 0.999894 0.820315 0.037979
757 0.999894 0.847716 0.0285623
758 0.999894 0.831603 0.0333272
759 0.999894 0.786422 0.0443948
760 0.999894 0.812555 0.0421922
761 0.999894 0.814404 0.0395392
762 0.999894 0.830876 0.0351142
763 0.999894 0.822088 0.0416275
764 0.999894 0.811603 0.0419535
765 0.999894 0.805998 0.0383156
766 0.999894 0.824464 0.0423718
767 0.999894 0.813104 0.0386235
768 0.999894 0.833779 0.0371777
769 0.999894 0.820044 0.0377154
770 0.999894 0.820423 0.0376832
771 0.999894 0.827991 0.0341348
772 0.999894 0.813427 0.0392874
773 0.999894 0.786504 0.043393
774 0.999894 0.832775 0.0340543
775 0.999894 0.802067 0.043117
776 0.999894 0.810229 0.0442089
777 0.999894 0.804357 0.0417001
778 0.999894 0.829439 0.0361294
779 0.999894 0.825205 0.035129
780 0.999894 0.822637 0.0357696
781 0.999894 0.818054 0.0355197
782 0.999894 0.837919 0.0336785
783 0.999894 0.827393 0.0397464
784 0.999894 0.827769 0.0362153
785 0.999894 0.823773 0.0321459
786 0.999894 0.83682 0.0321147
787 0.999894 0.832432 0.0308449
788 0.999894 0.816915 0.0381309
789 0.999894 0.817167 0.0398723
790 0.999894 0.842928 0.0322393
791 0.999894 0.834618 0.0374373
792 0.999894 0.848685 0.0333858
793 0.999894 0.874272 0.0286521
794 0.999894 0.837312 0.0359709
795 0.999894 0.856446 0.031734
796 0.999894 0.843753 0.0337625
797 0.999894 0.854934 0.0268613
798 0.999894 0.860094 0.0264085
799 0.999894 0.869528 0.0290454
800 0.999894 0.876506 0.0294209
801 0.999894 0.842192 0.0325762
802 0.999894 0.847209 0.0262095
803 0.999894 0.852852 0.0262836
804 0.999894 0.853824 0.0314319
805 0.999894 0.845677 0.0375947
806 0.999894 0.853788 0.0342986
807 0.999894 0.832987 0.0352467
808 0.999894 0.818999 0.0401618
809 0.999894 0.851923 0.0281453
810 0.999894 0.810924 0.0419389
811 0.999894 0.821587 0.0439535
812 0.999894 0.826507 0.046341
813 0.999894 0.818549 0.0412743
814 0.999894 0.815024 0.0426914
815 0.999894 0.827109 0.0388566
816 0.999894 0.831474 0.0429707
817 0.999894 0.881766 0.0240058
818 0.999894 0.862991 0.0288347
819 0.999894 0.844407 0.0311544
820 0.999894 0.834711 0.0314421
821 0.999894 0.852203 0.0262851
822 0.999894 0.878635 0.0222121
823 0.999894 0.886132 0.0258206
824 0.999894 0.881841 0.0260305
825 0.999894 0.853726 0.0298382
826 0.999894 0.864469 0.0258963
827 0.999894 0.869481 0.0258466
828 0.999894 0.871155 0.0254354
829 0.999894 0.83728 0.0357113
830 0.999894 0.83685 0.0396139
831 0.999894 0.855631 0.0329123
832 0.999894 0.857433 0.0336118
833 0.999894 0.863474 0.0258961
834 0.999894 0.865071 0.0253102
835 0.999894 0.829063 0.0326606
836 0.999894 0.855826 0.0341995
837 0.999894 0.85459 0.0307869
838 0.999894 0.868362 0.0262883
839 0.999894 0.844401 0.0354859
840 0.999894 0.860904 0.0288468
841 0.999894 0.855737 0.0274332
842 0.999894 0.843037 0.0333503
843 0.999894 0.829761 0.0426616
844 0.999894 0.833516 0.0356605
845 0.999894 0.818422 0.0383821
846 0.999894 0.8104 0.0364852
847 0.999894 0.786103 0.0417802
848 0.999894 0.802751 0.0425172
849 0.999894 0.795382 0.0424758
850 0.999894 0.806364 0.037316
851 0.999894 0.786303 0.0435585
852 0.999894 0.819436 0.0403437
853 0.999894 0.833917 0.0333415
854 0.999894 0.794447 0.0457652
855 0.999894 0.839605 0.0357248
856 0.999894 0.834759 0.029031
857 0.999894 0.810865 0.0426322
858 0.999894 0.805744 0.0459984
859 0.999894 0.806005 0.0385417
860 0.999894 0.821549 0.0340928
861 0.999894 0.826231 0.0359963
862 0.999894 0.849238 0.0280603
863 0.999894 0.808014 0.0352699
864 0.999894 0.838095 0.0328457
865 0.999894 0.85882 0.026174
866 0.999894 0.818175 0.0305966
867 0.999894 0.840223 0.0307644
868 0.999894 0.837327 0.0304221
869 0.999894 0.859836 0.0279058
870 0.999894 0.867295 0.0299556
871 0.999894 0.867799 0.029043
872 0.999894 0.833954 0.031733
873 0.999894 0.836482 0.0297281
874 0.999894 0.834928 0.0339688
875 0.999894 0.833868 0.0372839
876 0.999894 0.872363 0.0252658
877 0.999894 0.855995 0.0292448
878 0.999894 0.848054 0.0328053
879 0.999894 0.844022 0.0345083
880 0.999894 0.849579 0.0328927
881 0.999894 0.864246 0.0315279
882 0.999894 0.856212 0.035764
883 0.999894 0.885827 0.0234783
884 0.999894 0.894385 0.0186715
885 0.999894 0.870824 0.0242468
886 0.999894 0.879768 0.025628
887 0.999894 0.866315 0.02766
888 0.999894 0.862898 0.0235534
889 0.999894 0.821765 0.039274
890 0.999894 0.823495 0.0363431
891 0.999894 0.833118 0.035849
892 0.999894 0.828742 0.033693
893 0.999894 0.799723 0.0437651
894 0.999894 0.805004 0.0408672
895 0.999894 0.78809 0.0406429
896 0.999894 0.80456 0.0376048
897 0.999894 0.805846 0.0413618
898 0.999894 0.795888 0.0412326
899 0.999894 0.793065 0.0434561
900 0.999894 0.791059 0.0440171
901 0.999894 0.816778 0.0385017
902 0.999894 0.835958 0.0354379
903 0.999894 0.831354 0.0344795
904 0.999894 0.836334 0.0379597
905 0.999894 0.822177 0.037438
906 0.999894 0.802223 0.0370909
907 0.999894 0.799828 0.0349308
908 0.999894 0.815189 0.0394576
909 0.999894 0.841728 0.0325135
910 0.999894 0.835492 0.036
911 0.999894 0.839426 0.0372716
912 0.999894 0.8337 0.0384778
913 0.999894 0.82067 0.0373355
914 0.999894 0.851809 0.037095
915 0.999894 0.833703 0.0407485
916 0.999894 0.84534 0.032978
917 0.999894 0.831351 0.0363177
918 0.999894 0.825449 0.0336786
919 0.999894 0.81911 0.0358758
920 0.999894 0.829124 0.0369234
921 0.999894 0.850736 0.0304571
922 0.999894 0.831525 0.0370021
923 0.999894 0.850984 0.0363175
924 0.999894 0.878859 0.0298871
925 0.999894 0.809338 0.0394919
926 0.999894 0.846669 0.0290566
927 0.999894 0.836652 0.0335086
928 0.999894 0.806222 0.04506
929 0.999894 0.830098 0.0345647
930 0.999894 0.816324 0.0406099
931 0.999894 0.837535 0.0356456
932 0.999894 0.839228 0.037812
933 0.999894 0.834855 0.0317515
934 0.999894 0.786036 0.0406467
935 0.999894 0.780939 0.0411481
936 0.999894 0.79303 0.0335914
937 0.999894 0.820888 0.0299817
938 0.999894 0.811048 0.037118
939 0.999894 0.842935 0.0327647
940 0.999894 0.858691 0.0257362
941 0.999894 0.84992 0.0305693
942 0.999894 0.824245 0.0327141
943 0.999894 0.821103 0.034432
944 0.999894 0.818756 0.041083
945 0.999894 0.807233 0.0384455
946 0.999894 0.813216 0.0370887
947 0.999894 0.800719 0.0455305
948 0.999894 0.822231 0.0367783
949 0.999894 0.84225 0.040465
950 0.999894 0.833938 0.0388758
951 0.999894 0.845205 0.0349805
952 0.999894 0.818157 0.0364469
953 0.999894 0.848042 0.0331651
954 0.999894 0.847122 0.0300111
955 0.999894 0.846514 0.0338641
956 0.999894 0.86862 0.0273039
957 0.999894 0.848095 0.0354764
958 0.999894 0.865394 0.0287941
959 0.999894 0.871319 0.0249838
960 0.999894 0.86825 0.028226
961 0.999894 0.857746 0.0337685
962 0.999894 0.864489 0.0292843
963 0.999894 0.855469 0.0293988
964 0.999894 0.85055 0.0329375
965 0.999894 0.86652 0.025616
966 0.999894 0.836874 0.0323944
967 0.999894 0.849528 0.0328336
968 0.999894 0.859908 0.030164
969 0.999894 0.823233 0.0379869
970 0.999894 0.827041 0.0387137
971 0.999894 0.850299 0.0342855
972 0.999894 0.825766 0.0338927
973 0.999894 0.830582 0.0389151
974 0.999894 0.815294 0.044482
975 0.999894 0.828019 0.0376933
976 0.999894 0.827258 0.0357742
977 0.999894 0.804978 0.0373112
978 0.999894 0.81618 0.0388329
979 0.999894 0.826227 0.0339206
980 0.999894 0.840904 0.0354063
981 0.999894 0.859494 0.0282196
982 0.999894 0.840138 0.0329562
983 0.999894 0.859546 0.0318321
984 0.999894 0.842794 0.03415
985 0.999894 0.845201 0.0351705
986 0.999894 0.842427 0.0317823
987 0.999894 0.860787 0.0284569
988 0.999894 0.844175 0.0352957
989 0.999894 0.830425 0.0346271
990 0.999894 0.797003 0.0423941
991 0.999894 0.846433 0.0369469
992 0.999894 0.842627 0.0347293
993 0.999894 0.83821 0.034401
994 0.999894 0.855396 0.0285317
995 0.999894 0.842241 0.0360946
996 0.999894 0.835124 0.0328431
997 0.999894 0.844996 0.032599
998 0.999894 0.837536 0.0308441
999 0.999894 0.836993 0.0301305
1000 0.999894 0.822244 0.0355415
