0 0.371746 0.25169 0.000397473
1 0.371746 0.253625 0.000456611
2 0.408416 0.260085 0.000882727
3 0.408416 0.262645 0.00103976
4 0.408416 0.264149 0.00118853
5 0.408416 0.265577 0.00130432
6 0.408416 0.267992 0.00187372
7 0.408416 0.272443 0.00199354
8 0.408416 0.270028 0.00200603
9 0.408416 0.270407 0.00206046
10 0.408416 0.274943 0.00218486
11 0.408416 0.275138 0.00263398
12 0.408416 0.277246 0.00278963
13 0.519152 0.276865 0.00396048
14 0.519152 0.278245 0.00342078
15 0.549626 0.275059 0.00450812
16 0.601642 0.284892 0.00637505
17 0.616732 0.292224 0.00848993
18 0.616732 0.299791 0.0114147
19 0.616732 0.304938 0.0142953
20 0.616732 0.320238 0.0174935
21 0.616732 0.333963 0.0206391
22 0.616732 0.327176 0.0218651
23 0.644859 0.338942 0.0235415
24 0.644859 0.352575 0.0212063
25 0.644859 0.360848 0.022776
26 0.649413 0.363945 0.022576
27 0.649413 0.360512 0.0242489
28 0.649413 0.375384 0.0218689
29 0.651982 0.374416 0.0222804
30 0.651982 0.393245 0.0251872
31 0.651982 0.388477 0.0234131
32 0.661437 0.406758 0.0228774
33 0.695517 0.413313 0.025402
34 0.707605 0.425646 0.0275458
35 0.707605 0.44829 0.0277089
36 0.707605 0.437535 0.0273099
37 0.707605 0.447306 0.0271839
38 0.707605 0.468132 0.0240794
39 0.707605 0.472262 0.0267268
40 0.707605 0.490144 0.0231656
41 0.709908 0.505183 0.0229567
42 0.709908 0.515228 0.0218511
43 0.709908 0.528312 0.0220887
44 0.709908 0.543216 0.0194277
45 0.722619 0.553936 0.0176936
46 0.722619 0.568794 0.0153242
47 0.722619 0.565359 0.0173082
48 0.729783 0.57515 0.016338
49 0.743198 0.574627 0.0161279
50 0.743198 0.584426 0.0173528
51 0.743198 0.577487 0.0205945
52 0.743198 0.582114 0.0188276
53 0.743212 0.576404 0.0195592
54 0.770347 0.591568 0.0171869
55 0.770347 0.583745 0.0172838
56 0.770347 0.59498 0.0193254
57 0.770347 0.596094 0.0191779
58 0.770347 0.581534 0.0197542
59 0.770347 0.571081 0.0213428
60 0.770347 0.582106 0.0204212
61 0.783106 0.588097 0.0226202
62 0.783106 0.594248 0.0194738
63 0.783106 0.595177 0.0234472
64 0.783106 0.613582 0.0232426
65 0.783106 0.622752 0.0172565
66 0.783106 0.615254 0.0168415
67 0.787375 0.608574 0.018793
68 0.787375 0.618495 0.0183371
69 0.787375 0.631523 0.0133929
70 0.787375 0.645054 0.0133264
71 0.787375 0.635574 0.0157029
72 0.787375 0.637291 0.0178209
73 0.794327 0.649767 0.0122928
74 0.794327 0.639397 0.0178737
75 0.799781 0.643727 0.0113884
76 0.799781 0.648483 0.0112588
77 0.799781 0.652945 0.0131797
78 0.799781 0.639493 0.0109654
79 0.802687 0.64592 0.013329
80 0.803038 0.65406 0.0131302
81 0.803038 0.639471 0.0122551
82 0.803932 0.654789 0.0116717
83 0.803932 0.672113 0.01083
84 0.804129 0.665978 0.013097
85 0.815974 0.66354 0.0132986
86 0.817505 0.658638 0.0119879
87 0.817505 0.677191 0.00915973
88 0.825817 0.660051 0.00986024
89 0.825817 0.659207 0.0119131
90 0.825817 0.664914 0.0141334
91 0.825817 0.664363 0.0142824
92 0.827957 0.651722 0.0155817
93 0.82967 0.662535 0.0171818
94 0.82967 0.674617 0.0131558
95 0.82967 0.668251 0.0139349
96 0.82967 0.674141 0.0151397
97 0.82967 0.681221 0.0149514
98 0.839321 0.692856 0.0141564
99 0.839321 0.689745 0.0118067
100 0.839321 0.679585 0.0121021
101 0.839321 0.684582 0.0137387
102 0.839321 0.669384 0.0151845
103 0.839321 0.675109 0.0165931
104 0.839744 0.688634 0.0177884
105 0.839744 0.699493 0.0161604
106 0.841402 0.707555 0.0126305
107 0.844802 0.704428 0.0123073
108 0.844802 0.707657 0.0121973
109 0.844802 0.69205 0.016085
110 0.844802 0.684848 0.0181905
111 0.844802 0.701408 0.0124605
112 0.844802 0.690709 0.0153369
113 0.844802 0.696294 0.0126188
114 0.844802 0.705943 0.0113368
115 0.844802 0.700519 0.0109295
116 0.844802 0.686616 0.0116904
117 0.844802 0.709319 0.00979962
118 0.844802 0.699107 0.0102022
119 0.844802 0.704976 0.00934388
120 0.844802 0.700841 0.00971202
121 0.844802 0.70725 0.0123581
122 0.844802 0.707184 0.0119222
123 0.844802 0.71303 0.00941206
124 0.844802 0.701181 0.0121889
125 0.844802 0.706908 0.0117689
126 0.844802 0.693013 0.0134318
127 0.844802 0.694776 0.0167066
128 0.844802 0.707686 0.0137821
129 0.844802 0.715263 0.0125932
130 0.844802 0.715519 0.0112849
131 0.844802 0.723997 0.0104865
132 0.844802 0.72107 0.0114207
133 0.847675 0.704647 0.0156158
134 0.847675 0.699428 0.0144281
135 0.847675 0.697673 0.0141858
136 0.847675 0.703697 0.0152114
137 0.847675 0.723568 0.00915022
138 0.847675 0.727201 0.00808372
139 0.847675 0.731161 0.00876131
140 0.847675 0.726042 0.0127572
141 0.847675 0.736847 0.00940288
142 0.847675 0.722206 0.012416
143 0.847675 0.711964 0.0117446
144 0.847675 0.71596 0.0129172
145 0.847675 0.704482 0.0128792
146 0.847675 0.722891 0.0101601
147 0.847675 0.723632 0.0106407
148 0.847675 0.728543 0.0103951
149 0.847675 0.736217 0.00915105
150 0.847675 0.734098 0.0103609
151 0.847675 0.743313 0.00901128
152 0.847675 0.713168 0.0190609
153 0.847675 0.723144 0.0131983
154 0.847675 0.710952 0.0126415
155 0.847675 0.713267 0.0113755
156 0.847675 0.71394 0.0130415
157 0.847675 0.713049 0.0164339
158 0.847675 0.708459 0.0147975
159 0.847675 0.70393 0.0121051
160 0.847675 0.728081 0.00807196
161 0.847675 0.727142 0.01017
162 0.847675 0.711507 0.0101194
163 0.847675 0.71912 0.0113453
164 0.847675 0.712575 0.013914
165 0.847675 0.706994 0.0106437
166 0.847675 0.708029 0.00991228
167 0.847675 0.707158 0.00911299
168 0.847675 0.724323 0.00936088
169 0.847722 0.713477 0.0106582
170 0.847722 0.721567 0.00855381
171 0.847797 0.73299 0.00712191
172 0.847797 0.72406 0.0077462
173 0.847797 0.718088 0.0106881
174 0.847797 0.712552 0.0133028
175 0.847797 0.701128 0.0150576
176 0.847797 0.717053 0.0135659
177 0.847797 0.706953 0.0120047
178 0.847797 0.730424 0.0131052
179 0.847797 0.722637 0.0130582
180 0.847797 0.706443 0.0158317
181 0.847797 0.719414 0.0119587
182 0.847797 0.702289 0.0145448
183 0.847797 0.710735 0.0126322
184 0.847797 0.71336 0.0106842
185 0.847797 0.703139 0.0154496
186 0.847797 0.712387 0.0180805
187 0.847797 0.696693 0.0169998
188 0.847797 0.691769 0.0140764
189 0.847797 0.688645 0.0144151
190 0.847797 0.697853 0.0160353
191 0.847797 0.704478 0.0136467
192 0.847797 0.715165 0.0106246
193 0.847797 0.708626 0.0110684
194 0.847797 0.705655 0.0123955
195 0.847797 0.710006 0.0109376
196 0.847797 0.722579 0.0111278
197 0.847797 0.726293 0.0109558
198 0.847797 0.714217 0.0132756
199 0.847797 0.699965 0.0148406
200 0.847797 0.705134 0.0148052
201 0.847797 0.713155 0.0144674
202 0.848261 0.719156 0.0143569
203 0.848261 0.723222 0.00956214
204 0.848261 0.720326 0.00789867
205 0.848261 0.719387 0.00850688
206 0.848261 0.722839 0.0093372
207 0.848261 0.727974 0.00847997
208 0.848261 0.714702 0.0111389
209 0.848261 0.68688 0.0129127
210 0.848261 0.699701 0.0119228
211 0.848261 0.70307 0.0106984
212 0.848261 0.703919 0.0112403
213 0.848261 0.696995 0.0118855
214 0.848261 0.686555 0.0158538
215 0.848261 0.704641 0.0121886
216 0.848261 0.708323 0.0132798
217 0.848261 0.71146 0.0131675
218 0.848261 0.707418 0.0147643
219 0.848261 0.704577 0.0129977
220 0.848261 0.702935 0.0135276
221 0.848261 0.712585 0.0118408
222 0.848261 0.716917 0.0099975
223 0.848261 0.71747 0.0114718
224 0.848692 0.732345 0.00924596
225 0.848692 0.739509 0.00747846
226 0.848692 0.735817 0.00877182
227 0.848692 0.738243 0.00873755
228 0.848692 0.735546 0.00715441
229 0.848692 0.737697 0.0102147
230 0.848692 0.732542 0.00797977
231 0.849162 0.724011 0.0090719
232 0.849162 0.722774 0.0133729
233 0.849162 0.735899 0.00858157
234 0.849162 0.724708 0.00997257
235 0.849162 0.73062 0.00941285
236 0.849162 0.726149 0.0115646
237 0.849162 0.736295 0.00916515
238 0.849162 0.739096 0.00782279
239 0.849162 0.739045 0.00794719
240 0.849162 0.72602 0.0086315
241 0.849162 0.730496 0.0094031
242 0.849162 0.731719 0.00936956
243 0.849162 0.74556 0.00570283
244 0.849162 0.737963 0.00680762
245 0.849162 0.740505 0.00669609
246 0.849162 0.752314 0.00667446
247 0.849162 0.741314 0.00834591
248 0.849162 0.732805 0.00917009
249 0.849162 0.739852 0.00786664
250 0.849162 0.726359 0.0103263
251 0.849162 0.721877 0.0104392
252 0.849162 0.711584 0.010187
253 0.849162 0.710837 0.00826767
254 0.849162 0.71162 0.00952565
255 0.849162 0.71406 0.00943077
256 0.849162 0.70304 0.0113433
257 0.849162 0.695247 0.0130193
258 0.849162 0.705099 0.0129142
259 0.849162 0.694757 0.0114511
260 0.849798 0.706343 0.0117425
261 0.849798 0.704839 0.0143243
262 0.849798 0.728943 0.0100938
263 0.849798 0.727318 0.0101787
264 0.849798 0.7228 0.0112443
265 0.849798 0.722514 0.00995822
266 0.849798 0.710405 0.0127523
267 0.849798 0.720612 0.0103453
268 0.849798 0.715079 0.0143527
269 0.849798 0.723304 0.0143474
270 0.849798 0.717992 0.0149663
271 0.849798 0.714435 0.0128995
272 0.849798 0.732274 0.0104845
273 0.849798 0.723492 0.010966
274 0.849798 0.73716 0.0101201
275 0.849798 0.730204 0.00962313
276 0.849798 0.730269 0.00964085
277 0.849798 0.730463 0.00792963
278 0.849798 0.728317 0.00712758
279 0.849798 0.724507 0.00983335
280 0.849798 0.720391 0.0104473
281 0.849798 0.723275 0.00848859
282 0.849798 0.71651 0.0111627
283 0.849798 0.725445 0.0114248
284 0.849798 0.732958 0.0119476
285 0.849798 0.724603 0.0112538
286 0.849927 0.723449 0.0116295
287 0.849927 0.717875 0.014081
288 0.849927 0.733935 0.01165
289 0.849927 0.728062 0.0113773
290 0.849927 0.707672 0.0122979
291 0.849927 0.715962 0.00923751
292 0.854883 0.724346 0.00978638
293 0.854883 0.720826 0.0103992
294 0.854883 0.705077 0.0124709
295 0.854883 0.709653 0.0109494
296 0.854883 0.716489 0.0112944
297 0.854883 0.713828 0.0119199
298 0.854883 0.714376 0.0123549
299 0.854883 0.718501 0.010937
300 0.854883 0.701655 0.0145537
301 0.854883 0.70398 0.0152201
302 0.854883 0.69961 0.0153196
303 0.854883 0.700985 0.0125332
304 0.854883 0.702372 0.0125223
305 0.854883 0.693932 0.0127228
306 0.854883 0.704616 0.011422
307 0.854883 0.708183 0.0121615
308 0.854883 0.706826 0.019342
309 0.854883 0.708233 0.0154679
310 0.854883 0.702415 0.0142021
311 0.854883 0.703724 0.0144146
312 0.854883 0.721873 0.0076601
313 0.854883 0.717033 0.00929386
314 0.854883 0.712489 0.0107008
315 0.854883 0.701943 0.0123694
316 0.854883 0.704573 0.0121061
317 0.854883 0.708414 0.0112573
318 0.854883 0.691213 0.0148121
319 0.854883 0.689179 0.0124121
320 0.854883 0.700257 0.0109238
321 0.854883 0.702012 0.0118289
322 0.854883 0.705855 0.0109863
323 0.854883 0.703781 0.0117734
324 0.854883 0.740391 0.00861703
325 0.854883 0.722761 0.0117032
326 0.854883 0.719236 0.0151957
327 0.854883 0.705862 0.0132379
328 0.854883 0.718343 0.0109883
329 0.854883 0.724777 0.0103146
330 0.854883 0.727448 0.00800579
331 0.854883 0.715714 0.0106172
332 0.854883 0.732695 0.0105983
333 0.854883 0.73356 0.0106963
334 0.854883 0.737867 0.00955419
335 0.854883 0.728879 0.00902173
336 0.854883 0.720952 0.00993976
337 0.854883 0.722873 0.0152908
338 0.854883 0.721017 0.0123211
339 0.854883 0.707953 0.0121082
340 0.854883 0.694749 0.0134163
341 0.854883 0.706567 0.01653
342 0.854883 0.708718 0.014403
343 0.854883 0.70152 0.0171024
344 0.854883 0.71532 0.0157815
345 0.854883 0.710199 0.014524
346 0.854883 0.727143 0.0100035
347 0.854883 0.719076 0.0121986
348 0.854883 0.710562 0.0126832
349 0.854883 0.705063 0.0155996
350 0.854883 0.713533 0.0121459
351 0.854883 0.700595 0.0143645
352 0.854883 0.689488 0.0149049
353 0.854883 0.705202 0.0144833
354 0.854883 0.709971 0.0150878
355 0.854883 0.69364 0.0138678
356 0.854883 0.685811 0.0170324
357 0.854883 0.680558 0.0148481
358 0.854883 0.684183 0.0160893
359 0.854883 0.688469 0.015441
360 0.854883 0.697438 0.0149674
361 0.854883 0.702953 0.0126904
362 0.854883 0.699541 0.0128874
363 0.854883 0.710034 0.0132402
364 0.854883 0.722214 0.0111889
365 0.854883 0.722405 0.0127969
366 0.854883 0.710999 0.0126964
367 0.854883 0.710789 0.0125954
368 0.854883 0.714016 0.0104629
369 0.854883 0.712372 0.0134236
370 0.854883 0.705041 0.0142043
371 0.854883 0.709406 0.0127719
372 0.854883 0.693668 0.0122412
373 0.854883 0.700781 0.0107091
374 0.854883 0.700216 0.0111466
375 0.854883 0.709125 0.0106549
376 0.854883 0.69651 0.0129869
377 0.854883 0.708928 0.0106076
378 0.854883 0.70812 0.0123191
379 0.854883 0.702235 0.0122763
380 0.854883 0.703842 0.0134941
381 0.854883 0.718411 0.011098
382 0.854883 0.695222 0.0121757
383 0.854883 0.702336 0.011335
384 0.854883 0.711385 0.009028
385 0.854883 0.713885 0.00893673
386 0.854883 0.706469 0.0130718
387 0.854883 0.710145 0.0128511
388 0.854883 0.70719 0.0131259
389 0.854883 0.693695 0.0115192
390 0.854883 0.693073 0.0156186
391 0.854883 0.686141 0.0162193
392 0.854883 0.692339 0.014323
393 0.854883 0.688092 0.0150048
394 0.854883 0.706545 0.0116571
395 0.854883 0.697193 0.0137727
396 0.854883 0.697003 0.0123084
397 0.854883 0.708608 0.0103294
398 0.854883 0.68896 0.0152015
399 0.854883 0.704852 0.0110535
400 0.854883 0.701868 0.0132444
401 0.854883 0.72154 0.0118049
402 0.854883 0.70341 0.0162095
403 0.854883 0.696816 0.0188027
404 0.854883 0.711277 0.015264
405 0.854883 0.716048 0.0142441
406 0.854883 0.697824 0.0137763
407 0.854883 0.703698 0.0105988
408 0.854883 0.702299 0.0118019
409 0.854883 0.702419 0.0112697
410 0.854883 0.711129 0.0109453
411 0.854883 0.698769 0.0122446
412 0.854883 0.685612 0.0137535
413 0.854883 0.690017 0.0155436
414 0.854883 0.678324 0.0162456
415 0.854883 0.692078 0.0161247
416 0.854883 0.693189 0.013274
417 0.854883 0.684682 0.0148264
418 0.854883 0.701257 0.0140774
419 0.854883 0.696496 0.0159923
420 0.854883 0.702725 0.0136612
421 0.854883 0.703001 0.0143769
422 0.854883 0.706849 0.0131849
423 0.854883 0.701455 0.0138772
424 0.854883 0.717045 0.0101182
425 0.854883 0.710371 0.00976601
426 0.854883 0.717449 0.0120893
427 0.854883 0.742428 0.00584359
428 0.854883 0.72877 0.0103077
429 0.854883 0.721482 0.0108107
430 0.854883 0.711775 0.0110425
431 0.854883 0.720492 0.0104721
432 0.854883 0.712232 0.00985576
433 0.854883 0.71193 0.011233
434 0.854883 0.702394 0.0084107
435 0.854883 0.704669 0.0107491
436 0.854883 0.694185 0.0131131
437 0.854883 0.71077 0.0125641
438 0.854883 0.703274 0.0110784
439 0.854883 0.697316 0.0134332
440 0.854883 0.70029 0.012648
441 0.854883 0.702363 0.0151842
442 0.854883 0.703458 0.014973
443 0.854883 0.68689 0.0148182
444 0.854883 0.701454 0.0130933
445 0.854883 0.706274 0.0122713
446 0.854883 0.715935 0.00944409
447 0.854883 0.709352 0.00820218
448 0.854883 0.707978 0.00954807
449 0.854883 0.714302 0.0112456
450 0.854883 0.701792 0.0157295
451 0.854883 0.708487 0.0135094
452 0.854883 0.696495 0.0153631
453 0.854883 0.683421 0.0151279
454 0.854883 0.693132 0.0132474
455 0.854883 0.713367 0.00908336
456 0.855996 0.70866 0.0113313
457 0.855996 0.705873 0.0134198
458 0.855996 0.708173 0.0143114
459 0.855996 0.715371 0.0103824
460 0.855996 0.704884 0.0117509
461 0.855996 0.712201 0.0102389
462 0.855996 0.720286 0.011014
463 0.855996 0.705773 0.0123617
464 0.855996 0.72229 0.0118394
465 0.855996 0.720429 0.0108662
466 0.855996 0.720142 0.0129984
467 0.855996 0.717457 0.0119122
468 0.855996 0.711955 0.0116994
469 0.855996 0.708948 0.0102228
470 0.855996 0.703332 0.01021
471 0.855996 0.71723 0.00907933
472 0.855996 0.704481 0.0107812
473 0.855996 0.697076 0.012235
474 0.855996 0.704451 0.00951507
475 0.855996 0.704565 0.0098315
476 0.855996 0.702639 0.0109514
477 0.855996 0.701012 0.0114743
478 0.855996 0.691199 0.0128821
479 0.855996 0.691987 0.016905
480 0.861155 0.705673 0.012841
481 0.861155 0.686605 0.0156648
482 0.861155 0.689334 0.0145667
483 0.861155 0.715313 0.0127397
484 0.861155 0.709867 0.0109847
485 0.861155 0.712186 0.0139592
486 0.861155 0.71437 0.0119282
487 0.861155 0.708468 0.0122122
488 0.861155 0.697934 0.0138275
489 0.861155 0.697207 0.013216
490 0.861155 0.688229 0.015957
491 0.861155 0.682344 0.0133243
492 0.861155 0.683129 0.0131115
493 0.861155 0.692273 0.0142824
494 0.861155 0.691202 0.0137769
495 0.861155 0.694711 0.0145903
496 0.861155 0.69546 0.0132375
497 0.861155 0.679144 0.0141656
498 0.861155 0.691882 0.0136398
499 0.861155 0.706669 0.00989283
500 0.861155 0.70579 0.0114683
501 0.861155 0.700937 0.0139526
502 0.861155 0.693636 0.0123038
503 0.861155 0.660366 0.0156241
504 0.861155 0.651107 0.0185711
505 0.861155 0.683471 0.0174807
506 0.861155 0.700077 0.0141534
507 0.861155 0.680431 0.0152111
508 0.861155 0.693792 0.0142381
509 0.861155 0.703084 0.0156422
510 0.861155 0.697006 0.0180231
511 0.861155 0.695052 0.018824
512 0.861155 0.693277 0.0181848
513 0.861155 0.691531 0.016108
514 0.861155 0.714503 0.0119188
515 0.861155 0.699072 0.0134539
516 0.861155 0.692301 0.0123172
517 0.861155 0.699714 0.0148606
518 0.861155 0.68244 0.012497
519 0.861155 0.685449 0.0127845
520 0.861155 0.699941 0.012516
521 0.861155 0.692631 0.0127163
522 0.861155 0.692734 0.0144231
523 0.861155 0.673126 0.0163153
524 0.861155 0.685913 0.0147331
525 0.861155 0.688191 0.0162989
526 0.861155 0.703263 0.013776
527 0.861155 0.698604 0.0139967
528 0.861155 0.686082 0.0159575
529 0.861155 0.68204 0.0172859
530 0.861155 0.677012 0.0158299
531 0.861155 0.673617 0.0184583
532 0.861155 0.662689 0.0195687
533 0.861155 0.670197 0.0174489
534 0.861155 0.670293 0.0198829
535 0.861155 0.676312 0.0223922
536 0.861155 0.718901 0.0136203
537 0.861155 0.711094 0.0128176
538 0.861155 0.702558 0.0137055
539 0.861155 0.697981 0.013176
540 0.861155 0.709863 0.0126048
541 0.861155 0.709136 0.0112755
542 0.861155 0.70283 0.0113728
543 0.861155 0.700498 0.0124824
544 0.861155 0.687321 0.0158672
545 0.861155 0.692629 0.0149669
546 0.861155 0.702303 0.015539
547 0.861155 0.717499 0.0113661
548 0.861155 0.695108 0.0160339
549 0.861155 0.69939 0.0134679
550 0.861155 0.710268 0.01159
551 0.861155 0.706241 0.0146441
552 0.861155 0.702134 0.0163969
553 0.861427 0.709068 0.0175679
554 0.861427 0.682989 0.0191715
555 0.862121 0.661709 0.0203225
556 0.862121 0.665845 0.0206362
557 0.862121 0.68283 0.0213149
558 0.862121 0.675555 0.0232812
559 0.862121 0.659101 0.026434
560 0.862121 0.657502 0.0227573
561 0.862121 0.662692 0.0221221
562 0.862121 0.677718 0.0181497
563 0.864809 0.674309 0.0199661
564 0.864809 0.692638 0.0196199
565 0.864809 0.68453 0.0168757
566 0.864809 0.684662 0.0180161
567 0.864809 0.684549 0.020862
568 0.864809 0.682214 0.0196237
569 0.864809 0.676872 0.019159
570 0.864809 0.67294 0.0209334
571 0.864809 0.672109 0.0186012
572 0.864809 0.682498 0.0167371
573 0.864809 0.659398 0.0213782
574 0.864809 0.68269 0.0181211
575 0.864809 0.677167 0.0176951
576 0.864809 0.682724 0.0170914
577 0.864809 0.701534 0.0162498
578 0.864809 0.709627 0.0172264
579 0.864809 0.698779 0.0178136
580 0.864809 0.689384 0.0211103
581 0.864809 0.720615 0.0150892
582 0.864809 0.711008 0.0174146
583 0.867462 0.697202 0.020673
584 0.867462 0.694256 0.0225531
585 0.867462 0.701075 0.0247149
586 0.867462 0.717155 0.0207573
587 0.876752 0.706478 0.0231523
588 0.876752 0.706654 0.0196536
589 0.876752 0.709091 0.0202148
590 0.876752 0.717105 0.019325
591 0.876752 0.713528 0.0186617
592 0.876752 0.703269 0.0206641
593 0.876752 0.694723 0.0237169
594 0.876752 0.693879 0.0215667
595 0.876752 0.704953 0.0216215
596 0.876752 0.708061 0.0222228
597 0.876752 0.724786 0.0177241
598 0.876752 0.707617 0.0220698
599 0.876752 0.735563 0.0146289
600 0.876752 0.720571 0.0138806
601 0.876752 0.707586 0.0190618
602 0.876752 0.691604 0.0197037
603 0.876752 0.713121 0.0178068
604 0.876752 0.698984 0.0191253
605 0.876752 0.714683 0.0274163
606 0.876752 0.694892 0.0246356
607 0.876752 0.692594 0.02051
608 0.876752 0.71319 0.0179177
609 0.878663 0.736205 0.0145518
610 0.878663 0.735427 0.0153824
611 0.878663 0.747531 0.0117382
612 0.878663 0.714383 0.0157617
613 0.878663 0.707733 0.0190566
614 0.878663 0.704295 0.0183236
615 0.878663 0.685597 0.0217909
616 0.878663 0.702839 0.0225509
617 0.881956 0.697584 0.0203059
618 0.881956 0.68825 0.0244359
619 0.881956 0.67394 0.0276591
620 0.881956 0.685408 0.0245736
621 0.881956 0.696895 0.0255449
622 0.881956 0.683003 0.0279655
623 0.881956 0.67275 0.027579
624 0.88524 0.647021 0.0298073
625 0.88524 0.654637 0.0270565
626 0.88524 0.670799 0.025338
627 0.888719 0.642376 0.0328142
628 0.888719 0.651819 0.0367618
629 0.888719 0.633927 0.0379719
630 0.888719 0.613235 0.0368461
631 0.888719 0.621347 0.0414641
632 0.888719 0.660077 0.0357335
633 0.888719 0.627074 0.0399727
634 0.888719 0.637288 0.0338155
635 0.888719 0.649684 0.0327404
636 0.888719 0.667637 0.0271967
637 0.889335 0.665135 0.0331414
638 0.889335 0.670317 0.036276
639 0.889335 0.645229 0.032727
640 0.889335 0.636809 0.034362
641 0.889335 0.646549 0.0311995
642 0.889335 0.671016 0.0312428
643 0.889335 0.682192 0.0272637
644 0.889335 0.695522 0.0241224
645 0.889335 0.68527 0.0264446
646 0.889335 0.701256 0.0234155
647 0.891301 0.702781 0.0257086
648 0.891301 0.726869 0.016959
649 0.891301 0.71564 0.0276405
650 0.891301 0.714998 0.0238016
651 0.891301 0.720475 0.0279051
652 0.891301 0.707859 0.0240521
653 0.891301 0.688348 0.0280588
654 0.891301 0.701825 0.0308822
655 0.891301 0.715563 0.0273936
656 0.891301 0.720865 0.0272634
657 0.891301 0.712738 0.0285094
658 0.891301 0.703398 0.0287904
659 0.891301 0.705035 0.0242526
660 0.891301 0.728129 0.0251542
661 0.891301 0.738963 0.0189927
662 0.891301 0.740406 0.0193584
663 0.895739 0.725775 0.0231521
664 0.895739 0.725928 0.0232995
665 0.895739 0.72863 0.0284422
666 0.895739 0.713847 0.0293086
667 0.895739 0.720755 0.029348
668 0.895739 0.724391 0.027222
669 0.895739 0.716374 0.0294281
670 0.895739 0.712291 0.0280124
671 0.895739 0.721783 0.0247563
672 0.895739 0.743427 0.0197307
673 0.898426 0.72736 0.0231455
674 0.898426 0.733189 0.0215857
675 0.898426 0.709997 0.0248386
676 0.898426 0.701171 0.0268978
677 0.898426 0.714429 0.0206171
678 0.898426 0.723064 0.0243995
679 0.898655 0.702591 0.0277886
680 0.898655 0.686606 0.0339062
681 0.898655 0.686913 0.0325739
682 0.898677 0.665838 0.0340772
683 0.90071 0.691189 0.0337796
684 0.90071 0.676553 0.0347859
685 0.90071 0.691498 0.0346075
686 0.90071 0.704951 0.0295474
687 0.90071 0.70365 0.0294208
688 0.90173 0.711226 0.0222611
689 0.90173 0.701417 0.0242605
690 0.905607 0.701189 0.0247251
691 0.905607 0.676697 0.030171
692 0.905607 0.668867 0.0338911
693 0.905607 0.663771 0.0351602
694 0.905607 0.647666 0.0356383
695 0.905607 0.652076 0.040196
696 0.905607 0.658938 0.039359
697 0.905607 0.67928 0.0341943
698 0.905607 0.680232 0.0363419
699 0.905607 0.668317 0.0415936
700 0.905607 0.671225 0.0305869
701 0.905607 0.655596 0.0395577
702 0.905607 0.690047 0.0283803
703 0.905607 0.704571 0.0275253
704 0.905607 0.70211 0.0322803
705 0.905607 0.70157 0.0328826
706 0.905607 0.674983 0.033264
707 0.905607 0.663018 0.0357885
708 0.905607 0.667798 0.0339689
709 0.905607 0.651271 0.0382202
710 0.905607 0.66051 0.0374697
711 0.905607 0.671152 0.0349804
712 0.905607 0.642671 0.0359725
713 0.905607 0.672185 0.0325392
714 0.905607 0.663311 0.036942
715 0.905607 0.648546 0.0369192
716 0.905607 0.642023 0.0374609
717 0.905607 0.682211 0.0321421
718 0.905607 0.692466 0.0330081
719 0.905607 0.702202 0.0239462
720 0.905607 0.691136 0.0276125
721 0.905607 0.659061 0.0308483
722 0.905607 0.662765 0.0289177
723 0.905607 0.671419 0.0304041
724 0.905607 0.662784 0.0312064
725 0.905607 0.635363 0.0379037
726 0.905607 0.639702 0.0336429
727 0.905607 0.663943 0.0337671
728 0.905607 0.661805 0.0337383
729 0.905607 0.65877 0.0293623
730 0.905607 0.659292 0.0334694
731 0.905607 0.684425 0.0326466
732 0.905607 0.687751 0.0335375
733 0.905607 0.688532 0.033772
734 0.905607 0.679134 0.039539
735 0.905607 0.675184 0.0374708
736 0.905607 0.652984 0.0439564
737 0.905607 0.651809 0.0449237
738 0.905607 0.642522 0.0423285
739 0.905607 0.64681 0.043078
740 0.905607 0.621699 0.0393974
741 0.905607 0.625048 0.0519426
742 0.909101 0.635052 0.0442077
743 0.909101 0.645044 0.0348646
744 0.909101 0.672732 0.0335834
745 0.909101 0.664446 0.0357858
746 0.909101 0.65493 0.0387754
747 0.909101 0.663021 0.0328516
748 0.909101 0.650133 0.0438635
749 0.909101 0.66545 0.0431611
750 0.909101 0.655913 0.0336003
751 0.909101 0.649149 0.0312871
752 0.909101 0.68362 0.0311015
753 0.909101 0.655642 0.0378166
754 0.909101 0.651543 0.0330005
755 0.909101 0.661745 0.0334396
756 0.915566 0.648462 0.0347506
757 0.915566 0.634961 0.0358954
758 0.915566 0.659847 0.0275324
759 0.915566 0.657357 0.0327235
760 0.915566 0.666819 0.0308877
761 0.917897 0.666319 0.0338345
762 0.917897 0.64648 0.0381476
763 0.917897 0.638494 0.0404591
764 0.917897 0.622638 0.0390724
765 0.917897 0.613587 0.0455707
766 0.917897 0.61955 0.0382622
767 0.917897 0.639935 0.039744
768 0.918633 0.652911 0.0352769
769 0.918633 0.639365 0.040421
770 0.918633 0.643309 0.0410872
771 0.918633 0.643319 0.0391775
772 0.918633 0.647219 0.042297
773 0.918633 0.648076 0.0350781
774 0.918633 0.645615 0.0280698
775 0.918633 0.635478 0.0350248
776 0.918633 0.624543 0.0385473
777 0.918633 0.656111 0.0291585
778 0.918633 0.63053 0.0438439
779 0.918633 0.636138 0.0332023
780 0.918633 0.663813 0.0345055
781 0.918633 0.662619 0.0358833
782 0.918633 0.654013 0.0397985
783 0.918633 0.664377 0.0380022
784 0.925896 0.645382 0.039928
785 0.925896 0.661907 0.0399747
786 0.925896 0.641528 0.0419322
787 0.925896 0.656264 0.036363
788 0.925896 0.645409 0.0374121
789 0.925896 0.646682 0.0380999
790 0.925896 0.649008 0.0342296
791 0.925896 0.660258 0.03512
792 0.925896 0.689251 0.0273894
793 0.925896 0.698567 0.0278697
794 0.925896 0.656929 0.0330602
795 0.925896 0.662975 0.0332056
796 0.925896 0.658662 0.0340119
797 0.925896 0.651406 0.0393518
798 0.925896 0.647561 0.0344838
799 0.925896 0.669749 0.0322156
800 0.926795 0.682074 0.028496
801 0.926993 0.673756 0.0320017
802 0.926993 0.661114 0.0364691
803 0.926993 0.663479 0.0376536
804 0.926993 0.664637 0.0373269
805 0.926993 0.662293 0.0341794
806 0.926993 0.66828 0.0392389
807 0.926993 0.661255 0.0485984
808 0.926993 0.661775 0.0407739
809 0.926993 0.663094 0.0443488
810 0.926993 0.655462 0.0478756
811 0.926993 0.650614 0.0467286
812 0.927376 0.659294 0.0414614
813 0.927376 0.670465 0.0379312
814 0.927768 0.665866 0.0371685
815 0.927768 0.645836 0.0452768
816 0.927768 0.66152 0.0413472
817 0.928161 0.65361 0.0429413
818 0.928161 0.659435 0.0416472
819 0.928161 0.670667 0.0408029
820 0.928161 0.663124 0.0361633
821 0.928161 0.659784 0.0362476
822 0.928161 0.677034 0.0345522
823 0.928161 0.68217 0.0326352
824 0.928161 0.698068 0.0292622
825 0.928161 0.703585 0.0364388
826 0.928161 0.718399 0.0303253
827 0.928161 0.690655 0.0345568
828 0.928161 0.687851 0.0312978
829 0.928161 0.699604 0.0315393
830 0.928161 0.68411 0.034675
831 0.928161 0.695312 0.0308829
832 0.928161 0.689528 0.0306472
833 0.928161 0.695406 0.0310762
834 0.928161 0.693759 0.0281583
835 0.928161 0.685729 0.0306931
836 0.928161 0.691777 0.0301558
837 0.928161 0.695724 0.0274335
838 0.928161 0.701588 0.0271257
839 0.928161 0.698636 0.0265148
840 0.928161 0.699402 0.030342
841 0.928161 0.706271 0.0334587
842 0.928161 0.718964 0.0302916
843 0.928161 0.724132 0.0283646
844 0.928161 0.720979 0.027506
845 0.928161 0.683646 0.02831
846 0.928161 0.691962 0.0333666
847 0.928161 0.688175 0.035617
848 0.928161 0.668469 0.0350595
849 0.928161 0.681174 0.0292623
850 0.928161 0.718075 0.022798
851 0.928161 0.697294 0.0280938
852 0.928161 0.699239 0.0305485
853 0.928161 0.697781 0.0278283
854 0.928161 0.710113 0.0278964
855 0.928161 0.693885 0.0302638
856 0.928161 0.682283 0.0322355
857 0.928161 0.686621 0.0296662
858 0.928161 0.660441 0.0370245
859 0.928161 0.684683 0.0349699
860 0.928161 0.696142 0.0317231
861 0.928161 0.684894 0.0326799
862 0.928161 0.684547 0.0367421
863 0.928161 0.697265 0.0337615
864 0.928161 0.701771 0.0322099
865 0.928161 0.693367 0.0295913
866 0.928161 0.716076 0.02883
867 0.928161 0.711285 0.0307527
868 0.928161 0.668462 0.0311587
869 0.928161 0.682223 0.0301713
870 0.928161 0.686076 0.034722
871 0.928161 0.655011 0.0391262
872 0.928161 0.651464 0.0415098
873 0.928161 0.660797 0.0363487
874 0.928161 0.664506 0.0335349
875 0.928161 0.691153 0.028017
876 0.928161 0.682271 0.0393742
877 0.928161 0.670342 0.0413497
878 0.928161 0.694355 0.0308431
879 0.928161 0.713013 0.0300186
880 0.928161 0.696891 0.033774
881 0.928161 0.704455 0.0292532
882 0.928161 0.716924 0.0240775
883 0.928161 0.704951 0.0313032
884 0.929021 0.713956 0.0276138
885 0.929021 0.702391 0.0343697
886 0.929021 0.710236 0.0369015
887 0.929021 0.710942 0.0343886
888 0.929021 0.704057 0.0325923
889 0.929021 0.706406 0.0256089
890 0.929021 0.696893 0.0326357
891 0.929021 0.693931 0.0346307
892 0.929021 0.688287 0.0342114
893 0.929021 0.720941 0.0246606
894 0.929021 0.708638 0.0271681
895 0.929021 0.713733 0.0307397
896 0.929021 0.726745 0.0242799
897 0.929021 0.713016 0.0278388
898 0.929021 0.708999 0.0306563
899 0.929021 0.70876 0.029507
900 0.929021 0.708612 0.0291904
901 0.929021 0.702987 0.0315318
902 0.929021 0.698573 0.0279942
903 0.929021 0.700044 0.0273414
904 0.929021 0.702013 0.0291016
905 0.929021 0.701743 0.0326689
906 0.929021 0.685103 0.039969
907 0.929021 0.678398 0.0405928
908 0.929021 0.686255 0.0373969
909 0.929021 0.685034 0.0329815
910 0.929021 0.67044 0.0430356
911 0.929021 0.671061 0.0428149
912 0.929021 0.666118 0.0437892
913 0.929021 0.685653 0.0354729
914 0.929021 0.691599 0.0392093
915 0.929021 0.669295 0.0385359
916 0.929021 0.688289 0.0351845
917 0.929021 0.681863 0.0401328
918 0.929021 0.683549 0.0372723
919 0.929021 0.688004 0.0376566
920 0.929021 0.678213 0.0388411
921 0.929021 0.655163 0.0403769
922 0.929021 0.653032 0.0412208
923 0.929021 0.672104 0.0432269
924 0.929021 0.684837 0.0443456
925 0.929021 0.655623 0.0470909
926 0.929021 0.655809 0.0548321
927 0.929021 0.648811 0.0487979
928 0.929021 0.677963 0.0426336
929 0.929021 0.677354 0.0379654
930 0.929021 0.70192 0.0365119
931 0.929021 0.723546 0.0376673
932 0.929021 0.726291 0.035004
933 0.929021 0.698001 0.038563
934 0.929021 0.683208 0.0456328
935 0.929021 0.704343 0.0417783
936 0.929021 0.712149 0.0382271
937 0.929021 0.707802 0.0376156
938 0.929021 0.726936 0.028272
939 0.929021 0.736882 0.0253981
940 0.929021 0.707453 0.0271301
941 0.929021 0.687732 0.0329471
942 0.929021 0.70831 0.0259672
943 0.929021 0.683043 0.0328219
944 0.929021 0.683839 0.0285147
945 0.929021 0.677454 0.0285127
946 0.929021 0.690872 0.0284417
947 0.929021 0.680787 0.0355751
948 0.929021 0.691264 0.0386149
949 0.929021 0.685203 0.0400389
950 0.929021 0.698052 0.0359368
951 0.929021 0.69948 0.0358884
952 0.929021 0.689263 0.03301
953 0.929021 0.686703 0.041647
954 0.929021 0.69971 0.0371619
955 0.929021 0.668182 0.0428722
956 0.929021 0.668278 0.0414323
957 0.929021 0.662535 0.0413004
958 0.929021 0.663194 0.0437471
959 0.929021 0.690375 0.0381048
960 0.929021 0.662802 0.0464162
961 0.929021 0.674091 0.0431327
962 0.929021 0.6794 0.038082
963 0.929021 0.67554 0.0400709
964 0.929021 0.686103 0.04226
965 0.929021 0.696603 0.039525
966 0.929021 0.697337 0.0434603
967 0.929021 0.694236 0.0321664
968 0.929021 0.68321 0.0330079
969 0.929021 0.707807 0.0290931
970 0.929021 0.70158 0.0367101
971 0.929021 0.67501 0.0384317
972 0.929021 0.68503 0.0337786
973 0.929021 0.714264 0.0289442
974 0.929021 0.701938 0.0342097
975 0.929021 0.712211 0.0320378
976 0.929021 0.693605 0.0285039
977 0.929021 0.707319 0.0269742
978 0.929021 0.719442 0.0300611
979 0.929021 0.723832 0.0293665
980 0.929021 0.698679 0.0375248
981 0.929021 0.68989 0.0345564
982 0.929021 0.686553 0.034809
983 0.929021 0.679833 0.0397272
984 0.929021 0.647048 0.0432921
985 0.929021 0.65402 0.0404246
986 0.929021 0.661017 0.0397774
987 0.929021 0.653165 0.0405092
988 0.929021 0.675639 0.0376171
989 0.929021 0.685661 0.0334403
990 0.929021 0.663707 0.0397176
991 0.929021 0.695689 0.0351432
992 0.929021 0.689081 0.0323632
993 0.929021 0.6803 0.0337842
994 0.929021 0.691692 0.0373491
995 0.929021 0.688844 0.0366636
996 0.929021 0.690938 0.0302352
997 0.929021 0.677647 0.0303415
998 0.929021 0.655591 0.0386917
999 0.929021 0.661392 0.0483814
1000 0.929021 0.649508 0.0426694
