0 0.381159 0.252034 0.000327967
1 0.381159 0.254504 0.000344926
2 0.381159 0.257377 0.00057584
3 0.381159 0.257742 0.000614556
4 0.381337 0.260009 0.000910848
5 0.381337 0.262479 0.00121978
6 0.390004 0.264124 0.00180145
7 0.425245 0.272747 0.00240103
8 0.443547 0.279639 0.0033056
9 0.458646 0.281192 0.00396578
10 0.458646 0.286902 0.00564525
11 0.458646 0.283937 0.00600508
12 0.459066 0.295601 0.006273
13 0.497133 0.299625 0.00689694
14 0.497133 0.309699 0.00855481
15 0.497133 0.300821 0.00853117
16 0.497133 0.301056 0.0074726
17 0.624806 0.31414 0.00972222
18 0.638602 0.318652 0.0117705
19 0.638602 0.312633 0.0112499
20 0.638602 0.308674 0.0126052
21 0.638602 0.312072 0.0136615
22 0.639459 0.309888 0.0143154
23 0.639459 0.323617 0.0163354
24 0.639459 0.335036 0.0184326
25 0.698445 0.352539 0.0212902
26 0.698445 0.363138 0.0249382
27 0.751295 0.362755 0.0271089
28 0.751295 0.374622 0.0275521
29 0.751295 0.379086 0.0296724
30 0.76356 0.400432 0.0334792
31 0.76356 0.399341 0.0337053
32 0.76356 0.417774 0.0341147
33 0.764522 0.431293 0.035852
34 0.766051 0.434348 0.0342019
35 0.766051 0.460679 0.0369603
36 0.766051 0.494787 0.0337071
37 0.766051 0.493744 0.0330542
38 0.7687 0.495909 0.0355586
39 0.77538 0.512423 0.0348729
40 0.77538 0.506974 0.0363772
41 0.787075 0.542784 0.0343653
42 0.787075 0.533557 0.0370863
43 0.787075 0.535799 0.0329228
44 0.787075 0.544962 0.0337537
45 0.787075 0.545152 0.0294129
46 0.787075 0.576501 0.025134
47 0.795047 0.597462 0.0192362
48 0.795047 0.589398 0.0186019
49 0.795047 0.608899 0.0203971
50 0.795047 0.626697 0.0175721
51 0.795047 0.625691 0.0144682
52 0.795047 0.614165 0.0162315
53 0.795047 0.617316 0.0147767
54 0.795047 0.625233 0.0169438
55 0.795047 0.624959 0.0166104
56 0.795047 0.633126 0.0137961
57 0.795047 0.617596 0.0135029
58 0.795047 0.597783 0.0172939
59 0.795047 0.61504 0.0163008
60 0.795047 0.609395 0.0199545
61 0.795047 0.627328 0.0157017
62 0.795047 0.603214 0.0189952
63 0.795047 0.612231 0.0155414
64 0.795047 0.611298 0.0168961
65 0.795047 0.599336 0.0166854
66 0.795047 0.61641 0.0175758
67 0.795047 0.621392 0.016759
68 0.795047 0.625252 0.0193419
69 0.799769 0.624156 0.0185863
70 0.799769 0.615662 0.0178456
71 0.799769 0.596607 0.0180577
72 0.799769 0.624975 0.0168756
73 0.799769 0.629028 0.0160395
74 0.799769 0.62702 0.0165271
75 0.799769 0.623332 0.0179968
76 0.799769 0.633301 0.0168907
77 0.799769 0.622553 0.0169126
78 0.799769 0.597384 0.0173322
79 0.799769 0.599193 0.0189473
80 0.799769 0.598849 0.0221779
81 0.799769 0.606217 0.0197696
82 0.799769 0.612113 0.0204679
83 0.799769 0.61919 0.0182435
84 0.799769 0.633949 0.0162332
85 0.799769 0.633829 0.0144561
86 0.799769 0.636062 0.0154072
87 0.799769 0.628894 0.0188115
88 0.799769 0.641363 0.0128328
89 0.799769 0.627562 0.0148026
90 0.799769 0.628701 0.0162743
91 0.799769 0.625071 0.0158422
92 0.799769 0.609503 0.0161517
93 0.799769 0.601882 0.0191241
94 0.799769 0.606417 0.0194183
95 0.799769 0.624565 0.0179862
96 0.799769 0.626594 0.016875
97 0.799769 0.616653 0.0166325
98 0.801442 0.604978 0.0207797
99 0.801442 0.583042 0.0212921
100 0.801442 0.595121 0.0215502
101 0.801442 0.602112 0.0168964
102 0.801442 0.608695 0.0178785
103 0.801442 0.606815 0.0203745
104 0.801442 0.602876 0.0220879
105 0.801442 0.582877 0.0266585
106 0.801442 0.589075 0.0252725
107 0.801442 0.587644 0.0237969
108 0.801442 0.605305 0.0216198
109 0.801442 0.596912 0.0242483
110 0.801442 0.595313 0.0224269
111 0.801442 0.598514 0.020841
112 0.801442 0.611115 0.0252886
113 0.801442 0.608212 0.0224696
114 0.801442 0.60016 0.024053
115 0.801442 0.617656 0.0197435
116 0.801442 0.609812 0.0228578
117 0.801442 0.615039 0.0202172
118 0.801442 0.608404 0.0213294
119 0.801442 0.617056 0.0209347
120 0.801442 0.620259 0.0201281
121 0.801442 0.630299 0.021072
122 0.801442 0.62353 0.0185006
123 0.801442 0.632108 0.017542
124 0.801442 0.629798 0.0173964
125 0.801442 0.629298 0.0193326
126 0.801442 0.607532 0.021249
127 0.801442 0.622042 0.0211563
128 0.804728 0.613096 0.0187529
129 0.804728 0.632671 0.016763
130 0.807978 0.630445 0.017454
131 0.807978 0.6256 0.0175146
132 0.807978 0.638918 0.0160818
133 0.808819 0.647044 0.015882
134 0.808819 0.641847 0.0153756
135 0.808819 0.632838 0.0172011
136 0.808819 0.634357 0.0211071
137 0.808819 0.623794 0.0191683
138 0.808819 0.608775 0.0168003
139 0.808819 0.61249 0.01697
140 0.808819 0.624842 0.0200041
141 0.808819 0.633076 0.0177442
142 0.808819 0.61767 0.0209325
143 0.808819 0.600158 0.021647
144 0.808819 0.609914 0.0203454
145 0.808819 0.613707 0.0210898
146 0.808819 0.612159 0.019483
147 0.808819 0.612568 0.0198833
148 0.820632 0.604805 0.0202609
149 0.820632 0.605552 0.0194887
150 0.821004 0.605757 0.0240482
151 0.821004 0.600667 0.0277295
152 0.821004 0.590179 0.0249823
153 0.821004 0.604648 0.0249126
154 0.821004 0.591828 0.0265078
155 0.821004 0.592123 0.0238766
156 0.821004 0.611898 0.0249391
157 0.821004 0.62053 0.0231072
158 0.821555 0.625155 0.0240236
159 0.821555 0.627842 0.0218264
160 0.821555 0.638286 0.0223339
161 0.821555 0.622288 0.0225136
162 0.821555 0.641496 0.0207136
163 0.821555 0.644852 0.0233117
164 0.821555 0.629648 0.0227429
165 0.821555 0.63476 0.0252652
166 0.824004 0.632017 0.0238459
167 0.824004 0.630797 0.0269595
168 0.824004 0.641155 0.0215525
169 0.824004 0.619347 0.0298394
170 0.824004 0.63761 0.0192823
171 0.824004 0.635114 0.0215924
172 0.824004 0.63869 0.0207527
173 0.824004 0.635656 0.0171313
174 0.824004 0.625996 0.0198879
175 0.824004 0.630548 0.0204529
176 0.824004 0.603471 0.0209809
177 0.824004 0.609565 0.0203368
178 0.824004 0.606125 0.0280665
179 0.824004 0.617986 0.0264989
180 0.824004 0.629311 0.0239771
181 0.824004 0.610157 0.0258014
182 0.824004 0.607312 0.0270786
183 0.824004 0.607086 0.0240089
184 0.824004 0.629424 0.0211326
185 0.824004 0.630017 0.0219063
186 0.824004 0.636001 0.0217978
187 0.824004 0.636768 0.0206353
188 0.824004 0.648471 0.0180592
189 0.824004 0.640474 0.0194455
190 0.824004 0.644557 0.019631
191 0.824004 0.646762 0.0216621
192 0.824004 0.644646 0.0173182
193 0.824004 0.661431 0.018339
194 0.824004 0.656828 0.019369
195 0.824004 0.641759 0.0222757
196 0.824004 0.631551 0.019557
197 0.824004 0.639058 0.0177075
198 0.82531 0.651737 0.0160026
199 0.82531 0.66173 0.0167617
200 0.82531 0.667748 0.016324
201 0.82531 0.673202 0.0152029
202 0.82531 0.658402 0.0132692
203 0.82531 0.65021 0.0179774
204 0.82531 0.649867 0.0221384
205 0.82531 0.651358 0.0217931
206 0.82531 0.638998 0.0236442
207 0.82531 0.657415 0.0173179
208 0.82531 0.658647 0.0188083
209 0.82531 0.667896 0.0180941
210 0.82531 0.662581 0.0141709
211 0.82531 0.649113 0.0157816
212 0.82531 0.658329 0.0171025
213 0.82531 0.656136 0.0161199
214 0.82531 0.643847 0.0155601
215 0.82531 0.665853 0.0122259
216 0.82531 0.651795 0.0159876
217 0.82531 0.66289 0.0166902
218 0.82531 0.656926 0.0192165
219 0.82531 0.648211 0.0186873
220 0.82531 0.639495 0.0204007
221 0.82531 0.658402 0.0167301
222 0.82531 0.654052 0.0160512
223 0.82531 0.644505 0.0185696
224 0.82531 0.669409 0.0135217
225 0.82531 0.656979 0.0181315
226 0.82531 0.659663 0.0189611
227 0.82531 0.65364 0.0194094
228 0.82531 0.652746 0.0195642
229 0.82531 0.667502 0.0152002
230 0.82531 0.672151 0.0181669
231 0.82531 0.662265 0.020023
232 0.82531 0.640141 0.0218542
233 0.82531 0.619744 0.023504
234 0.82531 0.610914 0.0233294
235 0.82531 0.648651 0.0196141
236 0.82531 0.620103 0.0225913
237 0.82531 0.624511 0.0256108
238 0.82531 0.629294 0.0257991
239 0.82531 0.651527 0.0197783
240 0.82531 0.653829 0.0169272
241 0.82531 0.6363 0.0190912
242 0.82531 0.618321 0.0239987
243 0.82531 0.644456 0.0188031
244 0.82531 0.644771 0.0177373
245 0.82531 0.645107 0.0202797
246 0.82531 0.622632 0.0247247
247 0.82531 0.61524 0.023069
248 0.82531 0.642391 0.0210771
249 0.82531 0.641616 0.0205188
250 0.82531 0.635522 0.0168833
251 0.82531 0.612121 0.0232795
252 0.82531 0.6294 0.0222579
253 0.82531 0.59468 0.026157
254 0.82531 0.617306 0.0253084
255 0.82531 0.62288 0.0237722
256 0.82531 0.653154 0.0185718
257 0.825358 0.616782 0.0246185
258 0.825358 0.641523 0.0222635
259 0.825358 0.626874 0.0227907
260 0.825358 0.622145 0.0210147
261 0.825358 0.636963 0.0205029
262 0.825612 0.631187 0.018766
263 0.825612 0.614795 0.0232108
264 0.825612 0.63942 0.018034
265 0.825612 0.649625 0.019912
266 0.825612 0.650971 0.021323
267 0.825612 0.659318 0.0191368
268 0.825612 0.64054 0.0233938
269 0.825612 0.659994 0.0173564
270 0.825612 0.662793 0.0177189
271 0.825612 0.664538 0.0178614
272 0.825612 0.63794 0.0196082
273 0.825612 0.654833 0.0188693
274 0.825612 0.648276 0.0241666
275 0.826453 0.636982 0.0265361
276 0.826453 0.623865 0.0241668
277 0.826453 0.629937 0.0239074
278 0.826453 0.633066 0.0241003
279 0.828043 0.642221 0.0246833
280 0.828043 0.634992 0.0226594
281 0.828043 0.634064 0.0214661
282 0.828043 0.624475 0.025339
283 0.828043 0.648201 0.0195081
284 0.828043 0.646876 0.0202368
285 0.828043 0.639441 0.0207882
286 0.828043 0.626827 0.0250915
287 0.828043 0.592559 0.0277434
288 0.828043 0.580822 0.0334834
289 0.828043 0.599705 0.0327441
290 0.828043 0.630394 0.0268334
291 0.828043 0.633468 0.0235361
292 0.828599 0.631835 0.0230441
293 0.828599 0.650301 0.0177447
294 0.828599 0.646241 0.0176049
295 0.828599 0.637717 0.0224809
296 0.828599 0.645492 0.0198905
297 0.828599 0.643132 0.022282
298 0.828599 0.643324 0.019547
299 0.828599 0.6368 0.0179051
300 0.828599 0.633769 0.0186339
301 0.828599 0.639176 0.0220003
302 0.828599 0.620231 0.0243481
303 0.828599 0.628082 0.0228089
304 0.828599 0.627571 0.0227773
305 0.828599 0.631857 0.0240465
306 0.828599 0.632009 0.0248218
307 0.828599 0.643813 0.0216187
308 0.828599 0.652339 0.017588
309 0.831458 0.641681 0.0219875
310 0.831458 0.642564 0.0208595
311 0.831458 0.63711 0.0225659
312 0.831458 0.609236 0.0237436
313 0.831458 0.618241 0.0222799
314 0.831458 0.645397 0.0239708
315 0.831458 0.620731 0.0248208
316 0.831458 0.615613 0.0254822
317 0.831458 0.599669 0.027436
318 0.831458 0.610762 0.0242104
319 0.831458 0.634742 0.022204
320 0.831458 0.628302 0.0214777
321 0.831458 0.645274 0.0197613
322 0.831458 0.637996 0.0202803
323 0.831458 0.631102 0.0198457
324 0.831458 0.635411 0.0181373
325 0.831458 0.644207 0.020053
326 0.831458 0.638099 0.0189264
327 0.831458 0.64811 0.0202464
328 0.831458 0.643802 0.0208528
329 0.831458 0.62735 0.0237613
330 0.831458 0.629637 0.0234495
331 0.831458 0.636316 0.0231672
332 0.831458 0.646917 0.0212984
333 0.831458 0.649243 0.0165419
334 0.831458 0.647663 0.0218282
335 0.831458 0.628896 0.0259595
336 0.831458 0.628519 0.0259603
337 0.831458 0.625238 0.02463
338 0.831458 0.63522 0.0268763
339 0.831458 0.609894 0.0304733
340 0.831458 0.643608 0.0274059
341 0.831458 0.629205 0.0261004
342 0.831458 0.624 0.0228486
343 0.831458 0.61448 0.0249412
344 0.831458 0.627303 0.027254
345 0.831458 0.615405 0.0286935
346 0.831458 0.624709 0.0286292
347 0.831458 0.61611 0.0277208
348 0.831458 0.629271 0.0242595
349 0.831458 0.612799 0.0271012
350 0.831458 0.612297 0.0284432
351 0.831458 0.640294 0.0235331
352 0.831458 0.629522 0.0242572
353 0.831458 0.601793 0.03014
354 0.833975 0.619071 0.0245721
355 0.833975 0.618399 0.0267232
356 0.833975 0.606527 0.0300719
357 0.833975 0.597984 0.0245471
358 0.833975 0.603291 0.0278953
359 0.833975 0.622689 0.0227713
360 0.833975 0.611162 0.0238672
361 0.833975 0.633929 0.0218544
362 0.833975 0.637957 0.0221403
363 0.833975 0.634087 0.0187454
364 0.833975 0.648975 0.015301
365 0.833975 0.636599 0.0146198
366 0.833975 0.654208 0.0153325
367 0.833975 0.631241 0.0194637
368 0.833975 0.632637 0.0225873
369 0.833975 0.641323 0.0216442
370 0.833975 0.631611 0.0233438
371 0.833975 0.619906 0.0243029
372 0.833975 0.6331 0.0198363
373 0.833975 0.630664 0.0221918
374 0.833975 0.624866 0.0213249
375 0.833975 0.627197 0.0194904
376 0.83479 0.631728 0.0203799
377 0.83479 0.61923 0.022689
378 0.83479 0.625321 0.0243305
379 0.83479 0.615681 0.0255205
380 0.83479 0.600795 0.0272037
381 0.83479 0.623945 0.0212963
382 0.83479 0.635493 0.0203351
383 0.83479 0.651628 0.0201998
384 0.83479 0.652076 0.0192806
385 0.83479 0.659731 0.0189658
386 0.83479 0.666568 0.0180261
387 0.83479 0.645271 0.0213219
388 0.83479 0.64449 0.0216298
389 0.83479 0.629294 0.0230542
390 0.83479 0.655461 0.0206621
391 0.83479 0.634548 0.0224984
392 0.83479 0.632261 0.0206696
393 0.83479 0.637741 0.0189119
394 0.83479 0.642101 0.0215951
395 0.83479 0.677029 0.0170728
396 0.83479 0.672997 0.0145142
397 0.83479 0.645808 0.0209281
398 0.83479 0.657298 0.0194966
399 0.83479 0.654464 0.0185497
400 0.83479 0.64183 0.019226
401 0.83479 0.655394 0.0171135
402 0.83479 0.658345 0.0167397
403 0.83479 0.645521 0.0207667
404 0.83479 0.63845 0.021814
405 0.83479 0.636767 0.0244314
406 0.83479 0.612881 0.0250381
407 0.835208 0.626141 0.024285
408 0.835208 0.629755 0.0201526
409 0.835208 0.631794 0.0223531
410 0.835208 0.62918 0.0206897
411 0.835208 0.625781 0.0229064
412 0.835208 0.647187 0.0167105
413 0.835208 0.627994 0.018416
414 0.835208 0.630786 0.0214625
415 0.835208 0.643204 0.0159707
416 0.835208 0.639443 0.0192128
417 0.835208 0.635565 0.0197154
418 0.835208 0.646473 0.0190765
419 0.835208 0.634749 0.0208556
420 0.835208 0.618788 0.0196867
421 0.835208 0.624535 0.0236716
422 0.835208 0.641144 0.0237637
423 0.835208 0.620978 0.020384
424 0.835208 0.62115 0.0241933
425 0.835208 0.598593 0.0261413
426 0.835208 0.60291 0.0273063
427 0.835208 0.603058 0.0310595
428 0.835208 0.58994 0.0318001
429 0.835208 0.599624 0.0294451
430 0.835208 0.606909 0.0256796
431 0.835208 0.613501 0.0226182
432 0.835208 0.622432 0.0231857
433 0.835208 0.630967 0.0199076
434 0.835208 0.626272 0.0226893
435 0.835208 0.636248 0.020441
436 0.835208 0.630423 0.0223578
437 0.835208 0.633228 0.0232494
438 0.835208 0.651944 0.0243438
439 0.835208 0.635183 0.023815
440 0.835208 0.635695 0.019468
441 0.835208 0.625019 0.024334
442 0.835208 0.633911 0.0176432
443 0.835208 0.633532 0.0198915
444 0.835208 0.620377 0.0234563
445 0.835208 0.610433 0.0237784
446 0.835208 0.637682 0.0213384
447 0.835208 0.634281 0.0234218
448 0.838294 0.643308 0.0231115
449 0.838294 0.666812 0.0204315
450 0.838294 0.646653 0.0215396
451 0.838294 0.62833 0.0208384
452 0.838294 0.650039 0.0170391
453 0.838294 0.648353 0.0156581
454 0.838294 0.650847 0.0198581
455 0.838294 0.654924 0.0208896
456 0.838294 0.649202 0.019381
457 0.838294 0.625738 0.0222369
458 0.838294 0.630091 0.021783
459 0.838294 0.646477 0.0186639
460 0.838294 0.62904 0.0212935
461 0.838294 0.631545 0.0243835
462 0.838294 0.633731 0.0259352
463 0.838294 0.622678 0.0225029
464 0.838294 0.650197 0.0184886
465 0.838294 0.627983 0.0231677
466 0.838294 0.63073 0.0200876
467 0.838294 0.646707 0.0189068
468 0.838294 0.648346 0.0204366
469 0.838294 0.650371 0.0234376
470 0.838294 0.648991 0.018529
471 0.838294 0.653884 0.0186169
472 0.838294 0.650922 0.0181
473 0.838294 0.646522 0.0197795
474 0.838294 0.643098 0.0188484
475 0.838294 0.614856 0.0239815
476 0.838294 0.613189 0.0255099
477 0.838294 0.634809 0.0213896
478 0.838294 0.616463 0.0271337
479 0.838294 0.620748 0.0262926
480 0.838294 0.629212 0.0241115
481 0.838294 0.630012 0.0222825
482 0.838294 0.610315 0.0250974
483 0.838294 0.617366 0.0280272
484 0.838294 0.655831 0.0256447
485 0.838294 0.63384 0.026569
486 0.838294 0.626446 0.0219023
487 0.838294 0.63146 0.0222072
488 0.838294 0.64665 0.0198943
489 0.838294 0.632856 0.0239361
490 0.838294 0.637883 0.0211392
491 0.838294 0.6336 0.0194718
492 0.838294 0.636096 0.0241653
493 0.844431 0.613388 0.0283017
494 0.844431 0.628228 0.0239278
495 0.844431 0.629096 0.0225344
496 0.844431 0.644695 0.0170523
497 0.844431 0.649111 0.0175983
498 0.844431 0.640415 0.0184008
499 0.844431 0.638627 0.0192341
500 0.844431 0.648881 0.0190211
501 0.844431 0.626188 0.019301
502 0.844431 0.636492 0.0239175
503 0.844431 0.617658 0.0238945
504 0.844431 0.628693 0.0234345
505 0.844431 0.617408 0.0264046
506 0.844431 0.63835 0.0225818
507 0.844431 0.644862 0.0210301
508 0.844431 0.631473 0.0264181
509 0.844431 0.653429 0.0232457
510 0.844431 0.644621 0.0238411
511 0.844431 0.654636 0.0215492
512 0.844431 0.63782 0.0230117
513 0.844431 0.626133 0.0256742
514 0.844431 0.607949 0.0270248
515 0.844431 0.641304 0.0259622
516 0.844431 0.628751 0.0254774
517 0.844431 0.620057 0.0280638
518 0.844431 0.634413 0.0264542
519 0.844431 0.618074 0.0274964
520 0.844431 0.618581 0.028394
521 0.844431 0.620418 0.0282286
522 0.844431 0.614922 0.0245703
523 0.844431 0.613382 0.0289507
524 0.844431 0.625918 0.0215189
525 0.844431 0.632243 0.0239932
526 0.844431 0.629263 0.0214005
527 0.844431 0.639568 0.0229282
528 0.844431 0.635147 0.023973
529 0.844431 0.645085 0.0200372
530 0.844431 0.643097 0.0217265
531 0.844431 0.662223 0.0190684
532 0.844431 0.671799 0.0160537
533 0.844431 0.671569 0.0144478
534 0.844431 0.663971 0.0189896
535 0.844431 0.6605 0.0202317
536 0.844431 0.647311 0.0233514
537 0.844431 0.637036 0.0266769
538 0.844431 0.640471 0.0286249
539 0.844431 0.648078 0.0230043
540 0.844431 0.616046 0.0306023
541 0.844431 0.614666 0.026765
542 0.844431 0.644211 0.0225374
543 0.844431 0.61936 0.0231623
544 0.844431 0.611288 0.0261996
545 0.844431 0.598342 0.0259143
546 0.844431 0.621166 0.0271042
547 0.844431 0.626856 0.0252013
548 0.844431 0.624272 0.0232778
549 0.844431 0.650601 0.0217527
550 0.844431 0.63639 0.024287
551 0.844431 0.62149 0.0246538
552 0.844431 0.615875 0.027759
553 0.844431 0.615985 0.0296012
554 0.844431 0.611986 0.0287957
555 0.844431 0.616315 0.0324216
556 0.844431 0.633692 0.0241326
557 0.844431 0.623399 0.0292673
558 0.844431 0.60907 0.0271293
559 0.844431 0.614138 0.0240267
560 0.844431 0.633237 0.0247902
561 0.844431 0.630563 0.0297683
562 0.844431 0.620345 0.025853
563 0.844431 0.629902 0.0225156
564 0.844431 0.63651 0.0216958
565 0.844431 0.62577 0.0227394
566 0.844431 0.638032 0.0246088
567 0.844431 0.644022 0.0240172
568 0.844431 0.646832 0.022058
569 0.844431 0.649996 0.0223932
570 0.844431 0.63216 0.0225629
571 0.844431 0.61394 0.0247378
572 0.844431 0.614714 0.0265539
573 0.844431 0.616959 0.0302888
574 0.844431 0.599956 0.0284446
575 0.844431 0.613427 0.0289534
576 0.844431 0.608273 0.0277198
577 0.844431 0.612914 0.0279539
578 0.844431 0.610582 0.025469
579 0.844431 0.621309 0.0256482
580 0.844431 0.628622 0.0232513
581 0.844431 0.624388 0.025371
582 0.844431 0.643837 0.0219305
583 0.844431 0.643906 0.0256933
584 0.844431 0.646589 0.0254167
585 0.844431 0.631613 0.0247065
586 0.844431 0.647621 0.0226728
587 0.844431 0.63205 0.0253309
588 0.844431 0.613293 0.0308008
589 0.844431 0.630151 0.0266182
590 0.844431 0.633959 0.0232955
591 0.844431 0.639422 0.0215351
592 0.844431 0.643467 0.0249333
593 0.844431 0.665232 0.0232025
594 0.844431 0.68361 0.0192511
595 0.844431 0.669926 0.0208669
596 0.844431 0.657625 0.0203768
597 0.844431 0.657519 0.0183015
598 0.844431 0.647831 0.0199856
599 0.844431 0.654854 0.0193735
600 0.844431 0.653667 0.0206762
601 0.844431 0.664162 0.0196496
602 0.844431 0.664264 0.022941
603 0.844431 0.645528 0.0268147
604 0.844431 0.620299 0.032419
605 0.844431 0.63442 0.0268781
606 0.844431 0.605383 0.0268353
607 0.844431 0.607767 0.0276778
608 0.844431 0.624854 0.0282918
609 0.844431 0.625561 0.0229578
610 0.844431 0.6346 0.0233716
611 0.844431 0.627647 0.0265654
612 0.844431 0.633141 0.0245359
613 0.844431 0.622315 0.0220727
614 0.844431 0.623097 0.0257408
615 0.844431 0.634696 0.0214085
616 0.844431 0.614383 0.0271627
617 0.844431 0.612553 0.0274924
618 0.844431 0.625346 0.0234864
619 0.845629 0.632801 0.0267706
620 0.845629 0.627028 0.0239182
621 0.845629 0.640284 0.0226002
622 0.845629 0.653956 0.0253549
623 0.845629 0.649367 0.0227708
624 0.845629 0.658509 0.0228506
625 0.845629 0.650686 0.0203248
626 0.845629 0.663938 0.019857
627 0.845629 0.667349 0.0189147
628 0.845629 0.658973 0.0204198
629 0.845629 0.647536 0.0195225
630 0.845629 0.651195 0.0201294
631 0.845629 0.647289 0.023013
632 0.845629 0.62936 0.0260251
633 0.845629 0.628688 0.0235124
634 0.845629 0.630405 0.0245342
635 0.845629 0.618887 0.0241836
636 0.845629 0.645062 0.0228109
637 0.845629 0.641014 0.0240748
638 0.845629 0.640339 0.0216412
639 0.845629 0.63734 0.0247748
640 0.845629 0.641407 0.0279174
641 0.845629 0.641484 0.0254609
642 0.845629 0.630455 0.0296693
643 0.845629 0.629655 0.0242915
644 0.845629 0.650191 0.0231717
645 0.845629 0.642528 0.0228913
646 0.845629 0.651843 0.0258574
647 0.845629 0.662964 0.019796
648 0.845629 0.660454 0.0224059
649 0.845629 0.65049 0.0228496
650 0.845629 0.650176 0.0205956
651 0.845629 0.653656 0.0199375
652 0.845629 0.658759 0.0224164
653 0.845629 0.639388 0.0226916
654 0.845629 0.63309 0.0227549
655 0.845629 0.632652 0.0252399
656 0.845629 0.650139 0.0215774
657 0.845629 0.648797 0.0217671
658 0.845629 0.652469 0.022278
659 0.845629 0.632426 0.0228047
660 0.845629 0.630741 0.0218546
661 0.845629 0.622742 0.0262505
662 0.845629 0.610636 0.029243
663 0.845629 0.63737 0.0255809
664 0.845629 0.628186 0.0262917
665 0.845629 0.638879 0.0216081
666 0.845629 0.615273 0.025115
667 0.845629 0.595154 0.0271557
668 0.845629 0.612584 0.0276816
669 0.845629 0.599366 0.0306528
670 0.845629 0.613344 0.0296696
671 0.845629 0.620691 0.0301563
672 0.845629 0.617544 0.0277995
673 0.845629 0.617832 0.0262585
674 0.845629 0.616164 0.0292913
675 0.845629 0.629658 0.0245656
676 0.845629 0.62092 0.0254875
677 0.845629 0.648085 0.0201265
678 0.845629 0.659364 0.0190032
679 0.845629 0.658249 0.0186919
680 0.845629 0.648721 0.0191863
681 0.845629 0.624714 0.0200643
682 0.845629 0.623999 0.0247514
683 0.845629 0.622133 0.0240592
684 0.845629 0.608451 0.0258201
685 0.845629 0.632643 0.0258826
686 0.845629 0.645687 0.021375
687 0.845629 0.655793 0.0201603
688 0.845629 0.659746 0.0170208
689 0.845629 0.661669 0.0185839
690 0.845629 0.646639 0.0227347
691 0.845629 0.635542 0.0264239
692 0.845629 0.636033 0.0238646
693 0.845629 0.62524 0.0260803
694 0.845629 0.641317 0.0250587
695 0.845629 0.658425 0.0208892
696 0.845629 0.646145 0.0212828
697 0.845629 0.654366 0.0218144
698 0.845629 0.653709 0.026442
699 0.845629 0.656725 0.0219996
700 0.845629 0.651123 0.021163
701 0.845629 0.651005 0.0203228
702 0.845629 0.645535 0.0197622
703 0.845629 0.631246 0.0226712
704 0.845629 0.634635 0.0226238
705 0.845629 0.664115 0.0168794
706 0.845629 0.645582 0.0207437
707 0.845629 0.648005 0.0199829
708 0.845629 0.644164 0.0237532
709 0.845629 0.628433 0.026691
710 0.845629 0.641337 0.0226363
711 0.845629 0.654973 0.0193025
712 0.845629 0.630431 0.0231145
713 0.845629 0.642642 0.01994
714 0.845629 0.633699 0.0196605
715 0.845629 0.640344 0.0242401
716 0.845629 0.640506 0.0226749
717 0.845629 0.659414 0.0189255
718 0.845629 0.666705 0.0202574
719 0.845629 0.638757 0.0203965
720 0.845629 0.635714 0.0258544
721 0.845629 0.648551 0.0252994
722 0.845629 0.654977 0.0219005
723 0.845629 0.647603 0.023336
724 0.845629 0.645764 0.0234992
725 0.846316 0.652692 0.0194161
726 0.846316 0.661984 0.017589
727 0.846316 0.667329 0.0182905
728 0.846316 0.65448 0.0201577
729 0.846316 0.66624 0.0179206
730 0.846316 0.662471 0.0204078
731 0.846316 0.654943 0.0209163
732 0.846316 0.6455 0.0226481
733 0.846316 0.635376 0.0240968
734 0.846316 0.649943 0.0178261
735 0.846316 0.647033 0.0228574
736 0.846316 0.660708 0.018276
737 0.846316 0.664617 0.0157337
738 0.846316 0.659475 0.0188333
739 0.846316 0.656936 0.0216375
740 0.846316 0.654076 0.0193309
741 0.846316 0.658567 0.0224469
742 0.846316 0.644293 0.0209507
743 0.846316 0.639474 0.0197672
744 0.846316 0.644602 0.0236405
745 0.846316 0.661423 0.0166418
746 0.846316 0.647739 0.0189807
747 0.846316 0.654401 0.0203141
748 0.846316 0.641893 0.0204845
749 0.846316 0.655653 0.0215341
750 0.846316 0.647678 0.0210002
751 0.846316 0.642525 0.0197478
752 0.846316 0.650512 0.0169271
753 0.846316 0.639354 0.0202209
754 0.846316 0.653417 0.0172342
755 0.846316 0.641747 0.0196838
756 0.846316 0.660389 0.0184736
757 0.846316 0.674443 0.0193743
758 0.846316 0.650557 0.0229042
759 0.846316 0.655673 0.0215719
760 0.846316 0.646325 0.022781
761 0.846316 0.674076 0.0207301
762 0.846316 0.649626 0.0231148
763 0.846316 0.656269 0.0200756
764 0.846316 0.67499 0.0195481
765 0.846316 0.660803 0.0226147
766 0.846316 0.673673 0.0190814
767 0.846316 0.678434 0.0172165
768 0.846316 0.662821 0.0208444
769 0.846316 0.661169 0.0198231
770 0.846316 0.660395 0.0207651
771 0.846316 0.652558 0.0222787
772 0.846316 0.648313 0.0214104
773 0.846316 0.655432 0.0198535
774 0.846316 0.658925 0.019309
775 0.846316 0.664548 0.0184642
776 0.846316 0.638905 0.0216963
777 0.846316 0.633717 0.0229029
778 0.846316 0.653703 0.0230769
779 0.846316 0.66214 0.0215755
780 0.846316 0.655062 0.0181899
781 0.846316 0.662158 0.0224777
782 0.846316 0.665221 0.0200464
783 0.846316 0.663044 0.0209314
784 0.846316 0.662169 0.0207768
785 0.846316 0.659417 0.0197986
786 0.846316 0.664691 0.0177334
787 0.846316 0.647654 0.0181834
788 0.846316 0.642996 0.0213503
789 0.846316 0.632804 0.0257188
790 0.846316 0.640236 0.0218201
791 0.846316 0.635147 0.0215987
792 0.846316 0.621849 0.0253177
793 0.846316 0.6531 0.0223872
794 0.846316 0.656091 0.0179974
795 0.846316 0.664003 0.0167469
796 0.846316 0.639335 0.0221493
797 0.846316 0.635232 0.0210457
798 0.846316 0.646869 0.0229097
799 0.846316 0.633596 0.0241604
800 0.846316 0.653024 0.0258078
801 0.846316 0.646119 0.0194133
802 0.846316 0.651843 0.021138
803 0.846316 0.662702 0.0205803
804 0.846316 0.670363 0.0157969
805 0.846316 0.65986 0.0198834
806 0.846316 0.643668 0.0204653
807 0.846316 0.625747 0.0243898
808 0.846316 0.627352 0.0250286
809 0.846316 0.614351 0.0287106
810 0.846316 0.619832 0.0302896
811 0.846316 0.625904 0.0246336
812 0.846316 0.618091 0.0266695
813 0.846316 0.639575 0.0246663
814 0.846316 0.624111 0.0284326
815 0.846316 0.627879 0.0261055
816 0.846316 0.610904 0.0287058
817 0.846316 0.606409 0.0317569
818 0.846638 0.606738 0.0301003
819 0.846638 0.594808 0.0276334
820 0.846638 0.60311 0.029207
821 0.846638 0.620873 0.0287418
822 0.846638 0.612604 0.0293913
823 0.846638 0.6243 0.0247601
824 0.846638 0.628754 0.0249978
825 0.846638 0.597894 0.0308865
826 0.846638 0.580195 0.034447
827 0.846638 0.6166 0.0313208
828 0.846638 0.61198 0.0283666
829 0.846638 0.618214 0.0264392
830 0.846638 0.594713 0.0287498
831 0.846638 0.610649 0.0266626
832 0.846638 0.622579 0.0264374
833 0.846638 0.631331 0.0267782
834 0.846638 0.63535 0.0243583
835 0.846638 0.615218 0.0278804
836 0.846638 0.630563 0.0250836
837 0.846638 0.633659 0.0249694
838 0.846638 0.60014 0.0282349
839 0.846638 0.628272 0.0229866
840 0.846638 0.601215 0.0287601
841 0.846638 0.615826 0.0284
842 0.846638 0.621634 0.0262988
843 0.846638 0.612062 0.0321446
844 0.846638 0.613247 0.0281022
845 0.846638 0.617982 0.0284389
846 0.846638 0.630966 0.0251319
847 0.846638 0.633638 0.0246083
848 0.846638 0.641068 0.0240002
849 0.846638 0.610596 0.0256253
850 0.846638 0.61793 0.0244344
851 0.846638 0.621194 0.0247548
852 0.846638 0.614516 0.0233753
853 0.846638 0.614677 0.0289616
854 0.846638 0.62642 0.0290753
855 0.846638 0.619722 0.0250215
856 0.846638 0.620072 0.0259053
857 0.846638 0.621648 0.0275474
858 0.846638 0.632193 0.0263647
859 0.846638 0.661598 0.0182704
860 0.846638 0.659448 0.0193383
861 0.846638 0.657961 0.0179631
862 0.846638 0.651539 0.022182
863 0.846638 0.624371 0.0234486
864 0.846638 0.634274 0.0232398
865 0.846638 0.617701 0.0240929
866 0.846638 0.636853 0.0262379
867 0.846638 0.613435 0.0262
868 0.846638 0.63458 0.022634
869 0.846638 0.638191 0.0225096
870 0.846638 0.640521 0.0227864
871 0.846638 0.65061 0.020066
872 0.846638 0.652917 0.0207133
873 0.846638 0.66346 0.0168762
874 0.846638 0.648487 0.0190897
875 0.846638 0.640432 0.0195809
876 0.846638 0.639564 0.0222927
877 0.846638 0.653417 0.0192441
878 0.846638 0.62948 0.0217099
879 0.846638 0.650897 0.0216764
880 0.846638 0.639297 0.0219408
881 0.846638 0.650175 0.0219906
882 0.846638 0.64456 0.0202444
883 0.846638 0.638723 0.0190446
884 0.846638 0.645178 0.0196433
885 0.846638 0.651734 0.0159988
886 0.846638 0.656067 0.0182127
887 0.846638 0.673795 0.0173617
888 0.846638 0.658678 0.0243433
889 0.846638 0.655322 0.0194379
890 0.846638 0.647506 0.0210257
891 0.846638 0.648869 0.0208895
892 0.846638 0.665357 0.0182151
893 0.846638 0.649068 0.0159389
894 0.846638 0.649406 0.0175279
895 0.846638 0.647334 0.0210162
896 0.846638 0.643358 0.0205591
897 0.846638 0.651428 0.0202471
898 0.846638 0.629006 0.0225326
899 0.846638 0.630417 0.0234027
900 0.846638 0.606572 0.0255117
901 0.846638 0.59892 0.0236995
902 0.846638 0.605241 0.0248876
903 0.846638 0.626923 0.0230115
904 0.846638 0.613523 0.0303562
905 0.846638 0.643898 0.0227918
906 0.846638 0.649594 0.0205852
907 0.846638 0.658904 0.02126
908 0.846638 0.634311 0.0218771
909 0.846638 0.630316 0.022194
910 0.846638 0.653623 0.0176019
911 0.846638 0.639059 0.0284338
912 0.846638 0.618955 0.0271716
913 0.846638 0.627679 0.0281807
914 0.846638 0.642137 0.0235342
915 0.846638 0.624329 0.0272903
916 0.847019 0.625685 0.0263142
917 0.847019 0.64515 0.0244948
918 0.847019 0.636587 0.0242743
919 0.847019 0.630735 0.0245286
920 0.847019 0.627709 0.0210626
921 0.847019 0.613124 0.0229299
922 0.847019 0.629452 0.0230462
923 0.847019 0.618237 0.0289163
924 0.847019 0.645875 0.0235182
925 0.847019 0.642083 0.0217838
926 0.847019 0.624947 0.022998
927 0.847019 0.629564 0.0253792
928 0.847019 0.634093 0.0282039
929 0.847019 0.633233 0.0259372
930 0.847019 0.625585 0.0233267
931 0.847019 0.643895 0.020013
932 0.847019 0.625623 0.0232198
933 0.847019 0.638449 0.0245391
934 0.847019 0.642266 0.0219814
935 0.847019 0.631532 0.0257445
936 0.847019 0.647281 0.0269321
937 0.847019 0.650242 0.0258432
938 0.847019 0.630355 0.0259803
939 0.847019 0.630791 0.0257666
940 0.847019 0.610517 0.0267497
941 0.847019 0.617948 0.025435
942 0.847019 0.634755 0.020708
943 0.847019 0.646753 0.0188853
944 0.847019 0.618367 0.0229729
945 0.847019 0.617801 0.0247217
946 0.847019 0.623024 0.0229776
947 0.847019 0.628923 0.0246553
948 0.847019 0.665218 0.0211691
949 0.847019 0.654783 0.0223673
950 0.847019 0.651987 0.019769
951 0.847019 0.659792 0.0190277
952 0.847019 0.677695 0.0140723
953 0.847096 0.647859 0.0228293
954 0.847096 0.638434 0.0250985
955 0.847096 0.637831 0.0271242
956 0.847096 0.633031 0.0239863
957 0.847281 0.623923 0.0280489
958 0.847281 0.649934 0.0252683
959 0.847281 0.647593 0.0186637
960 0.847281 0.674607 0.0148835
961 0.847281 0.665422 0.0138371
962 0.847281 0.683077 0.0138416
963 0.847281 0.676233 0.0193063
964 0.847281 0.66194 0.0174886
965 0.847281 0.642423 0.0217127
966 0.847281 0.634677 0.0250579
967 0.847281 0.631038 0.0268964
968 0.847281 0.650684 0.0225548
969 0.847281 0.627497 0.0246836
970 0.847281 0.623773 0.0259526
971 0.847281 0.641035 0.0289258
972 0.847281 0.626075 0.029339
973 0.847281 0.634171 0.0245893
974 0.847281 0.623413 0.0254154
975 0.847281 0.625618 0.0261375
976 0.847281 0.64266 0.0309425
977 0.847281 0.615826 0.0312228
978 0.847281 0.640043 0.0242603
979 0.847281 0.620913 0.0229381
980 0.847281 0.631049 0.0236109
981 0.847281 0.638767 0.0249447
982 0.847281 0.633072 0.0229345
983 0.847281 0.625568 0.0210958
984 0.847281 0.634263 0.0260525
985 0.847281 0.607227 0.0301075
986 0.847281 0.636097 0.0270713
987 0.847281 0.639514 0.0256692
988 0.847281 0.646778 0.0241369
989 0.847281 0.640123 0.0249668
990 0.847281 0.625026 0.0264414
991 0.847281 0.628306 0.0285468
992 0.847281 0.636878 0.0226931
993 0.847281 0.639776 0.025118
994 0.847281 0.643953 0.0209505
995 0.847281 0.633236 0.0254061
996 0.847281 0.606557 0.0254038
997 0.847281 0.61989 0.0253223
998 0.847281 0.586082 0.029971
999 0.847281 0.602219 0.0302887
1000 0.847281 0.639366 0.0283063
