0 0.392296 0.252761 0.000729861
1 0.460059 0.258378 0.00139188
2 0.460059 0.258632 0.00182301
3 0.460059 0.259778 0.00176885
4 0.460059 0.256834 0.00211112
5 0.460059 0.260551 0.00223068
6 0.460059 0.261761 0.00212681
7 0.460059 0.259653 0.00176388
8 0.460059 0.255574 0.00170342
9 0.460059 0.256046 0.00185566
10 0.460059 0.258523 0.00174345
11 0.474466 0.266393 0.00260509
12 0.497716 0.263408 0.00287316
13 0.497716 0.263919 0.00263742
14 0.516754 0.267989 0.00377931
15 0.516754 0.26109 0.00306648
16 0.528271 0.265903 0.00402581
17 0.528271 0.261076 0.00442521
18 0.528271 0.261424 0.00319101
19 0.529925 0.267473 0.004552
20 0.529925 0.266051 0.00422324
21 0.529925 0.266597 0.00361322
22 0.529925 0.265044 0.00334263
23 0.529925 0.260827 0.00268395
24 0.532061 0.269134 0.00459855
25 0.535906 0.270552 0.00380776
26 0.535906 0.25655 0.00402409
27 0.535924 0.268439 0.00462289
28 0.5533 0.268589 0.00472289
29 0.5533 0.265098 0.00406891
30 0.5533 0.262791 0.00323079
31 0.5533 0.266281 0.00395045
32 0.5533 0.261673 0.00467209
33 0.5533 0.271144 0.00432567
34 0.5533 0.264494 0.00295167
35 0.607717 0.262917 0.00390635
36 0.607717 0.265078 0.00412367
37 0.607717 0.268237 0.0048905
38 0.607717 0.275671 0.00563411
39 0.607717 0.272734 0.00494328
40 0.607717 0.265873 0.00374869
41 0.607717 0.267104 0.00395757
42 0.607717 0.28069 0.0049896
43 0.607717 0.276204 0.00574048
44 0.607717 0.268206 0.00476177
45 0.607717 0.286289 0.00718735
46 0.607717 0.288818 0.00838943
47 0.607717 0.285586 0.00721415
48 0.607717 0.285257 0.00587013
49 0.607717 0.282323 0.00493704
50 0.607717 0.286269 0.00615998
51 0.607717 0.286499 0.00701699
52 0.607717 0.290501 0.0067349
53 0.607717 0.291433 0.0075482
54 0.607717 0.285721 0.0061963
55 0.607717 0.293033 0.00624722
56 0.610594 0.295289 0.00761387
57 0.610594 0.28768 0.00625373
58 0.610594 0.28605 0.00693913
59 0.610594 0.287879 0.00711541
60 0.610594 0.288303 0.00684692
61 0.610594 0.294702 0.00703468
62 0.610594 0.308277 0.00670249
63 0.637697 0.30887 0.00879607
64 0.683442 0.310728 0.010916
65 0.683442 0.307677 0.0107222
66 0.683442 0.295117 0.00718887
67 0.683442 0.299064 0.00728334
68 0.683442 0.295832 0.00719532
69 0.683442 0.300898 0.0084069
70 0.684684 0.30854 0.00979786
71 0.744869 0.312098 0.0115343
72 0.744869 0.309113 0.00980342
73 0.744869 0.310663 0.00925892
74 0.744869 0.322425 0.0100434
75 0.744869 0.319749 0.00940016
76 0.744869 0.311962 0.00937001
77 0.744869 0.315391 0.00964775
78 0.744869 0.323888 0.0113305
79 0.744869 0.317731 0.0103263
80 0.744869 0.319962 0.0106281
81 0.744869 0.318774 0.0119569
82 0.744869 0.330966 0.013081
83 0.744869 0.331803 0.0121109
84 0.744869 0.331338 0.0111252
85 0.744869 0.318823 0.00871728
86 0.744869 0.316852 0.00788931
87 0.744869 0.322562 0.00985518
88 0.744869 0.316094 0.0102605
89 0.744869 0.31934 0.00850015
90 0.744869 0.323109 0.0101151
91 0.744869 0.320107 0.00955155
92 0.744869 0.325167 0.00989132
93 0.744869 0.326069 0.00992132
94 0.744869 0.319851 0.00948527
95 0.758027 0.334796 0.0140604
96 0.758027 0.342059 0.0150927
97 0.758027 0.331947 0.0112702
98 0.758027 0.346394 0.0129683
99 0.758027 0.357305 0.0110191
100 0.758027 0.357729 0.0116598
101 0.758027 0.34981 0.0121731
102 0.758027 0.348212 0.010687
103 0.758027 0.333129 0.0106479
104 0.758027 0.327452 0.00934901
105 0.758027 0.339641 0.0118124
106 0.758027 0.33969 0.0103099
107 0.758027 0.352329 0.0114642
108 0.758027 0.338394 0.010386
109 0.758027 0.350116 0.0114092
110 0.758027 0.348778 0.0114054
111 0.758027 0.354423 0.0103158
112 0.758027 0.352162 0.00998085
113 0.758027 0.363814 0.00975314
114 0.758027 0.363421 0.0100758
115 0.758027 0.355497 0.00845654
116 0.758027 0.360077 0.00984876
117 0.758027 0.347684 0.00899544
118 0.758027 0.350595 0.0111866
119 0.758027 0.354535 0.0100899
120 0.758027 0.352041 0.0113066
121 0.758027 0.353231 0.00996052
122 0.758027 0.357759 0.0107274
123 0.758027 0.358808 0.0121934
124 0.758027 0.345086 0.00873296
125 0.758027 0.356656 0.0116728
126 0.758027 0.362133 0.0120358
127 0.758027 0.369923 0.0123212
128 0.758027 0.352721 0.0107529
129 0.758027 0.359875 0.012882
130 0.758027 0.36117 0.011385
131 0.758027 0.340441 0.00997648
132 0.763835 0.365705 0.0132585
133 0.763835 0.363093 0.0139762
134 0.763835 0.361703 0.0136163
135 0.763835 0.363428 0.0130746
136 0.763835 0.361472 0.011271
137 0.779509 0.362317 0.0151216
138 0.779509 0.349825 0.0104212
139 0.779509 0.35829 0.0111286
140 0.779509 0.3589 0.0108913
141 0.779509 0.378034 0.0120312
142 0.779509 0.373236 0.0124699
143 0.779509 0.374407 0.013288
144 0.779509 0.346212 0.0116419
145 0.779509 0.356647 0.0100005
146 0.779509 0.359797 0.01139
147 0.779509 0.354144 0.011526
148 0.779938 0.374391 0.0145727
149 0.779938 0.384302 0.0137684
150 0.779938 0.365903 0.0111508
151 0.779938 0.362005 0.0103617
152 0.779938 0.367904 0.010779
153 0.779938 0.377799 0.0125954
154 0.779938 0.373699 0.00796698
155 0.780327 0.377193 0.0101097
156 0.780327 0.38744 0.0134969
157 0.791351 0.386644 0.0108577
158 0.791351 0.366275 0.010751
159 0.791351 0.37557 0.0116627
160 0.791351 0.385513 0.01395
161 0.791351 0.390268 0.0132745
162 0.791351 0.397812 0.0122064
163 0.791351 0.391139 0.0106749
164 0.791351 0.386557 0.0111945
165 0.791351 0.386011 0.00986466
166 0.791351 0.397457 0.0114366
167 0.791351 0.386998 0.00973412
168 0.791351 0.386586 0.0104805
169 0.791351 0.390851 0.0122132
170 0.791351 0.382128 0.0120593
171 0.791351 0.383239 0.01085
172 0.791351 0.383186 0.00983391
173 0.791351 0.387937 0.0108528
174 0.791351 0.393744 0.0120654
175 0.791351 0.39352 0.0116913
176 0.791351 0.399753 0.0122427
177 0.791351 0.392725 0.0122849
178 0.791351 0.391627 0.0147097
179 0.791351 0.386857 0.0122714
180 0.791351 0.386395 0.0113203
181 0.791351 0.386714 0.0107386
182 0.791351 0.380937 0.0126765
183 0.791351 0.384446 0.0140276
184 0.791351 0.378763 0.0135278
185 0.791351 0.3793 0.0134664
186 0.791351 0.386054 0.0115221
187 0.791351 0.390162 0.0118175
188 0.791351 0.392065 0.0109587
189 0.7987 0.386409 0.0119942
190 0.7987 0.382159 0.0114778
191 0.7987 0.391552 0.0113885
192 0.7987 0.374293 0.0100807
193 0.7987 0.391932 0.0119329
194 0.7987 0.398846 0.0114605
195 0.7987 0.405316 0.0129219
196 0.7987 0.403793 0.0112023
197 0.7987 0.393955 0.0127828
198 0.7987 0.383124 0.0127734
199 0.7987 0.388799 0.0106787
200 0.7987 0.383735 0.010881
201 0.7987 0.397038 0.011151
202 0.7987 0.386885 0.0109157
203 0.7987 0.390719 0.0135636
204 0.7987 0.385273 0.0138998
205 0.7987 0.38496 0.0121973
206 0.7987 0.386973 0.0137103
207 0.80414 0.396923 0.0145073
208 0.80414 0.383445 0.014598
209 0.80414 0.383068 0.010824
210 0.806121 0.385416 0.0151069
211 0.806121 0.384036 0.0147735
212 0.806121 0.380747 0.0154654
213 0.806121 0.389617 0.0155812
214 0.806121 0.389367 0.0173785
215 0.806121 0.390744 0.0121474
216 0.806121 0.394571 0.0127895
217 0.806121 0.386461 0.0129373
218 0.806121 0.388884 0.0128581
219 0.806121 0.387339 0.0149565
220 0.806121 0.378976 0.0119852
221 0.806121 0.380292 0.0125665
222 0.806121 0.399623 0.0137532
223 0.806121 0.400301 0.0119406
224 0.806121 0.397414 0.013207
225 0.806121 0.388644 0.0131854
226 0.806121 0.401838 0.0150522
227 0.806121 0.397275 0.0116748
228 0.806121 0.385181 0.0103822
229 0.806121 0.393854 0.00998596
230 0.806121 0.392552 0.0129514
231 0.806121 0.389899 0.0144658
232 0.806121 0.38232 0.0127402
233 0.806121 0.397858 0.0143315
234 0.806121 0.396213 0.0143314
235 0.806121 0.391135 0.0141181
236 0.806121 0.3866 0.0119059
237 0.806121 0.388544 0.0124063
238 0.806121 0.389592 0.0130659
239 0.807859 0.371374 0.0138646
240 0.807859 0.373869 0.0138658
241 0.807859 0.379168 0.0134287
242 0.807859 0.399947 0.0147787
243 0.807859 0.383215 0.0135603
244 0.807859 0.384218 0.0106314
245 0.811247 0.387283 0.0113372
246 0.811247 0.386792 0.0126851
247 0.811247 0.380207 0.0114367
248 0.811247 0.382821 0.0139411
249 0.811247 0.367147 0.0124741
250 0.811247 0.379014 0.0153181
251 0.811247 0.381168 0.0139657
252 0.811247 0.386768 0.013754
253 0.811247 0.380451 0.0131137
254 0.811247 0.381142 0.0126844
255 0.811247 0.382542 0.0125469
256 0.811247 0.366663 0.0105597
257 0.811247 0.368668 0.0108441
258 0.811247 0.362175 0.0103262
259 0.811247 0.381427 0.014134
260 0.811247 0.369643 0.0127936
261 0.811247 0.372371 0.0127525
262 0.811247 0.377956 0.0126241
263 0.811247 0.368224 0.0104313
264 0.811247 0.376174 0.0117204
265 0.811247 0.365941 0.0127441
266 0.811247 0.370149 0.0120161
267 0.811247 0.37068 0.0116289
268 0.811247 0.367525 0.0125207
269 0.811247 0.363759 0.0101199
270 0.811247 0.369031 0.0147879
271 0.811247 0.370207 0.0126608
272 0.811247 0.382708 0.0164413
273 0.811247 0.360449 0.0108973
274 0.811247 0.373456 0.0117031
275 0.811247 0.375828 0.0117974
276 0.811247 0.372522 0.0124491
277 0.811247 0.38473 0.011428
278 0.811247 0.366469 0.0111886
279 0.811247 0.371975 0.0152115
280 0.811247 0.365646 0.0121754
281 0.811247 0.358846 0.0125449
282 0.811247 0.357503 0.0117938
283 0.811247 0.370617 0.0108954
284 0.811247 0.370369 0.0124905
285 0.813241 0.361768 0.014173
286 0.813241 0.358645 0.0118252
287 0.813241 0.371832 0.0142146
288 0.813241 0.357504 0.0121962
289 0.813241 0.360991 0.0122895
290 0.813241 0.358744 0.0120191
291 0.813241 0.361875 0.0129153
292 0.813241 0.353009 0.0137502
293 0.813241 0.362463 0.0153306
294 0.813241 0.370854 0.014099
295 0.813241 0.352387 0.0113555
296 0.813241 0.34553 0.013657
297 0.813241 0.365417 0.0148416
298 0.813241 0.366038 0.016648
299 0.813241 0.352657 0.013755
300 0.818553 0.348869 0.0147321
301 0.818553 0.37242 0.0157146
302 0.818553 0.381912 0.0166556
303 0.818553 0.377549 0.0137241
304 0.818553 0.383577 0.0123025
305 0.818553 0.378952 0.0140407
306 0.818553 0.367418 0.0118292
307 0.818553 0.361736 0.0107279
308 0.818553 0.368074 0.0134008
309 0.818553 0.385605 0.0121677
310 0.818553 0.389355 0.0119793
311 0.818553 0.373262 0.0119176
312 0.818553 0.3712 0.0112997
313 0.818553 0.374324 0.0141995
314 0.818553 0.356436 0.0126648
315 0.818553 0.35313 0.0133697
316 0.818553 0.371817 0.0152903
317 0.818553 0.367982 0.0129513
318 0.823967 0.389048 0.0161249
319 0.823967 0.374822 0.0156084
320 0.825573 0.380774 0.0164694
321 0.825573 0.378621 0.0145147
322 0.825573 0.376485 0.0146439
323 0.825573 0.389436 0.0133214
324 0.830121 0.397176 0.0178128
325 0.830121 0.394572 0.0158527
326 0.830121 0.383716 0.012768
327 0.830121 0.372752 0.0105605
328 0.830121 0.368019 0.0120687
329 0.830121 0.374712 0.0152094
330 0.830121 0.369856 0.012862
331 0.830121 0.371497 0.0148553
332 0.830121 0.389294 0.0141117
333 0.830121 0.396215 0.016287
334 0.830121 0.405772 0.0194786
335 0.830121 0.398571 0.0185929
336 0.838879 0.381746 0.0181279
337 0.838879 0.374601 0.0144552
338 0.838879 0.396862 0.0191387
339 0.838879 0.381922 0.0181866
340 0.838879 0.379618 0.0147228
341 0.840819 0.398498 0.016092
342 0.840819 0.38343 0.013061
343 0.840819 0.389216 0.0122989
344 0.840819 0.397478 0.0139935
345 0.840819 0.396048 0.0168853
346 0.840819 0.381798 0.0166535
347 0.840819 0.367287 0.0125578
348 0.840819 0.375234 0.012352
349 0.840819 0.391511 0.0132115
350 0.840819 0.384084 0.0125336
351 0.840819 0.380021 0.0136286
352 0.840819 0.370143 0.0129467
353 0.840819 0.382626 0.0136575
354 0.840819 0.384537 0.0172813
355 0.840819 0.366499 0.0103472
356 0.853757 0.369077 0.0127874
357 0.853757 0.390627 0.0130734
358 0.863846 0.388304 0.0178139
359 0.863846 0.388178 0.0162989
360 0.863846 0.392792 0.0149042
361 0.863846 0.393043 0.0132413
362 0.863846 0.40464 0.0182589
363 0.863846 0.39257 0.0165819
364 0.863846 0.386931 0.0132895
365 0.863846 0.381907 0.0159041
366 0.863846 0.390468 0.0167091
367 0.863846 0.381466 0.0148212
368 0.863846 0.376458 0.0132835
369 0.863846 0.384348 0.0148243
370 0.863846 0.366048 0.0122822
371 0.863846 0.3818 0.0133403
372 0.863846 0.403066 0.0141432
373 0.863846 0.398539 0.0143449
374 0.863846 0.404752 0.0127804
375 0.863846 0.401237 0.0144056
376 0.863846 0.397914 0.0154674
377 0.863846 0.386064 0.0160623
378 0.863846 0.385662 0.0149519
379 0.863846 0.377347 0.0137085
380 0.863846 0.386889 0.0143321
381 0.863846 0.39218 0.0162003
382 0.863846 0.394458 0.0153397
383 0.863846 0.389551 0.0159223
384 0.863846 0.389077 0.0152025
385 0.863846 0.377742 0.0140158
386 0.863846 0.385144 0.014344
387 0.863846 0.368935 0.0145898
388 0.863846 0.375303 0.0137946
389 0.863846 0.388579 0.0186727
390 0.863846 0.377251 0.0149094
391 0.863846 0.366258 0.0137631
392 0.863846 0.391494 0.0194619
393 0.863846 0.373709 0.013182
394 0.864261 0.379034 0.016937
395 0.864261 0.392235 0.0178652
396 0.864261 0.393247 0.0178666
397 0.864261 0.384053 0.0191895
398 0.864261 0.37026 0.0157349
399 0.864261 0.387446 0.0156984
400 0.864261 0.389662 0.0135993
401 0.864261 0.391343 0.0153664
402 0.864261 0.378499 0.0169545
403 0.864261 0.365879 0.0149823
404 0.864261 0.375588 0.013617
405 0.864261 0.372896 0.0155636
406 0.864261 0.370345 0.0164543
407 0.864261 0.349568 0.0131628
408 0.864261 0.361084 0.0135201
409 0.864261 0.366774 0.0166382
410 0.864261 0.374951 0.0188927
411 0.864261 0.369909 0.0173906
412 0.864261 0.377491 0.0144474
413 0.864261 0.382503 0.0140515
414 0.864261 0.375591 0.0113845
415 0.864261 0.392834 0.0131688
416 0.864261 0.384096 0.0141257
417 0.864261 0.399101 0.0190674
418 0.864261 0.381208 0.0160627
419 0.864261 0.387536 0.0144077
420 0.864261 0.388826 0.0126005
421 0.864261 0.36777 0.0126588
422 0.864261 0.387813 0.0140596
423 0.864261 0.382479 0.0164573
424 0.864261 0.382743 0.0149293
425 0.864261 0.366092 0.015128
426 0.864261 0.37567 0.015219
427 0.868841 0.373069 0.0156222
428 0.868841 0.382309 0.0141056
429 0.884773 0.387317 0.0145958
430 0.884773 0.388515 0.0162068
431 0.884773 0.397774 0.0172049
432 0.884773 0.388774 0.0131085
433 0.884773 0.385819 0.0107005
434 0.884773 0.394676 0.012774
435 0.884773 0.396005 0.011534
436 0.884773 0.388357 0.014439
437 0.884773 0.375973 0.0131047
438 0.884773 0.37966 0.0141175
439 0.884773 0.373622 0.013166
440 0.884773 0.388819 0.0162987
441 0.884773 0.386048 0.0154128
442 0.884773 0.391238 0.0175376
443 0.884773 0.391573 0.0168805
444 0.884773 0.386453 0.0130861
445 0.884773 0.388808 0.0150734
446 0.884773 0.387352 0.0149565
447 0.884773 0.38125 0.0143021
448 0.884773 0.365675 0.0118151
449 0.884773 0.388207 0.0185301
450 0.884773 0.39179 0.0151314
451 0.884773 0.398284 0.014843
452 0.884773 0.400639 0.0123415
453 0.884773 0.409698 0.0128142
454 0.884773 0.406462 0.0148538
455 0.884773 0.409008 0.0136582
456 0.884773 0.406001 0.0160909
457 0.884773 0.396852 0.0140275
458 0.884773 0.400283 0.0177212
459 0.884773 0.378663 0.0126173
460 0.884773 0.381299 0.0116579
461 0.884773 0.404401 0.0120706
462 0.884773 0.409613 0.0156219
463 0.884773 0.404084 0.0138208
464 0.884773 0.402418 0.0148234
465 0.884773 0.401781 0.0146365
466 0.884773 0.404539 0.0150893
467 0.884773 0.411413 0.0165503
468 0.884773 0.412068 0.0154102
469 0.884773 0.401332 0.0155206
470 0.884773 0.401229 0.0155063
471 0.884773 0.399933 0.0135358
472 0.884773 0.392666 0.0163815
473 0.884773 0.402492 0.018317
474 0.884773 0.408638 0.0203828
475 0.884773 0.396236 0.0129863
476 0.884773 0.403836 0.0123025
477 0.884773 0.407672 0.0157837
478 0.884773 0.397587 0.0141161
479 0.884773 0.405302 0.0178412
480 0.884773 0.3928 0.0154488
481 0.884773 0.395099 0.0132324
482 0.884773 0.40199 0.0129015
483 0.884773 0.399983 0.011535
484 0.884773 0.405345 0.0180501
485 0.884773 0.401087 0.0192741
486 0.884773 0.401138 0.0200027
487 0.884773 0.392142 0.0153543
488 0.884773 0.408501 0.0168348
489 0.884773 0.411899 0.0192337
490 0.884773 0.397665 0.0166462
491 0.884773 0.399509 0.016826
492 0.884773 0.400451 0.0139703
493 0.884773 0.394751 0.0143443
494 0.884773 0.410754 0.0185277
495 0.884773 0.393817 0.0182289
496 0.884773 0.389473 0.0148485
497 0.884773 0.381227 0.0130963
498 0.884773 0.39035 0.0152242
499 0.884773 0.40298 0.0176384
500 0.884773 0.399962 0.0188983
501 0.884773 0.407985 0.0194821
502 0.884773 0.386919 0.0150727
503 0.884773 0.389676 0.0153018
504 0.884773 0.388756 0.0146019
505 0.884773 0.382188 0.0142687
506 0.884773 0.393373 0.0158054
507 0.884773 0.383449 0.0137428
508 0.884773 0.381696 0.0122426
509 0.884773 0.382794 0.0151303
510 0.884773 0.388173 0.0144475
511 0.884773 0.383605 0.0171692
512 0.884773 0.382541 0.0168968
513 0.884773 0.395743 0.0167225
514 0.884773 0.389038 0.0144465
515 0.884773 0.377713 0.0146504
516 0.884773 0.378101 0.0155756
517 0.884773 0.38039 0.0143222
518 0.884773 0.368581 0.0159562
519 0.884773 0.370014 0.0181565
520 0.884773 0.388298 0.0212263
521 0.884773 0.388422 0.0179033
522 0.884773 0.391023 0.0142613
523 0.884773 0.386177 0.016775
524 0.884773 0.390361 0.0185111
525 0.884773 0.376799 0.0149172
526 0.884773 0.378998 0.0159541
527 0.884773 0.400902 0.0179892
528 0.884773 0.393146 0.01615
529 0.884773 0.387715 0.0133567
530 0.884773 0.401761 0.0163644
531 0.884773 0.40092 0.0156739
532 0.884773 0.390562 0.0175712
533 0.884773 0.406503 0.0174938
534 0.884773 0.384682 0.0151192
535 0.885323 0.397517 0.0164512
536 0.885323 0.384198 0.0179171
537 0.885323 0.39753 0.0170488
538 0.885323 0.392206 0.0159759
539 0.885323 0.397599 0.0168212
540 0.885323 0.394121 0.0159644
541 0.885323 0.388729 0.0158687
542 0.885323 0.403501 0.0160751
543 0.885323 0.38185 0.0133673
544 0.885323 0.3832 0.0147468
545 0.885323 0.369828 0.0119325
546 0.885323 0.39393 0.0134048
547 0.885323 0.390219 0.0155857
548 0.885323 0.400416 0.0135717
549 0.885323 0.3934 0.0139268
550 0.885323 0.377752 0.0149593
551 0.885323 0.372922 0.0160126
552 0.885323 0.380966 0.0129591
553 0.885323 0.38822 0.0132164
554 0.885323 0.40949 0.0203894
555 0.885323 0.396102 0.0149022
556 0.885323 0.403409 0.0170393
557 0.885323 0.399779 0.0157779
558 0.885323 0.405824 0.0185883
559 0.885323 0.405698 0.0166115
560 0.885323 0.423615 0.015004
561 0.885323 0.414401 0.0128759
562 0.885323 0.381746 0.0147695
563 0.885323 0.377595 0.0145247
564 0.885323 0.373987 0.0125232
565 0.885323 0.382498 0.0139138
566 0.885323 0.386624 0.0146285
567 0.885323 0.398819 0.0205549
568 0.885323 0.393266 0.015451
569 0.885323 0.377558 0.0153861
570 0.885323 0.391052 0.0141384
571 0.885323 0.399441 0.015024
572 0.885323 0.410104 0.0152967
573 0.885323 0.387824 0.0149098
574 0.885323 0.388734 0.0160285
575 0.885323 0.409003 0.0168639
576 0.885323 0.406262 0.0139411
577 0.885323 0.405506 0.0115463
578 0.885323 0.406282 0.015203
579 0.885323 0.400817 0.016233
580 0.885323 0.40545 0.0164856
581 0.885323 0.409402 0.0177141
582 0.885323 0.391306 0.0124243
583 0.885323 0.391939 0.0138791
584 0.885323 0.402335 0.0169247
585 0.885323 0.401645 0.0122642
586 0.885323 0.390367 0.0127934
587 0.885323 0.400319 0.0129365
588 0.885323 0.39717 0.0139192
589 0.885323 0.392066 0.0130725
590 0.885323 0.393432 0.0132478
591 0.885323 0.404742 0.0155066
592 0.885323 0.406615 0.014164
593 0.885323 0.395488 0.0174572
594 0.885323 0.392723 0.0166656
595 0.885323 0.400438 0.017848
596 0.885323 0.409133 0.0156599
597 0.885323 0.411875 0.018003
598 0.885323 0.400802 0.0172868
599 0.885323 0.395965 0.013846
600 0.885323 0.392567 0.0146734
601 0.885323 0.396766 0.0152829
602 0.885323 0.395781 0.0167095
603 0.885323 0.397563 0.0148923
604 0.885323 0.397416 0.0153538
605 0.885323 0.405492 0.0189009
606 0.885323 0.392949 0.0152833
607 0.885323 0.398907 0.0170002
608 0.885323 0.395184 0.0141913
609 0.885323 0.39432 0.0137479
610 0.885323 0.393616 0.0145134
611 0.885323 0.404714 0.0187298
612 0.885323 0.401927 0.0172402
613 0.885323 0.411432 0.0190897
614 0.885323 0.415926 0.0174016
615 0.885323 0.424411 0.0171067
616 0.885323 0.395245 0.0134505
617 0.885323 0.409852 0.0159103
618 0.885323 0.399919 0.0159145
619 0.885323 0.417582 0.0171802
620 0.885323 0.405609 0.0165715
621 0.885323 0.414777 0.0181419
622 0.885323 0.406023 0.0158293
623 0.885323 0.383562 0.0149874
624 0.885323 0.408278 0.0158849
625 0.885323 0.409638 0.0163926
626 0.885323 0.417227 0.0157071
627 0.885323 0.414068 0.0181086
628 0.885323 0.416747 0.0205906
629 0.885323 0.418387 0.017035
630 0.885323 0.408575 0.0144254
631 0.885323 0.411118 0.0146008
632 0.885323 0.389085 0.0153449
633 0.885323 0.389467 0.0142589
634 0.885323 0.39847 0.0144088
635 0.885323 0.400227 0.0188927
636 0.885323 0.396656 0.0174442
637 0.885323 0.395136 0.0148248
638 0.885323 0.39396 0.0149418
639 0.885323 0.405652 0.0186152
640 0.885323 0.403763 0.0149038
641 0.885323 0.410613 0.0162394
642 0.885323 0.41703 0.0160751
643 0.885323 0.403538 0.0149438
644 0.885323 0.427318 0.0211786
645 0.885323 0.408477 0.0172741
646 0.885323 0.408164 0.0146194
647 0.885323 0.415199 0.0144387
648 0.885323 0.41857 0.0145864
649 0.885323 0.388005 0.0156092
650 0.885323 0.399513 0.0161737
651 0.885323 0.403185 0.0157546
652 0.885323 0.409157 0.0148215
653 0.885323 0.403223 0.0147128
654 0.885323 0.412412 0.0143831
655 0.885323 0.414234 0.0133721
656 0.885323 0.430098 0.0170055
657 0.885323 0.406907 0.014109
658 0.885323 0.400715 0.0123057
659 0.885323 0.40339 0.0163483
660 0.885323 0.404309 0.0190972
661 0.885323 0.403677 0.0179727
662 0.885323 0.405278 0.0155465
663 0.885323 0.403753 0.018581
664 0.885323 0.39728 0.0160085
665 0.885323 0.397111 0.0130381
666 0.885323 0.398275 0.015282
667 0.885323 0.404833 0.0174415
668 0.885323 0.411312 0.012891
669 0.885323 0.413169 0.0124219
670 0.885323 0.408583 0.0162606
671 0.885323 0.400827 0.012749
672 0.885323 0.395002 0.0158131
673 0.885323 0.397245 0.014064
674 0.885323 0.402929 0.0131827
675 0.885323 0.411022 0.0162371
676 0.885323 0.401787 0.01541
677 0.885323 0.399022 0.0158271
678 0.885323 0.395308 0.0136207
679 0.885323 0.383213 0.0145335
680 0.885323 0.394573 0.0149147
681 0.885323 0.397418 0.0160709
682 0.885323 0.377005 0.0117123
683 0.885323 0.394008 0.015589
684 0.885323 0.400436 0.0153016
685 0.885323 0.394012 0.0159353
686 0.885323 0.392486 0.016105
687 0.885323 0.377509 0.0134829
688 0.885323 0.372859 0.0119082
689 0.885323 0.394635 0.0167801
690 0.885323 0.384873 0.0168929
691 0.885323 0.37771 0.0159752
692 0.885323 0.3867 0.0161109
693 0.885323 0.390439 0.0155358
694 0.885323 0.391302 0.0188249
695 0.885323 0.390869 0.0157383
696 0.885323 0.378102 0.0159395
697 0.885323 0.368267 0.0152144
698 0.885323 0.401201 0.0199333
699 0.885323 0.394223 0.0189971
700 0.885323 0.387131 0.0168812
701 0.885323 0.384256 0.014886
702 0.885323 0.390928 0.0115825
703 0.885323 0.403753 0.0141252
704 0.885323 0.397877 0.0136143
705 0.885323 0.399806 0.0144236
706 0.885323 0.408265 0.0133217
707 0.885323 0.401313 0.017537
708 0.885323 0.407002 0.0176045
709 0.885323 0.410709 0.0185703
710 0.885323 0.405604 0.0160406
711 0.885323 0.396169 0.0155791
712 0.885323 0.398735 0.0183153
713 0.885323 0.382252 0.0125942
714 0.885323 0.391031 0.0146743
715 0.885323 0.39692 0.0150911
716 0.885323 0.399845 0.0170277
717 0.885323 0.381393 0.0134078
718 0.885323 0.389936 0.0174922
719 0.885323 0.388139 0.0120901
720 0.885323 0.400615 0.0121783
721 0.885323 0.403549 0.0132847
722 0.885323 0.392944 0.0155657
723 0.885323 0.385492 0.011653
724 0.885323 0.385071 0.0139213
725 0.885323 0.378243 0.0117499
726 0.885323 0.382736 0.013763
727 0.885323 0.381953 0.0151277
728 0.885323 0.374182 0.0160149
729 0.885323 0.399496 0.0171945
730 0.885323 0.377059 0.0186706
731 0.885323 0.3838 0.0214704
732 0.885323 0.38223 0.0190661
733 0.885323 0.370626 0.0142227
734 0.885323 0.374535 0.0145026
735 0.885323 0.365424 0.0154474
736 0.885323 0.384569 0.0152341
737 0.885323 0.386595 0.0169639
738 0.885323 0.387885 0.0151888
739 0.885323 0.379645 0.0156964
740 0.885323 0.378398 0.0135044
741 0.885323 0.373034 0.0144692
742 0.885323 0.387593 0.014228
743 0.885323 0.383534 0.0147883
744 0.885323 0.381531 0.0156257
745 0.885323 0.393716 0.0138938
746 0.885323 0.390657 0.0156584
747 0.885323 0.384073 0.0151286
748 0.885323 0.379906 0.0174698
749 0.885323 0.397757 0.0180893
750 0.885323 0.384069 0.0148825
751 0.885323 0.384066 0.013715
752 0.885323 0.395488 0.016084
753 0.885323 0.399798 0.0165454
754 0.885323 0.396895 0.0114999
755 0.885323 0.40291 0.0121051
756 0.885323 0.399582 0.0126683
757 0.885903 0.388644 0.0153928
758 0.885903 0.383428 0.0142124
759 0.885903 0.376975 0.0153263
760 0.885903 0.386014 0.0164716
761 0.885903 0.389826 0.0146067
762 0.885903 0.397939 0.0183505
763 0.885903 0.400536 0.0167838
764 0.885903 0.414708 0.0136994
765 0.885903 0.407293 0.0151766
766 0.885903 0.388903 0.0138804
767 0.885903 0.395464 0.0121362
768 0.885903 0.396138 0.0129061
769 0.885903 0.394636 0.0141403
770 0.885903 0.388009 0.0165437
771 0.885903 0.406732 0.0166425
772 0.885903 0.403331 0.0139778
773 0.885903 0.39397 0.012319
774 0.885903 0.397419 0.0137109
775 0.885903 0.398251 0.0176009
776 0.885903 0.395589 0.0133079
777 0.885903 0.407439 0.0137004
778 0.885903 0.409972 0.0144773
779 0.885903 0.401665 0.0137121
780 0.885903 0.419432 0.0166058
781 0.885903 0.407283 0.0172269
782 0.885903 0.412133 0.0186545
783 0.885903 0.396489 0.0131501
784 0.885903 0.391822 0.0156093
785 0.885903 0.390919 0.0165009
786 0.885903 0.397297 0.01394
787 0.885903 0.391954 0.0149774
788 0.885903 0.398241 0.0186793
789 0.885903 0.401118 0.0154187
790 0.885903 0.389963 0.0142745
791 0.885903 0.413142 0.0137299
792 0.885903 0.408968 0.0140124
793 0.885903 0.392753 0.0134493
794 0.885903 0.393423 0.0151915
795 0.885903 0.40661 0.0133915
796 0.885903 0.399087 0.0134512
797 0.885903 0.397712 0.0163758
798 0.885903 0.405553 0.0139691
799 0.885903 0.398766 0.0128957
800 0.885903 0.39 0.0106321
801 0.885903 0.390577 0.0139489
802 0.885903 0.389987 0.0137592
803 0.885903 0.395957 0.0144249
804 0.885903 0.409033 0.0153805
805 0.885903 0.403579 0.0143952
806 0.885903 0.39563 0.0171254
807 0.885903 0.393744 0.0146017
808 0.885903 0.404174 0.0143791
809 0.885903 0.405549 0.0157745
810 0.885903 0.393731 0.0144193
811 0.885903 0.376018 0.0116378
812 0.885903 0.403084 0.0178165
813 0.885903 0.381309 0.0134901
814 0.885903 0.373607 0.0149025
815 0.885903 0.37903 0.0162502
816 0.885903 0.375533 0.0124127
817 0.885903 0.371818 0.0139858
818 0.885903 0.387434 0.0177994
819 0.885903 0.403233 0.0192077
820 0.885903 0.387347 0.0149784
821 0.885903 0.403799 0.0154151
822 0.885903 0.416924 0.0170838
823 0.885903 0.404694 0.016272
824 0.885903 0.407011 0.0167984
825 0.885903 0.403381 0.019113
826 0.885903 0.395167 0.0138095
827 0.885903 0.394121 0.0129285
828 0.885903 0.407445 0.0135685
829 0.885903 0.41189 0.0140763
830 0.885903 0.381702 0.0131537
831 0.885903 0.387661 0.0174041
832 0.885903 0.381718 0.0131302
833 0.885903 0.391181 0.0171139
834 0.885903 0.396629 0.0164148
835 0.885903 0.381746 0.0119774
836 0.885903 0.379259 0.0144121
837 0.885903 0.389562 0.0141175
838 0.885903 0.390909 0.0156121
839 0.885903 0.389238 0.0150654
840 0.885903 0.405339 0.016988
841 0.885903 0.392164 0.0137173
842 0.885903 0.3987 0.0132331
843 0.885903 0.394885 0.0135946
844 0.885903 0.395321 0.0144067
845 0.885903 0.391407 0.0137415
846 0.885903 0.383377 0.0138432
847 0.885903 0.380377 0.0172117
848 0.885903 0.388888 0.014235
849 0.885903 0.385965 0.0145446
850 0.885903 0.392313 0.015464
851 0.885903 0.375077 0.0140581
852 0.885903 0.391145 0.0156465
853 0.885903 0.368168 0.0148886
854 0.885903 0.388833 0.0174514
855 0.885903 0.384933 0.0124457
856 0.885903 0.38675 0.0142475
857 0.885903 0.379323 0.0128892
858 0.885903 0.393847 0.012034
859 0.885903 0.400643 0.0164866
860 0.885903 0.386525 0.0137096
861 0.885903 0.393638 0.0165563
862 0.885903 0.387355 0.0147084
863 0.885903 0.40869 0.0181432
864 0.885903 0.403809 0.0170215
865 0.885903 0.379499 0.0163645
866 0.885903 0.384003 0.01756
867 0.885903 0.37847 0.0159949
868 0.885903 0.374166 0.0154469
869 0.885903 0.379258 0.0141451
870 0.885903 0.389336 0.0144901
871 0.885903 0.396279 0.0114574
872 0.885903 0.404665 0.0152856
873 0.885903 0.408338 0.0148085
874 0.885903 0.402509 0.015294
875 0.885903 0.40262 0.0170084
876 0.885903 0.39511 0.014894
877 0.885903 0.397982 0.0129118
878 0.885903 0.392968 0.0143495
879 0.885903 0.40296 0.0152212
880 0.885903 0.414578 0.0157099
881 0.885903 0.426886 0.0211345
882 0.885903 0.428924 0.016841
883 0.885903 0.422072 0.0147402
884 0.885903 0.430815 0.017525
885 0.885903 0.401424 0.0150106
886 0.885903 0.393887 0.011879
887 0.885903 0.401482 0.0171043
888 0.885903 0.386662 0.0132188
889 0.885903 0.392034 0.0152257
890 0.885903 0.388576 0.0132789
891 0.885903 0.39937 0.0137499
892 0.885903 0.398276 0.0165607
893 0.885903 0.378689 0.0124722
894 0.885903 0.405513 0.014796
895 0.885903 0.386787 0.0172061
896 0.885903 0.392938 0.0161228
897 0.885903 0.386205 0.0172527
898 0.885903 0.384323 0.0157781
899 0.885903 0.377967 0.0159907
900 0.885903 0.382582 0.0145368
901 0.885903 0.373235 0.0174893
902 0.885903 0.362432 0.0167336
903 0.885903 0.37055 0.0148006
904 0.885903 0.372672 0.0145025
905 0.885903 0.377504 0.0146421
906 0.885903 0.374934 0.0142749
907 0.885903 0.364844 0.0158953
908 0.885903 0.379068 0.0175369
909 0.885903 0.371393 0.0150812
910 0.885903 0.370737 0.0139691
911 0.885903 0.380165 0.0154027
912 0.885903 0.408175 0.0192071
913 0.885903 0.389055 0.0193984
914 0.885903 0.371056 0.0136971
915 0.885903 0.38576 0.0125132
916 0.885903 0.385028 0.0175101
917 0.885903 0.389192 0.0150243
918 0.885903 0.394194 0.0157218
919 0.885903 0.39629 0.0179291
920 0.885903 0.38717 0.0150924
921 0.885903 0.391477 0.0145713
922 0.885903 0.403915 0.0165835
923 0.885903 0.390278 0.0163798
924 0.885903 0.402486 0.0135134
925 0.885903 0.404632 0.0180768
926 0.885903 0.402778 0.0161827
927 0.885903 0.399784 0.0146677
928 0.885903 0.418484 0.0192515
929 0.885903 0.414833 0.0186422
930 0.885903 0.412166 0.0206112
931 0.885903 0.403119 0.0185195
932 0.885903 0.398978 0.016257
933 0.885903 0.395113 0.015162
934 0.885903 0.398794 0.0138167
935 0.885903 0.398587 0.0152678
936 0.885903 0.387283 0.0159548
937 0.885903 0.395834 0.0152172
938 0.885903 0.402732 0.0154829
939 0.885903 0.385951 0.0145138
940 0.885903 0.375944 0.0148159
941 0.885903 0.401477 0.0163677
942 0.885903 0.406302 0.0156165
943 0.885903 0.413949 0.0166784
944 0.885903 0.406302 0.0171108
945 0.885903 0.384607 0.0173682
946 0.885903 0.388916 0.0152268
947 0.885903 0.388965 0.0160759
948 0.885903 0.393683 0.0148497
949 0.885903 0.391715 0.0178694
950 0.885903 0.383952 0.0154717
951 0.885903 0.380078 0.0158076
952 0.885903 0.390085 0.018367
953 0.885903 0.39064 0.0176486
954 0.885903 0.389491 0.015264
955 0.885903 0.382905 0.0136414
956 0.885903 0.370462 0.0136814
957 0.885903 0.377529 0.0160028
958 0.885903 0.397185 0.0158484
959 0.885903 0.405746 0.0151316
960 0.885903 0.404652 0.0147677
961 0.885903 0.393128 0.0140369
962 0.885903 0.399464 0.0156057
963 0.885903 0.40805 0.0114709
964 0.885903 0.392545 0.0111203
965 0.885903 0.390678 0.0132958
966 0.885903 0.407532 0.017879
967 0.885903 0.412708 0.0192307
968 0.885903 0.394111 0.0153503
969 0.885903 0.385952 0.0177298
970 0.885903 0.387649 0.013447
971 0.885903 0.394209 0.0169787
972 0.885903 0.388586 0.0143008
973 0.885903 0.381209 0.0129386
974 0.885903 0.377526 0.0159039
975 0.885903 0.366068 0.0147479
976 0.885903 0.35901 0.0175594
977 0.885903 0.386129 0.0185995
978 0.885903 0.38428 0.0185706
979 0.885903 0.373623 0.0149319
980 0.885903 0.383988 0.0157919
981 0.885903 0.383539 0.0184047
982 0.885903 0.396589 0.018695
983 0.885903 0.392318 0.0170489
984 0.885903 0.399164 0.0178475
985 0.885903 0.390241 0.0200907
986 0.885903 0.391918 0.0197834
987 0.885903 0.389882 0.0163193
988 0.885903 0.392523 0.0144334
989 0.885903 0.395117 0.0167644
990 0.885903 0.398483 0.0162602
991 0.885903 0.407949 0.0169356
992 0.885903 0.385437 0.0129437
993 0.885903 0.405441 0.0154536
994 0.885903 0.412282 0.0166551
995 0.885903 0.402079 0.0146854
996 0.885903 0.416681 0.0167495
997 0.885903 0.401596 0.0167948
998 0.885903 0.396869 0.016747
999 0.885903 0.391449 0.0124022
1000 0.885903 0.401746 0.0115676
