0 0.537122 0.493581 0.000675583
1 0.596216 0.504213 0.000318228
2 0.611234 0.505071 0.000703138
3 0.624405 0.509369 0.00127178
4 0.624405 0.512902 0.00126375
5 0.646221 0.514261 0.001915
6 0.724055 0.516598 0.00379668
7 0.724055 0.529524 0.00401494
8 0.724055 0.537025 0.00463313
9 0.724055 0.544828 0.00541135
10 0.724055 0.538916 0.00483282
11 0.724055 0.534725 0.00546162
12 0.7498 0.539735 0.00733905
13 0.7498 0.553621 0.00748711
14 0.7498 0.556229 0.00753303
15 0.7498 0.550522 0.00755348
16 0.7498 0.559717 0.00879382
17 0.781986 0.556671 0.00983178
18 0.781986 0.552023 0.00985241
19 0.850327 0.566408 0.0132788
20 0.89636 0.573206 0.0136454
21 0.89743 0.576446 0.0142155
22 0.90649 0.573093 0.0174134
23 0.906666 0.594917 0.020448
24 0.906666 0.588692 0.0216846
25 0.906666 0.5819 0.0221427
26 0.906666 0.593985 0.0243493
27 0.906666 0.597043 0.0265378
28 0.906666 0.639133 0.0307369
29 0.906666 0.647016 0.0309347
30 0.913184 0.659188 0.0314307
31 0.913184 0.652643 0.0294495
32 0.913184 0.6427 0.0272745
33 0.913184 0.6461 0.0273173
34 0.913184 0.660494 0.028395
35 0.921727 0.671693 0.0301416
36 0.921727 0.653373 0.0311056
37 0.921727 0.660257 0.0292034
38 0.921727 0.65947 0.0271437
39 0.921727 0.661999 0.0280015
40 0.921727 0.669968 0.0257316
41 0.921855 0.684113 0.0250889
42 0.921855 0.699742 0.0247762
43 0.921855 0.701938 0.0254858
44 0.921855 0.710625 0.024381
45 0.921855 0.727248 0.0231915
46 0.921855 0.740867 0.0219124
47 0.921855 0.737972 0.0231182
48 0.921855 0.766913 0.0180698
49 0.92364 0.77613 0.0150474
50 0.928401 0.764592 0.0175161
51 0.928401 0.757722 0.0181239
52 0.929121 0.752278 0.0189054
53 0.938278 0.755995 0.019369
54 0.938993 0.753539 0.0175887
55 0.938993 0.75704 0.0169658
56 0.938993 0.744094 0.0206499
57 0.942107 0.73816 0.0210967
58 0.942107 0.73412 0.0216436
59 0.942107 0.754829 0.0192863
60 0.942107 0.766986 0.0188625
61 0.942107 0.779045 0.0180176
62 0.942107 0.791743 0.016052
63 0.942107 0.787326 0.0171214
64 0.942107 0.759756 0.0195936
65 0.942107 0.774791 0.0177598
66 0.942107 0.773349 0.0239877
67 0.942107 0.769373 0.0236239
68 0.944804 0.765497 0.0260224
69 0.944804 0.757655 0.0257427
70 0.944804 0.75733 0.0234158
71 0.944804 0.774487 0.0225254
72 0.944804 0.78415 0.0201674
73 0.944804 0.793144 0.019176
74 0.944804 0.797948 0.0172387
75 0.944804 0.795137 0.0215645
76 0.944804 0.799735 0.0164775
77 0.944804 0.806305 0.0163981
78 0.944804 0.793268 0.0173434
79 0.944804 0.801011 0.0170813
80 0.949657 0.782335 0.0195146
81 0.950756 0.786587 0.0200783
82 0.950756 0.802653 0.0200793
83 0.950756 0.802802 0.0205283
84 0.950756 0.809662 0.0160391
85 0.950756 0.80436 0.0172241
86 0.950756 0.814987 0.0140082
87 0.950756 0.824268 0.0125311
88 0.951571 0.827787 0.0134723
89 0.951571 0.839074 0.0102917
90 0.951571 0.847217 0.0103664
91 0.951571 0.85299 0.00974515
92 0.951571 0.848896 0.0121581
93 0.951571 0.855959 0.0106236
94 0.951571 0.85822 0.00946401
95 0.951571 0.864579 0.00815554
96 0.957503 0.856152 0.0100034
97 0.957503 0.863793 0.00879864
98 0.957503 0.873113 0.00719763
99 0.957503 0.877711 0.00648863
100 0.959798 0.884843 0.00598259
101 0.959798 0.886476 0.00463322
102 0.959798 0.879449 0.00626746
103 0.959798 0.87907 0.00450208
104 0.959798 0.880465 0.00443323
105 0.959798 0.888058 0.00368524
106 0.959798 0.880658 0.00466358
107 0.959798 0.872616 0.00441017
108 0.959798 0.876049 0.0047287
109 0.959798 0.879128 0.00427885
110 0.959798 0.874137 0.00612835
111 0.959798 0.873497 0.00507656
112 0.959798 0.869549 0.00506832
113 0.959798 0.875552 0.0045577
114 0.959798 0.879724 0.00433722
115 0.966266 0.882845 0.00451068
116 0.966266 0.881263 0.00550611
117 0.966266 0.880807 0.00560787
118 0.966266 0.881019 0.00483011
119 0.966266 0.884522 0.0042905
120 0.966266 0.880137 0.00498571
121 0.966266 0.876344 0.00508174
122 0.966266 0.875981 0.00545096
123 0.966266 0.88093 0.00597143
124 0.966266 0.877079 0.00521909
125 0.966266 0.884896 0.00399808
126 0.966266 0.89231 0.00338329
127 0.966266 0.882804 0.00457017
128 0.966266 0.883518 0.00524115
129 0.966266 0.87745 0.00691106
130 0.966266 0.890303 0.00452768
131 0.966266 0.891507 0.00398347
132 0.966266 0.887799 0.00465372
133 0.966266 0.876761 0.00532786
134 0.966266 0.876714 0.00496221
135 0.966266 0.885575 0.00407725
136 0.966266 0.888195 0.00530199
137 0.966266 0.877137 0.00586905
138 0.966266 0.878629 0.00580834
139 0.966266 0.87303 0.00754062
140 0.966266 0.863183 0.00937566
141 0.966266 0.866843 0.00858287
142 0.966266 0.872482 0.00683883
143 0.966266 0.875115 0.00637061
144 0.966266 0.872165 0.00771771
145 0.966266 0.870879 0.00682231
146 0.966266 0.874678 0.00685131
147 0.966266 0.874735 0.00729175
148 0.966266 0.877122 0.00855033
149 0.966266 0.866425 0.00831162
150 0.966266 0.889425 0.00309527
151 0.966266 0.893404 0.00373374
152 0.966266 0.890148 0.00424955
153 0.966266 0.889018 0.00537948
154 0.966266 0.875328 0.00675665
155 0.966266 0.878332 0.00539692
156 0.966266 0.873274 0.00686282
157 0.966266 0.878803 0.00611585
158 0.966266 0.868491 0.00745068
159 0.966266 0.853972 0.00995611
160 0.966266 0.864028 0.0077355
161 0.967843 0.873998 0.00582522
162 0.967843 0.883574 0.00441227
163 0.967843 0.885087 0.00454684
164 0.967843 0.890405 0.00319973
165 0.967843 0.889792 0.00451186
166 0.967843 0.889949 0.00399404
167 0.967843 0.88593 0.00455207
168 0.967843 0.891424 0.00374908
169 0.967843 0.894542 0.00398404
170 0.967843 0.88814 0.00423967
171 0.967843 0.884863 0.00393586
172 0.967843 0.886945 0.00538829
173 0.967843 0.886784 0.0052976
174 0.967843 0.885075 0.00453807
175 0.967843 0.885631 0.00481183
176 0.967843 0.891555 0.00377888
177 0.967843 0.891185 0.00463231
178 0.969641 0.889751 0.00582647
179 0.969641 0.889689 0.0059695
180 0.969641 0.888901 0.00402013
181 0.969641 0.887191 0.00473182
182 0.969641 0.891267 0.00365482
183 0.969641 0.888616 0.00509514
184 0.969641 0.897865 0.00444911
185 0.969641 0.893142 0.00336895
186 0.969641 0.889806 0.00425571
187 0.969641 0.88182 0.00656357
188 0.969641 0.894362 0.00695942
189 0.970144 0.869807 0.00812012
190 0.970144 0.877705 0.00725775
191 0.970144 0.898758 0.00377442
192 0.970144 0.892956 0.0067252
193 0.970144 0.887516 0.00753732
194 0.970144 0.892743 0.0070596
195 0.970144 0.890855 0.0054759
196 0.970144 0.893614 0.00410507
197 0.971697 0.894566 0.00586477
198 0.971697 0.891406 0.00634574
199 0.971697 0.887745 0.00817491
200 0.974717 0.896831 0.00650225
201 0.974717 0.901912 0.00522458
202 0.974717 0.896858 0.00462635
203 0.974722 0.897151 0.00481264
204 0.974722 0.887518 0.0057306
205 0.974722 0.890225 0.00399311
206 0.974722 0.878434 0.00502139
207 0.974722 0.882571 0.00674964
208 0.974722 0.880067 0.00877031
209 0.974722 0.872506 0.00886047
210 0.974722 0.869098 0.0104255
211 0.974722 0.884839 0.00554192
212 0.974722 0.884698 0.00576772
213 0.974722 0.891697 0.00597967
214 0.976326 0.886996 0.00643255
215 0.976326 0.894505 0.00517847
216 0.976326 0.88716 0.00472727
217 0.976326 0.884586 0.00488737
218 0.976326 0.88635 0.0054898
219 0.976326 0.890264 0.00605978
220 0.976326 0.888611 0.00436192
221 0.976326 0.883867 0.00478623
222 0.976326 0.887772 0.00516893
223 0.976326 0.888068 0.0060518
224 0.976326 0.879743 0.0091844
225 0.976326 0.867425 0.00885125
226 0.976326 0.864705 0.0100958
227 0.976326 0.877959 0.00734383
228 0.976326 0.868978 0.00825976
229 0.976326 0.8658 0.00879002
230 0.976326 0.863023 0.00947949
231 0.976326 0.858916 0.00977733
232 0.976326 0.859535 0.0086944
233 0.97688 0.863087 0.00892867
234 0.97688 0.876811 0.00801624
235 0.97688 0.874203 0.00888618
236 0.97688 0.874454 0.0084814
237 0.97688 0.859218 0.00962423
238 0.97688 0.866013 0.00868178
239 0.97688 0.879132 0.00813059
240 0.97688 0.89024 0.00728835
241 0.97688 0.896349 0.00508137
242 0.97688 0.886715 0.00461146
243 0.97688 0.886402 0.0048509
244 0.97688 0.886934 0.00597638
245 0.97688 0.90389 0.00304984
246 0.97688 0.909363 0.00341383
247 0.97688 0.903817 0.00347702
248 0.97688 0.894295 0.0050223
249 0.97688 0.899974 0.00389165
250 0.97688 0.9149 0.00352236
251 0.97688 0.909428 0.00320885
252 0.97688 0.907759 0.00355261
253 0.97688 0.899979 0.00446704
254 0.976894 0.903302 0.00384669
255 0.976894 0.902926 0.00503191
256 0.976894 0.903371 0.00528708
257 0.976894 0.90143 0.00459065
258 0.978633 0.900051 0.00656037
259 0.978633 0.903694 0.004737
260 0.978633 0.901654 0.00508427
261 0.978633 0.897151 0.0046475
262 0.978633 0.892178 0.00552719
263 0.978633 0.895377 0.00585549
264 0.978633 0.8983 0.00551637
265 0.981356 0.895749 0.00681797
266 0.981356 0.902823 0.00516574
267 0.981356 0.908558 0.00393247
268 0.981356 0.909404 0.00419773
269 0.981356 0.902328 0.00465195
270 0.981356 0.905341 0.00404638
271 0.981356 0.904839 0.00369737
272 0.981356 0.903791 0.00343716
273 0.981356 0.897492 0.00511347
274 0.981356 0.908003 0.00304254
275 0.981356 0.91088 0.00447764
276 0.985553 0.913495 0.0050381
277 0.985553 0.919112 0.00296779
278 0.985553 0.915126 0.00363065
279 0.985553 0.913518 0.00298374
280 0.985553 0.910842 0.00370844
281 0.985553 0.908074 0.00414459
282 0.985553 0.908517 0.00495611
283 0.985553 0.914182 0.00331031
284 0.985553 0.907367 0.00357725
285 0.985553 0.905494 0.00357885
286 0.985553 0.904285 0.00414447
287 0.985553 0.901738 0.00478823
288 0.985553 0.904142 0.00641459
289 0.985553 0.876894 0.0114735
290 0.985553 0.882389 0.00746134
291 0.985553 0.898742 0.00772596
292 0.985553 0.88951 0.0089825
293 0.985553 0.900961 0.00409096
294 0.985553 0.906142 0.00464763
295 0.985553 0.898808 0.00497285
296 0.985553 0.899072 0.00486904
297 0.985553 0.894651 0.00625153
298 0.985553 0.895658 0.00637513
299 0.985553 0.893628 0.0070608
300 0.985553 0.897602 0.00608143
301 0.985553 0.897009 0.00507397
302 0.985553 0.903336 0.00363302
303 0.985553 0.906071 0.00430879
304 0.985553 0.900533 0.00546907
305 0.985553 0.904691 0.00439157
306 0.985553 0.90459 0.00404709
307 0.985553 0.909107 0.00429794
308 0.985553 0.912851 0.00401478
309 0.985553 0.913886 0.0033156
310 0.985553 0.917021 0.00301004
311 0.985553 0.910946 0.00471637
312 0.985553 0.913642 0.00388564
313 0.985553 0.910309 0.00367401
314 0.985553 0.917089 0.00353494
315 0.985553 0.907124 0.00390084
316 0.985553 0.906312 0.00432286
317 0.985553 0.917245 0.00377371
318 0.985553 0.91635 0.00296584
319 0.985628 0.911447 0.00505104
320 0.985628 0.915145 0.00684308
321 0.985628 0.915405 0.00496291
322 0.985628 0.912159 0.00429403
323 0.985628 0.912155 0.00412317
324 0.985628 0.910291 0.00513548
325 0.985628 0.900471 0.0052676
326 0.985628 0.903217 0.00577988
327 0.985628 0.902161 0.00609072
328 0.985628 0.893312 0.00684264
329 0.985628 0.895182 0.00590456
330 0.985628 0.904915 0.00440546
331 0.985628 0.904906 0.00607845
332 0.985628 0.907942 0.00441517
333 0.985628 0.903948 0.00444606
334 0.985628 0.907144 0.00478972
335 0.985628 0.908857 0.00515091
336 0.985628 0.907063 0.00456641
337 0.985628 0.909913 0.00400225
338 0.985628 0.897842 0.00540649
339 0.985628 0.898817 0.00744143
340 0.985628 0.899352 0.00556603
341 0.985628 0.902478 0.00552435
342 0.986441 0.901353 0.00637634
343 0.986441 0.898505 0.0074385
344 0.986441 0.907113 0.00519777
345 0.986441 0.9036 0.0057881
346 0.986441 0.897549 0.00572995
347 0.986441 0.920253 0.00309681
348 0.986441 0.910533 0.00446401
349 0.986441 0.909285 0.00450131
350 0.986441 0.908896 0.00564221
351 0.990177 0.914589 0.00630527
352 0.990177 0.901078 0.00867774
353 0.990177 0.903611 0.00748375
354 0.990177 0.907336 0.00644315
355 0.990177 0.913481 0.00417674
356 0.990177 0.918479 0.00317134
357 0.990177 0.921484 0.00236803
358 0.990177 0.919139 0.00301257
359 0.990177 0.919457 0.00276187
360 0.990177 0.908638 0.00402546
361 0.990177 0.902227 0.00590857
362 0.9904 0.91359 0.00449641
363 0.9904 0.908672 0.00530111
364 0.9904 0.904526 0.00496255
365 0.9904 0.892357 0.00628488
366 0.9904 0.899343 0.00533964
367 0.9904 0.90573 0.00521916
368 0.9904 0.915509 0.00383636
369 0.9904 0.909514 0.00430558
370 0.9904 0.906848 0.00641138
371 0.9904 0.901059 0.00669823
372 0.9904 0.913574 0.0055715
373 0.9904 0.902242 0.00686857
374 0.9904 0.907 0.00489849
375 0.9904 0.904382 0.00585088
376 0.9904 0.903937 0.00733496
377 0.9904 0.894194 0.00874786
378 0.9904 0.898342 0.00843089
379 0.9904 0.897936 0.00944656
380 0.9904 0.9 0.00943325
381 0.9904 0.897999 0.00888992
382 0.9904 0.899834 0.00874048
383 0.9904 0.902598 0.00919716
384 0.9904 0.906409 0.00638263
385 0.9904 0.912963 0.00562487
386 0.9904 0.908136 0.00743133
387 0.9904 0.910571 0.00655256
388 0.9904 0.907545 0.00676076
389 0.9904 0.927321 0.00348402
390 0.9904 0.920984 0.00329733
391 0.9904 0.921537 0.00357418
392 0.9904 0.923228 0.00357096
393 0.9904 0.920942 0.00381029
394 0.9904 0.913061 0.00449131
395 0.9904 0.917985 0.00319583
396 0.9904 0.917738 0.00324728
397 0.9904 0.909418 0.00363441
398 0.990412 0.914127 0.00588434
399 0.990412 0.915758 0.00540146
400 0.99067 0.913699 0.00565775
401 0.99067 0.912038 0.00621324
402 0.99067 0.912506 0.00668063
403 0.99067 0.91576 0.00578053
404 0.99067 0.912515 0.00580048
405 0.99067 0.913956 0.0055048
406 0.99067 0.910725 0.0048775
407 0.99067 0.909603 0.00541298
408 0.99067 0.908649 0.00677044
409 0.99067 0.911364 0.00567007
410 0.99067 0.916178 0.00483796
411 0.99067 0.913629 0.00624799
412 0.99067 0.919185 0.00376051
413 0.994662 0.919353 0.00458858
414 0.994662 0.918346 0.00384712
415 0.994662 0.915976 0.00430625
416 0.994771 0.924093 0.00459375
417 0.994771 0.921718 0.00426904
418 0.994771 0.911985 0.00600188
419 0.994771 0.917647 0.00396888
420 0.994771 0.926757 0.00354526
421 0.994771 0.920749 0.00491658
422 0.994771 0.916301 0.00713742
423 0.994771 0.916295 0.0076158
424 0.994771 0.915145 0.00809376
425 0.994771 0.917296 0.0079391
426 0.994771 0.915775 0.00636127
427 0.994771 0.915637 0.00663754
428 0.994771 0.907608 0.00766386
429 0.994771 0.903693 0.0088916
430 0.994771 0.908332 0.0070624
431 0.994771 0.912961 0.00751738
432 0.994771 0.910917 0.00657023
433 0.994771 0.919707 0.00491667
434 0.994771 0.917315 0.00552661
435 0.994771 0.928384 0.00384639
436 0.994771 0.931417 0.00294237
437 0.994771 0.913442 0.0052207
438 0.994771 0.913363 0.00550746
439 0.994771 0.922836 0.00517299
440 0.994771 0.926036 0.00355047
441 0.994771 0.918547 0.00504856
442 0.994771 0.917056 0.0047065
443 0.994771 0.912481 0.0065756
444 0.994771 0.925799 0.00493532
445 0.994771 0.931244 0.00320218
446 0.994771 0.933251 0.00320685
447 0.994771 0.9305 0.00261009
448 0.994771 0.925494 0.00375572
449 0.994771 0.930042 0.00297964
450 0.994771 0.936091 0.00268599
451 0.994771 0.933686 0.00226407
452 0.994771 0.934281 0.00241189
453 0.994771 0.931375 0.00270013
454 0.994771 0.931736 0.00222199
455 0.994771 0.927832 0.003194
456 0.994771 0.929397 0.00303297
457 0.994771 0.925069 0.00442472
458 0.994771 0.927021 0.0029332
459 0.994771 0.929012 0.00313994
460 0.994771 0.921333 0.00395179
461 0.994771 0.927187 0.00399273
462 0.994771 0.923601 0.00403519
463 0.995666 0.923775 0.00443821
464 0.995666 0.914658 0.006008
465 0.995666 0.918603 0.00439223
466 0.995666 0.917029 0.00538756
467 0.995666 0.921274 0.00564882
468 0.995666 0.931179 0.00371324
469 0.995666 0.938085 0.00224649
470 0.995666 0.939021 0.00201789
471 0.995666 0.92966 0.00327623
472 0.995666 0.92526 0.00378645
473 0.995666 0.930861 0.00361444
474 0.995666 0.927478 0.00424708
475 0.995666 0.93899 0.00180602
476 0.995666 0.932529 0.00213872
477 0.995666 0.924179 0.00435564
478 0.995666 0.922761 0.00630904
479 0.995666 0.925769 0.00398468
480 0.995666 0.928658 0.00298925
481 0.995666 0.929765 0.00280343
482 0.995666 0.932292 0.00258979
483 0.995666 0.929219 0.0030026
484 0.995666 0.920387 0.00483511
485 0.995666 0.915987 0.00412535
486 0.995666 0.915965 0.005091
487 0.995666 0.916009 0.0051283
488 0.995666 0.913721 0.00479611
489 0.995666 0.919078 0.0045153
490 0.995666 0.925325 0.00515188
491 0.995666 0.914188 0.00678162
492 0.995666 0.90617 0.00802786
493 0.995666 0.915414 0.00557349
494 0.995666 0.910951 0.00878318
495 0.995666 0.908797 0.00765131
496 0.995666 0.925331 0.00321306
497 0.995666 0.90753 0.00739346
498 0.995666 0.910176 0.00797312
499 0.995666 0.907641 0.00673347
500 0.995666 0.914772 0.00638061
501 0.995666 0.921873 0.00631847
502 0.995666 0.920385 0.00574823
503 0.995666 0.91469 0.00691999
504 0.995666 0.904755 0.00968515
505 0.995666 0.892542 0.00832077
506 0.995666 0.899741 0.00844133
507 0.995666 0.89559 0.0100068
508 0.995666 0.915386 0.00679871
509 0.995666 0.927331 0.00428169
510 0.995666 0.920507 0.00452542
511 0.995666 0.92274 0.00356953
512 0.995666 0.926317 0.0040113
513 0.995666 0.918089 0.00580694
514 0.995666 0.923485 0.00737806
515 0.995666 0.929998 0.00416923
516 0.995666 0.931405 0.0023466
517 0.995666 0.929027 0.00427229
518 0.995666 0.925576 0.00473119
519 0.995666 0.925848 0.00352978
520 0.995666 0.925655 0.00381503
521 0.995666 0.924834 0.00402706
522 0.995666 0.935836 0.00348364
523 0.995666 0.925219 0.00384979
524 0.995666 0.92137 0.00520451
525 0.995666 0.92201 0.00450993
526 0.995666 0.920009 0.00561189
527 0.995666 0.909553 0.00749316
528 0.995666 0.921021 0.00446197
529 0.995666 0.916907 0.0063641
530 0.995666 0.91704 0.00508323
531 0.995666 0.921975 0.00478108
532 0.995666 0.925055 0.00397511
533 0.995666 0.923601 0.00511031
534 0.995666 0.924246 0.00337526
535 0.995666 0.925858 0.00357489
536 0.995666 0.928086 0.0027735
537 0.995666 0.913011 0.0050573
538 0.995666 0.912853 0.00560848
539 0.995666 0.918904 0.00481522
540 0.995666 0.918188 0.00390205
541 0.995666 0.914944 0.00559673
542 0.995666 0.910566 0.00644667
543 0.995666 0.918317 0.0068137
544 0.995666 0.920173 0.00486096
545 0.995666 0.930149 0.00393255
546 0.995666 0.919353 0.00516597
547 0.995666 0.920729 0.00575431
548 0.995666 0.913434 0.00727128
549 0.995666 0.91336 0.00905038
550 0.995666 0.918804 0.00670105
551 0.995666 0.927554 0.00466665
552 0.995666 0.927425 0.00269307
553 0.995666 0.930357 0.00261083
554 0.995666 0.926318 0.00337267
555 0.995666 0.916621 0.00528264
556 0.995666 0.921023 0.0038327
557 0.995666 0.921324 0.00450482
558 0.995666 0.91147 0.00752266
559 0.995666 0.914578 0.00551635
560 0.995666 0.92459 0.00341444
561 0.995666 0.922244 0.00377722
562 0.995666 0.925436 0.00391676
563 0.995666 0.928143 0.00435402
564 0.995666 0.923609 0.00412209
565 0.995666 0.931604 0.00391492
566 0.995666 0.931005 0.00286853
567 0.995666 0.930705 0.00316475
568 0.995666 0.919798 0.00455064
569 0.995666 0.923168 0.00394869
570 0.995666 0.925285 0.00350434
571 0.995666 0.926146 0.00343116
572 0.995666 0.921493 0.00286803
573 0.995666 0.923811 0.00380313
574 0.995666 0.922023 0.00335587
575 0.995666 0.926973 0.00289992
576 0.995666 0.924927 0.00327108
577 0.995666 0.912463 0.00480563
578 0.995666 0.922643 0.00418544
579 0.995666 0.927324 0.00267059
580 0.995666 0.93673 0.00193591
581 0.995666 0.930002 0.00505286
582 0.995666 0.930745 0.00472267
583 0.995738 0.92748 0.00396203
584 0.995738 0.937223 0.0027269
585 0.995738 0.936842 0.00186021
586 0.995738 0.933355 0.00252076
587 0.995738 0.932203 0.00281255
588 0.995738 0.936552 0.00241021
589 0.995738 0.93257 0.00265196
590 0.995763 0.932115 0.00279203
591 0.995763 0.926005 0.00392436
592 0.995763 0.924253 0.00429745
593 0.995763 0.918514 0.00437101
594 0.995763 0.918616 0.00433846
595 0.995763 0.928895 0.00280939
596 0.995763 0.923471 0.00264472
597 0.995763 0.925081 0.00317542
598 0.995763 0.921852 0.0034548
599 0.995763 0.929177 0.00308976
600 0.995763 0.930036 0.0023269
601 0.995763 0.931193 0.00297649
602 0.995763 0.932664 0.00438703
603 0.995763 0.93371 0.00293854
604 0.995763 0.926003 0.00375708
605 0.995763 0.921643 0.00498158
606 0.995763 0.924256 0.00449736
607 0.995763 0.925126 0.00373495
608 0.995763 0.920912 0.00422179
609 0.995763 0.926525 0.00329591
610 0.995763 0.921288 0.00472501
611 0.995763 0.924075 0.00549981
612 0.995763 0.923297 0.00491474
613 0.995763 0.930674 0.00269271
614 0.995763 0.924727 0.00323808
615 0.995763 0.925117 0.00283138
616 0.995763 0.918418 0.00361195
617 0.995763 0.918737 0.00482777
618 0.995763 0.914406 0.00530361
619 0.995763 0.924504 0.0030494
620 0.995763 0.931679 0.00242243
621 0.995763 0.923963 0.0039913
622 0.995763 0.919492 0.00394198
623 0.995763 0.923118 0.00331693
624 0.995763 0.929086 0.00466652
625 0.995763 0.932585 0.00418395
626 0.995763 0.932084 0.00308055
627 0.995763 0.910126 0.00451989
628 0.995763 0.917252 0.0044733
629 0.995763 0.917051 0.00404234
630 0.995763 0.922926 0.0037175
631 0.995763 0.924609 0.0031718
632 0.995763 0.921023 0.00337389
633 0.995763 0.912152 0.00424201
634 0.995763 0.907109 0.00535158
635 0.995763 0.913399 0.00435818
636 0.995763 0.923605 0.00243331
637 0.995763 0.930977 0.00271521
638 0.995763 0.931843 0.00306218
639 0.995763 0.926513 0.00296329
640 0.995763 0.924476 0.00299652
641 0.995763 0.916702 0.00345257
642 0.995763 0.917136 0.00412786
643 0.995763 0.915901 0.00378352
644 0.995763 0.908949 0.00735692
645 0.995763 0.926623 0.00674165
646 0.995763 0.941136 0.00236981
647 0.995763 0.938621 0.00329243
648 0.995763 0.932205 0.00408417
649 0.995763 0.9331 0.00349091
650 0.995763 0.936009 0.00257338
651 0.995763 0.937692 0.00198454
652 0.995763 0.931395 0.00228889
653 0.995763 0.92589 0.00249514
654 0.995763 0.925139 0.00282613
655 0.995763 0.934629 0.00257292
656 0.995763 0.924541 0.00359744
657 0.995763 0.923387 0.00303599
658 0.995763 0.929185 0.00317187
659 0.995763 0.933365 0.00234835
660 0.995763 0.931462 0.00277174
661 0.995763 0.926261 0.00439051
662 0.995763 0.930176 0.00300602
663 0.995763 0.925701 0.00401767
664 0.995763 0.921167 0.00383284
665 0.995763 0.928192 0.00288086
666 0.995763 0.931115 0.00291663
667 0.995763 0.931447 0.00312619
668 0.995763 0.928896 0.00265755
669 0.995763 0.922956 0.00448117
670 0.995763 0.918373 0.00408793
671 0.995763 0.914189 0.00545276
672 0.995763 0.916846 0.00475141
673 0.995763 0.920876 0.00470925
674 0.995763 0.929977 0.00380322
675 0.995763 0.932311 0.00309207
676 0.995763 0.925792 0.00438491
677 0.995763 0.928797 0.00364694
678 0.995763 0.924346 0.00413788
679 0.995763 0.930328 0.0024914
680 0.995763 0.932255 0.00267326
681 0.995763 0.934337 0.00242467
682 0.995763 0.930293 0.00267681
683 0.995763 0.925288 0.00318492
684 0.995763 0.925132 0.00365725
685 0.995763 0.923974 0.00463707
686 0.995763 0.922093 0.00476816
687 0.995763 0.932086 0.0037357
688 0.995763 0.937713 0.0020933
689 0.995763 0.936666 0.00261155
690 0.995763 0.930476 0.00200885
691 0.995763 0.931692 0.00215243
692 0.995763 0.93301 0.00229932
693 0.995763 0.934325 0.0021883
694 0.995763 0.933696 0.00224132
695 0.995763 0.938572 0.0020137
696 0.995763 0.942119 0.00216843
697 0.995763 0.937293 0.00308232
698 0.995763 0.939931 0.00323362
699 0.995763 0.932324 0.00342914
700 0.995763 0.938188 0.00308847
701 0.995763 0.932098 0.00415752
702 0.995763 0.931467 0.0038558
703 0.995763 0.929613 0.0048226
704 0.995763 0.926502 0.00383746
705 0.995763 0.923744 0.00510027
706 0.995763 0.926525 0.00461748
707 0.995763 0.933873 0.00432699
708 0.995763 0.936926 0.00297914
709 0.995763 0.937788 0.00277063
710 0.995763 0.935696 0.00233451
711 0.995763 0.926929 0.004822
712 0.995763 0.92399 0.00424389
713 0.995763 0.922127 0.00456313
714 0.995763 0.930408 0.00278019
715 0.995763 0.926354 0.00270543
716 0.995763 0.930444 0.00330425
717 0.995763 0.923753 0.00379083
718 0.995763 0.923581 0.00325649
719 0.995763 0.930077 0.00353531
720 0.995763 0.92491 0.00494497
721 0.995763 0.919758 0.00521623
722 0.995763 0.927106 0.0041274
723 0.995763 0.932172 0.00363089
724 0.995763 0.930195 0.00457114
725 0.995763 0.930725 0.00456396
726 0.995763 0.929457 0.00392829
727 0.995763 0.931125 0.00320029
728 0.995763 0.928514 0.00411794
729 0.995763 0.924198 0.00406557
730 0.995763 0.927772 0.00393246
731 0.995763 0.935222 0.00286537
732 0.995763 0.939334 0.00242033
733 0.995763 0.936739 0.00276506
734 0.995763 0.918814 0.00413987
735 0.995763 0.932299 0.00311697
736 0.995763 0.935909 0.00295185
737 0.995763 0.934146 0.00314275
738 0.995763 0.931662 0.00314561
739 0.995763 0.935288 0.00254895
740 0.995763 0.936263 0.00313737
741 0.995763 0.926358 0.00440248
742 0.995763 0.929117 0.00439757
743 0.995763 0.933375 0.00266287
744 0.995763 0.930503 0.00391911
745 0.995763 0.934509 0.00283125
746 0.995763 0.925624 0.00505617
747 0.995763 0.930857 0.00359466
748 0.995763 0.923423 0.0051937
749 0.995763 0.93057 0.00356441
750 0.995763 0.929733 0.00347772
751 0.995763 0.926116 0.0041742
752 0.995763 0.922462 0.00436075
753 0.995763 0.922156 0.00569857
754 0.995763 0.930906 0.00347531
755 0.995763 0.91518 0.00692896
756 0.995763 0.919526 0.00702243
757 0.995763 0.925818 0.00507603
758 0.995763 0.931606 0.00304735
759 0.995763 0.940656 0.00189647
760 0.995763 0.942379 0.00187902
761 0.995763 0.935871 0.00382698
762 0.995763 0.935113 0.00395777
763 0.995763 0.93143 0.00585084
764 0.995763 0.925808 0.00509817
765 0.995763 0.921046 0.00734942
766 0.995763 0.917956 0.00713077
767 0.995763 0.916452 0.00711008
768 0.995763 0.920949 0.00628939
769 0.995763 0.930589 0.00398358
770 0.995763 0.929409 0.00439224
771 0.995763 0.933249 0.00455389
772 0.995763 0.931612 0.00395247
773 0.995763 0.925015 0.00415993
774 0.995763 0.921033 0.00443061
775 0.995763 0.93017 0.00326105
776 0.995763 0.939442 0.00226929
777 0.995763 0.939518 0.00247429
778 0.995763 0.930891 0.0041979
779 0.995763 0.927384 0.00440676
780 0.995763 0.925806 0.00346857
781 0.995763 0.926102 0.00478747
782 0.995763 0.923326 0.00583022
783 0.995763 0.930673 0.00507608
784 0.995763 0.932636 0.00533554
785 0.995773 0.928102 0.00568108
786 0.995773 0.924666 0.00470051
787 0.995773 0.929101 0.00352127
788 0.995773 0.93124 0.00384717
789 0.995773 0.928199 0.00458375
790 0.995773 0.930318 0.00459304
791 0.995773 0.936644 0.0030228
792 0.995773 0.934943 0.00311147
793 0.995773 0.930232 0.00372116
794 0.995773 0.920597 0.00542139
795 0.995773 0.927898 0.0037816
796 0.995773 0.919858 0.00505894
797 0.995773 0.921445 0.00612973
798 0.995773 0.926465 0.00530291
799 0.995773 0.922832 0.00493072
800 0.995773 0.926186 0.00359288
801 0.995956 0.928161 0.0044072
802 0.995956 0.933202 0.00273635
803 0.995956 0.936849 0.00266054
804 0.995956 0.933692 0.00270004
805 0.995956 0.9367 0.00209359
806 0.995956 0.939574 0.00232798
807 0.995956 0.931599 0.00302536
808 0.995956 0.930065 0.00320397
809 0.996557 0.93202 0.00310296
810 0.996557 0.929825 0.00385812
811 0.996557 0.934692 0.00370444
812 0.996557 0.925955 0.00495978
813 0.996557 0.93123 0.00252994
814 0.996557 0.931773 0.00262546
815 0.996557 0.929175 0.00291498
816 0.996557 0.925913 0.00360074
817 0.996557 0.931393 0.00304391
818 0.996557 0.927651 0.0025259
819 0.996557 0.925453 0.00300724
820 0.996557 0.922284 0.00437629
821 0.996557 0.910581 0.00557692
822 0.996557 0.931115 0.00283541
823 0.996557 0.927745 0.00359394
824 0.996557 0.926584 0.00364448
825 0.996557 0.922943 0.00376632
826 0.996557 0.922809 0.00386114
827 0.996557 0.928848 0.00290851
828 0.996557 0.928032 0.00322886
829 0.996557 0.930517 0.00431528
830 0.996557 0.928492 0.005539
831 0.996557 0.91724 0.00778813
832 0.996557 0.930135 0.00484924
833 0.996557 0.927321 0.00559784
834 0.996731 0.926406 0.00589117
835 0.996731 0.925751 0.00641605
836 0.996731 0.923634 0.00595628
837 0.996731 0.926186 0.00434803
838 0.996731 0.932248 0.00341325
839 0.996731 0.930606 0.00404111
840 0.996731 0.938672 0.002927
841 0.996731 0.935217 0.00356365
842 0.996731 0.935133 0.00372008
843 0.996731 0.942415 0.00262693
844 0.996731 0.939759 0.00285299
845 0.996731 0.941491 0.00254872
846 0.996731 0.941684 0.0024537
847 0.996731 0.937333 0.00291772
848 0.996731 0.94224 0.00220375
849 0.996731 0.939268 0.00331642
850 0.996731 0.941104 0.00359705
851 0.996731 0.941627 0.00341426
852 0.996731 0.942583 0.00240191
853 0.996731 0.939706 0.00281048
854 0.996731 0.941266 0.00283239
855 0.996731 0.939515 0.00436779
856 0.996731 0.941208 0.00266487
857 0.996731 0.938292 0.00375947
858 0.996731 0.933616 0.00421842
859 0.996731 0.93256 0.003667
860 0.996731 0.928661 0.00369271
861 0.996731 0.93364 0.00309188
862 0.996731 0.93143 0.00484211
863 0.996731 0.934136 0.00385759
864 0.996731 0.918456 0.00703067
865 0.996903 0.926362 0.00498814
866 0.996903 0.933263 0.00358191
867 0.996903 0.935402 0.00396987
868 0.996903 0.92594 0.00442913
869 0.996903 0.936085 0.00309703
870 0.996903 0.935259 0.00243447
871 0.996903 0.9309 0.00304071
872 0.996903 0.930515 0.00442521
873 0.996903 0.928605 0.00615621
874 0.996903 0.925205 0.00725615
875 0.996903 0.921136 0.00770902
876 0.996903 0.932342 0.00533557
877 0.996903 0.93329 0.00574467
878 0.996903 0.93801 0.00468237
879 0.996903 0.932417 0.00301045
880 0.996903 0.930209 0.00298366
881 0.996903 0.926609 0.00377075
882 0.996903 0.935429 0.00340141
883 0.996903 0.937472 0.00250631
884 0.996903 0.932715 0.00374305
885 0.996903 0.938962 0.00227968
886 0.996903 0.937655 0.00301141
887 0.996903 0.933449 0.00323284
888 0.996903 0.929763 0.00335947
889 0.996903 0.933415 0.00343925
890 0.996903 0.940025 0.00257736
891 0.996903 0.937225 0.00262586
892 0.996903 0.941224 0.00209959
893 0.997083 0.936205 0.00358069
894 0.997083 0.925678 0.00583329
895 0.997083 0.930014 0.00295521
896 0.997083 0.930907 0.00341879
897 0.997083 0.929853 0.00420984
898 0.997083 0.93143 0.00401142
899 0.997083 0.937102 0.00363175
900 0.997083 0.930772 0.004756
901 0.997083 0.926489 0.00510847
902 0.997083 0.935041 0.00322727
903 0.997083 0.935788 0.00322605
904 0.997083 0.943458 0.00161414
905 0.997083 0.931696 0.00422981
906 0.997083 0.932328 0.00436217
907 0.997083 0.938602 0.00344318
908 0.997083 0.932744 0.00366688
909 0.997083 0.936915 0.00362003
910 0.997083 0.930715 0.00388133
911 0.997083 0.938826 0.00267845
912 0.997083 0.935918 0.00213922
913 0.997083 0.921466 0.0045663
914 0.997083 0.924312 0.00489087
915 0.997083 0.919466 0.00429145
916 0.997083 0.920378 0.00440486
917 0.997083 0.924886 0.00553682
918 0.997083 0.913875 0.00657681
919 0.997083 0.926647 0.00405879
920 0.997083 0.923165 0.00555034
921 0.997083 0.916062 0.00778558
922 0.997083 0.922585 0.00596921
923 0.997083 0.92893 0.00419251
924 0.997083 0.926757 0.00521314
925 0.997083 0.920353 0.00761058
926 0.997083 0.920747 0.00627253
927 0.997083 0.924267 0.00415093
928 0.997083 0.919768 0.00533448
929 0.997083 0.911468 0.00883044
930 0.997083 0.915827 0.00732363
931 0.997083 0.917946 0.00523039
932 0.997083 0.926714 0.00412205
933 0.997083 0.922607 0.00432599
934 0.997083 0.920089 0.00500285
935 0.997083 0.938106 0.00441174
936 0.997083 0.93099 0.00391847
937 0.997083 0.932985 0.0038457
938 0.997083 0.929057 0.00460359
939 0.997083 0.93286 0.00397616
940 0.997083 0.932838 0.0036172
941 0.997083 0.932225 0.00308958
942 0.997083 0.931278 0.00364239
943 0.997083 0.932436 0.00331392
944 0.997547 0.939989 0.00273711
945 0.997547 0.936948 0.00294826
946 0.997547 0.930649 0.00315075
947 0.997547 0.931743 0.00252987
948 0.997547 0.938949 0.00303793
949 0.997547 0.940688 0.00317853
950 0.997547 0.939877 0.00250721
951 0.997547 0.939736 0.00245082
952 0.997547 0.928823 0.00389673
953 0.997547 0.931439 0.0038054
954 0.997547 0.922453 0.00438791
955 0.997547 0.923166 0.00433179
956 0.997547 0.922305 0.007083
957 0.997547 0.917562 0.00643514
958 0.997547 0.919097 0.00666803
959 0.997547 0.92435 0.00617048
960 0.997547 0.925448 0.00596927
961 0.997547 0.925181 0.00741654
962 0.997547 0.925473 0.00540226
963 0.997547 0.924561 0.00545668
964 0.997547 0.912468 0.00727334
965 0.997547 0.905747 0.00813431
966 0.997547 0.908572 0.00692679
967 0.997547 0.919348 0.00460896
968 0.997547 0.923659 0.0045491
969 0.997547 0.923389 0.00442047
970 0.997547 0.933697 0.0032189
971 0.997547 0.93166 0.00325757
972 0.997547 0.932889 0.00357145
973 0.997547 0.938348 0.00223694
974 0.997547 0.937951 0.00198212
975 0.997547 0.935046 0.00300114
976 0.997547 0.930452 0.00482407
977 0.997547 0.930877 0.00397664
978 0.997547 0.926915 0.00356487
979 0.997547 0.928803 0.0040667
980 0.997547 0.927557 0.00446042
981 0.997547 0.932398 0.00282573
982 0.997547 0.930353 0.00330192
983 0.997547 0.930152 0.00373209
984 0.997547 0.926623 0.00400384
985 0.997547 0.925761 0.00586763
986 0.997547 0.921192 0.00612267
987 0.997547 0.909225 0.00560107
988 0.997603 0.912924 0.00643572
989 0.997603 0.910961 0.00864131
990 0.997603 0.925026 0.00526641
991 0.997603 0.931287 0.00401087
992 0.998466 0.930066 0.00277891
993 0.998466 0.929662 0.00300276
994 0.998466 0.93148 0.00377696
995 0.998466 0.922977 0.0051042
996 0.998466 0.921025 0.00651167
997 0.998466 0.928211 0.00487372
998 0.998466 0.925863 0.00444876
999 0.998466 0.932577 0.00398938
1000 0.998466 0.923902 0.0049564
