0 0.294851 0.2497 0.000204531
1 0.294851 0.250617 0.000260885
2 0.406751 0.253829 0.000573185
3 0.406751 0.253544 0.000829615
4 0.409641 0.255621 0.00106887
5 0.460262 0.2616 0.00258566
6 0.464792 0.271145 0.00359803
7 0.464792 0.270346 0.00481595
8 0.464792 0.276224 0.00476161
9 0.472962 0.293621 0.00680154
10 0.488336 0.292866 0.00616793
11 0.488336 0.283907 0.00611611
12 0.488336 0.292499 0.00714902
13 0.488336 0.292884 0.00745182
14 0.507957 0.305371 0.00897656
15 0.507957 0.308725 0.00767897
16 0.507957 0.305333 0.00884923
17 0.507957 0.303717 0.00886429
18 0.531911 0.303206 0.0092666
19 0.531911 0.306601 0.00872768
20 0.531911 0.311962 0.00986615
21 0.531911 0.319125 0.0107868
22 0.584262 0.325081 0.0130368
23 0.584262 0.338922 0.0131626
24 0.584262 0.332341 0.0128232
25 0.584262 0.353502 0.0134484
26 0.584262 0.34438 0.013884
27 0.584262 0.342268 0.0135496
28 0.604193 0.362193 0.0162606
29 0.604193 0.387496 0.0153409
30 0.604193 0.385053 0.0152552
31 0.604193 0.387546 0.0163589
32 0.604193 0.382389 0.0159549
33 0.631061 0.380867 0.0186848
34 0.631061 0.40752 0.0187164
35 0.631061 0.41079 0.0183564
36 0.631061 0.418988 0.0166794
37 0.631061 0.41364 0.0176699
38 0.631061 0.416771 0.0178752
39 0.632636 0.433198 0.0165468
40 0.642132 0.445636 0.0173439
41 0.652811 0.4545 0.0169391
42 0.660815 0.466329 0.019525
43 0.660815 0.486895 0.0192043
44 0.680382 0.499964 0.0171372
45 0.680382 0.50376 0.0195279
46 0.680382 0.508815 0.0160013
47 0.715947 0.504151 0.0172998
48 0.715947 0.502421 0.0148404
49 0.715947 0.52064 0.0123241
50 0.715947 0.52881 0.0114659
51 0.715947 0.527801 0.0112387
52 0.715947 0.536396 0.0141861
53 0.715947 0.542054 0.0115514
54 0.715947 0.532976 0.0102327
55 0.715947 0.545694 0.0109824
56 0.715947 0.553817 0.010298
57 0.715947 0.56425 0.00962993
58 0.715947 0.566198 0.00845481
59 0.715947 0.568807 0.00861763
60 0.715947 0.560491 0.00857316
61 0.715947 0.562324 0.00942066
62 0.731972 0.577453 0.00904179
63 0.731972 0.584424 0.00706126
64 0.731972 0.583993 0.00732648
65 0.731972 0.57231 0.00734472
66 0.731972 0.58157 0.00804332
67 0.731972 0.584991 0.00614289
68 0.731972 0.57717 0.0064149
69 0.731972 0.584926 0.00604435
70 0.731972 0.591351 0.00549267
71 0.731972 0.598965 0.00568731
72 0.731972 0.589595 0.00668551
73 0.731972 0.587486 0.00695952
74 0.731972 0.58961 0.0055241
75 0.731972 0.590854 0.00645275
76 0.731972 0.592193 0.00649304
77 0.731972 0.58688 0.00658743
78 0.731972 0.588228 0.00617614
79 0.731972 0.60027 0.0051294
80 0.731972 0.603003 0.00613705
81 0.731972 0.589043 0.00681467
82 0.731972 0.595272 0.00761848
83 0.731972 0.59789 0.00503035
84 0.731972 0.59986 0.00536692
85 0.742672 0.589174 0.00617969
86 0.742672 0.598801 0.00449315
87 0.742672 0.591883 0.00594317
88 0.742672 0.583824 0.00660843
89 0.742696 0.581264 0.00828558
90 0.742696 0.582783 0.00741792
91 0.742696 0.58401 0.0085147
92 0.742696 0.601014 0.00764956
93 0.744747 0.601753 0.00787212
94 0.744747 0.598357 0.00749132
95 0.744747 0.599042 0.00687246
96 0.744747 0.591601 0.00701865
97 0.744747 0.599191 0.00700646
98 0.744747 0.601738 0.00627169
99 0.744747 0.608236 0.006654
100 0.744747 0.610858 0.00704774
101 0.744747 0.611257 0.00659177
102 0.744917 0.608165 0.00699843
103 0.748042 0.610918 0.00736268
104 0.756809 0.61716 0.00599544
105 0.762094 0.613058 0.00716781
106 0.762094 0.608046 0.00840277
107 0.762094 0.596126 0.00941584
108 0.762094 0.60015 0.0100352
109 0.762094 0.600911 0.00918007
110 0.762094 0.601042 0.00934394
111 0.762094 0.61297 0.00947929
112 0.772399 0.610729 0.00884251
113 0.772399 0.591907 0.0121611
114 0.772399 0.591707 0.0109783
115 0.772399 0.580579 0.0126258
116 0.772399 0.601869 0.00912386
117 0.772399 0.593226 0.0115031
118 0.772399 0.593245 0.0118419
119 0.772399 0.600522 0.0111123
120 0.772399 0.603638 0.00875102
121 0.772399 0.605337 0.00881396
122 0.772399 0.609056 0.00868067
123 0.772831 0.60507 0.00928083
124 0.772831 0.606174 0.00904697
125 0.772831 0.606145 0.00676896
126 0.772831 0.606645 0.00747139
127 0.772831 0.620586 0.00767585
128 0.780424 0.618977 0.00931264
129 0.780424 0.615401 0.0101703
130 0.780424 0.631296 0.00883238
131 0.780424 0.628588 0.00809281
132 0.780424 0.628404 0.00761076
133 0.780424 0.630832 0.00789338
134 0.780424 0.619913 0.00984776
135 0.780424 0.614989 0.0109959
136 0.780424 0.610072 0.011729
137 0.780424 0.614635 0.0106692
138 0.780424 0.608967 0.0113475
139 0.780424 0.62231 0.00814658
140 0.780424 0.629335 0.00883505
141 0.780424 0.630469 0.00985164
142 0.780424 0.638803 0.00882918
143 0.780424 0.645577 0.0084982
144 0.780424 0.640683 0.00808813
145 0.780424 0.641895 0.00742721
146 0.780424 0.630857 0.0110574
147 0.780424 0.636139 0.00872608
148 0.780424 0.638216 0.00882001
149 0.780424 0.642983 0.00853324
150 0.780424 0.634063 0.0120823
151 0.780424 0.623191 0.0140336
152 0.780424 0.611111 0.0133735
153 0.780424 0.60748 0.0139282
154 0.780424 0.619832 0.0133171
155 0.780424 0.616597 0.0118274
156 0.780424 0.621417 0.0128288
157 0.78881 0.634125 0.0121642
158 0.78881 0.641971 0.00821001
159 0.78881 0.630794 0.00998007
160 0.78881 0.630076 0.00808928
161 0.78881 0.636972 0.00853034
162 0.78881 0.636251 0.0102793
163 0.78881 0.630073 0.00976944
164 0.78881 0.626744 0.0096233
165 0.78881 0.626887 0.0111986
166 0.78881 0.622634 0.0108416
167 0.78881 0.630117 0.00971848
168 0.78881 0.632944 0.0108415
169 0.78881 0.634283 0.0100244
170 0.78881 0.633739 0.0113742
171 0.78881 0.63654 0.00901589
172 0.78881 0.639434 0.0105876
173 0.78881 0.637525 0.00976188
174 0.789083 0.634573 0.0101361
175 0.789083 0.631001 0.0105829
176 0.789083 0.616893 0.0126517
177 0.789083 0.632284 0.0134862
178 0.789083 0.629564 0.0137828
179 0.789083 0.626084 0.0127001
180 0.789083 0.62126 0.0109593
181 0.789083 0.630615 0.0108187
182 0.789083 0.632584 0.0103906
183 0.789083 0.63189 0.00973918
184 0.789083 0.619137 0.0122406
185 0.789083 0.621364 0.0113825
186 0.789083 0.636789 0.010676
187 0.789083 0.636383 0.0101042
188 0.789083 0.635982 0.0121279
189 0.789083 0.641649 0.00887953
190 0.789083 0.622755 0.0119882
191 0.789083 0.64147 0.00982329
192 0.789083 0.645841 0.00831841
193 0.789083 0.634915 0.0110929
194 0.789083 0.634928 0.0116885
195 0.789083 0.64529 0.00940585
196 0.789083 0.623303 0.0130682
197 0.789083 0.615567 0.0158527
198 0.789083 0.633255 0.0124643
199 0.789083 0.6344 0.010101
200 0.789083 0.635405 0.0111179
201 0.789083 0.622425 0.0110672
202 0.789083 0.616468 0.0112343
203 0.789083 0.629831 0.0116
204 0.789083 0.622119 0.0113822
205 0.789083 0.623834 0.011782
206 0.789083 0.629319 0.0122728
207 0.789083 0.639628 0.0110676
208 0.789083 0.62702 0.0149882
209 0.789083 0.62819 0.0161617
210 0.789083 0.636841 0.0111579
211 0.789083 0.627078 0.0118118
212 0.789083 0.630719 0.0115332
213 0.789083 0.639683 0.0113898
214 0.789083 0.638776 0.0108895
215 0.789083 0.646153 0.010609
216 0.789083 0.637385 0.0124072
217 0.789083 0.633812 0.0106283
218 0.789083 0.621851 0.0128202
219 0.789083 0.612837 0.0138202
220 0.789083 0.615207 0.0124709
221 0.789083 0.619619 0.0113445
222 0.789083 0.627741 0.00915227
223 0.789083 0.634249 0.00897276
224 0.789083 0.644276 0.00838598
225 0.789083 0.655362 0.0100063
226 0.789083 0.653562 0.00769224
227 0.789083 0.64373 0.0089401
228 0.789083 0.642342 0.00690482
229 0.789083 0.635842 0.00726626
230 0.789083 0.638553 0.00706547
231 0.789083 0.62421 0.0096442
232 0.789083 0.622964 0.0107601
233 0.789083 0.631443 0.0125043
234 0.789083 0.626338 0.0122954
235 0.789083 0.644762 0.0103232
236 0.789083 0.647689 0.00880709
237 0.789083 0.6428 0.0104099
238 0.789083 0.655165 0.00836937
239 0.789083 0.643767 0.00843718
240 0.789083 0.624533 0.0104135
241 0.789083 0.622384 0.0109069
242 0.789083 0.618652 0.0134116
243 0.789083 0.619167 0.012548
244 0.789083 0.624063 0.0115035
245 0.789083 0.625951 0.0106584
246 0.789083 0.630521 0.0122871
247 0.789083 0.623867 0.0150129
248 0.789083 0.635853 0.0111306
249 0.789083 0.625903 0.0128693
250 0.789083 0.624962 0.0151832
251 0.789083 0.630917 0.0123672
252 0.789083 0.620709 0.0130983
253 0.789083 0.616073 0.0129066
254 0.789083 0.63071 0.0102533
255 0.789083 0.618111 0.0113802
256 0.789083 0.623189 0.00992246
257 0.789083 0.622648 0.0096116
258 0.789083 0.637352 0.00916119
259 0.79015 0.630372 0.00925609
260 0.79015 0.62781 0.0125074
261 0.79015 0.628959 0.0131837
262 0.79015 0.637821 0.011528
263 0.79015 0.624071 0.0135775
264 0.79015 0.632579 0.0111027
265 0.79015 0.635038 0.0120453
266 0.79015 0.637187 0.0127151
267 0.79015 0.637912 0.0119221
268 0.79015 0.639004 0.0114164
269 0.79015 0.649472 0.00844168
270 0.79015 0.641083 0.00888571
271 0.79015 0.640153 0.00917257
272 0.79015 0.651386 0.00794433
273 0.79015 0.653393 0.00900166
274 0.79015 0.650336 0.0114944
275 0.79015 0.642451 0.0102332
276 0.79015 0.636342 0.0117322
277 0.79015 0.635892 0.0111149
278 0.79015 0.640529 0.00914251
279 0.79015 0.628467 0.00953819
280 0.79015 0.63639 0.010801
281 0.79015 0.633838 0.0101708
282 0.79015 0.637609 0.00836373
283 0.79015 0.631501 0.00923818
284 0.79015 0.627476 0.0127905
285 0.79015 0.621104 0.0140631
286 0.79015 0.620945 0.0139556
287 0.79015 0.61158 0.0117976
288 0.79015 0.614607 0.014125
289 0.79015 0.627881 0.0110468
290 0.79015 0.630725 0.00870974
291 0.79015 0.633681 0.00861917
292 0.79015 0.631517 0.00811749
293 0.79015 0.637708 0.00757973
294 0.79015 0.640425 0.0096676
295 0.79015 0.624924 0.0125293
296 0.79015 0.628332 0.00856583
297 0.79015 0.624285 0.0103436
298 0.79015 0.635828 0.00999366
299 0.79015 0.624333 0.0130159
300 0.79015 0.619806 0.0139416
301 0.795027 0.613343 0.0192988
302 0.795027 0.61488 0.0172136
303 0.795027 0.594222 0.0200641
304 0.795027 0.618833 0.0126219
305 0.795027 0.620778 0.0130834
306 0.795027 0.621599 0.0147669
307 0.795027 0.610749 0.0158192
308 0.795027 0.607737 0.0136684
309 0.795027 0.596517 0.0156918
310 0.795027 0.601604 0.0144376
311 0.795027 0.601913 0.0146163
312 0.795027 0.598758 0.0148569
313 0.795027 0.602136 0.015098
314 0.795027 0.61044 0.0167288
315 0.795027 0.625395 0.0126352
316 0.795027 0.613207 0.0127958
317 0.795027 0.620928 0.011198
318 0.795027 0.628934 0.0124742
319 0.795027 0.632696 0.0138093
320 0.795027 0.63365 0.0117104
321 0.795027 0.639127 0.0105569
322 0.795027 0.637033 0.0132418
323 0.795027 0.633724 0.0113855
324 0.795027 0.624536 0.0125089
325 0.795027 0.640118 0.00957606
326 0.795027 0.646288 0.00737886
327 0.795027 0.635253 0.00899647
328 0.795027 0.632342 0.00671294
329 0.795027 0.627785 0.0102046
330 0.795027 0.618883 0.0136314
331 0.795027 0.615833 0.0125166
332 0.795027 0.618787 0.0146897
333 0.795027 0.612683 0.0141953
334 0.795027 0.611338 0.016458
335 0.795027 0.619885 0.0152284
336 0.795027 0.600686 0.0176282
337 0.795027 0.598266 0.0170281
338 0.795027 0.606873 0.0149519
339 0.795027 0.609787 0.0120175
340 0.795027 0.600238 0.0123266
341 0.795027 0.619813 0.0115585
342 0.795027 0.625678 0.0110251
343 0.795027 0.625344 0.00993525
344 0.795027 0.618746 0.00913503
345 0.795027 0.61662 0.0139623
346 0.795027 0.623413 0.0113392
347 0.795027 0.622827 0.0111022
348 0.795027 0.61101 0.0128572
349 0.795027 0.632127 0.00882197
350 0.795027 0.628521 0.00833265
351 0.795027 0.624393 0.0116121
352 0.795027 0.609463 0.0142666
353 0.795027 0.619387 0.0115692
354 0.795027 0.625445 0.0111577
355 0.795027 0.631594 0.00921969
356 0.795027 0.633897 0.00932014
357 0.795027 0.623216 0.0120886
358 0.795027 0.63162 0.0104347
359 0.795027 0.621579 0.0126279
360 0.795027 0.622154 0.0112962
361 0.795027 0.628786 0.0108627
362 0.795027 0.621576 0.0100652
363 0.795027 0.635963 0.00998566
364 0.795027 0.625832 0.0107688
365 0.795027 0.63075 0.010246
366 0.795027 0.634571 0.00967556
367 0.795027 0.644072 0.00903514
368 0.795027 0.648595 0.00700875
369 0.795027 0.652006 0.0076119
370 0.795027 0.631746 0.0107407
371 0.795027 0.619846 0.0100674
372 0.795027 0.615485 0.0103886
373 0.795027 0.641458 0.00931027
374 0.795027 0.630866 0.00914478
375 0.795027 0.626584 0.00963725
376 0.795027 0.62686 0.0105106
377 0.795027 0.641413 0.0108319
378 0.795027 0.62407 0.0137467
379 0.795027 0.630079 0.0107046
380 0.795027 0.626829 0.0100846
381 0.795027 0.635928 0.010924
382 0.795027 0.642175 0.0102435
383 0.795027 0.644279 0.0100866
384 0.795027 0.632965 0.013621
385 0.795027 0.641881 0.00958038
386 0.795027 0.640636 0.0108768
387 0.795027 0.642526 0.00931016
388 0.795027 0.624147 0.0117827
389 0.795027 0.622868 0.0109352
390 0.795027 0.626158 0.0099964
391 0.795027 0.622792 0.0128878
392 0.795027 0.640803 0.0106529
393 0.795027 0.638822 0.0121649
394 0.795027 0.626584 0.0135964
395 0.795027 0.636079 0.0127623
396 0.795027 0.633176 0.0115441
397 0.795027 0.635334 0.0114542
398 0.795027 0.631269 0.0123266
399 0.795027 0.634582 0.00998254
400 0.795027 0.645074 0.00785372
401 0.795027 0.640892 0.00952085
402 0.795027 0.641004 0.0104274
403 0.795027 0.641281 0.00906052
404 0.795027 0.636818 0.0108579
405 0.795027 0.627679 0.0116945
406 0.795027 0.631687 0.0096955
407 0.795027 0.620902 0.00871415
408 0.795027 0.622815 0.00962877
409 0.795027 0.623041 0.0101713
410 0.795027 0.619087 0.0106815
411 0.795027 0.615593 0.0137875
412 0.795027 0.613019 0.013119
413 0.795027 0.622151 0.0129494
414 0.795027 0.617081 0.0125496
415 0.795027 0.600311 0.0142272
416 0.795027 0.597652 0.0126061
417 0.795027 0.607236 0.012324
418 0.795027 0.613107 0.0128455
419 0.795027 0.630171 0.00906067
420 0.795027 0.642863 0.00849026
421 0.795027 0.629409 0.00957346
422 0.795027 0.629063 0.00988626
423 0.795027 0.613333 0.0120014
424 0.795027 0.613104 0.0128387
425 0.795027 0.618079 0.0118766
426 0.795027 0.623672 0.0119339
427 0.795027 0.627965 0.013078
428 0.795027 0.615701 0.0141253
429 0.795027 0.613722 0.0130361
430 0.795027 0.632809 0.011683
431 0.795027 0.616159 0.0135212
432 0.795027 0.614868 0.0150554
433 0.795027 0.604421 0.0158391
434 0.795027 0.601653 0.0159952
435 0.795027 0.623628 0.0123502
436 0.795027 0.639296 0.0121955
437 0.795027 0.635187 0.0106986
438 0.795027 0.624989 0.013453
439 0.795027 0.634865 0.0112211
440 0.795027 0.626605 0.0127
441 0.795027 0.610803 0.0146922
442 0.795027 0.608818 0.0132045
443 0.795027 0.599329 0.0162533
444 0.795027 0.607952 0.0130115
445 0.795027 0.614308 0.0119089
446 0.795027 0.615467 0.0116029
447 0.795027 0.622198 0.00946583
448 0.795027 0.632012 0.00868642
449 0.795027 0.63206 0.00965027
450 0.795027 0.647423 0.00815972
451 0.795027 0.641042 0.00995494
452 0.795027 0.632206 0.0109443
453 0.795027 0.632113 0.0094979
454 0.795027 0.631694 0.00978747
455 0.795027 0.630038 0.00888977
456 0.795027 0.628174 0.00984807
457 0.795027 0.619965 0.0102331
458 0.795027 0.618027 0.011991
459 0.795027 0.62888 0.0116775
460 0.795027 0.631406 0.0100989
461 0.795027 0.629005 0.0126421
462 0.795027 0.630351 0.0120114
463 0.795027 0.623752 0.0121741
464 0.795027 0.621514 0.0122661
465 0.795027 0.636993 0.00993148
466 0.795027 0.649872 0.00693599
467 0.795027 0.644938 0.00824306
468 0.795027 0.631072 0.0111726
469 0.795027 0.635158 0.00938334
470 0.795027 0.634476 0.0104161
471 0.795027 0.635148 0.0092625
472 0.795027 0.61917 0.0123778
473 0.795027 0.634037 0.01002
474 0.795027 0.646711 0.00954443
475 0.795027 0.647393 0.00812398
476 0.795027 0.65755 0.00694674
477 0.795027 0.644883 0.00935182
478 0.795027 0.631868 0.010608
479 0.795027 0.63746 0.012632
480 0.795027 0.631596 0.0116762
481 0.795027 0.617709 0.0139553
482 0.795027 0.623886 0.0131721
483 0.795027 0.631653 0.0117585
484 0.795027 0.634575 0.0101628
485 0.795027 0.639646 0.0102707
486 0.795027 0.63549 0.0135294
487 0.795027 0.63258 0.0109484
488 0.795027 0.620517 0.00993259
489 0.795027 0.61737 0.0125846
490 0.795027 0.60988 0.0135645
491 0.795027 0.615676 0.0123005
492 0.795027 0.60997 0.0130075
493 0.795027 0.60046 0.0135191
494 0.795027 0.627818 0.0096036
495 0.795027 0.618732 0.0114933
496 0.795027 0.628361 0.0104656
497 0.795027 0.617649 0.0123135
498 0.795027 0.637053 0.00878061
499 0.795049 0.624614 0.0115664
500 0.795049 0.625725 0.00964693
501 0.795049 0.620328 0.0113004
502 0.795049 0.62737 0.0128152
503 0.795049 0.625076 0.0101676
504 0.795049 0.621835 0.00949091
505 0.795049 0.626684 0.00830204
506 0.795049 0.630835 0.00996786
507 0.795049 0.615568 0.0110305
508 0.795049 0.625131 0.0123926
509 0.795049 0.623208 0.010594
510 0.795049 0.61158 0.0139575
511 0.795049 0.621649 0.0128945
512 0.795049 0.619676 0.0127314
513 0.795049 0.614263 0.0146823
514 0.795049 0.622745 0.0139024
515 0.795049 0.616558 0.0174074
516 0.795049 0.63137 0.0117065
517 0.795049 0.626696 0.013111
518 0.795049 0.611571 0.0146578
519 0.795049 0.606548 0.0167769
520 0.795049 0.631287 0.0129354
521 0.795049 0.633608 0.0113015
522 0.795049 0.640199 0.0100417
523 0.795049 0.625814 0.0128503
524 0.795049 0.629928 0.0102292
525 0.795049 0.631474 0.0114664
526 0.795049 0.633047 0.00956061
527 0.795049 0.634262 0.0114647
528 0.795049 0.635045 0.00864905
529 0.795049 0.626975 0.00917017
530 0.795049 0.627399 0.0109683
531 0.795049 0.63416 0.00957794
532 0.795049 0.630456 0.00971039
533 0.795049 0.634315 0.0084457
534 0.795049 0.630637 0.00860734
535 0.795049 0.63785 0.0114655
536 0.795049 0.630875 0.0106336
537 0.795049 0.629699 0.0104786
538 0.795049 0.62911 0.0106084
539 0.795049 0.630682 0.0101836
540 0.795049 0.621312 0.0134453
541 0.795049 0.612984 0.0165776
542 0.795049 0.612459 0.0168327
543 0.795049 0.61912 0.014719
544 0.795049 0.622221 0.0160259
545 0.795049 0.631649 0.0120615
546 0.795049 0.634928 0.0101952
547 0.795049 0.640953 0.00847265
548 0.798079 0.650218 0.0100062
549 0.798079 0.630504 0.0115398
550 0.798079 0.638353 0.0107165
551 0.798079 0.632562 0.0105304
552 0.798079 0.644349 0.00859625
553 0.798079 0.635258 0.0101495
554 0.798079 0.635548 0.0081486
555 0.798079 0.638924 0.00813125
556 0.798079 0.639478 0.00970931
557 0.798079 0.63632 0.011324
558 0.798079 0.625478 0.0143103
559 0.798079 0.636705 0.0112994
560 0.798079 0.650935 0.00992488
561 0.798079 0.640435 0.0113261
562 0.798079 0.63308 0.0121492
563 0.798079 0.624198 0.0127681
564 0.798079 0.618325 0.0130662
565 0.798079 0.620862 0.0125992
566 0.798079 0.62168 0.0113379
567 0.798079 0.619414 0.0110431
568 0.798079 0.617136 0.0131719
569 0.798079 0.620482 0.0137538
570 0.798079 0.608077 0.0166288
571 0.803215 0.62121 0.0143383
572 0.803215 0.629066 0.0121022
573 0.803215 0.626587 0.011834
574 0.803215 0.623479 0.0139911
575 0.803215 0.605358 0.0144763
576 0.803215 0.610762 0.0125604
577 0.803215 0.620076 0.00962337
578 0.803215 0.624982 0.00899223
579 0.803215 0.627792 0.0102018
580 0.803215 0.63898 0.00898631
581 0.803215 0.623059 0.0117664
582 0.803215 0.626345 0.0106975
583 0.803215 0.627847 0.0123104
584 0.803215 0.626405 0.0126065
585 0.803215 0.633921 0.00966262
586 0.803215 0.630285 0.0108155
587 0.803215 0.626366 0.0112923
588 0.803215 0.627988 0.0104627
589 0.803215 0.634293 0.0104763
590 0.803215 0.638044 0.0109652
591 0.803215 0.624715 0.0132932
592 0.803215 0.623168 0.0113848
593 0.803215 0.620155 0.0142809
594 0.803215 0.620761 0.0140745
595 0.803215 0.623482 0.0133498
596 0.803215 0.620323 0.0136605
597 0.803215 0.628347 0.0119241
598 0.803215 0.620308 0.013744
599 0.803215 0.626921 0.01302
600 0.803215 0.626657 0.0127587
601 0.803215 0.620396 0.0106632
602 0.803215 0.623797 0.0103356
603 0.803215 0.6236 0.0117976
604 0.803215 0.612666 0.0129452
605 0.803215 0.606422 0.0121645
606 0.803215 0.604781 0.0134488
607 0.803215 0.603381 0.0158946
608 0.803215 0.603871 0.0152162
609 0.803215 0.610087 0.0104274
610 0.803215 0.620707 0.0112616
611 0.803215 0.623513 0.0111632
612 0.803215 0.615018 0.0118993
613 0.803215 0.623643 0.0112639
614 0.803215 0.621651 0.00988452
615 0.803215 0.627912 0.00987765
616 0.803215 0.624734 0.0115598
617 0.803215 0.631924 0.0123479
618 0.803215 0.627686 0.012979
619 0.803215 0.625915 0.0133781
620 0.803215 0.625451 0.0118458
621 0.803215 0.628724 0.0126277
622 0.803215 0.605401 0.0110438
623 0.803215 0.608602 0.0115925
624 0.803215 0.610571 0.0119211
625 0.803215 0.618062 0.0113534
626 0.803215 0.614005 0.0149861
627 0.803215 0.61386 0.0136129
628 0.803215 0.608873 0.0126973
629 0.803215 0.616074 0.0115058
630 0.803215 0.61853 0.0122846
631 0.803215 0.617091 0.0104252
632 0.803215 0.604597 0.0139191
633 0.803215 0.609135 0.0128737
634 0.803215 0.615349 0.0122453
635 0.803215 0.629855 0.00919107
636 0.803215 0.626992 0.0103337
637 0.803215 0.629272 0.0118497
638 0.803215 0.621586 0.0115096
639 0.803215 0.630342 0.00993659
640 0.803215 0.634756 0.00892337
641 0.803215 0.64965 0.0071595
642 0.803215 0.660774 0.00708745
643 0.803215 0.647133 0.00707295
644 0.803215 0.655399 0.00729896
645 0.803215 0.637394 0.0099219
646 0.803215 0.641818 0.0101988
647 0.803215 0.64572 0.0100354
648 0.803215 0.644963 0.0110102
649 0.803215 0.644684 0.0107686
650 0.803215 0.633138 0.0128403
651 0.803215 0.61537 0.0135082
652 0.803215 0.613407 0.0131263
653 0.803215 0.609846 0.0128059
654 0.803215 0.611404 0.01284
655 0.803215 0.61816 0.0150271
656 0.803215 0.613179 0.0155533
657 0.803215 0.614223 0.0154591
658 0.803215 0.611684 0.0150812
659 0.803215 0.618369 0.0134144
660 0.803215 0.621311 0.0117888
661 0.803215 0.621433 0.0129074
662 0.803215 0.623669 0.0130154
663 0.803215 0.625233 0.0112624
664 0.803215 0.62647 0.0108563
665 0.803215 0.61568 0.0123751
666 0.803215 0.627142 0.0114699
667 0.803215 0.638768 0.00804285
668 0.803215 0.627127 0.0110006
669 0.803215 0.630603 0.0108441
670 0.803215 0.626803 0.0105785
671 0.803215 0.644583 0.00835566
672 0.803215 0.646506 0.00768637
673 0.803215 0.643607 0.00823074
674 0.803215 0.648787 0.00934761
675 0.803215 0.638474 0.0104506
676 0.803215 0.625997 0.0112488
677 0.803215 0.636258 0.00922212
678 0.803215 0.634385 0.00917066
679 0.803215 0.637482 0.00829442
680 0.803215 0.63836 0.00809479
681 0.803215 0.637924 0.0102893
682 0.803215 0.64776 0.00815686
683 0.803215 0.640288 0.00727664
684 0.803215 0.655651 0.00720849
685 0.803215 0.646354 0.00761546
686 0.803215 0.64531 0.00725075
687 0.803215 0.646379 0.00846133
688 0.80412 0.645978 0.00768008
689 0.80412 0.631769 0.0109577
690 0.80412 0.633388 0.00926372
691 0.80412 0.63111 0.0123433
692 0.80412 0.636362 0.0121639
693 0.80412 0.636917 0.0102755
694 0.80412 0.636238 0.010895
695 0.80412 0.636457 0.00998846
696 0.80412 0.624952 0.0121115
697 0.80412 0.621993 0.0144694
698 0.80412 0.637679 0.0109377
699 0.80412 0.616298 0.0127539
700 0.80412 0.616775 0.0169738
701 0.80412 0.608249 0.0176998
702 0.80412 0.610012 0.0143323
703 0.80412 0.607786 0.0172624
704 0.80412 0.60881 0.0154458
705 0.80412 0.614509 0.0121062
706 0.80412 0.623912 0.0152422
707 0.80412 0.617139 0.0147497
708 0.80412 0.629968 0.011038
709 0.80412 0.632747 0.0107344
710 0.80412 0.64083 0.0106208
711 0.80412 0.63525 0.00812654
712 0.80412 0.624679 0.0123634
713 0.80412 0.641929 0.00850985
714 0.80412 0.626224 0.0101094
715 0.80412 0.63026 0.00991077
716 0.80412 0.618078 0.0135117
717 0.80412 0.619178 0.0146519
718 0.80412 0.625077 0.0123197
719 0.80412 0.622336 0.0134341
720 0.80412 0.614726 0.0135235
721 0.80412 0.618087 0.012731
722 0.80412 0.616076 0.0137232
723 0.80412 0.624884 0.0143795
724 0.80412 0.626336 0.0113558
725 0.80412 0.629957 0.0101011
726 0.80412 0.61635 0.0132722
727 0.80412 0.613936 0.0113825
728 0.80412 0.630176 0.0096181
729 0.80412 0.63349 0.0105173
730 0.80412 0.624823 0.0124109
731 0.80412 0.619892 0.0125241
732 0.80412 0.617556 0.0125999
733 0.80412 0.611325 0.0131188
734 0.80412 0.619482 0.0114655
735 0.80412 0.604437 0.0137468
736 0.80412 0.607557 0.0144452
737 0.80412 0.616236 0.0142432
738 0.80412 0.623159 0.0140651
739 0.80412 0.636323 0.0103417
740 0.80412 0.632137 0.0119668
741 0.80412 0.622897 0.0134512
742 0.80412 0.617117 0.0121921
743 0.80412 0.608045 0.0146641
744 0.80412 0.621634 0.0151249
745 0.80412 0.628513 0.0149932
746 0.80412 0.620085 0.0163361
747 0.80412 0.632721 0.0129689
748 0.80412 0.62233 0.0116387
749 0.80412 0.631864 0.0112481
750 0.80412 0.638958 0.0108776
751 0.80412 0.637836 0.0103579
752 0.80412 0.627672 0.0125349
753 0.80412 0.611574 0.0134507
754 0.80412 0.613807 0.0134616
755 0.80412 0.603465 0.014679
756 0.80412 0.607054 0.0154832
757 0.80412 0.608909 0.0155524
758 0.80412 0.607377 0.019026
759 0.80412 0.612825 0.0165537
760 0.80412 0.615087 0.0157312
761 0.80412 0.631786 0.0131189
762 0.80412 0.634411 0.0135291
763 0.80412 0.622059 0.0151485
764 0.80412 0.61223 0.0170662
765 0.80412 0.615395 0.0143173
766 0.80412 0.616641 0.0144361
767 0.80412 0.622143 0.0117243
768 0.80412 0.618746 0.0132673
769 0.80412 0.621098 0.0126196
770 0.80412 0.611865 0.0147503
771 0.80412 0.626459 0.0123447
772 0.80412 0.619939 0.0124096
773 0.80412 0.613137 0.0116332
774 0.80412 0.621669 0.0105781
775 0.80412 0.63495 0.00821602
776 0.80412 0.627167 0.00963359
777 0.80412 0.614975 0.0138098
778 0.80412 0.617913 0.0109815
779 0.80412 0.622414 0.0111065
780 0.80412 0.605586 0.0137662
781 0.80412 0.601956 0.0156006
782 0.80412 0.611169 0.0149401
783 0.80412 0.599757 0.0167141
784 0.80412 0.593338 0.015371
785 0.80412 0.59576 0.0157791
786 0.80412 0.602937 0.0165084
787 0.80412 0.60057 0.0155182
788 0.80412 0.593722 0.0162809
789 0.80412 0.594058 0.0146746
790 0.80412 0.593098 0.0161295
791 0.80412 0.614897 0.0137408
792 0.80412 0.611821 0.012605
793 0.80412 0.626116 0.0116218
794 0.80412 0.619235 0.0131404
795 0.80412 0.612307 0.0158638
796 0.80412 0.61858 0.0139071
797 0.80412 0.619239 0.0143007
798 0.80412 0.614724 0.0159429
799 0.80412 0.618021 0.0144303
800 0.80412 0.629369 0.0129367
801 0.80412 0.638124 0.0123296
802 0.80412 0.638978 0.00968892
803 0.80412 0.650584 0.00855632
804 0.80412 0.637542 0.00916949
805 0.80412 0.651285 0.00764604
806 0.80412 0.625998 0.0109947
807 0.80412 0.625243 0.0115884
808 0.80412 0.64101 0.0112269
809 0.80412 0.653533 0.00684005
810 0.80412 0.643912 0.00889998
811 0.80412 0.656878 0.00879734
812 0.80412 0.64917 0.0093311
813 0.80412 0.62962 0.0106275
814 0.80412 0.624668 0.0110491
815 0.80412 0.631844 0.00943639
816 0.80412 0.625835 0.0103442
817 0.80412 0.622648 0.0113641
818 0.80412 0.627534 0.0123095
819 0.80412 0.623101 0.0120235
820 0.80412 0.626129 0.0128703
821 0.80412 0.636058 0.0100603
822 0.80412 0.632842 0.0125929
823 0.80412 0.646871 0.0102728
824 0.80412 0.650461 0.00802418
825 0.80412 0.646013 0.00814153
826 0.80412 0.629852 0.00989186
827 0.80412 0.633543 0.00940938
828 0.80412 0.63661 0.0102721
829 0.80412 0.642326 0.00917972
830 0.80412 0.627388 0.0117466
831 0.80412 0.633276 0.0110379
832 0.80412 0.636539 0.0113171
833 0.80412 0.640254 0.0101522
834 0.80412 0.657727 0.00910157
835 0.80412 0.655106 0.00890735
836 0.80412 0.634463 0.00966824
837 0.80412 0.628725 0.0112508
838 0.80412 0.620102 0.012186
839 0.80412 0.62806 0.0130109
840 0.80412 0.627249 0.00997122
841 0.80412 0.628547 0.00993453
842 0.80412 0.615918 0.0100864
843 0.80412 0.613048 0.0109089
844 0.80412 0.624272 0.00966555
845 0.80412 0.623649 0.0113654
846 0.80412 0.621562 0.0148985
847 0.80412 0.629727 0.0101708
848 0.80412 0.620697 0.0120462
849 0.80412 0.627417 0.0119415
850 0.80412 0.625343 0.0123605
851 0.80412 0.602156 0.0151461
852 0.80412 0.613985 0.0129304
853 0.80412 0.613071 0.015479
854 0.80412 0.612634 0.0140612
855 0.80412 0.626286 0.013344
856 0.80412 0.626234 0.0126321
857 0.80412 0.631668 0.0114075
858 0.80412 0.621388 0.0135093
859 0.80412 0.615654 0.0126995
860 0.80412 0.634502 0.0118352
861 0.80412 0.631778 0.0102668
862 0.80412 0.615755 0.0123927
863 0.804471 0.630011 0.0123482
864 0.804471 0.63317 0.011793
865 0.804471 0.631232 0.011831
866 0.804471 0.621571 0.015565
867 0.804471 0.629289 0.0146736
868 0.804471 0.637992 0.0107013
869 0.804471 0.630541 0.0130618
870 0.804471 0.625932 0.0136594
871 0.804471 0.620577 0.013204
872 0.804471 0.632015 0.0116582
873 0.804471 0.633841 0.0125376
874 0.804471 0.621015 0.0133241
875 0.804471 0.617572 0.015313
876 0.804471 0.604357 0.0158156
877 0.804471 0.593705 0.0177696
878 0.804471 0.606109 0.0158345
879 0.804471 0.60161 0.0173681
880 0.804471 0.606197 0.0135327
881 0.804471 0.608884 0.0138917
882 0.804471 0.621662 0.0139832
883 0.804471 0.616091 0.0123299
884 0.804471 0.630541 0.0128726
885 0.804471 0.638947 0.0117911
886 0.804471 0.64673 0.00943652
887 0.804471 0.631931 0.00971921
888 0.804471 0.629661 0.0119515
889 0.804471 0.612834 0.0134969
890 0.804471 0.611724 0.0133639
891 0.804471 0.602041 0.0147849
892 0.804471 0.599812 0.0160621
893 0.804471 0.60008 0.0157758
894 0.804471 0.604702 0.017579
895 0.804471 0.627268 0.0138876
896 0.804471 0.621598 0.0119282
897 0.804471 0.623718 0.011631
898 0.804471 0.619201 0.013402
899 0.804471 0.618641 0.0137437
900 0.804471 0.615254 0.0168207
901 0.804471 0.62039 0.0147945
902 0.804471 0.621942 0.0133797
903 0.804471 0.626999 0.0154669
904 0.804471 0.628475 0.0137103
905 0.804634 0.633054 0.013003
906 0.804634 0.628187 0.0115499
907 0.804634 0.625301 0.0112456
908 0.804634 0.617249 0.0147184
909 0.804634 0.644515 0.00858817
910 0.804634 0.638201 0.0103786
911 0.804634 0.634912 0.0123742
912 0.804634 0.620428 0.0148286
913 0.804634 0.617069 0.0138016
914 0.804634 0.626657 0.0138481
915 0.804634 0.618435 0.012684
916 0.804634 0.622859 0.012543
917 0.804634 0.623396 0.0132312
918 0.804634 0.616893 0.0118198
919 0.804634 0.628927 0.00854679
920 0.804634 0.637899 0.00916141
921 0.804634 0.644523 0.00842341
922 0.804634 0.643798 0.00878224
923 0.804634 0.635502 0.0118433
924 0.804634 0.634309 0.0108951
925 0.804634 0.636322 0.0088135
926 0.804634 0.631786 0.0123059
927 0.804634 0.632599 0.0115362
928 0.804634 0.641733 0.0127271
929 0.804634 0.626087 0.0101114
930 0.804634 0.633553 0.010191
931 0.804634 0.617509 0.0106981
932 0.804634 0.604407 0.0126936
933 0.804634 0.606973 0.0144579
934 0.804634 0.603636 0.0148556
935 0.804634 0.628016 0.0103586
936 0.804634 0.635072 0.0104163
937 0.804634 0.638075 0.0101564
938 0.804634 0.639266 0.0103015
939 0.804634 0.645215 0.0105594
940 0.804634 0.624576 0.0134475
941 0.804634 0.621425 0.0123045
942 0.804634 0.619654 0.0100442
943 0.804634 0.621138 0.0124865
944 0.804634 0.627355 0.0136043
945 0.804634 0.622055 0.0122754
946 0.804634 0.627741 0.0123286
947 0.804634 0.624755 0.0126236
948 0.804634 0.62279 0.0139702
949 0.804634 0.619751 0.0141429
950 0.804634 0.609997 0.0156708
951 0.804634 0.610258 0.0170397
952 0.804634 0.607291 0.0155478
953 0.804634 0.608146 0.0147067
954 0.804634 0.616843 0.0143735
955 0.804634 0.616001 0.013061
956 0.804634 0.603294 0.0161471
957 0.804634 0.609802 0.0162594
958 0.804634 0.600872 0.0159979
959 0.804634 0.610883 0.0180596
960 0.804634 0.60132 0.0159227
961 0.804634 0.614711 0.0147056
962 0.804634 0.619822 0.0165467
963 0.804634 0.624866 0.0148215
964 0.804634 0.61977 0.0157901
965 0.804634 0.626446 0.0150568
966 0.804634 0.61239 0.0139034
967 0.804634 0.599372 0.0150349
968 0.804634 0.604116 0.0154888
969 0.804634 0.608635 0.0180773
970 0.804634 0.60538 0.0175711
971 0.804634 0.639479 0.011091
972 0.804634 0.644647 0.00895368
973 0.804634 0.641541 0.00806507
974 0.804671 0.64404 0.00967987
975 0.804671 0.638814 0.01117
976 0.804671 0.646042 0.00896589
977 0.804671 0.641366 0.00914392
978 0.804671 0.640181 0.0104215
979 0.804671 0.623136 0.0114224
980 0.804671 0.621379 0.0164696
981 0.804671 0.631106 0.012997
982 0.804671 0.626236 0.0127289
983 0.804671 0.618986 0.0141538
984 0.804671 0.617516 0.0134935
985 0.804671 0.620197 0.0133323
986 0.804671 0.625086 0.0132978
987 0.804671 0.634263 0.0120116
988 0.804671 0.609991 0.0142515
989 0.804671 0.617438 0.0111848
990 0.804672 0.616336 0.0118271
991 0.804672 0.6188 0.0140553
992 0.804672 0.622956 0.0147455
993 0.804672 0.610982 0.0161707
994 0.804672 0.616431 0.0119348
995 0.804672 0.62272 0.0129224
996 0.804672 0.624312 0.0127706
997 0.804672 0.620285 0.0122142
998 0.804672 0.615738 0.0150335
999 0.804672 0.620743 0.0147049
1000 0.804672 0.632578 0.0119038
