0 0.298466 0.249006 0.000244385
1 0.348093 0.252687 0.00028978
2 0.359877 0.256783 0.000549097
3 0.391215 0.26086 0.00125207
4 0.391215 0.26164 0.00120754
5 0.394508 0.271194 0.0017286
6 0.394508 0.270293 0.00158515
7 0.394508 0.272995 0.00193552
8 0.394508 0.273455 0.00197352
9 0.431184 0.274636 0.00264049
10 0.431184 0.277486 0.00273573
11 0.454865 0.275452 0.00283186
12 0.454865 0.276705 0.00355036
13 0.454865 0.280556 0.00405418
14 0.457691 0.283856 0.00424873
15 0.457691 0.293042 0.00493892
16 0.494566 0.297553 0.00625014
17 0.521548 0.303839 0.00681005
18 0.521548 0.302931 0.00683104
19 0.521548 0.303825 0.00748856
20 0.521548 0.306709 0.00824522
21 0.521548 0.30362 0.00859096
22 0.543877 0.310873 0.010234
23 0.652977 0.320859 0.0122613
24 0.652977 0.312354 0.0122813
25 0.652977 0.314841 0.0121949
26 0.652977 0.315392 0.01179
27 0.652977 0.330107 0.0136164
28 0.652977 0.336058 0.0142566
29 0.652977 0.346351 0.0145021
30 0.67298 0.352243 0.0172312
31 0.710811 0.359503 0.0186044
32 0.710811 0.371575 0.0196313
33 0.710811 0.371884 0.0187244
34 0.710811 0.360325 0.0175006
35 0.710811 0.386569 0.0196515
36 0.72025 0.394011 0.0218792
37 0.764317 0.40108 0.0237018
38 0.764317 0.412848 0.0227494
39 0.764317 0.419987 0.0236221
40 0.764317 0.428277 0.0255748
41 0.764317 0.419502 0.0266549
42 0.764317 0.450414 0.0291126
43 0.764317 0.464369 0.0271723
44 0.764511 0.464524 0.027005
45 0.769915 0.488393 0.0295318
46 0.798703 0.48657 0.0336858
47 0.804609 0.491917 0.0324457
48 0.804609 0.491597 0.0322994
49 0.804609 0.504638 0.0357322
50 0.806174 0.533326 0.0377659
51 0.806174 0.520408 0.0347604
52 0.806174 0.519273 0.0385576
53 0.820743 0.553776 0.0335625
54 0.820743 0.557468 0.0312666
55 0.820743 0.579619 0.0305664
56 0.820743 0.575048 0.0293103
57 0.825585 0.570731 0.0295906
58 0.825585 0.584743 0.0281961
59 0.825585 0.612243 0.0270257
60 0.825585 0.60618 0.0275525
61 0.82634 0.61936 0.0252576
62 0.82634 0.655442 0.0200918
63 0.83012 0.635824 0.0227873
64 0.830654 0.617103 0.0262865
65 0.830654 0.631667 0.025613
66 0.839675 0.629221 0.0203192
67 0.839675 0.636637 0.0267558
68 0.839675 0.632407 0.0254997
69 0.842892 0.617918 0.0281017
70 0.842892 0.626245 0.0278607
71 0.842892 0.595807 0.0335223
72 0.842892 0.63663 0.027551
73 0.842892 0.659868 0.0313959
74 0.842892 0.629228 0.0307341
75 0.849275 0.622874 0.0341299
76 0.849275 0.631881 0.0341308
77 0.849275 0.622886 0.0359337
78 0.849275 0.617827 0.0351197
79 0.849275 0.616028 0.0394379
80 0.849275 0.642976 0.0348622
81 0.849275 0.621169 0.042755
82 0.853151 0.615841 0.0405783
83 0.857826 0.628627 0.0378737
84 0.857826 0.633566 0.0367989
85 0.859897 0.630127 0.0324615
86 0.868313 0.644993 0.0340436
87 0.869698 0.616351 0.036897
88 0.876525 0.624136 0.0332828
89 0.876525 0.64541 0.0319755
90 0.876525 0.623089 0.03251
91 0.876525 0.578782 0.0328295
92 0.876525 0.585633 0.0375677
93 0.876525 0.619165 0.0386393
94 0.883466 0.633647 0.0375496
95 0.883466 0.618232 0.0377659
96 0.883466 0.570809 0.04124
97 0.883466 0.581936 0.0385012
98 0.883466 0.606112 0.0356235
99 0.883466 0.58463 0.0412063
100 0.883466 0.590948 0.0390834
101 0.883466 0.589522 0.0395698
102 0.883466 0.574763 0.0417615
103 0.883466 0.603714 0.0385667
104 0.883466 0.583189 0.0409403
105 0.883466 0.61191 0.0348351
106 0.883466 0.641538 0.0363164
107 0.883466 0.6379 0.0370358
108 0.883466 0.591364 0.034133
109 0.883466 0.601556 0.0387306
110 0.883466 0.601985 0.0339066
111 0.883466 0.625926 0.0363861
112 0.883466 0.613653 0.0366188
113 0.885874 0.633785 0.0330595
114 0.885874 0.634656 0.0397895
115 0.885874 0.651085 0.041261
116 0.885874 0.618487 0.0406728
117 0.89944 0.615594 0.0383486
118 0.89944 0.609544 0.0486624
119 0.89944 0.611089 0.0429059
120 0.89944 0.589653 0.0393375
121 0.89944 0.604003 0.0353647
122 0.89944 0.623968 0.0353744
123 0.89944 0.656146 0.0293783
124 0.89944 0.62825 0.0321181
125 0.89944 0.636516 0.0379693
126 0.89944 0.636825 0.0354746
127 0.89944 0.642799 0.0343757
128 0.89944 0.641008 0.0313143
129 0.89944 0.63967 0.0298265
130 0.89944 0.620452 0.0371342
131 0.89944 0.634705 0.035731
132 0.89944 0.622993 0.0370434
133 0.89944 0.654699 0.0339429
134 0.89944 0.650542 0.0362743
135 0.89944 0.627417 0.0367837
136 0.89944 0.616041 0.0372842
137 0.89944 0.598182 0.0438887
138 0.89944 0.603701 0.0496458
139 0.89944 0.631877 0.0396335
140 0.89944 0.616119 0.0442773
141 0.89944 0.637223 0.0376507
142 0.89944 0.653045 0.0310185
143 0.89944 0.650646 0.0382182
144 0.89944 0.653221 0.0356232
145 0.89944 0.655489 0.0339523
146 0.89944 0.668195 0.0375693
147 0.89944 0.62644 0.0448726
148 0.89944 0.644432 0.0400766
149 0.89944 0.655737 0.0353509
150 0.89944 0.631244 0.037444
151 0.89944 0.629328 0.040763
152 0.89944 0.59823 0.0429907
153 0.89944 0.609517 0.0424063
154 0.89944 0.586657 0.0487013
155 0.89944 0.616756 0.0468269
156 0.89944 0.594534 0.0437386
157 0.89944 0.597149 0.0475299
158 0.89944 0.636431 0.0428052
159 0.89944 0.605143 0.045404
160 0.89944 0.601371 0.0490353
161 0.89944 0.598884 0.0423504
162 0.89944 0.621496 0.0403218
163 0.89944 0.63379 0.039953
164 0.89944 0.609348 0.0426615
165 0.89944 0.648597 0.0397608
166 0.89944 0.64496 0.0412294
167 0.89944 0.627537 0.0342773
168 0.89944 0.660031 0.0362225
169 0.89944 0.666274 0.0332677
170 0.901858 0.675585 0.0303519
171 0.901858 0.658901 0.0338035
172 0.901858 0.64055 0.0376142
173 0.901858 0.64424 0.0359085
174 0.901858 0.6507 0.0360151
175 0.901858 0.642282 0.0353647
176 0.901858 0.635903 0.042662
177 0.901858 0.631125 0.0447115
178 0.901858 0.623573 0.0371399
179 0.901858 0.662319 0.0366621
180 0.901858 0.63019 0.0450897
181 0.901858 0.634188 0.0376006
182 0.901858 0.630006 0.0386123
183 0.901858 0.613847 0.0403457
184 0.901858 0.613942 0.0442805
185 0.901858 0.603957 0.0409661
186 0.901858 0.649452 0.0387898
187 0.901858 0.61811 0.0437577
188 0.901858 0.625056 0.0441347
189 0.901858 0.619364 0.046619
190 0.901858 0.616676 0.041468
191 0.901858 0.577018 0.0459367
192 0.901858 0.608637 0.049363
193 0.901858 0.619733 0.0383029
194 0.901858 0.61103 0.0399588
195 0.901858 0.617198 0.0418755
196 0.901858 0.635882 0.0324452
197 0.901858 0.622067 0.0435423
198 0.901858 0.623705 0.0449558
199 0.901858 0.62039 0.0411119
200 0.901858 0.64901 0.0344042
201 0.901858 0.648161 0.0352367
202 0.901858 0.656029 0.0302244
203 0.901858 0.667319 0.0347828
204 0.901858 0.663789 0.0343041
205 0.901858 0.64636 0.0389097
206 0.901858 0.639108 0.0361613
207 0.901858 0.674971 0.031856
208 0.901858 0.631093 0.0421748
209 0.901858 0.626559 0.0418399
210 0.901858 0.613747 0.0390382
211 0.902118 0.603418 0.0425479
212 0.902118 0.605108 0.0431519
213 0.902118 0.592675 0.0407679
214 0.902118 0.579717 0.0418834
215 0.902118 0.596655 0.0476976
216 0.902118 0.595262 0.0437601
217 0.902118 0.60733 0.0460561
218 0.902118 0.605482 0.039609
219 0.902118 0.615483 0.0421948
220 0.902118 0.616781 0.0439825
221 0.902118 0.613921 0.0416966
222 0.902118 0.633021 0.0413407
223 0.902985 0.625657 0.0374699
224 0.902985 0.618946 0.0368743
225 0.902985 0.614183 0.0391021
226 0.902985 0.610292 0.0451082
227 0.902985 0.651693 0.03565
228 0.902985 0.682775 0.0282666
229 0.904694 0.680369 0.0290349
230 0.904694 0.645298 0.0401874
231 0.904694 0.670913 0.0372597
232 0.904694 0.644324 0.0419118
233 0.904694 0.641875 0.0385086
234 0.904694 0.612568 0.0442252
235 0.904694 0.632826 0.0415141
236 0.904694 0.578397 0.046075
237 0.904694 0.610467 0.0437039
238 0.904694 0.607545 0.0446006
239 0.904694 0.644814 0.0463023
240 0.904694 0.62408 0.0478071
241 0.904694 0.62655 0.0450477
242 0.904694 0.61061 0.0442971
243 0.904694 0.590786 0.046392
244 0.904694 0.606776 0.0451237
245 0.904694 0.626201 0.0410087
246 0.904694 0.669273 0.0384489
247 0.904694 0.636967 0.0407553
248 0.904694 0.615629 0.0378152
249 0.904694 0.617708 0.0413878
250 0.904694 0.604391 0.0405887
251 0.905844 0.617285 0.0433769
252 0.905844 0.648546 0.0394115
253 0.905844 0.657297 0.0399306
254 0.905844 0.648252 0.0376853
255 0.905844 0.66904 0.0357987
256 0.905844 0.636609 0.0433617
257 0.905844 0.620092 0.0412671
258 0.905844 0.614854 0.0407568
259 0.905844 0.641346 0.039456
260 0.905844 0.640382 0.0409611
261 0.905844 0.666361 0.0312671
262 0.905844 0.625387 0.0410796
263 0.905844 0.651717 0.0391697
264 0.905844 0.626919 0.0448403
265 0.905844 0.648008 0.040954
266 0.905844 0.62879 0.0420453
267 0.905844 0.633114 0.0412959
268 0.905844 0.651346 0.0374886
269 0.905844 0.651516 0.0413745
270 0.905844 0.650275 0.0396774
271 0.905844 0.639391 0.0444135
272 0.905844 0.615207 0.0500836
273 0.905844 0.623067 0.0475211
274 0.905844 0.624901 0.0449719
275 0.905844 0.631331 0.0440128
276 0.905844 0.658582 0.0445527
277 0.905844 0.663397 0.0409312
278 0.905844 0.664201 0.0383123
279 0.905844 0.65409 0.040707
280 0.905844 0.614238 0.0488569
281 0.905844 0.625937 0.0494263
282 0.905844 0.645893 0.0436225
283 0.909124 0.647406 0.0425207
284 0.909124 0.669602 0.033988
285 0.909124 0.656599 0.0408743
286 0.909124 0.649698 0.0333567
287 0.909124 0.642424 0.0411992
288 0.909124 0.640601 0.0403333
289 0.909124 0.634612 0.0419862
290 0.909124 0.635262 0.0449431
291 0.909124 0.614101 0.04527
292 0.909124 0.59415 0.0505767
293 0.909124 0.635451 0.04897
294 0.909124 0.633331 0.0439966
295 0.909124 0.63542 0.0418215
296 0.909124 0.618069 0.0417748
297 0.909124 0.63887 0.03976
298 0.909124 0.622717 0.0427006
299 0.909124 0.595801 0.0453357
300 0.909124 0.628036 0.0505163
301 0.909124 0.627432 0.0455879
302 0.909124 0.623061 0.0435639
303 0.909124 0.663304 0.0419217
304 0.909124 0.604375 0.0455961
305 0.909124 0.631026 0.0446228
306 0.909124 0.65527 0.0373556
307 0.909124 0.67351 0.0384657
308 0.909124 0.702414 0.033146
309 0.909124 0.697045 0.0305063
310 0.909124 0.678182 0.0344339
311 0.909124 0.654614 0.039587
312 0.909124 0.665263 0.0420518
313 0.909124 0.678169 0.0396153
314 0.909124 0.656178 0.0419808
315 0.909124 0.65036 0.0441572
316 0.909124 0.651866 0.0490959
317 0.909124 0.644603 0.0489399
318 0.909124 0.608008 0.0539548
319 0.909124 0.628757 0.0497262
320 0.909124 0.647382 0.0448178
321 0.909124 0.642269 0.0473144
322 0.909124 0.650301 0.0454912
323 0.909124 0.629431 0.0490266
324 0.909124 0.643524 0.0487135
325 0.909124 0.609372 0.0447353
326 0.909124 0.62979 0.0441434
327 0.909124 0.614998 0.0432009
328 0.909124 0.632873 0.0458217
329 0.909124 0.624146 0.0494252
330 0.909124 0.612828 0.0519688
331 0.909124 0.61906 0.0455432
332 0.909124 0.635937 0.0468953
333 0.909124 0.629572 0.0436077
334 0.909124 0.622827 0.0483076
335 0.909124 0.633415 0.0472659
336 0.909411 0.618285 0.0461766
337 0.909411 0.630589 0.0413549
338 0.910469 0.63423 0.0410251
339 0.910469 0.66098 0.0411059
340 0.910469 0.668892 0.0393205
341 0.910469 0.652981 0.0395777
342 0.910469 0.645168 0.0401261
343 0.910469 0.654597 0.0432134
344 0.910469 0.637988 0.0412898
345 0.910469 0.652543 0.0367889
346 0.910469 0.637731 0.0397985
347 0.910469 0.619102 0.0472492
348 0.910469 0.627246 0.0504577
349 0.910469 0.636509 0.0430774
350 0.910469 0.635149 0.0520417
351 0.910469 0.646462 0.049535
352 0.910469 0.631883 0.0461485
353 0.910469 0.646 0.0478774
354 0.910469 0.642585 0.0509707
355 0.911274 0.632127 0.0487501
356 0.911274 0.64361 0.0441817
357 0.911274 0.668501 0.0362015
358 0.911274 0.660589 0.0359014
359 0.911274 0.676968 0.0366862
360 0.911274 0.644488 0.0426621
361 0.911274 0.65025 0.044644
362 0.911274 0.67718 0.0419947
363 0.911274 0.680697 0.038805
364 0.911274 0.665661 0.0449547
365 0.911274 0.658189 0.0439568
366 0.911274 0.644716 0.0418822
367 0.911274 0.656299 0.0393382
368 0.911274 0.667456 0.0456018
369 0.911274 0.658409 0.0419258
370 0.911274 0.666823 0.0407634
371 0.911274 0.618272 0.0472619
372 0.911274 0.632856 0.0485492
373 0.911274 0.626632 0.0463674
374 0.911274 0.616217 0.0480491
375 0.911274 0.609922 0.051212
376 0.911274 0.622181 0.0433915
377 0.911274 0.627354 0.0475485
378 0.911274 0.611769 0.0461062
379 0.911274 0.640734 0.039435
380 0.911274 0.64616 0.0400249
381 0.911415 0.633017 0.0410966
382 0.911415 0.641531 0.0362977
383 0.911415 0.647899 0.0373463
384 0.911415 0.666159 0.0412524
385 0.911467 0.657165 0.0358251
386 0.911467 0.657464 0.0327643
387 0.911467 0.632165 0.0353081
388 0.911467 0.629631 0.0399759
389 0.911467 0.623103 0.0468946
390 0.911467 0.641762 0.0444438
391 0.911467 0.633046 0.0454654
392 0.911467 0.583608 0.0478577
393 0.911467 0.633904 0.047544
394 0.911467 0.605357 0.043262
395 0.911467 0.633417 0.0443724
396 0.911467 0.637903 0.0486248
397 0.911467 0.650824 0.0426177
398 0.911467 0.645996 0.0395916
399 0.911467 0.660198 0.0402359
400 0.911467 0.640827 0.0450237
401 0.911467 0.626133 0.0480234
402 0.911467 0.615911 0.0433946
403 0.911467 0.603939 0.0443339
404 0.911467 0.622162 0.0435684
405 0.911467 0.637687 0.0445494
406 0.911467 0.658152 0.0429251
407 0.911467 0.635248 0.0445581
408 0.911467 0.648846 0.0433119
409 0.911467 0.660397 0.0415194
410 0.911467 0.663072 0.0471232
411 0.911467 0.641804 0.0429182
412 0.911467 0.630407 0.0412135
413 0.911467 0.643284 0.0407537
414 0.911467 0.670497 0.0398104
415 0.911467 0.63795 0.0413951
416 0.911467 0.621282 0.0430369
417 0.911467 0.629517 0.0437534
418 0.911467 0.618737 0.04642
419 0.911467 0.648874 0.0379906
420 0.911467 0.635171 0.0420063
421 0.911467 0.619238 0.0465874
422 0.911467 0.636486 0.0445214
423 0.911467 0.619641 0.0449043
424 0.911467 0.628769 0.0406735
425 0.911467 0.630142 0.0484826
426 0.911467 0.643432 0.0479109
427 0.911467 0.62527 0.0425004
428 0.911467 0.632275 0.04435
429 0.911467 0.631893 0.0480866
430 0.9122 0.66615 0.0434958
431 0.9122 0.671053 0.040467
432 0.9122 0.684183 0.0377985
433 0.9122 0.64989 0.0512233
434 0.9122 0.641086 0.0441596
435 0.9122 0.64662 0.0476172
436 0.9122 0.648748 0.0538218
437 0.9122 0.651732 0.0509221
438 0.9122 0.682046 0.0418154
439 0.9122 0.63643 0.0480496
440 0.9122 0.620557 0.0463651
441 0.9122 0.616562 0.0440915
442 0.9122 0.659739 0.0366547
443 0.9122 0.651547 0.0363668
444 0.9122 0.651126 0.0411818
445 0.9122 0.640298 0.0394934
446 0.9122 0.627411 0.0465428
447 0.9122 0.619638 0.0434861
448 0.912643 0.640511 0.0482608
449 0.912643 0.65523 0.0408081
450 0.912643 0.656219 0.0431119
451 0.912643 0.639513 0.044164
452 0.912643 0.614903 0.044192
453 0.912643 0.622647 0.0441351
454 0.912643 0.629812 0.040534
455 0.912643 0.666463 0.03874
456 0.912643 0.642347 0.0429127
457 0.912643 0.66727 0.0372518
458 0.912643 0.649976 0.0365776
459 0.912643 0.662464 0.0456765
460 0.912643 0.659309 0.0387833
461 0.912643 0.65177 0.0402598
462 0.912643 0.668396 0.0407012
463 0.912643 0.678378 0.0400069
464 0.912643 0.654117 0.0474944
465 0.912643 0.64883 0.0504414
466 0.912643 0.648838 0.0403194
467 0.912643 0.646628 0.0419544
468 0.912643 0.657969 0.0429462
469 0.912643 0.636801 0.0405434
470 0.912643 0.647086 0.0389529
471 0.912643 0.656038 0.0383148
472 0.912643 0.648518 0.0409994
473 0.912643 0.632586 0.0435939
474 0.912718 0.611621 0.0423926
475 0.912718 0.620077 0.0395351
476 0.912718 0.627173 0.0437205
477 0.912718 0.640039 0.0383041
478 0.912718 0.656479 0.0385411
479 0.912718 0.657249 0.0424849
480 0.912718 0.648024 0.0408494
481 0.912718 0.646438 0.04316
482 0.912718 0.662283 0.0432771
483 0.912718 0.665417 0.0414556
484 0.912718 0.639659 0.0360405
485 0.912718 0.637335 0.0408718
486 0.912718 0.623068 0.0455044
487 0.912718 0.655069 0.040842
488 0.912718 0.638966 0.0431957
489 0.912718 0.686934 0.0356751
490 0.912718 0.666548 0.0374831
491 0.912718 0.642804 0.0389886
492 0.912718 0.621053 0.0444208
493 0.912718 0.644854 0.0428463
494 0.912718 0.648726 0.0442673
495 0.912718 0.627567 0.0458975
496 0.912718 0.653679 0.0433631
497 0.912718 0.647067 0.0366633
498 0.912718 0.652875 0.0363451
499 0.912718 0.648208 0.039811
500 0.912718 0.645546 0.0423365
501 0.912718 0.654507 0.0373879
502 0.912718 0.610317 0.0419147
503 0.912718 0.619705 0.039848
504 0.912718 0.601958 0.0429043
505 0.912718 0.616139 0.0397894
506 0.912718 0.624683 0.0381768
507 0.912718 0.639862 0.0354924
508 0.912718 0.628618 0.0350573
509 0.912718 0.637128 0.0376143
510 0.912718 0.652355 0.0338779
511 0.912718 0.66819 0.0326579
512 0.912718 0.679494 0.0329144
513 0.912718 0.662465 0.0336256
514 0.912718 0.651442 0.0354738
515 0.912718 0.645235 0.0376681
516 0.912718 0.665175 0.0403421
517 0.912718 0.680732 0.0370524
518 0.912718 0.691371 0.0308336
519 0.912718 0.662596 0.0318464
520 0.912718 0.63719 0.0396975
521 0.912718 0.665426 0.0391496
522 0.912718 0.641673 0.0420843
523 0.912718 0.660862 0.0402537
524 0.912718 0.665132 0.0321733
525 0.912718 0.660913 0.035187
526 0.912718 0.634804 0.0427739
527 0.912718 0.645615 0.0387962
528 0.912718 0.639506 0.0408205
529 0.912718 0.63781 0.0456677
530 0.912718 0.597635 0.0534179
531 0.912718 0.597562 0.0562283
532 0.912718 0.613983 0.0503683
533 0.912718 0.636097 0.0424267
534 0.912718 0.64019 0.0462285
535 0.912718 0.647983 0.0413903
536 0.912718 0.644385 0.0424526
537 0.912718 0.653081 0.0406479
538 0.912718 0.652548 0.0397402
539 0.912718 0.635485 0.0452724
540 0.912771 0.625438 0.0413344
541 0.912771 0.645821 0.0423155
542 0.912771 0.648445 0.0419646
543 0.912771 0.639838 0.0441627
544 0.912771 0.658573 0.0427785
545 0.912771 0.618869 0.0434888
546 0.912771 0.630861 0.0418714
547 0.912771 0.646512 0.0407276
548 0.912771 0.629219 0.0433072
549 0.912771 0.636607 0.0421513
550 0.912771 0.637444 0.0424615
551 0.912771 0.62681 0.0461805
552 0.912771 0.631674 0.0434773
553 0.912771 0.61535 0.0483747
554 0.912771 0.615668 0.0521429
555 0.912771 0.621504 0.0465866
556 0.912771 0.564819 0.0516724
557 0.912771 0.600031 0.0454835
558 0.912771 0.610196 0.0470956
559 0.912771 0.634334 0.0420976
560 0.912771 0.629191 0.0394394
561 0.912771 0.614459 0.0397651
562 0.912771 0.641435 0.0415357
563 0.912771 0.633107 0.0447754
564 0.912771 0.652276 0.0404819
565 0.912771 0.635404 0.0338387
566 0.912771 0.680476 0.0328836
567 0.912771 0.663339 0.0375021
568 0.912771 0.659157 0.0355537
569 0.912771 0.636039 0.040005
570 0.912771 0.633253 0.0448782
571 0.912771 0.634683 0.0421153
572 0.912771 0.629378 0.0435902
573 0.912771 0.628871 0.0476229
574 0.912771 0.630253 0.0420149
575 0.912771 0.615631 0.0452406
576 0.912771 0.585439 0.0447009
577 0.912771 0.576682 0.0509503
578 0.912771 0.641237 0.0465334
579 0.912771 0.64241 0.0442844
580 0.912771 0.645691 0.0414893
581 0.912771 0.673839 0.0355208
582 0.912771 0.642949 0.03958
583 0.912771 0.65968 0.0370835
584 0.912771 0.616115 0.0438696
585 0.912771 0.62892 0.0441258
586 0.912771 0.591117 0.0451621
587 0.912771 0.621698 0.0558992
588 0.912771 0.646508 0.0434211
589 0.912771 0.63489 0.0473562
590 0.912771 0.641319 0.049445
591 0.912771 0.643772 0.0429615
592 0.912771 0.604684 0.0466276
593 0.912771 0.614162 0.0497493
594 0.912771 0.633501 0.0439637
595 0.912771 0.649582 0.0445026
596 0.912771 0.658104 0.0418071
597 0.912771 0.663615 0.0435255
598 0.912771 0.661646 0.043042
599 0.912771 0.637548 0.0425371
600 0.912771 0.683809 0.038688
601 0.912771 0.659754 0.0444602
602 0.912771 0.646857 0.0494918
603 0.912771 0.66051 0.0421368
604 0.912771 0.645461 0.0403032
605 0.912771 0.641951 0.0386808
606 0.912771 0.649702 0.0419728
607 0.912771 0.663023 0.0459729
608 0.912771 0.670068 0.0383614
609 0.912771 0.669998 0.039171
610 0.912771 0.684962 0.0396572
611 0.912771 0.708765 0.0345701
612 0.912771 0.687886 0.0364268
613 0.912771 0.694142 0.0291815
614 0.912771 0.724158 0.0212524
615 0.912771 0.689086 0.0326837
616 0.912771 0.678315 0.034132
617 0.912771 0.646661 0.0452778
618 0.912771 0.621504 0.0402527
619 0.912771 0.665533 0.0380212
620 0.912771 0.655914 0.0400279
621 0.912771 0.617836 0.0397791
622 0.912771 0.622109 0.0435409
623 0.912771 0.621753 0.0459255
624 0.912771 0.641453 0.0432404
625 0.912771 0.624933 0.0433565
626 0.912771 0.609591 0.044448
627 0.912771 0.587453 0.0423215
628 0.912771 0.592659 0.0429936
629 0.912771 0.604871 0.0400905
630 0.912771 0.614807 0.0417987
631 0.912771 0.635396 0.0395413
632 0.912771 0.626654 0.0373543
633 0.912771 0.629165 0.0419633
634 0.912771 0.623303 0.0414294
635 0.912771 0.598887 0.0415768
636 0.912771 0.629507 0.0354728
637 0.912771 0.644163 0.0388183
638 0.912771 0.629729 0.0354083
639 0.912771 0.623851 0.0372688
640 0.912771 0.632623 0.0356292
641 0.912771 0.66066 0.032695
642 0.912771 0.666825 0.0332606
643 0.912771 0.642824 0.037827
644 0.912771 0.639622 0.0383611
645 0.912771 0.654208 0.0398583
646 0.912771 0.654736 0.0463652
647 0.912771 0.592253 0.04496
648 0.912771 0.631985 0.0416329
649 0.912771 0.610058 0.0426833
650 0.912771 0.595557 0.0403849
651 0.912771 0.632385 0.0356017
652 0.912771 0.661003 0.0317595
653 0.912771 0.671845 0.0270465
654 0.912771 0.655656 0.0377522
655 0.912771 0.644646 0.04061
656 0.912771 0.656593 0.034679
657 0.912771 0.623876 0.0413698
658 0.912771 0.643627 0.0443657
659 0.912771 0.619464 0.0434317
660 0.912771 0.619553 0.0382105
661 0.912771 0.638083 0.0372031
662 0.912771 0.668041 0.0350502
663 0.912771 0.676122 0.0352234
664 0.912771 0.655646 0.0365132
665 0.912771 0.659365 0.0426568
666 0.912771 0.62628 0.0509012
667 0.912771 0.647625 0.0468079
668 0.912771 0.65655 0.0398871
669 0.912771 0.643447 0.0470684
670 0.912771 0.628236 0.0431013
671 0.912771 0.630167 0.0409896
672 0.912771 0.611486 0.0430945
673 0.912771 0.654016 0.0396428
674 0.912771 0.617644 0.0427337
675 0.912771 0.628922 0.0399162
676 0.912771 0.615773 0.0447189
677 0.912771 0.599937 0.0456233
678 0.912771 0.600216 0.0459889
679 0.912771 0.62716 0.0451162
680 0.912771 0.65563 0.0435417
681 0.912771 0.667114 0.0458517
682 0.912771 0.648274 0.0446073
683 0.912771 0.641424 0.0364216
684 0.912771 0.63225 0.0447359
685 0.912771 0.639233 0.043291
686 0.912771 0.628852 0.0412636
687 0.912771 0.643497 0.040301
688 0.912771 0.609448 0.0459837
689 0.912771 0.583236 0.0448474
690 0.912771 0.599208 0.0448638
691 0.912771 0.614991 0.0498229
692 0.912771 0.60071 0.0517148
693 0.912771 0.60235 0.0458072
694 0.912771 0.618925 0.0498928
695 0.912771 0.569027 0.0493225
696 0.912771 0.586774 0.0453005
697 0.912771 0.611119 0.0467813
698 0.912771 0.644162 0.0366052
699 0.912771 0.667197 0.0375611
700 0.912771 0.632958 0.0392981
701 0.912771 0.652056 0.0380567
702 0.912771 0.669936 0.0370983
703 0.912771 0.642459 0.0376398
704 0.912771 0.63455 0.0434622
705 0.912771 0.64847 0.0427919
706 0.912771 0.652911 0.038741
707 0.912771 0.666885 0.0342364
708 0.912771 0.668203 0.0343461
709 0.912771 0.656512 0.038396
710 0.912771 0.682971 0.0305393
711 0.912771 0.663193 0.0394873
712 0.912771 0.650257 0.0411721
713 0.912771 0.642021 0.0412615
714 0.912771 0.64875 0.0421424
715 0.912771 0.634977 0.0412083
716 0.912771 0.627753 0.0474851
717 0.912771 0.668337 0.0424648
718 0.912771 0.649437 0.0439014
719 0.912771 0.6063 0.0472002
720 0.912771 0.572508 0.0615175
721 0.912771 0.571139 0.0534346
722 0.912771 0.583547 0.0533056
723 0.912771 0.634046 0.0506402
724 0.912771 0.643186 0.04689
725 0.912771 0.637574 0.0460245
726 0.912771 0.660336 0.0433405
727 0.912771 0.668942 0.043638
728 0.912771 0.674745 0.0439091
729 0.912771 0.670893 0.0400491
730 0.912771 0.62903 0.0471843
731 0.912771 0.632007 0.0482926
732 0.912771 0.65423 0.0398417
733 0.912771 0.667059 0.036655
734 0.912771 0.660969 0.0359216
735 0.912771 0.649342 0.0395654
736 0.912771 0.656112 0.0406182
737 0.912771 0.643359 0.0465353
738 0.912771 0.675738 0.0378344
739 0.912771 0.667006 0.0385665
740 0.912771 0.631989 0.0470306
741 0.912771 0.64022 0.0407831
742 0.912771 0.656669 0.0453971
743 0.912771 0.639986 0.0402914
744 0.912771 0.641819 0.0406849
745 0.912771 0.643049 0.0391377
746 0.912771 0.627503 0.04127
747 0.912771 0.650634 0.0434317
748 0.912771 0.657164 0.0326823
749 0.912771 0.645415 0.034545
750 0.912771 0.640285 0.0391324
751 0.912771 0.654011 0.0426724
752 0.912771 0.686754 0.041408
753 0.912771 0.636681 0.0501265
754 0.912771 0.640048 0.0429996
755 0.912771 0.621985 0.0458191
756 0.912771 0.677591 0.0427208
757 0.912771 0.700825 0.0350958
758 0.912771 0.687853 0.0411475
759 0.912771 0.674383 0.0383567
760 0.912771 0.666821 0.0383692
761 0.912771 0.679638 0.0404616
762 0.912771 0.65933 0.0417044
763 0.912771 0.646776 0.0403451
764 0.912771 0.629025 0.0453213
765 0.912771 0.611257 0.0460757
766 0.912771 0.644455 0.0417603
767 0.912771 0.62408 0.0405515
768 0.912771 0.611912 0.0479549
769 0.912771 0.613772 0.0486085
770 0.912771 0.560448 0.0534226
771 0.912771 0.56524 0.0523439
772 0.912771 0.580364 0.0481698
773 0.912771 0.581896 0.0506497
774 0.912771 0.611559 0.0497116
775 0.912771 0.64396 0.0486596
776 0.912771 0.61505 0.0446172
777 0.912771 0.600832 0.0424957
778 0.912771 0.632249 0.0435504
779 0.912771 0.635563 0.0450773
780 0.912771 0.64759 0.0483609
781 0.912771 0.649682 0.0462604
782 0.912771 0.64556 0.0427283
783 0.912771 0.630873 0.0485025
784 0.912771 0.631522 0.0471537
785 0.912771 0.641573 0.0513514
786 0.912771 0.63008 0.049962
787 0.912771 0.658994 0.0458377
788 0.912771 0.627657 0.0481692
789 0.912771 0.64572 0.0392993
790 0.912771 0.634746 0.0413891
791 0.912771 0.671785 0.0361226
792 0.912771 0.6354 0.0461273
793 0.912771 0.603012 0.0448078
794 0.912771 0.616933 0.038025
795 0.912771 0.62729 0.0395781
796 0.912771 0.647074 0.0414195
797 0.912771 0.624684 0.0418723
798 0.912771 0.64248 0.0401562
799 0.912771 0.626626 0.0444367
800 0.912771 0.598183 0.0502101
801 0.912771 0.604363 0.0495096
802 0.912771 0.576418 0.0456939
803 0.912771 0.591884 0.0484604
804 0.912771 0.587083 0.0475158
805 0.912771 0.600436 0.0523353
806 0.912771 0.580969 0.052922
807 0.912771 0.587363 0.0510351
808 0.912771 0.595344 0.0488826
809 0.912771 0.646011 0.0429094
810 0.912771 0.659138 0.0409437
811 0.912771 0.655184 0.0421539
812 0.912771 0.658587 0.0379912
813 0.912771 0.644124 0.0429845
814 0.912771 0.645453 0.0375639
815 0.912771 0.647294 0.0387335
816 0.912771 0.646106 0.0398781
817 0.912771 0.651827 0.0375797
818 0.912771 0.644045 0.0415242
819 0.912771 0.650425 0.0434064
820 0.912771 0.662051 0.0375732
821 0.912771 0.643752 0.0422415
822 0.912771 0.640964 0.0398741
823 0.912771 0.636597 0.0457979
824 0.912771 0.653724 0.0382374
825 0.912771 0.665494 0.0406402
826 0.912771 0.642938 0.0384555
827 0.912771 0.670915 0.0338504
828 0.912771 0.635462 0.0419975
829 0.912771 0.672089 0.0308397
830 0.912771 0.671356 0.0331474
831 0.912771 0.663245 0.0349696
832 0.912771 0.661819 0.0368693
833 0.912771 0.679161 0.029791
834 0.912771 0.675928 0.0374252
835 0.912771 0.642169 0.0418463
836 0.912771 0.633387 0.0450542
837 0.912771 0.636505 0.039583
838 0.912771 0.620018 0.0427243
839 0.912771 0.613196 0.042
840 0.912771 0.609412 0.042277
841 0.912771 0.630015 0.0391596
842 0.912771 0.635126 0.0406848
843 0.912771 0.631861 0.0434231
844 0.912771 0.651035 0.0398999
845 0.912771 0.656444 0.0421766
846 0.912771 0.641392 0.0450928
847 0.912771 0.654602 0.0385856
848 0.912771 0.638426 0.035688
849 0.912771 0.643321 0.0433737
850 0.912771 0.682656 0.0324583
851 0.912771 0.683949 0.0299059
852 0.912771 0.657123 0.0339458
853 0.912771 0.657397 0.0353295
854 0.912771 0.672763 0.0395786
855 0.912771 0.667305 0.0399601
856 0.912771 0.661055 0.0343875
857 0.912771 0.655723 0.0375057
858 0.912771 0.614717 0.0432674
859 0.912771 0.603202 0.0482167
860 0.912771 0.621212 0.0477592
861 0.912771 0.637579 0.042318
862 0.912771 0.625813 0.0503025
863 0.912771 0.624202 0.0464585
864 0.912771 0.646372 0.0444261
865 0.912771 0.666941 0.0357314
866 0.912771 0.641823 0.043633
867 0.912771 0.678173 0.0374712
868 0.912771 0.649011 0.0414071
869 0.912771 0.639607 0.0393078
870 0.912771 0.651426 0.0400998
871 0.912771 0.633223 0.0419995
872 0.912771 0.659264 0.0386622
873 0.912771 0.661422 0.0407086
874 0.912771 0.659376 0.0340756
875 0.912771 0.650809 0.0400446
876 0.912771 0.670049 0.0371838
877 0.912771 0.655338 0.0384114
878 0.912771 0.66807 0.0394701
879 0.912771 0.625129 0.0518704
880 0.912771 0.615893 0.0503864
881 0.912771 0.629442 0.0479983
882 0.912771 0.637219 0.0445397
883 0.912771 0.648558 0.0449318
884 0.912771 0.647403 0.048535
885 0.912771 0.627598 0.0461972
886 0.912771 0.608499 0.0408678
887 0.912771 0.620317 0.0433046
888 0.912771 0.639237 0.0429637
889 0.912771 0.66311 0.0399583
890 0.912771 0.647365 0.0383113
891 0.912771 0.635321 0.0400917
892 0.912771 0.603031 0.038983
893 0.912771 0.624045 0.0391063
894 0.912771 0.636921 0.039298
895 0.912771 0.653205 0.0347405
896 0.912771 0.623175 0.0365075
897 0.912771 0.63409 0.0410638
898 0.912771 0.630983 0.0385574
899 0.912771 0.635992 0.0349173
900 0.912771 0.644686 0.0360905
901 0.912771 0.642506 0.0353698
902 0.912771 0.638088 0.0366632
903 0.912771 0.660498 0.0381593
904 0.912771 0.650853 0.038361
905 0.912771 0.641349 0.0424324
906 0.912771 0.699005 0.0314968
907 0.912771 0.658404 0.0392931
908 0.912771 0.662423 0.0423393
909 0.912771 0.66365 0.0360547
910 0.912771 0.628349 0.0399256
911 0.912771 0.653348 0.0378152
912 0.912771 0.680555 0.0353888
913 0.912771 0.672998 0.0385005
914 0.912771 0.639226 0.0400866
915 0.912771 0.650032 0.0382781
916 0.912771 0.650511 0.0383264
917 0.912771 0.657133 0.0354623
918 0.912771 0.62656 0.036322
919 0.912771 0.629656 0.0371661
920 0.912771 0.672722 0.0317355
921 0.912771 0.669137 0.0325832
922 0.912771 0.666458 0.0356847
923 0.912771 0.694755 0.0328642
924 0.912771 0.691276 0.0307325
925 0.912771 0.677688 0.0326778
926 0.912771 0.657421 0.0376139
927 0.912771 0.691312 0.0301931
928 0.912771 0.663233 0.0358541
929 0.912771 0.667546 0.0323274
930 0.912771 0.666035 0.0333017
931 0.912771 0.660454 0.0351676
932 0.912771 0.702328 0.0272196
933 0.912771 0.665059 0.0322454
934 0.912771 0.660106 0.0369139
935 0.912771 0.646168 0.0416951
936 0.912771 0.630129 0.0455442
937 0.912771 0.607371 0.0442002
938 0.912771 0.61799 0.0415597
939 0.912771 0.630539 0.04398
940 0.912771 0.604981 0.0468658
941 0.912771 0.611581 0.046238
942 0.912771 0.616271 0.0378981
943 0.912771 0.642686 0.0364705
944 0.912771 0.630655 0.0434846
945 0.912771 0.629914 0.0440965
946 0.912771 0.648284 0.0415703
947 0.912771 0.637418 0.0360486
948 0.912771 0.642771 0.0319546
949 0.912771 0.663317 0.0347542
950 0.912771 0.638385 0.0388178
951 0.912771 0.619933 0.0426506
952 0.912771 0.650223 0.0375255
953 0.912771 0.632429 0.0464575
954 0.912771 0.598262 0.0452613
955 0.912771 0.618467 0.0460563
956 0.912771 0.627689 0.0383871
957 0.912771 0.646377 0.0391203
958 0.912771 0.666383 0.036298
959 0.912771 0.639909 0.0418989
960 0.912771 0.624301 0.0447789
961 0.912771 0.656451 0.0435933
962 0.912771 0.637595 0.0442297
963 0.912771 0.630984 0.0449557
964 0.912771 0.605939 0.0436945
965 0.912771 0.611698 0.0530557
966 0.912771 0.620649 0.0493164
967 0.912771 0.623726 0.0506454
968 0.912771 0.646136 0.049805
969 0.912771 0.655012 0.0460227
970 0.912771 0.654524 0.0487063
971 0.912771 0.650993 0.0482142
972 0.912771 0.667947 0.0399579
973 0.912771 0.670655 0.0387473
974 0.912771 0.688054 0.0346474
975 0.912771 0.657873 0.0422542
976 0.912771 0.660537 0.0431295
977 0.912771 0.624972 0.0448383
978 0.912771 0.645004 0.0431134
979 0.912771 0.629751 0.0455955
980 0.912771 0.653496 0.0423324
981 0.912771 0.65437 0.0452108
982 0.912771 0.655309 0.0434555
983 0.912771 0.618181 0.0488234
984 0.912771 0.650444 0.0457299
985 0.912771 0.629631 0.0448182
986 0.912771 0.643794 0.0448359
987 0.912771 0.6174 0.0446303
988 0.912771 0.627621 0.0468033
989 0.912771 0.654725 0.0482144
990 0.912771 0.647293 0.0460153
991 0.912771 0.604947 0.0454556
992 0.912771 0.614331 0.0410119
993 0.912771 0.63247 0.0369394
994 0.912771 0.655805 0.041082
995 0.912771 0.666858 0.0369347
996 0.912771 0.677286 0.035763
997 0.912771 0.618332 0.039382
998 0.912771 0.63043 0.0423218
999 0.912771 0.634173 0.0485051
1000 0.912771 0.635832 0.0462897
