0 0.314292 0.24871 0.000183361
1 0.409552 0.253472 0.000535465
2 0.409552 0.254689 0.000510426
3 0.409552 0.256072 0.000595507
4 0.409552 0.257988 0.000828649
5 0.409552 0.259251 0.00101232
6 0.409552 0.262331 0.00135022
7 0.439529 0.265212 0.00155614
8 0.442202 0.268204 0.00212393
9 0.442202 0.267585 0.00189593
10 0.442202 0.282133 0.00352498
11 0.454065 0.279679 0.00452143
12 0.454065 0.286287 0.0048529
13 0.454065 0.282747 0.00521357
14 0.497351 0.290638 0.00569915
15 0.497848 0.299154 0.00677589
16 0.497848 0.306227 0.00851185
17 0.497848 0.316066 0.00921954
18 0.500988 0.305507 0.00811242
19 0.502875 0.31329 0.00874792
20 0.502875 0.312558 0.00830862
21 0.502875 0.308637 0.00888152
22 0.537791 0.303931 0.00976768
23 0.537791 0.302414 0.0103598
24 0.537791 0.312544 0.009602
25 0.537791 0.312017 0.00992953
26 0.537791 0.318438 0.00969746
27 0.540729 0.320247 0.0098522
28 0.540729 0.316384 0.00970618
29 0.54605 0.318306 0.0108748
30 0.552049 0.319885 0.0117966
31 0.552049 0.321099 0.0118174
32 0.552049 0.332114 0.0132517
33 0.552049 0.327006 0.0122483
34 0.552049 0.342603 0.013501
35 0.552049 0.338529 0.013979
36 0.552049 0.336169 0.0138408
37 0.552049 0.327933 0.0120611
38 0.577937 0.351682 0.0140799
39 0.577937 0.346699 0.0135704
40 0.585911 0.357238 0.0145273
41 0.622187 0.369668 0.0153764
42 0.622187 0.388889 0.0151684
43 0.622187 0.378945 0.0152823
44 0.671434 0.382101 0.0169481
45 0.671434 0.401924 0.0166442
46 0.687297 0.421087 0.0208518
47 0.707056 0.430793 0.0229866
48 0.710343 0.43599 0.0261122
49 0.710343 0.450399 0.0227052
50 0.710343 0.456354 0.0219738
51 0.715491 0.47738 0.0208591
52 0.715491 0.469027 0.0221994
53 0.715491 0.48147 0.0194761
54 0.747228 0.494837 0.0214985
55 0.747228 0.518729 0.0215007
56 0.755234 0.533727 0.0226288
57 0.755234 0.538791 0.0219275
58 0.755234 0.545349 0.0206176
59 0.755234 0.550061 0.018897
60 0.774665 0.563631 0.016606
61 0.774665 0.571268 0.0172518
62 0.774665 0.578434 0.0181753
63 0.774665 0.587942 0.020099
64 0.774665 0.593384 0.0173434
65 0.774665 0.605631 0.0160973
66 0.774665 0.604416 0.0124544
67 0.774665 0.607187 0.0106725
68 0.774665 0.61481 0.011928
69 0.774665 0.613953 0.0118169
70 0.788276 0.619373 0.0128134
71 0.788276 0.619873 0.0118107
72 0.790047 0.626351 0.0121667
73 0.792148 0.623193 0.0129371
74 0.792148 0.633375 0.010078
75 0.792148 0.634936 0.0123423
76 0.792148 0.626969 0.0120369
77 0.804322 0.643526 0.012077
78 0.804322 0.639579 0.0139641
79 0.804322 0.644785 0.0150546
80 0.804322 0.637518 0.0157584
81 0.804322 0.634497 0.0184355
82 0.804322 0.615573 0.016176
83 0.804322 0.629627 0.0154435
84 0.804322 0.630479 0.014875
85 0.804322 0.626692 0.0157384
86 0.804322 0.627372 0.014849
87 0.804322 0.622079 0.0192586
88 0.804322 0.622677 0.0193798
89 0.804322 0.621252 0.0195449
90 0.804322 0.612707 0.0211528
91 0.804322 0.63406 0.0185387
92 0.804322 0.617097 0.020684
93 0.804322 0.616855 0.0168148
94 0.804322 0.623579 0.0185491
95 0.804322 0.631175 0.0172551
96 0.804322 0.62882 0.0192095
97 0.804322 0.624625 0.0176182
98 0.804322 0.623445 0.0171142
99 0.804322 0.614412 0.0203963
100 0.804322 0.611913 0.0187849
101 0.804322 0.601865 0.0220466
102 0.804322 0.610193 0.0218794
103 0.804322 0.627076 0.0190852
104 0.804322 0.629636 0.0197708
105 0.805414 0.637673 0.0156415
106 0.805414 0.633847 0.017962
107 0.813268 0.633995 0.018422
108 0.813268 0.635798 0.0160446
109 0.813268 0.632087 0.0149695
110 0.813268 0.63387 0.0160783
111 0.813268 0.641218 0.0159199
112 0.813268 0.649913 0.0164292
113 0.813268 0.649402 0.0139062
114 0.813268 0.643358 0.013536
115 0.813268 0.631157 0.0141806
116 0.813268 0.646883 0.0121756
117 0.813268 0.646984 0.0142561
118 0.815117 0.654513 0.0138222
119 0.815117 0.657941 0.0144269
120 0.819467 0.666097 0.0143228
121 0.819467 0.678462 0.0121303
122 0.819467 0.6588 0.0157836
123 0.819467 0.673258 0.0109761
124 0.819467 0.669659 0.0124131
125 0.819467 0.663374 0.0123662
126 0.826066 0.657406 0.0123993
127 0.826066 0.655787 0.015481
128 0.826066 0.664681 0.0127622
129 0.827247 0.663438 0.0165592
130 0.827247 0.676701 0.0147014
131 0.827247 0.668931 0.0133784
132 0.827247 0.641731 0.0140139
133 0.827247 0.656895 0.0165853
134 0.827247 0.649909 0.0182081
135 0.827247 0.653461 0.0159024
136 0.827247 0.655599 0.0155884
137 0.827247 0.657748 0.0171182
138 0.827247 0.645009 0.0201389
139 0.827247 0.655868 0.0175683
140 0.829608 0.660505 0.0148049
141 0.829608 0.643396 0.0150917
142 0.829608 0.641536 0.0196296
143 0.830446 0.64087 0.0217086
144 0.830446 0.654652 0.0218955
145 0.830446 0.652699 0.0192737
146 0.830446 0.654145 0.0213512
147 0.830446 0.646081 0.0200897
148 0.830446 0.671935 0.014827
149 0.830446 0.657871 0.0172409
150 0.830446 0.669388 0.0168533
151 0.830446 0.671892 0.0155767
152 0.830446 0.662984 0.0146125
153 0.830446 0.657528 0.0151635
154 0.831741 0.65903 0.0154583
155 0.831741 0.660765 0.0175494
156 0.831741 0.659608 0.0166111
157 0.832915 0.673648 0.0161626
158 0.832915 0.662146 0.0163353
159 0.832915 0.680533 0.0124951
160 0.832915 0.671703 0.013059
161 0.832915 0.676599 0.0110227
162 0.832915 0.690433 0.011697
163 0.832915 0.698644 0.0105091
164 0.832915 0.694183 0.00971867
165 0.832915 0.700397 0.0124706
166 0.832915 0.679075 0.0111764
167 0.832915 0.682959 0.0106532
168 0.832915 0.684484 0.0104736
169 0.832915 0.676607 0.0134128
170 0.832915 0.684851 0.013565
171 0.832915 0.690743 0.0128949
172 0.832915 0.687399 0.0121476
173 0.832915 0.688536 0.00916308
174 0.832915 0.704234 0.00898945
175 0.832915 0.694362 0.0115532
176 0.833105 0.707906 0.0113509
177 0.833105 0.699512 0.0124348
178 0.833105 0.683024 0.0143548
179 0.833539 0.683076 0.0139428
180 0.833539 0.688921 0.0126691
181 0.836104 0.71422 0.00955095
182 0.836104 0.697535 0.0109441
183 0.836104 0.697331 0.0106922
184 0.836104 0.688499 0.0141537
185 0.836104 0.683451 0.0130281
186 0.836104 0.678959 0.0122534
187 0.836104 0.665311 0.0153368
188 0.836104 0.677773 0.013667
189 0.836104 0.68218 0.0110313
190 0.836104 0.69065 0.0121119
191 0.836104 0.698815 0.0102092
192 0.836104 0.70315 0.0105395
193 0.836104 0.696002 0.0101952
194 0.836104 0.697104 0.0103358
195 0.837554 0.695414 0.0121449
196 0.837554 0.684112 0.0137904
197 0.839042 0.692046 0.0139093
198 0.839042 0.704368 0.0120017
199 0.839042 0.701043 0.0116802
200 0.839042 0.708057 0.0108614
201 0.839042 0.696896 0.0111199
202 0.839042 0.689715 0.0113765
203 0.839042 0.68069 0.014219
204 0.839042 0.680588 0.014411
205 0.839042 0.668645 0.0184875
206 0.839042 0.6551 0.0210966
207 0.839042 0.684581 0.0165526
208 0.839042 0.679766 0.0134837
209 0.839042 0.699514 0.0124883
210 0.839042 0.699687 0.0148124
211 0.839042 0.702612 0.0113617
212 0.839042 0.692053 0.0120829
213 0.839042 0.70733 0.0118598
214 0.839042 0.71267 0.0114097
215 0.839042 0.716141 0.0095764
216 0.839042 0.70717 0.0107691
217 0.839042 0.704096 0.0132027
218 0.839042 0.700896 0.0137094
219 0.839042 0.700489 0.00990421
220 0.839042 0.691368 0.0106592
221 0.839042 0.690191 0.0120789
222 0.839042 0.699465 0.00997586
223 0.839042 0.685935 0.0131473
224 0.839042 0.685123 0.0129759
225 0.839042 0.693603 0.0110829
226 0.839042 0.698703 0.0119186
227 0.839042 0.699792 0.0104948
228 0.839042 0.703899 0.0117244
229 0.839042 0.714865 0.0100425
230 0.839042 0.714064 0.00992279
231 0.839042 0.703756 0.0107173
232 0.839042 0.694751 0.0120744
233 0.839042 0.685016 0.0127353
234 0.839042 0.693698 0.0112655
235 0.839042 0.702137 0.01244
236 0.839042 0.710835 0.0121411
237 0.839042 0.709196 0.0119921
238 0.839042 0.716913 0.00954586
239 0.839042 0.710027 0.00970757
240 0.839042 0.701489 0.00808605
241 0.839042 0.701274 0.0100838
242 0.839042 0.687281 0.0122031
243 0.839042 0.681854 0.0114544
244 0.839042 0.679579 0.0132388
245 0.839042 0.68619 0.0136468
246 0.839042 0.69611 0.00862585
247 0.839042 0.692838 0.00846857
248 0.839042 0.683453 0.0124916
249 0.839042 0.715041 0.00896651
250 0.839042 0.704699 0.0091964
251 0.839042 0.706482 0.0091563
252 0.839042 0.714592 0.00908932
253 0.839042 0.69664 0.0109529
254 0.839042 0.708361 0.0105546
255 0.839042 0.71337 0.00842628
256 0.839042 0.712594 0.0107009
257 0.839042 0.699192 0.0135809
258 0.839042 0.6955 0.0122799
259 0.839042 0.694527 0.0122993
260 0.839042 0.698891 0.0131806
261 0.839042 0.696833 0.0118217
262 0.839042 0.705706 0.00971685
263 0.839042 0.701847 0.0118093
264 0.839042 0.690449 0.011257
265 0.839042 0.688249 0.0117852
266 0.839042 0.690548 0.010281
267 0.839042 0.696882 0.0112957
268 0.839042 0.684684 0.0105253
269 0.839042 0.677295 0.0103635
270 0.839042 0.685429 0.0139267
271 0.839042 0.689548 0.0123345
272 0.839042 0.692905 0.00875901
273 0.839042 0.706537 0.00951861
274 0.839042 0.713974 0.00949141
275 0.839042 0.696202 0.0111356
276 0.839042 0.689404 0.0146353
277 0.839042 0.699038 0.0127226
278 0.839042 0.708844 0.0119531
279 0.839042 0.707797 0.0123483
280 0.839042 0.698305 0.0144707
281 0.839042 0.68754 0.0181362
282 0.839042 0.704043 0.0140748
283 0.839042 0.69612 0.0126743
284 0.839042 0.708072 0.00955669
285 0.839042 0.698657 0.0107023
286 0.839042 0.723252 0.00760503
287 0.839042 0.726876 0.0108193
288 0.839042 0.70688 0.00906989
289 0.839042 0.71311 0.0110628
290 0.839042 0.683128 0.0148079
291 0.839042 0.695729 0.013986
292 0.839042 0.689712 0.0115512
293 0.839042 0.696338 0.0113629
294 0.839415 0.699501 0.0117207
295 0.839415 0.695447 0.0105158
296 0.839415 0.693186 0.0117541
297 0.839415 0.698159 0.0125826
298 0.839415 0.696388 0.0101021
299 0.839415 0.714608 0.0090499
300 0.839415 0.710967 0.0107577
301 0.839415 0.704535 0.010935
302 0.839415 0.713475 0.0110573
303 0.839415 0.701023 0.0112756
304 0.839415 0.71077 0.0138191
305 0.839415 0.705658 0.0139034
306 0.839415 0.7138 0.0112337
307 0.839415 0.701396 0.0143369
308 0.839415 0.697748 0.0117256
309 0.839415 0.700523 0.0111633
310 0.839415 0.697692 0.0121206
311 0.839415 0.678573 0.0156169
312 0.839415 0.689462 0.0170896
313 0.839415 0.687333 0.0151028
314 0.839415 0.675692 0.0161442
315 0.839415 0.670772 0.0176113
316 0.839415 0.696015 0.0152294
317 0.839415 0.698338 0.0143993
318 0.839415 0.702176 0.0134969
319 0.839415 0.695597 0.0112793
320 0.839415 0.711148 0.00986201
321 0.839415 0.703075 0.0122756
322 0.839415 0.701298 0.011025
323 0.839415 0.715321 0.00881587
324 0.839415 0.702419 0.012653
325 0.839415 0.698627 0.00986617
326 0.839415 0.694654 0.011422
327 0.839415 0.711675 0.00863518
328 0.839415 0.694205 0.0100225
329 0.839415 0.683269 0.0125767
330 0.839415 0.692825 0.0103193
331 0.839415 0.685486 0.0111615
332 0.839415 0.690961 0.0109615
333 0.839415 0.679236 0.0150543
334 0.839415 0.681713 0.0142704
335 0.839415 0.680146 0.0158072
336 0.839415 0.685565 0.0154713
337 0.839415 0.690256 0.013762
338 0.839415 0.689769 0.0119944
339 0.839415 0.679595 0.0139824
340 0.839415 0.683347 0.0143657
341 0.839415 0.690796 0.0144271
342 0.839415 0.689784 0.0167447
343 0.839415 0.679628 0.0184905
344 0.839415 0.693085 0.0138801
345 0.839415 0.693157 0.0119747
346 0.839415 0.684591 0.0122695
347 0.839415 0.676707 0.0118982
348 0.839415 0.686707 0.0115048
349 0.839415 0.686856 0.0140084
350 0.839415 0.683024 0.0142201
351 0.839415 0.69799 0.0130036
352 0.839415 0.694373 0.0132183
353 0.839415 0.686748 0.0125899
354 0.839415 0.687008 0.0125377
355 0.839415 0.695806 0.0108869
356 0.839415 0.70342 0.00902157
357 0.839415 0.702224 0.0113187
358 0.839415 0.694345 0.0119128
359 0.839415 0.70106 0.0103507
360 0.839415 0.69907 0.0100455
361 0.839415 0.696159 0.0110245
362 0.839415 0.685205 0.0138158
363 0.839415 0.701596 0.0117318
364 0.839415 0.683508 0.0144784
365 0.839415 0.703932 0.0103711
366 0.839415 0.689002 0.011606
367 0.840265 0.700708 0.0119026
368 0.840265 0.685603 0.014145
369 0.840265 0.692733 0.011558
370 0.840265 0.698441 0.0113633
371 0.840265 0.705089 0.0107591
372 0.840265 0.675322 0.0139103
373 0.840265 0.691116 0.00977515
374 0.840265 0.702468 0.0102189
375 0.840265 0.697671 0.0115117
376 0.840265 0.693142 0.0122614
377 0.840265 0.69004 0.0128982
378 0.840265 0.668976 0.0121105
379 0.840265 0.694379 0.00948415
380 0.840265 0.686732 0.0130052
381 0.840265 0.68128 0.0124164
382 0.840265 0.681644 0.0139483
383 0.840265 0.684181 0.0142539
384 0.840265 0.697668 0.0116781
385 0.840265 0.706744 0.013569
386 0.840265 0.696077 0.0146447
387 0.840265 0.692958 0.0104103
388 0.840265 0.69572 0.0138704
389 0.840265 0.70192 0.0110989
390 0.840265 0.697986 0.0103151
391 0.840265 0.687625 0.0136477
392 0.840265 0.682563 0.0162096
393 0.840265 0.6871 0.0176272
394 0.840265 0.706678 0.015104
395 0.840265 0.698339 0.0133743
396 0.840265 0.697695 0.0157885
397 0.840265 0.69288 0.0159823
398 0.840265 0.693476 0.0154904
399 0.840265 0.671011 0.0188079
400 0.840265 0.671091 0.0173416
401 0.840265 0.678828 0.0183829
402 0.840265 0.688245 0.0140858
403 0.840265 0.693582 0.0133008
404 0.840265 0.696563 0.013288
405 0.840265 0.691796 0.013561
406 0.840265 0.697637 0.0101668
407 0.840265 0.696249 0.011916
408 0.840265 0.700674 0.0119303
409 0.840265 0.686458 0.0150718
410 0.840265 0.680994 0.0154035
411 0.840265 0.674676 0.0149984
412 0.840265 0.655491 0.0155841
413 0.840265 0.669767 0.0142689
414 0.840265 0.678576 0.01306
415 0.840265 0.685322 0.0140522
416 0.840265 0.686705 0.0163761
417 0.840265 0.687355 0.0130984
418 0.840265 0.685725 0.0152617
419 0.840265 0.662688 0.0185476
420 0.840265 0.674384 0.0183624
421 0.840265 0.691548 0.0148878
422 0.840265 0.691091 0.0133055
423 0.840265 0.690118 0.0158986
424 0.840265 0.698075 0.0141723
425 0.840265 0.697225 0.0127951
426 0.840265 0.704511 0.012392
427 0.840265 0.706693 0.0104246
428 0.840265 0.694339 0.0136866
429 0.840265 0.699772 0.0118356
430 0.840265 0.692707 0.0142687
431 0.840265 0.688385 0.0120164
432 0.840265 0.70319 0.0141419
433 0.840265 0.686037 0.0137658
434 0.840265 0.692373 0.0116204
435 0.840265 0.692599 0.0126918
436 0.840265 0.67589 0.0146489
437 0.840265 0.678634 0.0149811
438 0.840265 0.687623 0.013932
439 0.840265 0.676181 0.0159161
440 0.840265 0.702758 0.0147496
441 0.840265 0.707811 0.0101565
442 0.840265 0.721448 0.00865608
443 0.840265 0.712476 0.009466
444 0.840265 0.720634 0.00949041
445 0.840265 0.706151 0.00870033
446 0.840265 0.707332 0.0098715
447 0.840265 0.706641 0.011175
448 0.840265 0.696373 0.0131573
449 0.840265 0.695532 0.0110963
450 0.840265 0.69545 0.00958364
451 0.840265 0.693373 0.0100607
452 0.840265 0.689156 0.0112817
453 0.840265 0.683624 0.0123576
454 0.840265 0.684072 0.0116358
455 0.840265 0.683826 0.0135853
456 0.840265 0.710046 0.0109763
457 0.840265 0.697736 0.0118036
458 0.840265 0.699082 0.0134869
459 0.840265 0.697186 0.0117594
460 0.840265 0.695707 0.011176
461 0.840265 0.696337 0.0110996
462 0.840265 0.697873 0.0120887
463 0.840265 0.701272 0.0123082
464 0.840265 0.696047 0.0135298
465 0.840265 0.693804 0.0130206
466 0.840265 0.702041 0.0121715
467 0.840265 0.704293 0.0114269
468 0.840265 0.701663 0.00958565
469 0.840265 0.690224 0.0116847
470 0.840265 0.693512 0.0130722
471 0.840265 0.694793 0.0156722
472 0.840265 0.691807 0.014876
473 0.841303 0.705236 0.0110169
474 0.841303 0.691855 0.0128558
475 0.841303 0.672668 0.014916
476 0.841303 0.694168 0.0133513
477 0.841303 0.703336 0.0128597
478 0.841303 0.698218 0.0122632
479 0.841303 0.679495 0.0197594
480 0.841303 0.687883 0.0173257
481 0.841303 0.692123 0.0144143
482 0.841303 0.706075 0.0104827
483 0.841303 0.699979 0.00982563
484 0.841303 0.684874 0.0106787
485 0.841303 0.667351 0.0151275
486 0.841303 0.690087 0.0124822
487 0.841303 0.688532 0.0118187
488 0.841303 0.686167 0.0136616
489 0.841303 0.686942 0.0144683
490 0.841303 0.6764 0.0171825
491 0.841303 0.68909 0.0191622
492 0.841303 0.678569 0.0179864
493 0.841303 0.682721 0.0165261
494 0.841303 0.689649 0.0165312
495 0.841303 0.694209 0.0143818
496 0.841303 0.699371 0.0117052
497 0.841303 0.699547 0.0130999
498 0.841303 0.680303 0.0142525
499 0.841303 0.683108 0.015536
500 0.841303 0.691489 0.0175548
501 0.841303 0.689414 0.0136763
502 0.841303 0.688026 0.0105557
503 0.841303 0.682773 0.0146503
504 0.841303 0.685346 0.014824
505 0.841462 0.699993 0.0146168
506 0.841462 0.687698 0.0126893
507 0.841462 0.682682 0.015173
508 0.841462 0.704811 0.0125592
509 0.841462 0.692122 0.0112635
510 0.841462 0.691175 0.0133198
511 0.841462 0.689127 0.0145629
512 0.841462 0.694562 0.0157724
513 0.841462 0.694184 0.0175213
514 0.841462 0.693665 0.021416
515 0.841462 0.683463 0.0174206
516 0.841462 0.681125 0.0164259
517 0.841462 0.674593 0.0180731
518 0.841462 0.692151 0.0153435
519 0.841462 0.684664 0.0131042
520 0.841462 0.692182 0.013128
521 0.841462 0.696548 0.0134456
522 0.841462 0.696751 0.0144402
523 0.841462 0.704896 0.0136203
524 0.841462 0.682505 0.0156138
525 0.841462 0.690599 0.0120909
526 0.841462 0.68211 0.0110879
527 0.841462 0.672321 0.0154258
528 0.841462 0.676171 0.0152223
529 0.841462 0.680006 0.0135467
530 0.841462 0.691999 0.0121586
531 0.841462 0.685611 0.0141844
532 0.841462 0.682237 0.0173431
533 0.841462 0.691717 0.0129661
534 0.841462 0.687743 0.0186313
535 0.841462 0.692757 0.0145931
536 0.841462 0.683118 0.0170773
537 0.841462 0.6953 0.0159811
538 0.841462 0.685777 0.0192757
539 0.841462 0.68791 0.0190899
540 0.841462 0.684145 0.0177082
541 0.841462 0.68615 0.01566
542 0.841462 0.694203 0.0148671
543 0.841462 0.697325 0.0127747
544 0.841462 0.687439 0.0134432
545 0.841462 0.695787 0.0154948
546 0.841462 0.691659 0.0134865
547 0.841462 0.68399 0.0155026
548 0.841462 0.709357 0.0127776
549 0.841462 0.702206 0.0145706
550 0.841462 0.705195 0.0128365
551 0.841462 0.700449 0.0110715
552 0.841462 0.710846 0.00904416
553 0.841462 0.720132 0.00905445
554 0.841462 0.716941 0.00893475
555 0.841462 0.711243 0.00963754
556 0.841462 0.721284 0.0105116
557 0.841462 0.724491 0.00856475
558 0.841462 0.717198 0.012012
559 0.841462 0.717048 0.011511
560 0.841462 0.712782 0.00874036
561 0.841462 0.714462 0.0103365
562 0.841462 0.708391 0.0118854
563 0.841462 0.71293 0.0132126
564 0.841462 0.708642 0.0107762
565 0.841462 0.697148 0.0105481
566 0.841462 0.714562 0.0105939
567 0.841462 0.712682 0.0107817
568 0.841462 0.714425 0.0133282
569 0.841462 0.697342 0.0127846
570 0.841462 0.697193 0.0127859
571 0.841462 0.680703 0.0166157
572 0.841462 0.683733 0.0173065
573 0.841462 0.690085 0.0182446
574 0.841462 0.699603 0.01712
575 0.841462 0.692596 0.0178424
576 0.841462 0.697471 0.0136872
577 0.841462 0.687109 0.0143448
578 0.841462 0.679469 0.0119485
579 0.841462 0.694137 0.0131508
580 0.841462 0.701302 0.0123085
581 0.841462 0.710845 0.0116715
582 0.841462 0.707754 0.0104342
583 0.841462 0.703914 0.0118346
584 0.841835 0.701743 0.0123763
585 0.841835 0.696101 0.0150663
586 0.841835 0.689535 0.0107406
587 0.841835 0.692426 0.0112987
588 0.841835 0.686386 0.0105964
589 0.841835 0.687048 0.0114882
590 0.841835 0.69327 0.0113043
591 0.841835 0.687785 0.0131087
592 0.841835 0.698203 0.0106259
593 0.841835 0.690377 0.0136331
594 0.841835 0.696623 0.0148571
595 0.841835 0.677969 0.0154569
596 0.841835 0.668914 0.0183671
597 0.841835 0.666917 0.0218648
598 0.841835 0.679966 0.0162993
599 0.841835 0.689113 0.0162341
600 0.841835 0.69899 0.014464
601 0.841835 0.699805 0.0146749
602 0.841835 0.697003 0.0136152
603 0.841835 0.702879 0.0112803
604 0.841835 0.70478 0.0123172
605 0.841835 0.690113 0.0146975
606 0.841835 0.692624 0.0133726
607 0.841835 0.704662 0.0126982
608 0.841835 0.697017 0.011637
609 0.841835 0.690373 0.0111996
610 0.841835 0.695641 0.0114256
611 0.841835 0.696946 0.0116266
612 0.841835 0.694068 0.00996693
613 0.841835 0.689476 0.011456
614 0.841835 0.692146 0.0108713
615 0.841835 0.705285 0.0102856
616 0.841835 0.701384 0.00880231
617 0.841835 0.698731 0.0106267
618 0.841835 0.684647 0.0134451
619 0.841835 0.695055 0.0122771
620 0.841835 0.669968 0.0147107
621 0.841835 0.662639 0.0188802
622 0.841835 0.661716 0.0172031
623 0.841835 0.655149 0.0167685
624 0.841835 0.679787 0.0142338
625 0.841835 0.682895 0.0129794
626 0.841835 0.692847 0.010989
627 0.841835 0.697115 0.0114154
628 0.841835 0.70258 0.0131174
629 0.841835 0.69879 0.0120389
630 0.841835 0.689427 0.014183
631 0.841835 0.687921 0.0138729
632 0.841835 0.663709 0.0164242
633 0.841835 0.677682 0.0151664
634 0.841835 0.674004 0.0148832
635 0.841835 0.68201 0.0157582
636 0.841835 0.678802 0.0178581
637 0.841835 0.682083 0.0152114
638 0.841835 0.686922 0.0120396
639 0.841835 0.671577 0.0142896
640 0.841835 0.684514 0.0150237
641 0.841835 0.681183 0.0136503
642 0.841835 0.697505 0.0115768
643 0.841835 0.700308 0.0107097
644 0.841835 0.689077 0.0114145
645 0.841835 0.703005 0.0104324
646 0.841835 0.698964 0.0116752
647 0.841835 0.703635 0.0110915
648 0.841835 0.700083 0.011932
649 0.841835 0.707927 0.0100709
650 0.841835 0.705363 0.0121914
651 0.841835 0.692139 0.0122655
652 0.841835 0.700556 0.00960186
653 0.841835 0.705483 0.00911897
654 0.841835 0.709327 0.00845145
655 0.841835 0.704872 0.0115358
656 0.841835 0.706436 0.0126874
657 0.841835 0.679246 0.0161333
658 0.841835 0.691501 0.0157554
659 0.841835 0.696525 0.0131886
660 0.841835 0.70737 0.0126393
661 0.841835 0.698725 0.0104203
662 0.841835 0.691872 0.0118173
663 0.841835 0.699392 0.0111419
664 0.841835 0.705554 0.0104025
665 0.841835 0.712246 0.0112038
666 0.841835 0.69442 0.0146304
667 0.841835 0.708298 0.00988509
668 0.841835 0.712031 0.0093809
669 0.841835 0.69975 0.0102184
670 0.841835 0.689133 0.010904
671 0.841835 0.692235 0.0106833
672 0.841835 0.695249 0.0113033
673 0.841835 0.694115 0.0116408
674 0.841835 0.685925 0.0138556
675 0.841835 0.705117 0.0100421
676 0.841835 0.696533 0.0111134
677 0.841835 0.694581 0.0135852
678 0.841835 0.681748 0.0164284
679 0.841835 0.682707 0.0172266
680 0.841835 0.686179 0.0171507
681 0.841835 0.692051 0.0151616
682 0.841835 0.690781 0.0144838
683 0.841835 0.688857 0.0149825
684 0.841835 0.702197 0.013713
685 0.841835 0.702195 0.010685
686 0.841835 0.7066 0.0106687
687 0.841835 0.713119 0.0101853
688 0.841835 0.698718 0.0136638
689 0.841835 0.697869 0.0140938
690 0.841835 0.687308 0.0152343
691 0.841835 0.681156 0.016125
692 0.841835 0.674958 0.0140963
693 0.841835 0.679395 0.0134885
694 0.841835 0.673134 0.0152881
695 0.841835 0.681257 0.0148504
696 0.841835 0.69039 0.014485
697 0.841835 0.677775 0.013986
698 0.841835 0.692722 0.0145757
699 0.841835 0.692588 0.0111793
700 0.841835 0.69063 0.0132487
701 0.841835 0.700224 0.0136966
702 0.841835 0.693602 0.0142197
703 0.841835 0.708433 0.0104827
704 0.841835 0.70605 0.0115423
705 0.841835 0.710263 0.00985243
706 0.841835 0.70446 0.0119149
707 0.841835 0.688663 0.014987
708 0.841835 0.689098 0.0173958
709 0.841835 0.698474 0.0129879
710 0.841835 0.699733 0.0120884
711 0.841835 0.693682 0.00968328
712 0.841835 0.689894 0.0108335
713 0.841835 0.694203 0.0118429
714 0.841835 0.696212 0.011225
715 0.841835 0.699548 0.0110673
716 0.841835 0.694093 0.0122581
717 0.841835 0.690581 0.0121411
718 0.841835 0.699443 0.00919348
719 0.841835 0.699017 0.0123428
720 0.841835 0.698911 0.0116176
721 0.841835 0.701482 0.0138524
722 0.841835 0.698917 0.013912
723 0.841835 0.718734 0.00895084
724 0.841835 0.702871 0.0131884
725 0.841835 0.699454 0.0134562
726 0.841835 0.688585 0.0132657
727 0.841835 0.680445 0.0140487
728 0.841835 0.702145 0.0116052
729 0.841835 0.706267 0.0104469
730 0.841835 0.696773 0.0100381
731 0.841835 0.702286 0.0118781
732 0.841835 0.693297 0.0132647
733 0.841835 0.701601 0.0114903
734 0.841835 0.697012 0.0131548
735 0.841835 0.702983 0.0115486
736 0.841835 0.706237 0.0105915
737 0.841835 0.710506 0.0127612
738 0.841835 0.706183 0.0132628
739 0.841835 0.696884 0.0153984
740 0.841835 0.688909 0.0147064
741 0.841835 0.70137 0.0142018
742 0.841835 0.703643 0.0122512
743 0.841835 0.711616 0.00879398
744 0.841835 0.698067 0.01068
745 0.841835 0.704209 0.0102855
746 0.841835 0.708715 0.00915907
747 0.841835 0.701498 0.00955864
748 0.841835 0.701816 0.0121166
749 0.841835 0.691617 0.0124785
750 0.841835 0.700745 0.00812499
751 0.841835 0.687802 0.0116857
752 0.841835 0.682251 0.0120772
753 0.841835 0.683024 0.013472
754 0.841835 0.674253 0.013348
755 0.841835 0.678166 0.0164703
756 0.841835 0.68558 0.0144375
757 0.841835 0.696228 0.0114879
758 0.841835 0.699611 0.0110329
759 0.841835 0.710034 0.0114893
760 0.841835 0.708939 0.0130025
761 0.841835 0.696424 0.0111875
762 0.841835 0.698403 0.0130306
763 0.841835 0.703555 0.0110035
764 0.841835 0.689193 0.0136275
765 0.841835 0.691877 0.0138571
766 0.841835 0.683646 0.0123755
767 0.8419 0.701062 0.0109252
768 0.8419 0.706783 0.0103917
769 0.8419 0.707948 0.0117383
770 0.8419 0.703633 0.0101428
771 0.8419 0.715197 0.00934131
772 0.8419 0.707943 0.0102095
773 0.8419 0.706146 0.0101414
774 0.8419 0.681792 0.0132965
775 0.8419 0.686106 0.0158598
776 0.8419 0.695204 0.0138397
777 0.8419 0.699579 0.0141803
778 0.8419 0.679351 0.0165745
779 0.8419 0.675851 0.0133581
780 0.8419 0.6799 0.0154164
781 0.8419 0.681378 0.0169893
782 0.8419 0.703976 0.0126291
783 0.8419 0.705176 0.0120334
784 0.8419 0.704396 0.00922341
785 0.8419 0.712089 0.00922187
786 0.8419 0.696735 0.0119106
787 0.8419 0.705984 0.0111797
788 0.8419 0.700899 0.0139419
789 0.8419 0.707893 0.00947169
790 0.8419 0.708692 0.0103063
791 0.8419 0.705499 0.0108253
792 0.8419 0.702561 0.0106921
793 0.8419 0.707508 0.00974188
794 0.8419 0.69959 0.00973319
795 0.8419 0.708565 0.011281
796 0.8419 0.696617 0.00931322
797 0.8419 0.709252 0.00919828
798 0.8419 0.716325 0.00966793
799 0.8419 0.713502 0.00987056
800 0.8419 0.708782 0.0102211
801 0.8419 0.699343 0.0101869
802 0.8419 0.689288 0.0121902
803 0.8419 0.703784 0.0107692
804 0.8419 0.709874 0.0091197
805 0.8419 0.712646 0.00973771
806 0.8419 0.708556 0.0109073
807 0.8419 0.702171 0.0121644
808 0.8419 0.698335 0.0115621
809 0.8419 0.716916 0.0100251
810 0.8419 0.702569 0.012689
811 0.8419 0.698527 0.0135753
812 0.8419 0.699011 0.0129121
813 0.8419 0.693687 0.0152163
814 0.8419 0.702824 0.0133328
815 0.8419 0.708035 0.0127723
816 0.8419 0.701371 0.0105497
817 0.8419 0.701932 0.0112316
818 0.8419 0.69168 0.0121
819 0.8419 0.685783 0.0109055
820 0.8419 0.697531 0.0103656
821 0.8419 0.686764 0.0106836
822 0.8419 0.697846 0.0112489
823 0.8419 0.69546 0.0127628
824 0.8419 0.699642 0.0105002
825 0.8419 0.698433 0.0103564
826 0.8419 0.697616 0.0109567
827 0.8419 0.703249 0.0114771
828 0.8419 0.707124 0.0129687
829 0.842005 0.704032 0.0138656
830 0.842005 0.700246 0.0127739
831 0.842005 0.696475 0.0117326
832 0.842005 0.698459 0.0122213
833 0.842005 0.681168 0.0153739
834 0.842005 0.670627 0.0149778
835 0.842005 0.674998 0.0175561
836 0.842005 0.680616 0.0173964
837 0.842005 0.687112 0.0138001
838 0.842005 0.673829 0.0187156
839 0.842005 0.694251 0.0179391
840 0.842005 0.688473 0.0176153
841 0.842005 0.698537 0.0167102
842 0.842005 0.69782 0.0125538
843 0.842005 0.702694 0.010608
844 0.842005 0.70627 0.0116937
845 0.842005 0.696524 0.0160373
846 0.842005 0.699543 0.0131409
847 0.842005 0.701371 0.0128403
848 0.842005 0.68319 0.0147203
849 0.842005 0.682146 0.017302
850 0.842005 0.674234 0.0196568
851 0.842005 0.682289 0.0202743
852 0.842005 0.690276 0.0174586
853 0.842005 0.664818 0.0180644
854 0.842005 0.648785 0.0180765
855 0.842005 0.662323 0.0162881
856 0.842005 0.674174 0.0144403
857 0.842005 0.669327 0.0139495
858 0.842005 0.664056 0.0181288
859 0.842005 0.679505 0.0146986
860 0.842005 0.693953 0.0131221
861 0.842005 0.696612 0.0109413
862 0.842005 0.693117 0.0129742
863 0.842005 0.700162 0.0132673
864 0.842005 0.692283 0.0149981
865 0.842005 0.699785 0.0126584
866 0.842005 0.702754 0.0127401
867 0.842005 0.701686 0.0139624
868 0.842005 0.700495 0.0130838
869 0.842005 0.689209 0.0119495
870 0.842005 0.689093 0.0126246
871 0.842005 0.686647 0.0120155
872 0.842005 0.685208 0.014975
873 0.842005 0.687737 0.0115301
874 0.842005 0.681699 0.015232
875 0.842005 0.68138 0.0143727
876 0.842005 0.685577 0.0146259
877 0.842005 0.67299 0.0144975
878 0.842005 0.67787 0.012358
879 0.842005 0.666955 0.016302
880 0.842005 0.681785 0.0149169
881 0.842005 0.689123 0.0153154
882 0.842005 0.694042 0.0141144
883 0.842005 0.701034 0.0131965
884 0.842005 0.699979 0.0136339
885 0.842005 0.702386 0.0146232
886 0.842005 0.707761 0.0120676
887 0.842005 0.720402 0.0115733
888 0.842005 0.708428 0.0136493
889 0.842005 0.697092 0.0129956
890 0.842005 0.711375 0.00963797
891 0.842005 0.710415 0.0114454
892 0.842005 0.705888 0.0129605
893 0.842005 0.675358 0.0178562
894 0.842005 0.672573 0.0177576
895 0.842005 0.676424 0.0181444
896 0.842005 0.67568 0.0157368
897 0.842005 0.689732 0.0138583
898 0.842005 0.68972 0.013411
899 0.842005 0.671561 0.0159842
900 0.842005 0.68014 0.0141009
901 0.842005 0.68795 0.0140779
902 0.842005 0.679403 0.0134737
903 0.842005 0.681008 0.0139015
904 0.842005 0.693241 0.0117374
905 0.842314 0.694909 0.0122305
906 0.842314 0.672253 0.0141399
907 0.842314 0.693937 0.0130522
908 0.842314 0.694378 0.0137711
909 0.842314 0.712086 0.0126064
910 0.842314 0.710701 0.0109629
911 0.842314 0.727213 0.00969372
912 0.842314 0.713812 0.0107698
913 0.842314 0.713931 0.0110798
914 0.842314 0.717697 0.010658
915 0.842314 0.724338 0.00964123
916 0.842314 0.722701 0.00970441
917 0.842314 0.712803 0.0108576
918 0.842314 0.700953 0.0124574
919 0.842314 0.698292 0.0128329
920 0.842314 0.687425 0.0146815
921 0.842314 0.685244 0.0142244
922 0.842314 0.692277 0.0170087
923 0.842314 0.688956 0.0113884
924 0.842314 0.700474 0.0108013
925 0.842314 0.705996 0.010887
926 0.842314 0.69079 0.0128796
927 0.842314 0.704656 0.0101523
928 0.842314 0.714672 0.0100052
929 0.842314 0.71653 0.0111353
930 0.842314 0.714618 0.0110832
931 0.842314 0.704388 0.014234
932 0.842314 0.692524 0.0143639
933 0.842314 0.688029 0.0144523
934 0.842314 0.703443 0.0141854
935 0.842314 0.701631 0.0130752
936 0.842314 0.689302 0.0119478
937 0.842314 0.677399 0.0149337
938 0.842314 0.681188 0.0135441
939 0.842314 0.695851 0.011587
940 0.842314 0.692122 0.0103572
941 0.842314 0.683909 0.0118314
942 0.842314 0.690556 0.0145879
943 0.842314 0.685241 0.013659
944 0.842314 0.683106 0.0145131
945 0.842314 0.691594 0.0148258
946 0.842314 0.678384 0.0185522
947 0.842314 0.681619 0.015328
948 0.842314 0.674207 0.0182544
949 0.842314 0.690732 0.0133759
950 0.842314 0.700271 0.013104
951 0.842314 0.694703 0.0122048
952 0.842314 0.689405 0.0142694
953 0.842314 0.693035 0.0131398
954 0.842314 0.682218 0.0159665
955 0.842314 0.666116 0.0182253
956 0.842314 0.666368 0.0181211
957 0.842314 0.677102 0.015524
958 0.842314 0.678777 0.0149249
959 0.842314 0.678902 0.0135438
960 0.842314 0.680273 0.0124621
961 0.842314 0.678279 0.0124015
962 0.842314 0.689714 0.0121696
963 0.842314 0.678233 0.0139105
964 0.842314 0.671118 0.0157158
965 0.842314 0.676977 0.0158192
966 0.842314 0.690081 0.0137014
967 0.842314 0.692918 0.0139638
968 0.842314 0.699431 0.0123334
969 0.842314 0.693941 0.0127773
970 0.842314 0.682704 0.0112946
971 0.842314 0.69014 0.0115516
972 0.842314 0.699222 0.00919797
973 0.842314 0.693447 0.0104213
974 0.842314 0.707496 0.00883554
975 0.842314 0.718971 0.0066834
976 0.842314 0.709854 0.00802384
977 0.842314 0.701379 0.00981591
978 0.842314 0.701691 0.00995787
979 0.842314 0.695877 0.0104231
980 0.842314 0.703571 0.0102442
981 0.842314 0.689127 0.0116338
982 0.842314 0.68683 0.0134852
983 0.842314 0.695033 0.0142697
984 0.842314 0.681543 0.016896
985 0.842314 0.692364 0.0167923
986 0.842314 0.680196 0.0177516
987 0.842314 0.691337 0.0131914
988 0.842314 0.689111 0.0139894
989 0.842314 0.678402 0.0165733
990 0.842314 0.682171 0.0133851
991 0.842314 0.695974 0.0130178
992 0.842314 0.700645 0.0131921
993 0.842314 0.6973 0.0160389
994 0.842314 0.704998 0.0110796
995 0.842314 0.729719 0.00886269
996 0.842314 0.715792 0.010776
997 0.842314 0.709743 0.0114888
998 0.842314 0.714503 0.0102331
999 0.842314 0.714437 0.00966376
1000 0.842314 0.710393 0.0138143
