0 0.272964 0.249686 8.39462e-05
1 0.315804 0.253447 0.00014339
2 0.348219 0.254706 0.000388399
3 0.348219 0.256473 0.000459939
4 0.348219 0.255925 0.000623862
5 0.348219 0.259746 0.000690026
6 0.348219 0.25871 0.000615061
7 0.348219 0.261942 0.000809507
8 0.348219 0.264574 0.000874372
9 0.348219 0.266302 0.00104044
10 0.348219 0.265735 0.00130085
11 0.348219 0.26702 0.0010142
12 0.348219 0.268768 0.00107131
13 0.348219 0.264786 0.00121584
14 0.348219 0.264031 0.0013035
15 0.348219 0.266499 0.00134589
16 0.364708 0.270724 0.00153208
17 0.364708 0.271593 0.00185219
18 0.364708 0.272928 0.00194729
19 0.386469 0.271444 0.00181853
20 0.448138 0.279712 0.00249867
21 0.448138 0.274337 0.0023201
22 0.448138 0.275678 0.00280536
23 0.448138 0.275526 0.00313146
24 0.448138 0.274583 0.00315859
25 0.448138 0.279004 0.00340463
26 0.48573 0.282302 0.00360663
27 0.48573 0.290557 0.0050744
28 0.494504 0.301652 0.00601461
29 0.537609 0.306748 0.00742727
30 0.537609 0.314452 0.00845285
31 0.537609 0.307339 0.00831791
32 0.6114 0.314319 0.0101412
33 0.6114 0.315088 0.0119408
34 0.6114 0.318988 0.014058
35 0.6114 0.327322 0.0132759
36 0.6114 0.326181 0.0139268
37 0.6114 0.327261 0.0148044
38 0.6114 0.329809 0.0171031
39 0.625705 0.342509 0.0168376
40 0.625705 0.342625 0.0200291
41 0.625705 0.349002 0.0195689
42 0.63756 0.35951 0.0205654
43 0.657144 0.354247 0.0226664
44 0.68962 0.355945 0.02367
45 0.690622 0.397835 0.0279408
46 0.690622 0.398479 0.0281649
47 0.690622 0.397695 0.0280393
48 0.690622 0.396105 0.0277513
49 0.710812 0.396732 0.0282606
50 0.720384 0.401933 0.031176
51 0.720384 0.426366 0.0328809
52 0.720384 0.428822 0.0304357
53 0.720384 0.446157 0.0321888
54 0.720384 0.455962 0.0336193
55 0.725426 0.47281 0.0350802
56 0.728676 0.479515 0.0338024
57 0.740474 0.475292 0.0342913
58 0.75627 0.477442 0.035033
59 0.75627 0.492776 0.0323135
60 0.759231 0.517237 0.0321167
61 0.759231 0.516942 0.0349655
62 0.759231 0.537165 0.029453
63 0.759231 0.57369 0.0270998
64 0.759231 0.5782 0.0252181
65 0.759231 0.569802 0.0289896
66 0.759231 0.576213 0.0253195
67 0.759231 0.598197 0.0210144
68 0.766969 0.588611 0.0217968
69 0.766969 0.601812 0.0193285
70 0.766969 0.60539 0.0192988
71 0.766969 0.629075 0.0172875
72 0.778272 0.628071 0.0141001
73 0.778272 0.623544 0.0157801
74 0.778272 0.618051 0.0152937
75 0.805284 0.603889 0.0191479
76 0.805284 0.602495 0.0169848
77 0.830604 0.596485 0.0240472
78 0.830604 0.607488 0.019865
79 0.830604 0.607202 0.0184916
80 0.830604 0.618018 0.0176992
81 0.830604 0.615868 0.0195625
82 0.830604 0.604931 0.023041
83 0.839905 0.599943 0.0230636
84 0.839905 0.629078 0.0219715
85 0.839905 0.606702 0.0280165
86 0.848496 0.619689 0.027072
87 0.848496 0.61407 0.0253647
88 0.848496 0.593441 0.0268415
89 0.848496 0.614681 0.0301565
90 0.848496 0.614679 0.0260488
91 0.862025 0.625447 0.0236346
92 0.862025 0.614701 0.0276934
93 0.862025 0.604943 0.0295869
94 0.862025 0.595033 0.0273278
95 0.862025 0.609916 0.025485
96 0.862025 0.610959 0.0264656
97 0.862025 0.61978 0.0287082
98 0.862025 0.619684 0.0262638
99 0.862025 0.618214 0.025319
100 0.862025 0.626787 0.0280421
101 0.862025 0.637415 0.0270532
102 0.862025 0.638997 0.0271627
103 0.862025 0.628423 0.0309157
104 0.862025 0.642676 0.0249454
105 0.873005 0.645608 0.0249618
106 0.873005 0.639761 0.0224878
107 0.873005 0.630356 0.0236133
108 0.880129 0.631083 0.0297367
109 0.880129 0.634833 0.026791
110 0.880129 0.637005 0.0227442
111 0.880129 0.635263 0.0273848
112 0.880129 0.635937 0.027378
113 0.880129 0.640133 0.0291251
114 0.880129 0.627919 0.0300849
115 0.880129 0.653092 0.0216548
116 0.880129 0.654403 0.0199328
117 0.880129 0.664057 0.0213335
118 0.880129 0.665661 0.0238511
119 0.880129 0.676173 0.0223456
120 0.880129 0.634526 0.026317
121 0.880129 0.623507 0.0284499
122 0.880129 0.640819 0.02458
123 0.880129 0.643938 0.0237748
124 0.880129 0.661917 0.0204392
125 0.880129 0.666578 0.0189139
126 0.880129 0.666385 0.019403
127 0.880129 0.628522 0.0295332
128 0.880129 0.637443 0.0313553
129 0.880129 0.642973 0.0222302
130 0.880129 0.657787 0.0239481
131 0.880129 0.651883 0.0226241
132 0.880129 0.650006 0.0241107
133 0.880129 0.647354 0.0277365
134 0.880362 0.672059 0.0241927
135 0.880362 0.665255 0.0259269
136 0.880362 0.665857 0.0214488
137 0.880362 0.642402 0.0254058
138 0.880362 0.657048 0.0295735
139 0.885094 0.664733 0.0253195
140 0.885094 0.672839 0.0233219
141 0.885094 0.655612 0.0272396
142 0.885094 0.660056 0.0322549
143 0.885094 0.655769 0.0273566
144 0.885094 0.658381 0.025778
145 0.885094 0.665974 0.0229173
146 0.885094 0.662736 0.0252144
147 0.885094 0.658169 0.0240851
148 0.885094 0.655602 0.0226042
149 0.885094 0.646588 0.0252544
150 0.885094 0.638413 0.0288563
151 0.885094 0.644437 0.0271816
152 0.885094 0.658814 0.0227989
153 0.885094 0.655207 0.0270632
154 0.885094 0.662417 0.0253614
155 0.885094 0.66326 0.0214897
156 0.885094 0.66683 0.0230202
157 0.885094 0.681289 0.0172205
158 0.885094 0.673186 0.0221429
159 0.885094 0.679312 0.0238463
160 0.885094 0.680356 0.0212677
161 0.885094 0.677738 0.0223463
162 0.885094 0.653057 0.0280304
163 0.885094 0.693452 0.0189892
164 0.885094 0.689445 0.0163079
165 0.885094 0.684842 0.0156671
166 0.885094 0.681553 0.0202932
167 0.885094 0.687812 0.0199477
168 0.885094 0.699809 0.0185086
169 0.885094 0.664122 0.0259107
170 0.885094 0.665631 0.0226256
171 0.885094 0.694969 0.0162682
172 0.885094 0.68375 0.0217531
173 0.885094 0.6845 0.0189631
174 0.885094 0.682201 0.0191797
175 0.885094 0.684102 0.0188023
176 0.885094 0.690761 0.0259998
177 0.885094 0.688154 0.0214748
178 0.885094 0.66956 0.0238704
179 0.885094 0.666825 0.0217951
180 0.885094 0.673054 0.0230228
181 0.885094 0.685996 0.0204024
182 0.885094 0.672139 0.0235879
183 0.885094 0.664872 0.0233646
184 0.885094 0.66595 0.0292173
185 0.885094 0.679761 0.030797
186 0.885094 0.648546 0.0294804
187 0.892203 0.665924 0.0254545
188 0.892203 0.661952 0.0200773
189 0.892203 0.679264 0.016929
190 0.892203 0.670065 0.0231692
191 0.892203 0.682574 0.0245812
192 0.892203 0.687357 0.0190995
193 0.892203 0.701769 0.0169586
194 0.892203 0.693109 0.0194224
195 0.892203 0.660024 0.0245752
196 0.892203 0.647257 0.0233411
197 0.892203 0.662048 0.0241219
198 0.892203 0.676046 0.0191444
199 0.892203 0.678328 0.0194461
200 0.892203 0.6587 0.0224167
201 0.892203 0.662784 0.0187361
202 0.892203 0.648759 0.0240552
203 0.892203 0.650832 0.0286633
204 0.892203 0.638985 0.0254049
205 0.892203 0.635508 0.024492
206 0.892203 0.649492 0.0233926
207 0.892203 0.658783 0.0208409
208 0.892203 0.657848 0.030335
209 0.892203 0.665151 0.0246755
210 0.892203 0.663898 0.0265018
211 0.892203 0.655651 0.0214824
212 0.892203 0.648367 0.0284397
213 0.892203 0.641606 0.0278552
214 0.892203 0.629929 0.0295869
215 0.892203 0.641776 0.0277729
216 0.892203 0.652168 0.0253482
217 0.892203 0.657175 0.024368
218 0.892203 0.65937 0.0279155
219 0.892203 0.653929 0.030073
220 0.892203 0.667193 0.0235069
221 0.892203 0.67419 0.0235347
222 0.892203 0.68035 0.0201266
223 0.892203 0.674151 0.0219726
224 0.892203 0.658367 0.0227757
225 0.892203 0.669067 0.0239771
226 0.892203 0.659562 0.0227471
227 0.892203 0.664381 0.0247783
228 0.892203 0.660484 0.0234326
229 0.892203 0.652075 0.0247308
230 0.892203 0.661678 0.0227933
231 0.892203 0.672384 0.0224445
232 0.892203 0.682436 0.0228337
233 0.892203 0.686756 0.0206744
234 0.892203 0.684693 0.0232773
235 0.892203 0.687737 0.0233698
236 0.892203 0.691534 0.0228114
237 0.892203 0.680344 0.023063
238 0.892203 0.692324 0.0183151
239 0.892203 0.702641 0.0156862
240 0.892203 0.683404 0.0214071
241 0.892203 0.685152 0.0218749
242 0.892203 0.679694 0.0259257
243 0.892203 0.679424 0.0256134
244 0.892203 0.675038 0.0296479
245 0.892203 0.688391 0.0294171
246 0.892203 0.676374 0.0251744
247 0.892203 0.677751 0.0279174
248 0.892203 0.690782 0.0329027
249 0.892203 0.689974 0.0245991
250 0.892203 0.681316 0.0289382
251 0.892203 0.668573 0.0282438
252 0.892203 0.677849 0.0285339
253 0.892203 0.681511 0.0263927
254 0.892203 0.709223 0.0179031
255 0.892203 0.711572 0.0222723
256 0.892203 0.698385 0.0257532
257 0.892203 0.662871 0.0357899
258 0.892203 0.653987 0.031689
259 0.892203 0.658334 0.0290871
260 0.892203 0.651739 0.0301253
261 0.892203 0.694442 0.0245776
262 0.892203 0.692822 0.0234025
263 0.892203 0.678299 0.0310723
264 0.892203 0.687268 0.0253654
265 0.892203 0.678479 0.0253143
266 0.892203 0.667552 0.024382
267 0.892203 0.684756 0.021724
268 0.892203 0.688011 0.0255018
269 0.892203 0.692941 0.021969
270 0.892203 0.685408 0.0282006
271 0.892203 0.665208 0.0331074
272 0.892203 0.682029 0.0301314
273 0.892203 0.677626 0.0293504
274 0.892203 0.714365 0.0204634
275 0.892203 0.71116 0.0234044
276 0.892203 0.712377 0.0188619
277 0.892203 0.711843 0.0221934
278 0.892203 0.713136 0.0234826
279 0.892203 0.720867 0.0244554
280 0.892203 0.717956 0.0196181
281 0.892203 0.713171 0.0167576
282 0.892916 0.710311 0.0222109
283 0.892916 0.703227 0.0262692
284 0.892916 0.708562 0.0223182
285 0.892916 0.729082 0.019704
286 0.892916 0.712102 0.0182681
287 0.892916 0.716975 0.0247556
288 0.892916 0.714393 0.019369
289 0.892916 0.70734 0.0210964
290 0.892916 0.699305 0.027257
291 0.892916 0.69262 0.0231314
292 0.892916 0.690344 0.0229155
293 0.892916 0.682063 0.0228253
294 0.892916 0.669906 0.0366252
295 0.892916 0.666145 0.0335965
296 0.892916 0.678797 0.0228498
297 0.892916 0.709808 0.0197474
298 0.892916 0.703323 0.0210133
299 0.892916 0.683868 0.0274647
300 0.892916 0.690053 0.0211798
301 0.892916 0.695723 0.0180577
302 0.892916 0.675086 0.0269181
303 0.892916 0.669968 0.0310554
304 0.892916 0.69639 0.0244865
305 0.892916 0.695799 0.0213564
306 0.892916 0.694338 0.0221913
307 0.892916 0.699835 0.0223676
308 0.892916 0.69453 0.0269959
309 0.892916 0.694089 0.021958
310 0.892916 0.704029 0.021378
311 0.892916 0.704016 0.0195786
312 0.892916 0.694806 0.0260524
313 0.892916 0.671533 0.0300788
314 0.892916 0.702947 0.0247706
315 0.892916 0.692183 0.0227112
316 0.892916 0.708917 0.0203958
317 0.892916 0.70791 0.0245937
318 0.892916 0.70614 0.0217046
319 0.892916 0.716883 0.0166165
320 0.892916 0.693799 0.026839
321 0.892916 0.683836 0.0302219
322 0.892916 0.698151 0.0252671
323 0.892916 0.699828 0.0232201
324 0.892916 0.706591 0.0248314
325 0.901266 0.734202 0.0171834
326 0.901266 0.742488 0.0153955
327 0.901266 0.723316 0.0200682
328 0.901266 0.70583 0.0196842
329 0.901266 0.722511 0.0172516
330 0.901266 0.721589 0.0152857
331 0.901266 0.720164 0.0181229
332 0.901266 0.704747 0.0194686
333 0.901266 0.706766 0.0204203
334 0.901266 0.699838 0.0224818
335 0.901266 0.69092 0.0318236
336 0.901266 0.705824 0.0257651
337 0.901266 0.704827 0.0236986
338 0.901266 0.705191 0.0229268
339 0.901266 0.694407 0.0240167
340 0.901266 0.709799 0.0214716
341 0.901266 0.722223 0.0172623
342 0.901266 0.708885 0.0195051
343 0.901266 0.713309 0.0182859
344 0.901266 0.71876 0.0148933
345 0.901266 0.725344 0.014111
346 0.901266 0.703476 0.0182816
347 0.901266 0.695239 0.0160187
348 0.901266 0.695244 0.0183638
349 0.901266 0.686166 0.0223438
350 0.901266 0.715757 0.0159895
351 0.901266 0.713972 0.0156556
352 0.901266 0.720624 0.0183208
353 0.901266 0.711281 0.0227541
354 0.901266 0.704948 0.0219573
355 0.901266 0.714569 0.0211627
356 0.901266 0.715752 0.0217444
357 0.901266 0.709242 0.020252
358 0.901266 0.705319 0.0237833
359 0.901266 0.719929 0.0186298
360 0.901266 0.722133 0.0157397
361 0.901266 0.710091 0.0195881
362 0.901266 0.718339 0.0243949
363 0.901266 0.677912 0.0320975
364 0.901266 0.694019 0.0261489
365 0.901266 0.712932 0.0255123
366 0.901266 0.707729 0.0247344
367 0.904224 0.707287 0.0212887
368 0.907591 0.704741 0.030027
369 0.907591 0.688199 0.0271472
370 0.907591 0.696832 0.0244005
371 0.907591 0.683598 0.0303052
372 0.907591 0.693992 0.0282487
373 0.907591 0.709572 0.0240488
374 0.910237 0.703928 0.0259836
375 0.910237 0.719618 0.0242914
376 0.910237 0.695085 0.0250578
377 0.910237 0.718325 0.0215883
378 0.910237 0.708966 0.0210362
379 0.910237 0.696985 0.0291004
380 0.910237 0.722263 0.0146978
381 0.910237 0.709746 0.0182646
382 0.910237 0.709188 0.0262933
383 0.910237 0.715877 0.0209125
384 0.910237 0.733298 0.0171462
385 0.910237 0.725455 0.0147352
386 0.910237 0.717352 0.016415
387 0.910237 0.716805 0.018205
388 0.910576 0.704961 0.023831
389 0.920108 0.712184 0.0211948
390 0.920108 0.696717 0.0234468
391 0.920108 0.708476 0.0180353
392 0.920108 0.713609 0.0222643
393 0.920489 0.715586 0.0233352
394 0.920489 0.700628 0.0241809
395 0.920489 0.706877 0.0230356
396 0.920489 0.715335 0.0203255
397 0.920489 0.707654 0.0220817
398 0.920489 0.707823 0.0242584
399 0.920489 0.728952 0.0188508
400 0.920489 0.729548 0.0179912
401 0.920489 0.735692 0.0207463
402 0.924429 0.735123 0.0206158
403 0.924429 0.715323 0.0245729
404 0.924429 0.717022 0.0246967
405 0.924429 0.718399 0.0234519
406 0.924429 0.714957 0.0241355
407 0.924429 0.71233 0.0263634
408 0.924429 0.717861 0.0236415
409 0.924429 0.730165 0.0214659
410 0.924429 0.737452 0.0168196
411 0.924429 0.721814 0.0194488
412 0.924429 0.723232 0.0194148
413 0.924429 0.723811 0.0211622
414 0.924429 0.721004 0.0289325
415 0.924429 0.712702 0.0227768
416 0.924553 0.697963 0.0269545
417 0.924553 0.699788 0.0275164
418 0.924553 0.696721 0.0249994
419 0.924582 0.711783 0.0271935
420 0.924582 0.720009 0.0248451
421 0.924582 0.712835 0.0232209
422 0.924582 0.742649 0.0181594
423 0.924582 0.715002 0.0233833
424 0.924582 0.712518 0.0211168
425 0.924582 0.724326 0.018939
426 0.924582 0.729414 0.0177481
427 0.924582 0.73879 0.0154769
428 0.924582 0.714854 0.023486
429 0.924582 0.716733 0.020646
430 0.924582 0.732532 0.0193695
431 0.924582 0.711616 0.0208679
432 0.924582 0.696895 0.0234796
433 0.924582 0.72449 0.0180128
434 0.924582 0.732464 0.0193543
435 0.924582 0.742492 0.0242371
436 0.924582 0.730515 0.0216355
437 0.924582 0.73039 0.0238313
438 0.924582 0.754931 0.0202832
439 0.924582 0.741002 0.0191297
440 0.924582 0.733563 0.0186971
441 0.924582 0.752336 0.0156442
442 0.924582 0.753101 0.0157169
443 0.924582 0.748669 0.0178387
444 0.928824 0.734689 0.0191698
445 0.928824 0.723781 0.0212538
446 0.928824 0.736169 0.0182058
447 0.928824 0.735417 0.0183156
448 0.928824 0.740224 0.0229333
449 0.928824 0.738052 0.0191402
450 0.928824 0.735331 0.015973
451 0.928824 0.752088 0.0128749
452 0.928824 0.745353 0.0152779
453 0.928824 0.751943 0.018016
454 0.928824 0.757871 0.0162486
455 0.928824 0.740019 0.0172884
456 0.928824 0.722598 0.0233547
457 0.928824 0.714788 0.0199499
458 0.928824 0.709282 0.025962
459 0.928824 0.708021 0.0260356
460 0.928824 0.7007 0.0302544
461 0.928824 0.715669 0.0225792
462 0.928824 0.718856 0.0204496
463 0.928824 0.704055 0.0236184
464 0.928824 0.688344 0.0332267
465 0.928824 0.720354 0.0277781
466 0.928824 0.74042 0.020986
467 0.928824 0.722834 0.0299824
468 0.928824 0.732847 0.0249151
469 0.928824 0.721455 0.0265788
470 0.928824 0.736348 0.0219343
471 0.928824 0.754404 0.0194111
472 0.928824 0.726527 0.0244413
473 0.928824 0.718987 0.024376
474 0.928824 0.725 0.0280784
475 0.928824 0.72044 0.0192113
476 0.928824 0.725072 0.0262125
477 0.928824 0.734352 0.0211258
478 0.928824 0.738386 0.0171332
479 0.928824 0.693941 0.0279896
480 0.928824 0.722355 0.0199355
481 0.928824 0.734496 0.0211498
482 0.928824 0.730545 0.022438
483 0.928824 0.723874 0.0219035
484 0.928824 0.725527 0.0172747
485 0.928824 0.736836 0.015778
486 0.928824 0.721388 0.0232014
487 0.928824 0.762077 0.0140564
488 0.928824 0.745338 0.0161244
489 0.928824 0.759681 0.0133237
490 0.928824 0.754866 0.0142392
491 0.930717 0.737562 0.0192763
492 0.930717 0.737157 0.0184466
493 0.930717 0.745222 0.0188468
494 0.930717 0.737478 0.0192611
495 0.930717 0.730857 0.0205965
496 0.930717 0.74006 0.0160324
497 0.930717 0.724336 0.0230822
498 0.930717 0.71172 0.0297459
499 0.930717 0.715527 0.0241159
500 0.930717 0.727222 0.0247573
501 0.930717 0.748696 0.0205753
502 0.930717 0.749725 0.0199293
503 0.930717 0.736241 0.017294
504 0.930717 0.738051 0.0170864
505 0.930717 0.747735 0.0179921
506 0.930717 0.734945 0.0177947
507 0.930717 0.723992 0.0218583
508 0.930717 0.72376 0.0220276
509 0.930717 0.722184 0.0233381
510 0.930717 0.735311 0.0217901
511 0.930717 0.734994 0.019043
512 0.930717 0.734182 0.0195857
513 0.930717 0.74138 0.0147495
514 0.930717 0.75659 0.0147847
515 0.930717 0.753082 0.0141597
516 0.930717 0.747031 0.0179988
517 0.930717 0.756951 0.0124528
518 0.930717 0.744461 0.0183166
519 0.930717 0.748527 0.015938
520 0.930717 0.752555 0.0147011
521 0.930717 0.751128 0.0193211
522 0.930717 0.744223 0.0207884
523 0.930717 0.740034 0.0196976
524 0.930717 0.740904 0.0181835
525 0.930717 0.74952 0.0179179
526 0.930717 0.746058 0.0170844
527 0.930717 0.738054 0.0184003
528 0.930717 0.727903 0.0210555
529 0.930717 0.723779 0.0176259
530 0.930717 0.730014 0.0182398
531 0.930717 0.723771 0.0267312
532 0.930717 0.726642 0.0190712
533 0.930717 0.731652 0.0219303
534 0.930717 0.743345 0.0217302
535 0.930717 0.738571 0.0138392
536 0.930717 0.728399 0.0206612
537 0.930717 0.725063 0.0245743
538 0.930717 0.732969 0.0200475
539 0.930717 0.76167 0.0142535
540 0.93166 0.746804 0.0200561
541 0.93166 0.75254 0.0183085
542 0.93166 0.769327 0.0129695
543 0.93166 0.744745 0.019949
544 0.93166 0.742378 0.0220527
545 0.93166 0.734572 0.0206392
546 0.93166 0.732396 0.0209498
547 0.93166 0.724503 0.0201146
548 0.93166 0.727284 0.0176531
549 0.93166 0.721074 0.0181996
550 0.93166 0.709731 0.0219311
551 0.93166 0.685852 0.0281226
552 0.93166 0.705118 0.0222504
553 0.93166 0.718666 0.021164
554 0.93166 0.731518 0.0175435
555 0.93166 0.733592 0.0208382
556 0.93166 0.747901 0.0172237
557 0.93166 0.729263 0.0195359
558 0.93166 0.721305 0.0191251
559 0.93166 0.72581 0.0187978
560 0.93166 0.735571 0.019539
561 0.93166 0.73321 0.0154903
562 0.93166 0.729625 0.0200997
563 0.93166 0.736606 0.0208691
564 0.93166 0.741097 0.0221574
565 0.93166 0.733942 0.0226527
566 0.93166 0.731495 0.0212827
567 0.93166 0.714121 0.0252848
568 0.93166 0.721528 0.0257705
569 0.93166 0.739568 0.0194537
570 0.93166 0.744726 0.0169564
571 0.93166 0.726163 0.0216182
572 0.93166 0.725143 0.0216218
573 0.93166 0.741853 0.0193793
574 0.93166 0.737204 0.0215465
575 0.93166 0.723432 0.0260019
576 0.93166 0.733685 0.0261742
577 0.93166 0.717392 0.029493
578 0.93166 0.700355 0.0297131
579 0.93166 0.696604 0.0281473
580 0.93166 0.7028 0.0244547
581 0.93166 0.707988 0.025188
582 0.93166 0.720896 0.0236995
583 0.93166 0.729346 0.0268551
584 0.93166 0.729058 0.0254135
585 0.93166 0.735986 0.0173007
586 0.93166 0.733976 0.0176741
587 0.93166 0.733942 0.0190753
588 0.93166 0.736947 0.0178249
589 0.93166 0.718855 0.0192226
590 0.93166 0.708117 0.0240323
591 0.93166 0.691609 0.0300067
592 0.93166 0.704924 0.0299579
593 0.93166 0.715111 0.0233014
594 0.93166 0.74131 0.0230988
595 0.93166 0.722554 0.0217972
596 0.93166 0.727571 0.0195831
597 0.93166 0.738755 0.0186538
598 0.93166 0.730797 0.0204685
599 0.93166 0.732031 0.0251599
600 0.93166 0.723398 0.0221846
601 0.93166 0.725256 0.0218296
602 0.93166 0.698822 0.0217142
603 0.93166 0.71081 0.0267346
604 0.93166 0.719178 0.0213486
605 0.93166 0.730358 0.018938
606 0.93166 0.740515 0.0159233
607 0.93166 0.749214 0.0186345
608 0.93166 0.747603 0.0165402
609 0.93166 0.747547 0.0159008
610 0.93166 0.734885 0.0193267
611 0.93166 0.711191 0.0216372
612 0.93166 0.73515 0.021471
613 0.93166 0.728207 0.0240854
614 0.93166 0.703099 0.0251014
615 0.93166 0.735133 0.0234217
616 0.93166 0.731098 0.0223078
617 0.93166 0.731268 0.019049
618 0.93166 0.713259 0.0180973
619 0.93166 0.713125 0.0214634
620 0.93166 0.723603 0.0229156
621 0.93166 0.734855 0.0191811
622 0.93166 0.718363 0.0217344
623 0.93166 0.704893 0.0260832
624 0.93166 0.712347 0.0220441
625 0.93166 0.696342 0.0241745
626 0.93166 0.72219 0.0193616
627 0.93166 0.734396 0.0204493
628 0.93166 0.715136 0.0229112
629 0.93166 0.7191 0.0237161
630 0.93166 0.713547 0.0240601
631 0.93166 0.701189 0.0258917
632 0.93166 0.717801 0.0226732
633 0.93166 0.717058 0.0247954
634 0.93166 0.711378 0.0293231
635 0.93166 0.713856 0.0287999
636 0.93166 0.702195 0.0313262
637 0.93166 0.715719 0.0287535
638 0.93166 0.695196 0.0246978
639 0.93166 0.695713 0.029263
640 0.93166 0.691491 0.0275355
641 0.93166 0.671307 0.0357505
642 0.93166 0.70538 0.0310334
643 0.93166 0.705956 0.0238525
644 0.93166 0.714634 0.024081
645 0.93166 0.736462 0.018296
646 0.93166 0.729257 0.0220208
647 0.93166 0.727604 0.0211567
648 0.93166 0.722288 0.0242259
649 0.93166 0.712641 0.0287202
650 0.93166 0.715284 0.0256306
651 0.93166 0.733585 0.0203097
652 0.93166 0.714287 0.0237715
653 0.93166 0.722672 0.0217834
654 0.93166 0.73553 0.0184306
655 0.93166 0.748223 0.0163189
656 0.93166 0.7296 0.0207903
657 0.93166 0.750852 0.0142722
658 0.93166 0.741575 0.0179025
659 0.93166 0.742607 0.0154724
660 0.93166 0.748259 0.0153244
661 0.93166 0.745228 0.0132538
662 0.93166 0.724769 0.0177691
663 0.93166 0.728143 0.0184982
664 0.93166 0.732558 0.0157586
665 0.93166 0.741376 0.0141199
666 0.93166 0.756745 0.0177543
667 0.93166 0.742671 0.0191918
668 0.93166 0.77052 0.0146726
669 0.93166 0.770997 0.0136554
670 0.93166 0.770813 0.0156871
671 0.93166 0.767863 0.0179533
672 0.93166 0.73269 0.0215957
673 0.93166 0.722256 0.024664
674 0.93166 0.728444 0.0216562
675 0.93166 0.734125 0.0199619
676 0.93166 0.708915 0.0271845
677 0.93166 0.69307 0.022124
678 0.93166 0.713035 0.0193675
679 0.93166 0.719696 0.0209697
680 0.93166 0.708901 0.0271001
681 0.93166 0.718426 0.0198649
682 0.93166 0.708979 0.0242621
683 0.93166 0.697424 0.0284923
684 0.93166 0.696265 0.0258061
685 0.93166 0.716052 0.0251514
686 0.93166 0.707036 0.0310226
687 0.93166 0.69888 0.0334403
688 0.93166 0.711806 0.02638
689 0.93166 0.728452 0.0248093
690 0.93166 0.715364 0.0234869
691 0.93166 0.707812 0.0240701
692 0.93166 0.718637 0.0221255
693 0.93166 0.704624 0.0247276
694 0.93166 0.700058 0.0247718
695 0.93166 0.712999 0.0214241
696 0.93166 0.711999 0.0211535
697 0.93166 0.73104 0.0212349
698 0.93166 0.731993 0.0196406
699 0.93166 0.702733 0.0237389
700 0.93166 0.705864 0.0211969
701 0.93166 0.70091 0.0221359
702 0.93166 0.699182 0.0234561
703 0.93166 0.711294 0.0228478
704 0.93166 0.722743 0.0227719
705 0.93166 0.72057 0.024218
706 0.93166 0.718955 0.0231425
707 0.93166 0.725509 0.0160474
708 0.93166 0.732959 0.0185433
709 0.93166 0.730133 0.0217685
710 0.93166 0.74638 0.0243852
711 0.93166 0.728653 0.0260731
712 0.93166 0.711999 0.0272223
713 0.93166 0.721501 0.027391
714 0.93166 0.724823 0.0261144
715 0.93166 0.721909 0.0271805
716 0.93166 0.708362 0.0290115
717 0.93166 0.706637 0.0228039
718 0.93166 0.703849 0.028175
719 0.93166 0.698799 0.0277045
720 0.93166 0.703795 0.0264014
721 0.93166 0.715885 0.0224185
722 0.93166 0.710943 0.0258924
723 0.93166 0.728572 0.0262536
724 0.93166 0.727447 0.0255075
725 0.93166 0.721434 0.0276904
726 0.93166 0.718134 0.0240141
727 0.93166 0.72584 0.0201935
728 0.93166 0.712142 0.0238098
729 0.93166 0.717717 0.0230962
730 0.93166 0.722843 0.018475
731 0.93166 0.742795 0.0179121
732 0.93166 0.733565 0.0162168
733 0.93166 0.714287 0.0266761
734 0.93166 0.705643 0.0268642
735 0.93166 0.709417 0.0260173
736 0.93166 0.681249 0.0303638
737 0.93166 0.679241 0.0276382
738 0.93166 0.674773 0.0287762
739 0.93166 0.716981 0.0183743
740 0.93166 0.732127 0.020221
741 0.93166 0.74123 0.0177487
742 0.93166 0.74679 0.0180895
743 0.93166 0.749501 0.0180969
744 0.93166 0.746205 0.019744
745 0.93166 0.73653 0.0198592
746 0.93166 0.722955 0.0204666
747 0.93166 0.726373 0.0242807
748 0.93166 0.730593 0.0194015
749 0.93166 0.726019 0.0229674
750 0.93166 0.744277 0.0204988
751 0.93166 0.747382 0.0162653
752 0.93166 0.734003 0.0216637
753 0.93166 0.726834 0.0183233
754 0.93166 0.715479 0.0216339
755 0.93166 0.721157 0.0235241
756 0.93166 0.722703 0.0250679
757 0.93166 0.726759 0.0219079
758 0.93166 0.725379 0.0244725
759 0.931885 0.73938 0.0195324
760 0.931885 0.741577 0.0203156
761 0.931885 0.742131 0.0191903
762 0.931885 0.73255 0.0219592
763 0.931885 0.738681 0.0166373
764 0.931885 0.728527 0.0168431
765 0.931885 0.728998 0.0165409
766 0.931885 0.748316 0.016279
767 0.931885 0.739433 0.0173725
768 0.931885 0.716779 0.022863
769 0.931885 0.702001 0.0266113
770 0.931885 0.705694 0.0313403
771 0.931885 0.713597 0.0214629
772 0.931885 0.70674 0.0219625
773 0.931885 0.699091 0.0290184
774 0.931885 0.696578 0.0263121
775 0.931885 0.709111 0.0249488
776 0.931885 0.712083 0.0237322
777 0.931885 0.705025 0.0245233
778 0.931885 0.715686 0.0266262
779 0.931885 0.728226 0.0221913
780 0.931885 0.712804 0.0252787
781 0.931885 0.723622 0.0241157
782 0.931885 0.716558 0.0243933
783 0.931885 0.713893 0.0270305
784 0.931885 0.727849 0.021128
785 0.931885 0.743656 0.0200167
786 0.931885 0.72609 0.0216295
787 0.931885 0.716159 0.0251164
788 0.931885 0.720812 0.0258581
789 0.931885 0.722313 0.0206785
790 0.931885 0.714482 0.0296563
791 0.931885 0.703179 0.0296735
792 0.931885 0.703618 0.0261781
793 0.931885 0.713269 0.0260392
794 0.931885 0.696631 0.0248193
795 0.931885 0.690752 0.03215
796 0.931885 0.70019 0.0248082
797 0.931885 0.690242 0.02451
798 0.931885 0.706175 0.023591
799 0.931885 0.708978 0.0238426
800 0.931885 0.715346 0.0214189
801 0.931885 0.693309 0.0293744
802 0.931885 0.694216 0.0372301
803 0.931885 0.677356 0.0356764
804 0.931885 0.679871 0.0302468
805 0.931885 0.701095 0.0318295
806 0.931885 0.7044 0.0251721
807 0.931885 0.699607 0.0243366
808 0.931885 0.714551 0.0250731
809 0.931885 0.696968 0.0301998
810 0.931885 0.702918 0.0279891
811 0.931885 0.716952 0.0246742
812 0.933614 0.715454 0.025486
813 0.933614 0.708994 0.0262294
814 0.933614 0.702416 0.029193
815 0.933614 0.711686 0.0248853
816 0.933614 0.702775 0.0213062
817 0.933614 0.730662 0.0184169
818 0.933614 0.723817 0.0243516
819 0.933614 0.737038 0.0209115
820 0.933614 0.742057 0.0230347
821 0.933614 0.748794 0.0197351
822 0.933614 0.744533 0.019703
823 0.933614 0.753784 0.0225793
824 0.933614 0.72144 0.0258989
825 0.933614 0.723373 0.0235333
826 0.933614 0.73668 0.0219853
827 0.933614 0.747713 0.0164012
828 0.933614 0.718436 0.0213885
829 0.933614 0.718522 0.021236
830 0.933614 0.73294 0.0217935
831 0.933614 0.723129 0.0224453
832 0.933614 0.715311 0.021426
833 0.933614 0.728246 0.0214892
834 0.933614 0.758771 0.0186951
835 0.933614 0.731206 0.0219974
836 0.933614 0.725384 0.01706
837 0.933614 0.721162 0.0226309
838 0.933614 0.697218 0.0300572
839 0.933614 0.699512 0.0252806
840 0.933614 0.693713 0.0286496
841 0.933614 0.688499 0.028831
842 0.933614 0.687238 0.0268392
843 0.933614 0.682367 0.0279956
844 0.933614 0.698128 0.0262767
845 0.933614 0.68913 0.0256125
846 0.933614 0.708271 0.0240158
847 0.933614 0.713391 0.0204452
848 0.933614 0.726148 0.0182868
849 0.933614 0.725622 0.0186964
850 0.933614 0.720651 0.0221937
851 0.933614 0.726369 0.018779
852 0.933614 0.730833 0.0207575
853 0.933614 0.700962 0.0211345
854 0.933614 0.691158 0.0283368
855 0.933614 0.715816 0.0225459
856 0.933614 0.723142 0.0211173
857 0.933614 0.725645 0.0184025
858 0.933614 0.740006 0.0175184
859 0.933614 0.724556 0.0218799
860 0.933614 0.734876 0.0171247
861 0.933614 0.73724 0.0179716
862 0.933614 0.75098 0.0154583
863 0.933614 0.755455 0.0149152
864 0.933614 0.74355 0.0148255
865 0.933614 0.747205 0.0145499
866 0.933614 0.751234 0.0148754
867 0.933614 0.738555 0.0150773
868 0.933614 0.748255 0.0146975
869 0.933614 0.742759 0.0209291
870 0.933614 0.729765 0.0207407
871 0.933614 0.741156 0.0183634
872 0.933614 0.742819 0.0159186
873 0.933614 0.731831 0.0160072
874 0.933614 0.735447 0.0162321
875 0.933614 0.73348 0.0206488
876 0.933614 0.737737 0.0232369
877 0.933614 0.725188 0.0231548
878 0.933614 0.731654 0.0227096
879 0.933614 0.732174 0.0201038
880 0.933614 0.734149 0.0212534
881 0.933614 0.714526 0.024054
882 0.933614 0.70686 0.0289394
883 0.933614 0.704438 0.0269752
884 0.933614 0.710189 0.0282854
885 0.933614 0.680905 0.0318806
886 0.933614 0.71465 0.0257795
887 0.933614 0.713731 0.0270509
888 0.933614 0.709085 0.0284946
889 0.933614 0.691396 0.0325988
890 0.933614 0.733879 0.0230123
891 0.933614 0.723783 0.0232023
892 0.933614 0.724338 0.0216631
893 0.933614 0.728989 0.0166074
894 0.933614 0.711996 0.0231885
895 0.933614 0.713861 0.0266521
896 0.933614 0.732475 0.0240247
897 0.933614 0.731167 0.0234385
898 0.933614 0.727113 0.0244424
899 0.933614 0.735144 0.0169742
900 0.933614 0.732534 0.0159228
901 0.933614 0.726004 0.0191931
902 0.933614 0.724439 0.0213294
903 0.933614 0.716159 0.0187452
904 0.933614 0.708541 0.0242871
905 0.933614 0.732085 0.021032
906 0.933614 0.736981 0.0248691
907 0.933614 0.729098 0.0204963
908 0.933614 0.715793 0.0234368
909 0.933614 0.72261 0.0205645
910 0.933614 0.739714 0.0161676
911 0.933614 0.733615 0.0187626
912 0.933614 0.721877 0.0197279
913 0.933614 0.730689 0.0212159
914 0.933614 0.745992 0.0197426
915 0.933614 0.722157 0.0224993
916 0.933614 0.716159 0.0226632
917 0.933614 0.738247 0.0194796
918 0.933614 0.708861 0.0239619
919 0.933614 0.712463 0.0242946
920 0.933614 0.72102 0.0228863
921 0.933614 0.709852 0.0239181
922 0.933614 0.693788 0.0367099
923 0.933614 0.700833 0.0321018
924 0.933614 0.715059 0.0291075
925 0.933614 0.725951 0.0231129
926 0.933614 0.73374 0.0230568
927 0.933614 0.724907 0.0218975
928 0.933614 0.739811 0.0192808
929 0.933614 0.746912 0.0219199
930 0.933614 0.744216 0.0190136
931 0.933614 0.738992 0.0190061
932 0.933614 0.741802 0.0151153
933 0.933614 0.744919 0.0165427
934 0.933614 0.74821 0.0188666
935 0.933614 0.765304 0.0166385
936 0.933614 0.740597 0.019639
937 0.933614 0.731084 0.0171917
938 0.933614 0.728706 0.0185754
939 0.933614 0.732321 0.0216891
940 0.933614 0.716506 0.0221272
941 0.933614 0.741597 0.0222351
942 0.933614 0.730403 0.0226079
943 0.933614 0.734486 0.0195356
944 0.933614 0.731856 0.0243389
945 0.933614 0.74993 0.0226397
946 0.933614 0.75283 0.020125
947 0.933614 0.73359 0.020661
948 0.933614 0.736879 0.0196807
949 0.933614 0.737362 0.0162955
950 0.933614 0.717194 0.0183805
951 0.933614 0.713333 0.0188762
952 0.933614 0.706753 0.0222357
953 0.933614 0.705785 0.0233573
954 0.933614 0.728077 0.0189596
955 0.933614 0.750016 0.0155338
956 0.933614 0.750632 0.0161966
957 0.933614 0.714855 0.0229191
958 0.933614 0.736568 0.0166002
959 0.933614 0.710606 0.0220499
960 0.933614 0.686833 0.0272069
961 0.933614 0.697921 0.0247181
962 0.933614 0.698678 0.0255711
963 0.933614 0.691286 0.0276516
964 0.933614 0.704006 0.026205
965 0.933614 0.705301 0.0235368
966 0.933614 0.701123 0.0248235
967 0.933614 0.701194 0.0264185
968 0.933614 0.699681 0.0263895
969 0.933614 0.71447 0.0288813
970 0.933614 0.709461 0.0254962
971 0.934275 0.727423 0.0211391
972 0.934275 0.728101 0.0213619
973 0.934275 0.724258 0.0246485
974 0.934275 0.724788 0.0209442
975 0.934275 0.732993 0.0193892
976 0.934275 0.736255 0.0184151
977 0.934275 0.7172 0.0219942
978 0.934275 0.726229 0.0254678
979 0.934275 0.725226 0.031374
980 0.934275 0.712041 0.0284362
981 0.934275 0.721086 0.0261052
982 0.934275 0.714597 0.0256624
983 0.934275 0.732144 0.0234909
984 0.934275 0.73258 0.0268128
985 0.934275 0.72807 0.0236437
986 0.934275 0.71601 0.029175
987 0.934275 0.710781 0.0317195
988 0.934275 0.721633 0.0271981
989 0.934275 0.718292 0.0271917
990 0.934275 0.741541 0.0245483
991 0.934275 0.74307 0.0245659
992 0.934275 0.746972 0.0216933
993 0.934275 0.740106 0.021828
994 0.934275 0.720366 0.0254301
995 0.934275 0.711797 0.0273059
996 0.934275 0.710314 0.023033
997 0.934275 0.732984 0.0181604
998 0.934275 0.728371 0.0202096
999 0.934275 0.724024 0.0210727
1000 0.934275 0.746555 0.0161129
