0 0.370002 0.248646 0.000723241
1 0.370002 0.253336 0.000892145
2 0.381717 0.257542 0.00127009
3 0.381717 0.256266 0.00104141
4 0.381717 0.257567 0.00107381
5 0.381717 0.258622 0.00167503
6 0.51238 0.257588 0.00227419
7 0.517605 0.256737 0.00278691
8 0.517605 0.26221 0.00245071
9 0.594392 0.267489 0.00368303
10 0.594392 0.262174 0.00275307
11 0.594392 0.266004 0.00281133
12 0.594392 0.261228 0.00255208
13 0.594392 0.257412 0.00354976
14 0.594392 0.259615 0.00276015
15 0.594392 0.261846 0.00305757
16 0.594392 0.267066 0.00361468
17 0.594392 0.2609 0.00344422
18 0.594392 0.266991 0.00408013
19 0.594392 0.25915 0.00403
20 0.594392 0.259197 0.0039045
21 0.601909 0.269613 0.00559993
22 0.601909 0.26358 0.00475004
23 0.612225 0.275528 0.00651134
24 0.612225 0.265768 0.00576077
25 0.647383 0.267756 0.00690794
26 0.647383 0.266999 0.00457813
27 0.647383 0.273519 0.00599525
28 0.647383 0.265414 0.00398392
29 0.647383 0.26468 0.00404577
30 0.647383 0.272934 0.00585088
31 0.647383 0.273731 0.00561039
32 0.647383 0.269032 0.00596747
33 0.647383 0.275832 0.00785903
34 0.647383 0.277752 0.00739684
35 0.647383 0.281203 0.00661068
36 0.647383 0.265524 0.00549492
37 0.647383 0.266296 0.00606789
38 0.647383 0.264883 0.00546063
39 0.647383 0.270988 0.0051823
40 0.658055 0.272702 0.00741954
41 0.658055 0.271431 0.00539104
42 0.658055 0.278976 0.00741258
43 0.658055 0.279443 0.00979384
44 0.658055 0.278953 0.00832385
45 0.658055 0.264226 0.00547952
46 0.658055 0.265473 0.0058255
47 0.658055 0.26648 0.00542642
48 0.658055 0.273542 0.00540561
49 0.658055 0.274344 0.00569683
50 0.660716 0.282064 0.00745611
51 0.660716 0.283626 0.00814927
52 0.660716 0.280337 0.00761678
53 0.660716 0.277339 0.00686861
54 0.660716 0.287892 0.00920485
55 0.660716 0.284019 0.00753585
56 0.660716 0.279022 0.00784475
57 0.660716 0.271719 0.00648655
58 0.660716 0.264972 0.00652827
59 0.660716 0.263477 0.00556508
60 0.660716 0.279912 0.00729738
61 0.660716 0.285742 0.00776893
62 0.660716 0.290844 0.00670296
63 0.686347 0.287492 0.00833106
64 0.755521 0.277997 0.00876267
65 0.755521 0.275727 0.00727834
66 0.755521 0.280044 0.00934862
67 0.755521 0.288002 0.00976826
68 0.755521 0.29013 0.00956847
69 0.755521 0.291568 0.0108375
70 0.755521 0.281235 0.00983328
71 0.755521 0.293767 0.0101078
72 0.755521 0.288542 0.0105607
73 0.755521 0.280296 0.00815126
74 0.755521 0.281603 0.00854537
75 0.755521 0.284343 0.0105942
76 0.755521 0.288773 0.00937954
77 0.755521 0.29357 0.00981377
78 0.759651 0.299714 0.0121475
79 0.759651 0.300304 0.0133284
80 0.759651 0.298577 0.0100814
81 0.759651 0.29902 0.0123254
82 0.759651 0.297845 0.00892484
83 0.759651 0.302864 0.0119178
84 0.759651 0.303127 0.0104609
85 0.759651 0.301687 0.0110141
86 0.759651 0.312193 0.0119302
87 0.759651 0.306129 0.0129923
88 0.759651 0.306088 0.0104958
89 0.759651 0.308437 0.0100606
90 0.759651 0.305165 0.0108463
91 0.759651 0.30826 0.0110362
92 0.759651 0.305115 0.00935602
93 0.759651 0.320912 0.0123908
94 0.759651 0.308995 0.00838948
95 0.759651 0.303974 0.008928
96 0.759651 0.31105 0.00892377
97 0.759651 0.305264 0.00815349
98 0.759651 0.306729 0.0105353
99 0.759651 0.300018 0.00907166
100 0.759651 0.311364 0.0150078
101 0.759651 0.317704 0.0119328
102 0.759651 0.307103 0.0100885
103 0.759651 0.311085 0.00949583
104 0.759651 0.313154 0.0121178
105 0.759651 0.311002 0.010461
106 0.759651 0.307281 0.0124362
107 0.759651 0.331183 0.0126843
108 0.769555 0.323483 0.0138956
109 0.775035 0.33146 0.0134903
110 0.775035 0.336485 0.014111
111 0.775035 0.343115 0.0154854
112 0.775035 0.327034 0.0135004
113 0.775035 0.332356 0.0133043
114 0.775035 0.315138 0.010658
115 0.775035 0.315369 0.00945514
116 0.775035 0.331384 0.0129292
117 0.775035 0.337231 0.0158856
118 0.775035 0.342552 0.0163108
119 0.775035 0.332421 0.0143088
120 0.775035 0.332456 0.0140023
121 0.775035 0.327431 0.0136234
122 0.775035 0.321577 0.0110272
123 0.775035 0.33896 0.0137384
124 0.775035 0.359639 0.0145353
125 0.775035 0.354891 0.0162642
126 0.775035 0.347689 0.0148942
127 0.775035 0.333985 0.0121061
128 0.775035 0.325991 0.0120026
129 0.775035 0.328351 0.0110346
130 0.780643 0.336405 0.0151732
131 0.780643 0.31892 0.0104366
132 0.780643 0.338581 0.0128899
133 0.780643 0.343164 0.0175556
134 0.780643 0.340961 0.0136351
135 0.780643 0.343243 0.0135545
136 0.780643 0.331971 0.011293
137 0.780643 0.342533 0.0135655
138 0.780643 0.3698 0.0192992
139 0.780643 0.362941 0.0135297
140 0.780643 0.347529 0.0113877
141 0.780643 0.349119 0.0123043
142 0.780643 0.336501 0.0111854
143 0.780643 0.334195 0.0126565
144 0.780643 0.32915 0.0144994
145 0.780643 0.332604 0.0120441
146 0.780643 0.340899 0.0131993
147 0.780643 0.324428 0.0121451
148 0.780643 0.327839 0.0140733
149 0.785486 0.345806 0.015098
150 0.785486 0.346851 0.0113137
151 0.785486 0.353601 0.0143693
152 0.785486 0.363178 0.0136526
153 0.785486 0.366983 0.0132007
154 0.785486 0.351572 0.0111021
155 0.785486 0.355113 0.0115248
156 0.785486 0.354992 0.0161709
157 0.785486 0.347294 0.0126426
158 0.785486 0.35074 0.012079
159 0.785486 0.333051 0.0111653
160 0.785486 0.341257 0.0115706
161 0.785486 0.338935 0.0116838
162 0.785486 0.344079 0.0119171
163 0.785486 0.340602 0.0107892
164 0.785486 0.353266 0.0131442
165 0.785486 0.345103 0.0111256
166 0.785486 0.347878 0.0133408
167 0.785486 0.344458 0.0153019
168 0.785486 0.336525 0.0112705
169 0.785486 0.332284 0.0105032
170 0.785486 0.343193 0.0123683
171 0.785486 0.332969 0.0102896
172 0.785486 0.330089 0.0107925
173 0.785486 0.33884 0.0119669
174 0.785486 0.33273 0.0121083
175 0.785486 0.340389 0.0125383
176 0.789357 0.339745 0.0140477
177 0.789357 0.33889 0.0113909
178 0.789357 0.331988 0.0124719
179 0.789357 0.333809 0.0125115
180 0.789357 0.340283 0.0154288
181 0.789357 0.33722 0.0141133
182 0.789357 0.338649 0.0141728
183 0.789357 0.339343 0.0129742
184 0.789357 0.342939 0.011084
185 0.789357 0.348591 0.0121204
186 0.789357 0.355433 0.0146803
187 0.789357 0.344029 0.0136412
188 0.789357 0.339369 0.0115705
189 0.810483 0.337548 0.0147125
190 0.810483 0.340499 0.0118427
191 0.810483 0.340398 0.0114214
192 0.810483 0.352416 0.0157328
193 0.810483 0.347832 0.0148002
194 0.810483 0.348245 0.0163249
195 0.810483 0.344204 0.0134659
196 0.810483 0.349906 0.0152991
197 0.810483 0.355344 0.0169351
198 0.810483 0.344076 0.0144891
199 0.810483 0.343741 0.0133586
200 0.810483 0.345602 0.014273
201 0.810483 0.336659 0.0114828
202 0.810483 0.329886 0.0112045
203 0.810483 0.339865 0.0144437
204 0.810483 0.33723 0.0161278
205 0.810483 0.346129 0.0163822
206 0.810483 0.3417 0.011931
207 0.810483 0.350874 0.0158928
208 0.810483 0.355042 0.0128512
209 0.810483 0.361536 0.0155534
210 0.810483 0.348143 0.0118699
211 0.810483 0.341404 0.0121409
212 0.810483 0.339957 0.0124484
213 0.810483 0.341763 0.0148698
214 0.810483 0.361807 0.0149775
215 0.810483 0.353995 0.0141177
216 0.810483 0.340665 0.0117386
217 0.810483 0.348207 0.0129042
218 0.810483 0.353484 0.0118186
219 0.810483 0.360783 0.013373
220 0.810483 0.350608 0.0120917
221 0.810483 0.346893 0.0135918
222 0.810483 0.353814 0.0153994
223 0.810483 0.366835 0.0133818
224 0.810483 0.365112 0.0153155
225 0.810483 0.366074 0.0123826
226 0.810483 0.360668 0.0120718
227 0.810483 0.370479 0.0133262
228 0.810483 0.366186 0.0134308
229 0.810483 0.373655 0.0131437
230 0.810483 0.384293 0.0156106
231 0.810483 0.382719 0.0142645
232 0.810483 0.377211 0.0163495
233 0.810483 0.341764 0.0116572
234 0.810483 0.367546 0.0133136
235 0.810483 0.374693 0.0138055
236 0.810483 0.373731 0.0134853
237 0.810483 0.375994 0.0161111
238 0.810483 0.349912 0.0123681
239 0.810483 0.342474 0.0116726
240 0.810483 0.345233 0.0123424
241 0.810483 0.354339 0.0133736
242 0.810483 0.338627 0.0119453
243 0.810483 0.333846 0.015035
244 0.810483 0.333999 0.0149889
245 0.810483 0.349051 0.0134838
246 0.810483 0.354684 0.0141303
247 0.810483 0.343318 0.013452
248 0.810483 0.347588 0.0154298
249 0.810483 0.334271 0.0148371
250 0.810483 0.356059 0.0138544
251 0.810483 0.339469 0.0122771
252 0.810483 0.339956 0.0126252
253 0.810483 0.347621 0.0132618
254 0.810483 0.369285 0.014059
255 0.810483 0.358088 0.0136196
256 0.810483 0.352053 0.0146951
257 0.810483 0.353246 0.0143275
258 0.810483 0.353955 0.0127864
259 0.810483 0.350769 0.0139208
260 0.810483 0.359299 0.0147792
261 0.810483 0.36283 0.014755
262 0.810483 0.34374 0.0120126
263 0.810483 0.356094 0.0148349
264 0.810483 0.361438 0.0132952
265 0.810483 0.352308 0.0165282
266 0.810483 0.353373 0.015662
267 0.810483 0.355603 0.0143262
268 0.810483 0.349711 0.0141627
269 0.810483 0.348848 0.0126847
270 0.810483 0.369099 0.0154549
271 0.810483 0.36259 0.0127811
272 0.810483 0.362557 0.0151973
273 0.810483 0.364959 0.0166942
274 0.810483 0.369103 0.0165819
275 0.810483 0.363483 0.0158239
276 0.810483 0.355558 0.0163705
277 0.810483 0.354971 0.014045
278 0.810483 0.355193 0.0131519
279 0.810483 0.350177 0.0137063
280 0.810483 0.351141 0.0125733
281 0.810483 0.369031 0.0157427
282 0.810483 0.370632 0.0169579
283 0.810483 0.363547 0.0176137
284 0.810483 0.340715 0.0142242
285 0.810483 0.362642 0.0170574
286 0.810483 0.346509 0.015945
287 0.810483 0.355567 0.0152403
288 0.810483 0.360883 0.0145881
289 0.810483 0.345974 0.0118855
290 0.810483 0.361172 0.0161399
291 0.810483 0.358848 0.0159137
292 0.810483 0.344207 0.0114638
293 0.810483 0.338299 0.0145169
294 0.810483 0.3382 0.0168709
295 0.810483 0.336408 0.0135151
296 0.810483 0.338521 0.0156668
297 0.810483 0.350787 0.0172811
298 0.810483 0.349326 0.0163783
299 0.810483 0.34445 0.0141002
300 0.810483 0.331891 0.0130204
301 0.810483 0.325477 0.0132206
302 0.810483 0.336748 0.0121613
303 0.810483 0.338579 0.0120863
304 0.810483 0.329494 0.0147568
305 0.810483 0.327709 0.013643
306 0.810483 0.333354 0.0125278
307 0.810483 0.334423 0.0133802
308 0.810483 0.342223 0.0145136
309 0.810483 0.347098 0.0125062
310 0.810483 0.343683 0.0140871
311 0.810483 0.34533 0.0132751
312 0.810483 0.346115 0.0116948
313 0.810483 0.35681 0.0152368
314 0.810483 0.353865 0.0140745
315 0.810483 0.361616 0.0162706
316 0.810483 0.352745 0.0176671
317 0.810483 0.346803 0.0144781
318 0.810483 0.354355 0.0161675
319 0.810483 0.345485 0.0142358
320 0.810483 0.335634 0.0127715
321 0.810483 0.337499 0.0136188
322 0.810483 0.348331 0.0132946
323 0.810483 0.350009 0.0148133
324 0.810483 0.348256 0.0188049
325 0.810483 0.345087 0.0115168
326 0.810483 0.350652 0.0136537
327 0.810483 0.350088 0.0133011
328 0.810483 0.348688 0.0121938
329 0.810483 0.343061 0.0130635
330 0.810483 0.327175 0.0127294
331 0.810483 0.344682 0.0143924
332 0.810483 0.345573 0.0145555
333 0.810483 0.348618 0.0123682
334 0.810483 0.352595 0.0126516
335 0.810483 0.348387 0.0133653
336 0.810483 0.35255 0.0137813
337 0.810483 0.35231 0.0153316
338 0.810483 0.342832 0.013124
339 0.810483 0.350936 0.0149345
340 0.810483 0.348981 0.0119495
341 0.810483 0.344406 0.0127103
342 0.810483 0.328497 0.0114987
343 0.810483 0.33131 0.0108929
344 0.810483 0.328239 0.0120946
345 0.810483 0.329881 0.0107655
346 0.810483 0.33904 0.0152467
347 0.810483 0.336028 0.0150745
348 0.810483 0.349124 0.0124477
349 0.810483 0.34833 0.0157743
350 0.810483 0.354589 0.01702
351 0.810483 0.339865 0.0128975
352 0.810483 0.334708 0.0119589
353 0.810483 0.349459 0.0164722
354 0.810483 0.355701 0.0157491
355 0.810483 0.360692 0.0193522
356 0.810483 0.370602 0.0207107
357 0.810483 0.356966 0.0173904
358 0.810483 0.346911 0.0117605
359 0.810483 0.334931 0.0147316
360 0.810483 0.345548 0.0137662
361 0.810483 0.357833 0.0180305
362 0.810483 0.354737 0.015086
363 0.810483 0.354351 0.0155041
364 0.810483 0.357296 0.013009
365 0.810483 0.333798 0.0134835
366 0.810483 0.330345 0.0137167
367 0.810483 0.35149 0.0138305
368 0.810483 0.350106 0.0162752
369 0.810483 0.344689 0.0150507
370 0.810483 0.343409 0.0137407
371 0.810483 0.348351 0.015754
372 0.810483 0.344778 0.0124649
373 0.810483 0.342848 0.0128826
374 0.810483 0.346918 0.016869
375 0.810483 0.35076 0.0154931
376 0.810483 0.349502 0.0121657
377 0.810483 0.349946 0.0133036
378 0.810483 0.346363 0.0164878
379 0.810483 0.328457 0.012892
380 0.810483 0.34043 0.0138393
381 0.810483 0.347877 0.0120327
382 0.810483 0.349459 0.0119472
383 0.810483 0.34575 0.0111992
384 0.810483 0.353523 0.0127859
385 0.810483 0.339425 0.0116771
386 0.810483 0.348606 0.0114407
387 0.810483 0.353235 0.0123986
388 0.810483 0.342799 0.0121321
389 0.810483 0.361589 0.0136658
390 0.810483 0.347882 0.0116904
391 0.810483 0.353016 0.013847
392 0.810483 0.348551 0.0128326
393 0.810483 0.342863 0.0121289
394 0.810483 0.345661 0.0113487
395 0.810483 0.361024 0.0150999
396 0.810483 0.373698 0.0137175
397 0.810483 0.374579 0.0139364
398 0.810483 0.363287 0.0140966
399 0.810483 0.375363 0.0161306
400 0.810483 0.363827 0.0128761
401 0.810483 0.365017 0.0160874
402 0.810483 0.366679 0.0122088
403 0.810483 0.35751 0.0104096
404 0.810483 0.371677 0.0162988
405 0.810483 0.373361 0.0190976
406 0.810483 0.356884 0.0146177
407 0.810483 0.352696 0.0155198
408 0.810483 0.355582 0.0139054
409 0.810483 0.359121 0.0134432
410 0.810483 0.349452 0.0129845
411 0.810483 0.338767 0.0131859
412 0.810483 0.350259 0.0122769
413 0.810483 0.35214 0.0141706
414 0.810483 0.362831 0.0128839
415 0.810483 0.358183 0.0175559
416 0.810483 0.37092 0.0166398
417 0.810483 0.361879 0.0131143
418 0.810483 0.358818 0.0165719
419 0.810483 0.375237 0.0167341
420 0.810483 0.361183 0.013148
421 0.810483 0.35005 0.0146075
422 0.810483 0.342477 0.012307
423 0.810483 0.346353 0.0125176
424 0.810483 0.362044 0.0155309
425 0.810483 0.362677 0.0136297
426 0.810483 0.342372 0.0132743
427 0.810483 0.343439 0.012088
428 0.810483 0.349283 0.0151797
429 0.810483 0.347626 0.0132142
430 0.810483 0.366604 0.0141397
431 0.810483 0.374593 0.0125043
432 0.810483 0.359644 0.0129121
433 0.810483 0.376995 0.0141191
434 0.810483 0.370625 0.0154766
435 0.810483 0.366353 0.0141252
436 0.810483 0.369228 0.0143432
437 0.810483 0.364779 0.015224
438 0.810483 0.371312 0.0176021
439 0.810483 0.354918 0.0158364
440 0.810483 0.368806 0.0161251
441 0.810483 0.356591 0.0126875
442 0.810483 0.356037 0.0155944
443 0.810483 0.362178 0.0134872
444 0.810483 0.34835 0.0135913
445 0.810483 0.374998 0.0139255
446 0.810483 0.38075 0.0177973
447 0.810483 0.372944 0.0165249
448 0.810483 0.366713 0.0170466
449 0.810483 0.375753 0.0154838
450 0.810483 0.36964 0.0125113
451 0.810483 0.375107 0.0155184
452 0.810483 0.365381 0.0139601
453 0.810483 0.347926 0.013014
454 0.810483 0.359222 0.0137521
455 0.810483 0.358552 0.0148343
456 0.810483 0.360615 0.0186815
457 0.810483 0.357236 0.0162228
458 0.810483 0.361757 0.0171577
459 0.810483 0.373386 0.0171821
460 0.810483 0.378449 0.0164263
461 0.810483 0.379382 0.0176371
462 0.810483 0.37619 0.0159489
463 0.810626 0.356994 0.0173031
464 0.810626 0.36409 0.0168674
465 0.810626 0.366923 0.0157464
466 0.810626 0.389139 0.0159266
467 0.810626 0.385118 0.0133356
468 0.810626 0.375767 0.0118574
469 0.810626 0.382195 0.0151154
470 0.810626 0.375447 0.0172779
471 0.810626 0.370514 0.0166514
472 0.810626 0.368116 0.0148717
473 0.810626 0.372738 0.0122053
474 0.810626 0.373328 0.0178187
475 0.810626 0.360989 0.0169167
476 0.810626 0.374886 0.0164729
477 0.810626 0.374585 0.0155624
478 0.810626 0.356604 0.014622
479 0.817292 0.366349 0.0150356
480 0.817292 0.381919 0.0152618
481 0.817292 0.375402 0.0138464
482 0.817292 0.377468 0.0169242
483 0.817292 0.389937 0.0160278
484 0.817292 0.384048 0.0171713
485 0.817292 0.378396 0.0148762
486 0.817292 0.382521 0.0161922
487 0.854999 0.399949 0.0226466
488 0.854999 0.379538 0.0190198
489 0.854999 0.373956 0.0164788
490 0.854999 0.35989 0.016291
491 0.854999 0.3625 0.020386
492 0.857198 0.398369 0.0237785
493 0.857198 0.391587 0.0230443
494 0.857198 0.394743 0.0219579
495 0.857198 0.404452 0.0185378
496 0.857198 0.395705 0.0188007
497 0.857198 0.384227 0.0186506
498 0.857198 0.370185 0.017489
499 0.857198 0.37561 0.01744
500 0.857198 0.395657 0.0209975
501 0.857198 0.392197 0.0231207
502 0.857198 0.392442 0.0234348
503 0.857198 0.386474 0.0215234
504 0.857198 0.375412 0.020917
505 0.857198 0.378593 0.0229412
506 0.857198 0.368771 0.0173735
507 0.857198 0.371261 0.0170494
508 0.857198 0.393983 0.0190554
509 0.857198 0.409915 0.022526
510 0.857198 0.414545 0.0243037
511 0.857198 0.403562 0.0227507
512 0.857198 0.392688 0.0176982
513 0.857198 0.377138 0.0149197
514 0.857198 0.396518 0.0196284
515 0.857198 0.403858 0.022951
516 0.865669 0.415427 0.023866
517 0.865669 0.40199 0.0199079
518 0.865669 0.406766 0.0178111
519 0.874857 0.413806 0.0190732
520 0.874857 0.421717 0.0211156
521 0.874857 0.437982 0.0202769
522 0.874857 0.415108 0.020725
523 0.87569 0.402997 0.0220909
524 0.87569 0.402015 0.0191282
525 0.87569 0.425324 0.0208644
526 0.87569 0.428436 0.0220765
527 0.889191 0.425792 0.0269544
528 0.889191 0.434884 0.02329
529 0.889191 0.434401 0.02391
530 0.889191 0.416719 0.0216854
531 0.889191 0.415541 0.0236046
532 0.889191 0.416001 0.0222648
533 0.889191 0.415613 0.0238022
534 0.889191 0.414369 0.0224797
535 0.889191 0.420859 0.018412
536 0.889191 0.423685 0.0196697
537 0.889191 0.412259 0.0209083
538 0.889191 0.415468 0.0205243
539 0.889191 0.424961 0.024409
540 0.889191 0.408895 0.0234038
541 0.889191 0.412401 0.0210446
542 0.889191 0.390691 0.0210417
543 0.889191 0.40626 0.0182937
544 0.889191 0.426473 0.0233966
545 0.889191 0.438881 0.0234238
546 0.889191 0.432308 0.0237071
547 0.889191 0.403029 0.0185206
548 0.889191 0.419225 0.0202474
549 0.889191 0.41101 0.0204618
550 0.889191 0.443759 0.0226162
551 0.889191 0.440341 0.0206568
552 0.889191 0.428508 0.0219938
553 0.889191 0.407756 0.0157537
554 0.889191 0.410235 0.0169437
555 0.889191 0.425249 0.0185699
556 0.889191 0.438385 0.0189231
557 0.889191 0.443493 0.0180139
558 0.889191 0.423739 0.0215505
559 0.889191 0.436658 0.0269851
560 0.889191 0.425085 0.0253451
561 0.889191 0.424189 0.0196935
562 0.889191 0.430208 0.0174168
563 0.889191 0.455005 0.0187463
564 0.889191 0.448441 0.0212316
565 0.889191 0.464298 0.0213892
566 0.889191 0.452846 0.0176279
567 0.889191 0.458675 0.0233851
568 0.889191 0.459943 0.0232829
569 0.889191 0.449926 0.0234358
570 0.889191 0.441036 0.01966
571 0.889191 0.460493 0.0239563
572 0.889191 0.452747 0.0201189
573 0.889191 0.459718 0.0218524
574 0.889191 0.457188 0.0235734
575 0.889191 0.457606 0.0202847
576 0.889191 0.439263 0.0216427
577 0.889191 0.453003 0.0198144
578 0.889191 0.451671 0.0197811
579 0.889191 0.473279 0.0165472
580 0.889191 0.468443 0.0195619
581 0.889191 0.455246 0.0222478
582 0.889191 0.448536 0.0190753
583 0.889191 0.426233 0.0174685
584 0.889191 0.425484 0.0204444
585 0.889191 0.451292 0.0246041
586 0.889191 0.448894 0.0202696
587 0.889191 0.434578 0.0197651
588 0.889191 0.418504 0.0184084
589 0.889191 0.418031 0.0192334
590 0.889191 0.420639 0.017364
591 0.889191 0.432587 0.0197604
592 0.889191 0.45434 0.0232304
593 0.889191 0.436699 0.0176918
594 0.889191 0.422937 0.0212858
595 0.889191 0.412034 0.0180576
596 0.889191 0.42267 0.0212168
597 0.889191 0.438774 0.0228768
598 0.889191 0.447153 0.0224014
599 0.889191 0.446387 0.0220187
600 0.889191 0.437534 0.0197272
601 0.889191 0.443958 0.0189677
602 0.889191 0.428883 0.0193313
603 0.889191 0.431248 0.0209709
604 0.889191 0.440095 0.025033
605 0.889191 0.43698 0.0250018
606 0.889191 0.432062 0.0214692
607 0.889191 0.434317 0.0222008
608 0.88947 0.430299 0.0265043
609 0.88947 0.40886 0.0221312
610 0.88947 0.423301 0.0227884
611 0.88947 0.421255 0.0225297
612 0.88947 0.418694 0.0239381
613 0.88947 0.441858 0.0242983
614 0.88947 0.446105 0.0221257
615 0.88947 0.458442 0.0246694
616 0.88947 0.482819 0.0254382
617 0.88947 0.475519 0.0232319
618 0.88947 0.484909 0.0261868
619 0.88947 0.483728 0.0253754
620 0.88947 0.469998 0.02314
621 0.88947 0.469406 0.0241108
622 0.88947 0.451813 0.0202999
623 0.88947 0.44429 0.0228286
624 0.88947 0.435558 0.0234494
625 0.88947 0.411998 0.0166881
626 0.88947 0.444316 0.0221045
627 0.88947 0.425309 0.0220596
628 0.88947 0.447715 0.0206018
629 0.88947 0.446341 0.021086
630 0.88947 0.458907 0.024156
631 0.900449 0.46988 0.0238228
632 0.900449 0.43616 0.0230928
633 0.900449 0.431297 0.0207144
634 0.900449 0.433222 0.0205999
635 0.900449 0.437872 0.0243459
636 0.900449 0.44149 0.0223667
637 0.900449 0.43181 0.0209646
638 0.900449 0.42733 0.0285874
639 0.900449 0.411237 0.0209038
640 0.900449 0.422917 0.0199
641 0.900449 0.437288 0.0186074
642 0.900449 0.43247 0.0200612
643 0.900449 0.442096 0.0208981
644 0.900449 0.433562 0.021748
645 0.900449 0.436338 0.0224141
646 0.900449 0.436824 0.021858
647 0.900449 0.448717 0.0228959
648 0.900449 0.461795 0.0212471
649 0.900449 0.472161 0.0221642
650 0.900449 0.457165 0.0255868
651 0.900449 0.44119 0.0200476
652 0.900449 0.462556 0.0251199
653 0.900449 0.464998 0.0221629
654 0.900449 0.438289 0.0224516
655 0.900449 0.431755 0.0189499
656 0.900449 0.424697 0.0237615
657 0.900449 0.421274 0.0215686
658 0.900449 0.438918 0.0210978
659 0.900449 0.450981 0.0267223
660 0.903895 0.447976 0.0229725
661 0.903895 0.447963 0.0255533
662 0.91096 0.44682 0.0243574
663 0.91096 0.449305 0.0250862
664 0.91096 0.438751 0.0216953
665 0.91096 0.42677 0.0230067
666 0.91096 0.422596 0.0250531
667 0.91096 0.433476 0.0277702
668 0.91096 0.457327 0.0254596
669 0.91096 0.442375 0.0229857
670 0.91096 0.431396 0.023548
671 0.91096 0.427567 0.0242454
672 0.91096 0.45162 0.0246858
673 0.91096 0.438892 0.026306
674 0.91096 0.447379 0.0263322
675 0.91096 0.418355 0.0248291
676 0.91096 0.420064 0.0215479
677 0.91096 0.431916 0.0214905
678 0.91096 0.432497 0.020526
679 0.91096 0.432612 0.0206843
680 0.91096 0.442222 0.0232413
681 0.91096 0.441379 0.022748
682 0.91096 0.432723 0.02688
683 0.91096 0.433784 0.0282294
684 0.91096 0.414708 0.0275701
685 0.91096 0.433479 0.0249956
686 0.91096 0.429473 0.0207213
687 0.91096 0.416703 0.0195721
688 0.91096 0.426501 0.0193138
689 0.91096 0.408983 0.018753
690 0.91096 0.414398 0.0171462
691 0.91096 0.431469 0.0217376
692 0.91096 0.432998 0.0201672
693 0.91096 0.431655 0.0224779
694 0.91096 0.425201 0.0201308
695 0.91096 0.429428 0.0244099
696 0.91096 0.421535 0.022203
697 0.91096 0.427908 0.0202685
698 0.91096 0.425955 0.0214955
699 0.91096 0.434777 0.0209712
700 0.91096 0.449739 0.026828
701 0.91096 0.443154 0.0282455
702 0.91096 0.436747 0.0269035
703 0.91096 0.436124 0.0246091
704 0.91096 0.432793 0.026109
705 0.91096 0.431882 0.0251494
706 0.911692 0.436333 0.0260892
707 0.911692 0.435657 0.0242698
708 0.911692 0.434233 0.022793
709 0.911692 0.427082 0.0264258
710 0.911692 0.427113 0.0242836
711 0.914422 0.422985 0.0226314
712 0.914422 0.42041 0.0210186
713 0.914422 0.412747 0.0167551
714 0.914422 0.402611 0.0224542
715 0.914422 0.434282 0.0198661
716 0.914422 0.435897 0.0236185
717 0.914422 0.438726 0.0253614
718 0.914422 0.430762 0.0257949
719 0.914422 0.424407 0.0260794
720 0.914422 0.421663 0.0230835
721 0.914422 0.415868 0.0283836
722 0.914422 0.416658 0.0258616
723 0.914422 0.412965 0.0242611
724 0.914422 0.400338 0.020511
725 0.914422 0.386222 0.0241597
726 0.914422 0.39433 0.0248558
727 0.914422 0.40688 0.0244832
728 0.914422 0.430817 0.0260919
729 0.914422 0.404532 0.022924
730 0.914422 0.40618 0.0263348
731 0.914422 0.417917 0.0271907
732 0.914422 0.420793 0.0223662
733 0.914422 0.40431 0.0233327
734 0.914422 0.396721 0.0236879
735 0.914422 0.389248 0.0194517
736 0.914422 0.392062 0.0191156
737 0.914422 0.417809 0.0219804
738 0.914422 0.42218 0.0257271
739 0.914422 0.390861 0.0225261
740 0.914422 0.402608 0.0186257
741 0.914422 0.40573 0.0189104
742 0.914422 0.416903 0.0225966
743 0.914422 0.41173 0.0232515
744 0.914422 0.407781 0.0213958
745 0.914422 0.41277 0.022476
746 0.914422 0.396236 0.0173991
747 0.914422 0.398594 0.0175115
748 0.914422 0.406899 0.0216496
749 0.914422 0.410488 0.0235222
750 0.914422 0.414243 0.0234343
751 0.914422 0.416926 0.0208618
752 0.914422 0.411633 0.0218881
753 0.914422 0.408639 0.0165373
754 0.914422 0.394712 0.0174446
755 0.914422 0.395976 0.017249
756 0.914422 0.396556 0.0196236
757 0.914422 0.389758 0.0153943
758 0.914422 0.401041 0.0193446
759 0.914422 0.395001 0.0188158
760 0.914422 0.40144 0.0214999
761 0.914422 0.390087 0.0187681
762 0.914422 0.385718 0.0193941
763 0.914422 0.39292 0.0240184
764 0.914422 0.405398 0.0188532
765 0.914422 0.403119 0.0205172
766 0.914422 0.39058 0.0192236
767 0.914422 0.378185 0.0190398
768 0.914422 0.38216 0.0217619
769 0.914422 0.389337 0.0223294
770 0.914422 0.405277 0.02689
771 0.914422 0.400077 0.0256486
772 0.914422 0.416612 0.0256301
773 0.914422 0.413233 0.0245681
774 0.914422 0.415999 0.0217011
775 0.914422 0.413674 0.0244588
776 0.914422 0.417866 0.0221639
777 0.914422 0.397594 0.0218425
778 0.914422 0.412263 0.0248665
779 0.914422 0.40499 0.0253341
780 0.914422 0.404748 0.0269195
781 0.914422 0.410747 0.0268297
782 0.914422 0.421063 0.0260826
783 0.914422 0.407925 0.0291484
784 0.914422 0.421765 0.026742
785 0.914422 0.435235 0.0265036
786 0.914422 0.438984 0.025552
787 0.914422 0.425793 0.0198759
788 0.914422 0.423421 0.0231632
789 0.914422 0.432118 0.0244022
790 0.914422 0.434365 0.0236827
791 0.914422 0.442113 0.0241717
792 0.914422 0.427271 0.0277388
793 0.914422 0.42527 0.0265741
794 0.914422 0.428281 0.0250549
795 0.914422 0.403197 0.0176129
796 0.914422 0.406712 0.0205983
797 0.914422 0.421174 0.021987
798 0.914422 0.427111 0.0244586
799 0.914422 0.409513 0.0233895
800 0.914422 0.412578 0.0216277
801 0.914422 0.407256 0.0254078
802 0.914422 0.404724 0.0255041
803 0.914422 0.400995 0.0206827
804 0.914422 0.411275 0.0218135
805 0.914422 0.422588 0.0213602
806 0.914422 0.42486 0.0210101
807 0.914422 0.42154 0.0265633
808 0.914422 0.418148 0.0229085
809 0.914422 0.408712 0.0234339
810 0.914422 0.429339 0.0254648
811 0.914422 0.430432 0.0286581
812 0.914422 0.424534 0.0246385
813 0.914422 0.449673 0.0260349
814 0.914422 0.445654 0.0281317
815 0.914422 0.431915 0.0248879
816 0.914422 0.435258 0.0262661
817 0.914422 0.449734 0.025845
818 0.914422 0.437734 0.028516
819 0.914422 0.446038 0.0334974
820 0.914422 0.45253 0.0265529
821 0.914422 0.455942 0.0239629
822 0.914422 0.434947 0.0209621
823 0.914422 0.43073 0.0256318
824 0.914422 0.434963 0.0253115
825 0.914422 0.425461 0.0241197
826 0.914422 0.421723 0.0226589
827 0.914422 0.439372 0.0218835
828 0.914422 0.429062 0.0219233
829 0.914422 0.433375 0.0255037
830 0.914422 0.435631 0.0267124
831 0.914422 0.447091 0.0288641
832 0.914422 0.434407 0.0241782
833 0.914422 0.419805 0.0251633
834 0.914422 0.425543 0.0214707
835 0.914422 0.448095 0.0243784
836 0.914422 0.447134 0.0256792
837 0.914422 0.448437 0.0244297
838 0.914422 0.458805 0.0262621
839 0.914422 0.467491 0.0258581
840 0.914422 0.477088 0.0238972
841 0.914422 0.497522 0.0238563
842 0.914422 0.479381 0.0255792
843 0.914422 0.478427 0.0280574
844 0.914422 0.467643 0.0284938
845 0.914422 0.438166 0.0245922
846 0.914422 0.428373 0.0241894
847 0.914422 0.432437 0.0236537
848 0.914422 0.431805 0.0241745
849 0.914422 0.424296 0.0258223
850 0.916611 0.431237 0.0263921
851 0.916611 0.447605 0.0289973
852 0.916611 0.450506 0.0238445
853 0.916611 0.434465 0.0265748
854 0.916611 0.434777 0.0245363
855 0.916611 0.408653 0.0235481
856 0.916611 0.412659 0.0209557
857 0.916611 0.41485 0.0242274
858 0.916611 0.438429 0.0234892
859 0.916611 0.417186 0.0204162
860 0.916611 0.429075 0.0241067
861 0.916611 0.423209 0.0235889
862 0.916611 0.445237 0.024409
863 0.916611 0.449096 0.0238978
864 0.916611 0.456894 0.0242287
865 0.916611 0.448437 0.023559
866 0.916611 0.442622 0.0225894
867 0.916611 0.440237 0.0225323
868 0.916611 0.434933 0.022977
869 0.916611 0.447515 0.0225373
870 0.916611 0.449289 0.0262481
871 0.916611 0.480318 0.0269879
872 0.916611 0.475831 0.0259393
873 0.916611 0.468646 0.0241017
874 0.916611 0.46603 0.0227744
875 0.916611 0.435629 0.0214987
876 0.916611 0.439291 0.0219589
877 0.916611 0.428417 0.0218894
878 0.916611 0.436412 0.0217417
879 0.916611 0.472238 0.0237566
880 0.916611 0.464946 0.0239363
881 0.916611 0.444729 0.0232277
882 0.916611 0.451108 0.0210116
883 0.916611 0.443015 0.0200394
884 0.916611 0.432318 0.0187635
885 0.916611 0.444388 0.0208209
886 0.916611 0.415995 0.0223119
887 0.916611 0.416797 0.0213167
888 0.916611 0.427584 0.0240257
889 0.916611 0.421445 0.022774
890 0.916611 0.425674 0.0250723
891 0.916611 0.411942 0.0256968
892 0.916611 0.39684 0.0230962
893 0.916611 0.395676 0.0202341
894 0.916611 0.404808 0.0222804
895 0.916611 0.419486 0.022826
896 0.916611 0.408124 0.0212145
897 0.916611 0.409641 0.0224075
898 0.916611 0.43126 0.0230538
899 0.916611 0.440865 0.020188
900 0.916611 0.429888 0.0227163
901 0.916611 0.434916 0.0238051
902 0.916611 0.424603 0.0251254
903 0.916611 0.427215 0.0241791
904 0.916611 0.424715 0.020977
905 0.916611 0.414154 0.0232885
906 0.916611 0.420929 0.0241163
907 0.916611 0.445795 0.0252884
908 0.916611 0.415001 0.022936
909 0.916611 0.419557 0.0249638
910 0.916611 0.410569 0.027083
911 0.916611 0.411016 0.0256388
912 0.916611 0.42311 0.0233395
913 0.916611 0.420504 0.0271961
914 0.916611 0.427465 0.029943
915 0.916611 0.430325 0.0248432
916 0.916611 0.430535 0.021868
917 0.916611 0.429207 0.0263931
918 0.916611 0.439378 0.024254
919 0.916611 0.44044 0.0275676
920 0.916611 0.440833 0.0262696
921 0.916611 0.423636 0.0252025
922 0.916611 0.451707 0.0263469
923 0.916611 0.42665 0.0231636
924 0.916611 0.425789 0.0259601
925 0.916611 0.420647 0.0246763
926 0.916611 0.431449 0.026825
927 0.916611 0.437258 0.0230884
928 0.916611 0.427469 0.0190149
929 0.916611 0.411097 0.0214304
930 0.916611 0.417381 0.0215071
931 0.916611 0.432049 0.0215829
932 0.916611 0.44745 0.0269389
933 0.916611 0.438938 0.0241344
934 0.916611 0.429735 0.023577
935 0.916611 0.434224 0.0252102
936 0.916611 0.430559 0.0272403
937 0.916611 0.405489 0.024974
938 0.916611 0.415948 0.0260205
939 0.916611 0.421427 0.027285
940 0.916611 0.403423 0.0223945
941 0.916611 0.415253 0.024683
942 0.916611 0.416308 0.0260603
943 0.916611 0.429468 0.0276091
944 0.916611 0.434479 0.0257508
945 0.916611 0.422728 0.0237961
946 0.91761 0.43073 0.027549
947 0.91761 0.430187 0.0253899
948 0.91761 0.413992 0.025464
949 0.91761 0.402117 0.0261956
950 0.91761 0.411892 0.0235607
951 0.91761 0.433496 0.0270879
952 0.91761 0.427656 0.0238627
953 0.91761 0.435964 0.023873
954 0.91761 0.41182 0.0198209
955 0.91761 0.41595 0.02343
956 0.91761 0.41839 0.0233682
957 0.91761 0.412972 0.0207775
958 0.91761 0.42164 0.0211427
959 0.91761 0.429478 0.0297116
960 0.91761 0.426082 0.0211497
961 0.91761 0.439583 0.0271418
962 0.91761 0.439458 0.0249785
963 0.91761 0.435354 0.0191982
964 0.91761 0.43952 0.0211712
965 0.91761 0.414655 0.020017
966 0.91761 0.425279 0.0215608
967 0.91761 0.432481 0.0205751
968 0.91761 0.425869 0.0208767
969 0.91761 0.433915 0.0250871
970 0.91761 0.430931 0.0249353
971 0.91761 0.422796 0.0243747
972 0.91761 0.421832 0.0208393
973 0.91761 0.436285 0.0267125
974 0.91761 0.430496 0.0283344
975 0.91761 0.428235 0.0269953
976 0.91761 0.413425 0.021825
977 0.91761 0.397566 0.0193039
978 0.91761 0.407083 0.0212305
979 0.91761 0.421657 0.0239696
980 0.91761 0.423161 0.0266254
981 0.91761 0.425745 0.0279431
982 0.91761 0.417158 0.0257384
983 0.91761 0.412691 0.022301
984 0.91761 0.406642 0.0193746
985 0.91761 0.379651 0.020546
986 0.91761 0.382197 0.0180157
987 0.91761 0.407394 0.0168151
988 0.91761 0.416064 0.0196236
989 0.91761 0.406623 0.017799
990 0.91761 0.401892 0.0195517
991 0.91761 0.384672 0.021243
992 0.91761 0.383713 0.0216451
993 0.91761 0.402149 0.021072
994 0.91761 0.426729 0.0223685
995 0.91761 0.42076 0.0233781
996 0.91761 0.40851 0.0247852
997 0.91761 0.389912 0.0222073
998 0.91761 0.392406 0.0193715
999 0.91761 0.406778 0.0241383
1000 0.91761 0.382319 0.0204075
