0 0.293335 0.251687 7.35529e-05
1 0.323504 0.253014 0.000160472
2 0.423629 0.256407 0.000863734
3 0.423629 0.259976 0.00104657
4 0.423629 0.262541 0.00168896
5 0.464797 0.271534 0.00287361
6 0.477095 0.282033 0.00407527
7 0.477095 0.286411 0.00519856
8 0.477095 0.299136 0.0057667
9 0.504538 0.297111 0.00772387
10 0.504538 0.305347 0.0078899
11 0.510027 0.298631 0.00792749
12 0.520301 0.304709 0.00863893
13 0.65484 0.312906 0.0116146
14 0.65484 0.319828 0.0128286
15 0.65484 0.328685 0.0147722
16 0.65484 0.318479 0.0150163
17 0.65484 0.324764 0.0158275
18 0.65484 0.322419 0.0149505
19 0.65484 0.332395 0.017636
20 0.65484 0.336456 0.0183431
21 0.65484 0.334591 0.0202084
22 0.65484 0.344214 0.0217949
23 0.655327 0.355856 0.0225447
24 0.655327 0.373558 0.0247623
25 0.656206 0.37845 0.0239399
26 0.658536 0.38324 0.0243796
27 0.658536 0.350361 0.0225427
28 0.662641 0.380916 0.0249696
29 0.662641 0.378035 0.0263194
30 0.666129 0.400053 0.0298294
31 0.666129 0.390384 0.0267244
32 0.666129 0.407517 0.0266919
33 0.66858 0.427611 0.0290109
34 0.66858 0.419255 0.0276137
35 0.675193 0.433891 0.025376
36 0.675193 0.458386 0.0226504
37 0.675193 0.453634 0.0229779
38 0.675193 0.453767 0.0263608
39 0.678505 0.479243 0.0237895
40 0.678505 0.474599 0.0230396
41 0.678505 0.486977 0.0199539
42 0.681641 0.485477 0.0193423
43 0.693845 0.471341 0.0228078
44 0.693845 0.469066 0.0223217
45 0.693845 0.489747 0.0210635
46 0.693845 0.480595 0.0229092
47 0.693845 0.476904 0.020414
48 0.693845 0.483754 0.0176832
49 0.693845 0.504083 0.0173781
50 0.693845 0.508502 0.0185907
51 0.693845 0.498921 0.0176509
52 0.693845 0.508473 0.0167903
53 0.693845 0.506351 0.0179515
54 0.693845 0.501286 0.0165271
55 0.694369 0.518284 0.018827
56 0.694369 0.527892 0.0159804
57 0.694369 0.538423 0.0133692
58 0.696942 0.531649 0.0135703
59 0.696942 0.555237 0.0129916
60 0.696942 0.560967 0.0123972
61 0.696942 0.543219 0.0143712
62 0.696942 0.537131 0.0154327
63 0.696942 0.54038 0.0137284
64 0.696942 0.540206 0.0148727
65 0.699021 0.562547 0.0127987
66 0.699021 0.56188 0.0108367
67 0.699021 0.546913 0.0110267
68 0.699021 0.548271 0.0123276
69 0.699021 0.541749 0.0124083
70 0.699021 0.562533 0.0122869
71 0.699021 0.560413 0.0118862
72 0.699021 0.566049 0.0108708
73 0.699021 0.545068 0.01321
74 0.699021 0.533464 0.0143765
75 0.699021 0.536258 0.0141309
76 0.699021 0.536651 0.0139502
77 0.699021 0.532309 0.0127794
78 0.699021 0.543119 0.0120112
79 0.699082 0.545865 0.0128299
80 0.702385 0.542491 0.0141196
81 0.702385 0.542086 0.0133307
82 0.703022 0.54166 0.0141941
83 0.704525 0.526798 0.0155694
84 0.704525 0.533406 0.013551
85 0.704525 0.540292 0.0140144
86 0.709896 0.532471 0.0140345
87 0.709896 0.528808 0.0151075
88 0.709896 0.529003 0.0155174
89 0.709896 0.525618 0.0174763
90 0.709896 0.527318 0.0148801
91 0.709896 0.512141 0.0157955
92 0.709896 0.539298 0.0149797
93 0.709896 0.536984 0.0159326
94 0.709896 0.520648 0.0170658
95 0.709896 0.533477 0.0169738
96 0.709896 0.510669 0.0165034
97 0.709896 0.5138 0.0168414
98 0.709896 0.509489 0.0188581
99 0.709896 0.526946 0.0185105
100 0.709896 0.542728 0.0164728
101 0.709896 0.539614 0.0175822
102 0.709896 0.52868 0.0183971
103 0.709896 0.549539 0.0157032
104 0.709896 0.538529 0.0161073
105 0.709896 0.540208 0.0154106
106 0.709896 0.557011 0.0146605
107 0.709896 0.56119 0.0140194
108 0.709896 0.535883 0.0152578
109 0.709896 0.520786 0.0164686
110 0.709896 0.535724 0.0167086
111 0.709896 0.5384 0.0161085
112 0.709896 0.546087 0.0138814
113 0.709896 0.542581 0.014652
114 0.709896 0.563494 0.0136443
115 0.709896 0.54034 0.0172104
116 0.709896 0.544387 0.0167958
117 0.709896 0.543227 0.0167795
118 0.709896 0.532967 0.016748
119 0.709896 0.537531 0.0177329
120 0.709896 0.520347 0.0190858
121 0.709896 0.525308 0.0186522
122 0.709896 0.512694 0.0153554
123 0.709896 0.537521 0.018407
124 0.709896 0.519 0.0191578
125 0.709896 0.508311 0.0175849
126 0.709896 0.530136 0.0204396
127 0.709896 0.516811 0.0185766
128 0.709896 0.499115 0.0197209
129 0.709896 0.522446 0.0187149
130 0.709896 0.508475 0.0198106
131 0.709896 0.509596 0.0201644
132 0.709896 0.507555 0.0201957
133 0.709896 0.496938 0.0210182
134 0.711415 0.506594 0.0238356
135 0.711628 0.507332 0.0209565
136 0.711628 0.521576 0.0191857
137 0.711628 0.508366 0.0188834
138 0.711628 0.519096 0.0187607
139 0.711628 0.5312 0.0191839
140 0.711628 0.520654 0.0184062
141 0.711628 0.523356 0.0203769
142 0.711628 0.51973 0.0204594
143 0.711628 0.529965 0.0211843
144 0.711628 0.527446 0.0186914
145 0.711628 0.507376 0.0199433
146 0.712967 0.494371 0.020345
147 0.712967 0.514465 0.0172011
148 0.712967 0.516015 0.022264
149 0.712967 0.516576 0.0198849
150 0.712967 0.524298 0.0167596
151 0.712967 0.551037 0.0147921
152 0.712967 0.550627 0.0144602
153 0.712967 0.564077 0.0150588
154 0.712967 0.571066 0.0169457
155 0.712967 0.582421 0.0120218
156 0.712967 0.575052 0.0128057
157 0.712967 0.562897 0.0145072
158 0.712967 0.560035 0.0142821
159 0.712967 0.562226 0.0152742
160 0.712967 0.547177 0.0149683
161 0.712967 0.548283 0.0151099
162 0.712967 0.525719 0.0180774
163 0.712967 0.529152 0.0166622
164 0.712967 0.542472 0.0170481
165 0.712967 0.520792 0.021595
166 0.712967 0.537863 0.0163421
167 0.712967 0.541991 0.0159238
168 0.712967 0.548078 0.0170267
169 0.712967 0.553801 0.0162144
170 0.712967 0.559765 0.0128163
171 0.712967 0.535425 0.0147387
172 0.712967 0.553427 0.015034
173 0.712967 0.533116 0.0173429
174 0.712967 0.550002 0.0164533
175 0.712967 0.545478 0.0195768
176 0.712967 0.552782 0.0158417
177 0.712967 0.560397 0.0132412
178 0.712967 0.553152 0.0149543
179 0.712967 0.547345 0.0120442
180 0.712967 0.557112 0.0146481
181 0.712967 0.561154 0.0124619
182 0.712967 0.552592 0.0132457
183 0.712967 0.557671 0.0154581
184 0.712967 0.54355 0.0158764
185 0.712967 0.53727 0.0171062
186 0.712967 0.5256 0.0154959
187 0.712967 0.538279 0.0154401
188 0.712967 0.555084 0.0136401
189 0.712967 0.541362 0.0136525
190 0.712967 0.56424 0.0117713
191 0.712967 0.557712 0.0131885
192 0.712967 0.548968 0.0134585
193 0.712967 0.552559 0.0149477
194 0.712967 0.552516 0.0133932
195 0.712967 0.554928 0.0133788
196 0.712967 0.539558 0.0158296
197 0.712967 0.537957 0.0157621
198 0.712967 0.535801 0.0142321
199 0.712967 0.524754 0.0171146
200 0.712967 0.532652 0.0175097
201 0.712967 0.518106 0.0178992
202 0.712967 0.509722 0.0187928
203 0.712967 0.517269 0.0186229
204 0.712967 0.523127 0.0181609
205 0.712967 0.526026 0.0189621
206 0.712967 0.533717 0.0168823
207 0.712967 0.559702 0.0165139
208 0.712967 0.541453 0.0178311
209 0.712967 0.549723 0.0187016
210 0.712967 0.551987 0.0178695
211 0.712967 0.559272 0.0146053
212 0.712967 0.556567 0.0121726
213 0.713217 0.548356 0.0151506
214 0.713217 0.544795 0.0157569
215 0.713217 0.543006 0.0155767
216 0.713217 0.523534 0.0162059
217 0.714731 0.525252 0.0176341
218 0.714731 0.527862 0.0140438
219 0.714731 0.531756 0.0143713
220 0.714731 0.547697 0.0161445
221 0.714731 0.550208 0.0125265
222 0.714731 0.534208 0.0129915
223 0.714731 0.548935 0.0142315
224 0.714731 0.543781 0.0140864
225 0.714731 0.55898 0.0119422
226 0.714731 0.565874 0.0118173
227 0.714731 0.553831 0.0137505
228 0.714731 0.535527 0.0164124
229 0.714731 0.546725 0.0148514
230 0.714731 0.539141 0.0159674
231 0.714731 0.533477 0.0170676
232 0.714731 0.531413 0.0188161
233 0.714731 0.532167 0.0162419
234 0.714731 0.522401 0.0181478
235 0.714731 0.542313 0.0178163
236 0.714731 0.545307 0.0178553
237 0.714731 0.529365 0.0193181
238 0.714731 0.521775 0.0182994
239 0.714731 0.516486 0.019705
240 0.714731 0.531676 0.0171255
241 0.714731 0.532303 0.0186601
242 0.714731 0.54154 0.0168848
243 0.714731 0.542507 0.015524
244 0.7148 0.529153 0.0166543
245 0.7148 0.54168 0.0166945
246 0.7148 0.555278 0.0134399
247 0.7148 0.548239 0.0152097
248 0.7148 0.551244 0.014935
249 0.7148 0.544074 0.0165158
250 0.7148 0.533169 0.0176255
251 0.7148 0.537487 0.01519
252 0.7148 0.523387 0.0189516
253 0.7148 0.520774 0.0191778
254 0.7148 0.535201 0.0167284
255 0.715306 0.518626 0.0200123
256 0.715306 0.524564 0.0188026
257 0.715306 0.524727 0.0184549
258 0.715306 0.536855 0.0174074
259 0.715306 0.529063 0.0190936
260 0.715306 0.541087 0.0149723
261 0.71533 0.542745 0.0153546
262 0.71533 0.544002 0.014929
263 0.71533 0.533925 0.0165254
264 0.715461 0.541665 0.0135872
265 0.715461 0.539566 0.0156469
266 0.715461 0.551006 0.014217
267 0.715461 0.540511 0.0167547
268 0.715461 0.540407 0.0195729
269 0.715461 0.522105 0.0184039
270 0.715461 0.521137 0.0173552
271 0.715461 0.540306 0.0168972
272 0.715461 0.526668 0.0173823
273 0.715461 0.535278 0.0154624
274 0.715461 0.543145 0.0160734
275 0.715461 0.53372 0.0162859
276 0.715461 0.536397 0.0174073
277 0.715461 0.5317 0.0165089
278 0.715461 0.528397 0.0167337
279 0.715461 0.533339 0.0167899
280 0.715461 0.517718 0.0183949
281 0.715461 0.51824 0.0170937
282 0.715461 0.523896 0.0160079
283 0.715461 0.529455 0.0143916
284 0.715461 0.542627 0.0143159
285 0.715461 0.54937 0.0157237
286 0.715461 0.541645 0.0164269
287 0.715461 0.526064 0.0151438
288 0.715461 0.525768 0.0169074
289 0.715461 0.531502 0.0144694
290 0.715461 0.54247 0.0156773
291 0.715461 0.565076 0.0142701
292 0.715461 0.562247 0.0151633
293 0.715461 0.549979 0.0135495
294 0.715461 0.520016 0.0151015
295 0.715461 0.522878 0.0174066
296 0.715461 0.528236 0.0171008
297 0.715461 0.539805 0.0166724
298 0.715461 0.54252 0.0171162
299 0.715461 0.54293 0.019801
300 0.715461 0.566617 0.0142265
301 0.715461 0.56522 0.012956
302 0.715461 0.565341 0.01599
303 0.715461 0.570185 0.0147262
304 0.715461 0.560508 0.0132151
305 0.715461 0.570645 0.0109183
306 0.715461 0.563377 0.0140301
307 0.715461 0.557585 0.0135558
308 0.715461 0.555835 0.0152762
309 0.715461 0.554012 0.0166579
310 0.715461 0.548755 0.0152628
311 0.715461 0.559068 0.0143375
312 0.715461 0.56634 0.0135142
313 0.715461 0.549375 0.0153139
314 0.715461 0.532919 0.0142343
315 0.715461 0.534717 0.0156657
316 0.715461 0.54349 0.0180397
317 0.715461 0.537666 0.0168145
318 0.715461 0.541546 0.0159054
319 0.715461 0.544701 0.0153622
320 0.715461 0.534746 0.0173363
321 0.715461 0.539156 0.0180081
322 0.715461 0.533941 0.0161853
323 0.715461 0.53284 0.0155018
324 0.715461 0.545601 0.0156609
325 0.715461 0.532712 0.0149405
326 0.715461 0.523205 0.0159956
327 0.715461 0.550432 0.0152544
328 0.715461 0.533976 0.0154966
329 0.715461 0.541989 0.0152461
330 0.715461 0.536795 0.0144189
331 0.715461 0.555414 0.0154233
332 0.715461 0.534267 0.0177589
333 0.715461 0.528519 0.0191188
334 0.715461 0.535816 0.0167984
335 0.715461 0.524655 0.0189786
336 0.715461 0.541842 0.0162933
337 0.715461 0.526947 0.0177576
338 0.715461 0.526015 0.0177825
339 0.715461 0.534746 0.0160679
340 0.715461 0.550207 0.0133648
341 0.715461 0.556157 0.0125546
342 0.715461 0.547302 0.0122967
343 0.715461 0.554184 0.0119495
344 0.715461 0.558571 0.0109859
345 0.715461 0.54656 0.0137078
346 0.715461 0.523121 0.01537
347 0.715461 0.527017 0.0170347
348 0.715461 0.531165 0.0153024
349 0.715461 0.532964 0.0169445
350 0.715461 0.535341 0.0171432
351 0.715461 0.529537 0.0163148
352 0.715461 0.528619 0.0179889
353 0.715461 0.549055 0.016528
354 0.715461 0.525566 0.0194964
355 0.715461 0.527602 0.0172189
356 0.715461 0.510739 0.0183105
357 0.715461 0.517502 0.0176153
358 0.715461 0.52654 0.0169182
359 0.715461 0.532326 0.0153002
360 0.715461 0.524428 0.0158973
361 0.715461 0.550347 0.0159446
362 0.715461 0.536965 0.0160814
363 0.715461 0.552589 0.0158833
364 0.715461 0.558807 0.0155507
365 0.715461 0.545851 0.0143299
366 0.715461 0.552271 0.0154914
367 0.715468 0.524303 0.0155142
368 0.715468 0.53389 0.0178683
369 0.715468 0.54984 0.0161606
370 0.715468 0.527329 0.0162885
371 0.715468 0.533363 0.0168045
372 0.715468 0.518578 0.0219041
373 0.715468 0.523077 0.0191396
374 0.715468 0.524457 0.0193723
375 0.715468 0.513985 0.0166102
376 0.715548 0.528103 0.017641
377 0.715548 0.552417 0.0138312
378 0.715548 0.533309 0.0179631
379 0.715548 0.535181 0.0190134
380 0.715548 0.534193 0.0182348
381 0.715548 0.535068 0.0177968
382 0.715548 0.541564 0.0183513
383 0.715548 0.541535 0.0184015
384 0.715548 0.551406 0.0188854
385 0.715548 0.531651 0.0196971
386 0.715548 0.548625 0.0195245
387 0.716056 0.540661 0.0185221
388 0.716056 0.543781 0.0185661
389 0.716056 0.533604 0.0148506
390 0.716056 0.534284 0.0177971
391 0.716056 0.518138 0.0169349
392 0.716056 0.524166 0.0162218
393 0.716056 0.521591 0.0178942
394 0.716056 0.514878 0.0173959
395 0.716056 0.513952 0.0165364
396 0.716056 0.51362 0.0176169
397 0.716056 0.516762 0.0187622
398 0.716056 0.529026 0.0177749
399 0.716056 0.53421 0.0193106
400 0.716056 0.533775 0.0182831
401 0.716056 0.530811 0.0163949
402 0.716056 0.547404 0.018188
403 0.716056 0.543805 0.0183476
404 0.71609 0.543026 0.0183607
405 0.71609 0.556037 0.0163316
406 0.71609 0.550832 0.0147833
407 0.71609 0.556934 0.0157493
408 0.71609 0.545567 0.0143471
409 0.71609 0.545409 0.0137048
410 0.716275 0.531645 0.0163552
411 0.716275 0.555298 0.0161925
412 0.716275 0.560661 0.0153863
413 0.716275 0.544892 0.0159663
414 0.716275 0.540717 0.0157717
415 0.716275 0.556953 0.0159244
416 0.716275 0.549661 0.0165732
417 0.716275 0.560063 0.0140275
418 0.716275 0.56208 0.015142
419 0.716275 0.541556 0.0178726
420 0.716275 0.532002 0.0193685
421 0.716275 0.543097 0.0208609
422 0.716275 0.551983 0.0154291
423 0.716275 0.547056 0.0160212
424 0.716275 0.546764 0.0180943
425 0.716275 0.538106 0.0157608
426 0.716275 0.51882 0.0168359
427 0.716275 0.521868 0.0186326
428 0.716275 0.520011 0.0200231
429 0.716275 0.537466 0.0202281
430 0.716275 0.533981 0.0199938
431 0.716275 0.53753 0.0173715
432 0.716275 0.547478 0.0177302
433 0.716275 0.558911 0.0135844
434 0.716275 0.560229 0.0148171
435 0.716275 0.564805 0.0140595
436 0.716275 0.564869 0.0129246
437 0.716275 0.571739 0.0112271
438 0.716275 0.548713 0.015201
439 0.716275 0.554193 0.0162685
440 0.716275 0.550933 0.0160957
441 0.716275 0.539676 0.0174037
442 0.716275 0.555569 0.01435
443 0.716275 0.54419 0.0173011
444 0.716275 0.543467 0.0150317
445 0.716275 0.531312 0.0150182
446 0.716275 0.538807 0.0155998
447 0.716275 0.545154 0.017054
448 0.716275 0.547122 0.0144102
449 0.716275 0.529813 0.0142966
450 0.716275 0.547417 0.0137137
451 0.716275 0.562389 0.0109529
452 0.716275 0.556234 0.0120779
453 0.716275 0.575038 0.0102581
454 0.716275 0.567427 0.0133302
455 0.716275 0.557296 0.0131293
456 0.716275 0.556196 0.0133923
457 0.716275 0.562549 0.0156425
458 0.716275 0.559318 0.0132938
459 0.716275 0.56883 0.0118779
460 0.716275 0.540069 0.0176166
461 0.716275 0.550088 0.0152103
462 0.716275 0.552074 0.0145487
463 0.716275 0.552241 0.0148411
464 0.716275 0.535834 0.012681
465 0.716275 0.532338 0.0163869
466 0.716275 0.535089 0.0159205
467 0.716275 0.532741 0.0175807
468 0.716275 0.540215 0.017158
469 0.716275 0.544645 0.0150617
470 0.716275 0.545914 0.015243
471 0.716275 0.538292 0.0167264
472 0.716275 0.549028 0.0161777
473 0.716275 0.531069 0.0144325
474 0.716275 0.542729 0.0168743
475 0.716275 0.531803 0.0159678
476 0.716275 0.527791 0.0160771
477 0.716275 0.523361 0.0165878
478 0.716275 0.518203 0.0168829
479 0.716275 0.53809 0.0156824
480 0.716275 0.537653 0.0159409
481 0.716275 0.540112 0.0159577
482 0.716275 0.540025 0.0159476
483 0.716275 0.549106 0.0143684
484 0.716275 0.544485 0.0148343
485 0.716275 0.547666 0.0126588
486 0.716275 0.546087 0.0159441
487 0.716275 0.539354 0.0183077
488 0.716275 0.549829 0.0147861
489 0.716275 0.572347 0.0117885
490 0.716275 0.580841 0.0112025
491 0.716275 0.55851 0.0131515
492 0.716275 0.544202 0.0155918
493 0.716275 0.531989 0.0163307
494 0.716275 0.524194 0.0145907
495 0.716275 0.519656 0.0168076
496 0.716275 0.528279 0.0165177
497 0.716275 0.557432 0.0143869
498 0.716275 0.55261 0.0133685
499 0.716275 0.550829 0.0153529
500 0.716275 0.545853 0.0152792
501 0.716275 0.549039 0.0154356
502 0.716275 0.55256 0.0144378
503 0.716275 0.539529 0.0162439
504 0.716275 0.528166 0.0160144
505 0.716275 0.541056 0.0168558
506 0.716275 0.5438 0.0183444
507 0.716275 0.537475 0.0153579
508 0.716275 0.527705 0.0186594
509 0.716275 0.51595 0.0184752
510 0.716275 0.531317 0.0176787
511 0.716275 0.540623 0.0152215
512 0.716275 0.543575 0.0156564
513 0.716275 0.540011 0.0172191
514 0.716275 0.539744 0.014672
515 0.716275 0.542042 0.0153022
516 0.716275 0.529619 0.0189721
517 0.716275 0.548492 0.0155829
518 0.716275 0.556476 0.0147096
519 0.716275 0.543307 0.0178823
520 0.716275 0.552725 0.0166599
521 0.716275 0.552445 0.016238
522 0.716275 0.543344 0.0152524
523 0.716275 0.53904 0.015557
524 0.716275 0.542783 0.0121218
525 0.716275 0.53882 0.0171225
526 0.716275 0.537374 0.0133568
527 0.716275 0.55552 0.0157394
528 0.716275 0.551739 0.0177038
529 0.716275 0.542653 0.0165361
530 0.716275 0.53042 0.0178199
531 0.716275 0.526191 0.020909
532 0.716275 0.541379 0.0167748
533 0.716275 0.531964 0.0187355
534 0.716275 0.543133 0.0173171
535 0.716275 0.539123 0.0165127
536 0.716275 0.523648 0.0178596
537 0.716275 0.524426 0.0154962
538 0.716275 0.533794 0.0191205
539 0.716275 0.544757 0.0190005
540 0.716275 0.523741 0.018324
541 0.716275 0.521544 0.0186503
542 0.716275 0.538511 0.0138612
543 0.716275 0.568201 0.0101691
544 0.716275 0.568491 0.0118141
545 0.716275 0.551667 0.0130232
546 0.716275 0.546664 0.0177882
547 0.716275 0.528483 0.0174206
548 0.716275 0.532613 0.0158985
549 0.716275 0.517404 0.0192809
550 0.716275 0.531897 0.0188973
551 0.716275 0.546778 0.0167471
552 0.716275 0.542702 0.0162593
553 0.716275 0.543029 0.0153676
554 0.716275 0.53721 0.0167235
555 0.716275 0.549392 0.014474
556 0.716275 0.547079 0.013323
557 0.716275 0.541752 0.0165326
558 0.716275 0.560483 0.012161
559 0.716275 0.54413 0.0158186
560 0.716275 0.543941 0.0157685
561 0.716275 0.559551 0.0139634
562 0.716275 0.555787 0.013837
563 0.716275 0.556329 0.0130709
564 0.716275 0.554691 0.0125516
565 0.716275 0.561141 0.013394
566 0.716275 0.548419 0.0146171
567 0.716275 0.557206 0.0137985
568 0.716275 0.53456 0.016092
569 0.716275 0.529095 0.0179445
570 0.716275 0.533355 0.0183346
571 0.716275 0.538452 0.0181907
572 0.716275 0.53282 0.0196363
573 0.716275 0.561263 0.0190087
574 0.716275 0.540709 0.016817
575 0.716275 0.543411 0.0157433
576 0.716275 0.540809 0.0157245
577 0.716275 0.538597 0.0154157
578 0.716275 0.560119 0.0122663
579 0.716275 0.56491 0.0119286
580 0.716275 0.550676 0.014959
581 0.716275 0.536933 0.0159877
582 0.716275 0.541526 0.0170331
583 0.716275 0.535829 0.0175882
584 0.716275 0.522851 0.0177618
585 0.716275 0.539023 0.0164922
586 0.716275 0.542451 0.017564
587 0.716275 0.548476 0.0155137
588 0.716275 0.529022 0.0164903
589 0.716275 0.526436 0.0180591
590 0.716275 0.537374 0.0154134
591 0.716275 0.548154 0.01462
592 0.716275 0.547382 0.0147209
593 0.716275 0.528148 0.0166843
594 0.716275 0.536927 0.0152881
595 0.716275 0.558185 0.0137711
596 0.716275 0.543064 0.0163856
597 0.716275 0.561186 0.0159383
598 0.716275 0.55621 0.0167444
599 0.716275 0.540357 0.0154536
600 0.716275 0.529201 0.0179773
601 0.716275 0.527364 0.0174811
602 0.716275 0.528448 0.0175642
603 0.716275 0.52776 0.0186738
604 0.716275 0.548815 0.0148879
605 0.716275 0.540021 0.0145379
606 0.716275 0.544355 0.0147747
607 0.716275 0.534049 0.0158899
608 0.716275 0.542581 0.0153098
609 0.716275 0.561215 0.0152227
610 0.716275 0.549947 0.0153139
611 0.716275 0.567217 0.0128198
612 0.716275 0.569169 0.012141
613 0.716275 0.553014 0.0131952
614 0.716275 0.544267 0.0137657
615 0.716275 0.537457 0.0169073
616 0.716275 0.541295 0.0166832
617 0.716275 0.533516 0.0158109
618 0.716275 0.541775 0.0169005
619 0.716275 0.527306 0.0185079
620 0.716275 0.524637 0.0187183
621 0.716275 0.529241 0.0174376
622 0.716275 0.531453 0.0175382
623 0.716275 0.53148 0.0182752
624 0.716275 0.523459 0.0163263
625 0.716275 0.535025 0.0147125
626 0.716275 0.527318 0.0154792
627 0.716275 0.538228 0.0171746
628 0.716275 0.513558 0.0198922
629 0.716275 0.533912 0.0167428
630 0.716275 0.552544 0.0127416
631 0.716275 0.551009 0.0132547
632 0.716275 0.557714 0.0146373
633 0.716275 0.562261 0.0121639
634 0.716276 0.556372 0.0129749
635 0.716276 0.549328 0.0144938
636 0.716276 0.546845 0.0149791
637 0.716276 0.537962 0.015377
638 0.716276 0.53876 0.0165269
639 0.716276 0.539742 0.017112
640 0.716276 0.51656 0.0177786
641 0.716276 0.53676 0.0168684
642 0.716276 0.526636 0.01442
643 0.716276 0.544243 0.0144485
644 0.716276 0.548538 0.01369
645 0.716276 0.54066 0.0137454
646 0.716276 0.549603 0.0142505
647 0.716276 0.554769 0.014921
648 0.716276 0.564213 0.0128731
649 0.716276 0.556304 0.0145918
650 0.716276 0.563568 0.0125833
651 0.716276 0.543896 0.0149345
652 0.716276 0.542294 0.0149002
653 0.716276 0.541142 0.0156777
654 0.716276 0.532337 0.0180606
655 0.716276 0.531888 0.0197787
656 0.716276 0.52938 0.0171207
657 0.716276 0.554108 0.0142604
658 0.716276 0.554755 0.0166296
659 0.716276 0.557472 0.0157185
660 0.716276 0.54831 0.0141229
661 0.716276 0.570247 0.0130509
662 0.716276 0.544944 0.0155035
663 0.716276 0.531351 0.017143
664 0.716276 0.534535 0.0172132
665 0.716276 0.530114 0.0162913
666 0.716276 0.533968 0.0163849
667 0.716276 0.5346 0.0139151
668 0.716276 0.531631 0.0140132
669 0.716276 0.540576 0.0127175
670 0.716276 0.552388 0.0119102
671 0.716276 0.543871 0.0141691
672 0.716276 0.548192 0.0152794
673 0.716276 0.532288 0.0180279
674 0.716276 0.553549 0.0163484
675 0.716276 0.542492 0.0149551
676 0.716276 0.544722 0.0162703
677 0.716276 0.529589 0.0159989
678 0.716276 0.528529 0.0159807
679 0.716276 0.530081 0.0165154
680 0.716276 0.533674 0.0165996
681 0.716276 0.542011 0.016658
682 0.716276 0.547419 0.0144774
683 0.716276 0.547276 0.0143518
684 0.716276 0.559502 0.0120753
685 0.716276 0.561366 0.0126364
686 0.716276 0.55862 0.0152424
687 0.716276 0.539538 0.0153157
688 0.716276 0.553562 0.0168723
689 0.716276 0.558289 0.0137933
690 0.716276 0.55026 0.0122074
691 0.716276 0.567986 0.0111769
692 0.716276 0.560585 0.0136097
693 0.716276 0.545598 0.0156778
694 0.716276 0.556777 0.0152092
695 0.716276 0.55919 0.0181653
696 0.716276 0.568822 0.0137252
697 0.716276 0.564929 0.0149344
698 0.716276 0.565293 0.015009
699 0.716276 0.567106 0.0128468
700 0.716276 0.56364 0.0146314
701 0.716276 0.561154 0.0149274
702 0.716276 0.51955 0.0162885
703 0.716276 0.52776 0.0172386
704 0.716276 0.521627 0.018342
705 0.716276 0.524992 0.0185255
706 0.716276 0.533969 0.0152465
707 0.716276 0.526415 0.0167122
708 0.716276 0.533309 0.0172938
709 0.716276 0.530578 0.0188945
710 0.716276 0.534591 0.0162026
711 0.716276 0.529692 0.0169862
712 0.716276 0.542502 0.0157986
713 0.716276 0.537272 0.0158081
714 0.716276 0.544786 0.0138372
715 0.716276 0.53339 0.016489
716 0.716276 0.538416 0.0161652
717 0.716276 0.541394 0.0145351
718 0.716276 0.548239 0.01294
719 0.716276 0.552194 0.0125833
720 0.716276 0.537021 0.016215
721 0.716276 0.519222 0.0158722
722 0.716276 0.511495 0.0163822
723 0.716276 0.516953 0.0182346
724 0.716276 0.518918 0.0212069
725 0.716276 0.526312 0.0210233
726 0.716276 0.509513 0.0220175
727 0.716276 0.503917 0.0209876
728 0.716276 0.505067 0.0204673
729 0.716276 0.517541 0.0192828
730 0.716276 0.52468 0.0217091
731 0.716276 0.520517 0.0204058
732 0.716276 0.550563 0.0161424
733 0.716276 0.556125 0.0149591
734 0.716276 0.540162 0.0143034
735 0.716276 0.533997 0.0133478
736 0.716276 0.550359 0.0131906
737 0.716276 0.561568 0.0135493
738 0.716276 0.545402 0.0142889
739 0.716276 0.536357 0.0153913
740 0.716276 0.546543 0.0154144
741 0.716276 0.540962 0.0179777
742 0.716276 0.526663 0.0190788
743 0.716276 0.528281 0.0194633
744 0.716276 0.515519 0.0205949
745 0.716276 0.521801 0.01973
746 0.716276 0.525206 0.0176503
747 0.716276 0.526971 0.0147054
748 0.716276 0.524682 0.0180742
749 0.716276 0.525999 0.0172121
750 0.716276 0.531225 0.0176786
751 0.716276 0.537539 0.0190922
752 0.716276 0.537848 0.0162397
753 0.716276 0.527426 0.0163427
754 0.716276 0.529004 0.0158013
755 0.716276 0.53301 0.0167954
756 0.716276 0.541998 0.0175641
757 0.716276 0.540426 0.0147274
758 0.716276 0.543785 0.0172962
759 0.716276 0.552778 0.0150366
760 0.716276 0.544462 0.0131728
761 0.716276 0.54068 0.0151183
762 0.716276 0.5555 0.013262
763 0.716276 0.556974 0.0142217
764 0.716276 0.553328 0.0123552
765 0.716276 0.558706 0.0148085
766 0.716276 0.554578 0.0146423
767 0.716276 0.544829 0.0135378
768 0.716276 0.550724 0.0143522
769 0.716276 0.531046 0.0163152
770 0.716276 0.561645 0.0163093
771 0.716276 0.5474 0.0169763
772 0.716276 0.563081 0.014065
773 0.716276 0.544997 0.0158582
774 0.716276 0.520368 0.0178734
775 0.716276 0.523939 0.0188359
776 0.716276 0.517952 0.0190909
777 0.716276 0.537752 0.0178052
778 0.716276 0.526969 0.0174107
779 0.716276 0.549453 0.0140625
780 0.716276 0.551846 0.0121753
781 0.716276 0.53673 0.0135701
782 0.716276 0.543013 0.0146063
783 0.716276 0.532958 0.0169458
784 0.716276 0.550052 0.0157159
785 0.716276 0.535637 0.0145384
786 0.716276 0.535164 0.0140161
787 0.716276 0.543508 0.0135962
788 0.716276 0.532348 0.0155528
789 0.716276 0.529464 0.0160021
790 0.716276 0.525465 0.0166702
791 0.716276 0.538889 0.016219
792 0.716276 0.535593 0.0180713
793 0.716276 0.526093 0.0171389
794 0.716276 0.526101 0.0179807
795 0.716276 0.527451 0.0173414
796 0.716276 0.530812 0.0165564
797 0.716276 0.522924 0.0166019
798 0.716276 0.519315 0.0159441
799 0.716276 0.521743 0.0175609
800 0.716276 0.536062 0.0178482
801 0.716276 0.5362 0.0175327
802 0.716276 0.531079 0.0156009
803 0.716276 0.54068 0.0173435
804 0.716276 0.544752 0.0145207
805 0.716276 0.538144 0.015828
806 0.716276 0.536277 0.0167639
807 0.716276 0.531706 0.0167868
808 0.716276 0.504575 0.0166837
809 0.716276 0.504604 0.0187322
810 0.716276 0.52238 0.0166185
811 0.716276 0.526907 0.0164041
812 0.716276 0.528358 0.01843
813 0.716276 0.512539 0.0173062
814 0.716276 0.510126 0.016722
815 0.716276 0.513943 0.0170148
816 0.716276 0.532281 0.0177328
817 0.716276 0.543447 0.0159688
818 0.716276 0.547459 0.0145124
819 0.716276 0.544036 0.0143124
820 0.716276 0.54216 0.014007
821 0.716276 0.536683 0.0132826
822 0.716276 0.511796 0.016789
823 0.716276 0.521255 0.0178932
824 0.716276 0.538063 0.0162708
825 0.716276 0.522902 0.019157
826 0.716276 0.525165 0.0196747
827 0.716276 0.549891 0.0138844
828 0.716276 0.545174 0.0145931
829 0.716276 0.557912 0.01427
830 0.716276 0.570141 0.0131047
831 0.716276 0.563261 0.0136469
832 0.716276 0.553097 0.0138949
833 0.716276 0.536586 0.0181061
834 0.716276 0.551876 0.0185208
835 0.716276 0.541772 0.013056
836 0.716276 0.542422 0.0155596
837 0.716276 0.563568 0.0143094
838 0.716276 0.541334 0.0169115
839 0.716276 0.541299 0.0155271
840 0.716276 0.550455 0.0130153
841 0.716276 0.55469 0.0130707
842 0.716276 0.558313 0.0114804
843 0.716276 0.55705 0.0113627
844 0.716276 0.541006 0.0147437
845 0.716276 0.555789 0.0143394
846 0.716276 0.542941 0.0158855
847 0.716276 0.549794 0.0154466
848 0.716276 0.541665 0.0143497
849 0.716276 0.558484 0.0117432
850 0.716276 0.561808 0.013334
851 0.716276 0.555309 0.0174545
852 0.716276 0.537992 0.0169385
853 0.716276 0.523969 0.0163318
854 0.716276 0.536472 0.0168982
855 0.716276 0.546226 0.0171855
856 0.716276 0.534461 0.0164827
857 0.716276 0.524392 0.017773
858 0.716276 0.539175 0.0185011
859 0.716276 0.53437 0.0202027
860 0.716276 0.541106 0.0180363
861 0.716276 0.536121 0.0157673
862 0.716276 0.534973 0.0170149
863 0.716276 0.53675 0.0165074
864 0.716276 0.53504 0.0145147
865 0.716276 0.542723 0.0145132
866 0.716276 0.538412 0.0175953
867 0.716276 0.525898 0.0168203
868 0.716276 0.511044 0.0183297
869 0.716276 0.530117 0.0164026
870 0.716276 0.518236 0.0163233
871 0.716276 0.536808 0.017614
872 0.716276 0.54188 0.0175418
873 0.716276 0.528041 0.0184507
874 0.716276 0.533287 0.0177796
875 0.716276 0.539187 0.0195999
876 0.716276 0.53667 0.0182184
877 0.716276 0.528342 0.0170878
878 0.716276 0.522887 0.0168576
879 0.716276 0.512161 0.016793
880 0.716276 0.512441 0.0168225
881 0.716276 0.533305 0.0167865
882 0.716276 0.530094 0.016157
883 0.716276 0.523569 0.0152978
884 0.716276 0.521911 0.0159571
885 0.716276 0.522164 0.0147817
886 0.716276 0.538608 0.0149908
887 0.716276 0.552865 0.0144809
888 0.716276 0.548612 0.0159395
889 0.716276 0.5545 0.012606
890 0.716276 0.543746 0.0143696
891 0.716276 0.543746 0.0171174
892 0.716276 0.542329 0.0139958
893 0.716276 0.534607 0.0145023
894 0.716276 0.539645 0.0143528
895 0.716276 0.52926 0.0166908
896 0.716276 0.546291 0.0141631
897 0.716374 0.547474 0.0157973
898 0.716374 0.533216 0.0151842
899 0.716374 0.549569 0.01441
900 0.716374 0.54354 0.0163321
901 0.716374 0.54846 0.0161053
902 0.716374 0.543667 0.0166743
903 0.716374 0.545058 0.0161772
904 0.716374 0.521211 0.017948
905 0.716374 0.532773 0.0174597
906 0.716374 0.535544 0.0167595
907 0.716374 0.548915 0.0160249
908 0.716374 0.541444 0.0199502
909 0.716374 0.557047 0.016392
910 0.716374 0.556908 0.0152702
911 0.716374 0.55845 0.0136562
912 0.716374 0.548295 0.0136301
913 0.716374 0.548578 0.0166638
914 0.716374 0.529166 0.0183175
915 0.716374 0.523456 0.0179171
916 0.716374 0.534068 0.0161315
917 0.716374 0.540747 0.0150937
918 0.716374 0.534107 0.0150753
919 0.716374 0.546555 0.0141999
920 0.716374 0.557383 0.0142405
921 0.716374 0.555797 0.0134028
922 0.716374 0.558035 0.0144763
923 0.716374 0.557385 0.0142045
924 0.716374 0.548144 0.0153612
925 0.716374 0.540957 0.0159826
926 0.716374 0.535818 0.0155113
927 0.716374 0.535891 0.0158359
928 0.716374 0.534214 0.0154599
929 0.716374 0.528154 0.0176522
930 0.716374 0.532369 0.0176553
931 0.716374 0.543123 0.0179402
932 0.716374 0.536509 0.0164806
933 0.716374 0.528619 0.0176445
934 0.716374 0.526895 0.0170671
935 0.716374 0.524582 0.016908
936 0.716374 0.517923 0.0174329
937 0.716374 0.528021 0.0169293
938 0.716374 0.52033 0.0182804
939 0.716374 0.516537 0.0159924
940 0.716374 0.527904 0.0146638
941 0.716374 0.514273 0.0186537
942 0.716374 0.516728 0.0213478
943 0.716374 0.518622 0.0188556
944 0.716374 0.50944 0.0169756
945 0.716374 0.520958 0.0176734
946 0.716374 0.502259 0.0182448
947 0.716374 0.518014 0.0196429
948 0.716374 0.520165 0.0172769
949 0.716374 0.497857 0.0179547
950 0.716374 0.504258 0.0188738
951 0.716374 0.497081 0.0188574
952 0.716374 0.503871 0.0195332
953 0.716449 0.506466 0.0206028
954 0.716449 0.511998 0.0191659
955 0.716449 0.520839 0.0186368
956 0.716449 0.510217 0.0217233
957 0.716449 0.519375 0.019851
958 0.716449 0.515268 0.0204832
959 0.716449 0.546037 0.0163228
960 0.716449 0.537418 0.0154115
961 0.716449 0.543916 0.0166061
962 0.716449 0.538819 0.0170978
963 0.716449 0.539707 0.0162776
964 0.716449 0.543541 0.0152435
965 0.716449 0.524968 0.0176214
966 0.716449 0.534001 0.0182309
967 0.716449 0.543575 0.0142593
968 0.716449 0.537237 0.0158468
969 0.716449 0.539787 0.0147123
970 0.716449 0.536412 0.015207
971 0.716449 0.537959 0.0146545
972 0.716449 0.540407 0.0157124
973 0.716449 0.537809 0.015799
974 0.716449 0.535237 0.0157703
975 0.716449 0.538355 0.0171989
976 0.716449 0.538535 0.0167268
977 0.716449 0.5396 0.0171767
978 0.716449 0.538462 0.0178904
979 0.716449 0.546283 0.0161175
980 0.716449 0.538486 0.017306
981 0.716449 0.529887 0.0198411
982 0.716449 0.547048 0.0183006
983 0.716449 0.5358 0.0182296
984 0.716449 0.527783 0.0177266
985 0.716449 0.53431 0.019395
986 0.716449 0.548827 0.0167054
987 0.716449 0.528065 0.0181077
988 0.716449 0.536508 0.0173325
989 0.716449 0.5377 0.0163984
990 0.716449 0.54537 0.0160849
991 0.716449 0.526643 0.018155
992 0.716449 0.514818 0.0192065
993 0.716449 0.515434 0.0172835
994 0.716449 0.5372 0.01769
995 0.716449 0.536504 0.0176503
996 0.716449 0.520106 0.019459
997 0.716449 0.530622 0.0176851
998 0.716449 0.536505 0.0163936
999 0.716449 0.549575 0.0150109
1000 0.716449 0.549438 0.0152894
