0 0.347355 0.251264 0.000696922
1 0.347355 0.26137 0.000688532
2 0.369676 0.265497 0.00110767
3 0.369676 0.263312 0.00145186
4 0.431586 0.264021 0.00179875
5 0.431586 0.265397 0.0022786
6 0.431586 0.27036 0.00367708
7 0.431586 0.27574 0.00380539
8 0.466587 0.287274 0.00377206
9 0.466587 0.29419 0.00504033
10 0.473471 0.298812 0.00692089
11 0.473471 0.298905 0.00604333
12 0.477625 0.295191 0.00661107
13 0.477668 0.296972 0.00691887
14 0.576793 0.3068 0.00827515
15 0.576793 0.312053 0.00955956
16 0.587027 0.317977 0.0138045
17 0.587027 0.331708 0.0157476
18 0.587027 0.330042 0.0167966
19 0.594126 0.339759 0.0173407
20 0.594126 0.35735 0.0186841
21 0.599519 0.364547 0.0211382
22 0.612677 0.362912 0.0205771
23 0.612677 0.376289 0.0203108
24 0.612677 0.371932 0.0201802
25 0.612677 0.374784 0.0196165
26 0.612677 0.3858 0.0188572
27 0.623435 0.385504 0.0184846
28 0.623435 0.407729 0.0183446
29 0.628355 0.404651 0.0197725
30 0.628355 0.39883 0.0187494
31 0.628355 0.418005 0.0189928
32 0.628355 0.421548 0.0185201
33 0.638818 0.444562 0.0196731
34 0.67908 0.45661 0.0172253
35 0.67908 0.455183 0.0176247
36 0.67908 0.476621 0.0164275
37 0.67908 0.481319 0.0158203
38 0.67908 0.495177 0.0143902
39 0.67908 0.495218 0.0174804
40 0.701677 0.500985 0.0178838
41 0.701677 0.511107 0.0167272
42 0.701677 0.509438 0.0168181
43 0.701677 0.515622 0.0170878
44 0.701677 0.537533 0.0140546
45 0.714505 0.548633 0.0123966
46 0.714505 0.558116 0.0119326
47 0.714505 0.559115 0.0135323
48 0.723203 0.559371 0.0161628
49 0.723203 0.565948 0.0137559
50 0.723203 0.574554 0.0118634
51 0.723203 0.570434 0.0126044
52 0.727196 0.576314 0.0119913
53 0.737261 0.568147 0.0134203
54 0.737261 0.567923 0.0109365
55 0.743513 0.584503 0.0101606
56 0.743513 0.597264 0.00996836
57 0.757466 0.600257 0.011395
58 0.757466 0.603676 0.0119679
59 0.757466 0.613329 0.0109283
60 0.757466 0.627789 0.0104902
61 0.757466 0.625284 0.0107221
62 0.757466 0.629553 0.0090489
63 0.757466 0.618891 0.0104646
64 0.761573 0.618422 0.0112826
65 0.761573 0.611933 0.00917711
66 0.761573 0.640885 0.00715915
67 0.761573 0.643778 0.00571115
68 0.761573 0.646242 0.00670876
69 0.761573 0.641099 0.00722539
70 0.761573 0.646276 0.00815306
71 0.761573 0.647694 0.008614
72 0.761573 0.64864 0.0078783
73 0.761573 0.649867 0.00828267
74 0.761573 0.660268 0.00650995
75 0.761573 0.662151 0.00736875
76 0.761573 0.668103 0.00602607
77 0.761573 0.673938 0.00497356
78 0.761573 0.673143 0.00488338
79 0.761573 0.668657 0.00543823
80 0.761573 0.672141 0.00499507
81 0.761573 0.658794 0.00634517
82 0.772423 0.672427 0.00440392
83 0.772423 0.668554 0.00511418
84 0.772423 0.678913 0.0037481
85 0.7725 0.669002 0.00564152
86 0.7725 0.672234 0.00555276
87 0.7725 0.675953 0.00545983
88 0.772998 0.669813 0.00709942
89 0.772998 0.662015 0.00878267
90 0.772998 0.665679 0.00747765
91 0.772998 0.66056 0.00624774
92 0.772998 0.669528 0.00644129
93 0.772998 0.674441 0.00538115
94 0.772998 0.682861 0.00572258
95 0.772998 0.684634 0.00593838
96 0.772998 0.676742 0.00806427
97 0.772998 0.678458 0.00601635
98 0.784446 0.682822 0.00526512
99 0.784446 0.672128 0.00736818
100 0.784446 0.670231 0.00672213
101 0.784446 0.679495 0.00542436
102 0.784446 0.687869 0.00556289
103 0.784446 0.680419 0.00545774
104 0.784446 0.691696 0.00386768
105 0.784446 0.686315 0.00438105
106 0.784446 0.684749 0.00466701
107 0.784446 0.691404 0.00476547
108 0.784446 0.688735 0.00616468
109 0.785342 0.685354 0.00475271
110 0.785342 0.676054 0.00642866
111 0.787612 0.680143 0.00776301
112 0.787612 0.683951 0.0062471
113 0.787612 0.678777 0.0065687
114 0.798261 0.688964 0.0062405
115 0.798261 0.690948 0.00614446
116 0.798261 0.690638 0.00527351
117 0.798261 0.698792 0.00560188
118 0.798261 0.702489 0.00368172
119 0.798261 0.710706 0.00319839
120 0.798261 0.708801 0.00477029
121 0.79983 0.696034 0.00738243
122 0.79983 0.710041 0.00586044
123 0.79983 0.703774 0.00634975
124 0.79983 0.709184 0.00503791
125 0.79983 0.708792 0.00534473
126 0.79983 0.704859 0.00683892
127 0.79983 0.704941 0.00615076
128 0.79983 0.705227 0.00576265
129 0.79983 0.699362 0.00768539
130 0.79983 0.699474 0.00647472
131 0.79983 0.701418 0.0071056
132 0.79983 0.702403 0.00661702
133 0.813272 0.6911 0.00801659
134 0.813272 0.709314 0.00479445
135 0.813272 0.711313 0.00558668
136 0.813272 0.699785 0.00872248
137 0.813272 0.703545 0.00648847
138 0.813272 0.708412 0.00561941
139 0.813272 0.705606 0.00581997
140 0.813272 0.71362 0.00494286
141 0.813272 0.714219 0.00653399
142 0.813272 0.709041 0.00749496
143 0.813272 0.714209 0.00708821
144 0.813272 0.714898 0.00726822
145 0.813272 0.702454 0.00748998
146 0.813272 0.710487 0.00765029
147 0.813272 0.703717 0.00784471
148 0.813272 0.707259 0.00901311
149 0.813272 0.693664 0.00945565
150 0.813272 0.698294 0.00995978
151 0.813272 0.706928 0.00772663
152 0.813272 0.722285 0.00634449
153 0.813272 0.710339 0.00871408
154 0.813272 0.712964 0.00787194
155 0.813272 0.720844 0.00657422
156 0.813272 0.711573 0.00806534
157 0.815228 0.712735 0.00966474
158 0.815228 0.721883 0.00778296
159 0.815228 0.71592 0.00718557
160 0.815228 0.700601 0.00915341
161 0.815228 0.700417 0.00983462
162 0.815228 0.696922 0.0107931
163 0.815228 0.699583 0.00978208
164 0.818192 0.692281 0.010947
165 0.818192 0.693613 0.0108418
166 0.819124 0.700286 0.0102594
167 0.819124 0.693058 0.010041
168 0.819124 0.691498 0.0119324
169 0.819124 0.69497 0.0116349
170 0.819124 0.708368 0.00640213
171 0.819124 0.710548 0.00889374
172 0.819124 0.713714 0.00851256
173 0.820243 0.708265 0.0090316
174 0.820243 0.708837 0.00885145
175 0.820243 0.713627 0.00882145
176 0.820243 0.717031 0.0080887
177 0.820243 0.724794 0.00680994
178 0.820243 0.730054 0.00467651
179 0.820243 0.728456 0.00520209
180 0.820243 0.717954 0.00813348
181 0.820243 0.717288 0.0093863
182 0.820243 0.716607 0.00967979
183 0.820243 0.712911 0.00977073
184 0.820243 0.71758 0.00805891
185 0.820243 0.720113 0.00653704
186 0.822733 0.72295 0.00669603
187 0.822733 0.727355 0.00692869
188 0.822733 0.716581 0.00849052
189 0.822733 0.739474 0.0057107
190 0.82464 0.723169 0.00835139
191 0.82464 0.721327 0.00975613
192 0.82464 0.718922 0.00891667
193 0.82464 0.722017 0.00785189
194 0.82464 0.717063 0.00888718
195 0.82464 0.706386 0.0112354
196 0.82464 0.70486 0.0105313
197 0.82464 0.718144 0.00793891
198 0.82464 0.724351 0.00718362
199 0.82464 0.703347 0.0106652
200 0.82464 0.695177 0.0125383
201 0.82464 0.684235 0.0149706
202 0.82464 0.696891 0.0129715
203 0.82464 0.701052 0.0102351
204 0.82464 0.70207 0.0105993
205 0.82464 0.71599 0.0084454
206 0.82464 0.715588 0.00872665
207 0.82464 0.719513 0.00803342
208 0.82464 0.728738 0.00594605
209 0.82464 0.731614 0.00685208
210 0.82464 0.730706 0.00713668
211 0.82464 0.723037 0.00889936
212 0.830607 0.723298 0.00849493
213 0.830607 0.741478 0.0068383
214 0.830607 0.738304 0.0073765
215 0.830607 0.738057 0.00655036
216 0.830607 0.727259 0.00860026
217 0.830607 0.716735 0.00980938
218 0.830607 0.721256 0.00980751
219 0.830607 0.727743 0.00891483
220 0.830607 0.728717 0.00764692
221 0.830607 0.725065 0.00899081
222 0.830607 0.721663 0.00973312
223 0.830607 0.727834 0.00720017
224 0.830607 0.727066 0.00811264
225 0.830607 0.727628 0.00880629
226 0.830607 0.721594 0.0102202
227 0.830607 0.717841 0.010872
228 0.830607 0.71009 0.0106751
229 0.830607 0.706181 0.0114442
230 0.830607 0.701869 0.0111506
231 0.830607 0.697956 0.0116693
232 0.830607 0.706388 0.00893349
233 0.830607 0.710264 0.0101506
234 0.830607 0.719927 0.00885198
235 0.830607 0.733906 0.00711337
236 0.830607 0.718326 0.00870674
237 0.830607 0.721511 0.00776612
238 0.830607 0.706418 0.0100427
239 0.830607 0.707435 0.00944655
240 0.830607 0.693888 0.0130549
241 0.830607 0.706341 0.0105085
242 0.830607 0.704553 0.012054
243 0.830607 0.706551 0.0104961
244 0.830607 0.71343 0.00896904
245 0.830607 0.717052 0.00883681
246 0.830607 0.721458 0.00764902
247 0.830607 0.71557 0.00793271
248 0.830607 0.720019 0.00938769
249 0.830607 0.709844 0.0103017
250 0.830607 0.720992 0.00962088
251 0.830607 0.716239 0.0079116
252 0.830607 0.719363 0.00888839
253 0.830607 0.72025 0.00858082
254 0.830607 0.726078 0.00620047
255 0.830607 0.718968 0.00940193
256 0.830607 0.726592 0.00672993
257 0.830607 0.716325 0.00823103
258 0.830607 0.701807 0.0115034
259 0.830607 0.699328 0.0118761
260 0.830607 0.710255 0.0109038
261 0.830607 0.694679 0.0133462
262 0.831734 0.708623 0.00987496
263 0.831734 0.684016 0.0140537
264 0.831734 0.700565 0.0110555
265 0.831734 0.716049 0.0087986
266 0.831734 0.712809 0.010069
267 0.831734 0.716565 0.0106233
268 0.831734 0.721079 0.00849725
269 0.831734 0.71499 0.00931998
270 0.831734 0.721643 0.00763432
271 0.831734 0.721882 0.00665911
272 0.831734 0.721427 0.00720472
273 0.831734 0.717253 0.00884769
274 0.831734 0.723523 0.00940747
275 0.831734 0.725505 0.00920861
276 0.831734 0.719731 0.00905556
277 0.831734 0.727673 0.00905101
278 0.831734 0.725196 0.00863151
279 0.831734 0.724274 0.0077844
280 0.831734 0.709159 0.00994846
281 0.831734 0.703747 0.0117608
282 0.831734 0.697957 0.0139718
283 0.831734 0.706717 0.0112206
284 0.831734 0.719791 0.00799246
285 0.831734 0.728088 0.00850354
286 0.831734 0.740622 0.0045614
287 0.831734 0.731892 0.00502862
288 0.831734 0.732678 0.00759407
289 0.831734 0.726537 0.00828475
290 0.831734 0.716092 0.00939239
291 0.831734 0.728732 0.00678965
292 0.831734 0.736176 0.00635569
293 0.831734 0.731531 0.00677627
294 0.831734 0.713591 0.00752229
295 0.831734 0.714501 0.00922096
296 0.831734 0.71131 0.00960313
297 0.831734 0.714995 0.008552
298 0.831734 0.698634 0.0104446
299 0.831734 0.691031 0.0118386
300 0.831734 0.697018 0.0107534
301 0.831734 0.69359 0.0117807
302 0.831734 0.701372 0.0113953
303 0.831734 0.709647 0.0116632
304 0.831734 0.713491 0.0107762
305 0.831734 0.705117 0.01128
306 0.831734 0.706681 0.00959752
307 0.831734 0.709464 0.012536
308 0.831734 0.697585 0.0163414
309 0.831734 0.693579 0.013457
310 0.831734 0.696989 0.013028
311 0.831734 0.695196 0.0128099
312 0.831734 0.699058 0.012111
313 0.831734 0.6984 0.0115655
314 0.831734 0.698522 0.0117314
315 0.831734 0.697413 0.0117267
316 0.831734 0.705276 0.0107779
317 0.831734 0.698301 0.0109852
318 0.831734 0.691206 0.0137334
319 0.831734 0.698297 0.0131859
320 0.831734 0.709841 0.0116463
321 0.831734 0.713217 0.0100918
322 0.831734 0.712162 0.011983
323 0.831734 0.70317 0.0136525
324 0.831734 0.724684 0.0119697
325 0.831734 0.729312 0.00902113
326 0.831734 0.735031 0.00708783
327 0.831734 0.721322 0.00910396
328 0.831734 0.72002 0.00948703
329 0.831734 0.722587 0.0102869
330 0.831734 0.720869 0.0100163
331 0.831734 0.740944 0.00629749
332 0.831734 0.739962 0.00766385
333 0.831734 0.742903 0.0064214
334 0.831734 0.741527 0.00561533
335 0.831734 0.733681 0.00664169
336 0.831734 0.737584 0.00573839
337 0.831734 0.73746 0.00553578
338 0.831734 0.728761 0.00571481
339 0.831734 0.721058 0.00671779
340 0.831734 0.722347 0.00692414
341 0.831734 0.73187 0.00528615
342 0.831734 0.735 0.00614778
343 0.831734 0.734461 0.00671271
344 0.831734 0.732535 0.00619157
345 0.831734 0.732899 0.00555526
346 0.831734 0.727789 0.00727838
347 0.831734 0.733779 0.00704747
348 0.831734 0.733054 0.00657126
349 0.831734 0.734894 0.00703049
350 0.831734 0.725132 0.0070136
351 0.831734 0.743802 0.00486245
352 0.831734 0.737349 0.00534166
353 0.831734 0.743935 0.00436426
354 0.831734 0.739099 0.00534807
355 0.831734 0.746154 0.00415809
356 0.831734 0.742229 0.00427385
357 0.831734 0.739658 0.005458
358 0.831734 0.73648 0.00508722
359 0.831734 0.738649 0.00580987
360 0.831734 0.745221 0.00442866
361 0.831734 0.743733 0.00487165
362 0.831734 0.746889 0.00569682
363 0.831734 0.740086 0.00717368
364 0.831734 0.737198 0.0083583
365 0.831734 0.722897 0.00942182
366 0.831734 0.734982 0.0081838
367 0.831734 0.725061 0.0109371
368 0.831734 0.732038 0.00825604
369 0.831734 0.731877 0.00856477
370 0.831734 0.727999 0.0094966
371 0.831734 0.727257 0.00901505
372 0.831734 0.736748 0.00820188
373 0.831734 0.742034 0.0068691
374 0.831734 0.736213 0.00744857
375 0.831734 0.739028 0.00604594
376 0.831734 0.740405 0.00659568
377 0.831734 0.738075 0.00718884
378 0.831734 0.732163 0.00809655
379 0.831734 0.727929 0.00705597
380 0.831734 0.717468 0.00937801
381 0.831734 0.716041 0.00882719
382 0.831734 0.720686 0.00876461
383 0.831734 0.723176 0.0091425
384 0.831734 0.727904 0.00841394
385 0.831734 0.724482 0.00798869
386 0.831734 0.724176 0.00718234
387 0.831734 0.721918 0.00766395
388 0.831734 0.724691 0.00878546
389 0.831734 0.727446 0.0088059
390 0.831734 0.714948 0.0126359
391 0.831734 0.710211 0.0108864
392 0.831734 0.721271 0.00756532
393 0.831734 0.725861 0.0076656
394 0.831734 0.716986 0.0095127
395 0.831734 0.714576 0.00970011
396 0.831734 0.710908 0.0107506
397 0.831734 0.705424 0.0119974
398 0.831734 0.70068 0.0139073
399 0.831734 0.683109 0.0134462
400 0.831734 0.69119 0.0147507
401 0.831734 0.686541 0.0145061
402 0.831734 0.682627 0.0142976
403 0.831734 0.694383 0.0138259
404 0.831734 0.712279 0.0107838
405 0.831734 0.714324 0.00935847
406 0.831734 0.714935 0.0095922
407 0.831734 0.713118 0.00966216
408 0.831734 0.719927 0.00863609
409 0.831734 0.718745 0.0096442
410 0.831734 0.717988 0.00918872
411 0.831734 0.711256 0.0109167
412 0.831734 0.709692 0.00996281
413 0.831734 0.713364 0.0104346
414 0.831734 0.717312 0.00947346
415 0.831734 0.714036 0.0103513
416 0.831734 0.723692 0.009033
417 0.831734 0.726671 0.0072471
418 0.831734 0.734106 0.00679404
419 0.831734 0.732915 0.00786005
420 0.831734 0.735095 0.00829095
421 0.831734 0.729509 0.00999252
422 0.831734 0.744941 0.0069929
423 0.831734 0.731811 0.00911792
424 0.831734 0.735298 0.00911626
425 0.831734 0.736828 0.00775485
426 0.831734 0.73689 0.00957407
427 0.831734 0.724836 0.0105946
428 0.831734 0.727364 0.0100665
429 0.831734 0.732537 0.00733151
430 0.831734 0.730862 0.00857531
431 0.831734 0.733894 0.00672258
432 0.831734 0.734174 0.0082517
433 0.831734 0.727233 0.00919909
434 0.831734 0.726416 0.00724268
435 0.831734 0.734707 0.00794114
436 0.831734 0.736964 0.0071853
437 0.831734 0.724849 0.00744822
438 0.831734 0.729789 0.00622904
439 0.831734 0.730223 0.00727243
440 0.831734 0.72757 0.00991641
441 0.831734 0.733848 0.00827578
442 0.831734 0.728939 0.00878525
443 0.831734 0.727419 0.00925298
444 0.831867 0.73188 0.00783855
445 0.831867 0.731793 0.00717448
446 0.831867 0.728385 0.00718216
447 0.831867 0.725049 0.00957194
448 0.831867 0.735852 0.00826704
449 0.831867 0.731722 0.00714813
450 0.831867 0.728806 0.00670323
451 0.831914 0.728542 0.00765065
452 0.831914 0.724542 0.00762971
453 0.831914 0.737307 0.00587938
454 0.831914 0.730084 0.00813989
455 0.831914 0.713431 0.0101545
456 0.831914 0.711837 0.0117924
457 0.831914 0.714734 0.0103567
458 0.831914 0.728436 0.00711803
459 0.831914 0.723028 0.00761221
460 0.831914 0.734853 0.00620826
461 0.831914 0.738108 0.00541129
462 0.831914 0.743318 0.00474373
463 0.831914 0.746565 0.00429755
464 0.831914 0.753385 0.00349959
465 0.831914 0.743767 0.00491335
466 0.831914 0.733242 0.00745837
467 0.831914 0.737001 0.00621667
468 0.831914 0.746566 0.00396687
469 0.831914 0.751015 0.00388752
470 0.831914 0.756561 0.00287184
471 0.831914 0.753027 0.00433137
472 0.831914 0.752283 0.00486755
473 0.831914 0.757374 0.00358531
474 0.831914 0.747531 0.0054059
475 0.831914 0.734846 0.00659082
476 0.831914 0.731648 0.00769684
477 0.831914 0.726031 0.00744635
478 0.831914 0.725004 0.00874492
479 0.832005 0.721758 0.00887244
480 0.832005 0.726061 0.00867821
481 0.832005 0.73785 0.00796746
482 0.832005 0.73334 0.00704009
483 0.832011 0.725608 0.00801535
484 0.832011 0.719252 0.00836014
485 0.832011 0.729082 0.00871625
486 0.832011 0.726617 0.0106086
487 0.832011 0.735431 0.00700112
488 0.832011 0.742713 0.00522942
489 0.832011 0.750727 0.00402635
490 0.832011 0.751388 0.00393497
491 0.832011 0.735845 0.00609434
492 0.832011 0.735289 0.00527584
493 0.832011 0.725548 0.00950461
494 0.832011 0.725866 0.00897855
495 0.832011 0.731767 0.00780796
496 0.832011 0.725669 0.00790158
497 0.832011 0.726068 0.00830545
498 0.832011 0.721562 0.00957311
499 0.832011 0.725733 0.00877684
500 0.832011 0.71467 0.00922022
501 0.832011 0.708227 0.00994819
502 0.832011 0.71812 0.00651958
503 0.832011 0.723051 0.00732736
504 0.832011 0.721266 0.00754018
505 0.832011 0.706805 0.00956479
506 0.832011 0.716009 0.0107695
507 0.832011 0.716955 0.00971454
508 0.832011 0.719464 0.00929765
509 0.832011 0.719909 0.00924263
510 0.832011 0.732366 0.00718045
511 0.832011 0.72934 0.00619755
512 0.832011 0.732976 0.00589264
513 0.832011 0.727 0.00670983
514 0.832011 0.725662 0.00664654
515 0.832011 0.731795 0.00811793
516 0.832011 0.729678 0.00859704
517 0.832011 0.720339 0.01026
518 0.832011 0.718208 0.0102058
519 0.832011 0.727185 0.00727
520 0.832011 0.720695 0.0105543
521 0.832641 0.724175 0.00930496
522 0.832641 0.723981 0.00847464
523 0.832641 0.71786 0.00855289
524 0.832641 0.723817 0.00798353
525 0.832641 0.723047 0.00997559
526 0.832641 0.717212 0.00849584
527 0.832641 0.719612 0.00816622
528 0.832641 0.727386 0.00717236
529 0.832641 0.717486 0.00732135
530 0.832641 0.723193 0.00738314
531 0.832641 0.712768 0.00888899
532 0.832641 0.699335 0.0100301
533 0.832641 0.700268 0.0114314
534 0.832641 0.711828 0.0102565
535 0.832641 0.70943 0.00965672
536 0.832641 0.706552 0.0106592
537 0.832641 0.701118 0.00964544
538 0.832641 0.702965 0.0109843
539 0.832641 0.701438 0.0111401
540 0.832641 0.714178 0.00913196
541 0.832641 0.713885 0.00874738
542 0.832641 0.722767 0.00896702
543 0.832641 0.72214 0.00777031
544 0.832641 0.730575 0.00873436
545 0.832641 0.727553 0.00817892
546 0.832641 0.723783 0.00800477
547 0.832641 0.718012 0.00813785
548 0.832641 0.721196 0.00882872
549 0.832641 0.721212 0.00882495
550 0.832641 0.722267 0.0101176
551 0.832641 0.736333 0.007319
552 0.832641 0.729643 0.00930825
553 0.832641 0.733649 0.00800867
554 0.832641 0.733436 0.00862582
555 0.832641 0.722067 0.00938432
556 0.832641 0.721852 0.00844477
557 0.832888 0.720808 0.00753946
558 0.832888 0.719157 0.00885316
559 0.832888 0.727884 0.0096031
560 0.832888 0.725341 0.00932782
561 0.832888 0.728463 0.00788996
562 0.832888 0.72577 0.00697244
563 0.832888 0.711577 0.00813192
564 0.832888 0.721692 0.00833081
565 0.832888 0.726187 0.00882643
566 0.832888 0.71501 0.00945488
567 0.832888 0.716347 0.00962945
568 0.832888 0.713129 0.00860116
569 0.832888 0.724967 0.00810151
570 0.832888 0.716177 0.00938797
571 0.832888 0.716658 0.00642966
572 0.832888 0.704234 0.00731948
573 0.832888 0.701572 0.00751034
574 0.832888 0.705711 0.00666518
575 0.832888 0.708399 0.00997258
576 0.832888 0.719427 0.00847268
577 0.832888 0.716993 0.00936583
578 0.832888 0.724397 0.00979132
579 0.832888 0.725349 0.00931782
580 0.832888 0.717741 0.0107661
581 0.832888 0.717608 0.0103153
582 0.832888 0.718392 0.0106579
583 0.832888 0.716868 0.0100257
584 0.832888 0.711832 0.0096414
585 0.832888 0.71587 0.0102043
586 0.832888 0.726901 0.0089976
587 0.832888 0.723712 0.00935136
588 0.832888 0.717147 0.00860312
589 0.832888 0.707334 0.012222
590 0.832888 0.716219 0.00977599
591 0.832888 0.711405 0.00997769
592 0.832888 0.720502 0.00843142
593 0.832888 0.720365 0.00930782
594 0.832888 0.714213 0.0100029
595 0.832888 0.717754 0.00839283
596 0.832888 0.719102 0.00773048
597 0.832888 0.730095 0.00710854
598 0.832888 0.743643 0.00518918
599 0.832888 0.742257 0.00470026
600 0.832888 0.721736 0.00805835
601 0.832888 0.731582 0.00611304
602 0.832888 0.726081 0.00678043
603 0.832888 0.706335 0.00964869
604 0.832888 0.710787 0.00949389
605 0.832888 0.712667 0.0109227
606 0.832888 0.708695 0.012134
607 0.832888 0.705948 0.0125044
608 0.832888 0.717575 0.0109221
609 0.832888 0.713001 0.0104274
610 0.832888 0.70925 0.0111728
611 0.832888 0.712328 0.0116989
612 0.832888 0.709134 0.010536
613 0.832888 0.721135 0.00979597
614 0.832888 0.717074 0.0103023
615 0.832888 0.720505 0.00923632
616 0.832888 0.731286 0.00632013
617 0.832888 0.738179 0.00506329
618 0.832888 0.729744 0.00603431
619 0.832888 0.7143 0.00812987
620 0.832888 0.717846 0.00748971
621 0.832888 0.724661 0.00658627
622 0.832888 0.720686 0.00715237
623 0.832888 0.734172 0.00571892
624 0.832888 0.739677 0.00452035
625 0.832888 0.735533 0.00549919
626 0.832888 0.729037 0.0059136
627 0.832888 0.719873 0.00704982
628 0.832888 0.721725 0.00777535
629 0.832888 0.728001 0.00761989
630 0.832888 0.731858 0.0075678
631 0.832888 0.736704 0.00529553
632 0.832888 0.731975 0.00638546
633 0.832888 0.72318 0.00727888
634 0.832888 0.726231 0.0069094
635 0.832888 0.731158 0.00720434
636 0.832888 0.727701 0.00848196
637 0.832888 0.722538 0.00947352
638 0.832888 0.742037 0.00535669
639 0.832888 0.721269 0.00799077
640 0.832888 0.709347 0.0101698
641 0.832888 0.715462 0.00927339
642 0.832888 0.722738 0.00731959
643 0.832888 0.731708 0.00594874
644 0.832888 0.718688 0.00720409
645 0.832888 0.728288 0.00575509
646 0.832888 0.727259 0.00563256
647 0.832888 0.731857 0.00593915
648 0.832888 0.738519 0.00625227
649 0.832888 0.735053 0.00696037
650 0.832888 0.72612 0.00826321
651 0.832888 0.729102 0.0073854
652 0.832888 0.740518 0.00541836
653 0.832888 0.741685 0.00628137
654 0.832888 0.734016 0.00696087
655 0.832888 0.740492 0.00625895
656 0.832888 0.726383 0.00915835
657 0.832888 0.730264 0.00854382
658 0.832888 0.736648 0.00782886
659 0.832888 0.740963 0.00603205
660 0.832888 0.737421 0.00643778
661 0.832888 0.742552 0.00531794
662 0.832888 0.730047 0.00751982
663 0.832888 0.732976 0.00697139
664 0.832888 0.732543 0.00615939
665 0.832888 0.729723 0.00785045
666 0.832888 0.730035 0.00713079
667 0.832888 0.72077 0.00875602
668 0.832888 0.70985 0.00885231
669 0.832888 0.72466 0.0081333
670 0.832888 0.724153 0.00759247
671 0.832888 0.725748 0.00714254
672 0.832888 0.728978 0.00561192
673 0.832888 0.72783 0.00545307
674 0.832888 0.720609 0.00827274
675 0.832888 0.728328 0.00729403
676 0.832888 0.742894 0.00414438
677 0.832888 0.741208 0.00626137
678 0.832888 0.747177 0.00493834
679 0.832888 0.736466 0.00631847
680 0.832888 0.73099 0.00587534
681 0.832888 0.733891 0.00666386
682 0.832888 0.734537 0.00652796
683 0.832888 0.724658 0.00843995
684 0.832888 0.724859 0.00787611
685 0.832888 0.719067 0.00915971
686 0.832888 0.714574 0.0102977
687 0.832994 0.719395 0.0105785
688 0.832994 0.731917 0.00917503
689 0.832994 0.744541 0.00704667
690 0.832994 0.728769 0.00973197
691 0.832994 0.718993 0.0111809
692 0.832994 0.724483 0.0110431
693 0.832994 0.735231 0.00905588
694 0.832994 0.737945 0.00720586
695 0.832994 0.72791 0.00937544
696 0.832994 0.725073 0.0101279
697 0.832994 0.73289 0.0082675
698 0.832994 0.73573 0.00866796
699 0.832994 0.729302 0.01066
700 0.832994 0.73448 0.0102095
701 0.832994 0.719886 0.00894978
702 0.832994 0.716079 0.0102094
703 0.832994 0.720794 0.0114977
704 0.832994 0.720867 0.0103684
705 0.832994 0.725864 0.00953819
706 0.832994 0.713248 0.0100497
707 0.832994 0.715197 0.00872122
708 0.832994 0.717795 0.00795665
709 0.832994 0.729569 0.00658849
710 0.832994 0.737657 0.00481983
711 0.832994 0.730992 0.0058421
712 0.832994 0.72611 0.007798
713 0.832994 0.725256 0.00806679
714 0.832994 0.725015 0.00961554
715 0.832994 0.713924 0.00951069
716 0.832994 0.719379 0.00900789
717 0.832994 0.718099 0.0122003
718 0.832994 0.72719 0.00874802
719 0.832994 0.727152 0.00708567
720 0.832994 0.730817 0.0070916
721 0.832994 0.727164 0.00714487
722 0.832994 0.728592 0.00667983
723 0.832994 0.726143 0.00804829
724 0.832994 0.72556 0.00758839
725 0.832994 0.731723 0.00706867
726 0.832994 0.73631 0.00573828
727 0.832994 0.732138 0.00782511
728 0.832994 0.733376 0.00765902
729 0.832994 0.728832 0.00816965
730 0.832994 0.738443 0.00744675
731 0.832994 0.727928 0.00738293
732 0.832994 0.727523 0.00683121
733 0.832994 0.713808 0.0092474
734 0.832994 0.694538 0.0128659
735 0.832994 0.689714 0.0147555
736 0.832994 0.69333 0.0141698
737 0.832994 0.703995 0.0122978
738 0.832994 0.692595 0.0148824
739 0.832994 0.692345 0.0152071
740 0.832994 0.696293 0.0124641
741 0.832994 0.71549 0.0110903
742 0.832994 0.725817 0.0085277
743 0.832994 0.727928 0.00909791
744 0.832994 0.74318 0.00580104
745 0.832994 0.744366 0.00520548
746 0.832994 0.73883 0.00468794
747 0.832994 0.734644 0.00650205
748 0.832994 0.724059 0.00767022
749 0.832994 0.723498 0.00808549
750 0.832994 0.715992 0.0097117
751 0.832994 0.715393 0.00961681
752 0.832994 0.724371 0.00870873
753 0.832994 0.733041 0.00620382
754 0.832994 0.739535 0.00543246
755 0.832994 0.727573 0.00734804
756 0.832994 0.727206 0.00743325
757 0.832994 0.729464 0.00883138
758 0.832994 0.730076 0.00837286
759 0.832994 0.731278 0.00678954
760 0.832994 0.747966 0.00426514
761 0.832994 0.744284 0.00435926
762 0.832994 0.748217 0.00552464
763 0.832994 0.747972 0.0050599
764 0.832994 0.741804 0.00539669
765 0.832994 0.741053 0.00642773
766 0.832994 0.750547 0.00583705
767 0.832994 0.739753 0.00810648
768 0.832994 0.733814 0.00788806
769 0.832994 0.719657 0.00996338
770 0.832994 0.720355 0.00793979
771 0.832994 0.737771 0.0066455
772 0.832994 0.734733 0.00761328
773 0.832994 0.72766 0.00954656
774 0.832994 0.724198 0.0102377
775 0.832994 0.731568 0.00720671
776 0.832994 0.718869 0.00816482
777 0.832994 0.721412 0.00792825
778 0.832994 0.715446 0.00899495
779 0.832994 0.707254 0.0131737
780 0.832994 0.715058 0.0106132
781 0.832994 0.719036 0.011381
782 0.832994 0.701569 0.0122543
783 0.832994 0.702816 0.0128921
784 0.832994 0.713154 0.0114866
785 0.832994 0.716838 0.0084598
786 0.832994 0.72919 0.00659644
787 0.832994 0.729345 0.00704433
788 0.832994 0.729274 0.00747477
789 0.832994 0.723447 0.00832634
790 0.832994 0.718225 0.00754207
791 0.832994 0.72312 0.00728606
792 0.832994 0.733425 0.00578169
793 0.832994 0.735546 0.00636617
794 0.832994 0.735807 0.00702691
795 0.832994 0.738643 0.00571163
796 0.832994 0.73967 0.0065826
797 0.832994 0.744193 0.00522226
798 0.832994 0.737501 0.00722612
799 0.832994 0.731357 0.00901792
800 0.832994 0.733181 0.0081155
801 0.832994 0.741518 0.00704552
802 0.832994 0.741573 0.00645342
803 0.832994 0.728159 0.00848561
804 0.832994 0.736017 0.00721626
805 0.832994 0.734784 0.00721728
806 0.832994 0.734091 0.00542656
807 0.832994 0.729001 0.00636106
808 0.832994 0.73551 0.0064554
809 0.832994 0.729721 0.00632209
810 0.832994 0.723555 0.00785359
811 0.832994 0.72648 0.00702222
812 0.832994 0.742605 0.00493006
813 0.832994 0.73364 0.00600712
814 0.832994 0.734753 0.00656202
815 0.832994 0.739866 0.00436126
816 0.832994 0.737722 0.00551327
817 0.832994 0.739358 0.00686839
818 0.832994 0.736074 0.00618502
819 0.832994 0.737264 0.00619557
820 0.832994 0.732068 0.00716789
821 0.832994 0.729385 0.00647307
822 0.832994 0.727931 0.00621198
823 0.832994 0.729844 0.00682956
824 0.832994 0.728461 0.00626465
825 0.832994 0.725829 0.00580354
826 0.832994 0.727466 0.0068529
827 0.832994 0.723181 0.0081558
828 0.832994 0.729979 0.00702968
829 0.832994 0.718841 0.00823139
830 0.832994 0.724466 0.00893095
831 0.832994 0.716246 0.00782488
832 0.832994 0.718667 0.00838501
833 0.832994 0.724146 0.00819387
834 0.832994 0.724254 0.00832921
835 0.832994 0.73062 0.00872122
836 0.832994 0.737919 0.00720147
837 0.832994 0.733566 0.00759449
838 0.832994 0.74469 0.00609067
839 0.832994 0.742167 0.00604576
840 0.832994 0.751292 0.00345447
841 0.832994 0.748853 0.00533428
842 0.832994 0.745637 0.00449367
843 0.832994 0.731168 0.00728307
844 0.832994 0.730135 0.00755371
845 0.832994 0.730833 0.0064929
846 0.832994 0.730403 0.00778061
847 0.832994 0.740825 0.00587798
848 0.832994 0.739677 0.00666817
849 0.832994 0.727805 0.00718097
850 0.832994 0.709849 0.0118908
851 0.832994 0.707589 0.0113209
852 0.832994 0.704336 0.0121183
853 0.832994 0.697258 0.0129795
854 0.832994 0.702951 0.0124699
855 0.832994 0.714014 0.00959822
856 0.832994 0.720324 0.0102039
857 0.832994 0.728361 0.00648944
858 0.832994 0.722935 0.00981365
859 0.832994 0.724156 0.00974408
860 0.832994 0.727766 0.00885806
861 0.832994 0.726607 0.00851377
862 0.832994 0.718686 0.00910768
863 0.832994 0.725806 0.00732204
864 0.832994 0.728989 0.00638141
865 0.832994 0.720159 0.00740949
866 0.832994 0.721711 0.00822052
867 0.832994 0.730316 0.00642612
868 0.832994 0.731804 0.00514683
869 0.832994 0.734292 0.00704823
870 0.832994 0.726156 0.00721328
871 0.832994 0.72923 0.0072705
872 0.832994 0.730235 0.00680826
873 0.832994 0.732026 0.00674091
874 0.833037 0.748547 0.00499192
875 0.833037 0.742972 0.00524722
876 0.833037 0.732786 0.00649277
877 0.833037 0.728481 0.00708669
878 0.833037 0.730719 0.00824106
879 0.833037 0.722269 0.0092834
880 0.833037 0.721326 0.00728744
881 0.833037 0.730868 0.00717439
882 0.833037 0.72741 0.00682659
883 0.833037 0.71665 0.010407
884 0.833037 0.71768 0.0108235
885 0.833037 0.725672 0.0074647
886 0.833037 0.716551 0.00940026
887 0.833037 0.730193 0.00650153
888 0.833037 0.732356 0.00531068
889 0.833037 0.7333 0.00620385
890 0.833037 0.741859 0.00669993
891 0.833037 0.734187 0.00662876
892 0.833037 0.724902 0.00926102
893 0.833037 0.732235 0.00762731
894 0.833037 0.736749 0.00747975
895 0.833037 0.737154 0.00722241
896 0.833037 0.732302 0.00892155
897 0.833037 0.727737 0.00925658
898 0.833037 0.740559 0.00602852
899 0.833037 0.736049 0.00689248
900 0.833037 0.732051 0.00771039
901 0.833037 0.742663 0.00596123
902 0.833037 0.733849 0.00759054
903 0.833037 0.738327 0.00675954
904 0.833037 0.725892 0.0085054
905 0.833037 0.728159 0.00789773
906 0.833037 0.72766 0.00626848
907 0.833037 0.729819 0.00730993
908 0.833037 0.732175 0.00666227
909 0.833037 0.731606 0.00740491
910 0.833037 0.735626 0.00558506
911 0.833037 0.743722 0.00451296
912 0.833037 0.743756 0.00532022
913 0.833037 0.745229 0.00452798
914 0.83304 0.737081 0.00644063
915 0.83304 0.730297 0.00585916
916 0.833089 0.735659 0.0043922
917 0.833089 0.723747 0.00679578
918 0.833089 0.72939 0.00675635
919 0.833089 0.727144 0.00853522
920 0.833089 0.725507 0.00899692
921 0.833089 0.72351 0.00961765
922 0.833089 0.728522 0.0097177
923 0.833089 0.743087 0.00642426
924 0.833089 0.75321 0.00528539
925 0.833089 0.75851 0.00327298
926 0.833089 0.746557 0.00470038
927 0.833089 0.758694 0.00261741
928 0.833089 0.749765 0.0042053
929 0.833089 0.738681 0.00502023
930 0.833089 0.73593 0.00697821
931 0.833089 0.737753 0.0064184
932 0.833089 0.749009 0.00501339
933 0.833089 0.742753 0.00548463
934 0.833089 0.739171 0.00648359
935 0.833089 0.738348 0.00747129
936 0.833089 0.737113 0.00786679
937 0.833089 0.746593 0.00738555
938 0.833089 0.755935 0.00457949
939 0.833089 0.746175 0.00537538
940 0.833089 0.733214 0.00629107
941 0.833089 0.731052 0.00676418
942 0.833089 0.71951 0.0089008
943 0.833089 0.722486 0.00960445
944 0.833089 0.720708 0.00878592
945 0.833089 0.727795 0.0087281
946 0.833089 0.713594 0.00984799
947 0.833089 0.733695 0.00766971
948 0.833089 0.726891 0.00804641
949 0.833089 0.739415 0.00585955
950 0.833089 0.730807 0.00701485
951 0.833089 0.730496 0.00828531
952 0.833089 0.721227 0.00713229
953 0.833089 0.726795 0.00792749
954 0.833089 0.719549 0.00813465
955 0.833089 0.71833 0.00869398
956 0.833089 0.72897 0.00707049
957 0.833089 0.727805 0.00679519
958 0.833089 0.730011 0.00523033
959 0.833089 0.732999 0.00579164
960 0.833089 0.724826 0.00800404
961 0.833103 0.719183 0.00940297
962 0.833103 0.72631 0.00823696
963 0.833103 0.727214 0.00652621
964 0.833103 0.729162 0.00682665
965 0.833103 0.732531 0.00704997
966 0.833103 0.713992 0.0105887
967 0.833103 0.717377 0.00954108
968 0.833103 0.723046 0.00890413
969 0.833103 0.710044 0.0107903
970 0.833154 0.723435 0.0104878
971 0.833154 0.707234 0.0134707
972 0.833154 0.704983 0.0145188
973 0.833154 0.70277 0.0158182
974 0.833154 0.711341 0.014512
975 0.833154 0.723959 0.0101057
976 0.833154 0.722996 0.00962931
977 0.833154 0.722082 0.00818465
978 0.833154 0.725002 0.00930623
979 0.833154 0.718327 0.0107094
980 0.833154 0.714908 0.0108246
981 0.833154 0.711003 0.0111808
982 0.833154 0.716804 0.0100679
983 0.833154 0.711302 0.00918118
984 0.833154 0.715177 0.00862222
985 0.833154 0.723655 0.00998896
986 0.833154 0.712816 0.0110654
987 0.833154 0.723827 0.00772112
988 0.833154 0.72348 0.00646166
989 0.833154 0.728135 0.00689737
990 0.833154 0.732291 0.00654094
991 0.833154 0.736338 0.00620217
992 0.833154 0.727419 0.00678096
993 0.833154 0.717138 0.00964917
994 0.833154 0.706928 0.0111437
995 0.833154 0.702307 0.0132868
996 0.833154 0.703213 0.0134851
997 0.833154 0.705333 0.0125117
998 0.833154 0.697441 0.011492
999 0.833154 0.712957 0.00876776
1000 0.833154 0.711906 0.00957624
