0 0.296855 0.251107 5.63331e-05
1 0.296855 0.251625 6.1786e-05
2 0.296855 0.252336 8.02366e-05
3 0.296855 0.253374 0.000144383
4 0.354281 0.257421 0.000346373
5 0.354281 0.25721 0.000668102
6 0.354281 0.258903 0.000669281
7 0.354281 0.261998 0.000761477
8 0.445566 0.26371 0.00126787
9 0.445566 0.269507 0.00176755
10 0.445566 0.274449 0.00257556
11 0.445566 0.285064 0.00330798
12 0.449892 0.288027 0.00412255
13 0.449892 0.289499 0.00484661
14 0.449892 0.286795 0.00504046
15 0.449892 0.293964 0.00565447
16 0.461984 0.303845 0.00651209
17 0.490106 0.304899 0.00677751
18 0.508501 0.306189 0.00680279
19 0.508501 0.306826 0.00760842
20 0.513902 0.310497 0.00823679
21 0.513902 0.307511 0.00919058
22 0.513902 0.30822 0.00835875
23 0.518345 0.299744 0.00827386
24 0.54184 0.308145 0.0101038
25 0.54184 0.325089 0.0111059
26 0.541853 0.314965 0.0102237
27 0.541853 0.322961 0.0102295
28 0.541853 0.33337 0.0115636
29 0.541853 0.349489 0.0122716
30 0.541853 0.365474 0.0122223
31 0.558356 0.376328 0.0131183
32 0.558356 0.38751 0.0120834
33 0.59357 0.380265 0.0139168
34 0.607445 0.37229 0.0146766
35 0.609263 0.377652 0.0139251
36 0.609263 0.376474 0.0143578
37 0.609263 0.382424 0.0148258
38 0.641779 0.386977 0.0144284
39 0.641779 0.405964 0.0144451
40 0.641779 0.404507 0.0148132
41 0.641779 0.430204 0.0143541
42 0.641779 0.437182 0.014143
43 0.641779 0.433328 0.0140635
44 0.678444 0.421238 0.0169226
45 0.678444 0.419043 0.016067
46 0.678444 0.422423 0.0183012
47 0.678444 0.440989 0.0224865
48 0.678444 0.455395 0.0182965
49 0.678444 0.46626 0.0197889
50 0.68355 0.46279 0.0236132
51 0.68355 0.453942 0.019834
52 0.70285 0.463499 0.0187955
53 0.70285 0.48075 0.0189426
54 0.70285 0.471389 0.0215417
55 0.70285 0.500941 0.0191652
56 0.70285 0.474364 0.0226091
57 0.70285 0.472143 0.0241537
58 0.70285 0.462414 0.0248875
59 0.70285 0.469335 0.0233148
60 0.709072 0.469568 0.0253481
61 0.709072 0.465699 0.0256007
62 0.709072 0.49167 0.0232967
63 0.709072 0.495116 0.0211852
64 0.717111 0.479575 0.0228962
65 0.717111 0.453254 0.0239433
66 0.717111 0.47927 0.0218679
67 0.717111 0.482265 0.0209897
68 0.717111 0.469661 0.0212986
69 0.717111 0.464914 0.022832
70 0.717111 0.491921 0.0219683
71 0.717111 0.477931 0.0240652
72 0.717111 0.47826 0.0253201
73 0.717111 0.467039 0.0253468
74 0.729326 0.457556 0.0252634
75 0.729326 0.448801 0.0291664
76 0.729326 0.466851 0.0287164
77 0.729326 0.482577 0.0241273
78 0.730333 0.460885 0.0266134
79 0.730333 0.455765 0.0269665
80 0.735002 0.47177 0.0289696
81 0.735002 0.46009 0.0273373
82 0.735002 0.486897 0.0243755
83 0.735002 0.487242 0.0238309
84 0.737223 0.459272 0.0246786
85 0.737223 0.456632 0.0235948
86 0.737223 0.461272 0.0235989
87 0.737223 0.465553 0.0278462
88 0.762497 0.463033 0.0278157
89 0.762497 0.462933 0.0260956
90 0.763105 0.499361 0.0271216
91 0.763105 0.476473 0.0300579
92 0.763105 0.490405 0.0245606
93 0.763105 0.477666 0.030389
94 0.763105 0.503722 0.0276985
95 0.763105 0.474455 0.0283649
96 0.763105 0.464778 0.0296165
97 0.763105 0.471821 0.0291619
98 0.763105 0.478931 0.029268
99 0.763105 0.487422 0.0323831
100 0.772529 0.466241 0.0315463
101 0.772529 0.480097 0.0323331
102 0.772529 0.490479 0.0273029
103 0.772529 0.494951 0.0283382
104 0.772529 0.488845 0.0293288
105 0.772529 0.501702 0.0260522
106 0.772529 0.495557 0.0274586
107 0.772529 0.50614 0.0239451
108 0.772529 0.519332 0.0267732
109 0.783778 0.523017 0.0281781
110 0.783778 0.515527 0.0313449
111 0.783778 0.516026 0.0316027
112 0.783778 0.499617 0.0269846
113 0.783778 0.508385 0.0264582
114 0.783778 0.504662 0.0295484
115 0.783778 0.496464 0.0307454
116 0.783778 0.486028 0.0309121
117 0.783778 0.496032 0.0293222
118 0.783778 0.475179 0.0306469
119 0.783778 0.48335 0.0327607
120 0.783778 0.49389 0.0301966
121 0.783778 0.515515 0.0295379
122 0.783778 0.500549 0.0313364
123 0.783778 0.499112 0.0289946
124 0.783778 0.485085 0.0346064
125 0.783778 0.486779 0.0346314
126 0.783778 0.488964 0.0293933
127 0.783778 0.484982 0.0277097
128 0.783778 0.473324 0.031609
129 0.783778 0.480365 0.0320448
130 0.783778 0.461149 0.0306215
131 0.783778 0.46871 0.0288501
132 0.783778 0.460164 0.0282964
133 0.783778 0.474359 0.0321237
134 0.783778 0.475061 0.031338
135 0.783778 0.47113 0.0306606
136 0.783778 0.481454 0.0311566
137 0.783778 0.475432 0.0324592
138 0.783778 0.47509 0.0286434
139 0.783778 0.460054 0.0314952
140 0.784939 0.483985 0.0281845
141 0.784939 0.468526 0.0331477
142 0.787416 0.45424 0.0333934
143 0.787416 0.429318 0.0341466
144 0.787416 0.440163 0.0296816
145 0.787416 0.461593 0.0328342
146 0.787416 0.492275 0.0325489
147 0.787416 0.47865 0.0337218
148 0.787416 0.477957 0.0328839
149 0.796124 0.489782 0.0321258
150 0.796124 0.486309 0.0375654
151 0.796124 0.441559 0.0357917
152 0.796124 0.455237 0.0340257
153 0.796124 0.449086 0.0388874
154 0.796124 0.46157 0.0371786
155 0.796124 0.470079 0.0331879
156 0.796734 0.465399 0.0356512
157 0.796734 0.463198 0.031804
158 0.796734 0.476021 0.0360776
159 0.796734 0.470916 0.0341279
160 0.796734 0.489894 0.0357316
161 0.796734 0.490075 0.0328102
162 0.796734 0.494463 0.0299377
163 0.796734 0.461256 0.0345466
164 0.796734 0.456821 0.0414358
165 0.796734 0.4349 0.0375392
166 0.796734 0.439727 0.0360606
167 0.796734 0.441417 0.0396586
168 0.796734 0.470563 0.0386894
169 0.796734 0.461797 0.0393779
170 0.796734 0.450442 0.0356861
171 0.796734 0.468179 0.0383579
172 0.796734 0.440061 0.0376778
173 0.796734 0.456111 0.0391271
174 0.796734 0.455168 0.0386932
175 0.796734 0.450427 0.0398012
176 0.796734 0.444052 0.0369797
177 0.796734 0.452341 0.0405724
178 0.796734 0.455438 0.0373256
179 0.796734 0.454035 0.0352372
180 0.796734 0.441779 0.0372123
181 0.796734 0.483139 0.0380555
182 0.796734 0.473883 0.0410772
183 0.805875 0.466882 0.0380512
184 0.805875 0.468614 0.0347466
185 0.805875 0.475673 0.0362236
186 0.805875 0.47096 0.0383455
187 0.805875 0.465377 0.0441699
188 0.805875 0.471225 0.0486603
189 0.805875 0.452235 0.0422901
190 0.805875 0.456522 0.0392531
191 0.805875 0.458671 0.0414777
192 0.805875 0.475148 0.044992
193 0.805875 0.457589 0.0430379
194 0.805875 0.443999 0.0396574
195 0.805875 0.44494 0.0369001
196 0.805875 0.445486 0.0353233
197 0.805875 0.452334 0.0380123
198 0.805875 0.457187 0.0393652
199 0.805875 0.470541 0.0344962
200 0.805875 0.4708 0.0347704
201 0.805875 0.469879 0.0350583
202 0.805875 0.470109 0.0355175
203 0.805875 0.480284 0.0352794
204 0.805875 0.486836 0.0350698
205 0.805875 0.48067 0.0342532
206 0.805875 0.503076 0.036039
207 0.805875 0.472691 0.0401255
208 0.805875 0.4742 0.0393268
209 0.805875 0.473347 0.0379425
210 0.805875 0.481877 0.0336335
211 0.805875 0.486435 0.0329847
212 0.805875 0.477824 0.0395354
213 0.805875 0.490883 0.0357482
214 0.805875 0.481726 0.0446763
215 0.806387 0.457171 0.0377662
216 0.806387 0.443122 0.0405291
217 0.806387 0.443465 0.0421222
218 0.806387 0.448868 0.0397196
219 0.806387 0.466423 0.037974
220 0.806387 0.4841 0.0399178
221 0.806387 0.466284 0.0397749
222 0.806387 0.465364 0.0453928
223 0.806387 0.476308 0.0384733
224 0.806387 0.465513 0.0405886
225 0.806387 0.471249 0.0364208
226 0.806387 0.463072 0.0423185
227 0.806387 0.45997 0.0410623
228 0.808324 0.475431 0.0383248
229 0.808324 0.44908 0.0410409
230 0.808324 0.464358 0.0423362
231 0.808324 0.479409 0.0393138
232 0.808324 0.453258 0.0421793
233 0.808324 0.447859 0.0406933
234 0.808324 0.482172 0.0361854
235 0.808324 0.477155 0.0491129
236 0.808324 0.452207 0.0410307
237 0.808324 0.456291 0.0375566
238 0.808324 0.438153 0.0376821
239 0.808324 0.452352 0.038322
240 0.808324 0.442568 0.0425131
241 0.808324 0.457449 0.0376949
242 0.808324 0.4453 0.040544
243 0.808324 0.450969 0.0384683
244 0.808324 0.485404 0.0352839
245 0.808324 0.465984 0.0396496
246 0.808324 0.433663 0.0366684
247 0.808324 0.460745 0.0371608
248 0.808324 0.471794 0.038381
249 0.808324 0.472308 0.0357538
250 0.808324 0.462119 0.0323676
251 0.808324 0.46708 0.0382926
252 0.808324 0.490925 0.0406729
253 0.808324 0.488387 0.0370339
254 0.808324 0.460908 0.0381746
255 0.808324 0.465158 0.0353773
256 0.808324 0.470269 0.0346644
257 0.808324 0.456834 0.036132
258 0.808324 0.471402 0.0342835
259 0.808324 0.43869 0.035834
260 0.808324 0.442143 0.0367313
261 0.808324 0.448128 0.0367409
262 0.808324 0.440118 0.0346154
263 0.808324 0.43386 0.0438228
264 0.808324 0.448753 0.0456387
265 0.808324 0.458457 0.0469157
266 0.808324 0.458806 0.039332
267 0.808324 0.485703 0.041733
268 0.808324 0.459612 0.0458099
269 0.808324 0.456213 0.0460416
270 0.808324 0.458597 0.0455836
271 0.808324 0.465751 0.0397786
272 0.808324 0.439628 0.0419824
273 0.808324 0.446389 0.0424116
274 0.808324 0.439368 0.0451003
275 0.808324 0.445442 0.0442336
276 0.808324 0.443037 0.0461982
277 0.808324 0.461156 0.036252
278 0.808324 0.461349 0.0381105
279 0.808324 0.44973 0.0399553
280 0.808324 0.449334 0.0365383
281 0.808324 0.439033 0.0378306
282 0.808324 0.462315 0.0374446
283 0.808324 0.465897 0.0399012
284 0.808324 0.459581 0.0355516
285 0.808324 0.477505 0.0361997
286 0.808324 0.460954 0.0331318
287 0.808324 0.459161 0.036339
288 0.808324 0.433894 0.0471887
289 0.808324 0.452904 0.0441634
290 0.808324 0.468142 0.037793
291 0.808324 0.478542 0.0398361
292 0.808324 0.473903 0.0344086
293 0.808324 0.463579 0.0368473
294 0.808324 0.488772 0.0361429
295 0.808324 0.441286 0.0363749
296 0.808324 0.450935 0.0364435
297 0.808324 0.444288 0.0390926
298 0.808324 0.445436 0.0396678
299 0.808324 0.472852 0.0385806
300 0.808324 0.437812 0.0363888
301 0.808324 0.445056 0.0396386
302 0.808324 0.450343 0.0379567
303 0.808324 0.43696 0.039812
304 0.808324 0.413158 0.0431553
305 0.808324 0.437966 0.037601
306 0.808324 0.436966 0.0383521
307 0.808324 0.438977 0.0384211
308 0.808324 0.468178 0.0364797
309 0.808324 0.457204 0.033633
310 0.808324 0.470058 0.0384182
311 0.808324 0.463481 0.0423662
312 0.808324 0.501833 0.0403378
313 0.808324 0.472324 0.043861
314 0.808324 0.474045 0.0405525
315 0.808324 0.457482 0.0403586
316 0.809461 0.457861 0.040908
317 0.809461 0.463368 0.0359767
318 0.809461 0.478642 0.0412505
319 0.809461 0.465315 0.0415233
320 0.809461 0.426225 0.0432633
321 0.809461 0.466052 0.0415647
322 0.809461 0.454711 0.039763
323 0.809461 0.468817 0.0398786
324 0.809461 0.492967 0.0293217
325 0.809461 0.455119 0.0376869
326 0.809461 0.460672 0.0425133
327 0.809461 0.454171 0.0397377
328 0.809461 0.468402 0.0390497
329 0.809461 0.454539 0.0417332
330 0.809461 0.46842 0.0364547
331 0.809461 0.485142 0.0383255
332 0.809461 0.494415 0.0370707
333 0.809461 0.509332 0.0410208
334 0.809461 0.511329 0.0309125
335 0.809461 0.51394 0.0355727
336 0.809461 0.501724 0.0388288
337 0.809461 0.487021 0.0418692
338 0.809461 0.499761 0.039584
339 0.809461 0.461507 0.0393028
340 0.809461 0.46626 0.0325224
341 0.809461 0.433648 0.0357637
342 0.809461 0.424388 0.0359664
343 0.813369 0.452936 0.0372146
344 0.813369 0.455013 0.0416493
345 0.813369 0.442847 0.0376043
346 0.813369 0.449023 0.0367363
347 0.813369 0.448016 0.0374719
348 0.813369 0.464793 0.0361871
349 0.813369 0.488914 0.0388109
350 0.813369 0.48375 0.0402717
351 0.813369 0.504567 0.0360934
352 0.813369 0.49496 0.0389924
353 0.813369 0.476993 0.0396556
354 0.813369 0.46108 0.039269
355 0.813369 0.47394 0.0321964
356 0.813369 0.464545 0.0357551
357 0.813369 0.448154 0.0358262
358 0.813369 0.460395 0.0391681
359 0.813369 0.455163 0.0383298
360 0.813369 0.481386 0.0379123
361 0.813369 0.479305 0.0373863
362 0.813369 0.504384 0.0393306
363 0.813369 0.475293 0.0389047
364 0.813369 0.453437 0.0424111
365 0.813369 0.453535 0.0404724
366 0.813369 0.446403 0.0446238
367 0.813369 0.458282 0.040499
368 0.813369 0.422414 0.0442716
369 0.813369 0.423334 0.0426184
370 0.813369 0.438444 0.0418101
371 0.813369 0.422248 0.0439021
372 0.813369 0.432139 0.0381332
373 0.813369 0.430231 0.0434184
374 0.813369 0.453716 0.0330527
375 0.813369 0.452202 0.0356623
376 0.813369 0.440328 0.0471027
377 0.813369 0.437964 0.036497
378 0.813369 0.440397 0.0391858
379 0.813369 0.439639 0.0374887
380 0.813369 0.462071 0.0379576
381 0.813369 0.444841 0.0381274
382 0.813369 0.44682 0.0394919
383 0.813369 0.443247 0.038182
384 0.813369 0.466564 0.0364275
385 0.813369 0.445182 0.0342763
386 0.813369 0.437668 0.0388444
387 0.813369 0.420674 0.0390181
388 0.813369 0.463656 0.0374881
389 0.813369 0.480822 0.0376023
390 0.813369 0.482326 0.0345897
391 0.813369 0.464813 0.039247
392 0.813369 0.460597 0.0351018
393 0.813369 0.437356 0.0347693
394 0.813369 0.443688 0.036358
395 0.813369 0.48508 0.0343716
396 0.813369 0.473842 0.0401321
397 0.813369 0.474482 0.0423896
398 0.813369 0.474637 0.0412364
399 0.813369 0.458486 0.0393671
400 0.813369 0.462723 0.0422739
401 0.813369 0.458482 0.0466529
402 0.813369 0.446121 0.044795
403 0.813369 0.47141 0.038017
404 0.813369 0.462364 0.0359493
405 0.813369 0.474201 0.0380565
406 0.813369 0.438624 0.0412179
407 0.813369 0.446068 0.0458572
408 0.813369 0.4467 0.0388712
409 0.813369 0.457834 0.0396086
410 0.813369 0.480996 0.03279
411 0.813369 0.444676 0.0344228
412 0.813369 0.446085 0.0417667
413 0.813369 0.430598 0.0424037
414 0.813436 0.442275 0.0444306
415 0.813436 0.484444 0.0406585
416 0.813436 0.475394 0.0353586
417 0.813436 0.470124 0.0419318
418 0.813436 0.488138 0.0366934
419 0.813436 0.488317 0.0361152
420 0.813436 0.495266 0.0341963
421 0.813436 0.479469 0.0349442
422 0.813436 0.5002 0.0337818
423 0.813436 0.490933 0.0276556
424 0.813436 0.456464 0.0351084
425 0.813436 0.459859 0.034886
426 0.813436 0.454507 0.0435562
427 0.813436 0.4741 0.0382956
428 0.813436 0.455014 0.0395321
429 0.813436 0.453851 0.0372967
430 0.813436 0.472201 0.037624
431 0.813436 0.456245 0.0392284
432 0.813436 0.458897 0.0396381
433 0.813436 0.480559 0.0356618
434 0.813436 0.443313 0.0433231
435 0.813436 0.450183 0.0406102
436 0.813436 0.459053 0.037353
437 0.813436 0.443182 0.0393857
438 0.813436 0.435924 0.0410353
439 0.813436 0.454105 0.0443989
440 0.813436 0.473855 0.0387478
441 0.813436 0.482959 0.0349869
442 0.813436 0.475203 0.0316072
443 0.813436 0.451619 0.035515
444 0.813436 0.441798 0.0366523
445 0.813436 0.469874 0.0329538
446 0.813436 0.468092 0.0316519
447 0.813436 0.49305 0.0381912
448 0.813436 0.468008 0.0350623
449 0.813436 0.496256 0.0318638
450 0.813436 0.46928 0.0334118
451 0.813436 0.455052 0.0405178
452 0.813436 0.467894 0.0416804
453 0.813436 0.44115 0.0349909
454 0.813579 0.462681 0.0382016
455 0.813579 0.440352 0.042065
456 0.813579 0.458932 0.0415812
457 0.813579 0.463525 0.0372117
458 0.813579 0.465314 0.0377852
459 0.813579 0.445377 0.0380196
460 0.813579 0.4431 0.037236
461 0.813579 0.45326 0.0438957
462 0.813579 0.453668 0.0444025
463 0.813579 0.448695 0.0416482
464 0.813579 0.429192 0.039771
465 0.813579 0.438436 0.0379787
466 0.813579 0.456593 0.0372481
467 0.813579 0.446205 0.0353254
468 0.813579 0.449137 0.0415299
469 0.813579 0.429467 0.0423325
470 0.813579 0.460713 0.0381199
471 0.813579 0.456141 0.0372268
472 0.813579 0.421099 0.0443395
473 0.813579 0.445516 0.0423509
474 0.813579 0.443071 0.0433783
475 0.813579 0.478108 0.0386234
476 0.813579 0.456716 0.0467151
477 0.813579 0.426442 0.041614
478 0.813579 0.45757 0.038871
479 0.813579 0.450133 0.0406114
480 0.813579 0.452943 0.0395318
481 0.813579 0.455832 0.041874
482 0.813579 0.45455 0.0363296
483 0.813579 0.480779 0.0414675
484 0.813579 0.474612 0.0409664
485 0.813579 0.445139 0.0418843
486 0.813579 0.45639 0.0438271
487 0.813579 0.454563 0.0445057
488 0.813579 0.438475 0.0492005
489 0.813579 0.466974 0.0383413
490 0.813579 0.468342 0.0350428
491 0.813579 0.470132 0.0368164
492 0.813579 0.46698 0.0350828
493 0.813579 0.52532 0.0298734
494 0.813579 0.4856 0.0291119
495 0.813579 0.495087 0.0350804
496 0.813579 0.491171 0.0343457
497 0.813579 0.474435 0.0328382
498 0.813579 0.492444 0.0381654
499 0.813579 0.502747 0.0419904
500 0.813579 0.494445 0.038727
501 0.813579 0.461458 0.03882
502 0.813579 0.458422 0.0404682
503 0.813579 0.484568 0.0370638
504 0.813579 0.49412 0.0327179
505 0.813579 0.485415 0.0339248
506 0.813579 0.511679 0.0304754
507 0.813579 0.496315 0.0358477
508 0.814112 0.500203 0.0386273
509 0.814112 0.498232 0.0377359
510 0.814112 0.498641 0.0330663
511 0.814112 0.477797 0.0362523
512 0.814112 0.443898 0.0383625
513 0.814112 0.47955 0.0320124
514 0.814112 0.494766 0.0411128
515 0.814112 0.479514 0.0377741
516 0.814112 0.467147 0.0406573
517 0.814112 0.48268 0.0351041
518 0.814112 0.463115 0.0346891
519 0.814112 0.439946 0.0370863
520 0.814112 0.440904 0.0397453
521 0.814112 0.475951 0.0346878
522 0.814112 0.458982 0.0409681
523 0.814112 0.470307 0.0339058
524 0.814112 0.487655 0.0352464
525 0.814112 0.481199 0.0385917
526 0.814112 0.470777 0.0430563
527 0.814112 0.453576 0.0364854
528 0.814112 0.425195 0.0396326
529 0.814112 0.44367 0.0407494
530 0.814112 0.469323 0.0348032
531 0.814112 0.48302 0.0359168
532 0.814112 0.463865 0.0384832
533 0.814112 0.460541 0.0334963
534 0.814112 0.45451 0.0433495
535 0.814112 0.458374 0.042597
536 0.814112 0.442092 0.039433
537 0.814112 0.446668 0.0365627
538 0.814112 0.47356 0.0386237
539 0.814112 0.447828 0.0407559
540 0.814112 0.442663 0.0425961
541 0.814112 0.460282 0.0333601
542 0.814112 0.464877 0.0370724
543 0.814112 0.422656 0.0379638
544 0.814112 0.44736 0.0425547
545 0.814112 0.451108 0.0384493
546 0.814112 0.468812 0.0392882
547 0.814112 0.449609 0.0389955
548 0.814112 0.462264 0.0375983
549 0.814112 0.450986 0.0420197
550 0.814112 0.448652 0.038918
551 0.814112 0.448417 0.0395269
552 0.814112 0.441212 0.0406046
553 0.814112 0.466202 0.0419301
554 0.814112 0.473331 0.0431691
555 0.814112 0.47622 0.0331549
556 0.814112 0.460745 0.0399258
557 0.814112 0.463349 0.0354838
558 0.814112 0.454 0.0326663
559 0.814112 0.451701 0.0362006
560 0.814112 0.447199 0.041125
561 0.814112 0.469129 0.0413034
562 0.814112 0.454985 0.0381294
563 0.814112 0.480056 0.041863
564 0.814112 0.468686 0.0336618
565 0.814112 0.471805 0.0333003
566 0.814112 0.448148 0.0412294
567 0.814112 0.443318 0.0404915
568 0.814112 0.452883 0.0371259
569 0.814112 0.445591 0.0384405
570 0.814112 0.469303 0.0366679
571 0.814112 0.472395 0.0342396
572 0.814112 0.477453 0.0328155
573 0.814112 0.449097 0.0340355
574 0.814112 0.450138 0.0358018
575 0.814112 0.443131 0.0385527
576 0.814112 0.450023 0.039263
577 0.814112 0.460989 0.0328163
578 0.814112 0.460884 0.0350021
579 0.814112 0.470796 0.0358188
580 0.814112 0.490463 0.0335201
581 0.814112 0.481903 0.0418181
582 0.814112 0.443077 0.0374327
583 0.814112 0.447933 0.0372306
584 0.814112 0.443454 0.0349539
585 0.814112 0.463617 0.0350139
586 0.814112 0.449507 0.0337878
587 0.814112 0.467652 0.0364337
588 0.814112 0.459661 0.0375128
589 0.814112 0.454969 0.0352397
590 0.814112 0.461845 0.033762
591 0.814112 0.472039 0.0379866
592 0.814112 0.482299 0.0348799
593 0.814112 0.472911 0.0337519
594 0.814112 0.466806 0.0339323
595 0.814112 0.476814 0.0355463
596 0.814112 0.475674 0.0391637
597 0.814112 0.44834 0.0368196
598 0.814112 0.473305 0.0357344
599 0.814112 0.468975 0.0383435
600 0.814112 0.442933 0.038399
601 0.814112 0.450804 0.040314
602 0.814112 0.440713 0.0444816
603 0.814112 0.441641 0.0434324
604 0.814112 0.446945 0.0460553
605 0.814112 0.484102 0.0436831
606 0.814112 0.473015 0.0412114
607 0.814112 0.471195 0.0360738
608 0.814112 0.475734 0.0439043
609 0.814112 0.487723 0.0380216
610 0.814112 0.471247 0.0364879
611 0.814112 0.451486 0.0392048
612 0.814112 0.464493 0.0347346
613 0.814112 0.44037 0.0391611
614 0.814112 0.465598 0.0392373
615 0.814112 0.465939 0.0391392
616 0.814112 0.468286 0.0338653
617 0.814112 0.461608 0.0367807
618 0.814112 0.450274 0.0408326
619 0.814112 0.433443 0.0417125
620 0.814112 0.440492 0.039918
621 0.814112 0.440084 0.0372963
622 0.814112 0.450856 0.0359429
623 0.814112 0.446317 0.0408226
624 0.814112 0.455887 0.0382806
625 0.814112 0.457479 0.0424299
626 0.814112 0.438883 0.0402765
627 0.814112 0.456867 0.0421977
628 0.814112 0.453113 0.0396517
629 0.814112 0.463991 0.0386018
630 0.814112 0.465778 0.0377426
631 0.814112 0.458177 0.0432085
632 0.814112 0.460874 0.0354131
633 0.814112 0.454544 0.0356974
634 0.814112 0.47393 0.0394642
635 0.814112 0.489351 0.0411991
636 0.814112 0.472469 0.036205
637 0.814112 0.477486 0.0406145
638 0.814112 0.481047 0.0362004
639 0.814112 0.471468 0.0394916
640 0.814112 0.445635 0.0407387
641 0.814112 0.468387 0.039378
642 0.814112 0.484271 0.0391132
643 0.814112 0.46496 0.0423416
644 0.814112 0.468742 0.0414192
645 0.814112 0.457011 0.0361402
646 0.814112 0.478585 0.0400395
647 0.814112 0.465491 0.035203
648 0.814112 0.47666 0.030761
649 0.814112 0.468111 0.0371139
650 0.814112 0.469776 0.0344942
651 0.814112 0.424112 0.0379236
652 0.814112 0.422215 0.0381821
653 0.814112 0.443189 0.0346405
654 0.814112 0.447792 0.035893
655 0.814112 0.439728 0.0372355
656 0.814112 0.456358 0.0377648
657 0.814112 0.453455 0.0359847
658 0.814112 0.476752 0.033467
659 0.814112 0.465113 0.0383614
660 0.814112 0.452404 0.0403269
661 0.814112 0.459347 0.0387852
662 0.814112 0.500221 0.0327072
663 0.814112 0.473338 0.0397614
664 0.814174 0.481827 0.0408733
665 0.814174 0.496554 0.0340076
666 0.814174 0.490382 0.0382875
667 0.814174 0.465272 0.039189
668 0.814174 0.480343 0.0402186
669 0.814174 0.483162 0.0345593
670 0.814174 0.457914 0.03365
671 0.814174 0.460467 0.0371575
672 0.814174 0.453895 0.0405354
673 0.814174 0.465142 0.0378031
674 0.814174 0.465631 0.03633
675 0.814174 0.443511 0.0398638
676 0.814174 0.424853 0.0406511
677 0.814174 0.402029 0.0388705
678 0.814174 0.416279 0.0362014
679 0.814174 0.434791 0.0339841
680 0.814174 0.482093 0.040685
681 0.814174 0.503683 0.0311687
682 0.814174 0.484946 0.0345512
683 0.814174 0.495034 0.0349418
684 0.814174 0.491202 0.0381181
685 0.814174 0.494857 0.0320613
686 0.814174 0.50221 0.0300786
687 0.814174 0.486776 0.0381631
688 0.814174 0.476871 0.0372304
689 0.814174 0.477422 0.0426121
690 0.814248 0.457469 0.0399062
691 0.814248 0.476513 0.0412204
692 0.814248 0.470875 0.0384009
693 0.814248 0.460047 0.0410999
694 0.814248 0.475402 0.0347574
695 0.814248 0.444974 0.0377888
696 0.814248 0.461686 0.0402505
697 0.814248 0.486871 0.0355033
698 0.814248 0.448589 0.0348257
699 0.814248 0.419236 0.0378904
700 0.814248 0.431906 0.0349867
701 0.814248 0.438594 0.0348854
702 0.814248 0.452104 0.0355459
703 0.814248 0.467282 0.0367271
704 0.814248 0.463731 0.0448165
705 0.814248 0.476642 0.0357289
706 0.814248 0.479687 0.0347745
707 0.814248 0.481632 0.0342551
708 0.814248 0.47602 0.0407516
709 0.814248 0.471703 0.0306344
710 0.814248 0.47504 0.0365704
711 0.814248 0.485794 0.0349684
712 0.814248 0.461024 0.0364627
713 0.814248 0.479683 0.0358458
714 0.814248 0.488586 0.0389896
715 0.814248 0.480762 0.035428
716 0.814248 0.457724 0.0386545
717 0.814248 0.479203 0.0332521
718 0.814248 0.466137 0.0347842
719 0.814248 0.475323 0.0308216
720 0.814248 0.480503 0.0373264
721 0.814248 0.448506 0.0421128
722 0.814248 0.484207 0.0413077
723 0.814248 0.49953 0.0362654
724 0.814248 0.485123 0.0412227
725 0.814248 0.480606 0.0360984
726 0.814248 0.46146 0.0394753
727 0.814248 0.473548 0.0329703
728 0.814248 0.490028 0.0351501
729 0.814248 0.474807 0.0349797
730 0.814248 0.442116 0.0371257
731 0.814248 0.462648 0.0359714
732 0.814248 0.447634 0.0357259
733 0.814248 0.464624 0.0362111
734 0.815245 0.444721 0.0346132
735 0.815245 0.46398 0.0335291
736 0.815245 0.470871 0.0427555
737 0.815245 0.461882 0.0402971
738 0.815245 0.454789 0.0403511
739 0.815245 0.475741 0.037013
740 0.815245 0.461175 0.0349783
741 0.815245 0.465675 0.0351445
742 0.815245 0.485096 0.0342668
743 0.815245 0.473588 0.0394137
744 0.815245 0.460675 0.0428587
745 0.815245 0.459434 0.0399357
746 0.815245 0.480194 0.0379038
747 0.815245 0.487731 0.0380419
748 0.815245 0.471962 0.0401613
749 0.815245 0.463525 0.0393637
750 0.815245 0.477122 0.0367115
751 0.815245 0.472257 0.0416515
752 0.815245 0.461735 0.0402445
753 0.815245 0.464308 0.0400068
754 0.815245 0.482938 0.0386043
755 0.815245 0.496126 0.0357039
756 0.815245 0.487737 0.0380355
757 0.815245 0.497028 0.0332604
758 0.815245 0.507743 0.0386186
759 0.815245 0.495869 0.0342818
760 0.815245 0.49899 0.0368921
761 0.815245 0.490657 0.0413109
762 0.815245 0.472512 0.0407426
763 0.815245 0.462124 0.0390642
764 0.815245 0.459035 0.0406468
765 0.815245 0.472463 0.0402997
766 0.815245 0.475639 0.0307966
767 0.815245 0.48062 0.0394688
768 0.815245 0.464876 0.0398806
769 0.815245 0.486384 0.0322909
770 0.815245 0.481543 0.0338907
771 0.815245 0.485143 0.0376276
772 0.815245 0.490303 0.0331949
773 0.815245 0.484656 0.0335693
774 0.815245 0.486658 0.030146
775 0.815245 0.498599 0.0294518
776 0.815245 0.498944 0.0378845
777 0.815245 0.495228 0.0344574
778 0.815245 0.509377 0.0318437
779 0.815245 0.533176 0.0379813
780 0.815245 0.480384 0.0370598
781 0.815245 0.473559 0.0411994
782 0.815245 0.497896 0.035459
783 0.815245 0.477248 0.0355345
784 0.815245 0.44052 0.0402353
785 0.815245 0.459424 0.038154
786 0.815245 0.486126 0.036635
787 0.815245 0.468145 0.0333847
788 0.815245 0.482853 0.0348776
789 0.815245 0.450217 0.03847
790 0.815245 0.465092 0.0448837
791 0.815245 0.446818 0.0408291
792 0.815245 0.461447 0.0402608
793 0.815245 0.449092 0.0375451
794 0.815245 0.436827 0.0397807
795 0.815245 0.454206 0.0404043
796 0.815245 0.467294 0.042584
797 0.815245 0.499867 0.041581
798 0.815245 0.473872 0.0381891
799 0.815245 0.480821 0.0350456
800 0.815245 0.470955 0.0385079
801 0.815245 0.49194 0.0416551
802 0.815245 0.463999 0.0365901
803 0.815245 0.460075 0.0417133
804 0.815245 0.461907 0.0367545
805 0.815245 0.451552 0.0387897
806 0.815245 0.461433 0.0340933
807 0.815245 0.440346 0.035118
808 0.815245 0.454106 0.0366918
809 0.815245 0.468018 0.0384926
810 0.815245 0.483287 0.0370507
811 0.815245 0.485462 0.0377216
812 0.815245 0.482924 0.0361488
813 0.815245 0.481002 0.0384851
814 0.815245 0.456824 0.0399419
815 0.815245 0.447395 0.0425307
816 0.815245 0.421176 0.0442339
817 0.815245 0.436913 0.0405574
818 0.815245 0.430148 0.0448946
819 0.815245 0.413143 0.0415731
820 0.815245 0.39215 0.0432295
821 0.815245 0.404008 0.0419245
822 0.815245 0.429978 0.039209
823 0.815245 0.399533 0.0421556
824 0.815245 0.412897 0.0372013
825 0.815245 0.445259 0.0338116
826 0.815245 0.449576 0.0337491
827 0.815245 0.459403 0.0378606
828 0.815245 0.456545 0.0408478
829 0.815472 0.445872 0.0383012
830 0.815472 0.481397 0.0356011
831 0.815472 0.485774 0.0373053
832 0.815472 0.486586 0.0400367
833 0.815472 0.466909 0.038285
834 0.815472 0.472557 0.0317904
835 0.815472 0.485128 0.0361317
836 0.815472 0.484725 0.0378625
837 0.815472 0.491448 0.0364183
838 0.815472 0.486513 0.037157
839 0.815472 0.498348 0.0375755
840 0.815472 0.469562 0.0391178
841 0.815472 0.487406 0.0373837
842 0.815472 0.481144 0.0385163
843 0.815472 0.495184 0.0356093
844 0.815472 0.50636 0.0360962
845 0.815472 0.530114 0.0346924
846 0.815472 0.471001 0.0500673
847 0.815472 0.460952 0.0467153
848 0.815472 0.475645 0.0373346
849 0.815472 0.475814 0.0366829
850 0.815472 0.467036 0.0347139
851 0.815472 0.467357 0.0403946
852 0.815472 0.450498 0.0367126
853 0.815472 0.474801 0.0371222
854 0.815472 0.433152 0.0389101
855 0.815472 0.465885 0.0397255
856 0.815472 0.484992 0.0362297
857 0.815472 0.499449 0.0369654
858 0.815472 0.493954 0.033306
859 0.815472 0.485009 0.0347854
860 0.815472 0.49243 0.0395419
861 0.815472 0.478095 0.0386272
862 0.815472 0.487598 0.0350379
863 0.815472 0.452276 0.0382894
864 0.815472 0.452339 0.038548
865 0.815472 0.461816 0.0372078
866 0.815472 0.493202 0.0368319
867 0.815472 0.463951 0.0398416
868 0.815472 0.469397 0.0437709
869 0.815472 0.457746 0.0379281
870 0.815472 0.485943 0.0382043
871 0.815472 0.492675 0.0415363
872 0.815472 0.499881 0.0343902
873 0.815472 0.477096 0.0373725
874 0.815472 0.486281 0.0351883
875 0.815472 0.508538 0.0302096
876 0.815472 0.491174 0.0323297
877 0.815472 0.469583 0.0407154
878 0.815472 0.478043 0.0388798
879 0.815472 0.486559 0.036592
880 0.815472 0.488338 0.0402383
881 0.815472 0.519494 0.0387755
882 0.815472 0.517953 0.0403643
883 0.815472 0.497385 0.040223
884 0.815472 0.488504 0.0424101
885 0.815472 0.500058 0.0398518
886 0.815472 0.485437 0.0346968
887 0.815472 0.472499 0.0358837
888 0.815472 0.459753 0.0430428
889 0.815472 0.472829 0.0384978
890 0.815472 0.458164 0.0413492
891 0.815472 0.450013 0.0408677
892 0.815472 0.455564 0.0386372
893 0.815472 0.489129 0.0328622
894 0.815472 0.470626 0.0355621
895 0.815472 0.469726 0.0384223
896 0.815472 0.470884 0.0446936
897 0.815472 0.473645 0.0375017
898 0.815472 0.451642 0.0422296
899 0.815472 0.475189 0.0352927
900 0.815472 0.485503 0.0395549
901 0.815472 0.479746 0.0382901
902 0.815472 0.503035 0.0476916
903 0.815472 0.471568 0.0405331
904 0.815472 0.462592 0.0404806
905 0.815592 0.487224 0.0374021
906 0.815592 0.487181 0.0381992
907 0.815592 0.503212 0.0350333
908 0.815592 0.4824 0.0350108
909 0.815592 0.495289 0.0349933
910 0.815592 0.475395 0.0380348
911 0.815592 0.446004 0.0412616
912 0.815592 0.445228 0.0393947
913 0.815592 0.416532 0.0442945
914 0.815592 0.443911 0.0397806
915 0.815592 0.433347 0.0435574
916 0.815592 0.449183 0.0397113
917 0.815592 0.490042 0.0366421
918 0.815592 0.453543 0.0393962
919 0.815592 0.46569 0.0331756
920 0.815592 0.47427 0.0398979
921 0.815592 0.466521 0.0400731
922 0.815592 0.46695 0.0374619
923 0.815592 0.48922 0.0345083
924 0.815592 0.468624 0.0390568
925 0.815592 0.507168 0.0318575
926 0.815592 0.479821 0.0377089
927 0.815592 0.469634 0.0362658
928 0.815592 0.475233 0.0402857
929 0.815592 0.478448 0.0389076
930 0.815592 0.494673 0.0365087
931 0.815592 0.485047 0.0333914
932 0.815592 0.479372 0.0392769
933 0.815592 0.476177 0.0336259
934 0.815592 0.463508 0.0353622
935 0.815592 0.469944 0.0323611
936 0.815592 0.455625 0.0367735
937 0.815592 0.472487 0.0349203
938 0.815592 0.465977 0.0329129
939 0.815592 0.477568 0.0341575
940 0.815592 0.451327 0.0375136
941 0.815592 0.476225 0.0373911
942 0.815592 0.495608 0.0409875
943 0.815592 0.473961 0.043127
944 0.815592 0.522849 0.037151
945 0.815592 0.48127 0.0375594
946 0.815592 0.471426 0.0378921
947 0.815592 0.465828 0.036757
948 0.815592 0.448925 0.0353609
949 0.815592 0.451092 0.0391836
950 0.815592 0.452512 0.036227
951 0.815592 0.443781 0.0407404
952 0.815592 0.431264 0.0395316
953 0.815592 0.445012 0.0458824
954 0.815592 0.480395 0.0416445
955 0.815592 0.486108 0.0353419
956 0.815592 0.465621 0.0380975
957 0.815592 0.473895 0.0374993
958 0.815592 0.476815 0.039751
959 0.815592 0.47207 0.0370651
960 0.815592 0.491944 0.0349233
961 0.815592 0.481904 0.0345005
962 0.815592 0.499122 0.0373706
963 0.815592 0.484633 0.0422628
964 0.815592 0.468817 0.0358049
965 0.815592 0.461744 0.0378338
966 0.815592 0.472318 0.0399798
967 0.815592 0.464566 0.0387631
968 0.815592 0.487353 0.0395269
969 0.815592 0.494981 0.0342603
970 0.815592 0.482768 0.0364859
971 0.815592 0.49428 0.036061
972 0.815592 0.485755 0.0365381
973 0.815592 0.479367 0.0359183
974 0.815592 0.473215 0.0341715
975 0.815592 0.461984 0.0390256
976 0.815592 0.472922 0.0368071
977 0.815592 0.425767 0.0432483
978 0.815592 0.468812 0.041882
979 0.815592 0.490478 0.0347967
980 0.815592 0.480291 0.0388194
981 0.815592 0.446721 0.0456881
982 0.815592 0.457025 0.0407591
983 0.815592 0.464584 0.0371213
984 0.815592 0.456452 0.0369711
985 0.815592 0.457009 0.0348453
986 0.815592 0.43838 0.0350479
987 0.815592 0.439857 0.0371249
988 0.815592 0.458733 0.0354348
989 0.815592 0.476541 0.0394995
990 0.815592 0.462872 0.0408709
991 0.815592 0.466054 0.0339468
992 0.815592 0.471284 0.0331312
993 0.815592 0.436593 0.0407876
994 0.815592 0.431378 0.0363792
995 0.815592 0.459957 0.0333766
996 0.815592 0.499913 0.032977
997 0.815592 0.492416 0.0302419
998 0.815592 0.482965 0.0323699
999 0.815592 0.455256 0.0351057
1000 0.815592 0.465692 0.0331816
