0 0.332869 0.253059 0.000390464
1 0.341728 0.25496 0.000579055
2 0.357831 0.255622 0.000598289
3 0.36361 0.254874 0.000932604
4 0.452745 0.257393 0.00158574
5 0.452745 0.252925 0.0012087
6 0.466983 0.259604 0.00173875
7 0.466983 0.258419 0.00200173
8 0.496608 0.265528 0.00240845
9 0.496608 0.259681 0.00169105
10 0.496608 0.256456 0.00189066
11 0.507251 0.263382 0.00315401
12 0.507251 0.262093 0.00286961
13 0.532698 0.269165 0.003986
14 0.532698 0.2674 0.00409727
15 0.532698 0.265563 0.00368648
16 0.532698 0.268109 0.00427612
17 0.532698 0.265671 0.00324667
18 0.536285 0.265532 0.00354498
19 0.541889 0.267505 0.0046773
20 0.541889 0.268934 0.00431678
21 0.541889 0.258985 0.00276164
22 0.541889 0.262414 0.0039116
23 0.547877 0.265397 0.00424588
24 0.554248 0.264232 0.004403
25 0.554248 0.262808 0.0045555
26 0.554248 0.270612 0.00496072
27 0.554248 0.265474 0.00471975
28 0.554248 0.263504 0.0046961
29 0.554248 0.262588 0.00331472
30 0.55482 0.263584 0.00406153
31 0.55482 0.266027 0.00441803
32 0.55482 0.263374 0.00461137
33 0.55482 0.264428 0.00383684
34 0.55867 0.264074 0.00459173
35 0.55867 0.272679 0.00436202
36 0.55867 0.269745 0.00326549
37 0.55867 0.271657 0.00444263
38 0.55867 0.270854 0.00415732
39 0.568299 0.275673 0.0057549
40 0.568299 0.281925 0.00590443
41 0.568299 0.287988 0.00659312
42 0.568299 0.274855 0.00521848
43 0.568299 0.268873 0.0047529
44 0.568299 0.268472 0.00467442
45 0.568299 0.269887 0.00488764
46 0.568299 0.268097 0.00413064
47 0.568299 0.282822 0.00616958
48 0.568299 0.279394 0.00507698
49 0.568299 0.285518 0.00553943
50 0.568299 0.273849 0.00383222
51 0.568299 0.272692 0.00410785
52 0.568299 0.276164 0.00506835
53 0.568299 0.277086 0.00453377
54 0.568299 0.28336 0.0048543
55 0.568299 0.294073 0.00554034
56 0.568299 0.293808 0.00583673
57 0.568299 0.291956 0.00624023
58 0.568299 0.285802 0.00478496
59 0.568299 0.283599 0.00438371
60 0.568299 0.278779 0.0045323
61 0.568299 0.288041 0.00530158
62 0.568299 0.286096 0.00706126
63 0.568299 0.282821 0.00643119
64 0.568299 0.281346 0.00641252
65 0.568299 0.29329 0.00610905
66 0.568299 0.286997 0.0057718
67 0.568299 0.28532 0.00396903
68 0.578893 0.295499 0.00606143
69 0.578893 0.294108 0.00636189
70 0.578893 0.300731 0.00744929
71 0.578893 0.322461 0.00765341
72 0.578893 0.307923 0.00621573
73 0.598581 0.304393 0.00792774
74 0.598581 0.301592 0.00662401
75 0.637546 0.300799 0.00843218
76 0.637546 0.303626 0.00671519
77 0.637546 0.301001 0.00779857
78 0.637546 0.30048 0.00790443
79 0.637546 0.301092 0.00804253
80 0.637546 0.301789 0.00776634
81 0.637546 0.313872 0.00840577
82 0.637546 0.306939 0.00651278
83 0.655516 0.316322 0.00933007
84 0.655516 0.329475 0.00955609
85 0.661956 0.314305 0.0107096
86 0.689469 0.317068 0.00862139
87 0.690828 0.306901 0.00903559
88 0.690828 0.308782 0.0116485
89 0.690828 0.312707 0.0112788
90 0.697411 0.321909 0.0105125
91 0.701645 0.339243 0.0134326
92 0.701645 0.340766 0.012875
93 0.706193 0.353972 0.0138469
94 0.706193 0.346815 0.0133674
95 0.706193 0.340945 0.0109229
96 0.706193 0.340327 0.0102629
97 0.706193 0.344019 0.0139259
98 0.706715 0.335879 0.0139442
99 0.706715 0.336443 0.0111807
100 0.70826 0.329068 0.0131635
101 0.70826 0.35099 0.0168231
102 0.70826 0.351862 0.0175011
103 0.70826 0.350278 0.0171262
104 0.70826 0.348349 0.0153319
105 0.70826 0.338667 0.0159643
106 0.70826 0.349325 0.0166149
107 0.70826 0.354226 0.0149081
108 0.70826 0.371267 0.0177543
109 0.714968 0.370244 0.0177468
110 0.714968 0.377061 0.0166752
111 0.714968 0.385517 0.0168251
112 0.714968 0.366032 0.0175595
113 0.714968 0.369148 0.0150095
114 0.714968 0.359148 0.014441
115 0.714968 0.37687 0.0141492
116 0.714968 0.379138 0.016263
117 0.717987 0.375948 0.0152232
118 0.72093 0.38232 0.0185524
119 0.72093 0.393297 0.0175446
120 0.736264 0.411991 0.0190372
121 0.736264 0.410196 0.0196878
122 0.736264 0.418254 0.018542
123 0.736264 0.404998 0.0190185
124 0.736264 0.414393 0.018297
125 0.736264 0.416047 0.0160722
126 0.736264 0.41571 0.0177972
127 0.736264 0.425431 0.015336
128 0.736264 0.426346 0.0167741
129 0.736264 0.428408 0.0181513
130 0.736264 0.433457 0.0193763
131 0.736264 0.441305 0.0217851
132 0.740983 0.430485 0.0181534
133 0.75238 0.42861 0.019107
134 0.75238 0.432136 0.0181685
135 0.75238 0.432735 0.0174442
136 0.75238 0.427665 0.0189545
137 0.75238 0.446645 0.0184176
138 0.75238 0.446899 0.0192789
139 0.75238 0.455326 0.0221704
140 0.75238 0.469532 0.0198091
141 0.75238 0.462868 0.019282
142 0.755515 0.475736 0.0204456
143 0.755515 0.478272 0.0195129
144 0.755515 0.488344 0.0201323
145 0.755515 0.49295 0.0170448
146 0.755515 0.48514 0.0170934
147 0.755515 0.491927 0.0183206
148 0.755515 0.50774 0.0155735
149 0.755515 0.505115 0.0167665
150 0.76479 0.500715 0.0176565
151 0.76479 0.534945 0.0107395
152 0.76896 0.551434 0.0138399
153 0.769326 0.536098 0.0163552
154 0.769326 0.53705 0.0175506
155 0.769326 0.565292 0.0133158
156 0.772216 0.563736 0.0131523
157 0.772216 0.561185 0.0145233
158 0.772216 0.561749 0.0165968
159 0.794298 0.566656 0.0166202
160 0.794298 0.575926 0.0146555
161 0.794298 0.581061 0.0145655
162 0.794298 0.573795 0.0158398
163 0.794298 0.569335 0.0162118
164 0.794298 0.555791 0.0178966
165 0.794298 0.549601 0.0185158
166 0.794298 0.568324 0.0194849
167 0.794298 0.566229 0.0198543
168 0.794298 0.565712 0.017225
169 0.794298 0.557175 0.0176024
170 0.794298 0.563105 0.016974
171 0.794298 0.574652 0.0162694
172 0.794298 0.569215 0.016731
173 0.794298 0.556371 0.0181734
174 0.795212 0.565438 0.0179423
175 0.795212 0.562665 0.0179673
176 0.795212 0.558111 0.0199222
177 0.807797 0.5784 0.0180602
178 0.811718 0.562529 0.0198072
179 0.811718 0.581489 0.0176521
180 0.811718 0.565992 0.0207571
181 0.811718 0.571878 0.0189331
182 0.811718 0.58329 0.0174627
183 0.811718 0.556109 0.0217028
184 0.811718 0.573265 0.0219106
185 0.814595 0.604594 0.0173576
186 0.814595 0.59284 0.0205571
187 0.814595 0.575175 0.0189181
188 0.82044 0.579301 0.0201736
189 0.822526 0.586524 0.0213055
190 0.822526 0.563687 0.025044
191 0.822526 0.549978 0.0236589
192 0.822526 0.572582 0.0207861
193 0.822526 0.553487 0.0222843
194 0.822526 0.549826 0.0254512
195 0.822526 0.561788 0.0229901
196 0.822526 0.572464 0.0239422
197 0.823165 0.567433 0.0198257
198 0.823165 0.586986 0.0195073
199 0.823165 0.574627 0.0218457
200 0.823165 0.581354 0.0211231
201 0.823165 0.57575 0.0257475
202 0.823165 0.579477 0.0233374
203 0.823165 0.576953 0.025085
204 0.823165 0.561597 0.0281972
205 0.823165 0.558927 0.0267906
206 0.823165 0.576665 0.0232971
207 0.823165 0.584052 0.0209816
208 0.823165 0.572304 0.0224962
209 0.823165 0.579302 0.020105
210 0.823165 0.550968 0.0252943
211 0.823165 0.56255 0.0235208
212 0.823165 0.547288 0.0213739
213 0.823165 0.526696 0.022574
214 0.823165 0.560803 0.0207607
215 0.823165 0.571262 0.0194933
216 0.823165 0.589213 0.0167955
217 0.823165 0.57354 0.0203347
218 0.823165 0.600882 0.0189962
219 0.823165 0.599581 0.0197903
220 0.823165 0.586562 0.0215332
221 0.823165 0.599095 0.02539
222 0.823165 0.591519 0.0231197
223 0.823165 0.603621 0.0199604
224 0.823165 0.590746 0.0203778
225 0.823165 0.601925 0.0185454
226 0.823165 0.601046 0.018481
227 0.823165 0.594756 0.0224952
228 0.823165 0.596726 0.0227703
229 0.823165 0.592126 0.0216718
230 0.823165 0.572932 0.0245097
231 0.823165 0.571558 0.0236194
232 0.823165 0.558972 0.0250974
233 0.823165 0.556772 0.023423
234 0.824028 0.564518 0.0243671
235 0.824028 0.579399 0.0218033
236 0.824028 0.561422 0.0277896
237 0.824028 0.579386 0.0246822
238 0.824028 0.566129 0.0283636
239 0.824028 0.585194 0.0272434
240 0.82478 0.567763 0.0277357
241 0.826297 0.581976 0.0255574
242 0.826297 0.571973 0.0250331
243 0.826297 0.572777 0.0267264
244 0.826297 0.569546 0.0282084
245 0.826297 0.558278 0.0239459
246 0.826297 0.551085 0.0214541
247 0.826297 0.554556 0.0248182
248 0.826297 0.552725 0.0240225
249 0.826297 0.549224 0.0236832
250 0.826297 0.545629 0.0238153
251 0.826297 0.531085 0.0245376
252 0.826297 0.544611 0.024603
253 0.835098 0.539111 0.0268715
254 0.835098 0.533473 0.0258344
255 0.835098 0.531894 0.0252057
256 0.835098 0.527181 0.0258392
257 0.835098 0.502473 0.0249064
258 0.835098 0.517453 0.0279891
259 0.835098 0.526569 0.025279
260 0.835098 0.524188 0.0275301
261 0.835098 0.546638 0.0267297
262 0.835098 0.536168 0.0270191
263 0.835098 0.533909 0.0256109
264 0.837426 0.540789 0.0217833
265 0.837426 0.541636 0.0245499
266 0.837426 0.543162 0.02886
267 0.837426 0.543886 0.0279628
268 0.837426 0.548201 0.0284252
269 0.837426 0.544957 0.0236543
270 0.837426 0.562064 0.0234287
271 0.837426 0.565557 0.0212212
272 0.837426 0.566301 0.020991
273 0.837426 0.564878 0.019273
274 0.843203 0.559598 0.0223677
275 0.844199 0.575334 0.0220073
276 0.844199 0.571806 0.0240372
277 0.844199 0.551335 0.0261541
278 0.844199 0.572152 0.0275981
279 0.844199 0.574349 0.0233383
280 0.844199 0.570345 0.0241055
281 0.845479 0.57705 0.0264205
282 0.846674 0.5822 0.0280976
283 0.846674 0.580447 0.0268436
284 0.846674 0.588115 0.0218595
285 0.846674 0.581434 0.0234138
286 0.846674 0.595763 0.0203638
287 0.846674 0.57284 0.0252675
288 0.846674 0.572531 0.0245166
289 0.846674 0.563828 0.0232441
290 0.846674 0.578559 0.0231145
291 0.846674 0.572365 0.0206087
292 0.846674 0.577033 0.0209865
293 0.846674 0.580524 0.026575
294 0.846674 0.589714 0.0241208
295 0.846674 0.585089 0.02729
296 0.846674 0.607057 0.0248257
297 0.846674 0.593756 0.0202759
298 0.846674 0.578324 0.0244465
299 0.846674 0.579028 0.0229444
300 0.846674 0.58702 0.0215291
301 0.846674 0.575473 0.0234474
302 0.846674 0.561448 0.0267377
303 0.846674 0.575035 0.0222939
304 0.846674 0.581988 0.0198832
305 0.846674 0.575745 0.0240683
306 0.846674 0.575854 0.0222582
307 0.846674 0.582995 0.0244852
308 0.846674 0.576828 0.0250565
309 0.846674 0.571593 0.0256581
310 0.846674 0.579817 0.0229149
311 0.846674 0.583099 0.0218182
312 0.846674 0.59474 0.0228763
313 0.846674 0.610489 0.0188465
314 0.846674 0.613898 0.0179418
315 0.846674 0.627983 0.015295
316 0.846674 0.644261 0.0163887
317 0.846674 0.63183 0.0214193
318 0.846674 0.638912 0.0188731
319 0.846674 0.634298 0.0186388
320 0.846674 0.632444 0.0164995
321 0.846674 0.632991 0.0182029
322 0.846674 0.61032 0.025227
323 0.846674 0.624636 0.026508
324 0.846674 0.64019 0.0207588
325 0.846674 0.640062 0.0182503
326 0.846674 0.648491 0.0171249
327 0.846674 0.640637 0.0196138
328 0.846674 0.657612 0.0147196
329 0.847506 0.645165 0.0186786
330 0.847506 0.636077 0.0187906
331 0.847506 0.622743 0.021198
332 0.847506 0.622532 0.0195624
333 0.847506 0.615412 0.0220837
334 0.847506 0.622503 0.0192682
335 0.847506 0.622908 0.0231054
336 0.847506 0.616674 0.0222114
337 0.847506 0.611734 0.0229057
338 0.847506 0.623222 0.0217939
339 0.847506 0.636202 0.0178059
340 0.847506 0.642017 0.0173131
341 0.847506 0.635184 0.0229499
342 0.847506 0.6289 0.0235622
343 0.847506 0.613935 0.0215192
344 0.847506 0.60357 0.0232918
345 0.847506 0.618839 0.0208864
346 0.847506 0.598022 0.0252488
347 0.847506 0.605567 0.0244878
348 0.847506 0.606619 0.0237793
349 0.847506 0.606494 0.0231797
350 0.847506 0.609579 0.0218585
351 0.847506 0.613115 0.0184737
352 0.847506 0.593028 0.0205784
353 0.847506 0.614176 0.0204712
354 0.847506 0.624254 0.0174802
355 0.847506 0.641441 0.0143047
356 0.847506 0.61502 0.0226439
357 0.847506 0.633079 0.0190789
358 0.847506 0.641893 0.0189788
359 0.847506 0.648042 0.0160616
360 0.847506 0.641415 0.0166655
361 0.847506 0.650317 0.0142566
362 0.847506 0.649312 0.0129
363 0.847506 0.649006 0.0121282
364 0.847506 0.64504 0.011506
365 0.847506 0.641467 0.0131741
366 0.847506 0.651703 0.0148509
367 0.847506 0.654555 0.0175967
368 0.847506 0.652995 0.0149765
369 0.847506 0.666218 0.0130732
370 0.848901 0.668658 0.0131805
371 0.848901 0.632928 0.0191704
372 0.848901 0.631653 0.0198385
373 0.848901 0.62348 0.0219368
374 0.850287 0.638313 0.0198282
375 0.850389 0.631992 0.0197948
376 0.850389 0.63567 0.0189901
377 0.850389 0.617974 0.0236873
378 0.850389 0.610447 0.025815
379 0.850389 0.622023 0.0221492
380 0.850389 0.611158 0.0217737
381 0.850842 0.616283 0.0222424
382 0.850842 0.622246 0.0214129
383 0.850842 0.601163 0.0258906
384 0.850842 0.622663 0.0211332
385 0.850842 0.628074 0.0167046
386 0.850842 0.611725 0.0216774
387 0.850842 0.623852 0.0194179
388 0.850842 0.617807 0.0186307
389 0.850842 0.620998 0.0206942
390 0.850842 0.631362 0.0178036
391 0.850842 0.635316 0.0182881
392 0.850842 0.624697 0.0191303
393 0.85165 0.635355 0.0187391
394 0.85165 0.63008 0.0201687
395 0.85165 0.625301 0.0231268
396 0.85165 0.611246 0.0226964
397 0.85165 0.629138 0.0166053
398 0.85165 0.623069 0.0170695
399 0.85165 0.629865 0.0167494
400 0.85165 0.626934 0.0153765
401 0.85165 0.633128 0.0139567
402 0.85165 0.619245 0.0189641
403 0.85165 0.61655 0.020499
404 0.853874 0.628166 0.0211094
405 0.853874 0.60895 0.0191799
406 0.853874 0.589252 0.0201569
407 0.853874 0.599711 0.0232792
408 0.853874 0.590276 0.0246587
409 0.853874 0.597214 0.0271642
410 0.853874 0.592374 0.0268974
411 0.853874 0.603285 0.0267708
412 0.853874 0.603441 0.0258278
413 0.853874 0.59967 0.0256494
414 0.853874 0.584984 0.0241936
415 0.853874 0.578039 0.0260885
416 0.853874 0.572459 0.028806
417 0.853874 0.581522 0.03001
418 0.853874 0.591307 0.0298251
419 0.853874 0.601687 0.0277064
420 0.853874 0.592422 0.0283375
421 0.853874 0.593719 0.0285593
422 0.853874 0.599616 0.0269521
423 0.853874 0.591506 0.0285544
424 0.853874 0.629577 0.0248157
425 0.853874 0.606359 0.0239698
426 0.853874 0.592092 0.0274882
427 0.853874 0.595468 0.0257907
428 0.853874 0.584378 0.0277391
429 0.853874 0.593504 0.0307528
430 0.853874 0.566062 0.0314492
431 0.853874 0.573843 0.0283056
432 0.853874 0.589658 0.0284597
433 0.853874 0.579268 0.0279112
434 0.853874 0.563303 0.0277654
435 0.853874 0.565304 0.0291606
436 0.853874 0.596081 0.0261649
437 0.853874 0.596238 0.0263281
438 0.853874 0.616305 0.0250223
439 0.853874 0.616252 0.0250429
440 0.853874 0.627302 0.0175083
441 0.853874 0.626485 0.017623
442 0.853874 0.634862 0.0192013
443 0.853874 0.629552 0.0218336
444 0.853874 0.625064 0.0189541
445 0.853874 0.63954 0.0186442
446 0.853874 0.639037 0.0169307
447 0.853874 0.632067 0.0199062
448 0.853874 0.6072 0.0232168
449 0.853874 0.631993 0.0219137
450 0.853874 0.634143 0.0196054
451 0.853874 0.629937 0.0190819
452 0.853874 0.627526 0.0225933
453 0.853874 0.615283 0.0215992
454 0.853874 0.616094 0.0202616
455 0.853874 0.632943 0.0194177
456 0.853874 0.640508 0.0196168
457 0.853874 0.624318 0.0211051
458 0.853874 0.628978 0.0206024
459 0.853874 0.634034 0.0212231
460 0.853874 0.634197 0.0224688
461 0.853874 0.632474 0.01809
462 0.853874 0.613293 0.0260058
463 0.853874 0.634797 0.0206156
464 0.853874 0.618675 0.0195619
465 0.853874 0.615723 0.0188495
466 0.853874 0.649097 0.0204084
467 0.853874 0.656221 0.0186234
468 0.853874 0.637195 0.0210609
469 0.853874 0.639466 0.022121
470 0.853874 0.630939 0.0266876
471 0.853874 0.622084 0.0301963
472 0.853874 0.617364 0.0280993
473 0.853874 0.592629 0.0278452
474 0.853874 0.597753 0.0287787
475 0.853874 0.567899 0.0328971
476 0.853874 0.599438 0.0327995
477 0.853874 0.617085 0.0287122
478 0.853874 0.603716 0.0310262
479 0.853874 0.607505 0.0279231
480 0.853874 0.636557 0.0245465
481 0.853874 0.624766 0.0231832
482 0.853874 0.613052 0.0279396
483 0.853874 0.635187 0.0238566
484 0.853874 0.64667 0.0254916
485 0.853874 0.627214 0.0285385
486 0.853874 0.604305 0.0276087
487 0.853874 0.63289 0.019445
488 0.853874 0.60623 0.024483
489 0.853874 0.62534 0.0215499
490 0.853874 0.628395 0.0240799
491 0.853874 0.612791 0.0230972
492 0.853874 0.631402 0.0206073
493 0.853874 0.638897 0.0202699
494 0.853874 0.592978 0.0249333
495 0.853874 0.604444 0.0254944
496 0.853874 0.600089 0.0255404
497 0.853874 0.5961 0.0264174
498 0.853874 0.583772 0.0300025
499 0.853874 0.605508 0.0265424
500 0.853874 0.609999 0.0247268
501 0.853874 0.607916 0.0284658
502 0.853874 0.607356 0.030289
503 0.853874 0.625529 0.0218026
504 0.853874 0.597322 0.0300511
505 0.853874 0.61203 0.0254461
506 0.853874 0.602901 0.0290648
507 0.853874 0.592334 0.0317565
508 0.853874 0.6036 0.0290995
509 0.853874 0.610579 0.0290804
510 0.853874 0.622584 0.0264211
511 0.853874 0.60073 0.0303083
512 0.853874 0.615404 0.0284248
513 0.853874 0.61008 0.0276739
514 0.853874 0.599188 0.028258
515 0.853874 0.608169 0.0274019
516 0.853874 0.594993 0.030418
517 0.853874 0.619011 0.0244262
518 0.853874 0.60908 0.0278023
519 0.853874 0.618489 0.0272874
520 0.853874 0.596186 0.0273564
521 0.853874 0.610129 0.0303369
522 0.853874 0.621144 0.0259659
523 0.853874 0.605557 0.0264919
524 0.853874 0.602528 0.0283054
525 0.853874 0.61159 0.026709
526 0.853874 0.602152 0.0255821
527 0.853874 0.60354 0.0252489
528 0.853874 0.596424 0.0278773
529 0.853874 0.623523 0.0251113
530 0.854648 0.631053 0.0214251
531 0.854648 0.630553 0.0187947
532 0.854648 0.655487 0.0175544
533 0.854648 0.655238 0.019452
534 0.854648 0.639071 0.0193076
535 0.854648 0.626221 0.0224387
536 0.854648 0.646826 0.0193491
537 0.854648 0.653249 0.0174055
538 0.854648 0.647586 0.0173223
539 0.854648 0.634191 0.0186442
540 0.854648 0.622107 0.0234791
541 0.854648 0.619752 0.0225849
542 0.854648 0.629584 0.0207585
543 0.854648 0.617629 0.0237369
544 0.854648 0.620453 0.022572
545 0.854648 0.632181 0.021689
546 0.854648 0.644608 0.0206262
547 0.854648 0.641053 0.0182992
548 0.854648 0.65019 0.0176788
549 0.854648 0.628534 0.0205393
550 0.854648 0.629506 0.0222412
551 0.854648 0.624804 0.0219134
552 0.854648 0.638547 0.0225164
553 0.854648 0.650069 0.0211738
554 0.854648 0.630411 0.0243061
555 0.854648 0.624835 0.0250453
556 0.854648 0.648147 0.0209237
557 0.854648 0.641285 0.0202795
558 0.854648 0.652596 0.0162365
559 0.854648 0.634986 0.0223127
560 0.854648 0.636889 0.0199644
561 0.854648 0.642595 0.0211149
562 0.854648 0.621839 0.019458
563 0.854648 0.633662 0.0204833
564 0.854648 0.61372 0.0255963
565 0.854648 0.633782 0.0213348
566 0.854648 0.645508 0.0203338
567 0.854648 0.637742 0.0216504
568 0.854648 0.641594 0.02161
569 0.854648 0.664707 0.0176245
570 0.854648 0.649333 0.0189989
571 0.854648 0.652662 0.0192473
572 0.854648 0.626149 0.0241417
573 0.854648 0.614696 0.0245062
574 0.854648 0.629236 0.025489
575 0.854648 0.62201 0.0260801
576 0.854648 0.606009 0.0230409
577 0.854648 0.606222 0.0263312
578 0.854648 0.608481 0.0259654
579 0.854648 0.595593 0.0290621
580 0.854648 0.61251 0.0288333
581 0.854648 0.585948 0.0286868
582 0.854648 0.585641 0.0285994
583 0.854648 0.589199 0.0284837
584 0.854648 0.597317 0.0274284
585 0.854648 0.597133 0.0307619
586 0.854648 0.637324 0.0225962
587 0.854648 0.610169 0.029982
588 0.854648 0.583825 0.0341071
589 0.854648 0.600565 0.0303783
590 0.854648 0.598979 0.0291634
591 0.854648 0.590678 0.0277463
592 0.854648 0.626606 0.0261381
593 0.854648 0.631311 0.0249319
594 0.854648 0.627972 0.0236184
595 0.854648 0.625765 0.024599
596 0.854648 0.629617 0.0280107
597 0.854648 0.651298 0.0210392
598 0.854648 0.64339 0.0208281
599 0.854648 0.657951 0.0181845
600 0.854648 0.640086 0.0213844
601 0.854648 0.637977 0.0214503
602 0.854648 0.636596 0.0205143
603 0.854648 0.635223 0.0223469
604 0.854648 0.646196 0.0191611
605 0.854648 0.641614 0.0179287
606 0.854648 0.646956 0.0166941
607 0.854648 0.658643 0.0143317
608 0.862624 0.652086 0.0183569
609 0.862624 0.63308 0.0188593
610 0.862624 0.640486 0.018239
611 0.862624 0.631768 0.0219044
612 0.862624 0.613114 0.024115
613 0.862624 0.597889 0.0256277
614 0.862624 0.579223 0.0250031
615 0.862624 0.588657 0.0291548
616 0.862624 0.59549 0.0259494
617 0.862624 0.618133 0.0244839
618 0.862624 0.604452 0.0261924
619 0.862624 0.603281 0.0237319
620 0.862624 0.595032 0.0272151
621 0.862624 0.589559 0.0300971
622 0.862624 0.607388 0.0301155
623 0.862624 0.599014 0.0261988
624 0.862624 0.63516 0.0230398
625 0.862624 0.616265 0.0216481
626 0.862624 0.599466 0.0220639
627 0.862624 0.60824 0.0289658
628 0.862624 0.5998 0.0269887
629 0.862624 0.598969 0.0297092
630 0.862624 0.606825 0.0270273
631 0.862624 0.585656 0.0288631
632 0.862624 0.575226 0.0309022
633 0.862624 0.5892 0.0255599
634 0.862624 0.595653 0.0261512
635 0.862624 0.591035 0.0264632
636 0.862624 0.585907 0.0284163
637 0.862624 0.580395 0.0261544
638 0.862624 0.573292 0.0262121
639 0.862624 0.578161 0.0294131
640 0.862624 0.568678 0.0353632
641 0.862624 0.562714 0.0362479
642 0.862624 0.557874 0.0401394
643 0.862624 0.568306 0.0396524
644 0.862624 0.572096 0.0378054
645 0.862624 0.571784 0.0368328
646 0.862624 0.550244 0.0376234
647 0.862624 0.524742 0.0396118
648 0.862624 0.509999 0.0372619
649 0.862624 0.524923 0.0365806
650 0.862624 0.539871 0.0352148
651 0.862624 0.55421 0.0290236
652 0.862624 0.555645 0.0282153
653 0.862624 0.530727 0.0354373
654 0.862624 0.517971 0.0361241
655 0.862624 0.538987 0.0352997
656 0.862624 0.543726 0.0369767
657 0.862624 0.534355 0.0353202
658 0.862624 0.535957 0.0349446
659 0.862624 0.556841 0.0323856
660 0.862624 0.559258 0.0306379
661 0.862624 0.550818 0.0350621
662 0.862624 0.562014 0.0289814
663 0.862624 0.570834 0.0310517
664 0.862624 0.556874 0.0307937
665 0.862624 0.571025 0.0297269
666 0.862624 0.575149 0.0316985
667 0.862624 0.591761 0.0261564
668 0.862624 0.579182 0.0261946
669 0.862624 0.575795 0.0256965
670 0.862624 0.587221 0.0280058
671 0.862624 0.577396 0.0255724
672 0.862624 0.571141 0.0264842
673 0.862624 0.563534 0.0267195
674 0.862624 0.563417 0.0261216
675 0.862624 0.555763 0.0263695
676 0.862624 0.551158 0.027945
677 0.862624 0.551764 0.0328586
678 0.862624 0.553275 0.0270574
679 0.862624 0.562802 0.0296216
680 0.862624 0.570642 0.0326044
681 0.862624 0.565417 0.0316724
682 0.862624 0.559289 0.0304428
683 0.862624 0.555031 0.0290232
684 0.862624 0.573842 0.0286336
685 0.862624 0.568446 0.0249611
686 0.862624 0.571392 0.026794
687 0.862624 0.578146 0.0263715
688 0.862624 0.570615 0.0246706
689 0.862624 0.56621 0.0285899
690 0.862624 0.564911 0.0285908
691 0.862624 0.572268 0.0289355
692 0.862624 0.584905 0.0236098
693 0.862624 0.576105 0.0283867
694 0.862624 0.582147 0.0277448
695 0.862624 0.591962 0.0243789
696 0.862847 0.591485 0.0270468
697 0.862847 0.606116 0.027021
698 0.862847 0.595032 0.0273591
699 0.862847 0.584396 0.0294162
700 0.862847 0.577712 0.0282905
701 0.862847 0.567164 0.0289275
702 0.862847 0.561551 0.0318675
703 0.862847 0.578494 0.0281534
704 0.862847 0.593165 0.0275953
705 0.862847 0.569302 0.0267751
706 0.862847 0.594425 0.0259674
707 0.862847 0.599093 0.0224847
708 0.862847 0.594799 0.0244279
709 0.862847 0.610723 0.0239488
710 0.862847 0.616585 0.0249055
711 0.862847 0.617042 0.0237471
712 0.862847 0.632253 0.0183912
713 0.862847 0.623047 0.0249709
714 0.862847 0.618126 0.0231575
715 0.862847 0.62771 0.0190995
716 0.862847 0.642551 0.0166831
717 0.862847 0.654056 0.0139191
718 0.862847 0.639254 0.0165716
719 0.862847 0.628807 0.0184117
720 0.862847 0.625413 0.0204531
721 0.862847 0.619221 0.0233561
722 0.862847 0.621607 0.0279651
723 0.862847 0.604886 0.0300351
724 0.862847 0.605437 0.0259646
725 0.862847 0.61549 0.0253185
726 0.862847 0.625587 0.0216239
727 0.862847 0.615591 0.0253207
728 0.862847 0.607632 0.0272472
729 0.862847 0.586897 0.0320362
730 0.862847 0.618107 0.0277359
731 0.862847 0.629448 0.0252261
732 0.862847 0.617992 0.0286832
733 0.862847 0.631113 0.0240426
734 0.862847 0.621949 0.0239375
735 0.862847 0.631311 0.0215076
736 0.862847 0.631245 0.0196027
737 0.862847 0.637111 0.018871
738 0.862847 0.64947 0.0149085
739 0.862847 0.649732 0.0166735
740 0.862847 0.648117 0.0164559
741 0.862847 0.661635 0.0160501
742 0.862847 0.633614 0.0191526
743 0.862847 0.627448 0.020365
744 0.862847 0.609554 0.0233219
745 0.862847 0.595293 0.0228507
746 0.862847 0.593892 0.0293166
747 0.862847 0.62506 0.0236615
748 0.862847 0.60384 0.0262491
749 0.862847 0.608996 0.0208416
750 0.862847 0.589516 0.0241018
751 0.862847 0.608836 0.0218122
752 0.862847 0.60251 0.0238291
753 0.862847 0.607007 0.0244618
754 0.862847 0.596759 0.0259402
755 0.862847 0.584785 0.0251014
756 0.862847 0.589943 0.0252722
757 0.862847 0.578485 0.0260475
758 0.862847 0.572559 0.0332363
759 0.862847 0.574973 0.0313065
760 0.862847 0.572036 0.0334927
761 0.862847 0.574302 0.029337
762 0.862847 0.614993 0.0243127
763 0.862847 0.617876 0.0227022
764 0.862847 0.608144 0.0205913
765 0.862847 0.61137 0.0243032
766 0.862847 0.606134 0.0258805
767 0.862847 0.624542 0.0206888
768 0.862847 0.605534 0.0210671
769 0.862847 0.628686 0.0214467
770 0.862847 0.60397 0.0251877
771 0.862847 0.604846 0.0244991
772 0.862847 0.61584 0.0244607
773 0.862847 0.627157 0.0242706
774 0.862847 0.626051 0.0206187
775 0.862847 0.623538 0.0196526
776 0.862847 0.625621 0.023529
777 0.862847 0.638182 0.0245611
778 0.862847 0.620704 0.0254364
779 0.862847 0.628983 0.0231428
780 0.862847 0.616933 0.0214507
781 0.862847 0.597751 0.0238178
782 0.862847 0.598808 0.0257985
783 0.862847 0.594706 0.0265768
784 0.862847 0.582415 0.0300645
785 0.862847 0.58565 0.0283485
786 0.862847 0.593956 0.028512
787 0.862847 0.611904 0.0272157
788 0.862847 0.603817 0.0293293
789 0.862847 0.621817 0.0287545
790 0.862847 0.607897 0.0254372
791 0.862847 0.61965 0.0244233
792 0.862847 0.603155 0.0272958
793 0.862847 0.592758 0.0273699
794 0.862847 0.597083 0.0285915
795 0.862847 0.59618 0.0282625
796 0.862847 0.586465 0.0289577
797 0.862847 0.583371 0.0278316
798 0.862847 0.578605 0.0265368
799 0.862847 0.594751 0.0274248
800 0.862847 0.622239 0.0209972
801 0.862847 0.634775 0.0151636
802 0.862847 0.622816 0.0189203
803 0.862847 0.615521 0.02115
804 0.862847 0.620987 0.0220578
805 0.862847 0.610753 0.0213701
806 0.862847 0.596171 0.0199723
807 0.862847 0.602979 0.0201265
808 0.862847 0.598154 0.0253246
809 0.862847 0.595415 0.0232448
810 0.862847 0.595242 0.0269771
811 0.862847 0.581157 0.0278171
812 0.862847 0.599744 0.0258464
813 0.862847 0.593323 0.0286582
814 0.862847 0.578273 0.02958
815 0.862847 0.590989 0.0276199
816 0.862847 0.599577 0.025782
817 0.862847 0.588508 0.0299032
818 0.862847 0.591581 0.0289076
819 0.862847 0.588991 0.0298036
820 0.862847 0.59932 0.0242803
821 0.862847 0.607228 0.0256436
822 0.862847 0.603304 0.0301289
823 0.862847 0.590686 0.028752
824 0.862847 0.588052 0.0264754
825 0.862847 0.590408 0.024853
826 0.862847 0.57708 0.029514
827 0.862847 0.566742 0.0299941
828 0.862847 0.546705 0.0294184
829 0.862847 0.563797 0.0312248
830 0.862847 0.577533 0.0252251
831 0.862847 0.558638 0.0291377
832 0.862847 0.574812 0.0283782
833 0.862847 0.541371 0.0304024
834 0.862847 0.545623 0.0298702
835 0.862847 0.585458 0.0274053
836 0.862847 0.560424 0.0327775
837 0.862847 0.555312 0.0287172
838 0.862847 0.537143 0.0324926
839 0.862847 0.556138 0.0301684
840 0.862847 0.584661 0.0270178
841 0.862847 0.587437 0.029296
842 0.862847 0.578089 0.0274334
843 0.862847 0.571551 0.0293819
844 0.862847 0.581407 0.029258
845 0.862847 0.5944 0.0272586
846 0.862847 0.550737 0.0291258
847 0.862847 0.544365 0.0357112
848 0.862847 0.555571 0.0323792
849 0.862847 0.556327 0.0311355
850 0.862847 0.543955 0.0292754
851 0.862847 0.542166 0.0247983
852 0.862847 0.558919 0.0297687
853 0.862847 0.55045 0.0298946
854 0.862847 0.591206 0.024258
855 0.862847 0.5906 0.0292458
856 0.862847 0.583986 0.0310464
857 0.862847 0.589075 0.0307731
858 0.862847 0.581342 0.031709
859 0.862847 0.595532 0.0301657
860 0.862847 0.592189 0.033511
861 0.862847 0.56782 0.030477
862 0.862847 0.569735 0.0305154
863 0.862847 0.591686 0.0317796
864 0.862847 0.58531 0.0331315
865 0.862847 0.583471 0.0288023
866 0.862847 0.591889 0.0325649
867 0.862847 0.5986 0.0291832
868 0.862847 0.57405 0.0372502
869 0.862847 0.582682 0.0312835
870 0.862847 0.597695 0.0299337
871 0.862847 0.605368 0.0283248
872 0.862847 0.575131 0.0299833
873 0.862847 0.553584 0.0363065
874 0.862847 0.581877 0.0324898
875 0.862847 0.583716 0.0327335
876 0.862847 0.569555 0.0358279
877 0.862847 0.561926 0.0383618
878 0.862847 0.584331 0.0386812
879 0.862847 0.61942 0.0297442
880 0.862847 0.612576 0.0248139
881 0.862847 0.599357 0.0259947
882 0.862847 0.594749 0.027645
883 0.862847 0.590674 0.0279718
884 0.862847 0.594836 0.0261234
885 0.862847 0.617431 0.0216847
886 0.862847 0.617126 0.0258081
887 0.862847 0.619579 0.0231491
888 0.862847 0.63353 0.0222763
889 0.862847 0.633986 0.0204574
890 0.862847 0.616128 0.0230902
891 0.862847 0.620507 0.021503
892 0.862847 0.607827 0.0225719
893 0.862847 0.584173 0.0275377
894 0.862847 0.600053 0.0255006
895 0.862847 0.620973 0.0270512
896 0.862847 0.614505 0.0271617
897 0.862847 0.607692 0.025788
898 0.862847 0.61936 0.0256665
899 0.862847 0.615597 0.0258913
900 0.862847 0.616301 0.0267018
901 0.862847 0.613517 0.0276094
902 0.862847 0.608578 0.0273576
903 0.862847 0.609327 0.0274173
904 0.862847 0.623387 0.0253415
905 0.862847 0.595352 0.030932
906 0.862847 0.584205 0.0301905
907 0.862847 0.60263 0.0275781
908 0.862847 0.592062 0.0268917
909 0.862847 0.614216 0.0212406
910 0.862847 0.581008 0.0295612
911 0.862847 0.571088 0.0326617
912 0.862847 0.578844 0.0310654
913 0.862847 0.560045 0.0323874
914 0.862847 0.573443 0.0342788
915 0.862847 0.55145 0.0352714
916 0.862847 0.560709 0.0332196
917 0.862847 0.591742 0.0268565
918 0.862847 0.577208 0.0291514
919 0.862847 0.567293 0.034233
920 0.862847 0.555746 0.0309375
921 0.862847 0.570604 0.030135
922 0.862847 0.566726 0.0314425
923 0.862847 0.554588 0.0301342
924 0.862847 0.562888 0.0316863
925 0.862847 0.565607 0.0279482
926 0.862847 0.573079 0.0246358
927 0.862847 0.562684 0.0274115
928 0.862847 0.572466 0.0272294
929 0.862847 0.588658 0.0235351
930 0.862847 0.58716 0.0250914
931 0.862847 0.590515 0.026775
932 0.862847 0.572925 0.0325587
933 0.862847 0.566769 0.0319556
934 0.862847 0.591296 0.0284751
935 0.862847 0.589826 0.0305806
936 0.862847 0.576541 0.0311622
937 0.862847 0.590027 0.029736
938 0.862847 0.574038 0.0350294
939 0.862847 0.592235 0.0303058
940 0.862847 0.588826 0.0317873
941 0.862847 0.589576 0.0312959
942 0.862847 0.595179 0.0272033
943 0.862847 0.601423 0.0254175
944 0.862847 0.595083 0.022981
945 0.862847 0.6017 0.0267338
946 0.862847 0.580644 0.0287444
947 0.862847 0.57448 0.0345873
948 0.862847 0.585793 0.0277034
949 0.862847 0.578971 0.0337633
950 0.862847 0.608073 0.0289702
951 0.862847 0.613715 0.0240784
952 0.862847 0.602835 0.0271212
953 0.862847 0.591922 0.0295537
954 0.862847 0.593709 0.0299322
955 0.862847 0.619118 0.0249768
956 0.862847 0.608611 0.026626
957 0.862847 0.621422 0.0231759
958 0.862847 0.593747 0.0244629
959 0.862847 0.608678 0.024006
960 0.862847 0.603507 0.0279644
961 0.862847 0.601604 0.0257169
962 0.862847 0.628105 0.0205246
963 0.862847 0.621231 0.02636
964 0.862847 0.611231 0.0260187
965 0.862847 0.604965 0.0286524
966 0.862847 0.57715 0.0296034
967 0.862847 0.597245 0.0295899
968 0.862847 0.591416 0.0314406
969 0.862847 0.584663 0.0290053
970 0.862847 0.597793 0.032833
971 0.862847 0.591955 0.0310874
972 0.862847 0.595354 0.0270506
973 0.862847 0.607744 0.0239484
974 0.862847 0.604161 0.0212707
975 0.862847 0.58406 0.028897
976 0.862847 0.584623 0.027239
977 0.862847 0.572924 0.0308031
978 0.862847 0.548428 0.0327003
979 0.862847 0.566519 0.029648
980 0.862847 0.586905 0.02805
981 0.862847 0.598847 0.0270065
982 0.862847 0.583617 0.0289902
983 0.862847 0.597723 0.0254975
984 0.862847 0.615379 0.0237827
985 0.862847 0.607728 0.029101
986 0.862847 0.602735 0.0284724
987 0.862847 0.576302 0.0308195
988 0.862847 0.6022 0.0269372
989 0.862847 0.592858 0.0330914
990 0.862847 0.568935 0.0321524
991 0.862847 0.573293 0.0331468
992 0.862847 0.592352 0.026375
993 0.862847 0.61195 0.0217446
994 0.862847 0.610111 0.0234911
995 0.862847 0.6123 0.0275592
996 0.862847 0.61681 0.0235381
997 0.862847 0.613046 0.0232958
998 0.862847 0.620753 0.0238711
999 0.862847 0.632385 0.0182978
1000 0.862847 0.629323 0.0225756
