0 0.318138 0.247427 0.000316488
1 0.320308 0.252787 0.000316749
2 0.320308 0.257653 0.000540644
3 0.37702 0.262588 0.000905249
4 0.37702 0.265816 0.000968282
5 0.37702 0.270918 0.00141948
6 0.37702 0.269768 0.00164559
7 0.37702 0.266782 0.00167604
8 0.379283 0.265533 0.00199888
9 0.423493 0.274226 0.00266418
10 0.458408 0.27225 0.00326481
11 0.458408 0.2839 0.00379563
12 0.458408 0.282671 0.00409459
13 0.458408 0.281067 0.00509331
14 0.49495 0.290009 0.00574182
15 0.51766 0.304658 0.0072556
16 0.51766 0.303434 0.00733476
17 0.51766 0.301168 0.00960843
18 0.554745 0.304793 0.0101459
19 0.554745 0.304167 0.00963489
20 0.554745 0.314681 0.0119174
21 0.55904 0.31354 0.0125522
22 0.55904 0.31745 0.0133418
23 0.55904 0.334782 0.0156727
24 0.582776 0.322853 0.0148077
25 0.582776 0.333308 0.0159315
26 0.582776 0.33397 0.0148214
27 0.582776 0.323055 0.0157369
28 0.582776 0.321439 0.0163935
29 0.583488 0.348459 0.0178982
30 0.583488 0.344454 0.0170504
31 0.583488 0.350852 0.0163173
32 0.583488 0.365563 0.0166242
33 0.583488 0.379192 0.015972
34 0.607104 0.397597 0.0156169
35 0.607104 0.375482 0.0180948
36 0.607104 0.394239 0.0164075
37 0.607596 0.405201 0.0166525
38 0.618248 0.426326 0.0179066
39 0.618248 0.44064 0.0154305
40 0.622643 0.448887 0.0152098
41 0.630878 0.47296 0.0157917
42 0.640336 0.48232 0.0144803
43 0.640336 0.494878 0.0125572
44 0.640336 0.501795 0.0122081
45 0.640336 0.508222 0.0117153
46 0.640336 0.510429 0.00973185
47 0.640336 0.521613 0.00771809
48 0.640336 0.518166 0.00885663
49 0.640336 0.501763 0.00892859
50 0.640336 0.510847 0.00854285
51 0.640336 0.520393 0.00689269
52 0.642586 0.534245 0.0069386
53 0.648031 0.533256 0.0077226
54 0.681651 0.530466 0.00706675
55 0.681651 0.531992 0.00820146
56 0.681651 0.527825 0.00997045
57 0.681651 0.532739 0.00899543
58 0.681651 0.526101 0.0101587
59 0.681651 0.532982 0.00961639
60 0.681651 0.535792 0.00885736
61 0.681651 0.537867 0.00866518
62 0.681651 0.55358 0.00718457
63 0.681651 0.555523 0.00688154
64 0.681651 0.557285 0.00676588
65 0.681651 0.539278 0.00807396
66 0.681651 0.553658 0.00712338
67 0.681651 0.561826 0.00584459
68 0.681651 0.553449 0.00783237
69 0.681651 0.562399 0.00692814
70 0.681651 0.564109 0.00721859
71 0.681651 0.563521 0.00767427
72 0.685875 0.553596 0.00770977
73 0.685875 0.557319 0.00808032
74 0.685875 0.564583 0.00780555
75 0.685875 0.55571 0.00673431
76 0.685875 0.556041 0.00833361
77 0.685875 0.571604 0.00675504
78 0.685875 0.573607 0.00721635
79 0.685875 0.576103 0.00740456
80 0.685875 0.571944 0.00623047
81 0.685875 0.563497 0.00744837
82 0.685875 0.569718 0.0086887
83 0.685875 0.560153 0.00737875
84 0.685875 0.556988 0.00898853
85 0.685875 0.579067 0.00630823
86 0.685875 0.589309 0.00640567
87 0.685875 0.579624 0.00687831
88 0.685875 0.567032 0.00878161
89 0.685875 0.577288 0.00882189
90 0.685875 0.5818 0.00777347
91 0.685875 0.575896 0.00772838
92 0.685875 0.571549 0.00735957
93 0.685875 0.574576 0.00758956
94 0.685875 0.561722 0.00864627
95 0.688191 0.567316 0.00931295
96 0.688191 0.55884 0.00751141
97 0.688191 0.564922 0.00843991
98 0.688191 0.543744 0.00885831
99 0.688191 0.55541 0.00964424
100 0.688191 0.565857 0.00902746
101 0.688191 0.560147 0.00971877
102 0.688191 0.550819 0.00974883
103 0.688191 0.549459 0.00931273
104 0.689932 0.567514 0.00756352
105 0.689932 0.558539 0.00803718
106 0.689932 0.568375 0.00759091
107 0.689932 0.574671 0.00778446
108 0.689932 0.572806 0.00939569
109 0.689932 0.559756 0.00924806
110 0.689932 0.559176 0.00944327
111 0.689932 0.572289 0.00840683
112 0.689932 0.577288 0.00853189
113 0.689932 0.564696 0.00927168
114 0.689932 0.573078 0.00830593
115 0.689932 0.564079 0.00843559
116 0.689932 0.555854 0.00901642
117 0.689932 0.560729 0.00843247
118 0.689932 0.559875 0.00929573
119 0.689932 0.540727 0.0104582
120 0.689932 0.547176 0.0103618
121 0.689932 0.561226 0.00872101
122 0.689932 0.560176 0.00884978
123 0.695934 0.548536 0.00942106
124 0.695934 0.556123 0.00960679
125 0.695934 0.539985 0.0109174
126 0.695934 0.553188 0.00987817
127 0.695934 0.550144 0.0118339
128 0.695934 0.569441 0.00962052
129 0.695934 0.57334 0.00904183
130 0.695934 0.558801 0.00995626
131 0.695934 0.556492 0.010053
132 0.695934 0.553914 0.00980963
133 0.695934 0.556513 0.0103672
134 0.695934 0.570101 0.00998932
135 0.695934 0.557274 0.0116801
136 0.695934 0.572227 0.00887322
137 0.695934 0.577625 0.00983219
138 0.695934 0.575069 0.00922287
139 0.695934 0.561661 0.0101023
140 0.695934 0.563487 0.00966825
141 0.695934 0.558496 0.00902427
142 0.695934 0.564246 0.0097722
143 0.696589 0.575456 0.00963778
144 0.696589 0.58004 0.00779633
145 0.696589 0.561431 0.0100858
146 0.696589 0.559134 0.00826945
147 0.696589 0.559359 0.00968982
148 0.696589 0.576933 0.00701927
149 0.696589 0.570398 0.00963585
150 0.696589 0.559001 0.0108757
151 0.696589 0.551036 0.0105244
152 0.696589 0.563589 0.00961824
153 0.696589 0.571479 0.00938622
154 0.696589 0.567766 0.00882488
155 0.696589 0.588032 0.00755099
156 0.697084 0.573778 0.00920323
157 0.697084 0.556795 0.0103652
158 0.697084 0.560716 0.010466
159 0.702504 0.562129 0.0104734
160 0.702504 0.568109 0.00802809
161 0.702504 0.56924 0.00952618
162 0.702504 0.577224 0.00913893
163 0.702504 0.589657 0.00789989
164 0.703125 0.576073 0.0098062
165 0.703125 0.580351 0.00855474
166 0.703125 0.584971 0.00891693
167 0.703125 0.583589 0.00901309
168 0.703125 0.579283 0.00957071
169 0.703125 0.554108 0.0111296
170 0.703125 0.557287 0.0110456
171 0.703125 0.56107 0.012241
172 0.703125 0.554114 0.0112283
173 0.703125 0.567581 0.00920338
174 0.703125 0.566118 0.0094548
175 0.703125 0.561842 0.0101539
176 0.703125 0.556965 0.00970387
177 0.703125 0.547513 0.0107397
178 0.703125 0.546373 0.010516
179 0.703125 0.548767 0.0114808
180 0.703125 0.567205 0.0103941
181 0.703125 0.562676 0.0106287
182 0.704816 0.562546 0.0112023
183 0.704816 0.5705 0.0109064
184 0.704816 0.570753 0.0110492
185 0.704816 0.562145 0.00950726
186 0.704816 0.562784 0.00950067
187 0.704816 0.563801 0.00942022
188 0.704816 0.568051 0.00912965
189 0.704816 0.571976 0.00778609
190 0.704816 0.551523 0.00940341
191 0.704816 0.563953 0.00823968
192 0.704816 0.565654 0.00957854
193 0.704816 0.567079 0.00974529
194 0.704816 0.567499 0.00901375
195 0.704816 0.56207 0.0089867
196 0.704816 0.542373 0.0124956
197 0.704816 0.552365 0.0105839
198 0.704816 0.553337 0.0107231
199 0.704816 0.566328 0.0115705
200 0.704816 0.565174 0.0104037
201 0.704816 0.564212 0.0106509
202 0.705983 0.56838 0.00937253
203 0.705983 0.575601 0.0098376
204 0.705983 0.577125 0.0101743
205 0.705983 0.579111 0.0112042
206 0.705983 0.573323 0.0122045
207 0.705983 0.556775 0.0121973
208 0.705983 0.557052 0.011232
209 0.705983 0.561258 0.0122753
210 0.705983 0.56007 0.0109899
211 0.705983 0.576769 0.00976608
212 0.705983 0.582877 0.00849811
213 0.705983 0.591017 0.00792827
214 0.705983 0.592581 0.00826643
215 0.705983 0.591349 0.0080642
216 0.705983 0.586534 0.00925126
217 0.705983 0.585567 0.00968736
218 0.705983 0.585196 0.0087359
219 0.705983 0.587573 0.00888133
220 0.705983 0.579686 0.00848477
221 0.705983 0.582856 0.00835333
222 0.705983 0.586409 0.00801348
223 0.705983 0.57619 0.00753518
224 0.705983 0.572619 0.00848301
225 0.705983 0.575076 0.00758872
226 0.705983 0.581344 0.00751655
227 0.705983 0.566227 0.0088624
228 0.705983 0.55689 0.00925553
229 0.705983 0.568337 0.00909834
230 0.705983 0.567997 0.00840508
231 0.705983 0.571831 0.00880918
232 0.705983 0.571609 0.00908341
233 0.705983 0.582886 0.00863898
234 0.705983 0.574117 0.0100776
235 0.705983 0.574497 0.00848281
236 0.705983 0.563966 0.00904941
237 0.705983 0.565429 0.00932199
238 0.705983 0.574307 0.00852788
239 0.705983 0.570114 0.00901816
240 0.705983 0.569276 0.00828625
241 0.705983 0.562421 0.0105395
242 0.705983 0.575107 0.00872268
243 0.705983 0.574647 0.00718904
244 0.705983 0.583477 0.00618313
245 0.705983 0.588711 0.00696235
246 0.705983 0.586317 0.0065577
247 0.705983 0.580436 0.00740732
248 0.705983 0.590996 0.00812623
249 0.705983 0.591547 0.00669846
250 0.705983 0.573039 0.00844842
251 0.705983 0.577499 0.00951211
252 0.705983 0.588074 0.00786641
253 0.705983 0.591813 0.00691515
254 0.712896 0.587805 0.00764306
255 0.712896 0.596823 0.00685149
256 0.712896 0.586582 0.00774772
257 0.712896 0.589055 0.00849311
258 0.712896 0.596032 0.00804156
259 0.712896 0.580807 0.00911515
260 0.712896 0.580802 0.00817452
261 0.712896 0.578896 0.00866903
262 0.712896 0.580542 0.00825933
263 0.712896 0.583867 0.00824107
264 0.712896 0.577998 0.00838915
265 0.712896 0.575492 0.00911013
266 0.712896 0.58662 0.00910445
267 0.712896 0.580159 0.00896263
268 0.712896 0.563261 0.00988315
269 0.712896 0.565513 0.0107799
270 0.712896 0.575396 0.00911453
271 0.712896 0.57269 0.0094022
272 0.712896 0.576745 0.0099873
273 0.712896 0.571399 0.00990997
274 0.712896 0.581873 0.00792962
275 0.712896 0.589763 0.00783027
276 0.712896 0.588019 0.00830417
277 0.712896 0.59623 0.00682198
278 0.712896 0.585312 0.00772759
279 0.712896 0.596136 0.00663824
280 0.712896 0.584557 0.00806945
281 0.712896 0.587082 0.00773093
282 0.712896 0.584891 0.00851692
283 0.712896 0.593071 0.00827158
284 0.712896 0.610686 0.00734543
285 0.712896 0.594282 0.007934
286 0.712896 0.599073 0.00832942
287 0.712896 0.593325 0.00847679
288 0.712896 0.589068 0.00861163
289 0.712896 0.582068 0.00832943
290 0.712896 0.573869 0.00899422
291 0.712896 0.585559 0.00846042
292 0.712896 0.582579 0.00869374
293 0.712896 0.58112 0.00775772
294 0.712896 0.580957 0.00803064
295 0.712896 0.57796 0.00702969
296 0.712896 0.571243 0.00840317
297 0.712896 0.575272 0.00922354
298 0.712896 0.585022 0.00783476
299 0.712896 0.583453 0.00900435
300 0.712896 0.575595 0.0088573
301 0.712896 0.574528 0.00880205
302 0.712896 0.588519 0.00799148
303 0.712896 0.581242 0.00846835
304 0.712896 0.574716 0.00950146
305 0.712896 0.582039 0.00919803
306 0.712896 0.591003 0.00765217
307 0.712896 0.589071 0.00773166
308 0.712896 0.576581 0.00842183
309 0.712896 0.576131 0.0084895
310 0.712896 0.575796 0.00868178
311 0.712896 0.573029 0.00901655
312 0.712896 0.574551 0.00937409
313 0.712896 0.588572 0.00804315
314 0.712896 0.589416 0.00861217
315 0.712896 0.585677 0.00912064
316 0.712896 0.580046 0.0115263
317 0.712896 0.581684 0.00985948
318 0.712896 0.582724 0.00924091
319 0.712896 0.571762 0.0102539
320 0.712896 0.574871 0.00985256
321 0.712896 0.580352 0.0099921
322 0.712896 0.583256 0.008376
323 0.712896 0.577644 0.00944134
324 0.712896 0.578186 0.00857264
325 0.712896 0.578667 0.00897871
326 0.712896 0.586804 0.00901013
327 0.712896 0.591126 0.00790975
328 0.712896 0.584287 0.0091999
329 0.712896 0.589272 0.00855364
330 0.712896 0.596882 0.00748616
331 0.712896 0.593792 0.00797141
332 0.712896 0.587309 0.00852818
333 0.712896 0.589366 0.0080059
334 0.712896 0.585353 0.00758235
335 0.712896 0.581404 0.00911208
336 0.712896 0.586152 0.00966607
337 0.712896 0.576833 0.00847318
338 0.712896 0.578535 0.00915424
339 0.712896 0.565914 0.0105158
340 0.712896 0.575576 0.00913628
341 0.712896 0.56843 0.0103844
342 0.712896 0.56704 0.0116637
343 0.712896 0.570004 0.0123998
344 0.712896 0.574502 0.0102017
345 0.712896 0.570519 0.0100575
346 0.712896 0.567065 0.0101084
347 0.712896 0.572823 0.0088935
348 0.712896 0.574073 0.0100119
349 0.712896 0.584733 0.00921422
350 0.712896 0.57403 0.0090853
351 0.712896 0.568733 0.00962172
352 0.712896 0.549055 0.0126341
353 0.712896 0.567176 0.0127212
354 0.712896 0.571345 0.0107132
355 0.712896 0.57139 0.0115874
356 0.712896 0.582298 0.0106041
357 0.712896 0.569706 0.00982003
358 0.712896 0.573139 0.00862405
359 0.712896 0.569008 0.0106615
360 0.712896 0.560402 0.0125924
361 0.712896 0.560487 0.0134229
362 0.712896 0.562652 0.0115678
363 0.712896 0.572119 0.00849846
364 0.712896 0.578849 0.00982532
365 0.712896 0.576083 0.0103361
366 0.712896 0.587493 0.00854966
367 0.712896 0.581594 0.00852692
368 0.712896 0.578476 0.00869934
369 0.712896 0.589077 0.00804154
370 0.712896 0.573021 0.00933078
371 0.712896 0.576462 0.00815421
372 0.712896 0.5792 0.00799867
373 0.712896 0.582274 0.00813387
374 0.712896 0.592985 0.00697525
375 0.712896 0.605481 0.00611861
376 0.712896 0.597708 0.00868915
377 0.712896 0.598791 0.00945529
378 0.712896 0.607143 0.0072846
379 0.712896 0.587163 0.00876766
380 0.712896 0.590338 0.00792866
381 0.712896 0.574398 0.00966295
382 0.712896 0.581303 0.00878632
383 0.712896 0.575303 0.00980227
384 0.712896 0.582005 0.00868953
385 0.712896 0.582162 0.00820927
386 0.712896 0.586431 0.00832302
387 0.712896 0.571613 0.00830562
388 0.712896 0.578307 0.00828649
389 0.712896 0.578205 0.00946375
390 0.712896 0.593579 0.00829474
391 0.712896 0.576603 0.00875938
392 0.712896 0.57107 0.00987282
393 0.712896 0.573864 0.0100779
394 0.712896 0.565135 0.0104578
395 0.712896 0.563109 0.0106229
396 0.712896 0.571421 0.0111715
397 0.712896 0.574458 0.00949218
398 0.712896 0.563514 0.0103155
399 0.712896 0.566746 0.00901254
400 0.712896 0.582045 0.0102246
401 0.712896 0.58045 0.00975427
402 0.712896 0.582204 0.0102409
403 0.712896 0.584699 0.00949611
404 0.712896 0.590141 0.0105
405 0.712896 0.575685 0.0117573
406 0.712896 0.590609 0.00852633
407 0.712896 0.582836 0.00945104
408 0.712896 0.582035 0.0088922
409 0.712896 0.582915 0.00861137
410 0.712896 0.576959 0.00833218
411 0.712896 0.584602 0.00762068
412 0.712896 0.592942 0.00777021
413 0.712896 0.579993 0.00890006
414 0.712896 0.579258 0.0106707
415 0.712896 0.578958 0.00986364
416 0.712896 0.587094 0.00856542
417 0.712896 0.587486 0.00776272
418 0.712896 0.572898 0.00944494
419 0.712896 0.569807 0.00965047
420 0.712896 0.581899 0.00813335
421 0.712896 0.587859 0.0075306
422 0.712896 0.585857 0.00783257
423 0.712896 0.5904 0.00746471
424 0.712896 0.591112 0.00855045
425 0.712896 0.577422 0.00955779
426 0.712896 0.570994 0.00967782
427 0.712896 0.573971 0.0096112
428 0.712896 0.575957 0.00948271
429 0.712896 0.575647 0.00830276
430 0.712896 0.570645 0.00965134
431 0.712896 0.570129 0.00950382
432 0.712896 0.590832 0.00841082
433 0.712896 0.604086 0.00751963
434 0.712896 0.583424 0.00893518
435 0.712896 0.575652 0.00953169
436 0.712896 0.57569 0.00810233
437 0.712896 0.581549 0.00795949
438 0.712896 0.571281 0.00890826
439 0.712896 0.580535 0.0089086
440 0.712896 0.57672 0.00952765
441 0.712896 0.576719 0.00910802
442 0.712896 0.581069 0.00926025
443 0.712896 0.571912 0.0115946
444 0.712896 0.571037 0.0104736
445 0.712896 0.573897 0.00937229
446 0.712896 0.578947 0.00998708
447 0.712896 0.575407 0.0103993
448 0.712896 0.587272 0.0122777
449 0.712896 0.572767 0.0122611
450 0.712896 0.557834 0.0122252
451 0.712896 0.565229 0.0103245
452 0.712896 0.570093 0.0100682
453 0.712896 0.5734 0.0103333
454 0.712896 0.579762 0.00901166
455 0.712896 0.569674 0.0105172
456 0.712896 0.567798 0.0104471
457 0.712896 0.558842 0.00980623
458 0.712896 0.557918 0.00997551
459 0.712896 0.56794 0.0100282
460 0.712896 0.565664 0.0101974
461 0.712896 0.571782 0.010192
462 0.712896 0.568686 0.00931999
463 0.712896 0.57814 0.00980881
464 0.712896 0.568508 0.0114322
465 0.712896 0.560408 0.00962014
466 0.712896 0.569969 0.0107684
467 0.712896 0.568354 0.00927824
468 0.712896 0.580114 0.00749426
469 0.712896 0.568873 0.00832573
470 0.712896 0.577505 0.00819763
471 0.712896 0.581023 0.00761826
472 0.712896 0.571842 0.00885621
473 0.712896 0.575342 0.00863438
474 0.712896 0.575715 0.00972909
475 0.712896 0.561453 0.00981187
476 0.712896 0.568455 0.00885461
477 0.712896 0.565193 0.010104
478 0.712896 0.561633 0.0118171
479 0.712896 0.559869 0.0115383
480 0.712896 0.574716 0.0116201
481 0.712896 0.581896 0.0109935
482 0.712896 0.579834 0.010822
483 0.712896 0.581578 0.00991018
484 0.712896 0.574435 0.00829464
485 0.712896 0.588632 0.0076349
486 0.712896 0.58256 0.00960326
487 0.712896 0.585064 0.0089108
488 0.712896 0.567727 0.0116873
489 0.712896 0.583137 0.0109255
490 0.712896 0.569964 0.0101258
491 0.712896 0.580183 0.00929383
492 0.712896 0.577812 0.00977804
493 0.712896 0.588728 0.00730751
494 0.712896 0.589528 0.00764743
495 0.712896 0.591341 0.00682533
496 0.712896 0.594392 0.00760144
497 0.712896 0.594063 0.00880151
498 0.712896 0.58047 0.0102234
499 0.712896 0.576657 0.0102182
500 0.712896 0.57573 0.0105439
501 0.712896 0.590199 0.00835175
502 0.712896 0.58502 0.0103965
503 0.712896 0.585752 0.00847653
504 0.713355 0.590243 0.00900744
505 0.713355 0.584639 0.00876708
506 0.713355 0.586864 0.00881331
507 0.713355 0.589955 0.00796651
508 0.713355 0.589476 0.00763549
509 0.713355 0.571782 0.00956724
510 0.713355 0.569104 0.0101708
511 0.713355 0.574999 0.0100513
512 0.713355 0.568857 0.0112293
513 0.713355 0.555074 0.0124493
514 0.713355 0.571442 0.0102715
515 0.713355 0.576287 0.011899
516 0.713355 0.57345 0.0104759
517 0.713355 0.564474 0.010217
518 0.713355 0.588972 0.00821217
519 0.713355 0.584715 0.0107475
520 0.713355 0.586925 0.0101109
521 0.713355 0.577833 0.00969549
522 0.713355 0.584861 0.00944846
523 0.713355 0.582329 0.00993452
524 0.713355 0.580679 0.00962955
525 0.713355 0.593769 0.0086792
526 0.713355 0.600566 0.00823456
527 0.713355 0.594299 0.00837423
528 0.713355 0.584132 0.008993
529 0.713355 0.583541 0.00932502
530 0.713355 0.578988 0.0100332
531 0.713355 0.579359 0.00906242
532 0.713355 0.592047 0.00852867
533 0.713355 0.579051 0.0100454
534 0.713355 0.584194 0.00928778
535 0.713355 0.589002 0.00827299
536 0.713355 0.583421 0.00795527
537 0.713355 0.587054 0.00715689
538 0.713355 0.588428 0.00809057
539 0.713355 0.584534 0.0087435
540 0.713355 0.585174 0.00738135
541 0.713355 0.586885 0.00895978
542 0.713355 0.583796 0.00958147
543 0.713355 0.588783 0.00869507
544 0.713355 0.580174 0.0101738
545 0.713355 0.579312 0.00889662
546 0.713355 0.574266 0.00953253
547 0.713355 0.580512 0.00924935
548 0.713355 0.575346 0.00903176
549 0.713355 0.587786 0.0080507
550 0.713355 0.590058 0.00814059
551 0.713355 0.590282 0.00796512
552 0.713355 0.590544 0.00805306
553 0.713355 0.591672 0.0069346
554 0.713355 0.58987 0.00806133
555 0.713355 0.584951 0.00748763
556 0.713355 0.590672 0.00776639
557 0.713355 0.587235 0.00804509
558 0.713355 0.593495 0.0081888
559 0.713498 0.596186 0.00889486
560 0.713498 0.59245 0.00864099
561 0.713498 0.586363 0.00785303
562 0.713498 0.580912 0.00844766
563 0.713498 0.584058 0.00900375
564 0.713498 0.568513 0.0099223
565 0.713498 0.58574 0.00768253
566 0.713498 0.588408 0.00735716
567 0.713498 0.585394 0.00850419
568 0.713498 0.592616 0.008269
569 0.713498 0.588615 0.00849762
570 0.713498 0.588494 0.00992935
571 0.713498 0.58771 0.00876147
572 0.713498 0.591281 0.00861964
573 0.713498 0.584173 0.00952131
574 0.713498 0.598942 0.00848774
575 0.713498 0.600608 0.00748834
576 0.713498 0.594933 0.00873434
577 0.713498 0.595881 0.00863889
578 0.713498 0.58063 0.00883022
579 0.713498 0.580445 0.00948672
580 0.713498 0.58172 0.0106701
581 0.713498 0.576972 0.0106865
582 0.713498 0.574188 0.0102068
583 0.713499 0.587547 0.00952174
584 0.713499 0.589205 0.00866809
585 0.713499 0.587588 0.0093797
586 0.713499 0.590341 0.00866166
587 0.713499 0.585612 0.00933212
588 0.713499 0.58902 0.00795254
589 0.713499 0.578853 0.00961992
590 0.713499 0.583887 0.00954793
591 0.713499 0.584616 0.00840894
592 0.713499 0.569379 0.00889407
593 0.713499 0.580332 0.00860931
594 0.713499 0.569236 0.0103344
595 0.713499 0.578346 0.0090976
596 0.713499 0.58112 0.0089974
597 0.713499 0.575843 0.00930851
598 0.713499 0.574802 0.0091022
599 0.713499 0.579712 0.0091032
600 0.713499 0.593048 0.00772513
601 0.713499 0.581676 0.00816654
602 0.713551 0.594622 0.00771959
603 0.713551 0.573388 0.00939032
604 0.713551 0.566046 0.00930485
605 0.713551 0.589511 0.00832693
606 0.713551 0.58855 0.0084343
607 0.713551 0.590865 0.00872691
608 0.713551 0.58244 0.0109189
609 0.713551 0.583972 0.00934618
610 0.713551 0.584064 0.00848176
611 0.713551 0.576471 0.00895858
612 0.713551 0.590776 0.00698091
613 0.713551 0.593597 0.00705066
614 0.713551 0.596208 0.00654042
615 0.713551 0.601915 0.00732641
616 0.713551 0.586081 0.0104224
617 0.713551 0.592155 0.00946972
618 0.713551 0.590973 0.00895738
619 0.713551 0.575747 0.0104695
620 0.713551 0.573598 0.00981522
621 0.713551 0.572897 0.00924379
622 0.713551 0.574906 0.00964511
623 0.713551 0.559903 0.0109171
624 0.713551 0.578636 0.00938868
625 0.713551 0.583574 0.00774912
626 0.713551 0.589709 0.00766089
627 0.713551 0.574943 0.00920308
628 0.713551 0.585831 0.00911011
629 0.713661 0.586696 0.00956278
630 0.713661 0.581705 0.00953728
631 0.713661 0.577943 0.00944287
632 0.713661 0.579276 0.0104629
633 0.713661 0.581019 0.0116264
634 0.713661 0.586279 0.00949431
635 0.713661 0.595974 0.00874417
636 0.713661 0.599314 0.00776589
637 0.713661 0.595781 0.00749197
638 0.713661 0.593218 0.00799405
639 0.713661 0.594251 0.00707074
640 0.713661 0.595051 0.00764477
641 0.713678 0.590984 0.00843906
642 0.713678 0.594203 0.00782742
643 0.713678 0.608127 0.00645643
644 0.713678 0.600224 0.00666329
645 0.713678 0.600326 0.0060504
646 0.713678 0.591496 0.00751253
647 0.713678 0.588989 0.00832782
648 0.713678 0.573422 0.00903798
649 0.713678 0.578375 0.00930561
650 0.713678 0.595125 0.00735528
651 0.713678 0.589207 0.00695603
652 0.713678 0.586168 0.0080427
653 0.713678 0.594686 0.00657917
654 0.713678 0.588322 0.0080715
655 0.713678 0.588306 0.00839136
656 0.713678 0.583847 0.00856565
657 0.713678 0.587746 0.00832257
658 0.713678 0.588786 0.00819093
659 0.713678 0.58715 0.00783662
660 0.713678 0.579664 0.0112112
661 0.713678 0.572214 0.0112156
662 0.713678 0.575725 0.0114685
663 0.713678 0.583472 0.0090903
664 0.713678 0.579698 0.00887514
665 0.713678 0.575393 0.0096969
666 0.713678 0.587372 0.00927893
667 0.713678 0.58379 0.0101323
668 0.713678 0.58558 0.0099733
669 0.713678 0.579212 0.0105568
670 0.713678 0.590032 0.00763717
671 0.713678 0.589252 0.00857122
672 0.713678 0.583154 0.009057
673 0.713678 0.579228 0.00919347
674 0.713678 0.579926 0.00989601
675 0.713678 0.582272 0.00971092
676 0.713678 0.586707 0.00961486
677 0.713678 0.589116 0.00986325
678 0.713678 0.602241 0.00847579
679 0.713678 0.608238 0.00728438
680 0.713678 0.601464 0.00808435
681 0.713678 0.593571 0.00958919
682 0.713678 0.592809 0.0091297
683 0.713678 0.596302 0.00947963
684 0.713678 0.585605 0.0098218
685 0.713678 0.59439 0.00959498
686 0.713678 0.573853 0.0105289
687 0.713678 0.585299 0.00940334
688 0.713692 0.582688 0.00878064
689 0.713692 0.591435 0.00923519
690 0.713692 0.592029 0.00868386
691 0.713692 0.592254 0.0092439
692 0.713692 0.578692 0.0104849
693 0.713692 0.569056 0.0105888
694 0.713692 0.571543 0.0117513
695 0.713692 0.567141 0.0107008
696 0.714025 0.56389 0.0113071
697 0.714025 0.569558 0.0118018
698 0.714025 0.57749 0.011086
699 0.714025 0.586989 0.00996241
700 0.714025 0.571628 0.0107748
701 0.714025 0.583008 0.00932902
702 0.714025 0.586366 0.00937436
703 0.714025 0.590807 0.00872287
704 0.714025 0.592728 0.00847209
705 0.714025 0.604331 0.00676397
706 0.714025 0.592555 0.0104386
707 0.714025 0.577926 0.0108133
708 0.714025 0.579414 0.0108704
709 0.714025 0.579512 0.00907694
710 0.714025 0.577537 0.00886959
711 0.714025 0.583274 0.00672641
712 0.714025 0.592367 0.00744755
713 0.714025 0.576542 0.00871958
714 0.714025 0.578899 0.00962919
715 0.714025 0.570263 0.00955015
716 0.714025 0.561086 0.0112921
717 0.714025 0.570918 0.0101086
718 0.714025 0.581673 0.00840052
719 0.714025 0.584647 0.00811116
720 0.714025 0.592776 0.00854648
721 0.714025 0.579993 0.0109823
722 0.714025 0.577294 0.0105839
723 0.714025 0.570861 0.0104936
724 0.714025 0.558996 0.0107633
725 0.714025 0.547643 0.0124749
726 0.714025 0.570602 0.011072
727 0.714025 0.56532 0.0111737
728 0.714025 0.564308 0.00997075
729 0.714025 0.570335 0.00892588
730 0.714025 0.563104 0.0116424
731 0.714025 0.559264 0.0132761
732 0.714025 0.569585 0.012381
733 0.714025 0.569568 0.0123461
734 0.714025 0.563139 0.0120715
735 0.714025 0.569224 0.0111101
736 0.714025 0.565342 0.0112787
737 0.714025 0.566782 0.011224
738 0.714025 0.553776 0.0114116
739 0.714025 0.565659 0.0110935
740 0.714025 0.570734 0.0105705
741 0.714025 0.56656 0.00980624
742 0.714025 0.573448 0.00916467
743 0.714025 0.577865 0.00966553
744 0.714025 0.587342 0.00773966
745 0.714025 0.587478 0.00881433
746 0.714025 0.58382 0.00942167
747 0.714025 0.57735 0.00939608
748 0.714025 0.577347 0.00927548
749 0.714025 0.570888 0.0102642
750 0.714025 0.572634 0.00851051
751 0.714025 0.579174 0.00880248
752 0.714025 0.588333 0.00881244
753 0.714025 0.594899 0.00832074
754 0.714025 0.597537 0.00744037
755 0.714025 0.583075 0.0100535
756 0.714025 0.584134 0.00792288
757 0.714025 0.588715 0.00759523
758 0.714025 0.587013 0.00831044
759 0.714025 0.584856 0.00819896
760 0.714025 0.588876 0.0082675
761 0.714025 0.589549 0.00842049
762 0.714025 0.58566 0.00772956
763 0.714025 0.584121 0.00814386
764 0.714025 0.57935 0.0100434
765 0.714025 0.576102 0.0112762
766 0.714025 0.572375 0.0107261
767 0.714025 0.55925 0.0132458
768 0.714025 0.564957 0.012978
769 0.714025 0.571151 0.0117692
770 0.714025 0.579332 0.0102497
771 0.714025 0.596727 0.00775852
772 0.714025 0.59538 0.00727878
773 0.714025 0.587597 0.00926122
774 0.714025 0.591415 0.00917829
775 0.714027 0.595951 0.00909519
776 0.714027 0.588965 0.00984184
777 0.714027 0.586575 0.0103989
778 0.714027 0.576558 0.0102323
779 0.714027 0.581388 0.0107018
780 0.714027 0.588355 0.00834787
781 0.714027 0.589861 0.00949047
782 0.714027 0.590877 0.00798769
783 0.714027 0.597411 0.00723017
784 0.714027 0.595301 0.00838581
785 0.714027 0.578665 0.0104744
786 0.714027 0.581681 0.00870607
787 0.714027 0.587541 0.00852487
788 0.714027 0.595074 0.00712174
789 0.714027 0.595993 0.00756874
790 0.714027 0.605203 0.00532443
791 0.714027 0.612866 0.00454559
792 0.714027 0.616595 0.00526685
793 0.714027 0.608014 0.0063917
794 0.714027 0.603243 0.00772115
795 0.714027 0.59706 0.00820257
796 0.714027 0.584432 0.00918941
797 0.714027 0.588156 0.00834539
798 0.714027 0.573457 0.00994542
799 0.714027 0.567245 0.0109431
800 0.714027 0.573833 0.00929688
801 0.714027 0.575251 0.00962445
802 0.714027 0.575344 0.0118334
803 0.714027 0.569354 0.0109123
804 0.714027 0.571303 0.0114552
805 0.714027 0.568256 0.0110247
806 0.714027 0.568725 0.0116044
807 0.714027 0.582138 0.00911348
808 0.714027 0.595437 0.00828087
809 0.714027 0.598657 0.00763438
810 0.714027 0.596013 0.00711261
811 0.714027 0.595676 0.00730381
812 0.714027 0.602292 0.00624534
813 0.714027 0.582716 0.00882184
814 0.714027 0.576001 0.00956991
815 0.714027 0.586837 0.00851721
816 0.714027 0.591393 0.00774164
817 0.714027 0.594961 0.00778154
818 0.714027 0.580885 0.00856356
819 0.714027 0.582594 0.00882881
820 0.714027 0.578104 0.00836972
821 0.714027 0.583798 0.00777637
822 0.714027 0.577933 0.00859339
823 0.714027 0.586525 0.00837261
824 0.714027 0.58019 0.00907956
825 0.714027 0.58915 0.00791871
826 0.714027 0.598585 0.00736888
827 0.714027 0.577408 0.00891904
828 0.714027 0.570642 0.00855028
829 0.714027 0.572986 0.0101793
830 0.714027 0.570379 0.00927105
831 0.714027 0.552825 0.0101412
832 0.714027 0.563971 0.0105647
833 0.714027 0.571814 0.0114144
834 0.714027 0.5767 0.0104585
835 0.714027 0.575455 0.00916677
836 0.714027 0.588032 0.00840777
837 0.714027 0.576943 0.011889
838 0.714027 0.575603 0.0108789
839 0.714027 0.57081 0.00966723
840 0.714027 0.578792 0.00879539
841 0.714027 0.578852 0.00918189
842 0.714027 0.577004 0.00795424
843 0.714027 0.583098 0.00869992
844 0.714027 0.589036 0.00817163
845 0.714027 0.587547 0.00876709
846 0.714027 0.577908 0.00910768
847 0.714028 0.567337 0.0103623
848 0.714028 0.574753 0.00994384
849 0.714028 0.579237 0.00846607
850 0.714028 0.580292 0.0101792
851 0.714028 0.58088 0.00993547
852 0.714028 0.583089 0.00851644
853 0.714028 0.579932 0.0101002
854 0.714028 0.580442 0.00839368
855 0.714028 0.579056 0.00889207
856 0.714028 0.582073 0.00749132
857 0.714028 0.591532 0.00682556
858 0.714028 0.592593 0.00757857
859 0.714028 0.593969 0.0074219
860 0.714028 0.593686 0.00796389
861 0.714028 0.591051 0.00794688
862 0.714028 0.590744 0.00836386
863 0.714028 0.598277 0.0076393
864 0.714028 0.595957 0.007711
865 0.714028 0.57922 0.00912083
866 0.714028 0.590958 0.00866755
867 0.714028 0.586418 0.0088927
868 0.714028 0.58686 0.00930718
869 0.714028 0.591821 0.00951974
870 0.714028 0.577737 0.00997163
871 0.714028 0.573322 0.00930138
872 0.714028 0.575984 0.00994087
873 0.714028 0.584902 0.00906441
874 0.714028 0.584289 0.00824494
875 0.714028 0.574442 0.00960553
876 0.714028 0.574317 0.00972517
877 0.714028 0.565553 0.0101354
878 0.714028 0.577828 0.00942899
879 0.714028 0.582484 0.010329
880 0.714028 0.567751 0.0102886
881 0.714028 0.578225 0.0101101
882 0.714028 0.581339 0.0109364
883 0.714028 0.587841 0.0103643
884 0.714028 0.578082 0.00944406
885 0.714028 0.573735 0.00914596
886 0.714028 0.577407 0.00987768
887 0.714028 0.588861 0.0102036
888 0.714028 0.579591 0.0089581
889 0.714028 0.584154 0.00821578
890 0.714028 0.586943 0.00840971
891 0.714028 0.588643 0.00874108
892 0.714028 0.595132 0.00688708
893 0.714028 0.596289 0.00738674
894 0.714028 0.593773 0.00634132
895 0.714028 0.590062 0.00868027
896 0.714028 0.58665 0.00862028
897 0.714028 0.585953 0.0107056
898 0.714028 0.580995 0.00919011
899 0.714028 0.577367 0.0108063
900 0.714028 0.596746 0.00842897
901 0.714028 0.583472 0.0092637
902 0.714028 0.586818 0.00887502
903 0.714028 0.587495 0.00840401
904 0.714028 0.589522 0.00825697
905 0.714028 0.579294 0.010053
906 0.714028 0.577884 0.00915955
907 0.714028 0.570982 0.00948084
908 0.714028 0.565163 0.00934802
909 0.714028 0.564154 0.00985092
910 0.714028 0.579805 0.00880958
911 0.714028 0.573792 0.0107894
912 0.714028 0.58172 0.00938568
913 0.714028 0.576009 0.0109121
914 0.714028 0.564929 0.0109065
915 0.714028 0.575151 0.00849921
916 0.714028 0.583559 0.00825004
917 0.714028 0.594407 0.00874921
918 0.714028 0.582105 0.00956057
919 0.714028 0.594802 0.00844669
920 0.714028 0.592246 0.00799296
921 0.714028 0.580963 0.00964956
922 0.714028 0.581958 0.00915225
923 0.714028 0.581627 0.00910286
924 0.714028 0.577411 0.0089836
925 0.714028 0.573441 0.00913301
926 0.714028 0.574231 0.00997892
927 0.714028 0.584177 0.00879581
928 0.714028 0.585298 0.0101479
929 0.714028 0.573327 0.0110467
930 0.714028 0.581177 0.00970004
931 0.714028 0.591354 0.00763916
932 0.714028 0.580381 0.00884573
933 0.714028 0.57043 0.00815673
934 0.714028 0.565425 0.0100282
935 0.714028 0.570579 0.00944699
936 0.714028 0.570339 0.00991411
937 0.714028 0.583198 0.008507
938 0.714028 0.597064 0.00743826
939 0.714028 0.593426 0.00889603
940 0.714028 0.591591 0.00848954
941 0.714028 0.577413 0.00855095
942 0.714028 0.575196 0.0098071
943 0.714028 0.586361 0.00834813
944 0.714028 0.580931 0.00852248
945 0.714028 0.568593 0.00984489
946 0.714028 0.562831 0.00950348
947 0.714028 0.565197 0.0104611
948 0.714028 0.559953 0.0136555
949 0.714028 0.563223 0.0114581
950 0.714028 0.572145 0.0109728
951 0.714028 0.567329 0.00889463
952 0.714028 0.571927 0.0088092
953 0.714028 0.573571 0.0087039
954 0.714028 0.561915 0.0111169
955 0.714028 0.560479 0.0114735
956 0.714028 0.580887 0.00955047
957 0.714028 0.58293 0.0111745
958 0.714028 0.570214 0.0113908
959 0.714028 0.569363 0.0119429
960 0.714028 0.574765 0.0118441
961 0.714028 0.581303 0.0106025
962 0.714028 0.58192 0.00991442
963 0.714028 0.571105 0.01175
964 0.714028 0.579283 0.0106203
965 0.714028 0.585882 0.00881755
966 0.714028 0.577448 0.00912347
967 0.714028 0.575273 0.00867721
968 0.714028 0.58555 0.00771322
969 0.714028 0.573379 0.00819554
970 0.714028 0.586285 0.0083227
971 0.714028 0.59179 0.00829545
972 0.714028 0.574085 0.00970083
973 0.714028 0.59159 0.00914417
974 0.714028 0.578026 0.00929674
975 0.714028 0.579487 0.008218
976 0.714028 0.582033 0.0072195
977 0.714028 0.582067 0.00809156
978 0.714028 0.5812 0.00808234
979 0.714028 0.582486 0.00820518
980 0.714028 0.580587 0.00802509
981 0.714028 0.594624 0.00806397
982 0.714028 0.589367 0.0080724
983 0.714028 0.591041 0.00846681
984 0.714028 0.571044 0.00885617
985 0.714028 0.576824 0.00863452
986 0.714028 0.573641 0.00978612
987 0.714028 0.581066 0.0108399
988 0.714028 0.585571 0.0105434
989 0.714028 0.582065 0.00923232
990 0.714028 0.594735 0.0081538
991 0.714028 0.596324 0.00820187
992 0.714028 0.595294 0.00754077
993 0.714028 0.590194 0.00753617
994 0.714028 0.5791 0.00939441
995 0.714028 0.580992 0.0079579
996 0.714028 0.584586 0.00865037
997 0.714028 0.574905 0.0114249
998 0.714028 0.577683 0.00977198
999 0.714028 0.590678 0.00736717
1000 0.714028 0.585538 0.0087064
