0 0.503798 0.497695 0.000122515
1 0.547686 0.499617 9.00187e-05
2 0.547686 0.496773 0.00160393
3 0.739906 0.499873 0.00265084
4 0.739906 0.511099 0.00156254
5 0.739906 0.516814 0.00257829
6 0.739906 0.526498 0.00344054
7 0.739906 0.532151 0.00501717
8 0.805322 0.54137 0.00944543
9 0.805322 0.531832 0.0120474
10 0.82472 0.551666 0.0129031
11 0.82472 0.563843 0.0112028
12 0.82472 0.562668 0.0107349
13 0.82472 0.569957 0.0122862
14 0.85367 0.564575 0.0157987
15 0.85367 0.568275 0.0136818
16 0.85367 0.564988 0.0139789
17 0.85367 0.572553 0.0157455
18 0.85367 0.571838 0.0147172
19 0.85367 0.58353 0.0165767
20 0.85367 0.58203 0.0139544
21 0.860808 0.591571 0.0161608
22 0.862297 0.593349 0.0184136
23 0.882237 0.602043 0.0205191
24 0.897826 0.602195 0.0187359
25 0.909004 0.62239 0.025863
26 0.935074 0.615153 0.023628
27 0.935074 0.630612 0.0258388
28 0.947232 0.622619 0.0285713
29 0.947232 0.646783 0.0315592
30 0.979482 0.628358 0.0283151
31 0.979482 0.60619 0.0339741
32 0.979482 0.636023 0.0345964
33 0.979482 0.634694 0.0355529
34 0.979482 0.651714 0.0377957
35 0.979482 0.677063 0.0439586
36 0.979482 0.684497 0.0349836
37 0.98379 0.702154 0.0345174
38 0.98379 0.703996 0.0333759
39 0.98379 0.715878 0.0382203
40 0.98379 0.730882 0.0348587
41 0.98379 0.757943 0.0326136
42 0.98379 0.760416 0.026473
43 0.98379 0.776945 0.0262326
44 0.98379 0.782338 0.0287241
45 0.98379 0.779263 0.0334258
46 0.983881 0.78516 0.0308025
47 0.983881 0.776109 0.0336282
48 0.986953 0.789974 0.033224
49 0.986953 0.814026 0.0366382
50 0.986953 0.822763 0.0317325
51 0.988645 0.792652 0.0372436
52 0.988645 0.779343 0.0401385
53 0.988645 0.822936 0.031842
54 0.988645 0.798237 0.0316304
55 0.988645 0.800834 0.0370512
56 0.988645 0.794395 0.0425324
57 0.988645 0.776239 0.0403709
58 0.988645 0.80044 0.0359121
59 0.988645 0.795024 0.0352127
60 0.988645 0.799359 0.0304865
61 0.988645 0.765719 0.0418584
62 0.988645 0.757865 0.0398166
63 0.988645 0.820771 0.0292119
64 0.988645 0.828115 0.025682
65 0.988645 0.825268 0.027627
66 0.988645 0.834937 0.0200054
67 0.98901 0.835505 0.03243
68 0.98901 0.813555 0.0340769
69 0.989213 0.819654 0.0323374
70 0.989258 0.81724 0.0369187
71 0.989258 0.800261 0.0419425
72 0.989258 0.800295 0.0359606
73 0.989258 0.816239 0.0319696
74 0.989258 0.812651 0.0276139
75 0.989258 0.811279 0.0323848
76 0.990218 0.832272 0.0262943
77 0.990218 0.833538 0.0277203
78 0.990218 0.823542 0.0295731
79 0.990218 0.81994 0.0344123
80 0.990218 0.824193 0.0270149
81 0.991601 0.814131 0.0320902
82 0.991601 0.816916 0.026499
83 0.991601 0.813443 0.0288035
84 0.991601 0.801747 0.0316055
85 0.991601 0.818215 0.0270156
86 0.991601 0.795327 0.0349482
87 0.991601 0.796838 0.0371056
88 0.991601 0.798181 0.0313563
89 0.991601 0.827671 0.0289192
90 0.991601 0.827003 0.0255929
91 0.991601 0.804322 0.0288753
92 0.991825 0.81915 0.0273896
93 0.991825 0.816035 0.0270249
94 0.991825 0.831015 0.0271865
95 0.99197 0.834395 0.0268458
96 0.99197 0.843068 0.0275402
97 0.99197 0.844506 0.0242898
98 0.99197 0.862395 0.0264162
99 0.99197 0.874145 0.0183973
100 0.99197 0.863912 0.0175798
101 0.99197 0.862025 0.0165868
102 0.99197 0.850408 0.0245077
103 0.99197 0.840913 0.0363959
104 0.99197 0.839755 0.0316147
105 0.99197 0.851907 0.0270148
106 0.99197 0.895528 0.0119332
107 0.99197 0.895111 0.0142504
108 0.99197 0.891992 0.0147573
109 0.99197 0.888683 0.0170381
110 0.99197 0.870833 0.0235067
111 0.99197 0.857115 0.0292039
112 0.99197 0.86374 0.031403
113 0.99197 0.850139 0.0314534
114 0.991982 0.855369 0.0299691
115 0.991982 0.878409 0.015103
116 0.991982 0.882476 0.0185974
117 0.991982 0.895953 0.0135832
118 0.991982 0.910609 0.00814452
119 0.991982 0.892026 0.0164014
120 0.991982 0.890013 0.014643
121 0.991982 0.88863 0.0159313
122 0.991982 0.894774 0.011342
123 0.991982 0.889048 0.0109002
124 0.991982 0.860928 0.0203818
125 0.991982 0.887079 0.0136385
126 0.991982 0.900152 0.0101264
127 0.991982 0.880568 0.0140008
128 0.991982 0.868461 0.0208329
129 0.991982 0.886159 0.0181938
130 0.991982 0.869802 0.0218637
131 0.991982 0.87258 0.027386
132 0.991982 0.868429 0.025013
133 0.991982 0.857389 0.0264185
134 0.991982 0.863704 0.0264703
135 0.991982 0.857044 0.0246286
136 0.991982 0.865386 0.0233748
137 0.991982 0.859816 0.019397
138 0.991982 0.875106 0.0157054
139 0.992294 0.882063 0.0136404
140 0.992294 0.893433 0.0153146
141 0.992294 0.87055 0.0227779
142 0.992294 0.868315 0.0217917
143 0.992294 0.86393 0.0226659
144 0.992294 0.882856 0.0158595
145 0.992294 0.899298 0.0123562
146 0.992294 0.902379 0.00865203
147 0.992294 0.894066 0.0182871
148 0.992294 0.893731 0.0194001
149 0.992294 0.899963 0.0160483
150 0.992294 0.883229 0.0207819
151 0.992294 0.879851 0.022965
152 0.992294 0.898094 0.0157632
153 0.992294 0.906444 0.00986566
154 0.992294 0.900899 0.0111433
155 0.992294 0.897676 0.0125429
156 0.992294 0.907918 0.00908473
157 0.992294 0.888229 0.0203534
158 0.992294 0.898225 0.0148665
159 0.992294 0.887968 0.01553
160 0.992294 0.869043 0.022617
161 0.992294 0.855166 0.0184605
162 0.992294 0.893703 0.0133098
163 0.992294 0.879966 0.0220119
164 0.992294 0.878621 0.0198188
165 0.992294 0.875171 0.0177331
166 0.992294 0.862786 0.018654
167 0.992294 0.85781 0.0254432
168 0.992294 0.863204 0.0235941
169 0.992294 0.886171 0.0195789
170 0.992419 0.885591 0.0226799
171 0.992419 0.894114 0.0189139
172 0.992419 0.873751 0.0209645
173 0.992419 0.855805 0.0182798
174 0.992419 0.854217 0.0203313
175 0.992419 0.860172 0.0217853
176 0.992419 0.853672 0.0240029
177 0.992419 0.846119 0.0227268
178 0.992419 0.845461 0.0214979
179 0.992419 0.86883 0.0197437
180 0.992419 0.86399 0.0233331
181 0.992419 0.849926 0.0258461
182 0.992419 0.86303 0.0283608
183 0.992419 0.872181 0.0196375
184 0.992419 0.87702 0.0163834
185 0.992419 0.870211 0.0183423
186 0.992419 0.888314 0.0130287
187 0.992419 0.899193 0.00981037
188 0.992419 0.883772 0.0129622
189 0.992419 0.888349 0.00896479
190 0.992419 0.895368 0.00907158
191 0.992419 0.878429 0.0140529
192 0.992419 0.885257 0.0131796
193 0.992419 0.884754 0.0166732
194 0.992419 0.89249 0.0099252
195 0.992419 0.899068 0.0141828
196 0.992419 0.909468 0.00968414
197 0.992419 0.912134 0.00967552
198 0.992546 0.90646 0.0100258
199 0.992546 0.913444 0.00925002
200 0.992546 0.902934 0.00764263
201 0.992546 0.903252 0.00742969
202 0.992546 0.891678 0.0118432
203 0.992546 0.89787 0.0115874
204 0.992789 0.907035 0.0109172
205 0.992789 0.905391 0.0133453
206 0.992789 0.90774 0.0111329
207 0.992789 0.887718 0.0166648
208 0.992789 0.897592 0.0127269
209 0.992789 0.881673 0.0181959
210 0.992789 0.890105 0.0145501
211 0.992789 0.895294 0.0139777
212 0.992789 0.885174 0.0144184
213 0.992789 0.879327 0.0176362
214 0.992789 0.847736 0.028376
215 0.992789 0.868276 0.0202715
216 0.992789 0.871409 0.0201056
217 0.992789 0.88068 0.0185669
218 0.992874 0.900092 0.0138658
219 0.992874 0.906239 0.0120477
220 0.992874 0.902901 0.0172196
221 0.993219 0.919991 0.00862738
222 0.993219 0.916684 0.0120111
223 0.993219 0.891937 0.0225421
224 0.993219 0.909405 0.0160386
225 0.993219 0.921815 0.0114301
226 0.993219 0.899375 0.0137398
227 0.993219 0.880268 0.0193512
228 0.993219 0.885957 0.0167475
229 0.993219 0.886583 0.0203447
230 0.993219 0.906817 0.0107144
231 0.993219 0.902404 0.0114691
232 0.993219 0.896746 0.0122208
233 0.993219 0.910885 0.00812966
234 0.993219 0.898524 0.0136976
235 0.993219 0.89066 0.0174774
236 0.993219 0.893906 0.0159773
237 0.993219 0.889798 0.0161992
238 0.993219 0.907974 0.0099862
239 0.993219 0.905008 0.0100269
240 0.993419 0.869873 0.0157907
241 0.993419 0.881205 0.0137808
242 0.993419 0.88036 0.013492
243 0.993419 0.871804 0.0158351
244 0.993419 0.868463 0.0158489
245 0.993419 0.869817 0.0175776
246 0.993419 0.890218 0.015026
247 0.993419 0.878712 0.0166087
248 0.993419 0.876582 0.0204008
249 0.993428 0.882125 0.017855
250 0.993428 0.872957 0.0157045
251 0.993428 0.850319 0.0208433
252 0.993428 0.844455 0.0233745
253 0.993428 0.859585 0.0231091
254 0.993428 0.87018 0.0235019
255 0.993428 0.877288 0.0212684
256 0.993599 0.873064 0.0212193
257 0.993599 0.882815 0.016719
258 0.993599 0.89379 0.0228505
259 0.993599 0.863108 0.0242062
260 0.993599 0.872596 0.0232469
261 0.993638 0.891632 0.0131728
262 0.993638 0.871229 0.0172627
263 0.993638 0.879818 0.0169539
264 0.993638 0.876207 0.0187047
265 0.993638 0.865736 0.0235279
266 0.993638 0.863558 0.0241601
267 0.993638 0.863732 0.0240384
268 0.993638 0.863554 0.0209584
269 0.993638 0.874498 0.016492
270 0.993638 0.864542 0.0155943
271 0.993638 0.859021 0.0201853
272 0.993638 0.833289 0.027414
273 0.993638 0.853342 0.0247329
274 0.993638 0.862274 0.0195534
275 0.993638 0.864091 0.019723
276 0.993638 0.852867 0.020666
277 0.993638 0.856248 0.0174418
278 0.993638 0.853105 0.0221322
279 0.993638 0.844892 0.0242229
280 0.993638 0.856923 0.0235679
281 0.993638 0.890013 0.0186746
282 0.993638 0.880977 0.0153888
283 0.993638 0.874433 0.0193337
284 0.993638 0.871027 0.0202474
285 0.993638 0.851739 0.0262716
286 0.993638 0.842114 0.0267747
287 0.993638 0.864905 0.0212769
288 0.993638 0.83706 0.0229672
289 0.993638 0.827994 0.0321699
290 0.993638 0.856616 0.0305851
291 0.993638 0.85558 0.0283967
292 0.994263 0.871173 0.0228474
293 0.994263 0.874418 0.0207561
294 0.994263 0.870578 0.0199174
295 0.994263 0.868332 0.0192216
296 0.994263 0.838927 0.0328194
297 0.994263 0.817152 0.0304323
298 0.994263 0.817041 0.0300474
299 0.994263 0.823878 0.0271334
300 0.994263 0.830105 0.0239721
301 0.994263 0.826294 0.0299488
302 0.994263 0.847013 0.0263575
303 0.994263 0.844362 0.0259795
304 0.994263 0.848877 0.0285912
305 0.994263 0.850591 0.0238577
306 0.994263 0.85566 0.024856
307 0.994263 0.843641 0.0254551
308 0.994263 0.840928 0.0264149
309 0.994263 0.853506 0.0305091
310 0.994263 0.839315 0.0241197
311 0.994263 0.865352 0.0201836
312 0.994263 0.869399 0.0201067
313 0.994263 0.858532 0.0289305
314 0.994263 0.843417 0.024685
315 0.994263 0.856189 0.0175775
316 0.994263 0.880683 0.0183225
317 0.994358 0.851405 0.0204676
318 0.994628 0.8551 0.0199385
319 0.994628 0.849805 0.0224948
320 0.994628 0.863325 0.0171581
321 0.994628 0.858732 0.0200571
322 0.994628 0.854719 0.0182114
323 0.994628 0.848125 0.0206903
324 0.994628 0.855551 0.0187316
325 0.99542 0.864936 0.0186388
326 0.99542 0.857228 0.0158824
327 0.99542 0.869834 0.0192078
328 0.99542 0.862405 0.0238818
329 0.99542 0.836706 0.0233189
330 0.99542 0.846217 0.0241108
331 0.99542 0.836912 0.0291871
332 0.99542 0.840582 0.0300631
333 0.99542 0.84378 0.0244659
334 0.99542 0.80968 0.0323802
335 0.99542 0.825303 0.0286737
336 0.99542 0.830656 0.0291678
337 0.99542 0.837503 0.0232502
338 0.99542 0.841811 0.0261741
339 0.99542 0.838269 0.0294966
340 0.99542 0.844606 0.0279346
341 0.99542 0.857251 0.026337
342 0.99542 0.845508 0.0292588
343 0.99542 0.866977 0.0208035
344 0.99542 0.905385 0.0112186
345 0.995516 0.878813 0.0173515
346 0.995516 0.855991 0.0241729
347 0.995516 0.868276 0.0186256
348 0.995516 0.853862 0.0232439
349 0.995516 0.867736 0.0264735
350 0.995516 0.856667 0.0271708
351 0.995562 0.847378 0.0252323
352 0.995562 0.840428 0.0259114
353 0.995562 0.825048 0.0290264
354 0.995562 0.826982 0.0291463
355 0.995562 0.809948 0.0306616
356 0.995562 0.837303 0.0266125
357 0.995565 0.842042 0.0274641
358 0.995807 0.839912 0.0290365
359 0.995807 0.871652 0.0240592
360 0.995807 0.865083 0.0247643
361 0.995807 0.875845 0.0167062
362 0.995807 0.88172 0.0203107
363 0.995807 0.880725 0.0234827
364 0.996073 0.852651 0.0259999
365 0.996073 0.845747 0.0291974
366 0.996073 0.868925 0.0254223
367 0.996073 0.875467 0.0193
368 0.996073 0.888618 0.0166641
369 0.996073 0.890348 0.0141641
370 0.996073 0.88519 0.0138053
371 0.996073 0.864515 0.0181607
372 0.996073 0.862634 0.0197793
373 0.996073 0.857399 0.0257646
374 0.996853 0.857133 0.0235936
375 0.996853 0.881341 0.018418
376 0.996853 0.861574 0.0263542
377 0.996853 0.89076 0.0137857
378 0.996853 0.884979 0.0176659
379 0.996853 0.869701 0.0193944
380 0.996853 0.863363 0.0243655
381 0.996853 0.854035 0.0291303
382 0.996853 0.862565 0.0219901
383 0.996853 0.860172 0.024278
384 0.996853 0.87805 0.0203437
385 0.996853 0.887171 0.01551
386 0.996853 0.885747 0.0174456
387 0.996853 0.856474 0.0308672
388 0.996853 0.87913 0.0197977
389 0.996853 0.896492 0.0163304
390 0.996853 0.895763 0.0145718
391 0.996853 0.881047 0.0227957
392 0.996853 0.870992 0.0224635
393 0.996853 0.899177 0.0173042
394 0.996853 0.885745 0.0197892
395 0.996853 0.867046 0.0372776
396 0.996853 0.88188 0.028536
397 0.996853 0.894663 0.0214116
398 0.996853 0.923118 0.0100513
399 0.996853 0.896317 0.0152358
400 0.996853 0.890756 0.0157718
401 0.996853 0.881984 0.0150608
402 0.996853 0.869626 0.0233085
403 0.996853 0.872112 0.022643
404 0.996853 0.889209 0.0209231
405 0.996853 0.894515 0.0210781
406 0.996853 0.89246 0.0181637
407 0.996853 0.886553 0.0172858
408 0.996853 0.896086 0.014405
409 0.996853 0.903203 0.0117027
410 0.996853 0.891654 0.018035
411 0.996853 0.866385 0.0198673
412 0.997134 0.870715 0.0207309
413 0.997134 0.879902 0.021866
414 0.997134 0.882592 0.0196497
415 0.997134 0.892687 0.0177351
416 0.997134 0.899026 0.0136249
417 0.997134 0.891208 0.0167679
418 0.997134 0.908161 0.0127568
419 0.997134 0.901174 0.0129134
420 0.997134 0.863096 0.0234935
421 0.997134 0.875705 0.0190493
422 0.997134 0.885571 0.0143242
423 0.997134 0.865968 0.01995
424 0.997134 0.877391 0.0204338
425 0.997134 0.880487 0.0211147
426 0.997134 0.88176 0.0158356
427 0.997134 0.894787 0.0184737
428 0.997134 0.901174 0.0121177
429 0.997134 0.900425 0.0146052
430 0.997134 0.886427 0.016346
431 0.997134 0.874164 0.0174324
432 0.997134 0.887102 0.0149129
433 0.997247 0.89321 0.0116576
434 0.997247 0.879851 0.0176999
435 0.997247 0.849672 0.023346
436 0.997247 0.864698 0.0232525
437 0.997247 0.85336 0.0246752
438 0.997247 0.858037 0.0215841
439 0.997247 0.877442 0.017504
440 0.997247 0.883404 0.0162874
441 0.997247 0.902191 0.0149668
442 0.997247 0.907665 0.0153436
443 0.997247 0.900073 0.0167617
444 0.997315 0.889791 0.0148683
445 0.997315 0.893441 0.0133085
446 0.997315 0.902528 0.0129631
447 0.997315 0.910436 0.0138499
448 0.997315 0.911056 0.0106191
449 0.997315 0.898503 0.0153906
450 0.997315 0.895183 0.0208269
451 0.997315 0.890053 0.0172619
452 0.997315 0.886201 0.0158389
453 0.997315 0.878509 0.0243746
454 0.997391 0.87065 0.0300086
455 0.997391 0.878059 0.0236662
456 0.997391 0.878171 0.0202748
457 0.997391 0.880656 0.017515
458 0.997391 0.878252 0.0197239
459 0.997391 0.881724 0.0175445
460 0.997391 0.896972 0.015033
461 0.997391 0.899244 0.0143477
462 0.997391 0.898805 0.0151465
463 0.997507 0.903483 0.0151127
464 0.997507 0.90574 0.013209
465 0.997507 0.906439 0.0157992
466 0.997507 0.897842 0.0153817
467 0.997507 0.906423 0.0136745
468 0.997507 0.90449 0.01504
469 0.997507 0.898764 0.0150332
470 0.997507 0.895752 0.0136884
471 0.997507 0.898883 0.0140119
472 0.997507 0.887144 0.0163478
473 0.997507 0.875438 0.0265669
474 0.997507 0.874382 0.0215028
475 0.997507 0.884967 0.0180953
476 0.997507 0.904449 0.013596
477 0.997599 0.8978 0.0169479
478 0.997599 0.908343 0.0175999
479 0.997599 0.905225 0.0184839
480 0.997599 0.888743 0.0198117
481 0.997599 0.898316 0.0191121
482 0.997599 0.911585 0.0155802
483 0.997599 0.921755 0.0104139
484 0.997599 0.906624 0.0165104
485 0.997599 0.899037 0.0188219
486 0.997599 0.892347 0.0187558
487 0.997599 0.893684 0.0157632
488 0.99765 0.881751 0.0176909
489 0.99765 0.890435 0.0221689
490 0.99765 0.900157 0.0215621
491 0.99765 0.897422 0.019073
492 0.99765 0.908496 0.0149221
493 0.99765 0.883848 0.0222281
494 0.99765 0.913999 0.0113518
495 0.99765 0.904562 0.0197297
496 0.99765 0.90491 0.0159542
497 0.99765 0.89583 0.0210973
498 0.99765 0.894614 0.0235417
499 0.99765 0.909451 0.0156175
500 0.99765 0.899791 0.0215023
501 0.99765 0.913402 0.0168693
502 0.99765 0.899867 0.0184583
503 0.99765 0.89683 0.0207292
504 0.99765 0.91057 0.0142119
505 0.99765 0.903914 0.0186573
506 0.99765 0.883939 0.0202186
507 0.99765 0.879593 0.0250614
508 0.99765 0.899673 0.0150372
509 0.99765 0.90613 0.0166343
510 0.99765 0.902477 0.0148933
511 0.99787 0.894535 0.0188654
512 0.99787 0.903449 0.0146362
513 0.99787 0.890691 0.0197572
514 0.99787 0.891528 0.0207027
515 0.99787 0.912768 0.0112265
516 0.99787 0.928394 0.00593617
517 0.99787 0.913868 0.00816114
518 0.99787 0.903875 0.0148533
519 0.99787 0.894076 0.0180563
520 0.99787 0.897491 0.0174925
521 0.99787 0.891373 0.0177339
522 0.99787 0.905866 0.0114728
523 0.99787 0.886721 0.01885
524 0.99787 0.889427 0.019839
525 0.99787 0.882115 0.0183248
526 0.99787 0.900469 0.0146907
527 0.99787 0.889581 0.0170874
528 0.99787 0.905665 0.0137102
529 0.99787 0.896176 0.0152761
530 0.99787 0.870534 0.0248218
531 0.99787 0.870213 0.0300236
532 0.99787 0.892655 0.0190205
533 0.99787 0.889317 0.0219571
534 0.99787 0.896979 0.0177778
535 0.99787 0.903883 0.0160172
536 0.99787 0.914316 0.0116685
537 0.99787 0.925349 0.010284
538 0.99787 0.928716 0.00999672
539 0.99787 0.916747 0.0114216
540 0.997941 0.906902 0.0115148
541 0.997941 0.912865 0.013347
542 0.997941 0.912181 0.0125998
543 0.997989 0.905442 0.0149892
544 0.998041 0.910308 0.0124848
545 0.998041 0.922318 0.0133072
546 0.998041 0.928902 0.00977886
547 0.998041 0.913748 0.012917
548 0.998041 0.896482 0.0159596
549 0.998041 0.899491 0.0138568
550 0.998041 0.899103 0.0181613
551 0.998041 0.90061 0.0145614
552 0.998041 0.901196 0.0135474
553 0.998041 0.899969 0.0149845
554 0.998041 0.900283 0.0196702
555 0.998041 0.916171 0.0115629
556 0.998041 0.909092 0.0135509
557 0.998041 0.915791 0.0136759
558 0.998041 0.915447 0.0108472
559 0.998041 0.903307 0.0139732
560 0.998041 0.908215 0.0119508
561 0.998041 0.908958 0.0133094
562 0.998041 0.91403 0.00939544
563 0.998041 0.921025 0.011779
564 0.998041 0.928844 0.0110609
565 0.998041 0.907786 0.0125073
566 0.998041 0.922057 0.00746523
567 0.998041 0.907738 0.0146969
568 0.998041 0.900938 0.0134987
569 0.998041 0.897163 0.0150648
570 0.998041 0.896209 0.00997544
571 0.998041 0.895411 0.016102
572 0.998041 0.903274 0.0154372
573 0.998041 0.90344 0.0159784
574 0.998041 0.90339 0.0178456
575 0.998041 0.89589 0.0158915
576 0.998041 0.897327 0.0209952
577 0.998041 0.882697 0.0270993
578 0.998041 0.88931 0.0224845
579 0.998041 0.887733 0.0240605
580 0.998041 0.90102 0.0173357
581 0.998168 0.903776 0.0185265
582 0.998168 0.897154 0.020049
583 0.998168 0.898444 0.0199304
584 0.998168 0.904247 0.0156794
585 0.998168 0.912061 0.0150769
586 0.998168 0.892647 0.0248421
587 0.998168 0.886262 0.0221111
588 0.998168 0.880143 0.0219698
589 0.998168 0.882944 0.0278763
590 0.998168 0.887312 0.0240145
591 0.998168 0.907281 0.0144061
592 0.998168 0.893188 0.0186617
593 0.998168 0.887132 0.0200162
594 0.998168 0.882032 0.0213589
595 0.998168 0.889647 0.0175038
596 0.998168 0.87682 0.0229812
597 0.998168 0.877545 0.0200244
598 0.998168 0.898415 0.0154749
599 0.998168 0.886949 0.0214757
600 0.998168 0.897456 0.0194175
601 0.998168 0.895709 0.0213772
602 0.998168 0.918038 0.0122719
603 0.998168 0.899476 0.0141894
604 0.998168 0.912368 0.0144743
605 0.998168 0.922256 0.0111582
606 0.998168 0.924929 0.00942886
607 0.998168 0.917467 0.0161588
608 0.998168 0.920227 0.0114965
609 0.998168 0.925507 0.0072497
610 0.998168 0.925038 0.0135764
611 0.998168 0.919161 0.0173871
612 0.998168 0.927329 0.0120155
613 0.998168 0.922392 0.0115356
614 0.998168 0.917722 0.0117479
615 0.998168 0.916908 0.0133578
616 0.998168 0.920895 0.00986353
617 0.998168 0.916968 0.0114683
618 0.998168 0.911193 0.0127536
619 0.998168 0.928094 0.00686501
620 0.998168 0.919101 0.0100995
621 0.998168 0.925414 0.00898961
622 0.998168 0.903894 0.0148263
623 0.998168 0.913694 0.0145495
624 0.998168 0.913014 0.0118326
625 0.998168 0.91218 0.0152679
626 0.998168 0.909872 0.0130723
627 0.998168 0.906815 0.0187897
628 0.998168 0.913226 0.0140057
629 0.998168 0.91255 0.0141571
630 0.998168 0.897972 0.0186858
631 0.998168 0.928565 0.0106501
632 0.998199 0.93062 0.0128724
633 0.998206 0.918207 0.0143914
634 0.998206 0.920874 0.0141261
635 0.998206 0.905795 0.0168863
636 0.998206 0.911945 0.0172576
637 0.998206 0.90013 0.0216879
638 0.998206 0.898637 0.0147851
639 0.998206 0.916558 0.0113706
640 0.998206 0.916106 0.0160351
641 0.998206 0.925965 0.00951087
642 0.998206 0.917491 0.00869406
643 0.998206 0.923449 0.00826611
644 0.998206 0.934046 0.00656983
645 0.998206 0.908141 0.0159309
646 0.998206 0.923589 0.0123027
647 0.998206 0.928849 0.0107166
648 0.998206 0.926746 0.011091
649 0.998206 0.913393 0.0121316
650 0.998206 0.915143 0.0118864
651 0.998206 0.926835 0.0128702
652 0.998206 0.914712 0.0143107
653 0.998206 0.918593 0.0156014
654 0.998206 0.918745 0.0165824
655 0.998206 0.908954 0.016343
656 0.998206 0.907387 0.0148698
657 0.998206 0.911712 0.0168125
658 0.998206 0.926695 0.0120869
659 0.998206 0.932407 0.00954664
660 0.998206 0.93533 0.00914987
661 0.998206 0.925687 0.0141326
662 0.998228 0.937659 0.0077606
663 0.998228 0.92434 0.0108307
664 0.998228 0.907074 0.0143701
665 0.998228 0.926392 0.0122929
666 0.998228 0.918178 0.01522
667 0.998228 0.925553 0.0102443
668 0.998228 0.914977 0.0146012
669 0.998228 0.916773 0.00894059
670 0.998228 0.918053 0.0102531
671 0.998228 0.904456 0.0141742
672 0.998228 0.895213 0.0248441
673 0.998228 0.892056 0.0251004
674 0.998228 0.886573 0.0262469
675 0.998228 0.90116 0.0231926
676 0.998228 0.904717 0.0201103
677 0.998244 0.899123 0.0215923
678 0.998244 0.894115 0.0230455
679 0.998244 0.895782 0.0225593
680 0.998244 0.887466 0.0241019
681 0.998244 0.914865 0.0154445
682 0.998244 0.901583 0.0179047
683 0.998244 0.914731 0.0147891
684 0.998244 0.908343 0.0160761
685 0.998244 0.913705 0.0158707
686 0.998244 0.921138 0.0108526
687 0.998244 0.905594 0.0162038
688 0.998244 0.864924 0.0293942
689 0.998244 0.886503 0.0265754
690 0.998244 0.885113 0.0209989
691 0.998244 0.898238 0.0175689
692 0.998244 0.915468 0.0120675
693 0.998244 0.917164 0.0143527
694 0.998244 0.917363 0.0137151
695 0.998244 0.925168 0.0130131
696 0.998244 0.91511 0.0122227
697 0.998244 0.911815 0.0156993
698 0.998244 0.915497 0.016966
699 0.998244 0.925343 0.0125631
700 0.998244 0.920585 0.0118907
701 0.998244 0.917155 0.0122259
702 0.998244 0.913498 0.0140274
703 0.998244 0.887792 0.0195561
704 0.998244 0.884869 0.0200343
705 0.998244 0.904944 0.014678
706 0.998244 0.894709 0.0212282
707 0.998244 0.88896 0.0212998
708 0.998244 0.900285 0.0212059
709 0.998244 0.904062 0.0176665
710 0.998244 0.906989 0.0178363
711 0.998244 0.913927 0.0146229
712 0.998244 0.919785 0.0116804
713 0.998244 0.925281 0.0113138
714 0.998244 0.926436 0.0101398
715 0.998244 0.914704 0.0126778
716 0.998244 0.905767 0.0191041
717 0.998244 0.927315 0.0115394
718 0.998244 0.934572 0.00682158
719 0.998244 0.932956 0.00683832
720 0.998244 0.934725 0.00656864
721 0.998244 0.942249 0.00523388
722 0.998244 0.920861 0.00949588
723 0.998244 0.90483 0.0178222
724 0.998244 0.914997 0.0138704
725 0.998245 0.895177 0.0175102
726 0.998245 0.895622 0.0147414
727 0.998245 0.91414 0.0116597
728 0.998245 0.897135 0.0184416
729 0.998245 0.899608 0.0201405
730 0.998245 0.896918 0.0163486
731 0.998245 0.899853 0.0165662
732 0.998245 0.913762 0.0100744
733 0.998247 0.902213 0.0132602
734 0.998247 0.899548 0.0129283
735 0.998255 0.882302 0.0231403
736 0.998255 0.92016 0.0125894
737 0.998255 0.935149 0.00654343
738 0.998255 0.923528 0.00947675
739 0.998255 0.915147 0.0112309
740 0.998255 0.91483 0.0108201
741 0.998255 0.910306 0.017296
742 0.998255 0.890965 0.0217788
743 0.998255 0.885884 0.0258237
744 0.998255 0.888262 0.0226433
745 0.998255 0.885128 0.0221425
746 0.998255 0.870787 0.0247239
747 0.998255 0.870377 0.0258111
748 0.998255 0.865924 0.0276144
749 0.998255 0.868913 0.0279544
750 0.998255 0.879198 0.0252047
751 0.998255 0.893054 0.0221165
752 0.998255 0.906156 0.0146642
753 0.998255 0.903377 0.0168866
754 0.998255 0.910144 0.0156691
755 0.998255 0.911876 0.0135975
756 0.998255 0.930848 0.00725855
757 0.998255 0.924421 0.00871232
758 0.998255 0.917029 0.012702
759 0.998255 0.914632 0.0096019
760 0.998262 0.921149 0.0131892
761 0.998262 0.926641 0.0102348
762 0.998262 0.928149 0.0105638
763 0.998262 0.921225 0.0121077
764 0.998262 0.911308 0.0154901
765 0.998262 0.918588 0.0109271
766 0.998262 0.903719 0.0155093
767 0.998262 0.889317 0.0172834
768 0.998262 0.89646 0.0218224
769 0.998262 0.891277 0.0178856
770 0.998262 0.878273 0.0231799
771 0.998262 0.875484 0.0243386
772 0.998262 0.901761 0.0151065
773 0.998262 0.897163 0.0167988
774 0.998262 0.8961 0.0183936
775 0.998262 0.900158 0.0168651
776 0.998262 0.909934 0.0114193
777 0.998262 0.899162 0.0141874
778 0.998262 0.902429 0.0133468
779 0.998262 0.911578 0.0125676
780 0.998262 0.897983 0.0153551
781 0.998262 0.907009 0.0163127
782 0.998262 0.917506 0.0151762
783 0.998262 0.921379 0.00832513
784 0.998262 0.897287 0.0185776
785 0.998262 0.904542 0.0221622
786 0.998262 0.896299 0.0168348
787 0.998278 0.89681 0.0191799
788 0.998278 0.881892 0.0262194
789 0.998287 0.897926 0.0172407
790 0.998287 0.904095 0.0173792
791 0.998287 0.903807 0.0195886
792 0.998287 0.901654 0.0186441
793 0.998287 0.911339 0.0151368
794 0.998287 0.909153 0.0153795
795 0.998287 0.890551 0.0214321
796 0.998287 0.902844 0.0147679
797 0.998287 0.900542 0.0207105
798 0.998287 0.920321 0.00933254
799 0.998287 0.932765 0.00513391
800 0.998287 0.927009 0.00692009
801 0.998287 0.929281 0.00582079
802 0.998287 0.919373 0.00945848
803 0.998287 0.923603 0.00855264
804 0.998287 0.920769 0.00925947
805 0.998287 0.917692 0.0126665
806 0.998287 0.920962 0.0102905
807 0.998287 0.90776 0.0140047
808 0.998287 0.903021 0.0129874
809 0.998287 0.915725 0.0118468
810 0.998287 0.90407 0.015757
811 0.998287 0.906504 0.01468
812 0.998287 0.910444 0.0138084
813 0.998287 0.916342 0.0155806
814 0.998287 0.910438 0.0144905
815 0.998287 0.906361 0.0159529
816 0.998287 0.903349 0.0194914
817 0.998287 0.898467 0.0159591
818 0.998287 0.902767 0.0190619
819 0.998287 0.91587 0.0116781
820 0.998287 0.916404 0.0120775
821 0.998287 0.903412 0.0135782
822 0.998287 0.902651 0.0171686
823 0.998287 0.907909 0.0144769
824 0.998287 0.896034 0.0194027
825 0.998287 0.912785 0.0138004
826 0.998287 0.90216 0.0190867
827 0.998287 0.905885 0.0181296
828 0.998287 0.911848 0.0163301
829 0.998287 0.916114 0.0157271
830 0.998287 0.907775 0.0165703
831 0.998287 0.918315 0.0121568
832 0.998287 0.918862 0.0111041
833 0.998287 0.910909 0.0103685
834 0.998287 0.883383 0.0200694
835 0.998287 0.899161 0.0150807
836 0.998287 0.913482 0.01076
837 0.998287 0.899718 0.0177335
838 0.998287 0.912503 0.014745
839 0.998287 0.913181 0.0155988
840 0.998287 0.927031 0.0103229
841 0.998287 0.925205 0.00709844
842 0.998289 0.908817 0.0129842
843 0.998289 0.8943 0.018877
844 0.998289 0.894452 0.0225805
845 0.998289 0.884379 0.0261502
846 0.998289 0.898719 0.0183519
847 0.998289 0.910005 0.016911
848 0.998289 0.909909 0.0153294
849 0.998289 0.916251 0.0119444
850 0.998289 0.918117 0.0101203
851 0.998289 0.899644 0.0167209
852 0.998289 0.890297 0.0190879
853 0.998289 0.885137 0.0194054
854 0.998289 0.891604 0.0152559
855 0.998289 0.910346 0.0126854
856 0.998289 0.914567 0.0108711
857 0.998289 0.895977 0.012816
858 0.998289 0.926414 0.00873063
859 0.998289 0.910402 0.0133185
860 0.998289 0.895329 0.021079
861 0.998289 0.866789 0.0260454
862 0.998289 0.883886 0.0207412
863 0.998289 0.912574 0.0122551
864 0.998289 0.898096 0.0137034
865 0.998289 0.897818 0.0165306
866 0.998289 0.919414 0.00883128
867 0.998289 0.91671 0.0112969
868 0.998289 0.918018 0.00966414
869 0.998289 0.929937 0.00557891
870 0.99829 0.933047 0.00794235
871 0.99829 0.9348 0.00441916
872 0.99829 0.930036 0.0116414
873 0.99829 0.911194 0.0150551
874 0.99829 0.932067 0.0118222
875 0.99829 0.924109 0.0159461
876 0.99829 0.931373 0.0129711
877 0.99829 0.941849 0.0077177
878 0.99829 0.94408 0.0086737
879 0.99829 0.949813 0.00432811
880 0.99829 0.941445 0.00710746
881 0.99829 0.928085 0.0144022
882 0.998329 0.919608 0.0130703
883 0.998329 0.905159 0.0137058
884 0.998329 0.898885 0.0139104
885 0.998329 0.902803 0.0151184
886 0.998329 0.912273 0.0173022
887 0.998329 0.922549 0.00977444
888 0.998329 0.91053 0.01392
889 0.998329 0.906389 0.017314
890 0.998329 0.913006 0.013181
891 0.998329 0.899549 0.0174168
892 0.998329 0.911136 0.0124443
893 0.998329 0.903944 0.0162142
894 0.998329 0.890228 0.0224687
895 0.998329 0.902581 0.0187497
896 0.998329 0.903835 0.0188814
897 0.998329 0.884881 0.0201601
898 0.998329 0.909637 0.0176488
899 0.998329 0.901344 0.0171292
900 0.998329 0.881249 0.0220996
901 0.998329 0.875687 0.0203863
902 0.998329 0.875816 0.0232309
903 0.998329 0.882518 0.0241946
904 0.998329 0.903419 0.0179118
905 0.998329 0.911696 0.0149993
906 0.998329 0.908119 0.0122161
907 0.998329 0.901287 0.0156504
908 0.998329 0.881548 0.024821
909 0.998329 0.890009 0.0227589
910 0.998329 0.864131 0.029269
911 0.998329 0.853418 0.0340789
912 0.998361 0.89306 0.0202853
913 0.998361 0.913277 0.0138334
914 0.998361 0.896064 0.0172333
915 0.998361 0.900743 0.0199308
916 0.998361 0.911427 0.0192222
917 0.998361 0.900767 0.025109
918 0.998361 0.914209 0.0148239
919 0.998361 0.910066 0.0177955
920 0.998361 0.9079 0.0161413
921 0.998361 0.896545 0.0161805
922 0.998361 0.911914 0.015791
923 0.998361 0.91173 0.0125969
924 0.998361 0.918316 0.0128443
925 0.998361 0.904063 0.0181865
926 0.998361 0.909036 0.0181878
927 0.998361 0.915653 0.0146886
928 0.998361 0.9085 0.014401
929 0.998361 0.895705 0.0221826
930 0.998361 0.902128 0.0209364
931 0.998361 0.899959 0.0194358
932 0.998361 0.882176 0.0286017
933 0.998361 0.916306 0.0167019
934 0.998361 0.921005 0.016267
935 0.998361 0.916582 0.0165225
936 0.998361 0.92278 0.0167034
937 0.998361 0.937005 0.0078661
938 0.998361 0.931538 0.00868734
939 0.998368 0.926865 0.0117818
940 0.998368 0.926747 0.0130142
941 0.998368 0.907178 0.0129411
942 0.998368 0.894432 0.0172139
943 0.998368 0.911101 0.0130329
944 0.998368 0.9024 0.0216322
945 0.998368 0.9166 0.0125348
946 0.998369 0.9078 0.0159597
947 0.998369 0.90987 0.0172057
948 0.998369 0.900861 0.0201748
949 0.998406 0.883715 0.025622
950 0.998406 0.889426 0.020974
951 0.998406 0.904974 0.0141175
952 0.998406 0.885755 0.0202415
953 0.998406 0.872097 0.0284514
954 0.998406 0.863376 0.0331431
955 0.998406 0.882497 0.0276811
956 0.998406 0.880654 0.022762
957 0.998406 0.882908 0.0191271
958 0.998406 0.889505 0.0176878
959 0.998406 0.890464 0.0172379
960 0.998406 0.891517 0.0178783
961 0.998406 0.887773 0.0241958
962 0.998406 0.892078 0.0202018
963 0.998406 0.887642 0.0186247
964 0.998406 0.878687 0.0234173
965 0.998406 0.877545 0.0229979
966 0.998406 0.885848 0.0209713
967 0.998406 0.871752 0.0234044
968 0.998406 0.872863 0.0231998
969 0.998411 0.877311 0.0213039
970 0.998415 0.873018 0.025589
971 0.998415 0.883595 0.0297498
972 0.998415 0.899306 0.0220627
973 0.998415 0.889682 0.0215692
974 0.998443 0.898115 0.0184844
975 0.998443 0.891497 0.0203054
976 0.998443 0.883065 0.0214647
977 0.998443 0.872559 0.0324878
978 0.998443 0.88849 0.0313735
979 0.998443 0.899344 0.0224648
980 0.998443 0.89532 0.0223992
981 0.998443 0.914222 0.0114759
982 0.998443 0.890297 0.017907
983 0.998443 0.888335 0.01473
984 0.998443 0.901005 0.0107313
985 0.998443 0.90495 0.0103146
986 0.998443 0.893973 0.0178776
987 0.998443 0.895456 0.0206083
988 0.998443 0.90352 0.0189873
989 0.998443 0.885555 0.0200649
990 0.998443 0.881296 0.0210553
991 0.998443 0.889564 0.0195848
992 0.998443 0.865397 0.0238454
993 0.998443 0.875353 0.0262726
994 0.998443 0.86734 0.0274907
995 0.998443 0.868331 0.0269026
996 0.998443 0.858957 0.0261902
997 0.998443 0.870809 0.0237465
998 0.998443 0.86321 0.0256771
999 0.998443 0.877197 0.0247923
1000 0.998443 0.881089 0.0241877
