0 0.489661 0.256359 0.000999232
1 0.489661 0.260635 0.00117381
2 0.551456 0.269569 0.00270149
3 0.578728 0.283473 0.00470103
4 0.578728 0.290397 0.005972
5 0.583209 0.30537 0.00962246
6 0.583209 0.30525 0.0112805
7 0.583209 0.310146 0.0136118
8 0.585089 0.302635 0.0132171
9 0.595638 0.322986 0.0165485
10 0.595638 0.324997 0.0170908
11 0.595638 0.339097 0.0194733
12 0.685429 0.348045 0.0216895
13 0.685429 0.33013 0.0191064
14 0.685429 0.35642 0.0212548
15 0.685429 0.368396 0.0216572
16 0.685429 0.375742 0.0237141
17 0.685429 0.377165 0.0233313
18 0.685429 0.38067 0.0225332
19 0.685429 0.367151 0.0241301
20 0.685429 0.356107 0.0233929
21 0.685429 0.346152 0.0232068
22 0.685685 0.349445 0.0249152
23 0.685685 0.351973 0.0269094
24 0.685685 0.359516 0.0269043
25 0.685685 0.350508 0.0218963
26 0.685685 0.358608 0.0232458
27 0.685685 0.363039 0.0246839
28 0.685685 0.358145 0.0257084
29 0.685685 0.364625 0.0264678
30 0.685685 0.371151 0.0292782
31 0.685685 0.382607 0.0296621
32 0.685685 0.385206 0.028147
33 0.685685 0.40874 0.0285338
34 0.685685 0.43406 0.0332554
35 0.686097 0.447488 0.0334625
36 0.686097 0.42756 0.0337286
37 0.686097 0.415135 0.0338798
38 0.686097 0.451864 0.0313869
39 0.686097 0.444808 0.0296583
40 0.686097 0.467701 0.028728
41 0.686488 0.461664 0.0315393
42 0.686488 0.468866 0.0280717
43 0.686488 0.475522 0.0275845
44 0.686488 0.461133 0.0265813
45 0.687564 0.459045 0.0237939
46 0.687564 0.488807 0.0246917
47 0.687564 0.480566 0.0212204
48 0.687564 0.496401 0.0206446
49 0.687564 0.477458 0.0214706
50 0.687564 0.47805 0.0244095
51 0.687564 0.477151 0.0208326
52 0.687564 0.470628 0.0231213
53 0.687564 0.449451 0.0201193
54 0.687733 0.437427 0.0222445
55 0.687888 0.455626 0.0223744
56 0.687888 0.472791 0.0223764
57 0.688068 0.450094 0.0206419
58 0.688068 0.480512 0.0261496
59 0.688068 0.484377 0.0260813
60 0.688068 0.470082 0.0242374
61 0.688068 0.486275 0.0222335
62 0.688068 0.514428 0.0222844
63 0.688205 0.506427 0.0221662
64 0.688205 0.484055 0.0211333
65 0.688205 0.47578 0.0212649
66 0.688869 0.473182 0.0217505
67 0.688869 0.454191 0.0207598
68 0.688869 0.48571 0.0243252
69 0.688869 0.499147 0.0208837
70 0.688869 0.481691 0.0184598
71 0.688869 0.510855 0.0212942
72 0.688869 0.522018 0.019574
73 0.688869 0.496295 0.0172734
74 0.688869 0.493231 0.0166187
75 0.68887 0.509897 0.0172084
76 0.688889 0.483941 0.0180624
77 0.688889 0.476177 0.0190241
78 0.688889 0.4668 0.0197591
79 0.688889 0.475142 0.0185735
80 0.689141 0.476348 0.0193823
81 0.689467 0.481101 0.0204717
82 0.689467 0.484582 0.0191715
83 0.689467 0.469819 0.0187238
84 0.689467 0.473018 0.0189133
85 0.68953 0.471241 0.0185135
86 0.68953 0.46975 0.018766
87 0.689625 0.499094 0.019829
88 0.689625 0.477272 0.0205539
89 0.689762 0.478233 0.0214094
90 0.689762 0.463824 0.0185249
91 0.689762 0.478555 0.0177242
92 0.689762 0.478138 0.0203139
93 0.689762 0.497308 0.02172
94 0.689762 0.495332 0.0187716
95 0.689762 0.50274 0.0179649
96 0.690173 0.501262 0.0182351
97 0.690173 0.470303 0.0214499
98 0.690173 0.472479 0.0199957
99 0.690173 0.461997 0.017051
100 0.690173 0.486742 0.019062
101 0.690444 0.494804 0.023295
102 0.690444 0.479957 0.0227039
103 0.690444 0.480569 0.0229153
104 0.690444 0.49415 0.0240847
105 0.690556 0.499009 0.0226765
106 0.690556 0.505794 0.0197861
107 0.690556 0.485548 0.0212483
108 0.690556 0.472106 0.0204401
109 0.691026 0.48592 0.0208965
110 0.691026 0.495165 0.0184622
111 0.691026 0.524193 0.0202989
112 0.691026 0.516049 0.0214549
113 0.691026 0.517426 0.020173
114 0.691026 0.491118 0.021519
115 0.691147 0.491458 0.0231691
116 0.691147 0.478118 0.0202248
117 0.691147 0.466217 0.0211035
118 0.691147 0.469127 0.0207066
119 0.691169 0.478141 0.020472
120 0.691169 0.477109 0.0221351
121 0.691483 0.460396 0.0246837
122 0.691483 0.461593 0.0218901
123 0.691682 0.480395 0.0204405
124 0.691682 0.473698 0.0213847
125 0.691682 0.459971 0.0227445
126 0.691682 0.457063 0.0212874
127 0.691682 0.452488 0.0199227
128 0.691682 0.456244 0.0205973
129 0.691682 0.462572 0.0210469
130 0.691682 0.455688 0.0193907
131 0.691682 0.434452 0.0210985
132 0.691682 0.430328 0.0239932
133 0.691682 0.444104 0.0255683
134 0.691727 0.461723 0.0234647
135 0.692681 0.474697 0.0209841
136 0.692681 0.465833 0.0193308
137 0.692681 0.45465 0.0212615
138 0.692681 0.459147 0.0209424
139 0.692681 0.479136 0.0225501
140 0.692681 0.464028 0.0237626
141 0.692681 0.48068 0.0254879
142 0.692681 0.489479 0.0243812
143 0.692681 0.497623 0.0243008
144 0.692681 0.482658 0.0246153
145 0.692681 0.468266 0.0211921
146 0.692681 0.464679 0.0231861
147 0.692681 0.464057 0.0236015
148 0.692681 0.472745 0.0254252
149 0.692681 0.474028 0.0236876
150 0.692681 0.472894 0.0237148
151 0.692681 0.466743 0.0193615
152 0.692681 0.458607 0.0188499
153 0.692681 0.470691 0.0215307
154 0.692681 0.475136 0.0230309
155 0.692681 0.464982 0.0217795
156 0.692681 0.484799 0.0239621
157 0.692681 0.461655 0.0241909
158 0.692885 0.466439 0.0230877
159 0.692885 0.449861 0.0244393
160 0.693162 0.446093 0.0260944
161 0.693162 0.437692 0.0270411
162 0.693162 0.455745 0.0266235
163 0.693162 0.432778 0.023205
164 0.693162 0.454362 0.0227709
165 0.693469 0.448629 0.0265297
166 0.693469 0.455322 0.0254044
167 0.693469 0.471248 0.0249217
168 0.693469 0.467515 0.0237301
169 0.693469 0.476093 0.0250241
170 0.693469 0.498543 0.0271742
171 0.693955 0.471575 0.0266466
172 0.693955 0.484915 0.0255655
173 0.693955 0.466415 0.0238562
174 0.694247 0.47934 0.0227637
175 0.694247 0.481287 0.0218775
176 0.694247 0.469944 0.02178
177 0.694247 0.511069 0.0233115
178 0.694247 0.505718 0.0205794
179 0.694247 0.50718 0.0179629
180 0.694247 0.514541 0.0207878
181 0.694247 0.504442 0.0204276
182 0.694247 0.484581 0.0207835
183 0.694247 0.488929 0.0208223
184 0.694247 0.52134 0.0216241
185 0.694247 0.486168 0.0206778
186 0.694718 0.490117 0.0241495
187 0.694718 0.492559 0.0196898
188 0.694718 0.499287 0.0221495
189 0.694718 0.500156 0.0220143
190 0.694718 0.509239 0.0208754
191 0.694791 0.503134 0.0218287
192 0.694791 0.464997 0.0224764
193 0.695304 0.489762 0.0213349
194 0.695304 0.489704 0.0232036
195 0.695304 0.473844 0.0211397
196 0.695304 0.496193 0.0237504
197 0.695304 0.50844 0.0220798
198 0.695304 0.51821 0.0205212
199 0.695406 0.501779 0.0242214
200 0.695406 0.472542 0.0242991
201 0.695406 0.483657 0.0249089
202 0.695406 0.473064 0.0222527
203 0.695406 0.46568 0.0273958
204 0.695406 0.467393 0.0222147
205 0.695406 0.476642 0.0223747
206 0.695608 0.457191 0.0232907
207 0.695608 0.469337 0.0263433
208 0.695608 0.488562 0.0241193
209 0.695608 0.449855 0.0248983
210 0.695608 0.468542 0.0258596
211 0.695608 0.431603 0.024112
212 0.695608 0.450115 0.0240479
213 0.695608 0.43457 0.0224236
214 0.695702 0.452302 0.0239015
215 0.695702 0.461091 0.0217916
216 0.696166 0.464163 0.0243603
217 0.696166 0.449127 0.023616
218 0.696166 0.473687 0.0231743
219 0.696166 0.471874 0.0251625
220 0.696166 0.473327 0.0265069
221 0.696166 0.455093 0.0258174
222 0.696199 0.45919 0.0251264
223 0.696199 0.488889 0.026686
224 0.696199 0.454541 0.0246632
225 0.696199 0.444984 0.0245693
226 0.696235 0.445754 0.0244618
227 0.696611 0.461206 0.0251527
228 0.696611 0.440492 0.0212357
229 0.696668 0.441967 0.0232569
230 0.696738 0.466024 0.0264302
231 0.696738 0.482874 0.0271599
232 0.696738 0.463092 0.0249712
233 0.696738 0.452722 0.0254372
234 0.696738 0.484532 0.0258397
235 0.696738 0.482634 0.0258852
236 0.696738 0.460054 0.0237117
237 0.69684 0.47465 0.0236875
238 0.69684 0.507303 0.0251151
239 0.69684 0.471958 0.022335
240 0.69684 0.505839 0.0241149
241 0.69684 0.520211 0.0221981
242 0.69684 0.504996 0.0180378
243 0.69684 0.54397 0.0211858
244 0.69684 0.534846 0.0207339
245 0.69684 0.54046 0.0189168
246 0.69684 0.543173 0.0182692
247 0.69684 0.54999 0.0180248
248 0.69684 0.527278 0.0226173
249 0.69684 0.515317 0.0224726
250 0.696842 0.506083 0.0209122
251 0.696842 0.523157 0.0217897
252 0.696842 0.526836 0.0216746
253 0.696842 0.524842 0.0213687
254 0.696842 0.519683 0.0212622
255 0.696842 0.515818 0.0204868
256 0.696905 0.501832 0.0177414
257 0.696905 0.536842 0.0188536
258 0.696965 0.544751 0.0171538
259 0.696965 0.523889 0.0199438
260 0.696965 0.533318 0.0198194
261 0.696965 0.526995 0.0186546
262 0.696965 0.537317 0.0186337
263 0.696965 0.518717 0.0229458
264 0.696965 0.532699 0.0207623
265 0.696965 0.544446 0.0184456
266 0.696965 0.556382 0.0184407
267 0.696965 0.537703 0.0173845
268 0.696965 0.52311 0.0168704
269 0.696965 0.534117 0.0191916
270 0.696965 0.53719 0.0205294
271 0.696965 0.514539 0.0218082
272 0.696965 0.516003 0.0198517
273 0.696965 0.515667 0.0217015
274 0.696965 0.523474 0.0225161
275 0.696965 0.502095 0.0221185
276 0.696965 0.512801 0.0221788
277 0.696965 0.516798 0.0211964
278 0.696965 0.507075 0.0199782
279 0.696965 0.494593 0.0203087
280 0.696965 0.519916 0.0208761
281 0.696965 0.538897 0.0204422
282 0.696965 0.54479 0.019878
283 0.696965 0.541064 0.0179019
284 0.696965 0.528563 0.0190384
285 0.69697 0.533892 0.0212819
286 0.69697 0.505556 0.0216665
287 0.69697 0.508831 0.0222686
288 0.697524 0.509786 0.0244713
289 0.697524 0.505473 0.0246115
290 0.697524 0.479139 0.019531
291 0.697524 0.498853 0.0183115
292 0.697524 0.521547 0.0192539
293 0.697524 0.500753 0.0157692
294 0.697524 0.499128 0.0190893
295 0.697524 0.478083 0.0174011
296 0.697524 0.493513 0.0200316
297 0.697524 0.499807 0.0211334
298 0.697524 0.513743 0.0209739
299 0.697524 0.493015 0.0195833
300 0.697524 0.497342 0.0210027
301 0.697524 0.495467 0.023976
302 0.697524 0.493417 0.0224178
303 0.697524 0.506839 0.021238
304 0.697524 0.491114 0.0225946
305 0.697524 0.503012 0.022292
306 0.697524 0.485456 0.0235816
307 0.697524 0.497756 0.022954
308 0.697524 0.486641 0.0221206
309 0.697524 0.505509 0.0265834
310 0.697524 0.505479 0.023501
311 0.697524 0.492609 0.0211393
312 0.697524 0.476163 0.0203904
313 0.697524 0.495279 0.0227693
314 0.697524 0.492501 0.0249034
315 0.697524 0.479661 0.0207253
316 0.697524 0.471859 0.0201878
317 0.697524 0.491063 0.0182398
318 0.697524 0.48678 0.0184451
319 0.697524 0.473713 0.0219761
320 0.697524 0.506509 0.0242267
321 0.697545 0.511597 0.0267419
322 0.697732 0.486926 0.0236518
323 0.697732 0.506324 0.0224775
324 0.697732 0.501673 0.0259347
325 0.697732 0.484539 0.0222093
326 0.697732 0.488182 0.0229787
327 0.697732 0.470701 0.0234839
328 0.697732 0.454433 0.0215902
329 0.697732 0.470943 0.0262212
330 0.697732 0.470446 0.0253073
331 0.697732 0.496641 0.0199864
332 0.697732 0.501022 0.0207989
333 0.697732 0.507841 0.0210277
334 0.697732 0.489898 0.0185974
335 0.697732 0.480714 0.0199602
336 0.697732 0.474634 0.0206746
337 0.697732 0.487829 0.0205377
338 0.697732 0.522093 0.0226582
339 0.697732 0.502254 0.0188484
340 0.697732 0.502924 0.0191532
341 0.697732 0.522739 0.0195655
342 0.697732 0.515784 0.0181378
343 0.697836 0.520364 0.0184249
344 0.697836 0.49342 0.0187439
345 0.697836 0.489868 0.0185107
346 0.697836 0.48244 0.0162364
347 0.697836 0.48202 0.0198694
348 0.697836 0.514189 0.0199824
349 0.697836 0.500043 0.0226031
350 0.697836 0.484916 0.0203132
351 0.697836 0.494595 0.0254146
352 0.697836 0.479441 0.0214225
353 0.697836 0.482279 0.0212509
354 0.697971 0.483584 0.0215717
355 0.697971 0.471884 0.0204558
356 0.697971 0.491908 0.0202708
357 0.697971 0.490116 0.019133
358 0.697971 0.466877 0.0180174
359 0.697971 0.498214 0.0204856
360 0.697971 0.488804 0.0216479
361 0.697971 0.508418 0.0206877
362 0.698434 0.511613 0.0197062
363 0.698434 0.501968 0.0195052
364 0.698434 0.528046 0.0193386
365 0.698434 0.510042 0.0188979
366 0.698434 0.513066 0.0220124
367 0.698686 0.5188 0.0223166
368 0.698744 0.51808 0.0225433
369 0.698744 0.506786 0.0221384
370 0.698744 0.490125 0.0240355
371 0.698744 0.486422 0.0224711
372 0.698744 0.484669 0.0225901
373 0.698744 0.474055 0.0196767
374 0.698744 0.494065 0.0199791
375 0.698744 0.507795 0.0183375
376 0.698744 0.533747 0.0203417
377 0.698744 0.496692 0.0213652
378 0.698744 0.511534 0.0185567
379 0.698744 0.52683 0.0202226
380 0.698744 0.520974 0.0190563
381 0.698744 0.524701 0.0204047
382 0.698744 0.521125 0.0219366
383 0.698744 0.514712 0.0188214
384 0.698744 0.528333 0.0153817
385 0.698744 0.52655 0.0173525
386 0.698744 0.529134 0.0194365
387 0.698744 0.527786 0.0203445
388 0.698744 0.528624 0.0172904
389 0.698744 0.537192 0.0194721
390 0.698744 0.505668 0.0206885
391 0.698744 0.515584 0.0219788
392 0.698744 0.503808 0.0211405
393 0.698744 0.494999 0.0217782
394 0.698744 0.52603 0.0234063
395 0.698744 0.522338 0.0225963
396 0.698744 0.521915 0.0215742
397 0.698744 0.540381 0.0222716
398 0.698744 0.51933 0.0224672
399 0.698744 0.537171 0.0232855
400 0.698744 0.527923 0.0182206
401 0.698744 0.524993 0.0200384
402 0.698744 0.532286 0.0183993
403 0.698744 0.532219 0.0201781
404 0.698877 0.527929 0.0204097
405 0.698877 0.52948 0.0183266
406 0.698877 0.55259 0.0167853
407 0.698877 0.552815 0.0169623
408 0.698877 0.534966 0.02106
409 0.69911 0.51409 0.022744
410 0.69911 0.519731 0.0228057
411 0.69911 0.534619 0.0190144
412 0.69911 0.537478 0.0209017
413 0.69911 0.543401 0.0201273
414 0.699495 0.522808 0.0223597
415 0.699495 0.54741 0.0190388
416 0.699495 0.535856 0.0190573
417 0.699495 0.528404 0.0195921
418 0.699495 0.522027 0.0204832
419 0.699495 0.522276 0.0210788
420 0.699495 0.519607 0.0241989
421 0.699495 0.515093 0.0233133
422 0.699495 0.527564 0.0222773
423 0.699495 0.517868 0.0224588
424 0.699495 0.529219 0.0197476
425 0.699495 0.538819 0.0206848
426 0.699495 0.549298 0.0187695
427 0.699495 0.549391 0.0197231
428 0.699495 0.498849 0.020266
429 0.699495 0.509686 0.0201653
430 0.699495 0.509756 0.0199988
431 0.699507 0.507993 0.0218765
432 0.699507 0.495565 0.0232741
433 0.699507 0.521907 0.0208521
434 0.699507 0.517394 0.0241566
435 0.699507 0.519922 0.0173582
436 0.699507 0.525074 0.0207971
437 0.699507 0.522223 0.0209657
438 0.699507 0.50637 0.0213115
439 0.699507 0.505462 0.0232319
440 0.699507 0.506391 0.0227402
441 0.699507 0.517267 0.02294
442 0.699507 0.516319 0.0208334
443 0.699507 0.508076 0.0232401
444 0.699518 0.498623 0.0241575
445 0.699518 0.508061 0.0219595
446 0.699706 0.524046 0.0221608
447 0.699706 0.541717 0.0226697
448 0.699706 0.534853 0.0207277
449 0.699706 0.521439 0.021125
450 0.699706 0.540772 0.0222042
451 0.699706 0.54361 0.0208436
452 0.699706 0.526847 0.0210611
453 0.699706 0.531124 0.0175781
454 0.699706 0.522212 0.0204072
455 0.699706 0.512416 0.0194616
456 0.699706 0.518959 0.0203404
457 0.699706 0.518911 0.0194306
458 0.699706 0.530762 0.0195691
459 0.699706 0.506028 0.0200331
460 0.699706 0.518444 0.018713
461 0.699706 0.523832 0.020169
462 0.699706 0.520389 0.0190198
463 0.699706 0.526654 0.0181064
464 0.699706 0.520541 0.0190924
465 0.699706 0.506542 0.0183295
466 0.699706 0.498331 0.01845
467 0.699706 0.506737 0.0234156
468 0.699706 0.548443 0.0205049
469 0.699706 0.536242 0.0156985
470 0.699706 0.536807 0.019677
471 0.699706 0.520779 0.0164352
472 0.699706 0.521125 0.0187467
473 0.699706 0.529865 0.0213382
474 0.699706 0.527933 0.0198345
475 0.699706 0.528549 0.0191504
476 0.699706 0.541125 0.0190568
477 0.699706 0.530423 0.018241
478 0.699706 0.523822 0.0191027
479 0.699706 0.52634 0.0213184
480 0.700007 0.520358 0.0221037
481 0.700007 0.528836 0.021436
482 0.700007 0.526848 0.0218369
483 0.700007 0.530278 0.019228
484 0.700007 0.536551 0.0209788
485 0.700007 0.540818 0.02046
486 0.700007 0.510837 0.0172308
487 0.700007 0.52396 0.0169181
488 0.700007 0.532851 0.0189608
489 0.700007 0.542782 0.0211556
490 0.700007 0.52866 0.0174021
491 0.700007 0.528366 0.0192689
492 0.700007 0.50622 0.018778
493 0.700007 0.521915 0.0203965
494 0.700007 0.538198 0.0195041
495 0.700007 0.526233 0.0171785
496 0.700007 0.524086 0.0203025
497 0.700007 0.508965 0.0211795
498 0.700007 0.537652 0.0180266
499 0.700007 0.522621 0.0207881
500 0.700007 0.508088 0.0209096
501 0.700007 0.517299 0.0204571
502 0.700007 0.514121 0.0195242
503 0.700007 0.509468 0.0194977
504 0.700007 0.522506 0.0193826
505 0.700007 0.488672 0.0181232
506 0.700007 0.506316 0.0206088
507 0.700007 0.496675 0.0195309
508 0.700007 0.49978 0.0203843
509 0.700074 0.50795 0.0207656
510 0.700107 0.509961 0.0206506
511 0.700107 0.514603 0.0201392
512 0.700107 0.499281 0.0202461
513 0.700115 0.508557 0.0235855
514 0.700115 0.523789 0.0244536
515 0.700159 0.526261 0.0208144
516 0.700159 0.521201 0.0204507
517 0.700159 0.502034 0.0249821
518 0.700159 0.483299 0.0227446
519 0.700159 0.515115 0.0201134
520 0.700486 0.528614 0.020855
521 0.700486 0.510351 0.0216168
522 0.700486 0.503066 0.0253506
523 0.700486 0.510115 0.0223497
524 0.700486 0.51492 0.023831
525 0.700486 0.524906 0.0223548
526 0.700486 0.514622 0.023324
527 0.700486 0.525724 0.0201158
528 0.700486 0.539409 0.0234213
529 0.700486 0.538338 0.0242241
530 0.700486 0.530814 0.0211068
531 0.700697 0.543199 0.0194354
532 0.700697 0.561033 0.0183565
533 0.701046 0.557557 0.0179155
534 0.701046 0.54945 0.0172933
535 0.701046 0.52839 0.019751
536 0.701084 0.53419 0.0221409
537 0.701084 0.543093 0.0192711
538 0.701084 0.524691 0.0186469
539 0.701084 0.520491 0.0193886
540 0.701084 0.524249 0.0209042
541 0.701084 0.533258 0.0190388
542 0.701084 0.526361 0.0210636
543 0.701084 0.523757 0.0189395
544 0.701084 0.518979 0.0212441
545 0.701084 0.504233 0.0235277
546 0.701084 0.502929 0.0226162
547 0.701084 0.505899 0.0222005
548 0.701084 0.508004 0.0217696
549 0.701084 0.517591 0.019384
550 0.70129 0.534577 0.0220577
551 0.70129 0.536291 0.0242215
552 0.70129 0.518049 0.0231279
553 0.70129 0.531729 0.0236728
554 0.70129 0.52539 0.0202292
555 0.70129 0.524693 0.0190388
556 0.70129 0.529077 0.0180883
557 0.70129 0.521866 0.0190589
558 0.70129 0.538615 0.0194415
559 0.70129 0.552954 0.0212559
560 0.70129 0.551396 0.0228592
561 0.70129 0.529894 0.0245998
562 0.70129 0.524603 0.0223682
563 0.70129 0.527859 0.0208649
564 0.70129 0.533734 0.0209058
565 0.70129 0.542428 0.0202941
566 0.70129 0.527654 0.0205388
567 0.70129 0.538693 0.0201713
568 0.70129 0.536657 0.020381
569 0.70129 0.511137 0.0199164
570 0.70129 0.513276 0.0205196
571 0.70129 0.516534 0.0223124
572 0.701328 0.528633 0.0197114
573 0.701328 0.522847 0.0227936
574 0.701328 0.551308 0.0206204
575 0.701328 0.538127 0.0186524
576 0.701328 0.53722 0.0185082
577 0.701328 0.523472 0.0199469
578 0.701328 0.541358 0.0213136
579 0.701328 0.537936 0.0164654
580 0.701328 0.540793 0.0178936
581 0.701328 0.523635 0.0185899
582 0.701328 0.548917 0.018211
583 0.701328 0.557141 0.0181647
584 0.701328 0.545916 0.0220314
585 0.701328 0.531708 0.0241018
586 0.701328 0.533714 0.0197068
587 0.701328 0.55283 0.0181497
588 0.701328 0.538308 0.0193778
589 0.701328 0.538374 0.0194532
590 0.701328 0.508812 0.0225491
591 0.701328 0.512281 0.0265875
592 0.701328 0.50587 0.0230121
593 0.701328 0.514395 0.0230859
594 0.701328 0.531973 0.0202875
595 0.701328 0.563461 0.0194018
596 0.701328 0.555032 0.0170645
597 0.701328 0.537744 0.020075
598 0.701328 0.50725 0.0201645
599 0.701328 0.524585 0.0193952
600 0.701328 0.51124 0.0188044
601 0.701328 0.536851 0.0207232
602 0.701328 0.51392 0.0196128
603 0.701328 0.537277 0.0210743
604 0.701328 0.542219 0.0197422
605 0.701328 0.524438 0.0199613
606 0.701328 0.54694 0.0187249
607 0.701489 0.538832 0.0210549
608 0.701489 0.559158 0.0180833
609 0.701489 0.547887 0.0213239
610 0.701489 0.547131 0.0198055
611 0.701489 0.539222 0.0216949
612 0.701489 0.555709 0.0170727
613 0.701489 0.532291 0.0202777
614 0.701489 0.534959 0.020232
615 0.701489 0.524199 0.0212145
616 0.701489 0.530012 0.0223176
617 0.701489 0.523262 0.020179
618 0.701489 0.524346 0.0192478
619 0.701489 0.515477 0.0189408
620 0.701489 0.511194 0.0195611
621 0.701489 0.524123 0.0211097
622 0.701626 0.512834 0.0216319
623 0.701626 0.507532 0.0228848
624 0.701626 0.50074 0.0222121
625 0.701626 0.52636 0.0173647
626 0.701735 0.528608 0.0172065
627 0.701735 0.531265 0.020582
628 0.702432 0.50124 0.0200582
629 0.702432 0.523149 0.0199432
630 0.702432 0.5365 0.0204495
631 0.702432 0.541714 0.0177599
632 0.702432 0.539106 0.0180951
633 0.702432 0.541248 0.0196129
634 0.702432 0.534736 0.0179359
635 0.702432 0.532683 0.0193838
636 0.702432 0.536526 0.0198722
637 0.702432 0.525858 0.0226841
638 0.702432 0.507682 0.0206207
639 0.702432 0.496105 0.0216201
640 0.702432 0.511465 0.0221404
641 0.702432 0.500751 0.021446
642 0.702432 0.521214 0.0220702
643 0.702432 0.494297 0.0211424
644 0.702432 0.49732 0.0207128
645 0.702432 0.492982 0.0217657
646 0.702432 0.50193 0.0244034
647 0.702432 0.51936 0.0243656
648 0.702432 0.537625 0.0235753
649 0.702432 0.534906 0.0219489
650 0.702432 0.517586 0.0232733
651 0.702432 0.515726 0.0214178
652 0.702432 0.535103 0.017361
653 0.702432 0.52799 0.0183689
654 0.702556 0.540607 0.0167481
655 0.702716 0.543102 0.0156627
656 0.702716 0.547242 0.0179519
657 0.702716 0.548333 0.019955
658 0.702716 0.539573 0.0177729
659 0.702716 0.529233 0.0195282
660 0.702716 0.52839 0.0200521
661 0.702716 0.539575 0.0203458
662 0.702716 0.54781 0.019815
663 0.702716 0.559592 0.0177211
664 0.702716 0.556714 0.0179569
665 0.702716 0.542636 0.0147545
666 0.702716 0.546093 0.0135437
667 0.703314 0.548731 0.0169697
668 0.703314 0.547527 0.0192408
669 0.703723 0.556115 0.0162794
670 0.703723 0.541625 0.0219721
671 0.703723 0.526285 0.0216261
672 0.703723 0.518968 0.0202792
673 0.703723 0.507879 0.0205266
674 0.703723 0.509744 0.0219853
675 0.703723 0.532879 0.0200043
676 0.703723 0.51884 0.019246
677 0.703723 0.516781 0.0192112
678 0.703723 0.532465 0.019148
679 0.703723 0.533683 0.0209568
680 0.703723 0.538559 0.0191853
681 0.703723 0.548071 0.0201129
682 0.703723 0.530416 0.0192623
683 0.703723 0.540315 0.0197334
684 0.703723 0.553404 0.0179996
685 0.703723 0.542943 0.0183867
686 0.703723 0.54356 0.0193145
687 0.703723 0.544314 0.0176913
688 0.703723 0.541606 0.0178415
689 0.703723 0.533079 0.0178819
690 0.703723 0.540186 0.0168308
691 0.703723 0.534544 0.016352
692 0.703723 0.559728 0.0159223
693 0.703723 0.559685 0.0172484
694 0.703723 0.580477 0.0154279
695 0.703723 0.566977 0.0169098
696 0.703723 0.567553 0.0166522
697 0.703723 0.577306 0.0167256
698 0.703723 0.567799 0.0182267
699 0.703723 0.553191 0.0219006
700 0.703723 0.571576 0.0202556
701 0.703734 0.56069 0.0219869
702 0.703734 0.567503 0.0193015
703 0.703734 0.554161 0.0199851
704 0.703734 0.550541 0.0205561
705 0.703734 0.544363 0.0228268
706 0.703734 0.536216 0.0217351
707 0.703734 0.553313 0.0195138
708 0.703734 0.528473 0.02096
709 0.703734 0.552204 0.0212614
710 0.703734 0.557348 0.0203489
711 0.703734 0.550408 0.017315
712 0.703734 0.551508 0.0182117
713 0.703734 0.5473 0.0163086
714 0.703734 0.547427 0.0152078
715 0.703734 0.552264 0.0179733
716 0.703734 0.544222 0.0192174
717 0.703734 0.535864 0.0184726
718 0.703734 0.545453 0.0193661
719 0.703734 0.566732 0.0199993
720 0.703734 0.564312 0.0180602
721 0.703734 0.567197 0.0190888
722 0.703734 0.545127 0.0228491
723 0.703734 0.570873 0.021531
724 0.703734 0.543225 0.0208525
725 0.703734 0.546008 0.019819
726 0.703734 0.556989 0.0176271
727 0.703734 0.557136 0.0179099
728 0.703734 0.56812 0.0163637
729 0.703734 0.546732 0.0171207
730 0.703734 0.555058 0.018802
731 0.703734 0.558712 0.0180702
732 0.703734 0.566402 0.0157857
733 0.703734 0.593039 0.014947
734 0.703734 0.577288 0.0163996
735 0.703734 0.549235 0.0174061
736 0.703734 0.558923 0.0157063
737 0.703734 0.543039 0.0174956
738 0.703734 0.537297 0.0209434
739 0.703734 0.527069 0.0216826
740 0.703734 0.530738 0.0203922
741 0.703734 0.534687 0.0209823
742 0.703734 0.532861 0.0213614
743 0.703734 0.551523 0.0200087
744 0.703734 0.546851 0.021181
745 0.703734 0.540886 0.0189517
746 0.703734 0.530245 0.0203426
747 0.703746 0.565567 0.0175436
748 0.703746 0.532816 0.0192735
749 0.703746 0.537932 0.0194634
750 0.703746 0.541653 0.0202126
751 0.703746 0.530719 0.0172078
752 0.703746 0.538189 0.0185049
753 0.703746 0.546869 0.0178253
754 0.703746 0.564317 0.0163101
755 0.703746 0.558923 0.0165935
756 0.703785 0.546195 0.0153739
757 0.703785 0.546943 0.0155221
758 0.703785 0.547706 0.0174182
759 0.704152 0.547474 0.0186755
760 0.704152 0.54965 0.0180089
761 0.704152 0.546091 0.0194365
762 0.704152 0.536161 0.0166843
763 0.704152 0.538322 0.0171578
764 0.704152 0.558139 0.016964
765 0.704152 0.555385 0.0156949
766 0.704152 0.553833 0.0184566
767 0.704152 0.543882 0.0179789
768 0.704152 0.547431 0.0233885
769 0.704152 0.556418 0.0224966
770 0.704239 0.550416 0.0238672
771 0.704239 0.562796 0.0204649
772 0.704239 0.558849 0.0158335
773 0.704239 0.548766 0.015858
774 0.704239 0.544928 0.0172149
775 0.704239 0.550335 0.0197133
776 0.704239 0.548896 0.0166899
777 0.704239 0.568076 0.0171386
778 0.704239 0.55164 0.0182472
779 0.704239 0.556483 0.0177207
780 0.704239 0.561536 0.0173172
781 0.704239 0.570308 0.0155527
782 0.704353 0.552159 0.0167844
783 0.704353 0.548322 0.0174452
784 0.704353 0.528348 0.0178432
785 0.704353 0.544769 0.0175163
786 0.704353 0.54722 0.0173824
787 0.704353 0.56633 0.0153873
788 0.704353 0.550412 0.0159846
789 0.704353 0.566141 0.0170936
790 0.704353 0.580406 0.0134613
791 0.704353 0.557774 0.0155751
792 0.704619 0.545073 0.016141
793 0.704619 0.542001 0.0181723
794 0.705013 0.524607 0.0197811
795 0.705013 0.531141 0.0204508
796 0.705013 0.56608 0.0165382
797 0.705013 0.569911 0.0156737
798 0.705013 0.541952 0.0174512
799 0.705013 0.541654 0.0175377
800 0.705013 0.556305 0.0190889
801 0.705013 0.552017 0.0196641
802 0.705013 0.552389 0.018275
803 0.705013 0.549179 0.0198276
804 0.705013 0.575981 0.0180612
805 0.705013 0.582379 0.0161838
806 0.705013 0.570862 0.0150327
807 0.705013 0.563199 0.0172266
808 0.705013 0.551231 0.0191539
809 0.705013 0.558742 0.0172303
810 0.705013 0.549103 0.0163045
811 0.705013 0.535232 0.0159435
812 0.705013 0.543422 0.0174005
813 0.705013 0.550636 0.0162009
814 0.705013 0.553815 0.0169183
815 0.705013 0.563973 0.0172926
816 0.705013 0.559336 0.0159478
817 0.705013 0.549695 0.0146559
818 0.705196 0.561511 0.0183524
819 0.705196 0.55079 0.0187276
820 0.705196 0.565967 0.0187701
821 0.705196 0.544481 0.0184203
822 0.705196 0.518467 0.0201477
823 0.705196 0.506429 0.0225682
824 0.705196 0.518098 0.0226266
825 0.705196 0.525184 0.0209406
826 0.705196 0.547818 0.0200935
827 0.705196 0.529782 0.0228551
828 0.705196 0.513057 0.020842
829 0.705196 0.514906 0.0230251
830 0.705196 0.533848 0.0217128
831 0.705196 0.537921 0.0209002
832 0.705196 0.54398 0.0191205
833 0.705196 0.553486 0.0200273
834 0.705196 0.537146 0.0215685
835 0.705196 0.517771 0.0222357
836 0.705196 0.510443 0.0203657
837 0.705196 0.498854 0.0205578
838 0.705196 0.527773 0.0200526
839 0.705196 0.549106 0.0182558
840 0.705196 0.527086 0.0210729
841 0.705196 0.545021 0.0237279
842 0.705196 0.547798 0.0234948
843 0.705196 0.556925 0.0228917
844 0.705196 0.538624 0.0239832
845 0.705196 0.537749 0.0217008
846 0.705196 0.539965 0.0182981
847 0.705196 0.56993 0.0184156
848 0.705196 0.561287 0.0179887
849 0.705196 0.563009 0.0171792
850 0.705196 0.547598 0.017868
851 0.705257 0.5531 0.0167402
852 0.705257 0.551504 0.0180915
853 0.705257 0.553767 0.0192578
854 0.705257 0.533381 0.0208332
855 0.705257 0.525818 0.0205602
856 0.705257 0.538509 0.020669
857 0.705257 0.534711 0.0204704
858 0.705257 0.53227 0.021391
859 0.705257 0.528212 0.0226297
860 0.705257 0.533534 0.0184828
861 0.705257 0.532962 0.02058
862 0.705257 0.541798 0.0212329
863 0.705257 0.548255 0.0200974
864 0.705257 0.551434 0.0201085
865 0.705257 0.558818 0.018355
866 0.705257 0.55395 0.0178407
867 0.705257 0.568309 0.0180198
868 0.705257 0.577491 0.0161392
869 0.705257 0.558659 0.0164673
870 0.705257 0.576948 0.0165356
871 0.705257 0.56581 0.0142917
872 0.705257 0.569871 0.0162563
873 0.705257 0.583729 0.0160708
874 0.705257 0.572593 0.0160754
875 0.705257 0.562271 0.0177569
876 0.705261 0.578131 0.0159247
877 0.705261 0.578606 0.0168577
878 0.705261 0.571688 0.0156554
879 0.705261 0.573148 0.0158334
880 0.705261 0.570056 0.0167526
881 0.705261 0.559174 0.0168207
882 0.705261 0.562733 0.0178122
883 0.705261 0.585349 0.015448
884 0.705261 0.575051 0.0170731
885 0.705261 0.569424 0.0163128
886 0.705261 0.567614 0.0191955
887 0.705261 0.566963 0.0161921
888 0.705261 0.562073 0.0159801
889 0.705261 0.549663 0.0185472
890 0.705261 0.561644 0.0185311
891 0.705261 0.561819 0.0173067
892 0.705261 0.544414 0.0186202
893 0.705291 0.544009 0.0214457
894 0.705291 0.527846 0.0218781
895 0.705291 0.548668 0.0177835
896 0.705291 0.56841 0.0187794
897 0.705291 0.560955 0.0205913
898 0.705291 0.545343 0.0218787
899 0.705291 0.538736 0.0220476
900 0.705291 0.561767 0.0194461
901 0.705291 0.561834 0.0181762
902 0.705291 0.570116 0.0161423
903 0.705291 0.577821 0.0157925
904 0.705291 0.559882 0.0182785
905 0.705308 0.537516 0.0214075
906 0.705308 0.545197 0.0189016
907 0.705308 0.557049 0.0196959
908 0.705308 0.54107 0.0189361
909 0.705308 0.539784 0.0194084
910 0.705308 0.523227 0.0237976
911 0.705308 0.524511 0.0208436
912 0.705308 0.536525 0.0195612
913 0.705308 0.555769 0.0197306
914 0.705308 0.533964 0.0188266
915 0.705308 0.537149 0.0223289
916 0.705308 0.563774 0.0201819
917 0.705308 0.565357 0.0203321
918 0.705308 0.548271 0.0205414
919 0.705308 0.541444 0.0234556
920 0.705308 0.554139 0.0212659
921 0.705308 0.530189 0.0200919
922 0.705308 0.540143 0.021948
923 0.705308 0.553319 0.0215935
924 0.705308 0.551713 0.0211168
925 0.705339 0.533943 0.0192419
926 0.705339 0.549618 0.0180739
927 0.705339 0.549991 0.018905
928 0.705403 0.561323 0.0187209
929 0.705403 0.563595 0.0183563
930 0.705403 0.538159 0.0197474
931 0.705403 0.551286 0.0187615
932 0.705403 0.552385 0.0186581
933 0.705403 0.550233 0.019147
934 0.705403 0.551503 0.0190491
935 0.705403 0.563435 0.0196589
936 0.705403 0.549426 0.0185704
937 0.705403 0.536091 0.0217561
938 0.705403 0.553075 0.0198627
939 0.705403 0.52126 0.0208202
940 0.705403 0.523433 0.022007
941 0.705403 0.55294 0.0198515
942 0.705403 0.549827 0.0184157
943 0.705403 0.587765 0.0135942
944 0.705403 0.572894 0.0152936
945 0.705403 0.568035 0.018217
946 0.705403 0.541298 0.0199309
947 0.705403 0.526386 0.017104
948 0.705741 0.56814 0.0155908
949 0.705741 0.569631 0.0144032
950 0.705741 0.567806 0.0126462
951 0.705741 0.571592 0.0149704
952 0.705741 0.559347 0.0173213
953 0.705741 0.536376 0.0187845
954 0.705741 0.556456 0.0181391
955 0.705741 0.546687 0.0197801
956 0.705741 0.552957 0.0191897
957 0.705741 0.548859 0.0176491
958 0.705751 0.566093 0.018989
959 0.706454 0.554816 0.0196472
960 0.706454 0.549068 0.0186155
961 0.706454 0.529391 0.0206582
962 0.706454 0.534112 0.0201533
963 0.706483 0.539963 0.019226
964 0.706483 0.522123 0.0191156
965 0.706483 0.526933 0.0196415
966 0.706657 0.522257 0.0198406
967 0.706657 0.523628 0.0192611
968 0.706657 0.525842 0.0194235
969 0.706686 0.540768 0.0170212
970 0.706686 0.530398 0.0174163
971 0.707455 0.553086 0.0162302
972 0.707455 0.548487 0.0170361
973 0.707455 0.558384 0.0165142
974 0.707455 0.574219 0.0160105
975 0.707617 0.576816 0.0157273
976 0.707617 0.581277 0.0137305
977 0.707617 0.574488 0.0166351
978 0.707617 0.567165 0.0143877
979 0.707617 0.579022 0.015777
980 0.707617 0.591427 0.0150582
981 0.707617 0.578703 0.0143686
982 0.707617 0.584489 0.0147828
983 0.707617 0.562205 0.0161676
984 0.707617 0.56024 0.017711
985 0.707617 0.54019 0.0179956
986 0.707617 0.549737 0.0159953
987 0.707617 0.54271 0.0176915
988 0.707617 0.553256 0.0198011
989 0.707617 0.513646 0.018806
990 0.707617 0.535492 0.0214044
991 0.707617 0.569126 0.0172633
992 0.707617 0.586391 0.0159934
993 0.707617 0.586422 0.0142268
994 0.707617 0.591695 0.0153266
995 0.707617 0.5913 0.0135399
996 0.707617 0.555881 0.0183634
997 0.707617 0.552311 0.0174946
998 0.707617 0.570574 0.015931
999 0.708252 0.566468 0.0155888
1000 0.708252 0.570669 0.0162519
