0 0.393959 0.252366 0.000309926
1 0.393959 0.252797 0.000352373
2 0.396045 0.25678 0.000577061
3 0.396045 0.259497 0.000728882
4 0.396361 0.260961 0.0016963
5 0.420871 0.271014 0.00239915
6 0.420871 0.273025 0.00321093
7 0.420871 0.275304 0.00285628
8 0.420871 0.278993 0.00324099
9 0.450007 0.289477 0.00425903
10 0.450007 0.279427 0.00367178
11 0.465325 0.282809 0.0041141
12 0.465325 0.287366 0.00454415
13 0.519875 0.293578 0.00577479
14 0.525446 0.296403 0.00703218
15 0.525446 0.30555 0.00833381
16 0.525446 0.299714 0.00761678
17 0.525446 0.285797 0.00738361
18 0.548883 0.301042 0.00962746
19 0.548883 0.297792 0.00911112
20 0.548883 0.30286 0.00930927
21 0.548883 0.297667 0.0108358
22 0.548883 0.310162 0.0113761
23 0.552206 0.317617 0.0126284
24 0.606003 0.329763 0.0169041
25 0.616904 0.341958 0.0186704
26 0.616904 0.346022 0.019119
27 0.655315 0.358418 0.0207399
28 0.655315 0.349298 0.0212464
29 0.655315 0.355177 0.022275
30 0.70271 0.361893 0.0217761
31 0.70271 0.365567 0.0219671
32 0.70271 0.374117 0.0244798
33 0.70271 0.391854 0.0279478
34 0.70271 0.393364 0.0286574
35 0.764453 0.403188 0.0312754
36 0.764453 0.410883 0.0294126
37 0.777454 0.410183 0.030688
38 0.777454 0.43121 0.0297861
39 0.777454 0.44997 0.0313379
40 0.777454 0.443466 0.0307708
41 0.784438 0.452138 0.0314573
42 0.784438 0.48089 0.0332205
43 0.784438 0.485958 0.0306296
44 0.786965 0.511838 0.0316226
45 0.794222 0.496345 0.0291136
46 0.794222 0.515676 0.02837
47 0.796752 0.540476 0.0288412
48 0.796752 0.53081 0.0265983
49 0.796752 0.533125 0.0262945
50 0.797763 0.551149 0.0259459
51 0.800056 0.568577 0.026468
52 0.800056 0.583431 0.0237586
53 0.800056 0.578218 0.0210354
54 0.800056 0.580392 0.0201417
55 0.800056 0.605894 0.0192817
56 0.800056 0.602775 0.019661
57 0.80048 0.621923 0.0200433
58 0.801559 0.635966 0.0175591
59 0.801559 0.631204 0.017661
60 0.805977 0.634022 0.0147701
61 0.805977 0.642727 0.014712
62 0.807124 0.637028 0.0137945
63 0.809548 0.645473 0.0138941
64 0.809548 0.63955 0.0144811
65 0.809548 0.653103 0.00991596
66 0.809548 0.656858 0.00764354
67 0.821223 0.658992 0.0116092
68 0.821223 0.642376 0.0130314
69 0.821223 0.635042 0.0153613
70 0.821223 0.665942 0.0102775
71 0.821223 0.659425 0.0133172
72 0.82739 0.652735 0.0143738
73 0.82739 0.659094 0.0130706
74 0.82739 0.660713 0.011469
75 0.82739 0.65474 0.013386
76 0.82739 0.650161 0.0146697
77 0.82739 0.639917 0.0140858
78 0.82739 0.649971 0.0151649
79 0.82739 0.649817 0.0158144
80 0.82739 0.641977 0.0177251
81 0.82739 0.622773 0.0185567
82 0.82739 0.618495 0.0192405
83 0.828084 0.617815 0.0188028
84 0.828084 0.628987 0.0187783
85 0.828982 0.622679 0.0224978
86 0.828982 0.628466 0.0181821
87 0.83039 0.626471 0.0192893
88 0.830416 0.628607 0.020796
89 0.830416 0.629039 0.021053
90 0.830416 0.625511 0.0188189
91 0.830416 0.634156 0.017928
92 0.830416 0.618364 0.0195939
93 0.830416 0.653603 0.0159078
94 0.830416 0.654572 0.016689
95 0.83103 0.645561 0.0172991
96 0.83103 0.646693 0.015805
97 0.83103 0.654242 0.0139218
98 0.854045 0.659088 0.0151104
99 0.854045 0.660429 0.0141391
100 0.854045 0.666055 0.0122062
101 0.854045 0.671601 0.0126092
102 0.854045 0.665403 0.0111057
103 0.854045 0.668194 0.0107292
104 0.854045 0.669081 0.0119773
105 0.854045 0.669978 0.0114829
106 0.854045 0.657385 0.0140823
107 0.854045 0.657491 0.0122231
108 0.854045 0.650351 0.0161462
109 0.854045 0.646931 0.0153214
110 0.854045 0.645761 0.016503
111 0.856499 0.6499 0.0151537
112 0.856499 0.634969 0.0162256
113 0.856499 0.639481 0.0186691
114 0.856499 0.628641 0.0209604
115 0.856499 0.636105 0.0204925
116 0.861604 0.619945 0.0227213
117 0.861604 0.619762 0.0244527
118 0.861604 0.628798 0.0236105
119 0.861604 0.619599 0.0231005
120 0.861604 0.624542 0.0238223
121 0.861604 0.631938 0.0204869
122 0.861604 0.641498 0.0225692
123 0.861604 0.650441 0.0188085
124 0.861604 0.649246 0.0173031
125 0.861604 0.649756 0.018274
126 0.861604 0.655099 0.0205283
127 0.861604 0.635213 0.0248677
128 0.861604 0.621985 0.0254607
129 0.863105 0.616625 0.0240969
130 0.864869 0.656543 0.0212099
131 0.864869 0.652216 0.0200017
132 0.874901 0.651843 0.0241856
133 0.874901 0.654237 0.0218948
134 0.875107 0.654903 0.0259461
135 0.875107 0.642338 0.0218584
136 0.875107 0.640265 0.0183051
137 0.875107 0.660628 0.0193704
138 0.875107 0.6711 0.0145459
139 0.875107 0.674432 0.0133678
140 0.875107 0.662797 0.0162862
141 0.875107 0.643288 0.0185332
142 0.875107 0.638061 0.0203884
143 0.875107 0.650347 0.0203034
144 0.875107 0.666128 0.0221671
145 0.875107 0.653226 0.0209965
146 0.875107 0.641905 0.0204459
147 0.875107 0.628704 0.0232793
148 0.875107 0.636615 0.0239956
149 0.875107 0.642162 0.0235782
150 0.875107 0.661323 0.0182914
151 0.875107 0.658453 0.0177258
152 0.875107 0.647946 0.0234875
153 0.875107 0.647039 0.0267773
154 0.875107 0.661868 0.0212049
155 0.875107 0.653433 0.023403
156 0.875107 0.651738 0.0222604
157 0.875107 0.643664 0.0205889
158 0.875107 0.641874 0.021315
159 0.875107 0.641084 0.0205986
160 0.875107 0.647371 0.0215972
161 0.875107 0.640148 0.0262699
162 0.875107 0.626458 0.0252508
163 0.875107 0.627509 0.0249999
164 0.875107 0.636043 0.0243578
165 0.875107 0.638075 0.0240453
166 0.875107 0.639464 0.0225724
167 0.875107 0.626721 0.0189427
168 0.875107 0.638772 0.0220508
169 0.875107 0.652485 0.0195182
170 0.875107 0.671841 0.0167968
171 0.875107 0.662543 0.0212548
172 0.875107 0.64871 0.0179988
173 0.875107 0.651573 0.0182927
174 0.875107 0.675863 0.0191496
175 0.875107 0.669067 0.0204528
176 0.875107 0.674042 0.0202154
177 0.875107 0.66818 0.0228734
178 0.875107 0.669826 0.0198494
179 0.875107 0.688089 0.0192999
180 0.875107 0.699607 0.0181788
181 0.875107 0.669314 0.0213761
182 0.877868 0.669625 0.0207432
183 0.877868 0.672449 0.0224311
184 0.877868 0.668689 0.0237195
185 0.877868 0.666812 0.0223958
186 0.877868 0.663083 0.0229612
187 0.877868 0.649463 0.0270109
188 0.877868 0.655752 0.0232041
189 0.877868 0.65465 0.022659
190 0.877868 0.659846 0.0213263
191 0.877868 0.652852 0.0219451
192 0.877868 0.651302 0.0206863
193 0.877868 0.645842 0.0227198
194 0.877868 0.656104 0.0216018
195 0.877868 0.667653 0.0180548
196 0.877868 0.665003 0.017608
197 0.877868 0.680004 0.0175467
198 0.87886 0.677505 0.0174413
199 0.87886 0.686166 0.0143291
200 0.87886 0.67812 0.0159433
201 0.87886 0.670895 0.0182959
202 0.87886 0.67872 0.0180175
203 0.87886 0.679083 0.0181906
204 0.87886 0.67663 0.0223138
205 0.87886 0.652746 0.0241306
206 0.87886 0.652727 0.024768
207 0.87886 0.669243 0.0210217
208 0.87886 0.660059 0.0228582
209 0.87886 0.657181 0.0209063
210 0.87886 0.669131 0.024467
211 0.878862 0.676706 0.0221347
212 0.878862 0.655666 0.0234995
213 0.878862 0.654093 0.0221193
214 0.878862 0.62493 0.0227176
215 0.878862 0.625234 0.0266112
216 0.878862 0.636545 0.0281312
217 0.878862 0.633891 0.024031
218 0.878862 0.653178 0.0196896
219 0.878862 0.652429 0.019972
220 0.878862 0.645093 0.0248353
221 0.878862 0.642944 0.0213319
222 0.878944 0.673248 0.0198915
223 0.878944 0.665496 0.0231303
224 0.880482 0.678757 0.0237519
225 0.880482 0.677443 0.0174377
226 0.880482 0.686703 0.0189223
227 0.880482 0.658421 0.0208773
228 0.880482 0.641024 0.0199598
229 0.880482 0.648822 0.0224566
230 0.880482 0.637729 0.0290721
231 0.880482 0.634094 0.0261986
232 0.880482 0.619524 0.0268453
233 0.880482 0.639055 0.0236655
234 0.880482 0.642449 0.0246163
235 0.880482 0.63734 0.0251769
236 0.880482 0.659245 0.0236162
237 0.880482 0.655844 0.0234576
238 0.880482 0.648753 0.0257513
239 0.880482 0.65414 0.0285551
240 0.880482 0.645877 0.0254638
241 0.889773 0.637892 0.0316863
242 0.889773 0.645855 0.0274302
243 0.889773 0.640214 0.0280816
244 0.889773 0.634176 0.0252652
245 0.889773 0.641643 0.0257441
246 0.889773 0.637267 0.0268221
247 0.889773 0.66399 0.0239265
248 0.889773 0.670578 0.0224279
249 0.889773 0.659606 0.0244601
250 0.889773 0.64305 0.0245967
251 0.889773 0.631246 0.0244944
252 0.889773 0.658453 0.0233608
253 0.889773 0.650087 0.0212918
254 0.889773 0.643968 0.0231557
255 0.889773 0.638074 0.0242444
256 0.889773 0.645736 0.0221692
257 0.889773 0.660488 0.0202536
258 0.889773 0.654338 0.0259172
259 0.889773 0.667521 0.0206975
260 0.889773 0.6523 0.0210495
261 0.889773 0.661685 0.0205538
262 0.889773 0.673747 0.0184331
263 0.889773 0.677293 0.018065
264 0.889773 0.675915 0.0188605
265 0.889773 0.679884 0.0162716
266 0.889773 0.699807 0.0175941
267 0.889773 0.679784 0.0206066
268 0.889773 0.679474 0.0203525
269 0.889773 0.665874 0.0222458
270 0.889773 0.664429 0.0230982
271 0.889773 0.674677 0.0228924
272 0.889773 0.650154 0.026034
273 0.889773 0.66663 0.0245624
274 0.889773 0.668547 0.0235227
275 0.889773 0.665172 0.0241447
276 0.889773 0.686311 0.0251322
277 0.889773 0.654574 0.0251188
278 0.889773 0.665736 0.0231658
279 0.889773 0.663665 0.0263895
280 0.889773 0.662516 0.0241899
281 0.889773 0.67252 0.0272373
282 0.889773 0.677217 0.0244639
283 0.889773 0.681589 0.0202594
284 0.889773 0.676364 0.0197064
285 0.889773 0.660683 0.023163
286 0.889773 0.650056 0.0239801
287 0.889773 0.634735 0.0277818
288 0.889773 0.615471 0.0304801
289 0.889773 0.612887 0.0299508
290 0.889773 0.635078 0.0250317
291 0.889773 0.656813 0.0239171
292 0.889773 0.671374 0.0223533
293 0.889773 0.660751 0.0245282
294 0.889773 0.677148 0.0230201
295 0.889773 0.681171 0.0216583
296 0.889773 0.680464 0.0241378
297 0.889773 0.685396 0.0191392
298 0.889773 0.681539 0.019495
299 0.889773 0.693563 0.019691
300 0.889773 0.69468 0.0191659
301 0.889773 0.683764 0.0188211
302 0.889773 0.686119 0.0173834
303 0.889773 0.680394 0.0228485
304 0.889773 0.672646 0.0247424
305 0.889773 0.664835 0.0238735
306 0.889773 0.655066 0.0234362
307 0.889773 0.662893 0.0234641
308 0.889773 0.664296 0.0213412
309 0.889773 0.646032 0.0223963
310 0.889773 0.665253 0.0193992
311 0.889773 0.6897 0.0173258
312 0.889773 0.68511 0.0236716
313 0.889773 0.656764 0.0227397
314 0.889773 0.655326 0.0217033
315 0.889773 0.666798 0.0200483
316 0.889773 0.665148 0.0202393
317 0.889773 0.659798 0.0203958
318 0.889773 0.683138 0.0181176
319 0.889773 0.661256 0.0181837
320 0.889773 0.660032 0.02291
321 0.889773 0.648688 0.0247975
322 0.889773 0.645885 0.0261545
323 0.889773 0.633958 0.0256242
324 0.890588 0.636926 0.0272595
325 0.890588 0.64947 0.0248527
326 0.890985 0.640344 0.0246506
327 0.890985 0.66156 0.0249778
328 0.890985 0.676223 0.0204276
329 0.890985 0.672768 0.0229045
330 0.890985 0.679578 0.018646
331 0.890985 0.681629 0.01661
332 0.890985 0.663601 0.0204369
333 0.890985 0.670311 0.0202187
334 0.890985 0.667735 0.018636
335 0.890985 0.674514 0.0196882
336 0.890985 0.666184 0.0222011
337 0.890985 0.668502 0.0236168
338 0.890985 0.672558 0.022621
339 0.890985 0.66185 0.0241708
340 0.890985 0.670568 0.0252406
341 0.890985 0.680575 0.0232215
342 0.890985 0.692666 0.0178778
343 0.890985 0.691043 0.0174396
344 0.890985 0.690901 0.018277
345 0.890985 0.681117 0.02064
346 0.890985 0.686216 0.0215351
347 0.890985 0.673184 0.0204321
348 0.890985 0.662859 0.0226472
349 0.890985 0.660995 0.0235756
350 0.890985 0.664675 0.0220655
351 0.890985 0.64453 0.0252621
352 0.890985 0.65763 0.0275532
353 0.890985 0.627634 0.0277065
354 0.890985 0.648085 0.0260299
355 0.890985 0.664692 0.0281269
356 0.890985 0.663219 0.0235356
357 0.890985 0.653932 0.0221647
358 0.890985 0.65403 0.0267486
359 0.890985 0.650575 0.0245171
360 0.890985 0.670296 0.0257921
361 0.890985 0.670486 0.0234399
362 0.890985 0.681096 0.0251001
363 0.890985 0.667329 0.0236426
364 0.890985 0.669281 0.0228943
365 0.890985 0.669721 0.0222941
366 0.890985 0.669215 0.0188715
367 0.890985 0.664923 0.0227388
368 0.890985 0.652881 0.0186302
369 0.890985 0.649374 0.0219953
370 0.890985 0.659775 0.0218696
371 0.890985 0.66825 0.0221434
372 0.890985 0.673163 0.0260453
373 0.890985 0.679783 0.0229414
374 0.890985 0.660408 0.0206325
375 0.891216 0.657745 0.022831
376 0.891216 0.669613 0.022238
377 0.891216 0.663777 0.0211091
378 0.891216 0.67163 0.019962
379 0.891216 0.679294 0.0194415
380 0.891216 0.679032 0.0218016
381 0.891216 0.655952 0.0231547
382 0.891216 0.654192 0.0242722
383 0.891216 0.662417 0.0242091
384 0.891216 0.661524 0.0266841
385 0.891216 0.649757 0.0246665
386 0.891216 0.67035 0.0210538
387 0.891216 0.678676 0.0172748
388 0.891216 0.686917 0.0163514
389 0.891216 0.676283 0.0154169
390 0.891216 0.688115 0.0193959
391 0.891216 0.682072 0.0196
392 0.891216 0.688485 0.01775
393 0.891216 0.678361 0.0224113
394 0.891216 0.652464 0.0216815
395 0.891216 0.654194 0.0252607
396 0.89201 0.672213 0.0262026
397 0.89201 0.671232 0.0239182
398 0.89201 0.668549 0.0237865
399 0.89201 0.671241 0.0242197
400 0.89201 0.66793 0.0222078
401 0.89201 0.665628 0.0245526
402 0.89201 0.681212 0.0244897
403 0.89201 0.677272 0.0199049
404 0.89201 0.671063 0.0188438
405 0.89201 0.667239 0.0195892
406 0.89201 0.681822 0.0198466
407 0.89201 0.694418 0.0171659
408 0.89201 0.667631 0.0200588
409 0.89201 0.663065 0.0191113
410 0.89201 0.664983 0.0228156
411 0.89201 0.667553 0.0199468
412 0.89201 0.672375 0.0213874
413 0.89201 0.685927 0.017713
414 0.89201 0.70432 0.0159238
415 0.89201 0.692088 0.018333
416 0.89201 0.710239 0.0175452
417 0.89201 0.684235 0.0220576
418 0.89201 0.675871 0.0235676
419 0.89201 0.681269 0.0189583
420 0.89201 0.682726 0.0187741
421 0.89201 0.681634 0.0171661
422 0.89201 0.659577 0.0205423
423 0.89201 0.658443 0.0230775
424 0.89201 0.654509 0.0286723
425 0.89201 0.653911 0.0256388
426 0.89201 0.670405 0.0259082
427 0.89201 0.652862 0.0272518
428 0.89201 0.661838 0.0282525
429 0.89201 0.669542 0.0249147
430 0.89201 0.672783 0.0227139
431 0.89201 0.652968 0.0255274
432 0.89201 0.640834 0.0270158
433 0.89201 0.630438 0.0286692
434 0.89201 0.640984 0.0260108
435 0.89201 0.638278 0.0264614
436 0.89201 0.647867 0.0247603
437 0.89201 0.647065 0.0261831
438 0.89201 0.643483 0.022803
439 0.89201 0.663309 0.0236734
440 0.89201 0.654872 0.0227527
441 0.89201 0.677263 0.0206178
442 0.89201 0.666755 0.020071
443 0.89201 0.646286 0.0215277
444 0.89201 0.652738 0.0266935
445 0.89201 0.643953 0.0282771
446 0.89201 0.652511 0.0244444
447 0.89201 0.65159 0.0243454
448 0.89201 0.649291 0.0273133
449 0.89201 0.650034 0.027884
450 0.89201 0.647061 0.0240426
451 0.89201 0.65218 0.0232147
452 0.89201 0.640381 0.0224528
453 0.89201 0.645016 0.0230725
454 0.89201 0.648927 0.0219068
455 0.89201 0.648083 0.0251575
456 0.89201 0.664899 0.0252699
457 0.89201 0.639554 0.0244259
458 0.89201 0.66268 0.0260816
459 0.89201 0.6525 0.0261366
460 0.89201 0.649215 0.0276356
461 0.89201 0.648712 0.0270699
462 0.89201 0.642551 0.0265351
463 0.89201 0.644712 0.0246714
464 0.89201 0.666626 0.0243005
465 0.89201 0.64876 0.0205285
466 0.89201 0.669294 0.0174005
467 0.89201 0.66855 0.0205271
468 0.89201 0.671405 0.0199888
469 0.89201 0.665992 0.0216524
470 0.89201 0.68547 0.0203705
471 0.89201 0.674605 0.023061
472 0.89201 0.674432 0.0189724
473 0.89201 0.666748 0.0196971
474 0.89201 0.672546 0.0187894
475 0.89201 0.686229 0.0206567
476 0.89201 0.664594 0.0187967
477 0.89201 0.666731 0.0176949
478 0.89201 0.698375 0.0162037
479 0.89201 0.686672 0.0152746
480 0.89201 0.67058 0.0197712
481 0.89201 0.659091 0.0209506
482 0.89201 0.649375 0.0212764
483 0.89201 0.670829 0.0190094
484 0.89201 0.6604 0.0200801
485 0.89201 0.663102 0.0195973
486 0.89201 0.658769 0.0245175
487 0.89201 0.659562 0.0262423
488 0.892015 0.660413 0.0233996
489 0.892015 0.681522 0.0216735
490 0.892015 0.682171 0.0188466
491 0.892015 0.661672 0.0231226
492 0.892015 0.647783 0.0253859
493 0.892015 0.663014 0.0221693
494 0.892015 0.665621 0.0219265
495 0.892015 0.665069 0.0221715
496 0.892015 0.640661 0.021777
497 0.892015 0.652809 0.0240313
498 0.892015 0.658847 0.0213847
499 0.892015 0.668019 0.0216645
500 0.892015 0.657607 0.0217767
501 0.892015 0.664101 0.0230238
502 0.892015 0.674928 0.0193756
503 0.892015 0.677871 0.017386
504 0.892015 0.668894 0.0175225
505 0.892015 0.666794 0.0201034
506 0.892015 0.680194 0.0163194
507 0.892015 0.673388 0.0201224
508 0.892015 0.673641 0.0206427
509 0.892016 0.669997 0.0251526
510 0.892016 0.66999 0.0225768
511 0.892016 0.681953 0.0191225
512 0.892016 0.681034 0.0257285
513 0.892016 0.670114 0.0235913
514 0.892016 0.6601 0.022395
515 0.892016 0.65746 0.0262103
516 0.892016 0.634602 0.0264522
517 0.892016 0.650477 0.0257271
518 0.892016 0.662919 0.0232458
519 0.892016 0.660356 0.0230204
520 0.892016 0.646271 0.0292214
521 0.892016 0.666736 0.0243173
522 0.892016 0.670393 0.0230227
523 0.892016 0.668543 0.0197665
524 0.892016 0.659539 0.0235905
525 0.892016 0.660249 0.0231144
526 0.892016 0.661244 0.0243347
527 0.892017 0.672601 0.0225213
528 0.892017 0.691468 0.0180685
529 0.892017 0.700072 0.0179785
530 0.892017 0.707062 0.0165735
531 0.892017 0.700694 0.0150827
532 0.892017 0.698117 0.015043
533 0.892017 0.696981 0.0146128
534 0.892017 0.677758 0.018301
535 0.892017 0.676054 0.0180656
536 0.892017 0.701396 0.0161737
537 0.892017 0.690529 0.0173873
538 0.892017 0.701732 0.0186241
539 0.892017 0.673658 0.022354
540 0.892017 0.673906 0.0224888
541 0.892017 0.654394 0.0222096
542 0.892017 0.676353 0.0198704
543 0.892017 0.664163 0.0221659
544 0.892017 0.685131 0.0231983
545 0.892017 0.655005 0.0248167
546 0.892017 0.671012 0.0224033
547 0.892017 0.686375 0.0233296
548 0.892017 0.683395 0.0188207
549 0.892017 0.681682 0.0214892
550 0.892017 0.654488 0.0285396
551 0.892017 0.644634 0.0279849
552 0.892017 0.639476 0.0319677
553 0.892017 0.625574 0.0270493
554 0.892017 0.660605 0.0272445
555 0.892017 0.655452 0.0239011
556 0.892017 0.656334 0.0280407
557 0.892017 0.650752 0.0269678
558 0.892017 0.641807 0.0283532
559 0.892017 0.64681 0.0264375
560 0.892017 0.649012 0.0286846
561 0.892017 0.649804 0.0234872
562 0.892017 0.667659 0.0255535
563 0.892017 0.656106 0.0236274
564 0.892017 0.65131 0.0238156
565 0.892017 0.669821 0.024555
566 0.892017 0.68053 0.0255024
567 0.892017 0.670401 0.0251766
568 0.892017 0.645555 0.0235996
569 0.892017 0.648408 0.026483
570 0.892017 0.649004 0.0276639
571 0.892017 0.660986 0.0226066
572 0.892017 0.66812 0.0238612
573 0.892017 0.655325 0.0305328
574 0.892017 0.666852 0.0285869
575 0.892017 0.663866 0.0276315
576 0.892017 0.663858 0.0247919
577 0.892017 0.677192 0.0204895
578 0.892017 0.700192 0.0195542
579 0.892017 0.68395 0.022483
580 0.892017 0.685188 0.0207556
581 0.892017 0.662407 0.0212764
582 0.892017 0.665222 0.0223851
583 0.892017 0.666379 0.0215374
584 0.892017 0.662438 0.0224476
585 0.892017 0.685776 0.0193241
586 0.892017 0.690481 0.0195965
587 0.892017 0.68459 0.0184099
588 0.892017 0.686493 0.0178079
589 0.892017 0.683101 0.017121
590 0.892017 0.688392 0.0174675
591 0.892017 0.68632 0.0173254
592 0.892017 0.694558 0.013396
593 0.892017 0.694042 0.0159316
594 0.892017 0.685888 0.0171979
595 0.892017 0.670068 0.0188673
596 0.892017 0.674779 0.0193307
597 0.892017 0.698728 0.0185024
598 0.892017 0.687291 0.0149901
599 0.892018 0.679097 0.0187632
600 0.892018 0.671555 0.0240149
601 0.892018 0.67658 0.0191709
602 0.892018 0.665706 0.0219529
603 0.892018 0.667558 0.0231732
604 0.892018 0.645164 0.024139
605 0.892018 0.644526 0.0268147
606 0.892018 0.635889 0.0289225
607 0.892018 0.648106 0.0259289
608 0.892018 0.635071 0.028294
609 0.892018 0.618329 0.032282
610 0.892018 0.632148 0.0245033
611 0.892018 0.636089 0.0271092
612 0.892018 0.649868 0.0233218
613 0.892018 0.650594 0.0271515
614 0.892018 0.651093 0.026147
615 0.892018 0.663322 0.0212854
616 0.892018 0.655224 0.0248432
617 0.892018 0.671388 0.0248194
618 0.892018 0.673215 0.0191633
619 0.892018 0.68426 0.0166582
620 0.892018 0.66367 0.0255053
621 0.892018 0.676441 0.0197879
622 0.892018 0.67648 0.0226851
623 0.892018 0.680184 0.0236865
624 0.892018 0.680213 0.019065
625 0.892018 0.674482 0.0210025
626 0.892018 0.680969 0.0194277
627 0.892018 0.67501 0.022169
628 0.892018 0.658335 0.0246773
629 0.892018 0.634407 0.0261526
630 0.892018 0.637544 0.0246278
631 0.892018 0.634921 0.0255218
632 0.892018 0.631272 0.0275322
633 0.892018 0.644663 0.0258636
634 0.892018 0.658112 0.023482
635 0.892018 0.665613 0.0231383
636 0.892018 0.675714 0.0252201
637 0.892018 0.657651 0.0229978
638 0.892018 0.653095 0.0248454
639 0.892018 0.646431 0.0218267
640 0.892018 0.659507 0.0245569
641 0.892018 0.663082 0.02295
642 0.892018 0.656686 0.0274469
643 0.892018 0.669254 0.0251664
644 0.892018 0.668138 0.0220358
645 0.892018 0.652647 0.0234354
646 0.892018 0.654706 0.0239408
647 0.892018 0.65182 0.0241916
648 0.892018 0.642618 0.0230244
649 0.892018 0.635641 0.0289177
650 0.892018 0.65632 0.0264255
651 0.892018 0.671007 0.0242378
652 0.892018 0.652984 0.025629
653 0.892018 0.660351 0.0269401
654 0.892018 0.669343 0.0219237
655 0.892018 0.679143 0.0205747
656 0.892018 0.671339 0.0225595
657 0.892018 0.664347 0.0233597
658 0.892018 0.687216 0.0209934
659 0.892018 0.668378 0.0188156
660 0.892018 0.665871 0.0238597
661 0.892018 0.656424 0.0231919
662 0.892018 0.655731 0.0248718
663 0.892018 0.67705 0.0242368
664 0.892018 0.675081 0.0212658
665 0.892018 0.661572 0.0239135
666 0.892018 0.675514 0.0240285
667 0.892018 0.652824 0.0266086
668 0.892018 0.669324 0.0212058
669 0.892018 0.658495 0.0260451
670 0.892018 0.631512 0.0256637
671 0.892018 0.637516 0.0314063
672 0.892018 0.648141 0.0256169
673 0.892018 0.639932 0.0237011
674 0.892018 0.646611 0.0220316
675 0.892018 0.649573 0.0252351
676 0.892018 0.641157 0.0253028
677 0.892018 0.627356 0.0245955
678 0.892018 0.639942 0.0276861
679 0.892018 0.647353 0.0275529
680 0.892018 0.652896 0.024003
681 0.892018 0.640932 0.0282619
682 0.892018 0.639852 0.0296023
683 0.892018 0.642814 0.026278
684 0.892018 0.673189 0.0266077
685 0.892018 0.659215 0.024577
686 0.892018 0.668384 0.0226786
687 0.892018 0.66604 0.0207779
688 0.892018 0.640775 0.0253347
689 0.892018 0.652592 0.0254921
690 0.892018 0.665072 0.0215608
691 0.892018 0.664129 0.0216965
692 0.892018 0.660974 0.025377
693 0.892018 0.676404 0.0221828
694 0.892018 0.675607 0.0214709
695 0.892018 0.666565 0.0244094
696 0.892018 0.654649 0.0254234
697 0.892018 0.648408 0.0232245
698 0.892018 0.673361 0.0192825
699 0.892018 0.655357 0.0261103
700 0.892018 0.662101 0.0230206
701 0.892018 0.662496 0.0242696
702 0.892018 0.658301 0.0265455
703 0.892018 0.661612 0.0208832
704 0.892018 0.661674 0.022998
705 0.892018 0.666553 0.0212904
706 0.892018 0.659394 0.0245858
707 0.892018 0.625826 0.0251482
708 0.892018 0.649969 0.024174
709 0.892018 0.640145 0.0260469
710 0.892018 0.651672 0.0263951
711 0.892018 0.64233 0.0300309
712 0.892018 0.638608 0.0294479
713 0.892018 0.630975 0.024043
714 0.892018 0.64075 0.0252634
715 0.892018 0.647103 0.0300454
716 0.892018 0.649018 0.0306792
717 0.892018 0.634976 0.0293788
718 0.892018 0.636956 0.0276866
719 0.892018 0.643792 0.0251946
720 0.892018 0.639396 0.0233923
721 0.892018 0.635856 0.0225185
722 0.892018 0.636831 0.0268101
723 0.892018 0.648235 0.0234484
724 0.892018 0.672545 0.0243444
725 0.892018 0.672964 0.0204827
726 0.892018 0.657247 0.02435
727 0.892018 0.666873 0.0247609
728 0.892018 0.651582 0.021357
729 0.892018 0.648115 0.0217279
730 0.892018 0.653197 0.023637
731 0.892018 0.656476 0.0222922
732 0.892018 0.665181 0.0207402
733 0.892018 0.682652 0.0188863
734 0.892018 0.674256 0.0172766
735 0.892018 0.667803 0.0204284
736 0.892018 0.701679 0.0160172
737 0.892018 0.686141 0.0184808
738 0.892018 0.689663 0.0186431
739 0.892018 0.670783 0.0201187
740 0.892018 0.668837 0.0193297
741 0.892018 0.675007 0.0204888
742 0.892018 0.668312 0.0241455
743 0.892018 0.67509 0.0231285
744 0.892018 0.667651 0.0235422
745 0.892018 0.663961 0.0219308
746 0.892018 0.663148 0.0220043
747 0.892018 0.681763 0.0203782
748 0.892018 0.663757 0.0192483
749 0.892018 0.670078 0.0207094
750 0.892018 0.647611 0.0243662
751 0.892018 0.675437 0.0237714
752 0.892018 0.679436 0.0221557
753 0.892018 0.672224 0.0210115
754 0.892018 0.681666 0.0202547
755 0.892018 0.688703 0.0190857
756 0.892018 0.669478 0.0190765
757 0.892018 0.641586 0.0239932
758 0.892018 0.64861 0.0217731
759 0.892018 0.666362 0.0205177
760 0.892018 0.653885 0.019463
761 0.892018 0.656417 0.0203966
762 0.892018 0.657062 0.0217272
763 0.892018 0.665011 0.0204302
764 0.892018 0.670434 0.0195991
765 0.892018 0.670435 0.0216044
766 0.892018 0.672888 0.0230074
767 0.892018 0.658181 0.0226305
768 0.892018 0.669774 0.0241046
769 0.892018 0.660642 0.0239534
770 0.892018 0.707135 0.0148878
771 0.892018 0.694883 0.0159838
772 0.892018 0.682744 0.0186545
773 0.892018 0.682334 0.0183365
774 0.892018 0.682133 0.0191316
775 0.892018 0.67317 0.020175
776 0.892018 0.682234 0.018238
777 0.892018 0.675454 0.0168751
778 0.892018 0.677583 0.0191865
779 0.892018 0.68573 0.0183493
780 0.892018 0.66683 0.0228403
781 0.892018 0.678848 0.0198309
782 0.892018 0.675777 0.0215097
783 0.892018 0.640959 0.027166
784 0.892018 0.640121 0.0247052
785 0.892018 0.64237 0.0257873
786 0.892018 0.658595 0.0271514
787 0.892018 0.638322 0.0235336
788 0.892018 0.64118 0.021793
789 0.892018 0.655424 0.0227935
790 0.892018 0.636801 0.0244678
791 0.892018 0.65636 0.02486
792 0.892018 0.646829 0.0261033
793 0.892018 0.642874 0.0243811
794 0.892018 0.626034 0.0251004
795 0.892018 0.638046 0.0243517
796 0.892018 0.646864 0.0260336
797 0.892018 0.642784 0.0257039
798 0.892018 0.657145 0.0258544
799 0.892018 0.653581 0.0237802
800 0.892018 0.676475 0.0249438
801 0.892018 0.680745 0.0219028
802 0.892018 0.680095 0.0198796
803 0.892018 0.668088 0.0235722
804 0.892018 0.666981 0.022509
805 0.892018 0.682405 0.017536
806 0.892018 0.689714 0.0172274
807 0.892018 0.682212 0.0176888
808 0.892018 0.678339 0.0191049
809 0.892018 0.686758 0.0200742
810 0.892018 0.672916 0.0210704
811 0.892018 0.690298 0.0215928
812 0.892018 0.664161 0.0233382
813 0.892018 0.660265 0.0252395
814 0.892018 0.655354 0.0262132
815 0.892018 0.6705 0.0211687
816 0.892018 0.672763 0.0195895
817 0.892018 0.651765 0.0214562
818 0.892018 0.677183 0.0173619
819 0.892018 0.700515 0.0153787
820 0.892018 0.701671 0.0151575
821 0.892018 0.692931 0.0184162
822 0.892018 0.680861 0.0203562
823 0.892018 0.662636 0.0212667
824 0.892018 0.657841 0.0212196
825 0.892018 0.682623 0.0207536
826 0.892018 0.688316 0.018791
827 0.892018 0.679912 0.0196708
828 0.892018 0.686624 0.0174176
829 0.892018 0.693046 0.019273
830 0.892018 0.696425 0.0196813
831 0.892018 0.710913 0.0169472
832 0.892018 0.696681 0.0214141
833 0.892018 0.685124 0.0207973
834 0.892018 0.674839 0.023762
835 0.892018 0.697321 0.0185892
836 0.892018 0.69545 0.0165029
837 0.892018 0.681519 0.019327
838 0.892018 0.697508 0.0172415
839 0.892018 0.674871 0.023301
840 0.892018 0.681965 0.0188116
841 0.892018 0.668189 0.0171161
842 0.892018 0.667212 0.0220872
843 0.892018 0.653518 0.023648
844 0.892018 0.668702 0.0212693
845 0.892018 0.659868 0.0249041
846 0.892018 0.665696 0.0228025
847 0.892018 0.671814 0.0205851
848 0.892018 0.660083 0.0246443
849 0.892018 0.666381 0.0243949
850 0.892018 0.674089 0.019723
851 0.892018 0.667228 0.019492
852 0.892018 0.661003 0.0281371
853 0.892018 0.672097 0.0227243
854 0.892018 0.65858 0.0236262
855 0.892018 0.675906 0.0265884
856 0.892018 0.690692 0.023475
857 0.892018 0.680527 0.0220955
858 0.892018 0.661788 0.0277311
859 0.892018 0.642468 0.0299589
860 0.892018 0.650197 0.0315189
861 0.892018 0.6355 0.0258958
862 0.892018 0.643935 0.0215171
863 0.892018 0.625535 0.021815
864 0.892018 0.639734 0.0247839
865 0.892018 0.648334 0.0234354
866 0.892018 0.660799 0.0225605
867 0.892018 0.663819 0.0232719
868 0.892018 0.661382 0.0248754
869 0.892018 0.687168 0.0216
870 0.892018 0.680815 0.0205837
871 0.892018 0.680272 0.0190491
872 0.892018 0.679975 0.0218533
873 0.892018 0.663532 0.0214859
874 0.892018 0.67728 0.0237764
875 0.892018 0.668896 0.0262948
876 0.892018 0.662569 0.0251785
877 0.892018 0.661961 0.0244092
878 0.892018 0.643562 0.0254991
879 0.892018 0.666563 0.0217555
880 0.892018 0.665417 0.0214502
881 0.892018 0.635922 0.0253995
882 0.892018 0.625878 0.0281206
883 0.892018 0.624332 0.0276822
884 0.892018 0.638103 0.028544
885 0.892018 0.651329 0.0248788
886 0.892018 0.658017 0.0217008
887 0.892018 0.658632 0.0229684
888 0.892018 0.659564 0.0224368
889 0.892018 0.687108 0.0199549
890 0.892018 0.667848 0.0199784
891 0.892018 0.664225 0.0210439
892 0.892018 0.689646 0.0209157
893 0.892018 0.686309 0.0233347
894 0.892018 0.683274 0.0213086
895 0.892018 0.684892 0.0209051
896 0.892018 0.703427 0.0170987
897 0.892018 0.704979 0.0150186
898 0.892018 0.71409 0.0196284
899 0.892018 0.688394 0.0211159
900 0.892018 0.695011 0.0191987
901 0.892018 0.686485 0.0189654
902 0.892018 0.670096 0.0187563
903 0.892018 0.658402 0.0258291
904 0.892018 0.675436 0.0214309
905 0.892018 0.682289 0.0208125
906 0.892018 0.668531 0.0222628
907 0.892018 0.678543 0.0218223
908 0.892018 0.659568 0.0252247
909 0.892018 0.660221 0.0242605
910 0.892018 0.678026 0.0198728
911 0.892018 0.681136 0.019626
912 0.892018 0.681547 0.02273
913 0.892018 0.672345 0.0204726
914 0.892018 0.661728 0.0235698
915 0.892018 0.66619 0.0245572
916 0.892018 0.66673 0.0220896
917 0.892018 0.672874 0.0225081
918 0.892018 0.683074 0.0231758
919 0.892018 0.672217 0.0216691
920 0.892018 0.659604 0.0188301
921 0.892018 0.667083 0.0219593
922 0.892018 0.67276 0.0208355
923 0.892018 0.663147 0.0198515
924 0.892018 0.651259 0.0241748
925 0.892018 0.667337 0.0253707
926 0.892018 0.663348 0.0235189
927 0.892018 0.672635 0.0225986
928 0.892018 0.67878 0.0201455
929 0.892018 0.679193 0.0217004
930 0.892018 0.674733 0.0255652
931 0.892018 0.640649 0.0258442
932 0.892018 0.64301 0.0237515
933 0.892018 0.640428 0.0255716
934 0.892018 0.647959 0.0228797
935 0.892018 0.656169 0.0229543
936 0.892018 0.63403 0.0248639
937 0.892018 0.653829 0.0218192
938 0.892018 0.68261 0.0204984
939 0.892018 0.670373 0.0200606
940 0.892018 0.673109 0.0167067
941 0.892018 0.67288 0.0184942
942 0.892018 0.658614 0.0194553
943 0.892018 0.65129 0.0208769
944 0.892018 0.632681 0.0228047
945 0.892018 0.644121 0.0232951
946 0.892018 0.634299 0.0225509
947 0.892018 0.644723 0.0238991
948 0.892018 0.655409 0.022575
949 0.892018 0.643209 0.0213831
950 0.892018 0.647464 0.0207095
951 0.892018 0.650379 0.0251142
952 0.892018 0.64538 0.0251713
953 0.892018 0.665649 0.0245997
954 0.892018 0.643351 0.0258555
955 0.892018 0.632362 0.0296543
956 0.892018 0.623841 0.0271907
957 0.892018 0.629876 0.0291352
958 0.892018 0.640248 0.0256283
959 0.892018 0.647932 0.0244983
960 0.892018 0.653857 0.0218549
961 0.892018 0.660131 0.0265146
962 0.892018 0.650569 0.0272807
963 0.892018 0.663081 0.0257794
964 0.892018 0.657001 0.0227714
965 0.892018 0.648778 0.0214216
966 0.892018 0.652781 0.0236823
967 0.892018 0.66955 0.0207147
968 0.892018 0.680212 0.0205155
969 0.892018 0.677143 0.018605
970 0.892018 0.660557 0.021636
971 0.892018 0.644881 0.0231288
972 0.892018 0.634919 0.0232271
973 0.892018 0.641083 0.0255051
974 0.892018 0.63749 0.0269812
975 0.892018 0.619485 0.0283779
976 0.892018 0.651747 0.0259091
977 0.892018 0.644775 0.0257787
978 0.892018 0.654491 0.0248564
979 0.892018 0.674978 0.0214435
980 0.892018 0.677511 0.0230047
981 0.892018 0.685911 0.0220894
982 0.892018 0.665287 0.0228707
983 0.892018 0.660507 0.0197272
984 0.892018 0.672324 0.0234696
985 0.892018 0.694198 0.0207579
986 0.892018 0.672056 0.0192639
987 0.892018 0.68963 0.018988
988 0.892018 0.691631 0.0180879
989 0.892018 0.668868 0.0202435
990 0.892018 0.681114 0.0207392
991 0.892018 0.667796 0.0198868
992 0.892018 0.655531 0.0216127
993 0.892018 0.675767 0.0207667
994 0.892018 0.666527 0.0201009
995 0.892018 0.664496 0.0233133
996 0.892018 0.671869 0.0242779
997 0.892018 0.660859 0.0244224
998 0.892018 0.635785 0.0211509
999 0.892018 0.643395 0.0252894
1000 0.892018 0.65837 0.0228913
