0 0.327375 0.249766 0.000313122
1 0.440309 0.254272 0.000598326
2 0.450685 0.258047 0.00127098
3 0.469305 0.263725 0.00232159
4 0.469305 0.270304 0.00352249
5 0.469305 0.274334 0.00451363
6 0.469461 0.287771 0.00593141
7 0.48371 0.290902 0.00691947
8 0.48371 0.294011 0.00726466
9 0.486252 0.297141 0.00955309
10 0.486252 0.301197 0.00951427
11 0.492801 0.308737 0.00997417
12 0.49326 0.301853 0.00972439
13 0.49326 0.307806 0.00931578
14 0.49326 0.311008 0.0103031
15 0.515085 0.304063 0.0108027
16 0.515085 0.308896 0.0106258
17 0.515085 0.320729 0.0118592
18 0.515085 0.322818 0.0115634
19 0.515085 0.321169 0.0123464
20 0.515085 0.32601 0.0109089
21 0.604039 0.348037 0.0122625
22 0.604039 0.360632 0.0124097
23 0.604039 0.355708 0.012633
24 0.604039 0.364716 0.0123354
25 0.604039 0.378957 0.0110454
26 0.604039 0.38365 0.0118231
27 0.604039 0.390997 0.0126894
28 0.613994 0.403406 0.0136414
29 0.613994 0.40971 0.0126436
30 0.613994 0.414279 0.0162986
31 0.613994 0.405801 0.0153732
32 0.613994 0.402762 0.0132969
33 0.613994 0.408132 0.0137176
34 0.613994 0.401684 0.0136581
35 0.622974 0.421438 0.0147038
36 0.622974 0.424508 0.0143955
37 0.632041 0.421094 0.0129711
38 0.632041 0.42438 0.012163
39 0.632041 0.415575 0.01382
40 0.632041 0.415096 0.0151668
41 0.648556 0.435303 0.0157764
42 0.648556 0.425782 0.0158513
43 0.663951 0.425725 0.0163349
44 0.663951 0.442097 0.0167627
45 0.663951 0.449612 0.0161115
46 0.663951 0.427454 0.0163644
47 0.663951 0.438403 0.0172693
48 0.690525 0.443323 0.0165456
49 0.690525 0.458343 0.0189358
50 0.690525 0.468091 0.0179927
51 0.690525 0.470683 0.0197108
52 0.690525 0.478493 0.0190129
53 0.696243 0.473029 0.0186995
54 0.696243 0.487583 0.0158589
55 0.696243 0.511131 0.0177512
56 0.714248 0.509226 0.0166083
57 0.714248 0.519891 0.0165707
58 0.714248 0.516423 0.0150569
59 0.733631 0.510726 0.0163153
60 0.733631 0.52203 0.0142366
61 0.733631 0.540536 0.0133273
62 0.733631 0.530191 0.0111283
63 0.733631 0.53557 0.00972156
64 0.733631 0.522711 0.00908465
65 0.733631 0.54143 0.0101781
66 0.738009 0.550905 0.010722
67 0.738009 0.544361 0.0106087
68 0.75103 0.546767 0.0115294
69 0.75103 0.5477 0.010214
70 0.75103 0.554579 0.00961325
71 0.75103 0.55989 0.00926065
72 0.75103 0.55735 0.0122403
73 0.75103 0.558919 0.012239
74 0.75103 0.540663 0.0147968
75 0.75103 0.552826 0.012807
76 0.75103 0.53775 0.0126778
77 0.75103 0.553785 0.0135405
78 0.75103 0.562863 0.0124842
79 0.75103 0.547375 0.0136949
80 0.75103 0.55956 0.0122263
81 0.75103 0.568504 0.0111034
82 0.75103 0.55951 0.0133527
83 0.75103 0.563683 0.0124695
84 0.755597 0.558881 0.0120578
85 0.755597 0.553366 0.0105473
86 0.755597 0.579822 0.010015
87 0.755597 0.553646 0.0129641
88 0.755597 0.555101 0.0115454
89 0.755597 0.558481 0.011813
90 0.755597 0.554526 0.0130677
91 0.755597 0.560891 0.0138412
92 0.75641 0.562747 0.0129996
93 0.75641 0.569036 0.0142389
94 0.75641 0.582539 0.0139213
95 0.769278 0.575824 0.0133692
96 0.769278 0.574084 0.0118016
97 0.769278 0.577333 0.0114476
98 0.769278 0.588057 0.00939025
99 0.769278 0.58055 0.0115539
100 0.769278 0.583417 0.0130764
101 0.781252 0.603442 0.0115911
102 0.781252 0.591477 0.0108523
103 0.781252 0.592633 0.0111208
104 0.781252 0.59815 0.0114578
105 0.797382 0.60376 0.0107893
106 0.797382 0.597073 0.0108988
107 0.797382 0.59094 0.0139254
108 0.797382 0.594917 0.0138209
109 0.797382 0.591404 0.011138
110 0.797382 0.600089 0.0113189
111 0.797382 0.596801 0.0119419
112 0.797382 0.608945 0.0120808
113 0.802669 0.601655 0.0111942
114 0.802669 0.59487 0.0150593
115 0.802669 0.594445 0.014507
116 0.802669 0.599623 0.0144918
117 0.802669 0.610841 0.0117865
118 0.802669 0.590357 0.0146738
119 0.802669 0.607313 0.0127625
120 0.802669 0.610188 0.0159434
121 0.802669 0.596364 0.0143557
122 0.802669 0.613686 0.0118909
123 0.802669 0.629864 0.0104257
124 0.802669 0.636935 0.00816594
125 0.802669 0.623843 0.0111312
126 0.802669 0.61489 0.0104868
127 0.802669 0.620236 0.012159
128 0.802669 0.625433 0.0126332
129 0.802669 0.620368 0.0130143
130 0.802669 0.616504 0.0121186
131 0.802669 0.621077 0.0112761
132 0.802669 0.618179 0.0151887
133 0.802669 0.612183 0.0144282
134 0.802669 0.616846 0.0124021
135 0.802669 0.61548 0.013105
136 0.802669 0.617865 0.0124358
137 0.802669 0.604115 0.0135556
138 0.802669 0.602883 0.0117672
139 0.802669 0.594533 0.0126292
140 0.802669 0.607897 0.0126254
141 0.802669 0.600196 0.0139331
142 0.802669 0.605793 0.0133862
143 0.802669 0.613477 0.0129732
144 0.804758 0.601784 0.0144471
145 0.804758 0.581382 0.016315
146 0.804758 0.597132 0.0152352
147 0.804758 0.59274 0.0147147
148 0.81255 0.60031 0.0146911
149 0.81255 0.596799 0.0151786
150 0.817198 0.574138 0.0172673
151 0.817198 0.598833 0.0174224
152 0.817198 0.597382 0.0168494
153 0.817198 0.607675 0.0155872
154 0.817198 0.606038 0.0136939
155 0.817198 0.598196 0.0137639
156 0.817198 0.590596 0.0124642
157 0.817198 0.594104 0.0149665
158 0.817198 0.595683 0.0190178
159 0.817198 0.609372 0.0134541
160 0.817198 0.614226 0.0150995
161 0.817198 0.607733 0.0129431
162 0.817198 0.614875 0.0127056
163 0.817198 0.605953 0.0145142
164 0.817198 0.599566 0.0147388
165 0.817198 0.599073 0.0167637
166 0.817198 0.603679 0.0166343
167 0.817198 0.602729 0.0167688
168 0.817198 0.612484 0.0159659
169 0.817198 0.610299 0.0168398
170 0.817198 0.60905 0.0116306
171 0.817198 0.601207 0.0135905
172 0.817198 0.611145 0.0137742
173 0.817198 0.601384 0.014039
174 0.817198 0.596662 0.0135937
175 0.817198 0.607013 0.016562
176 0.817198 0.597755 0.0165234
177 0.817198 0.604965 0.0140875
178 0.817198 0.60703 0.0145672
179 0.822197 0.612839 0.0151185
180 0.822197 0.588813 0.0155794
181 0.822197 0.600979 0.012783
182 0.822197 0.617045 0.0135895
183 0.822197 0.613885 0.0122505
184 0.822197 0.610498 0.0131571
185 0.830436 0.606525 0.0135478
186 0.830436 0.610012 0.0148739
187 0.830436 0.610959 0.0146942
188 0.830436 0.603467 0.0131922
189 0.830436 0.605202 0.0117556
190 0.830436 0.604248 0.0113648
191 0.830436 0.619925 0.0123239
192 0.830436 0.607413 0.0136333
193 0.830436 0.629736 0.0113566
194 0.830436 0.635564 0.0120107
195 0.830436 0.635386 0.0113894
196 0.830436 0.616617 0.0145827
197 0.830436 0.605967 0.0152499
198 0.830436 0.608166 0.0142211
199 0.830436 0.626293 0.0115401
200 0.830436 0.61334 0.012659
201 0.830436 0.617009 0.0137704
202 0.830436 0.615062 0.0137231
203 0.830436 0.614677 0.0151767
204 0.830436 0.607138 0.0141091
205 0.830436 0.610556 0.0132343
206 0.830436 0.617047 0.0134674
207 0.830436 0.613323 0.0147455
208 0.830436 0.615976 0.0143733
209 0.832541 0.63023 0.0146035
210 0.837023 0.618829 0.0175752
211 0.837023 0.593243 0.0192502
212 0.837023 0.594206 0.0158637
213 0.837023 0.604144 0.0185176
214 0.837023 0.622783 0.0154246
215 0.837023 0.617725 0.0156689
216 0.837023 0.612264 0.0170506
217 0.837023 0.594996 0.0167768
218 0.837023 0.589111 0.0166915
219 0.837023 0.606984 0.0135115
220 0.837023 0.619526 0.0139535
221 0.837023 0.610096 0.0149381
222 0.837023 0.598908 0.014897
223 0.837023 0.608084 0.014642
224 0.837023 0.609565 0.0144158
225 0.837023 0.600641 0.015766
226 0.837023 0.611543 0.0178834
227 0.837406 0.620314 0.0175984
228 0.837406 0.617771 0.0160501
229 0.837406 0.607184 0.0180599
230 0.837406 0.618576 0.0171951
231 0.837406 0.608273 0.0157489
232 0.837406 0.587307 0.018015
233 0.837406 0.59871 0.0173847
234 0.841142 0.617535 0.0168225
235 0.841142 0.618986 0.0169731
236 0.841142 0.619713 0.0136592
237 0.841142 0.604628 0.0156127
238 0.841142 0.610797 0.0146715
239 0.841142 0.598939 0.0167089
240 0.841142 0.598822 0.0176007
241 0.841142 0.612575 0.014174
242 0.841142 0.61689 0.0127081
243 0.841142 0.614181 0.0150656
244 0.841142 0.620701 0.0127421
245 0.841142 0.62008 0.0134636
246 0.841142 0.637587 0.0105451
247 0.841142 0.632762 0.013528
248 0.841142 0.640869 0.0140261
249 0.841142 0.626551 0.0130751
250 0.841142 0.630705 0.014141
251 0.841142 0.617381 0.0149706
252 0.841142 0.629715 0.0140884
253 0.841142 0.613016 0.0145811
254 0.841142 0.617102 0.0139693
255 0.841142 0.613158 0.0154897
256 0.841142 0.620929 0.014497
257 0.841142 0.613049 0.0144059
258 0.841142 0.611299 0.0134558
259 0.841142 0.605536 0.0138356
260 0.841142 0.617195 0.0121968
261 0.841142 0.614081 0.012734
262 0.845358 0.615097 0.0155466
263 0.845358 0.626969 0.0154477
264 0.845358 0.623561 0.0170286
265 0.845358 0.629781 0.0142955
266 0.845358 0.622701 0.0139679
267 0.845358 0.616565 0.017344
268 0.845358 0.618434 0.0162709
269 0.845358 0.614246 0.0154825
270 0.845358 0.630142 0.0134865
271 0.845358 0.62769 0.0126483
272 0.845358 0.622712 0.0154372
273 0.845358 0.629711 0.0151423
274 0.845358 0.610128 0.0171722
275 0.845358 0.602801 0.0166706
276 0.845358 0.615549 0.0175644
277 0.845358 0.616055 0.0147779
278 0.845358 0.627025 0.0151928
279 0.845358 0.615843 0.0148661
280 0.845358 0.615334 0.0137663
281 0.845358 0.603664 0.0164426
282 0.845358 0.612742 0.0167029
283 0.845358 0.619744 0.0159628
284 0.845358 0.617981 0.0137108
285 0.845358 0.619069 0.013242
286 0.845358 0.611999 0.0161394
287 0.845358 0.616079 0.0141036
288 0.845358 0.623388 0.0137954
289 0.845358 0.631567 0.0140706
290 0.845358 0.638866 0.0137606
291 0.845358 0.644174 0.0129699
292 0.845358 0.633563 0.0131813
293 0.845358 0.636447 0.0116713
294 0.845358 0.626669 0.0137652
295 0.845358 0.634766 0.0132646
296 0.845358 0.643714 0.0115565
297 0.845358 0.636724 0.0151482
298 0.845358 0.641042 0.0126494
299 0.845358 0.63746 0.012556
300 0.845358 0.629378 0.0139929
301 0.845358 0.625888 0.0124747
302 0.845358 0.627996 0.0157057
303 0.845358 0.631295 0.0164494
304 0.845358 0.634091 0.0143262
305 0.845358 0.62615 0.0129367
306 0.845358 0.629954 0.0126524
307 0.845358 0.639678 0.0133612
308 0.845358 0.631264 0.0140746
309 0.845358 0.637417 0.013437
310 0.845358 0.627843 0.0133774
311 0.845358 0.612985 0.0162224
312 0.845358 0.622231 0.0136295
313 0.845358 0.610171 0.0141566
314 0.845358 0.627511 0.0122981
315 0.845358 0.623676 0.0144017
316 0.845358 0.627347 0.0152605
317 0.845358 0.625946 0.0146692
318 0.845358 0.636585 0.010854
319 0.845358 0.630864 0.0128559
320 0.845358 0.617932 0.0143806
321 0.845358 0.608919 0.0143237
322 0.845358 0.598552 0.0137712
323 0.845358 0.597885 0.01941
324 0.845572 0.586712 0.0196074
325 0.845572 0.604287 0.018082
326 0.845572 0.595868 0.0185174
327 0.845572 0.586731 0.0194676
328 0.845572 0.604536 0.019537
329 0.845572 0.600391 0.0213658
330 0.845572 0.596722 0.0174076
331 0.845572 0.607849 0.0159254
332 0.845572 0.621758 0.0167675
333 0.845572 0.625655 0.0148982
334 0.845572 0.623903 0.0151564
335 0.845572 0.629761 0.0142696
336 0.845572 0.631413 0.0130867
337 0.845572 0.625314 0.0147048
338 0.845572 0.612819 0.0172694
339 0.845572 0.615532 0.0160558
340 0.845572 0.627849 0.0136274
341 0.845572 0.642591 0.0122279
342 0.845572 0.625018 0.0144103
343 0.845572 0.628009 0.0139175
344 0.845572 0.632951 0.0138407
345 0.845572 0.624355 0.015719
346 0.845572 0.604709 0.016084
347 0.845572 0.628016 0.0128831
348 0.845572 0.626953 0.0135311
349 0.845572 0.617629 0.012189
350 0.845572 0.615324 0.0151623
351 0.845572 0.621575 0.016051
352 0.845572 0.623573 0.0126762
353 0.845572 0.616626 0.0147397
354 0.845572 0.614764 0.0154347
355 0.845572 0.63158 0.0131251
356 0.845572 0.622459 0.0162325
357 0.845572 0.617424 0.0151476
358 0.845572 0.618537 0.0142076
359 0.845572 0.61436 0.0187194
360 0.845572 0.612028 0.0164264
361 0.845572 0.621948 0.0166792
362 0.845572 0.630562 0.0145033
363 0.845572 0.627486 0.0143768
364 0.845572 0.612263 0.0176414
365 0.845572 0.613497 0.0147998
366 0.845572 0.621983 0.0146154
367 0.845572 0.624944 0.0139476
368 0.845572 0.619852 0.01488
369 0.845572 0.590528 0.0157338
370 0.845572 0.5907 0.0137832
371 0.845572 0.596785 0.0155227
372 0.845572 0.597032 0.0153129
373 0.845572 0.612052 0.0146605
374 0.845572 0.628247 0.0124454
375 0.845572 0.601054 0.0138345
376 0.845572 0.620333 0.0129254
377 0.845572 0.607022 0.0170776
378 0.845572 0.601838 0.0170052
379 0.845572 0.61063 0.015206
380 0.845572 0.624776 0.0148067
381 0.845689 0.624456 0.0158686
382 0.845689 0.626225 0.0145226
383 0.845689 0.625635 0.0166306
384 0.845689 0.615766 0.0155858
385 0.845689 0.590801 0.0204284
386 0.845689 0.619636 0.0163216
387 0.845689 0.599027 0.0165666
388 0.845689 0.600731 0.0161457
389 0.845689 0.60966 0.0201132
390 0.845689 0.602555 0.0225865
391 0.845689 0.595671 0.0188193
392 0.845689 0.609015 0.0185756
393 0.845689 0.613832 0.0170409
394 0.845689 0.599434 0.0158394
395 0.845689 0.598662 0.0150835
396 0.845689 0.613555 0.0153462
397 0.845689 0.633453 0.0132769
398 0.845689 0.639597 0.0126708
399 0.845689 0.627699 0.014662
400 0.845689 0.613527 0.0143234
401 0.845689 0.627644 0.0143015
402 0.845689 0.630607 0.0152858
403 0.845689 0.635062 0.0134352
404 0.845689 0.63133 0.0144302
405 0.845689 0.653466 0.0142187
406 0.845689 0.635166 0.0142837
407 0.845689 0.620462 0.0154155
408 0.845689 0.629552 0.0152322
409 0.845689 0.627972 0.0143887
410 0.845689 0.625404 0.0138382
411 0.845689 0.617299 0.016985
412 0.845689 0.625948 0.0165658
413 0.845689 0.621478 0.0147857
414 0.845689 0.611394 0.0170147
415 0.845689 0.613643 0.0150481
416 0.845689 0.628409 0.0161007
417 0.845689 0.62925 0.0160993
418 0.845689 0.633981 0.0137547
419 0.845689 0.623957 0.0156569
420 0.845689 0.621088 0.0167552
421 0.845689 0.620091 0.0171671
422 0.845689 0.634555 0.016345
423 0.845689 0.619046 0.0154913
424 0.845689 0.622095 0.0152898
425 0.845689 0.634453 0.0135303
426 0.845689 0.633492 0.0135857
427 0.845689 0.633063 0.0139601
428 0.845689 0.636043 0.0133717
429 0.845689 0.627968 0.0132194
430 0.845689 0.63018 0.014788
431 0.845689 0.631268 0.0123895
432 0.845689 0.640561 0.0120917
433 0.845689 0.648805 0.0111279
434 0.845689 0.65245 0.0120639
435 0.845689 0.633621 0.0136021
436 0.845689 0.650961 0.0114477
437 0.845689 0.652235 0.0112102
438 0.845689 0.656539 0.0114244
439 0.845689 0.647649 0.0119473
440 0.845689 0.638589 0.014078
441 0.845689 0.63192 0.0145437
442 0.845689 0.631342 0.014623
443 0.845689 0.619085 0.0136689
444 0.845689 0.634109 0.0136323
445 0.845689 0.638951 0.0132411
446 0.845689 0.617266 0.0144916
447 0.845689 0.609905 0.0142164
448 0.845689 0.614605 0.0160497
449 0.845689 0.623493 0.0157054
450 0.845689 0.626093 0.0149085
451 0.845689 0.613293 0.0146943
452 0.845689 0.629167 0.0142486
453 0.845689 0.638615 0.0129524
454 0.845689 0.631012 0.0132782
455 0.845689 0.622389 0.0153621
456 0.845689 0.622864 0.0172562
457 0.845689 0.601804 0.0189509
458 0.845689 0.610016 0.0178429
459 0.845689 0.603918 0.0200136
460 0.845689 0.585544 0.0206743
461 0.845689 0.600164 0.0157088
462 0.845689 0.597063 0.0163796
463 0.845689 0.597564 0.0169084
464 0.845689 0.610557 0.0175132
465 0.845689 0.610808 0.0204825
466 0.845689 0.620401 0.0188024
467 0.845689 0.604682 0.0198596
468 0.845689 0.608851 0.0202778
469 0.845689 0.614659 0.0177736
470 0.845689 0.630515 0.014999
471 0.845689 0.619063 0.0161439
472 0.845689 0.623316 0.0164122
473 0.845689 0.633755 0.0149818
474 0.845689 0.63806 0.0147213
475 0.845689 0.638102 0.0164735
476 0.845689 0.648821 0.0122364
477 0.845689 0.636683 0.0154146
478 0.845689 0.626879 0.0143421
479 0.846889 0.626726 0.0163306
480 0.846889 0.637464 0.013271
481 0.846889 0.614771 0.0154826
482 0.846889 0.617421 0.0170838
483 0.846889 0.619046 0.016392
484 0.846889 0.613683 0.0183286
485 0.846889 0.622228 0.0147926
486 0.846889 0.61054 0.0163791
487 0.846889 0.616943 0.016884
488 0.846889 0.637108 0.0143299
489 0.846889 0.623285 0.0121026
490 0.846889 0.626469 0.0135953
491 0.846889 0.627736 0.0133971
492 0.846889 0.618491 0.0150953
493 0.846889 0.621803 0.0138303
494 0.846889 0.630598 0.0129408
495 0.846889 0.629642 0.0163311
496 0.846889 0.643183 0.0129481
497 0.846889 0.646849 0.012648
498 0.846889 0.641997 0.0139175
499 0.846889 0.638493 0.0148599
500 0.846889 0.656389 0.0119649
501 0.846889 0.635395 0.0120378
502 0.846889 0.633737 0.013803
503 0.846889 0.629771 0.0131292
504 0.846889 0.624603 0.0135045
505 0.853867 0.625281 0.014207
506 0.853867 0.606269 0.0152834
507 0.853867 0.617652 0.0147895
508 0.853867 0.627684 0.0143714
509 0.853867 0.620368 0.0136887
510 0.853867 0.631916 0.0126653
511 0.853867 0.641643 0.0122553
512 0.853867 0.631798 0.0137155
513 0.853867 0.637847 0.0119229
514 0.853867 0.634094 0.0130471
515 0.853867 0.630868 0.0152503
516 0.853867 0.624034 0.0124458
517 0.853867 0.617222 0.0145577
518 0.853867 0.613899 0.0158429
519 0.853867 0.617027 0.0165741
520 0.853867 0.620274 0.0141405
521 0.853867 0.612609 0.0144951
522 0.853867 0.61186 0.0143996
523 0.853867 0.620808 0.0147207
524 0.853867 0.624344 0.0161071
525 0.853867 0.642078 0.0158162
526 0.853867 0.626285 0.0142522
527 0.853867 0.622446 0.0139985
528 0.853867 0.619179 0.01539
529 0.853867 0.623157 0.0152715
530 0.853867 0.615301 0.0158317
531 0.853867 0.615043 0.0165076
532 0.853867 0.59242 0.0182779
533 0.853867 0.592985 0.0174045
534 0.853867 0.592504 0.0164219
535 0.853867 0.595259 0.0179053
536 0.853867 0.596149 0.018718
537 0.853867 0.592584 0.0176731
538 0.853867 0.611202 0.0147699
539 0.853867 0.618889 0.015304
540 0.853867 0.62242 0.0151177
541 0.853867 0.628709 0.0136619
542 0.853867 0.622843 0.0165787
543 0.853867 0.62286 0.0137394
544 0.853867 0.625016 0.0128723
545 0.853867 0.606528 0.0154555
546 0.853867 0.610784 0.0172704
547 0.853867 0.609482 0.0156078
548 0.853867 0.613532 0.0154085
549 0.853867 0.607168 0.0145292
550 0.853867 0.614182 0.0140818
551 0.853867 0.624917 0.0142009
552 0.853867 0.631248 0.014772
553 0.853867 0.625882 0.015092
554 0.853867 0.630081 0.0160881
555 0.853867 0.635898 0.0143079
556 0.853867 0.630603 0.0173979
557 0.853867 0.622136 0.0180214
558 0.853867 0.622698 0.0179702
559 0.853867 0.633003 0.019354
560 0.853867 0.622235 0.0171068
561 0.853867 0.623676 0.0165807
562 0.853867 0.615691 0.015392
563 0.853867 0.620966 0.0169942
564 0.853867 0.619408 0.0165294
565 0.853867 0.614693 0.017431
566 0.853867 0.611487 0.0151122
567 0.853867 0.614612 0.0147924
568 0.853867 0.623947 0.0144047
569 0.853867 0.620148 0.0165131
570 0.853867 0.622063 0.0171417
571 0.853867 0.621488 0.0177681
572 0.853867 0.619909 0.0159408
573 0.853867 0.610556 0.0174191
574 0.853867 0.598594 0.0165262
575 0.853867 0.605366 0.0165336
576 0.853867 0.589035 0.0181772
577 0.853867 0.602103 0.0167458
578 0.853867 0.604553 0.0186558
579 0.853867 0.597984 0.01888
580 0.853867 0.60837 0.0189446
581 0.853867 0.618201 0.0161088
582 0.853867 0.617512 0.017831
583 0.853867 0.618324 0.016859
584 0.853867 0.62307 0.0149983
585 0.853867 0.626225 0.0140859
586 0.853867 0.611982 0.0160075
587 0.853867 0.627293 0.0137428
588 0.853867 0.641229 0.0142375
589 0.853867 0.634092 0.0126792
590 0.853867 0.630175 0.0135846
591 0.853867 0.622224 0.0163724
592 0.853867 0.625118 0.0146352
593 0.853867 0.623956 0.0139514
594 0.853867 0.623929 0.0137464
595 0.853867 0.629559 0.0131775
596 0.853867 0.632936 0.0140119
597 0.853867 0.625845 0.0164746
598 0.853867 0.630112 0.0161709
599 0.853867 0.625762 0.0154016
600 0.853867 0.611486 0.0165838
601 0.853867 0.620896 0.0168743
602 0.853867 0.615635 0.0191754
603 0.853867 0.619402 0.0170433
604 0.853867 0.628857 0.0169418
605 0.853867 0.629196 0.0145576
606 0.853867 0.626875 0.0151126
607 0.853867 0.633731 0.0149178
608 0.853867 0.621276 0.0154743
609 0.853867 0.618639 0.0172315
610 0.853867 0.625038 0.0162256
611 0.853867 0.625566 0.0150824
612 0.853867 0.632606 0.0151753
613 0.853867 0.625424 0.0180138
614 0.853867 0.622155 0.015077
615 0.853867 0.621462 0.015353
616 0.853867 0.614111 0.0155205
617 0.853867 0.623898 0.0167891
618 0.853867 0.627965 0.0163138
619 0.853867 0.624309 0.0168683
620 0.853867 0.616566 0.0177678
621 0.853867 0.612217 0.0171204
622 0.853867 0.611883 0.015692
623 0.853867 0.617379 0.0178638
624 0.853867 0.59703 0.0195607
625 0.853867 0.616554 0.0179514
626 0.853867 0.62894 0.0154733
627 0.853867 0.624747 0.014331
628 0.853867 0.626585 0.0150685
629 0.853867 0.625175 0.0153436
630 0.853867 0.623425 0.0159398
631 0.853867 0.623606 0.0156153
632 0.853867 0.628073 0.0166106
633 0.853867 0.621292 0.0171776
634 0.853867 0.636186 0.0163142
635 0.853867 0.643631 0.0127685
636 0.853867 0.628722 0.0150782
637 0.853867 0.631805 0.0168204
638 0.853867 0.633426 0.0177619
639 0.853867 0.636444 0.015725
640 0.853867 0.638895 0.0142086
641 0.853867 0.634884 0.0137751
642 0.853867 0.624042 0.0155023
643 0.853867 0.629307 0.0138098
644 0.853867 0.64311 0.0137091
645 0.853867 0.628438 0.0132119
646 0.853867 0.626549 0.0152992
647 0.853867 0.636866 0.0141679
648 0.853867 0.631065 0.0143142
649 0.853867 0.622357 0.016361
650 0.853867 0.620555 0.019745
651 0.853867 0.618667 0.0172224
652 0.853867 0.610182 0.0154904
653 0.853867 0.606114 0.0156074
654 0.853867 0.614257 0.0137963
655 0.853867 0.628273 0.0136009
656 0.853867 0.615362 0.0157939
657 0.853867 0.606618 0.0185176
658 0.853867 0.610873 0.0176177
659 0.853867 0.61243 0.0164716
660 0.853867 0.609608 0.0170866
661 0.853867 0.622113 0.0157449
662 0.853867 0.61112 0.017018
663 0.853867 0.62307 0.0167136
664 0.853867 0.612208 0.0178866
665 0.853867 0.626395 0.0152682
666 0.853867 0.629835 0.0152434
667 0.853867 0.621057 0.0150779
668 0.853867 0.623711 0.0171919
669 0.853867 0.620756 0.0144721
670 0.853867 0.629034 0.0183783
671 0.853867 0.611061 0.0181385
672 0.853867 0.620029 0.0197908
673 0.853867 0.609348 0.0192652
674 0.853867 0.601472 0.0184173
675 0.853867 0.623427 0.0177141
676 0.853867 0.615877 0.0159273
677 0.853867 0.632856 0.0144613
678 0.853867 0.63157 0.0144968
679 0.853867 0.614554 0.0143041
680 0.853867 0.614174 0.015371
681 0.853867 0.62591 0.0162516
682 0.853867 0.61613 0.0184371
683 0.853867 0.601259 0.0215299
684 0.853867 0.607437 0.0197518
685 0.853867 0.615351 0.0175341
686 0.853867 0.611736 0.0158652
687 0.853867 0.611067 0.0138817
688 0.853867 0.590873 0.0185888
689 0.853867 0.597712 0.0196595
690 0.853867 0.610626 0.015283
691 0.853867 0.607855 0.01682
692 0.853867 0.608259 0.0156134
693 0.853867 0.606053 0.0163246
694 0.853867 0.610283 0.0188225
695 0.853867 0.612369 0.0187966
696 0.853867 0.61616 0.0152568
697 0.853867 0.619898 0.016169
698 0.853867 0.63106 0.0141095
699 0.853867 0.62239 0.0135459
700 0.853867 0.626282 0.0153788
701 0.853867 0.643449 0.0134302
702 0.853867 0.650611 0.0140334
703 0.853867 0.641973 0.0139606
704 0.853867 0.653264 0.012889
705 0.853867 0.637597 0.0144463
706 0.853867 0.63238 0.0121043
707 0.853867 0.643518 0.0124791
708 0.853867 0.634907 0.0142818
709 0.853867 0.620137 0.0146059
710 0.853867 0.626487 0.0134973
711 0.853867 0.639306 0.0103698
712 0.853867 0.645387 0.0108158
713 0.853867 0.628982 0.0118105
714 0.853867 0.622433 0.0132036
715 0.853867 0.626181 0.0132457
716 0.853867 0.627749 0.0130879
717 0.853867 0.626342 0.0139849
718 0.853867 0.623573 0.0128819
719 0.853867 0.620652 0.0136115
720 0.853867 0.619827 0.0138299
721 0.853867 0.625108 0.0153987
722 0.853867 0.621204 0.0146514
723 0.853867 0.631027 0.0146082
724 0.853867 0.613013 0.0137799
725 0.853867 0.613995 0.0148962
726 0.853867 0.62362 0.0166179
727 0.853867 0.619988 0.0185306
728 0.853867 0.616882 0.0153427
729 0.853867 0.619438 0.0175372
730 0.853867 0.619527 0.0171607
731 0.853867 0.626482 0.0155095
732 0.854161 0.636567 0.0162859
733 0.854161 0.633071 0.0148202
734 0.854161 0.646915 0.0137838
735 0.854161 0.644055 0.0173737
736 0.854161 0.621029 0.016871
737 0.854161 0.624683 0.0166303
738 0.854161 0.607915 0.0196283
739 0.854161 0.610877 0.017077
740 0.854161 0.625765 0.0177892
741 0.854161 0.632976 0.0157699
742 0.854161 0.640271 0.015454
743 0.854161 0.629768 0.0164271
744 0.854161 0.640443 0.0171404
745 0.854161 0.624881 0.0165139
746 0.854161 0.613597 0.0186187
747 0.854161 0.603934 0.0200828
748 0.854161 0.603975 0.0180204
749 0.854161 0.619438 0.0194482
750 0.854161 0.616891 0.016654
751 0.854161 0.618883 0.0174227
752 0.854161 0.631544 0.0161486
753 0.854161 0.618361 0.0193071
754 0.854161 0.621389 0.0167439
755 0.854161 0.619906 0.0170986
756 0.854161 0.596142 0.020193
757 0.855259 0.605561 0.0161566
758 0.855259 0.613907 0.0174958
759 0.855259 0.605778 0.0168509
760 0.855259 0.613326 0.0187066
761 0.855259 0.622907 0.0148881
762 0.855259 0.607157 0.0188323
763 0.855259 0.614303 0.0150057
764 0.855259 0.618705 0.0174198
765 0.855259 0.621862 0.0148324
766 0.855259 0.624441 0.0141404
767 0.855259 0.625515 0.0128738
768 0.855259 0.638045 0.015021
769 0.855259 0.636351 0.0139455
770 0.855259 0.643925 0.0136669
771 0.855259 0.643082 0.0127866
772 0.855259 0.629164 0.0134803
773 0.855259 0.629857 0.0131931
774 0.855994 0.629209 0.0154071
775 0.855994 0.620379 0.0144828
776 0.855994 0.630855 0.0145019
777 0.855994 0.629303 0.0150632
778 0.855994 0.633446 0.0143611
779 0.855994 0.636975 0.0140801
780 0.855994 0.612933 0.0155543
781 0.855994 0.636108 0.0154367
782 0.855994 0.642897 0.0132319
783 0.855994 0.642563 0.0128065
784 0.855994 0.650411 0.0140156
785 0.855994 0.660128 0.0115952
786 0.855994 0.645372 0.0139399
787 0.855994 0.638122 0.0152781
788 0.855994 0.63448 0.0128172
789 0.855994 0.63312 0.014884
790 0.855994 0.61389 0.0160166
791 0.855994 0.621074 0.0151201
792 0.855994 0.61655 0.0183897
793 0.855994 0.610697 0.0170954
794 0.856971 0.613854 0.0187073
795 0.856971 0.606684 0.0169892
796 0.856971 0.610593 0.0170659
797 0.856971 0.628167 0.0142137
798 0.856971 0.619993 0.0161827
799 0.856971 0.624538 0.0165947
800 0.856971 0.628407 0.0167358
801 0.856971 0.623276 0.0158245
802 0.856971 0.624598 0.0159327
803 0.856971 0.63524 0.0182198
804 0.856971 0.626397 0.0168523
805 0.856971 0.630789 0.01299
806 0.856971 0.615558 0.0139455
807 0.856971 0.637686 0.0128969
808 0.856971 0.635261 0.0147249
809 0.856971 0.640283 0.0133323
810 0.856971 0.642701 0.0137005
811 0.856971 0.638656 0.014093
812 0.856971 0.617503 0.0156923
813 0.856971 0.622074 0.0159605
814 0.856971 0.623944 0.0154352
815 0.856971 0.626404 0.0167105
816 0.856971 0.633762 0.0118574
817 0.856971 0.626561 0.011376
818 0.856971 0.620753 0.0130392
819 0.856971 0.618954 0.0145522
820 0.856971 0.630113 0.0147218
821 0.856971 0.62644 0.0157832
822 0.856971 0.625715 0.0137463
823 0.856971 0.622332 0.0150214
824 0.856971 0.621454 0.0157683
825 0.856971 0.609927 0.0173361
826 0.856971 0.629933 0.0172368
827 0.856971 0.630251 0.0165703
828 0.856971 0.625632 0.0174008
829 0.856971 0.629225 0.0143556
830 0.856971 0.623051 0.0140032
831 0.856971 0.637625 0.0137873
832 0.856971 0.631518 0.0131481
833 0.856971 0.62019 0.0144911
834 0.856971 0.621915 0.0155633
835 0.856971 0.60648 0.0166059
836 0.856971 0.606762 0.0170558
837 0.856971 0.617242 0.016546
838 0.856971 0.618757 0.019
839 0.856971 0.609634 0.0162694
840 0.856971 0.610963 0.0186491
841 0.856971 0.604696 0.0186439
842 0.856971 0.603665 0.0194234
843 0.856971 0.622182 0.0152944
844 0.856971 0.635013 0.0150301
845 0.856971 0.636332 0.0137918
846 0.857771 0.638342 0.0130959
847 0.857771 0.635532 0.0128673
848 0.857771 0.631703 0.0130442
849 0.857771 0.640799 0.0131226
850 0.857771 0.632129 0.0132923
851 0.857771 0.633377 0.0133075
852 0.857771 0.629605 0.0141242
853 0.857771 0.617098 0.0164587
854 0.857771 0.63464 0.0162251
855 0.857771 0.636518 0.0142583
856 0.857771 0.637256 0.0128173
857 0.857771 0.639594 0.0129131
858 0.857771 0.616595 0.016626
859 0.857771 0.612669 0.01874
860 0.857771 0.611802 0.0196342
861 0.857771 0.610478 0.0166659
862 0.857771 0.619811 0.0137394
863 0.857771 0.637051 0.014408
864 0.857771 0.638844 0.0127424
865 0.857771 0.628335 0.0153872
866 0.857771 0.620682 0.0148676
867 0.857771 0.626048 0.0135529
868 0.857771 0.637681 0.0141189
869 0.858092 0.616887 0.0145202
870 0.858092 0.621396 0.0160376
871 0.858996 0.61342 0.0158571
872 0.858996 0.622087 0.0162277
873 0.858996 0.623669 0.0167672
874 0.858996 0.628005 0.0165768
875 0.858996 0.622116 0.0153187
876 0.858996 0.627684 0.0152679
877 0.858996 0.623429 0.0160865
878 0.858996 0.614751 0.0175698
879 0.858996 0.609679 0.0174395
880 0.858996 0.608264 0.0155957
881 0.858996 0.607942 0.0157796
882 0.858996 0.609246 0.0162471
883 0.858996 0.618178 0.0149793
884 0.858996 0.620851 0.0151297
885 0.858996 0.620347 0.0160593
886 0.858996 0.620784 0.0151872
887 0.858996 0.639318 0.0133854
888 0.858996 0.640711 0.0126942
889 0.858996 0.636512 0.0137282
890 0.858996 0.613559 0.0150405
891 0.858996 0.615063 0.0176483
892 0.858996 0.623336 0.0133759
893 0.858996 0.630417 0.0165486
894 0.858996 0.622981 0.0165021
895 0.858996 0.61532 0.0154772
896 0.858996 0.630886 0.0158633
897 0.858996 0.614284 0.0139273
898 0.858996 0.637809 0.0124393
899 0.858996 0.638942 0.0128643
900 0.858996 0.636664 0.0143129
901 0.858996 0.638619 0.0158092
902 0.858996 0.631682 0.0172213
903 0.858996 0.626936 0.0149358
904 0.858996 0.615651 0.0164742
905 0.858996 0.625009 0.0132435
906 0.858996 0.614567 0.0173845
907 0.858996 0.609852 0.0185134
908 0.858996 0.607427 0.017007
909 0.858996 0.619201 0.0160375
910 0.858996 0.622735 0.0151838
911 0.858996 0.617829 0.0164995
912 0.858996 0.611379 0.0154574
913 0.858996 0.608462 0.014512
914 0.858996 0.615659 0.0142598
915 0.858996 0.629192 0.0137076
916 0.858996 0.626227 0.0150673
917 0.858996 0.607694 0.0177645
918 0.858996 0.606845 0.0172372
919 0.858996 0.617435 0.0183172
920 0.858996 0.616468 0.0164652
921 0.858996 0.619909 0.0151112
922 0.858996 0.606654 0.0183877
923 0.858996 0.595192 0.0180253
924 0.858996 0.616552 0.0182461
925 0.858996 0.608403 0.0175383
926 0.858996 0.603322 0.0172245
927 0.858996 0.610543 0.0192467
928 0.858996 0.605022 0.0176063
929 0.858996 0.612722 0.0166392
930 0.858996 0.629711 0.0137422
931 0.858996 0.629902 0.015207
932 0.858996 0.619126 0.0141684
933 0.858996 0.622914 0.0163605
934 0.858996 0.625937 0.0175129
935 0.858996 0.624207 0.0170013
936 0.858996 0.626794 0.0155737
937 0.858996 0.626921 0.014211
938 0.858996 0.623167 0.0145052
939 0.858996 0.628585 0.014056
940 0.858996 0.627075 0.0159066
941 0.858996 0.623384 0.0140891
942 0.858996 0.619183 0.0153497
943 0.858996 0.615411 0.0184313
944 0.858996 0.610337 0.018972
945 0.858996 0.606658 0.0177445
946 0.858996 0.630788 0.0160497
947 0.858996 0.609594 0.0183007
948 0.858996 0.612211 0.0175954
949 0.858996 0.620874 0.016499
950 0.858996 0.622439 0.015638
951 0.858996 0.625371 0.0137192
952 0.858996 0.632191 0.0137933
953 0.858996 0.639448 0.0143989
954 0.858996 0.637609 0.0145751
955 0.858996 0.635893 0.0148084
956 0.858996 0.629324 0.0159362
957 0.858996 0.622404 0.0175731
958 0.858996 0.620106 0.0192433
959 0.858996 0.614523 0.0167423
960 0.858996 0.60896 0.0160621
961 0.858996 0.603552 0.0154803
962 0.858996 0.608145 0.0163923
963 0.858996 0.626619 0.0156267
964 0.858996 0.626171 0.0143926
965 0.858996 0.624041 0.0183215
966 0.858996 0.617525 0.0174081
967 0.858996 0.625756 0.0152178
968 0.858996 0.628303 0.0145749
969 0.858996 0.628211 0.0132197
970 0.858996 0.633361 0.0159194
971 0.858996 0.639114 0.0157491
972 0.858996 0.629405 0.0171749
973 0.858996 0.6245 0.0161493
974 0.858996 0.616056 0.0173794
975 0.858996 0.619738 0.015467
976 0.858996 0.632202 0.015289
977 0.858996 0.632199 0.0136039
978 0.858996 0.627176 0.0161874
979 0.858996 0.608124 0.0161181
980 0.858996 0.613853 0.0166828
981 0.858996 0.628144 0.0176767
982 0.858996 0.637157 0.0157934
983 0.858996 0.626863 0.0142975
984 0.858996 0.634255 0.0130122
985 0.858996 0.628869 0.0128657
986 0.858996 0.623372 0.0131895
987 0.858996 0.624714 0.0137694
988 0.858996 0.623926 0.0145027
989 0.858996 0.621107 0.0158525
990 0.858996 0.620938 0.0171408
991 0.858996 0.61542 0.0170952
992 0.858996 0.601592 0.0158374
993 0.858996 0.617146 0.0144177
994 0.858996 0.631619 0.0132505
995 0.858996 0.637194 0.0144328
996 0.858996 0.625185 0.0156221
997 0.858996 0.612437 0.0163341
998 0.858996 0.611941 0.0155442
999 0.858996 0.629507 0.0150784
1000 0.858996 0.633874 0.0159637
