0 0.444135 0.248579 0.000950767
1 0.444135 0.255261 0.000997117
2 0.444135 0.25557 0.00114408
3 0.444135 0.260011 0.00184552
4 0.444135 0.263524 0.0021378
5 0.444135 0.266803 0.00267988
6 0.444135 0.270563 0.0033342
7 0.444135 0.271702 0.00373664
8 0.444135 0.270863 0.00345789
9 0.444135 0.279925 0.00372561
10 0.494487 0.273533 0.00503613
11 0.495661 0.287229 0.00604814
12 0.495661 0.283798 0.00568966
13 0.560762 0.284289 0.00643679
14 0.560762 0.301093 0.00815147
15 0.560762 0.303584 0.00838094
16 0.560762 0.287152 0.0104146
17 0.560762 0.303993 0.0111077
18 0.590408 0.301477 0.0115895
19 0.590408 0.312642 0.012246
20 0.590408 0.327049 0.0132099
21 0.590408 0.304079 0.0124036
22 0.590408 0.314832 0.0135689
23 0.590408 0.317281 0.0128764
24 0.590408 0.320844 0.0155916
25 0.590408 0.317661 0.0147323
26 0.590408 0.335477 0.0135614
27 0.590408 0.345297 0.0151019
28 0.590408 0.343514 0.0195491
29 0.590408 0.350624 0.0170348
30 0.590408 0.367469 0.0174777
31 0.590408 0.360531 0.0159027
32 0.645184 0.384295 0.0175557
33 0.652358 0.384972 0.0188751
34 0.652358 0.385634 0.0162155
35 0.688262 0.381709 0.0172232
36 0.689737 0.394942 0.0186121
37 0.690078 0.401552 0.0206462
38 0.701823 0.404857 0.0218843
39 0.71856 0.373243 0.0245523
40 0.747284 0.418691 0.0240838
41 0.747284 0.40956 0.0218934
42 0.747284 0.401722 0.0265517
43 0.747284 0.42585 0.0237994
44 0.792295 0.434356 0.0257659
45 0.792295 0.440838 0.0230733
46 0.792295 0.451373 0.0261338
47 0.795259 0.470437 0.0247475
48 0.795259 0.452022 0.026398
49 0.863367 0.451295 0.0283382
50 0.863367 0.455951 0.0337224
51 0.863367 0.459798 0.0330698
52 0.863367 0.455311 0.0354733
53 0.863367 0.495381 0.03362
54 0.863367 0.483296 0.0318202
55 0.864532 0.468889 0.0341896
56 0.928067 0.465231 0.0406877
57 0.928067 0.484021 0.0351639
58 0.928067 0.497748 0.0436076
59 0.928067 0.492072 0.0383854
60 0.928067 0.477725 0.0413455
61 0.928067 0.467814 0.0391618
62 0.928067 0.475594 0.0440407
63 0.928067 0.532168 0.0550177
64 0.928067 0.532632 0.0506979
65 0.928067 0.493252 0.0466565
66 0.928067 0.468879 0.0470059
67 0.928067 0.482728 0.0466456
68 0.928067 0.504177 0.0466863
69 0.928067 0.52004 0.0515748
70 0.942167 0.526057 0.0567737
71 0.942167 0.499289 0.0453031
72 0.942167 0.482881 0.0503843
73 0.942167 0.511434 0.0462573
74 0.942167 0.493002 0.0469022
75 0.942167 0.526089 0.0542926
76 0.942167 0.516562 0.0468383
77 0.942167 0.540996 0.0542213
78 0.942167 0.549511 0.0487908
79 0.942167 0.52887 0.0452625
80 0.942167 0.560322 0.044222
81 0.942167 0.550526 0.0529112
82 0.942167 0.514019 0.0530009
83 0.942167 0.537975 0.0514066
84 0.949992 0.526518 0.049064
85 0.949992 0.538353 0.0588142
86 0.949992 0.556186 0.0561518
87 0.949992 0.540158 0.0597048
88 0.949992 0.554143 0.048506
89 0.949992 0.544142 0.0545983
90 0.949992 0.526652 0.060489
91 0.949992 0.502384 0.0555921
92 0.949992 0.52659 0.051866
93 0.949992 0.531427 0.0579233
94 0.949992 0.538097 0.051335
95 0.950066 0.535182 0.0558961
96 0.950066 0.547287 0.0579111
97 0.950066 0.521692 0.0542134
98 0.950066 0.515509 0.0624779
99 0.950066 0.514982 0.05463
100 0.950066 0.502411 0.0523853
101 0.950066 0.54447 0.06154
102 0.950066 0.528074 0.0523282
103 0.950066 0.552119 0.0578464
104 0.950066 0.558461 0.0530441
105 0.950066 0.537661 0.0510917
106 0.950066 0.529919 0.0538355
107 0.950066 0.55208 0.0521946
108 0.950066 0.555524 0.0528419
109 0.950066 0.531499 0.0535351
110 0.950066 0.534804 0.0580072
111 0.950066 0.521946 0.0540019
112 0.950066 0.546634 0.0600472
113 0.950066 0.52284 0.0534572
114 0.950066 0.543273 0.0629419
115 0.950066 0.531824 0.0548218
116 0.950066 0.558041 0.0475978
117 0.950066 0.541838 0.0535972
118 0.950066 0.563832 0.0553697
119 0.950066 0.559995 0.0572645
120 0.951108 0.579498 0.0549747
121 0.951108 0.599115 0.0527324
122 0.951108 0.603409 0.0428702
123 0.951108 0.592638 0.0518987
124 0.951108 0.566825 0.0468311
125 0.951722 0.544843 0.0558958
126 0.951722 0.549539 0.054626
127 0.951722 0.558498 0.0520975
128 0.951722 0.531676 0.0459767
129 0.951722 0.554956 0.0455821
130 0.951722 0.54191 0.0604288
131 0.951722 0.501329 0.050943
132 0.951722 0.551483 0.0533784
133 0.951722 0.548959 0.0487528
134 0.951722 0.557847 0.0501195
135 0.951722 0.545985 0.0566988
136 0.951722 0.525323 0.0592691
137 0.951722 0.534377 0.060203
138 0.951722 0.536315 0.0517044
139 0.951722 0.536952 0.0465108
140 0.951722 0.517573 0.0438322
141 0.952761 0.566346 0.0501216
142 0.952761 0.553828 0.0505031
143 0.952761 0.548598 0.0479781
144 0.952761 0.554856 0.059481
145 0.952761 0.555236 0.0499328
146 0.952761 0.538705 0.0496008
147 0.952761 0.541143 0.0532342
148 0.952761 0.555416 0.0538315
149 0.952761 0.516892 0.0526271
150 0.952761 0.511476 0.0485549
151 0.952761 0.528646 0.0562137
152 0.952761 0.547102 0.0551884
153 0.952761 0.549268 0.0518719
154 0.952761 0.516146 0.053334
155 0.952761 0.516418 0.0519277
156 0.952761 0.504442 0.0496105
157 0.952761 0.513312 0.0498046
158 0.952761 0.51972 0.0576168
159 0.952761 0.516118 0.0506503
160 0.952761 0.538244 0.0605726
161 0.952761 0.512715 0.0599767
162 0.952761 0.535586 0.0568013
163 0.952761 0.526256 0.0559359
164 0.952761 0.537259 0.061164
165 0.952761 0.510001 0.0575238
166 0.952761 0.538757 0.0615069
167 0.954652 0.5524 0.0631377
168 0.954652 0.548497 0.0579001
169 0.954652 0.565631 0.0575683
170 0.954652 0.543548 0.0474291
171 0.954652 0.526947 0.0489913
172 0.954652 0.534625 0.0510744
173 0.954652 0.544079 0.0489333
174 0.954652 0.559826 0.0495605
175 0.954652 0.531871 0.0506191
176 0.954652 0.544102 0.0560497
177 0.954652 0.562602 0.0544769
178 0.955743 0.578883 0.0559129
179 0.955743 0.581012 0.0576133
180 0.955743 0.546836 0.0534569
181 0.955743 0.546141 0.0546263
182 0.955743 0.5446 0.0554555
183 0.955743 0.519328 0.052552
184 0.955743 0.547205 0.0515618
185 0.955743 0.54515 0.058741
186 0.955743 0.546645 0.0534542
187 0.955743 0.524995 0.0542034
188 0.955743 0.535967 0.0564409
189 0.955743 0.524266 0.0523261
190 0.955743 0.523116 0.0568568
191 0.955743 0.54734 0.0569852
192 0.955743 0.566445 0.0496281
193 0.955743 0.536507 0.0494749
194 0.955743 0.53752 0.0546355
195 0.955743 0.519432 0.0500639
196 0.955743 0.530273 0.0527453
197 0.955743 0.576381 0.0548576
198 0.955743 0.547215 0.0617598
199 0.955743 0.547167 0.0536666
200 0.955743 0.538612 0.0652707
201 0.955743 0.5358 0.0648846
202 0.955743 0.534674 0.0618151
203 0.955743 0.527919 0.0637903
204 0.955743 0.533066 0.0614873
205 0.955743 0.536082 0.0627862
206 0.955743 0.514973 0.0529852
207 0.955743 0.560422 0.0537057
208 0.955743 0.536378 0.0612073
209 0.955743 0.515729 0.0500308
210 0.955743 0.533853 0.05638
211 0.955743 0.512278 0.0551716
212 0.955743 0.519666 0.0658156
213 0.955743 0.513357 0.0528462
214 0.955743 0.542095 0.0572149
215 0.955743 0.539097 0.0518939
216 0.955743 0.566197 0.0502739
217 0.955743 0.545384 0.0525803
218 0.955743 0.576928 0.0547804
219 0.955743 0.5409 0.0572377
220 0.955743 0.557012 0.0573692
221 0.955743 0.540385 0.0639299
222 0.955743 0.523244 0.0572423
223 0.955743 0.537619 0.0608531
224 0.955743 0.56147 0.0630246
225 0.955743 0.515551 0.0592531
226 0.955743 0.539562 0.055245
227 0.955743 0.528043 0.047349
228 0.955743 0.535363 0.0563436
229 0.955743 0.519293 0.0603559
230 0.955743 0.544684 0.0603179
231 0.955743 0.573789 0.0567102
232 0.955743 0.561555 0.0526349
233 0.955743 0.522964 0.0534896
234 0.956116 0.549582 0.0496831
235 0.957256 0.54898 0.0634048
236 0.957256 0.540022 0.0596047
237 0.957256 0.546249 0.0558217
238 0.957256 0.539641 0.0505451
239 0.957256 0.548236 0.0564533
240 0.957256 0.57262 0.0585797
241 0.957256 0.565381 0.0567437
242 0.957256 0.587827 0.0585756
243 0.957256 0.548894 0.05363
244 0.957256 0.52589 0.0630751
245 0.957256 0.538946 0.0545154
246 0.957256 0.525795 0.0563066
247 0.957256 0.512623 0.0577944
248 0.957256 0.49611 0.050458
249 0.957256 0.540879 0.0580691
250 0.957256 0.548109 0.0547935
251 0.958612 0.556551 0.0591676
252 0.958612 0.523713 0.0586471
253 0.958612 0.530095 0.0573523
254 0.958612 0.544099 0.0557657
255 0.958612 0.55794 0.0599217
256 0.958612 0.545725 0.0604994
257 0.958612 0.511639 0.0574883
258 0.958612 0.514977 0.057319
259 0.958612 0.525937 0.0627606
260 0.958612 0.545925 0.0663341
261 0.958612 0.556317 0.0607463
262 0.958612 0.589564 0.0531993
263 0.958612 0.588621 0.0565483
264 0.958612 0.597776 0.0608118
265 0.958612 0.566201 0.0571674
266 0.958612 0.559158 0.0575813
267 0.958612 0.532553 0.0547467
268 0.958612 0.543322 0.0519415
269 0.958612 0.519827 0.0579755
270 0.958612 0.542382 0.0561431
271 0.958612 0.510881 0.0618074
272 0.958612 0.513777 0.0586308
273 0.958612 0.546928 0.0603798
274 0.958612 0.556052 0.0580637
275 0.958612 0.582118 0.0503031
276 0.958612 0.593221 0.0540594
277 0.958612 0.568328 0.0486569
278 0.958612 0.562888 0.0562395
279 0.958612 0.562197 0.0562715
280 0.958612 0.568316 0.0603752
281 0.958612 0.581093 0.059871
282 0.958612 0.570066 0.0556675
283 0.958612 0.584231 0.050218
284 0.958612 0.547311 0.0552322
285 0.958612 0.546746 0.0505839
286 0.958612 0.545707 0.0555299
287 0.958612 0.540616 0.0613439
288 0.958612 0.52246 0.0602974
289 0.958612 0.535483 0.061396
290 0.958612 0.560644 0.0627501
291 0.958612 0.560544 0.0618312
292 0.958612 0.577011 0.0511297
293 0.958612 0.553192 0.0555612
294 0.958612 0.538043 0.0520886
295 0.958612 0.558968 0.0592668
296 0.958612 0.58454 0.0610446
297 0.958612 0.565198 0.0510077
298 0.958612 0.549774 0.0601541
299 0.958612 0.591364 0.0532888
300 0.958612 0.594483 0.049312
301 0.958612 0.600159 0.0512014
302 0.958612 0.595304 0.0464418
303 0.958612 0.601535 0.0493805
304 0.958612 0.548113 0.0548407
305 0.958612 0.579656 0.0535653
306 0.958612 0.559646 0.057192
307 0.958612 0.556105 0.0526301
308 0.958612 0.540441 0.0523148
309 0.958612 0.564413 0.0659867
310 0.958942 0.564496 0.0618036
311 0.959483 0.563848 0.0615579
312 0.959483 0.611491 0.0537576
313 0.959483 0.589325 0.05564
314 0.959483 0.590817 0.0485683
315 0.959483 0.595373 0.0525372
316 0.959483 0.563699 0.0613198
317 0.959483 0.591343 0.0570843
318 0.959483 0.579773 0.0530915
319 0.959483 0.614181 0.0560515
320 0.959483 0.614279 0.051428
321 0.959483 0.536294 0.05932
322 0.959483 0.548922 0.0557843
323 0.959483 0.570073 0.0481376
324 0.959483 0.565548 0.0492545
325 0.959483 0.531064 0.049578
326 0.959483 0.57385 0.0613044
327 0.962571 0.585332 0.0596574
328 0.962571 0.589814 0.0513037
329 0.962571 0.62553 0.0507122
330 0.962571 0.635008 0.0494361
331 0.962571 0.605326 0.0492525
332 0.962571 0.593447 0.0473053
333 0.962571 0.603244 0.0540134
334 0.962571 0.576998 0.0551222
335 0.962571 0.575159 0.0545175
336 0.962571 0.562971 0.0572033
337 0.962571 0.539599 0.0585325
338 0.962571 0.562663 0.0585372
339 0.962571 0.553253 0.060602
340 0.962571 0.530772 0.0546337
341 0.962571 0.536869 0.0495449
342 0.962571 0.553669 0.0501051
343 0.962571 0.549865 0.0582717
344 0.962571 0.507665 0.0571052
345 0.962571 0.51947 0.0506068
346 0.962571 0.491577 0.0562468
347 0.962571 0.526258 0.058242
348 0.962571 0.537559 0.0579404
349 0.962571 0.530887 0.0553583
350 0.962571 0.540427 0.0629694
351 0.962571 0.496569 0.0558407
352 0.962571 0.535551 0.0559753
353 0.962571 0.551443 0.0523522
354 0.962571 0.559659 0.0513639
355 0.962571 0.574898 0.0669469
356 0.962571 0.567252 0.0553879
357 0.962571 0.547361 0.0508485
358 0.962571 0.559661 0.0573681
359 0.96335 0.550794 0.0600408
360 0.96335 0.581815 0.0547682
361 0.96335 0.573783 0.0469186
362 0.96335 0.569778 0.0485857
363 0.96335 0.57907 0.0525225
364 0.96335 0.564318 0.0497069
365 0.96335 0.567717 0.0578502
366 0.96335 0.586522 0.0519589
367 0.96335 0.577417 0.0663383
368 0.96335 0.5688 0.0617695
369 0.96335 0.571528 0.0550204
370 0.96335 0.559862 0.0532867
371 0.96335 0.566765 0.0549633
372 0.96335 0.565489 0.0499646
373 0.96335 0.554755 0.0534062
374 0.96335 0.559895 0.0558411
375 0.96335 0.542668 0.0561322
376 0.96335 0.554611 0.0525717
377 0.96335 0.577651 0.0495614
378 0.96335 0.59821 0.0454107
379 0.96335 0.55441 0.05922
380 0.96335 0.544215 0.0491629
381 0.96335 0.558036 0.0530506
382 0.96335 0.569525 0.055036
383 0.96335 0.559415 0.0617418
384 0.96335 0.539023 0.059667
385 0.96335 0.567586 0.0597616
386 0.96335 0.559981 0.0509687
387 0.970201 0.554789 0.0560709
388 0.970201 0.522634 0.0567619
389 0.970201 0.55104 0.053237
390 0.970201 0.531999 0.0534609
391 0.973582 0.549298 0.0473145
392 0.973582 0.575311 0.0532227
393 0.973582 0.513572 0.0526999
394 0.973582 0.537802 0.0549173
395 0.973582 0.548953 0.0581622
396 0.973582 0.559179 0.0548589
397 0.973582 0.546002 0.0535981
398 0.973582 0.55462 0.0559955
399 0.973582 0.523813 0.0490168
400 0.973582 0.554497 0.0535182
401 0.973582 0.536664 0.0611086
402 0.973582 0.556539 0.0601142
403 0.973582 0.532267 0.0544702
404 0.973582 0.54906 0.0539904
405 0.973582 0.546514 0.05632
406 0.973582 0.539094 0.0551298
407 0.973582 0.525272 0.0602678
408 0.973582 0.539136 0.0596969
409 0.973582 0.525146 0.0567159
410 0.973582 0.536134 0.0603321
411 0.973582 0.51957 0.0626109
412 0.973582 0.542019 0.0622845
413 0.974696 0.556566 0.062112
414 0.974696 0.567597 0.0553099
415 0.974696 0.554403 0.0677133
416 0.974696 0.553222 0.0607719
417 0.974696 0.538404 0.0593275
418 0.974696 0.567698 0.0564726
419 0.974696 0.560383 0.0598341
420 0.974696 0.564363 0.0707954
421 0.974696 0.566673 0.0583462
422 0.974696 0.538589 0.0562657
423 0.974696 0.561475 0.0621014
424 0.974696 0.530294 0.0585258
425 0.974696 0.531685 0.0616057
426 0.974696 0.539613 0.0577651
427 0.974696 0.524795 0.0588806
428 0.974696 0.576261 0.0570472
429 0.974696 0.543667 0.0592534
430 0.974696 0.533297 0.0581068
431 0.974696 0.535396 0.0599443
432 0.974696 0.542583 0.0608078
433 0.974696 0.552537 0.0599973
434 0.974696 0.546684 0.0617865
435 0.974696 0.54472 0.0640256
436 0.976883 0.564827 0.0619243
437 0.978878 0.569643 0.0586053
438 0.978878 0.599714 0.0661361
439 0.978878 0.580373 0.0611073
440 0.978878 0.580733 0.0648799
441 0.978878 0.573185 0.0644566
442 0.978878 0.564727 0.0593616
443 0.978878 0.541369 0.0584272
444 0.978878 0.557837 0.0682849
445 0.978878 0.568188 0.0660876
446 0.978878 0.533775 0.0653943
447 0.978878 0.572548 0.0718093
448 0.978878 0.597787 0.0730349
449 0.978878 0.580683 0.0646804
450 0.978878 0.570349 0.064001
451 0.978878 0.569032 0.0714979
452 0.978878 0.594334 0.0600575
453 0.978878 0.561095 0.0578775
454 0.978878 0.570375 0.0562098
455 0.978878 0.591127 0.0550146
456 0.978878 0.58973 0.0625931
457 0.978878 0.616492 0.060428
458 0.978878 0.62659 0.0599467
459 0.978878 0.626386 0.0584598
460 0.978878 0.628203 0.0559481
461 0.978878 0.619362 0.0590531
462 0.978878 0.62152 0.0525055
463 0.978878 0.637158 0.0588631
464 0.978878 0.629334 0.0556268
465 0.978878 0.595255 0.0619864
466 0.978878 0.59084 0.064705
467 0.978878 0.558419 0.0619781
468 0.978878 0.577032 0.0564278
469 0.978878 0.574497 0.0598225
470 0.978878 0.558262 0.0651977
471 0.978878 0.595436 0.066502
472 0.978878 0.593278 0.0535277
473 0.978878 0.571295 0.0616354
474 0.978878 0.595205 0.0642002
475 0.978878 0.58042 0.0690111
476 0.978878 0.561475 0.0622606
477 0.978878 0.549983 0.0630944
478 0.978878 0.547375 0.0650299
479 0.978878 0.511378 0.0718069
480 0.978878 0.516753 0.067466
481 0.978878 0.544258 0.0631575
482 0.978878 0.580272 0.070851
483 0.978878 0.558364 0.0735792
484 0.978878 0.576034 0.0724287
485 0.978878 0.614963 0.0665858
486 0.978878 0.60433 0.0676088
487 0.978878 0.5723 0.0613367
488 0.978878 0.552024 0.0601586
489 0.978878 0.526785 0.0561302
490 0.978878 0.519154 0.0639182
491 0.978878 0.52225 0.0641885
492 0.978878 0.54129 0.0596717
493 0.979901 0.57562 0.0631423
494 0.979901 0.578691 0.0660911
495 0.979901 0.566926 0.0602492
496 0.979901 0.576325 0.0663455
497 0.979901 0.568073 0.059826
498 0.979901 0.585815 0.0518399
499 0.979901 0.546012 0.0583572
500 0.979901 0.547826 0.0594859
501 0.979901 0.53914 0.0595886
502 0.979901 0.553137 0.0607311
503 0.979901 0.565813 0.0624486
504 0.979901 0.607806 0.0683587
505 0.979901 0.595767 0.058401
506 0.979901 0.563694 0.0579607
507 0.979901 0.556813 0.0519734
508 0.979901 0.534618 0.0530127
509 0.979901 0.562413 0.0642219
510 0.979901 0.55878 0.0658514
511 0.979901 0.552384 0.0584467
512 0.979901 0.585242 0.0604755
513 0.979901 0.583871 0.0605703
514 0.979901 0.578528 0.0545281
515 0.979901 0.602723 0.0623346
516 0.979901 0.583992 0.05148
517 0.979901 0.576706 0.0530523
518 0.979901 0.551133 0.0627975
519 0.979901 0.574743 0.061739
520 0.979901 0.560228 0.0601767
521 0.979901 0.583813 0.0652381
522 0.979901 0.576581 0.063361
523 0.979901 0.593762 0.0585473
524 0.979901 0.582529 0.0572184
525 0.979901 0.595045 0.0578087
526 0.979901 0.595411 0.0515168
527 0.979901 0.584444 0.0538648
528 0.979901 0.612711 0.0555524
529 0.979901 0.598914 0.0514379
530 0.979901 0.615569 0.0573322
531 0.979901 0.601549 0.0598655
532 0.979901 0.60567 0.0513233
533 0.979901 0.559788 0.0538574
534 0.979901 0.566977 0.0549289
535 0.979901 0.556976 0.0558202
536 0.979901 0.592612 0.0523603
537 0.979901 0.597336 0.0622935
538 0.979901 0.590547 0.0515468
539 0.979901 0.578545 0.0564136
540 0.979901 0.567004 0.0639654
541 0.979901 0.588542 0.0656047
542 0.979901 0.58272 0.0597342
543 0.979901 0.622664 0.0567619
544 0.979901 0.591741 0.0528
545 0.979901 0.564451 0.0598227
546 0.979901 0.568968 0.0626149
547 0.979901 0.543468 0.0605223
548 0.979901 0.581767 0.0526246
549 0.979901 0.587861 0.060791
550 0.979901 0.582365 0.0651677
551 0.979901 0.578414 0.0610837
552 0.979901 0.555508 0.0671733
553 0.979901 0.587282 0.0597917
554 0.979901 0.598031 0.0576419
555 0.979901 0.586047 0.0658752
556 0.979901 0.589584 0.0632987
557 0.979901 0.5552 0.0684014
558 0.979901 0.570006 0.0651901
559 0.979901 0.584905 0.0621103
560 0.979901 0.579837 0.0581128
561 0.979901 0.584336 0.0666568
562 0.979901 0.581804 0.056389
563 0.979901 0.582855 0.0568357
564 0.979901 0.56921 0.0526208
565 0.979901 0.559374 0.0738006
566 0.979901 0.549377 0.0638044
567 0.979901 0.565232 0.0546523
568 0.979901 0.547841 0.0630246
569 0.979901 0.542166 0.0635222
570 0.979901 0.53416 0.0585886
571 0.979901 0.551057 0.0553876
572 0.979901 0.56355 0.060984
573 0.979901 0.576978 0.0561147
574 0.979901 0.592586 0.0563267
575 0.979901 0.58469 0.0619651
576 0.979901 0.56214 0.06005
577 0.979901 0.525711 0.0629584
578 0.979901 0.524432 0.0628819
579 0.979901 0.522095 0.0604014
580 0.979901 0.529276 0.0612196
581 0.979901 0.515934 0.063859
582 0.979901 0.522811 0.0732604
583 0.979901 0.546549 0.0654197
584 0.979901 0.527431 0.0589043
585 0.979901 0.546482 0.0554651
586 0.979901 0.527303 0.0604833
587 0.979901 0.529541 0.060618
588 0.979901 0.546091 0.0589029
589 0.979901 0.560922 0.0570504
590 0.979901 0.561202 0.0612964
591 0.979901 0.576611 0.0555135
592 0.979901 0.576975 0.0565034
593 0.979901 0.559082 0.0724561
594 0.979901 0.59108 0.0572519
595 0.979901 0.59832 0.0612797
596 0.979901 0.58024 0.0576601
597 0.979901 0.593084 0.0664081
598 0.979901 0.576201 0.0653354
599 0.979901 0.564693 0.0632759
600 0.979901 0.565852 0.0552646
601 0.979901 0.56621 0.0626787
602 0.979901 0.552593 0.0656251
603 0.979901 0.56089 0.071959
604 0.979901 0.576757 0.0720506
605 0.979901 0.589801 0.0624865
606 0.979901 0.612536 0.0632025
607 0.979901 0.608842 0.0592254
608 0.979901 0.596039 0.0701571
609 0.979901 0.591732 0.0612104
610 0.979901 0.599743 0.06275
611 0.979901 0.605559 0.0594188
612 0.979901 0.595048 0.0626432
613 0.979901 0.591952 0.0617741
614 0.979901 0.584311 0.0544596
615 0.979901 0.578426 0.0554886
616 0.979901 0.549833 0.053351
617 0.979901 0.54075 0.0538442
618 0.979901 0.580523 0.053183
619 0.979901 0.568961 0.0549984
620 0.979901 0.568828 0.0488522
621 0.979901 0.567586 0.0627687
622 0.979901 0.567896 0.0582148
623 0.979901 0.575738 0.0619044
624 0.980001 0.556061 0.0566881
625 0.980001 0.590856 0.0643073
626 0.980001 0.561252 0.064979
627 0.980001 0.573325 0.0630451
628 0.980001 0.541631 0.0659679
629 0.980001 0.594919 0.0732464
630 0.980001 0.609703 0.0600496
631 0.980001 0.594648 0.0704366
632 0.980001 0.618807 0.0757173
633 0.980001 0.601031 0.0604759
634 0.980001 0.598667 0.0573273
635 0.980001 0.576488 0.0612326
636 0.980001 0.560654 0.0649768
637 0.980001 0.577436 0.0552536
638 0.980001 0.56415 0.0612507
639 0.980116 0.590983 0.0634251
640 0.980116 0.586687 0.052117
641 0.980116 0.580085 0.0519388
642 0.980276 0.55624 0.0635734
643 0.980276 0.554501 0.0509712
644 0.980276 0.562752 0.0586366
645 0.980276 0.5822 0.064827
646 0.980276 0.577123 0.0606515
647 0.980276 0.592412 0.0657861
648 0.980276 0.598803 0.058029
649 0.980276 0.615914 0.0578979
650 0.980276 0.605077 0.0564333
651 0.980276 0.565218 0.0603847
652 0.980276 0.572975 0.0646556
653 0.980276 0.579216 0.0649722
654 0.980276 0.592953 0.0706318
655 0.980276 0.590619 0.0761785
656 0.980276 0.579326 0.0686263
657 0.980276 0.600424 0.060803
658 0.980276 0.614827 0.0628221
659 0.980276 0.599314 0.0644701
660 0.980276 0.586509 0.0580809
661 0.980276 0.594267 0.0559658
662 0.980276 0.568447 0.066844
663 0.980276 0.559424 0.0577194
664 0.980276 0.589109 0.0627291
665 0.980276 0.582093 0.06975
666 0.980276 0.607302 0.0607802
667 0.980276 0.582441 0.0605747
668 0.980276 0.580243 0.0582809
669 0.980276 0.577438 0.0619463
670 0.980276 0.577435 0.0619941
671 0.980276 0.623184 0.0533708
672 0.980276 0.617919 0.0522688
673 0.980276 0.590902 0.0497935
674 0.980276 0.646103 0.0483611
675 0.980276 0.630133 0.0620088
676 0.980948 0.650135 0.052765
677 0.980948 0.666859 0.0479601
678 0.980948 0.641352 0.0519466
679 0.980948 0.651347 0.0521498
680 0.980948 0.653676 0.051597
681 0.980948 0.621986 0.0610529
682 0.980948 0.614986 0.0544769
683 0.980948 0.614863 0.056903
684 0.980948 0.600104 0.0522412
685 0.980948 0.596207 0.0649948
686 0.980948 0.596199 0.061402
687 0.980948 0.604776 0.0586079
688 0.980948 0.585796 0.0635641
689 0.980948 0.585924 0.0638886
690 0.980948 0.623158 0.0633834
691 0.980948 0.580118 0.0637342
692 0.980948 0.6089 0.0603879
693 0.980948 0.540603 0.0677122
694 0.980948 0.538835 0.0684658
695 0.980948 0.560263 0.0549888
696 0.980948 0.543307 0.0616773
697 0.980948 0.534909 0.0572883
698 0.980948 0.556429 0.0664723
699 0.980948 0.579502 0.0616579
700 0.980948 0.609907 0.0611151
701 0.980948 0.589537 0.0622187
702 0.980948 0.586962 0.0610556
703 0.980948 0.608129 0.0605707
704 0.980948 0.591424 0.0673481
705 0.980948 0.601167 0.0646662
706 0.980948 0.606091 0.0578353
707 0.980948 0.651554 0.0611627
708 0.980948 0.555435 0.0712011
709 0.980948 0.563775 0.0643585
710 0.980948 0.559403 0.0663396
711 0.980948 0.566725 0.0651086
712 0.980948 0.562837 0.0738614
713 0.980948 0.548823 0.0735077
714 0.980948 0.570538 0.0656236
715 0.980948 0.584353 0.0686355
716 0.980948 0.597079 0.0705029
717 0.980948 0.58442 0.0690133
718 0.980948 0.580538 0.0677172
719 0.980948 0.586154 0.0635325
720 0.980948 0.586982 0.0739785
721 0.980948 0.594595 0.0637761
722 0.980948 0.599599 0.0685615
723 0.980948 0.594635 0.0652237
724 0.980948 0.548579 0.0615798
725 0.980948 0.547181 0.068338
726 0.980948 0.592504 0.0723566
727 0.980948 0.632106 0.0668982
728 0.980948 0.576022 0.0641213
729 0.980948 0.582311 0.061166
730 0.980948 0.580923 0.0546317
731 0.980948 0.593751 0.0602239
732 0.980948 0.597862 0.0586352
733 0.980948 0.601279 0.0639308
734 0.980948 0.614054 0.053263
735 0.980948 0.615833 0.0593514
736 0.980948 0.598985 0.0594592
737 0.980948 0.607369 0.0618406
738 0.980948 0.591073 0.0650565
739 0.980948 0.588877 0.0667655
740 0.980948 0.580637 0.0650982
741 0.980948 0.570051 0.0619669
742 0.980948 0.586912 0.0517391
743 0.980948 0.608885 0.0550032
744 0.980948 0.563097 0.0574257
745 0.980948 0.590195 0.0632237
746 0.980948 0.577571 0.0534085
747 0.980948 0.548036 0.06078
748 0.980948 0.545053 0.0675142
749 0.980948 0.573512 0.0595952
750 0.980948 0.56411 0.0588869
751 0.980948 0.56047 0.0591593
752 0.980948 0.599022 0.0606268
753 0.980948 0.569555 0.0621711
754 0.980948 0.578239 0.0585452
755 0.980948 0.593297 0.062301
756 0.980948 0.610863 0.0615239
757 0.980948 0.61174 0.062225
758 0.980948 0.577866 0.0720221
759 0.980948 0.567428 0.0708681
760 0.980948 0.584281 0.0628359
761 0.980948 0.602031 0.0647604
762 0.980948 0.621389 0.0646877
763 0.980948 0.567037 0.0664717
764 0.980948 0.584819 0.0645792
765 0.980948 0.614503 0.0582841
766 0.980948 0.597903 0.0652676
767 0.980948 0.586061 0.0574114
768 0.980948 0.599734 0.0578943
769 0.980948 0.58688 0.0667791
770 0.980948 0.571932 0.0576377
771 0.980948 0.596334 0.0618053
772 0.980948 0.572953 0.0701202
773 0.980948 0.585644 0.0738584
774 0.980948 0.632578 0.0583434
775 0.981381 0.649374 0.0605955
776 0.981381 0.631444 0.0525727
777 0.981381 0.638316 0.0551973
778 0.981381 0.614094 0.0627281
779 0.981381 0.596057 0.0678939
780 0.981381 0.56135 0.062704
781 0.981381 0.573316 0.0618303
782 0.981381 0.579847 0.0578149
783 0.981381 0.615632 0.0575713
784 0.981381 0.602264 0.0603786
785 0.981381 0.574182 0.0641925
786 0.981381 0.569485 0.0792729
787 0.981381 0.597941 0.0728748
788 0.981381 0.606281 0.0614151
789 0.981381 0.616938 0.0625262
790 0.981381 0.610199 0.0606667
791 0.981381 0.582026 0.0617661
792 0.981381 0.606423 0.0622025
793 0.981381 0.600545 0.0626913
794 0.981381 0.613193 0.0605476
795 0.981381 0.604686 0.0688112
796 0.981381 0.588888 0.0602156
797 0.981381 0.621314 0.0533393
798 0.981381 0.649375 0.0562094
799 0.981381 0.60753 0.0677961
800 0.981381 0.641896 0.0588255
801 0.981381 0.616474 0.068345
802 0.981381 0.633958 0.0645117
803 0.981381 0.618194 0.0612082
804 0.981381 0.629738 0.0655444
805 0.981381 0.630334 0.0702768
806 0.981381 0.577444 0.0709875
807 0.981684 0.561605 0.0739337
808 0.981684 0.579534 0.0698307
809 0.981684 0.566668 0.0687833
810 0.981684 0.579404 0.0621686
811 0.981684 0.55821 0.0611435
812 0.981684 0.576866 0.0649358
813 0.981684 0.596099 0.0647203
814 0.981684 0.589637 0.0612947
815 0.981684 0.56303 0.0655645
816 0.981684 0.604754 0.0647741
817 0.981684 0.61502 0.0653538
818 0.981684 0.608361 0.0647383
819 0.981684 0.583621 0.0635598
820 0.981684 0.623111 0.0669019
821 0.981684 0.563126 0.0753603
822 0.981684 0.584875 0.0696733
823 0.981684 0.59631 0.0616518
824 0.981684 0.614617 0.0614555
825 0.981684 0.60325 0.0678325
826 0.981684 0.607301 0.0543454
827 0.981684 0.624524 0.0702767
828 0.981684 0.60164 0.0673647
829 0.981684 0.567774 0.0576016
830 0.981684 0.56096 0.056967
831 0.981684 0.554701 0.0689209
832 0.981684 0.544101 0.062928
833 0.981684 0.524716 0.0630106
834 0.981684 0.554321 0.0714586
835 0.981684 0.57478 0.0650333
836 0.981684 0.522781 0.0686615
837 0.981684 0.569958 0.0737025
838 0.981684 0.540234 0.0711278
839 0.981684 0.557297 0.0742015
840 0.981684 0.530862 0.0663476
841 0.981684 0.554627 0.0706608
842 0.981684 0.551722 0.0717663
843 0.981684 0.53967 0.0699332
844 0.981684 0.532171 0.0735074
845 0.981684 0.537718 0.0714523
846 0.981684 0.569004 0.0687532
847 0.981684 0.563682 0.0674387
848 0.981684 0.56345 0.0703745
849 0.981684 0.555755 0.0754494
850 0.981684 0.548425 0.0792905
851 0.981684 0.565721 0.0772902
852 0.981684 0.550092 0.0726982
853 0.981684 0.574805 0.0688589
854 0.981684 0.613044 0.0716058
855 0.981684 0.589546 0.0673429
856 0.981684 0.599458 0.0790326
857 0.981684 0.574699 0.0723891
858 0.981684 0.588373 0.0667426
859 0.981684 0.565679 0.081178
860 0.981684 0.579489 0.0822332
861 0.981684 0.574147 0.0729559
862 0.981684 0.585122 0.0783578
863 0.981684 0.589394 0.0665962
864 0.981684 0.562869 0.0611747
865 0.981684 0.571897 0.0588842
866 0.981684 0.561782 0.0678034
867 0.981836 0.564509 0.0774182
868 0.981836 0.575695 0.0713312
869 0.981836 0.566069 0.0740221
870 0.981836 0.567838 0.0746939
871 0.981836 0.537773 0.0730868
872 0.981836 0.540203 0.0782373
873 0.981836 0.533176 0.0698191
874 0.981836 0.515757 0.0588003
875 0.981836 0.538051 0.0671532
876 0.981836 0.548231 0.0704443
877 0.981836 0.52695 0.0755509
878 0.981836 0.559912 0.0678076
879 0.981836 0.595247 0.0624202
880 0.981836 0.568781 0.0646211
881 0.981836 0.570834 0.0625567
882 0.981836 0.614777 0.0632478
883 0.981836 0.583924 0.0698405
884 0.981836 0.539834 0.0778425
885 0.981836 0.581669 0.0614688
886 0.981836 0.594168 0.0611729
887 0.981836 0.568863 0.072384
888 0.981836 0.587869 0.0703082
889 0.981836 0.597617 0.0663527
890 0.981836 0.589277 0.0679979
891 0.981836 0.622844 0.0620392
892 0.981836 0.576716 0.0642484
893 0.981836 0.59877 0.0621105
894 0.98206 0.574078 0.0727113
895 0.98206 0.561417 0.0675388
896 0.98206 0.592976 0.0714313
897 0.98206 0.570196 0.0709907
898 0.98206 0.584869 0.0601494
899 0.98206 0.556753 0.0673106
900 0.98206 0.581943 0.0617197
901 0.98206 0.598456 0.0742733
902 0.98206 0.635086 0.0712451
903 0.98206 0.619899 0.0806337
904 0.98206 0.61487 0.0690494
905 0.98206 0.582552 0.0639106
906 0.98206 0.601343 0.0682876
907 0.98206 0.611758 0.0643717
908 0.98206 0.594206 0.0679105
909 0.98206 0.656249 0.0615826
910 0.98206 0.64761 0.0677134
911 0.98206 0.620641 0.0768265
912 0.98206 0.574763 0.0725686
913 0.98206 0.569241 0.068261
914 0.982278 0.580891 0.0735456
915 0.982278 0.560977 0.0652619
916 0.982278 0.559197 0.0742002
917 0.982278 0.592205 0.0600168
918 0.982278 0.584325 0.0610394
919 0.982278 0.572279 0.0679113
920 0.982278 0.586283 0.0641361
921 0.982278 0.579175 0.0663454
922 0.982278 0.583144 0.0658262
923 0.982278 0.580697 0.0641213
924 0.982278 0.552815 0.0594548
925 0.982278 0.540513 0.0638703
926 0.982278 0.569864 0.0698774
927 0.982278 0.554613 0.0679236
928 0.982278 0.591295 0.0639505
929 0.982278 0.589986 0.0644352
930 0.982278 0.569663 0.071981
931 0.982278 0.533669 0.0785276
932 0.982278 0.519346 0.0717686
933 0.982278 0.588444 0.0702768
934 0.982278 0.603001 0.0685929
935 0.982278 0.600505 0.0712755
936 0.982638 0.628203 0.0780407
937 0.982638 0.623305 0.0636983
938 0.982638 0.592016 0.0592357
939 0.982638 0.609679 0.0643754
940 0.982638 0.557699 0.0699266
941 0.982638 0.570662 0.0698078
942 0.982638 0.591954 0.0675444
943 0.982638 0.588696 0.0633607
944 0.982638 0.578725 0.074713
945 0.982638 0.592964 0.0729587
946 0.982638 0.602977 0.0612338
947 0.982638 0.594785 0.0669842
948 0.982638 0.592888 0.0697455
949 0.982638 0.606399 0.0684902
950 0.982638 0.601598 0.0664538
951 0.982638 0.612168 0.062772
952 0.982638 0.587699 0.0567504
953 0.982638 0.602058 0.0743637
954 0.982638 0.631 0.0652427
955 0.982638 0.605785 0.0711931
956 0.982638 0.593829 0.0770201
957 0.982638 0.572315 0.0745383
958 0.982638 0.571868 0.081742
959 0.982638 0.584354 0.0695554
960 0.982638 0.558988 0.0744217
961 0.982638 0.589256 0.061301
962 0.982638 0.594851 0.0686444
963 0.982638 0.591968 0.0760108
964 0.982638 0.585606 0.0650151
965 0.982638 0.585755 0.0682021
966 0.982638 0.589599 0.0706883
967 0.982638 0.578346 0.0698293
968 0.982638 0.587462 0.0810084
969 0.982638 0.571954 0.0670972
970 0.982638 0.541243 0.0638214
971 0.982638 0.560542 0.0656298
972 0.982638 0.561267 0.0637353
973 0.982638 0.577752 0.0664611
974 0.982638 0.576348 0.074753
975 0.982638 0.568586 0.070652
976 0.982638 0.534093 0.071121
977 0.982638 0.555126 0.0681083
978 0.982638 0.571979 0.0672976
979 0.982638 0.602438 0.059879
980 0.982638 0.598177 0.0626043
981 0.982638 0.557739 0.0714127
982 0.982638 0.572732 0.0784653
983 0.982638 0.562722 0.0704772
984 0.982638 0.575421 0.0646327
985 0.982638 0.569894 0.0578452
986 0.982638 0.58098 0.0590032
987 0.982638 0.602366 0.0513309
988 0.982638 0.604717 0.0618598
989 0.982638 0.609017 0.0680106
990 0.982638 0.585174 0.0650959
991 0.982638 0.618349 0.0626462
992 0.982638 0.624126 0.0702952
993 0.982638 0.584367 0.0639784
994 0.982638 0.565118 0.0654193
995 0.982638 0.581822 0.0686934
996 0.982638 0.579827 0.0833458
997 0.982638 0.612633 0.073992
998 0.982638 0.617434 0.0725817
999 0.982638 0.621413 0.0636948
1000 0.982638 0.624631 0.0591049
