0 0.408319 0.25764 0.00107694
1 0.408319 0.25772 0.00113827
2 0.408319 0.252756 0.00106754
3 0.40951 0.254328 0.00145947
4 0.40951 0.25455 0.00115746
5 0.40951 0.25753 0.00106818
6 0.40951 0.26042 0.0014659
7 0.40951 0.257284 0.00108323
8 0.418005 0.26173 0.00148878
9 0.455792 0.262398 0.00175387
10 0.455792 0.256703 0.00110486
11 0.455792 0.25395 0.00144005
12 0.455792 0.258167 0.00211375
13 0.455792 0.258345 0.00226537
14 0.455792 0.260361 0.00174596
15 0.455792 0.260338 0.00224839
16 0.455792 0.25432 0.00133845
17 0.504785 0.264227 0.00282357
18 0.531673 0.262661 0.00339118
19 0.531673 0.266209 0.00341351
20 0.531673 0.26276 0.00357781
21 0.531673 0.268214 0.00356145
22 0.531673 0.266324 0.00442182
23 0.531673 0.268367 0.00444235
24 0.531673 0.271247 0.00384308
25 0.531673 0.264399 0.00350608
26 0.531673 0.264089 0.00339307
27 0.531673 0.265224 0.00296069
28 0.546866 0.268702 0.00354416
29 0.546866 0.273791 0.00490827
30 0.546866 0.276272 0.00566298
31 0.546866 0.273851 0.00552997
32 0.546866 0.271772 0.00507206
33 0.546866 0.271339 0.0045064
34 0.557792 0.270852 0.00453899
35 0.557792 0.267404 0.00465262
36 0.557792 0.268764 0.00366496
37 0.557792 0.268946 0.0043258
38 0.560074 0.273053 0.00485866
39 0.564308 0.272881 0.00512425
40 0.564308 0.270332 0.00489459
41 0.564308 0.276647 0.00616749
42 0.564308 0.274735 0.00443461
43 0.564308 0.277947 0.00470042
44 0.564308 0.27882 0.00519765
45 0.564308 0.276959 0.00423741
46 0.564308 0.279604 0.00558275
47 0.564308 0.283561 0.00571683
48 0.564308 0.283045 0.00554968
49 0.564308 0.290256 0.00715907
50 0.564308 0.285326 0.00678216
51 0.564308 0.283034 0.00569999
52 0.564308 0.284843 0.00569503
53 0.564308 0.279719 0.00436683
54 0.564308 0.284538 0.00609448
55 0.564308 0.280685 0.00487334
56 0.564308 0.280819 0.00431127
57 0.564308 0.284261 0.00508005
58 0.565918 0.2795 0.0052519
59 0.565918 0.289303 0.00676933
60 0.565918 0.279523 0.00524159
61 0.565918 0.286427 0.00602484
62 0.566496 0.282559 0.00474836
63 0.566496 0.293911 0.00669703
64 0.566496 0.294772 0.00642255
65 0.566496 0.298944 0.00674314
66 0.566496 0.298003 0.00643264
67 0.568551 0.30104 0.00729712
68 0.568551 0.296395 0.00548406
69 0.568551 0.309189 0.00761786
70 0.568612 0.317829 0.00876899
71 0.568612 0.303441 0.0071603
72 0.568612 0.300698 0.00687192
73 0.568612 0.315235 0.00711097
74 0.568612 0.323744 0.0077682
75 0.568612 0.312719 0.00731021
76 0.568612 0.318804 0.00776252
77 0.568612 0.315849 0.00895867
78 0.568612 0.324385 0.0102477
79 0.568612 0.318232 0.00764652
80 0.568612 0.312448 0.00675467
81 0.568612 0.324193 0.00780289
82 0.57746 0.329278 0.008321
83 0.57746 0.332935 0.0079771
84 0.584059 0.340331 0.0088556
85 0.584059 0.328833 0.00817814
86 0.609649 0.325581 0.00859854
87 0.609649 0.322317 0.007761
88 0.609649 0.320302 0.00797902
89 0.609649 0.334791 0.00790087
90 0.609649 0.330292 0.00823951
91 0.641252 0.327417 0.0105219
92 0.641252 0.333028 0.00838512
93 0.641252 0.33521 0.00861288
94 0.641252 0.329637 0.00845453
95 0.641252 0.34055 0.00925285
96 0.641252 0.332276 0.00837918
97 0.641252 0.319638 0.00681287
98 0.641252 0.324327 0.0078717
99 0.664221 0.325694 0.00949877
100 0.670557 0.34339 0.0105551
101 0.670557 0.326921 0.0085744
102 0.670557 0.321756 0.0107152
103 0.670557 0.332998 0.01008
104 0.670557 0.331848 0.0100683
105 0.670557 0.343225 0.0116994
106 0.670557 0.349177 0.0107593
107 0.670557 0.328259 0.0107044
108 0.670557 0.322397 0.00921383
109 0.670557 0.321761 0.00750509
110 0.670557 0.330831 0.00890587
111 0.670557 0.330149 0.0101084
112 0.670557 0.336708 0.00922631
113 0.670557 0.341742 0.00873555
114 0.670557 0.335637 0.00910657
115 0.670557 0.328195 0.0127531
116 0.670557 0.329079 0.0100093
117 0.670557 0.31292 0.00837138
118 0.670557 0.312117 0.00787639
119 0.670557 0.31226 0.00736571
120 0.678211 0.327832 0.0102202
121 0.678211 0.325973 0.00764105
122 0.678211 0.320571 0.0083613
123 0.678211 0.319934 0.00804607
124 0.678211 0.315711 0.0087019
125 0.678211 0.311674 0.0090026
126 0.678211 0.330871 0.00947038
127 0.678211 0.326954 0.00899891
128 0.678211 0.325354 0.00947358
129 0.678211 0.315091 0.0111018
130 0.678211 0.306978 0.00868043
131 0.678211 0.322691 0.00969179
132 0.678211 0.325654 0.00986381
133 0.678211 0.315362 0.00933954
134 0.678211 0.308073 0.00829544
135 0.678211 0.320776 0.00905997
136 0.679915 0.316789 0.00998438
137 0.679915 0.322821 0.0125371
138 0.679915 0.318753 0.0112817
139 0.679915 0.332488 0.0141259
140 0.679915 0.324349 0.00913884
141 0.679915 0.325793 0.00939847
142 0.686142 0.317006 0.00986848
143 0.686142 0.312944 0.0110792
144 0.687772 0.312587 0.00912924
145 0.687772 0.307941 0.00829696
146 0.687772 0.302695 0.00842608
147 0.687772 0.317969 0.00970079
148 0.687772 0.303706 0.00944196
149 0.687772 0.308236 0.00871131
150 0.687772 0.316545 0.00951387
151 0.687772 0.310491 0.0100184
152 0.687772 0.30559 0.0103523
153 0.687772 0.312306 0.0115304
154 0.687772 0.316214 0.0112214
155 0.687772 0.303783 0.00810251
156 0.687772 0.317493 0.00857636
157 0.687772 0.309438 0.00878456
158 0.687772 0.312783 0.0117243
159 0.687772 0.313439 0.01087
160 0.687772 0.304858 0.00822863
161 0.687772 0.302339 0.00827528
162 0.68926 0.310901 0.00999537
163 0.68926 0.306727 0.0112864
164 0.68926 0.308343 0.00918391
165 0.68926 0.323914 0.0113237
166 0.68926 0.323023 0.0135018
167 0.68926 0.321506 0.0142251
168 0.68926 0.318492 0.0102644
169 0.68926 0.306335 0.00973346
170 0.68926 0.317987 0.010601
171 0.68926 0.306987 0.0110548
172 0.68926 0.302861 0.0104647
173 0.68926 0.314713 0.011222
174 0.68926 0.315891 0.0115355
175 0.68926 0.323386 0.0123789
176 0.68926 0.330833 0.0157352
177 0.68926 0.315309 0.00952606
178 0.68926 0.326843 0.0116218
179 0.68926 0.310152 0.00924082
180 0.68926 0.305721 0.00870054
181 0.68926 0.319112 0.0099909
182 0.68926 0.327243 0.0123557
183 0.68926 0.319662 0.0112944
184 0.68926 0.311607 0.00875688
185 0.68926 0.309903 0.0109748
186 0.68926 0.311126 0.00978172
187 0.68926 0.315968 0.00967123
188 0.68926 0.318885 0.0116468
189 0.68926 0.31529 0.0128941
190 0.68926 0.336039 0.012361
191 0.68926 0.336988 0.0111321
192 0.68926 0.339948 0.0132665
193 0.68926 0.331698 0.011068
194 0.68926 0.318714 0.0104836
195 0.68926 0.315245 0.0108266
196 0.68926 0.331353 0.0144553
197 0.68926 0.340709 0.0153547
198 0.68926 0.346646 0.0167134
199 0.68926 0.345974 0.0153312
200 0.68926 0.34824 0.014524
201 0.68926 0.328501 0.0115974
202 0.68926 0.336752 0.0149611
203 0.68926 0.340711 0.0139951
204 0.68926 0.341527 0.0157664
205 0.68926 0.336011 0.0143578
206 0.68926 0.339484 0.0160043
207 0.68926 0.337804 0.0146409
208 0.68926 0.33824 0.0122876
209 0.68926 0.327127 0.0146683
210 0.68926 0.331832 0.0113775
211 0.68926 0.333215 0.0129536
212 0.68926 0.343346 0.0142754
213 0.68926 0.32821 0.0133254
214 0.68926 0.350728 0.0141126
215 0.68926 0.349559 0.0149442
216 0.68926 0.343078 0.0145535
217 0.68926 0.35507 0.0128203
218 0.68926 0.35066 0.0155403
219 0.68926 0.339284 0.0112342
220 0.68926 0.353004 0.012172
221 0.68926 0.345059 0.0109739
222 0.68926 0.325986 0.0121508
223 0.68926 0.354443 0.012706
224 0.68926 0.347098 0.0145777
225 0.68926 0.353262 0.015097
226 0.68926 0.354688 0.0153554
227 0.68926 0.351553 0.0164975
228 0.68926 0.337633 0.0112971
229 0.68926 0.343834 0.0138962
230 0.68926 0.344625 0.0151078
231 0.68926 0.340763 0.0145554
232 0.68926 0.329151 0.0132316
233 0.68926 0.326817 0.0113037
234 0.68926 0.336295 0.0141717
235 0.68926 0.352282 0.0150811
236 0.68926 0.345703 0.0153158
237 0.68926 0.355657 0.0170087
238 0.68926 0.350322 0.01695
239 0.68926 0.35194 0.0156649
240 0.68926 0.339416 0.0146758
241 0.68926 0.358327 0.0176346
242 0.68926 0.360268 0.0164995
243 0.68926 0.357901 0.0142454
244 0.68926 0.35061 0.0152126
245 0.68926 0.365044 0.0135009
246 0.68926 0.359252 0.0130814
247 0.68926 0.354163 0.0141152
248 0.68926 0.351828 0.0156645
249 0.68926 0.370279 0.015196
250 0.68926 0.362595 0.0151938
251 0.68926 0.35539 0.0146936
252 0.68926 0.349276 0.016115
253 0.68926 0.338662 0.0168469
254 0.68926 0.35238 0.016165
255 0.68926 0.350802 0.0151603
256 0.68926 0.332728 0.0127702
257 0.68926 0.355157 0.0137504
258 0.68926 0.338297 0.0156301
259 0.68926 0.347032 0.0132545
260 0.68926 0.353358 0.0125904
261 0.68926 0.357121 0.0133521
262 0.68926 0.366326 0.015937
263 0.68926 0.382129 0.0145123
264 0.68926 0.362197 0.0142507
265 0.68926 0.357398 0.015523
266 0.68926 0.354645 0.0164527
267 0.68926 0.367522 0.0163317
268 0.68926 0.361443 0.0165952
269 0.68926 0.359752 0.018992
270 0.68926 0.37786 0.0169877
271 0.68926 0.345865 0.0163749
272 0.68926 0.35077 0.014663
273 0.68926 0.34096 0.0188746
274 0.68926 0.350752 0.0182636
275 0.68926 0.33802 0.013923
276 0.68926 0.353508 0.0155065
277 0.68926 0.341527 0.016467
278 0.68926 0.334768 0.0161325
279 0.68926 0.356844 0.0141358
280 0.68926 0.339786 0.0171363
281 0.68926 0.343584 0.0192736
282 0.68926 0.359784 0.0180169
283 0.68926 0.358105 0.0180216
284 0.68926 0.364736 0.0157429
285 0.68926 0.361151 0.0170342
286 0.68926 0.368516 0.0148473
287 0.68926 0.344849 0.013238
288 0.68926 0.364755 0.0175707
289 0.68926 0.354371 0.0177397
290 0.68926 0.34079 0.019125
291 0.68926 0.328362 0.0139539
292 0.68926 0.356686 0.0175029
293 0.68926 0.363692 0.0154428
294 0.68926 0.331472 0.0185616
295 0.68926 0.341299 0.0164103
296 0.68926 0.350589 0.0174932
297 0.704298 0.346124 0.017806
298 0.704298 0.346563 0.0196412
299 0.704298 0.339543 0.0169945
300 0.704298 0.333785 0.0158566
301 0.704298 0.347185 0.0160008
302 0.704298 0.336788 0.0168656
303 0.704298 0.349575 0.0189649
304 0.704298 0.360143 0.018012
305 0.704298 0.360803 0.0155832
306 0.704298 0.355547 0.0173126
307 0.704298 0.351825 0.0168995
308 0.70666 0.369328 0.0170427
309 0.70666 0.367087 0.0173525
310 0.70666 0.351492 0.0180806
311 0.70666 0.354299 0.0166972
312 0.70666 0.34185 0.0172453
313 0.70666 0.33975 0.0147505
314 0.70666 0.348513 0.0169766
315 0.70666 0.344333 0.01487
316 0.70666 0.34863 0.0145126
317 0.708692 0.361718 0.0190908
318 0.708692 0.364471 0.0182084
319 0.708692 0.350944 0.0160038
320 0.708692 0.344302 0.0157474
321 0.708692 0.340916 0.0172575
322 0.726864 0.334464 0.0152057
323 0.726864 0.325762 0.0196046
324 0.726864 0.32732 0.0166679
325 0.726864 0.325071 0.0171473
326 0.726864 0.315086 0.01706
327 0.726864 0.327944 0.0187806
328 0.726864 0.314607 0.0203536
329 0.726864 0.327772 0.0173602
330 0.726864 0.340721 0.0210038
331 0.726864 0.320006 0.0213677
332 0.726864 0.328407 0.0170218
333 0.726864 0.31498 0.0172205
334 0.726864 0.352097 0.0184027
335 0.726864 0.34446 0.0197036
336 0.726864 0.341606 0.0178822
337 0.726864 0.339333 0.0176125
338 0.726864 0.357448 0.0141162
339 0.726864 0.333596 0.0142451
340 0.726864 0.352947 0.0162149
341 0.726864 0.343705 0.0148875
342 0.726864 0.361131 0.0173787
343 0.726864 0.333694 0.0165414
344 0.728718 0.336039 0.0199364
345 0.728718 0.339506 0.0182604
346 0.728718 0.349303 0.0195818
347 0.728718 0.350448 0.019777
348 0.734482 0.348694 0.0200609
349 0.734482 0.344004 0.0200942
350 0.737232 0.336967 0.0222316
351 0.737232 0.343636 0.0173691
352 0.737232 0.342966 0.0164431
353 0.737232 0.343559 0.0201469
354 0.737232 0.332119 0.0203804
355 0.737232 0.331363 0.0199964
356 0.737232 0.337714 0.0203973
357 0.737232 0.353903 0.0201167
358 0.737232 0.33454 0.0196538
359 0.737232 0.348843 0.0168293
360 0.737232 0.356718 0.0190299
361 0.737278 0.333568 0.0194059
362 0.737278 0.323693 0.0171961
363 0.737278 0.319601 0.0158771
364 0.740966 0.334607 0.0178875
365 0.740966 0.310105 0.0148039
366 0.74528 0.322532 0.01904
367 0.74528 0.325237 0.0181973
368 0.74528 0.338981 0.0196801
369 0.74528 0.310696 0.0178383
370 0.74528 0.320388 0.017898
371 0.74528 0.33124 0.0157029
372 0.74528 0.342411 0.0162772
373 0.74528 0.357353 0.01613
374 0.74528 0.331746 0.0177245
375 0.74528 0.344608 0.018779
376 0.74528 0.351379 0.0180061
377 0.74528 0.35375 0.0197799
378 0.74528 0.359038 0.0174355
379 0.74528 0.360144 0.019605
380 0.74528 0.365885 0.0201929
381 0.74528 0.35393 0.0186672
382 0.74528 0.319685 0.0160562
383 0.74528 0.332326 0.0188882
384 0.74528 0.367884 0.0191573
385 0.74528 0.363076 0.0199808
386 0.74528 0.376391 0.0190392
387 0.74528 0.348717 0.0197183
388 0.747476 0.317579 0.0177519
389 0.747476 0.334812 0.0145811
390 0.747476 0.34483 0.0162097
391 0.747476 0.344076 0.01871
392 0.748266 0.35786 0.0206211
393 0.764851 0.362844 0.0198445
394 0.764851 0.354704 0.0205088
395 0.764851 0.328874 0.0190666
396 0.764851 0.354935 0.017115
397 0.764851 0.345212 0.0159945
398 0.764851 0.356729 0.0216371
399 0.764851 0.366437 0.0207331
400 0.764851 0.351059 0.0174785
401 0.764851 0.344931 0.0182088
402 0.764851 0.354982 0.0190527
403 0.764851 0.349229 0.0160676
404 0.764851 0.349328 0.0186134
405 0.764851 0.349022 0.0175305
406 0.764851 0.343819 0.0143494
407 0.764851 0.349389 0.0157217
408 0.764851 0.343454 0.0156773
409 0.764851 0.342732 0.0219637
410 0.764851 0.34044 0.0205957
411 0.764851 0.358688 0.0188057
412 0.764851 0.364006 0.0210117
413 0.764851 0.379852 0.0195761
414 0.764851 0.359863 0.0177081
415 0.764851 0.3737 0.0152067
416 0.764851 0.377805 0.0209634
417 0.764851 0.344164 0.0173033
418 0.764851 0.384815 0.018784
419 0.764851 0.358307 0.0189007
420 0.764851 0.357745 0.0146886
421 0.764851 0.366082 0.0183789
422 0.764851 0.364797 0.017884
423 0.764851 0.353521 0.0175087
424 0.764851 0.353611 0.0184294
425 0.764851 0.349889 0.0180405
426 0.764851 0.358219 0.0222745
427 0.764851 0.349906 0.0186273
428 0.764851 0.365274 0.0203285
429 0.764851 0.338069 0.0192175
430 0.764851 0.35917 0.0172896
431 0.764851 0.358503 0.0202958
432 0.764851 0.378954 0.0182069
433 0.764851 0.370878 0.0178373
434 0.764851 0.367779 0.0241284
435 0.764851 0.368699 0.0224202
436 0.764851 0.371427 0.0227562
437 0.764851 0.386444 0.0228686
438 0.764851 0.347121 0.0185954
439 0.764851 0.359591 0.0220704
440 0.764851 0.345623 0.0204615
441 0.764851 0.357999 0.0229112
442 0.775852 0.376772 0.0219496
443 0.775852 0.371623 0.0199985
444 0.775852 0.363306 0.0189982
445 0.775852 0.363209 0.0212259
446 0.775852 0.358379 0.0188075
447 0.775852 0.357844 0.019645
448 0.775852 0.355405 0.0171978
449 0.775852 0.36634 0.0155405
450 0.775852 0.345084 0.0159271
451 0.775852 0.338006 0.017581
452 0.775852 0.347423 0.019928
453 0.775852 0.364606 0.0198084
454 0.775852 0.359229 0.0193915
455 0.775852 0.356147 0.0200454
456 0.775852 0.348337 0.0199254
457 0.775852 0.364521 0.0181391
458 0.775852 0.364291 0.0174099
459 0.775852 0.336057 0.016965
460 0.775852 0.358418 0.0207295
461 0.775852 0.347752 0.019285
462 0.775852 0.360275 0.0194601
463 0.775852 0.368955 0.0191223
464 0.775852 0.354304 0.0174084
465 0.775852 0.36995 0.0181243
466 0.775852 0.367674 0.0173041
467 0.775852 0.351114 0.0176012
468 0.775852 0.360303 0.0184058
469 0.775852 0.368442 0.0179466
470 0.775852 0.359119 0.0191649
471 0.775852 0.346108 0.0263195
472 0.775852 0.352551 0.0223287
473 0.775852 0.330813 0.0193749
474 0.775852 0.338738 0.0180331
475 0.775852 0.34747 0.0179276
476 0.775852 0.366249 0.0193764
477 0.775852 0.35683 0.0203965
478 0.775852 0.348757 0.0205455
479 0.775852 0.350976 0.0177078
480 0.775852 0.353674 0.0173104
481 0.775852 0.357374 0.0186031
482 0.775852 0.370727 0.0187192
483 0.775852 0.371692 0.0155865
484 0.775852 0.362299 0.0205287
485 0.775852 0.349579 0.0188657
486 0.775852 0.364741 0.0206317
487 0.775852 0.356888 0.0190043
488 0.775852 0.357155 0.0202803
489 0.775852 0.365368 0.018383
490 0.775852 0.358409 0.021207
491 0.775852 0.357194 0.0228673
492 0.775852 0.345762 0.0238794
493 0.775852 0.349858 0.0202719
494 0.778174 0.338682 0.0239439
495 0.778174 0.344268 0.0230115
496 0.778174 0.336814 0.0182906
497 0.778174 0.343381 0.0202152
498 0.778174 0.338102 0.0192713
499 0.778174 0.345349 0.0214337
500 0.778174 0.36062 0.0204585
501 0.778174 0.363067 0.0198931
502 0.778174 0.358138 0.0198715
503 0.778174 0.356329 0.0200575
504 0.778174 0.359589 0.0166513
505 0.778174 0.374161 0.0196001
506 0.778174 0.355616 0.0199752
507 0.778174 0.357434 0.0188289
508 0.778174 0.370806 0.0185727
509 0.778174 0.368441 0.0178942
510 0.778174 0.353019 0.0186744
511 0.778174 0.367227 0.0199451
512 0.80588 0.388381 0.020287
513 0.80588 0.389856 0.0205589
514 0.80588 0.395183 0.0184687
515 0.80588 0.388022 0.0196376
516 0.80588 0.399191 0.0205482
517 0.80588 0.391103 0.0185116
518 0.80588 0.376609 0.0209318
519 0.80588 0.377886 0.0191234
520 0.80588 0.376081 0.0221188
521 0.80588 0.396642 0.0213629
522 0.813974 0.395824 0.021559
523 0.813974 0.382064 0.0188552
524 0.813974 0.382418 0.0224098
525 0.813974 0.39049 0.0228067
526 0.813974 0.400167 0.0202271
527 0.813974 0.419229 0.0230615
528 0.813974 0.410513 0.0219967
529 0.813974 0.398624 0.0232628
530 0.813974 0.397772 0.0218266
531 0.813974 0.401047 0.0211626
532 0.813974 0.401692 0.0239977
533 0.813974 0.416059 0.020792
534 0.813974 0.402349 0.0207727
535 0.813974 0.401304 0.0212666
536 0.813974 0.390249 0.0216692
537 0.813974 0.401394 0.0220307
538 0.813974 0.411558 0.0224963
539 0.813974 0.408769 0.0192516
540 0.813974 0.380583 0.0233913
541 0.813974 0.398347 0.0250158
542 0.813974 0.381514 0.0212531
543 0.813974 0.404668 0.0215767
544 0.813974 0.414889 0.0233575
545 0.813974 0.42382 0.0223637
546 0.813974 0.41921 0.0221309
547 0.813974 0.398837 0.0189075
548 0.813974 0.401198 0.0207084
549 0.813974 0.414112 0.0202967
550 0.813974 0.413407 0.0202898
551 0.813974 0.414183 0.0218901
552 0.813974 0.43203 0.0198832
553 0.813974 0.424621 0.0192249
554 0.817443 0.392925 0.0183241
555 0.817443 0.410711 0.0193994
556 0.817443 0.397573 0.0214129
557 0.817443 0.420107 0.0176361
558 0.817443 0.415885 0.0198119
559 0.817443 0.428355 0.0269458
560 0.817443 0.419047 0.0207885
561 0.817443 0.406813 0.0168454
562 0.817443 0.417698 0.0207062
563 0.817443 0.413541 0.0197133
564 0.817443 0.428673 0.0203813
565 0.817443 0.428162 0.0255656
566 0.817443 0.430108 0.022132
567 0.817443 0.42783 0.0212989
568 0.817443 0.41985 0.0208562
569 0.817443 0.422368 0.0209132
570 0.817443 0.414377 0.0233594
571 0.817443 0.420983 0.022445
572 0.817443 0.41756 0.0229083
573 0.817443 0.402634 0.0260993
574 0.817443 0.394527 0.0228265
575 0.817443 0.398233 0.0217009
576 0.817443 0.388359 0.0213217
577 0.817443 0.400259 0.0209026
578 0.817443 0.44521 0.0214898
579 0.817443 0.432824 0.0224577
580 0.817443 0.438826 0.0194424
581 0.817443 0.458317 0.0204777
582 0.817443 0.436232 0.020274
583 0.817443 0.438829 0.0219918
584 0.817443 0.408784 0.0188791
585 0.817443 0.421991 0.0201985
586 0.817443 0.424161 0.0182617
587 0.817443 0.423315 0.0232738
588 0.817443 0.407699 0.0217803
589 0.817443 0.393197 0.0187161
590 0.817443 0.395375 0.0167682
591 0.817443 0.395515 0.0182432
592 0.817443 0.408744 0.0202733
593 0.817443 0.410125 0.0189627
594 0.817443 0.406424 0.02221
595 0.817443 0.425663 0.0218258
596 0.817443 0.402955 0.0178836
597 0.817443 0.417524 0.0196879
598 0.817443 0.414495 0.0188105
599 0.817443 0.416452 0.0196068
600 0.817443 0.429491 0.0186125
601 0.817443 0.425782 0.0197421
602 0.817443 0.417784 0.0202672
603 0.817443 0.419603 0.0157806
604 0.817443 0.421596 0.0133425
605 0.817443 0.418221 0.0151978
606 0.817443 0.413673 0.0165624
607 0.817443 0.411835 0.0194515
608 0.817443 0.403389 0.0165352
609 0.817443 0.403316 0.0176561
610 0.817443 0.386429 0.0182265
611 0.817443 0.389259 0.0159902
612 0.817443 0.412253 0.018915
613 0.817443 0.424564 0.0172209
614 0.817443 0.413425 0.0168447
615 0.817443 0.402941 0.0184606
616 0.817443 0.426684 0.0191304
617 0.817443 0.429208 0.0183071
618 0.817443 0.440624 0.0202296
619 0.817443 0.438763 0.0215495
620 0.817443 0.437737 0.0175678
621 0.817443 0.438272 0.0195128
622 0.817443 0.42259 0.0189989
623 0.817443 0.408336 0.0180629
624 0.817443 0.429489 0.0182009
625 0.817443 0.4217 0.0162531
626 0.817443 0.419705 0.0145827
627 0.817443 0.421975 0.0140661
628 0.817443 0.412713 0.0200814
629 0.817443 0.410559 0.0146439
630 0.817443 0.409483 0.0179896
631 0.817443 0.401952 0.0199692
632 0.817443 0.41673 0.0180487
633 0.817443 0.414473 0.0179922
634 0.82031 0.402115 0.0174956
635 0.82031 0.416682 0.0193458
636 0.825861 0.417645 0.0227851
637 0.825861 0.422161 0.0223872
638 0.825861 0.412477 0.0194158
639 0.825861 0.400817 0.0169504
640 0.825861 0.406995 0.0170722
641 0.825861 0.403661 0.0144228
642 0.825861 0.416321 0.0186312
643 0.825861 0.396529 0.021052
644 0.825861 0.404596 0.015029
645 0.825861 0.403446 0.0180226
646 0.825861 0.403698 0.0184826
647 0.825861 0.388315 0.0161348
648 0.825861 0.412884 0.0146041
649 0.825861 0.382299 0.0180155
650 0.825861 0.406294 0.0166571
651 0.825861 0.409953 0.0178546
652 0.826624 0.416887 0.0229846
653 0.826624 0.429806 0.0192237
654 0.826624 0.426027 0.0184633
655 0.826624 0.424716 0.0178854
656 0.826624 0.422084 0.0165376
657 0.826624 0.42187 0.019796
658 0.826624 0.41809 0.019228
659 0.826624 0.40035 0.0178198
660 0.834064 0.415234 0.017862
661 0.834243 0.423118 0.0201812
662 0.834243 0.401196 0.0194875
663 0.834243 0.397174 0.0231054
664 0.834243 0.389734 0.0180838
665 0.834243 0.413599 0.0157987
666 0.834243 0.408986 0.0192268
667 0.834243 0.417354 0.0203466
668 0.834243 0.399406 0.0186483
669 0.834243 0.393734 0.0166926
670 0.834243 0.401538 0.0188206
671 0.834243 0.409824 0.0183402
672 0.834243 0.429678 0.0198617
673 0.834243 0.419605 0.0177518
674 0.834243 0.403211 0.0218836
675 0.834243 0.420335 0.0231123
676 0.834243 0.406627 0.0191985
677 0.834243 0.393105 0.0155003
678 0.834243 0.407813 0.0187632
679 0.834243 0.40526 0.0163258
680 0.834243 0.393691 0.0191393
681 0.834243 0.401379 0.0178882
682 0.834243 0.400461 0.0177551
683 0.834243 0.413863 0.0205187
684 0.834954 0.396158 0.0196409
685 0.834954 0.406201 0.0187298
686 0.834954 0.404714 0.019268
687 0.834954 0.39366 0.0158384
688 0.834954 0.421736 0.0199103
689 0.834954 0.416035 0.0194209
690 0.834954 0.411845 0.01873
691 0.834954 0.424259 0.0192816
692 0.834954 0.4182 0.0206314
693 0.834954 0.431 0.0175546
694 0.834954 0.424856 0.0210674
695 0.834954 0.435208 0.0215352
696 0.834954 0.431163 0.0223181
697 0.834954 0.441958 0.0190212
698 0.834954 0.433852 0.0236589
699 0.834954 0.405847 0.0251666
700 0.834954 0.415124 0.0252008
701 0.834954 0.431018 0.0222531
702 0.834954 0.423022 0.0220854
703 0.837776 0.432285 0.0215996
704 0.837776 0.422625 0.0226506
705 0.837776 0.427286 0.0205626
706 0.841797 0.427265 0.0229247
707 0.841797 0.43616 0.020785
708 0.841797 0.43446 0.0235036
709 0.841797 0.452722 0.025142
710 0.841797 0.449597 0.0243686
711 0.841797 0.451004 0.0262997
712 0.841797 0.428426 0.0287941
713 0.842532 0.428798 0.0259114
714 0.842532 0.439178 0.023375
715 0.842532 0.466824 0.0233443
716 0.842532 0.462324 0.0248189
717 0.842532 0.439515 0.024399
718 0.842532 0.429486 0.0264021
719 0.842532 0.40279 0.023345
720 0.842532 0.411064 0.020698
721 0.842532 0.414289 0.023172
722 0.842532 0.390067 0.022798
723 0.842532 0.37995 0.0205948
724 0.842532 0.387301 0.0215294
725 0.842532 0.398539 0.0206805
726 0.842532 0.398703 0.0198852
727 0.842532 0.39656 0.0194138
728 0.842532 0.392697 0.0206169
729 0.842532 0.404701 0.0198621
730 0.842532 0.417026 0.0205088
731 0.842532 0.409705 0.022746
732 0.842532 0.407918 0.0233414
733 0.845754 0.418986 0.0252299
734 0.845754 0.426955 0.0234458
735 0.845754 0.408329 0.0219087
736 0.848149 0.389693 0.0206831
737 0.848149 0.42155 0.0198493
738 0.848149 0.429996 0.0200298
739 0.848149 0.41929 0.0230435
740 0.848149 0.404219 0.0201642
741 0.848149 0.411754 0.026058
742 0.851591 0.426328 0.0225961
743 0.851591 0.431207 0.0226644
744 0.851591 0.431678 0.0218713
745 0.851591 0.432917 0.0206279
746 0.851591 0.428861 0.0205601
747 0.851591 0.425817 0.0202059
748 0.851591 0.430342 0.0211275
749 0.851591 0.431491 0.0227769
750 0.851591 0.441796 0.0220623
751 0.851591 0.422729 0.0266207
752 0.851591 0.407752 0.0303096
753 0.851591 0.401817 0.0260083
754 0.851591 0.404866 0.0232837
755 0.851591 0.415717 0.026931
756 0.853387 0.406238 0.0283458
757 0.853387 0.420744 0.0226116
758 0.853387 0.408631 0.0279122
759 0.853387 0.413032 0.0253302
760 0.853387 0.403343 0.0229317
761 0.853387 0.410265 0.0238838
762 0.853387 0.429292 0.0223672
763 0.853387 0.420828 0.022065
764 0.853387 0.408781 0.0199616
765 0.853387 0.411442 0.0184433
766 0.853387 0.404071 0.0151089
767 0.853387 0.416784 0.0196043
768 0.853387 0.4222 0.0187669
769 0.853387 0.41021 0.016821
770 0.853387 0.431009 0.0200729
771 0.853387 0.425316 0.0240338
772 0.853387 0.419813 0.0235578
773 0.853387 0.41883 0.0201457
774 0.853387 0.419991 0.0262109
775 0.853387 0.417289 0.0264413
776 0.853387 0.43017 0.024109
777 0.853387 0.406608 0.0210176
778 0.853387 0.415222 0.0247324
779 0.853387 0.398033 0.0223766
780 0.853387 0.42606 0.0178462
781 0.853387 0.402033 0.0186574
782 0.853387 0.422268 0.0219375
783 0.853387 0.414606 0.021479
784 0.853387 0.429168 0.0183079
785 0.853387 0.420367 0.0220475
786 0.853387 0.43285 0.0219143
787 0.853387 0.431575 0.0171696
788 0.853387 0.416182 0.0196013
789 0.853387 0.426832 0.0179152
790 0.853387 0.445724 0.0210446
791 0.853387 0.422189 0.0206487
792 0.853387 0.437427 0.0222128
793 0.853387 0.421405 0.0192813
794 0.853387 0.430113 0.0204793
795 0.853387 0.43341 0.0205201
796 0.853387 0.426883 0.0238694
797 0.853387 0.418106 0.02018
798 0.853387 0.430463 0.0189635
799 0.853387 0.437759 0.0180086
800 0.853387 0.433865 0.0202922
801 0.853387 0.448844 0.0187767
802 0.853387 0.438251 0.0188137
803 0.853387 0.456806 0.0220977
804 0.853387 0.459489 0.017931
805 0.853387 0.461307 0.0208608
806 0.853387 0.466977 0.0226201
807 0.853387 0.436786 0.0211417
808 0.853387 0.445804 0.020451
809 0.853387 0.438603 0.0207186
810 0.853387 0.426521 0.0209918
811 0.853387 0.417097 0.0244774
812 0.853387 0.415155 0.0224511
813 0.853387 0.4363 0.0194414
814 0.853387 0.438994 0.0198429
815 0.853387 0.410583 0.0186476
816 0.853387 0.393712 0.019373
817 0.853387 0.401283 0.0220388
818 0.853387 0.408038 0.0236038
819 0.853387 0.41174 0.0229849
820 0.853387 0.427341 0.0244096
821 0.853387 0.420171 0.0247319
822 0.853387 0.409294 0.0245678
823 0.853387 0.392566 0.0213471
824 0.853387 0.401749 0.0227502
825 0.853387 0.395297 0.0187162
826 0.853387 0.397757 0.0195635
827 0.853387 0.392559 0.0203599
828 0.853387 0.406922 0.0205481
829 0.853387 0.402964 0.0213677
830 0.853387 0.385968 0.0186582
831 0.853387 0.381947 0.0198537
832 0.853387 0.386946 0.019292
833 0.853387 0.372618 0.0179234
834 0.853387 0.3699 0.0206327
835 0.853387 0.392194 0.0205604
836 0.853387 0.385405 0.0190976
837 0.853387 0.385609 0.0198469
838 0.853387 0.40481 0.0194741
839 0.853387 0.400677 0.0190859
840 0.853387 0.385897 0.0210924
841 0.853387 0.369782 0.0194738
842 0.853387 0.370366 0.0201023
843 0.853387 0.387812 0.0200267
844 0.853387 0.399737 0.0222026
845 0.853387 0.394204 0.0207687
846 0.853387 0.374385 0.0176707
847 0.853387 0.364552 0.0207529
848 0.85348 0.37975 0.0216569
849 0.85348 0.384814 0.0209362
850 0.85348 0.389291 0.0218832
851 0.85348 0.400143 0.0229847
852 0.85348 0.390606 0.0246156
853 0.85348 0.398742 0.022387
854 0.85348 0.383836 0.0202872
855 0.85348 0.394751 0.0191314
856 0.85348 0.393559 0.0191397
857 0.85348 0.386111 0.0207277
858 0.85348 0.369729 0.0179062
859 0.85348 0.392849 0.0187647
860 0.85348 0.375104 0.0163531
861 0.85348 0.402163 0.0233939
862 0.85348 0.395056 0.0258416
863 0.85348 0.395817 0.0236848
864 0.85348 0.38434 0.0204148
865 0.85348 0.386892 0.0215279
866 0.85348 0.398421 0.0214006
867 0.85348 0.406596 0.0261751
868 0.85348 0.394592 0.02604
869 0.85348 0.384882 0.0193089
870 0.85348 0.382884 0.0199496
871 0.85348 0.394202 0.0222773
872 0.85348 0.401858 0.0218194
873 0.85348 0.391518 0.0192931
874 0.85348 0.410255 0.0237522
875 0.854839 0.404997 0.0249397
876 0.854839 0.42129 0.0286709
877 0.854839 0.396686 0.0275373
878 0.854839 0.397893 0.0241826
879 0.854839 0.394279 0.0261495
880 0.854839 0.407262 0.0259832
881 0.854839 0.398401 0.0211347
882 0.854839 0.406845 0.025183
883 0.854839 0.409314 0.0242181
884 0.854839 0.416785 0.0229807
885 0.854839 0.389066 0.0210381
886 0.854839 0.40005 0.0233325
887 0.854839 0.384408 0.0218278
888 0.854839 0.401761 0.0259597
889 0.854839 0.386602 0.0214527
890 0.854839 0.397821 0.0197799
891 0.854839 0.393171 0.0192366
892 0.854839 0.387451 0.0211553
893 0.854839 0.393195 0.0243126
894 0.854839 0.403349 0.0232433
895 0.854839 0.387425 0.0204929
896 0.854839 0.390549 0.0217558
897 0.854839 0.412493 0.022933
898 0.854839 0.388321 0.0216484
899 0.854839 0.368301 0.0214598
900 0.854839 0.384031 0.0272276
901 0.854839 0.381394 0.0264369
902 0.854839 0.410145 0.021037
903 0.854839 0.426364 0.0187393
904 0.854839 0.411508 0.0216462
905 0.854839 0.391446 0.0249789
906 0.854839 0.411161 0.0215715
907 0.854839 0.410512 0.0208779
908 0.854839 0.412328 0.0184274
909 0.854839 0.428137 0.0236288
910 0.854839 0.406342 0.0227164
911 0.854839 0.401261 0.0224184
912 0.854839 0.434529 0.021333
913 0.854839 0.430646 0.0195689
914 0.854839 0.416465 0.0219324
915 0.854839 0.421852 0.0222349
916 0.854839 0.405211 0.0199534
917 0.854839 0.404548 0.0196793
918 0.854839 0.399933 0.0171768
919 0.854839 0.410149 0.017946
920 0.854839 0.414631 0.0233124
921 0.854839 0.405448 0.0191411
922 0.854839 0.412738 0.0208976
923 0.854839 0.406832 0.0200921
924 0.854839 0.403647 0.021851
925 0.854839 0.397698 0.0217363
926 0.854839 0.407174 0.0160214
927 0.854839 0.406989 0.021448
928 0.854839 0.412573 0.0169526
929 0.854839 0.403223 0.0189508
930 0.859233 0.398261 0.0221752
931 0.859233 0.419782 0.0211613
932 0.859233 0.438184 0.0184638
933 0.859233 0.439684 0.0199365
934 0.859233 0.42552 0.0244309
935 0.859233 0.428142 0.0221728
936 0.859233 0.419983 0.0200143
937 0.859233 0.408017 0.017624
938 0.859233 0.396968 0.0220694
939 0.859233 0.422926 0.0242063
940 0.859233 0.415674 0.0246396
941 0.859233 0.412557 0.0257699
942 0.859233 0.427504 0.0228812
943 0.859233 0.416927 0.0223196
944 0.859233 0.411382 0.0206671
945 0.859233 0.415864 0.0244023
946 0.859233 0.401395 0.0191376
947 0.859233 0.421993 0.0178642
948 0.859233 0.410869 0.021269
949 0.859233 0.401091 0.0224915
950 0.859233 0.415151 0.0178776
951 0.859233 0.441177 0.0197901
952 0.859233 0.429342 0.0249896
953 0.859233 0.431545 0.0207267
954 0.859233 0.443591 0.0194461
955 0.859233 0.428925 0.019501
956 0.859233 0.434401 0.0193549
957 0.859233 0.446552 0.0186156
958 0.859233 0.444213 0.0179412
959 0.859233 0.400134 0.024947
960 0.859233 0.389191 0.0216641
961 0.859233 0.395086 0.0203068
962 0.859233 0.402653 0.019898
963 0.859233 0.402413 0.0174623
964 0.859233 0.407079 0.0199842
965 0.859233 0.400011 0.0205057
966 0.859233 0.395303 0.0204935
967 0.859233 0.391827 0.0193085
968 0.859233 0.401073 0.018424
969 0.859233 0.406042 0.0166478
970 0.859233 0.416043 0.0175595
971 0.859233 0.419448 0.0182384
972 0.859233 0.416412 0.0163286
973 0.859233 0.404318 0.0222058
974 0.859233 0.402044 0.0200757
975 0.859233 0.411894 0.0218397
976 0.859233 0.403452 0.0236347
977 0.859233 0.411288 0.0232337
978 0.859233 0.425981 0.0242915
979 0.859233 0.419574 0.0252479
980 0.859233 0.442611 0.0287155
981 0.859233 0.415262 0.0243815
982 0.859233 0.406282 0.0248778
983 0.859233 0.432103 0.0217034
984 0.859233 0.417025 0.020765
985 0.859233 0.420101 0.0219762
986 0.859233 0.395372 0.0222615
987 0.859233 0.403623 0.021984
988 0.859233 0.399564 0.0213432
989 0.859233 0.420761 0.0203471
990 0.859233 0.410738 0.0249437
991 0.859233 0.421403 0.0197756
992 0.859233 0.429246 0.0240641
993 0.859233 0.425381 0.0238857
994 0.859233 0.421063 0.0202399
995 0.859233 0.408382 0.0209235
996 0.859233 0.412477 0.0229081
997 0.859233 0.402084 0.0225844
998 0.859233 0.405271 0.0272247
999 0.859233 0.406225 0.0252186
1000 0.859233 0.389632 0.0242536
