0 0.356175 0.254194 0.000848149
1 0.437504 0.262604 0.00141361
2 0.4709 0.264586 0.002322
3 0.4709 0.269559 0.00378184
4 0.4739 0.27829 0.00417438
5 0.485271 0.289224 0.00565234
6 0.485271 0.288439 0.00643124
7 0.485271 0.293486 0.00700792
8 0.528325 0.290041 0.00808131
9 0.610401 0.30012 0.00875402
10 0.610401 0.302447 0.00950859
11 0.610401 0.305967 0.0108828
12 0.610401 0.299915 0.0113397
13 0.631909 0.313753 0.0144177
14 0.653288 0.321088 0.0176697
15 0.653288 0.317308 0.016678
16 0.669152 0.335277 0.0203088
17 0.669152 0.320601 0.0196282
18 0.669506 0.326103 0.0206505
19 0.669506 0.32606 0.0231445
20 0.669506 0.331832 0.0239555
21 0.669506 0.339729 0.024619
22 0.690154 0.355974 0.0257325
23 0.690154 0.361553 0.028216
24 0.70242 0.361932 0.031066
25 0.728535 0.390321 0.0339591
26 0.739175 0.386522 0.0373433
27 0.739175 0.385578 0.0345209
28 0.739175 0.390707 0.0333348
29 0.757526 0.407959 0.0364834
30 0.760424 0.40819 0.0397749
31 0.760424 0.426099 0.0402612
32 0.760424 0.416007 0.0397058
33 0.762926 0.425799 0.0398455
34 0.762926 0.458158 0.0414024
35 0.768348 0.459633 0.0387698
36 0.768348 0.481861 0.0395521
37 0.768348 0.491849 0.0330028
38 0.768348 0.510091 0.0335966
39 0.771906 0.528416 0.0307472
40 0.773578 0.544148 0.0273849
41 0.773578 0.545663 0.0248685
42 0.773578 0.597169 0.0205001
43 0.773578 0.605487 0.0215426
44 0.773578 0.62466 0.0187964
45 0.773578 0.604838 0.0172755
46 0.777514 0.601565 0.0223245
47 0.778263 0.575362 0.0214274
48 0.782331 0.581201 0.0221532
49 0.782331 0.596525 0.0211445
50 0.796388 0.602185 0.0234495
51 0.796388 0.601559 0.0224629
52 0.796388 0.59051 0.0242883
53 0.796388 0.598319 0.0168178
54 0.796388 0.608409 0.0219573
55 0.804257 0.613706 0.0222649
56 0.804257 0.615006 0.0200569
57 0.804257 0.614622 0.0184098
58 0.804257 0.615249 0.0195309
59 0.804257 0.636918 0.0175273
60 0.804257 0.628864 0.0213056
61 0.804257 0.620466 0.0232176
62 0.804257 0.623009 0.0219613
63 0.804257 0.629731 0.0220516
64 0.812669 0.618496 0.026059
65 0.812669 0.628352 0.0243519
66 0.812669 0.65051 0.019832
67 0.812669 0.632678 0.0193428
68 0.812669 0.635951 0.0197115
69 0.812669 0.63897 0.0227604
70 0.812669 0.623259 0.0249982
71 0.812669 0.633081 0.0246778
72 0.812669 0.631237 0.020556
73 0.812669 0.672542 0.0132361
74 0.812669 0.691328 0.0112158
75 0.812669 0.689418 0.0121239
76 0.812669 0.681038 0.0139198
77 0.812669 0.668584 0.0183002
78 0.812669 0.671749 0.0164467
79 0.812669 0.656392 0.0202906
80 0.812669 0.657119 0.0157915
81 0.812669 0.657404 0.0206961
82 0.812669 0.670505 0.0155223
83 0.812669 0.677587 0.0138401
84 0.812669 0.662627 0.0169832
85 0.812669 0.67051 0.0150895
86 0.812669 0.663819 0.0176671
87 0.812669 0.678351 0.0165933
88 0.812669 0.653993 0.0193458
89 0.812669 0.643801 0.0201594
90 0.812669 0.650328 0.0198082
91 0.812669 0.677019 0.0159367
92 0.812669 0.665634 0.0167752
93 0.812669 0.664956 0.0179907
94 0.812669 0.653824 0.0188945
95 0.812669 0.656417 0.018852
96 0.812669 0.642118 0.0215929
97 0.812669 0.64767 0.0225041
98 0.812669 0.641545 0.0233856
99 0.812669 0.640912 0.0200906
100 0.812669 0.636502 0.0223139
101 0.812669 0.623445 0.0259464
102 0.812669 0.617745 0.0226069
103 0.812669 0.601983 0.0290965
104 0.812669 0.606231 0.0279252
105 0.812669 0.630563 0.0267128
106 0.812669 0.621273 0.0268386
107 0.812669 0.599284 0.0276349
108 0.817241 0.600486 0.0276381
109 0.817241 0.58022 0.0299498
110 0.817241 0.601661 0.0290554
111 0.817241 0.599574 0.0292173
112 0.817241 0.580022 0.0298699
113 0.817241 0.587097 0.0313177
114 0.817241 0.595623 0.0297104
115 0.817241 0.612652 0.0277817
116 0.817241 0.633931 0.0228801
117 0.817241 0.614055 0.0287561
118 0.817241 0.624825 0.0250077
119 0.817241 0.590561 0.028054
120 0.821447 0.608763 0.0292796
121 0.821447 0.620552 0.0259302
122 0.821447 0.62823 0.0239985
123 0.821447 0.603753 0.0298321
124 0.821447 0.612274 0.0331464
125 0.821833 0.61928 0.0308361
126 0.821833 0.647621 0.0285059
127 0.821833 0.614919 0.0345936
128 0.828593 0.612009 0.0344936
129 0.830955 0.59545 0.0328387
130 0.835559 0.604537 0.0325294
131 0.835559 0.592451 0.0362328
132 0.841919 0.605432 0.0378423
133 0.841919 0.617605 0.0375608
134 0.841919 0.625248 0.0333812
135 0.841919 0.663799 0.0268276
136 0.841919 0.657032 0.0302608
137 0.851685 0.655792 0.0246848
138 0.851685 0.658435 0.0244866
139 0.851685 0.662612 0.0255657
140 0.851685 0.669921 0.026318
141 0.851685 0.671493 0.0246308
142 0.851685 0.659703 0.0246721
143 0.851685 0.636949 0.0261863
144 0.851685 0.65295 0.0276658
145 0.851685 0.661729 0.0263689
146 0.855533 0.656767 0.0297383
147 0.855533 0.661168 0.0293376
148 0.855533 0.665465 0.0313899
149 0.855533 0.654539 0.0255643
150 0.855533 0.65344 0.0277117
151 0.855533 0.704177 0.0211637
152 0.855533 0.6888 0.0268385
153 0.855533 0.66854 0.0288744
154 0.855771 0.691928 0.0256787
155 0.855771 0.706631 0.0198606
156 0.855771 0.690028 0.0213105
157 0.859464 0.716519 0.0192501
158 0.859464 0.682333 0.0245638
159 0.859464 0.690053 0.0253926
160 0.862215 0.69328 0.0272068
161 0.862215 0.709144 0.0198876
162 0.862215 0.709298 0.0201021
163 0.862215 0.717447 0.018379
164 0.862215 0.724483 0.0170924
165 0.865838 0.723169 0.0154927
166 0.865838 0.710434 0.022484
167 0.865838 0.71059 0.0211134
168 0.865838 0.705718 0.02315
169 0.865838 0.70451 0.0194196
170 0.865838 0.696703 0.0208499
171 0.865838 0.700976 0.0262282
172 0.866967 0.698517 0.0241798
173 0.866967 0.706899 0.01705
174 0.868401 0.710343 0.0189367
175 0.868401 0.680854 0.0230877
176 0.868401 0.695321 0.0227392
177 0.868401 0.677561 0.0233046
178 0.868401 0.69621 0.0210729
179 0.868401 0.693252 0.0216059
180 0.868401 0.672595 0.0276004
181 0.868401 0.664089 0.0308608
182 0.875598 0.661362 0.0270706
183 0.875598 0.686482 0.0199748
184 0.875598 0.704987 0.0193826
185 0.875598 0.716178 0.0176843
186 0.875598 0.708103 0.0180368
187 0.875598 0.672409 0.0260084
188 0.875598 0.676145 0.0228293
189 0.875598 0.692035 0.0215837
190 0.875598 0.690407 0.0232348
191 0.875598 0.682 0.0252353
192 0.875598 0.668132 0.0282678
193 0.875598 0.679256 0.0302523
194 0.875598 0.690555 0.0209875
195 0.875598 0.698404 0.0234893
196 0.875598 0.691209 0.0265165
197 0.875598 0.675812 0.0307591
198 0.875598 0.685877 0.0233789
199 0.875598 0.682086 0.0232071
200 0.875598 0.691935 0.0234834
201 0.875598 0.692675 0.0251907
202 0.875598 0.705753 0.0214846
203 0.875598 0.706994 0.0235895
204 0.875598 0.708547 0.0208563
205 0.875598 0.702199 0.0219429
206 0.875598 0.700289 0.020059
207 0.875598 0.698454 0.0195431
208 0.875598 0.713895 0.0156125
209 0.875598 0.696484 0.0205562
210 0.875598 0.721416 0.0159647
211 0.875598 0.704877 0.0192966
212 0.875598 0.706599 0.0204622
213 0.875598 0.690487 0.0244144
214 0.875598 0.696216 0.0231555
215 0.875598 0.686999 0.0270129
216 0.875598 0.674786 0.0290597
217 0.875598 0.688089 0.0285095
218 0.875598 0.673146 0.0311287
219 0.875598 0.691284 0.0216684
220 0.875598 0.703501 0.0198912
221 0.875598 0.709486 0.0224219
222 0.876316 0.699998 0.0255583
223 0.876316 0.68333 0.0242384
224 0.879451 0.699864 0.0235913
225 0.879451 0.66621 0.0300142
226 0.879451 0.679448 0.0306641
227 0.879451 0.685904 0.0297855
228 0.879451 0.686141 0.0262446
229 0.879451 0.676874 0.0295809
230 0.879451 0.702186 0.024034
231 0.879451 0.678464 0.0228087
232 0.879451 0.68988 0.0249846
233 0.879451 0.674378 0.0297251
234 0.879451 0.66273 0.033043
235 0.879451 0.692748 0.0297489
236 0.879451 0.701542 0.0250672
237 0.879451 0.69913 0.0225157
238 0.879451 0.692177 0.0242574
239 0.879451 0.702174 0.0224856
240 0.879451 0.681436 0.0269844
241 0.879451 0.69976 0.0247292
242 0.879451 0.703636 0.0183584
243 0.879451 0.704507 0.0204988
244 0.879451 0.724802 0.0164863
245 0.879451 0.698967 0.0204032
246 0.879451 0.704067 0.0203591
247 0.879451 0.697936 0.0223974
248 0.879451 0.675952 0.025554
249 0.879451 0.684607 0.0232522
250 0.879451 0.712791 0.0170986
251 0.879451 0.703821 0.023558
252 0.879451 0.702123 0.0227396
253 0.879451 0.71207 0.0203276
254 0.879451 0.697435 0.0195121
255 0.879451 0.70063 0.02244
256 0.879451 0.707317 0.0233234
257 0.879451 0.706468 0.0230023
258 0.879451 0.689429 0.022819
259 0.879451 0.700888 0.0208505
260 0.879451 0.709039 0.0178874
261 0.879451 0.706955 0.0195697
262 0.879451 0.725625 0.0179524
263 0.879451 0.709931 0.021563
264 0.879451 0.716019 0.0225681
265 0.879451 0.726596 0.0182956
266 0.879451 0.720202 0.018292
267 0.879451 0.715 0.0171244
268 0.879451 0.711125 0.0217988
269 0.879451 0.694414 0.0251447
270 0.879451 0.719647 0.0197696
271 0.879451 0.707349 0.0240862
272 0.879451 0.698745 0.0290328
273 0.879451 0.700227 0.0264001
274 0.879451 0.725318 0.0213397
275 0.879451 0.717122 0.0215513
276 0.879451 0.712318 0.0228367
277 0.879451 0.723287 0.0215487
278 0.879451 0.729406 0.0176105
279 0.879451 0.723797 0.0186156
280 0.879451 0.732105 0.0229385
281 0.879451 0.725893 0.021404
282 0.879451 0.718716 0.0218948
283 0.879451 0.712664 0.0234156
284 0.879451 0.724746 0.0199792
285 0.879451 0.729975 0.0187628
286 0.879451 0.73117 0.0208078
287 0.879451 0.714464 0.0277559
288 0.879451 0.721567 0.0226424
289 0.879451 0.751745 0.0128814
290 0.879451 0.754265 0.0164875
291 0.880659 0.749194 0.0139308
292 0.882196 0.742775 0.0168791
293 0.882196 0.723164 0.017824
294 0.882196 0.721756 0.0210051
295 0.882196 0.705983 0.0225353
296 0.882196 0.73518 0.0202523
297 0.882196 0.726374 0.0164512
298 0.882196 0.720718 0.0192357
299 0.882196 0.740142 0.0184362
300 0.882196 0.731828 0.0174132
301 0.882196 0.736216 0.0153034
302 0.882196 0.730475 0.0175293
303 0.882196 0.745891 0.0169075
304 0.882196 0.731592 0.0193169
305 0.882196 0.726495 0.0236223
306 0.882196 0.728022 0.0219713
307 0.882196 0.705778 0.0268331
308 0.882196 0.712691 0.025551
309 0.882196 0.737883 0.0160811
310 0.882196 0.71488 0.0216865
311 0.882196 0.731874 0.0199539
312 0.882196 0.718766 0.0199433
313 0.882196 0.717521 0.0179291
314 0.882196 0.704914 0.0194031
315 0.882196 0.703311 0.0190104
316 0.882196 0.707583 0.0193979
317 0.882196 0.706781 0.0208055
318 0.882196 0.708341 0.0273131
319 0.882196 0.708129 0.0254789
320 0.882196 0.697414 0.0241815
321 0.882196 0.712982 0.0214863
322 0.882196 0.704684 0.023324
323 0.882196 0.716108 0.0218503
324 0.882196 0.715534 0.0194414
325 0.882196 0.72916 0.0203832
326 0.882196 0.734471 0.0202009
327 0.882196 0.706956 0.025511
328 0.882196 0.709507 0.0265771
329 0.882196 0.729023 0.0209611
330 0.882196 0.712646 0.0240788
331 0.882196 0.693144 0.0255154
332 0.882196 0.693378 0.0289823
333 0.882196 0.699948 0.0271077
334 0.882196 0.715728 0.0185713
335 0.882196 0.710021 0.01887
336 0.882196 0.70291 0.0199628
337 0.882196 0.719072 0.0225711
338 0.882196 0.73886 0.0209724
339 0.882196 0.697605 0.020659
340 0.882196 0.704988 0.0182837
341 0.882196 0.70685 0.0209634
342 0.882196 0.688663 0.0221051
343 0.882196 0.696326 0.0239349
344 0.882196 0.697335 0.0261344
345 0.882196 0.673085 0.0276733
346 0.882196 0.676033 0.0257771
347 0.882196 0.690616 0.0262227
348 0.882196 0.692631 0.0272827
349 0.882196 0.691924 0.0269289
350 0.882196 0.698847 0.0234602
351 0.882196 0.693471 0.0252362
352 0.882196 0.691922 0.0246425
353 0.882196 0.703133 0.0232901
354 0.882196 0.702887 0.022233
355 0.882196 0.714315 0.0177688
356 0.882196 0.721017 0.0172232
357 0.882196 0.731753 0.0160866
358 0.882196 0.720932 0.014263
359 0.882196 0.719962 0.0193405
360 0.882196 0.713962 0.02226
361 0.882196 0.711365 0.0250384
362 0.882196 0.723987 0.0231696
363 0.882196 0.730575 0.0228771
364 0.882196 0.708076 0.0217304
365 0.882196 0.705787 0.0240972
366 0.882196 0.721985 0.0176405
367 0.882196 0.730757 0.0174744
368 0.882196 0.729342 0.0157062
369 0.882196 0.720841 0.0197688
370 0.882196 0.721106 0.0170588
371 0.882196 0.717349 0.0201041
372 0.882196 0.712505 0.0224575
373 0.883472 0.71201 0.0200195
374 0.883472 0.728361 0.0186562
375 0.883472 0.723102 0.0159602
376 0.883472 0.722041 0.0176862
377 0.883472 0.749265 0.0140106
378 0.883472 0.743996 0.0125211
379 0.883472 0.725974 0.0187473
380 0.883472 0.72434 0.0175594
381 0.883472 0.730193 0.0178917
382 0.883472 0.703689 0.0259869
383 0.883472 0.702398 0.0271866
384 0.883472 0.703524 0.02267
385 0.883472 0.715759 0.0225788
386 0.883472 0.710539 0.0223673
387 0.883472 0.705133 0.0207071
388 0.883472 0.699781 0.0214298
389 0.883472 0.700442 0.021434
390 0.883472 0.695019 0.0296861
391 0.883472 0.699159 0.0233203
392 0.883472 0.713041 0.0231746
393 0.883472 0.736265 0.0192077
394 0.883472 0.705315 0.0268578
395 0.883472 0.727821 0.0245533
396 0.883472 0.741648 0.0221117
397 0.883472 0.723903 0.0240597
398 0.883472 0.724538 0.0245073
399 0.883472 0.728371 0.0215265
400 0.883472 0.712325 0.0252869
401 0.883472 0.716423 0.022859
402 0.883472 0.710128 0.0225058
403 0.883472 0.741948 0.0189053
404 0.883472 0.741468 0.0163121
405 0.883472 0.734501 0.0188618
406 0.883472 0.755026 0.0161898
407 0.883472 0.757787 0.0141884
408 0.883472 0.748663 0.0168776
409 0.883472 0.75082 0.0148559
410 0.883472 0.741542 0.0196975
411 0.883472 0.740908 0.0169472
412 0.883472 0.753852 0.016042
413 0.883472 0.762616 0.0135374
414 0.883472 0.769587 0.0116841
415 0.883472 0.76201 0.0148893
416 0.883472 0.765233 0.0136762
417 0.883472 0.757263 0.0158314
418 0.883472 0.739271 0.0159612
419 0.883472 0.746592 0.0179954
420 0.883472 0.75525 0.0178382
421 0.883472 0.756188 0.0126704
422 0.883472 0.765304 0.0126051
423 0.883472 0.753769 0.0158905
424 0.883472 0.774004 0.0153427
425 0.883472 0.780028 0.0120046
426 0.883472 0.770464 0.0138357
427 0.883472 0.765034 0.0150246
428 0.883472 0.7485 0.0167664
429 0.883472 0.7497 0.013301
430 0.883472 0.720922 0.0202919
431 0.883472 0.725655 0.0252803
432 0.883472 0.729713 0.0232708
433 0.883472 0.702808 0.0292852
434 0.883472 0.691134 0.0319252
435 0.883472 0.699661 0.0325921
436 0.883472 0.712666 0.0259397
437 0.883472 0.734782 0.017827
438 0.883472 0.730826 0.0191318
439 0.883472 0.721658 0.0221089
440 0.883472 0.731986 0.0193685
441 0.883472 0.736799 0.0182497
442 0.883472 0.73713 0.0190118
443 0.883472 0.729746 0.0209677
444 0.883472 0.734591 0.017081
445 0.883472 0.75152 0.0149576
446 0.883472 0.748031 0.0133576
447 0.883472 0.73285 0.0179453
448 0.883472 0.718472 0.0198764
449 0.883472 0.732209 0.0198217
450 0.883472 0.72887 0.0219858
451 0.883472 0.730605 0.0142009
452 0.883472 0.729497 0.0149813
453 0.883472 0.735379 0.0149281
454 0.883472 0.7283 0.018553
455 0.883472 0.754274 0.0133344
456 0.883472 0.734383 0.0174567
457 0.883472 0.759523 0.00975207
458 0.883472 0.752563 0.0135756
459 0.883472 0.750383 0.0142717
460 0.883472 0.743404 0.0155286
461 0.883472 0.749624 0.0180001
462 0.883472 0.750011 0.0151369
463 0.883472 0.759005 0.0139962
464 0.883472 0.756294 0.0144576
465 0.883472 0.735896 0.0187878
466 0.883472 0.750513 0.0168759
467 0.883472 0.743736 0.0163234
468 0.883472 0.75277 0.0130392
469 0.883472 0.740849 0.0155369
470 0.883472 0.755273 0.0137724
471 0.883472 0.744018 0.0160952
472 0.883472 0.757155 0.0141657
473 0.883472 0.756769 0.0128351
474 0.883472 0.765666 0.00957026
475 0.883472 0.758874 0.0118931
476 0.883472 0.764141 0.00979651
477 0.883472 0.753065 0.0138638
478 0.883472 0.728021 0.022519
479 0.883472 0.729902 0.0228745
480 0.883472 0.714864 0.0223572
481 0.883472 0.708113 0.0252774
482 0.883472 0.692442 0.0265431
483 0.883472 0.709359 0.0241819
484 0.883472 0.721029 0.0182725
485 0.883472 0.720716 0.0183724
486 0.883472 0.71941 0.0184644
487 0.883472 0.70949 0.0198197
488 0.883472 0.707919 0.0232311
489 0.883472 0.716282 0.02537
490 0.883472 0.695494 0.024403
491 0.883472 0.687185 0.0262074
492 0.883472 0.717539 0.0199109
493 0.883472 0.710087 0.0250845
494 0.883472 0.712399 0.0203942
495 0.883472 0.699366 0.0225287
496 0.883472 0.708878 0.0200016
497 0.883472 0.715547 0.0199748
498 0.883472 0.717356 0.0205152
499 0.883472 0.708781 0.0218922
500 0.883472 0.720836 0.023648
501 0.883472 0.699738 0.0305606
502 0.883472 0.734387 0.0215036
503 0.883472 0.730448 0.0197879
504 0.883472 0.720293 0.0239538
505 0.883472 0.706625 0.0261965
506 0.883472 0.717503 0.0231345
507 0.883472 0.710857 0.0243714
508 0.883472 0.718329 0.0229519
509 0.883472 0.727354 0.021963
510 0.883472 0.765309 0.011532
511 0.883472 0.759992 0.012598
512 0.883472 0.744999 0.0177058
513 0.883472 0.740797 0.0186773
514 0.883472 0.7491 0.0153084
515 0.883472 0.740989 0.0203146
516 0.883472 0.747148 0.0222051
517 0.883472 0.745164 0.0226839
518 0.883472 0.741285 0.025308
519 0.883472 0.738615 0.0206362
520 0.883472 0.734142 0.0199935
521 0.883472 0.724149 0.0227798
522 0.883472 0.719039 0.0249395
523 0.883472 0.706656 0.0259152
524 0.883472 0.725878 0.0213406
525 0.883472 0.720401 0.0186182
526 0.883472 0.734108 0.0176262
527 0.883472 0.73815 0.0185767
528 0.883472 0.741302 0.0196122
529 0.883472 0.73808 0.0195525
530 0.883472 0.718776 0.023479
531 0.883472 0.706126 0.0283199
532 0.883472 0.714708 0.0252532
533 0.883472 0.72344 0.023571
534 0.883472 0.726893 0.0218357
535 0.883472 0.738976 0.0198589
536 0.883472 0.730662 0.0249634
537 0.883472 0.770619 0.0124473
538 0.88348 0.76039 0.0155487
539 0.88348 0.765904 0.0149503
540 0.88348 0.77978 0.010045
541 0.88348 0.759813 0.0131587
542 0.88348 0.760624 0.0133904
543 0.88348 0.750129 0.014209
544 0.88348 0.745455 0.014932
545 0.88348 0.739796 0.0167664
546 0.88348 0.746146 0.0176966
547 0.88348 0.728665 0.0200794
548 0.88348 0.727389 0.018542
549 0.88348 0.71818 0.020601
550 0.88348 0.749663 0.0192042
551 0.88348 0.746869 0.0192394
552 0.88348 0.736882 0.0208109
553 0.88348 0.727243 0.0254426
554 0.88348 0.741503 0.0196983
555 0.88348 0.746389 0.0141251
556 0.88348 0.747969 0.0200571
557 0.88348 0.778399 0.0148091
558 0.88348 0.788437 0.00798843
559 0.88348 0.787044 0.00791236
560 0.88348 0.764189 0.0115557
561 0.88348 0.750496 0.0136684
562 0.88348 0.760518 0.0128167
563 0.88348 0.740131 0.0181843
564 0.88348 0.753021 0.0176492
565 0.88348 0.742691 0.0170411
566 0.88348 0.741517 0.017149
567 0.88348 0.722492 0.0214933
568 0.88348 0.727709 0.0239189
569 0.88348 0.743536 0.0178278
570 0.88348 0.753162 0.0168951
571 0.88348 0.749115 0.017705
572 0.88348 0.767035 0.0126551
573 0.88348 0.746821 0.013827
574 0.88348 0.754138 0.0145006
575 0.88348 0.762487 0.0134226
576 0.88348 0.75032 0.01821
577 0.88348 0.763098 0.0129347
578 0.88348 0.754945 0.0167192
579 0.88348 0.732191 0.0180964
580 0.88348 0.76765 0.0107267
581 0.88348 0.769044 0.0114018
582 0.88348 0.757307 0.0123579
583 0.88348 0.735777 0.0129909
584 0.88348 0.748898 0.0129518
585 0.88348 0.735144 0.0122764
586 0.88348 0.738583 0.01666
587 0.88348 0.724421 0.0221753
588 0.88348 0.736443 0.0176611
589 0.88348 0.755049 0.0150226
590 0.88348 0.76786 0.0127737
591 0.88348 0.762077 0.0143198
592 0.88348 0.741057 0.0182577
593 0.88348 0.743525 0.0180062
594 0.88348 0.742489 0.0226867
595 0.88348 0.744106 0.0189736
596 0.88348 0.730442 0.0223586
597 0.88348 0.725105 0.022412
598 0.884735 0.723858 0.0243868
599 0.884735 0.71891 0.0243827
600 0.884735 0.731818 0.0223261
601 0.884735 0.728855 0.0191314
602 0.884735 0.724798 0.0185812
603 0.884735 0.734435 0.0181453
604 0.884735 0.699831 0.029432
605 0.884735 0.724503 0.0221523
606 0.884735 0.738811 0.0217469
607 0.884735 0.74196 0.0172758
608 0.884735 0.733117 0.0156399
609 0.884735 0.724934 0.017052
610 0.884735 0.751811 0.0179602
611 0.884735 0.729916 0.0234651
612 0.884735 0.754637 0.0157895
613 0.884735 0.738957 0.0193282
614 0.884735 0.733308 0.0173433
615 0.884735 0.741185 0.0208181
616 0.884735 0.752062 0.0179508
617 0.884735 0.738277 0.0182578
618 0.884735 0.737052 0.0198937
619 0.884735 0.758803 0.0136029
620 0.884735 0.747716 0.0151763
621 0.884735 0.752528 0.0126167
622 0.884735 0.768093 0.0142128
623 0.884735 0.754536 0.0188729
624 0.884735 0.73728 0.0189351
625 0.884735 0.730813 0.0216234
626 0.884735 0.726337 0.02477
627 0.884735 0.713824 0.0243446
628 0.884735 0.735562 0.0213621
629 0.884735 0.742059 0.017576
630 0.884735 0.740698 0.0163383
631 0.884735 0.755111 0.0118808
632 0.884735 0.738713 0.0158563
633 0.884735 0.73287 0.0177157
634 0.884735 0.727967 0.0192839
635 0.884735 0.718825 0.0178735
636 0.884735 0.72257 0.0200613
637 0.884735 0.736452 0.0205513
638 0.884735 0.7486 0.019953
639 0.884735 0.76095 0.0134962
640 0.884735 0.754095 0.0120114
641 0.884735 0.754378 0.0131909
642 0.884735 0.756393 0.0141164
643 0.884735 0.774347 0.0124184
644 0.884735 0.750139 0.0131178
645 0.884735 0.752895 0.0159869
646 0.884735 0.767174 0.0129287
647 0.884735 0.767904 0.011981
648 0.884735 0.739593 0.0179257
649 0.884735 0.756225 0.0110874
650 0.884735 0.756313 0.0136966
651 0.884735 0.765792 0.0129096
652 0.884735 0.753841 0.0127929
653 0.884735 0.758131 0.0137985
654 0.884735 0.754931 0.014811
655 0.884735 0.751977 0.0187659
656 0.884735 0.74426 0.019749
657 0.884735 0.751699 0.0158125
658 0.884735 0.75774 0.0138125
659 0.884735 0.740322 0.0155697
660 0.884735 0.759404 0.0124434
661 0.884735 0.767695 0.0102295
662 0.884735 0.754291 0.0103537
663 0.884735 0.775472 0.0099532
664 0.884735 0.768945 0.011897
665 0.884735 0.76286 0.0139073
666 0.884735 0.745471 0.0167218
667 0.884735 0.738975 0.0173764
668 0.884735 0.744626 0.0155334
669 0.884735 0.723986 0.0246113
670 0.884735 0.733293 0.0191337
671 0.884792 0.753524 0.0163814
672 0.884792 0.744889 0.0152571
673 0.884792 0.739969 0.0151167
674 0.884792 0.747138 0.0153418
675 0.884792 0.750765 0.0143797
676 0.884792 0.748474 0.01653
677 0.884792 0.751708 0.0170906
678 0.884792 0.771695 0.0131022
679 0.884792 0.767235 0.0160329
680 0.884792 0.746765 0.0142747
681 0.884792 0.747631 0.0152163
682 0.884792 0.739791 0.0116889
683 0.884792 0.756204 0.0121214
684 0.884792 0.755976 0.0136815
685 0.884792 0.746627 0.0186136
686 0.884792 0.740444 0.017892
687 0.884792 0.7519 0.0140981
688 0.884792 0.744518 0.0153989
689 0.884792 0.74658 0.0150088
690 0.884792 0.748645 0.0161892
691 0.884792 0.720132 0.0221561
692 0.884792 0.741457 0.0140464
693 0.884792 0.747265 0.0145703
694 0.884792 0.735957 0.0170031
695 0.884792 0.718899 0.0205434
696 0.884792 0.71229 0.0204462
697 0.884792 0.722899 0.022433
698 0.884792 0.719826 0.0196804
699 0.884792 0.741868 0.0165159
700 0.884792 0.724301 0.0208976
701 0.884792 0.735121 0.0162174
702 0.884792 0.734402 0.0159799
703 0.884792 0.734864 0.0157478
704 0.884792 0.744989 0.0181789
705 0.884792 0.755345 0.0151587
706 0.884792 0.741456 0.0179728
707 0.884792 0.743424 0.0191051
708 0.884792 0.731905 0.0219494
709 0.884792 0.719733 0.0207083
710 0.884792 0.743627 0.0203555
711 0.884792 0.754897 0.0200484
712 0.884792 0.751176 0.0137385
713 0.884792 0.746446 0.0165107
714 0.884792 0.744657 0.0145531
715 0.884792 0.737246 0.0151282
716 0.884792 0.731398 0.0169855
717 0.884792 0.746183 0.0190126
718 0.884792 0.735539 0.0189864
719 0.884792 0.737569 0.0166626
720 0.884792 0.734724 0.0144106
721 0.884792 0.740524 0.0137322
722 0.884792 0.748043 0.0124646
723 0.884792 0.750152 0.0139427
724 0.884792 0.731603 0.0161662
725 0.884792 0.731414 0.0143889
726 0.884792 0.716064 0.0203107
727 0.884792 0.721946 0.0211203
728 0.884792 0.713287 0.0242785
729 0.884792 0.709471 0.020713
730 0.884792 0.743515 0.0176438
731 0.884792 0.747301 0.0153389
732 0.884792 0.740078 0.0158605
733 0.884792 0.728143 0.0147862
734 0.884792 0.734853 0.0191566
735 0.884792 0.71764 0.0231692
736 0.884792 0.693643 0.025507
737 0.884792 0.727819 0.0211374
738 0.884792 0.714018 0.0217522
739 0.884792 0.729071 0.0196974
740 0.884792 0.73535 0.0185183
741 0.884792 0.713227 0.0222693
742 0.884792 0.721469 0.021269
743 0.884792 0.734548 0.0205676
744 0.884792 0.732767 0.0209305
745 0.884792 0.739404 0.0179828
746 0.884797 0.728888 0.0214006
747 0.884797 0.735488 0.0158761
748 0.884797 0.754446 0.0147589
749 0.884797 0.747572 0.0148572
750 0.884797 0.738605 0.0154228
751 0.884797 0.719344 0.01787
752 0.884797 0.741103 0.0154247
753 0.884797 0.732462 0.0177836
754 0.884797 0.726974 0.016889
755 0.884797 0.732943 0.0147952
756 0.884797 0.747853 0.0150926
757 0.884797 0.743803 0.0155548
758 0.884797 0.760381 0.0142414
759 0.884797 0.741456 0.0155061
760 0.884797 0.748488 0.015884
761 0.884797 0.742279 0.0156885
762 0.884797 0.75186 0.0157263
763 0.884797 0.746019 0.0163091
764 0.884797 0.748148 0.0134214
765 0.884797 0.7395 0.0193825
766 0.884797 0.738046 0.017797
767 0.884797 0.743594 0.0207704
768 0.884797 0.746312 0.0175365
769 0.884797 0.739853 0.0180853
770 0.884797 0.729561 0.0197802
771 0.884845 0.722874 0.020009
772 0.884845 0.702177 0.0248798
773 0.884845 0.701515 0.0290024
774 0.884845 0.711258 0.0309343
775 0.884845 0.725746 0.0277523
776 0.884845 0.73086 0.0232265
777 0.884845 0.736651 0.0189698
778 0.884845 0.749689 0.016431
779 0.884845 0.734375 0.0198284
780 0.884845 0.743069 0.0187002
781 0.884845 0.735037 0.0225476
782 0.884845 0.730902 0.0201047
783 0.884845 0.733952 0.0212529
784 0.884845 0.718448 0.019962
785 0.884845 0.705645 0.0226369
786 0.884845 0.683109 0.0293574
787 0.884845 0.704888 0.0273203
788 0.884845 0.701799 0.02294
789 0.884845 0.710559 0.0228386
790 0.884845 0.716017 0.0207627
791 0.884845 0.724955 0.0212938
792 0.884845 0.71206 0.0223386
793 0.884845 0.726017 0.0229537
794 0.884845 0.728982 0.0241179
795 0.884845 0.744871 0.0196509
796 0.884845 0.723289 0.023154
797 0.884845 0.731699 0.0207158
798 0.884845 0.746888 0.0148676
799 0.884845 0.739282 0.0173733
800 0.884845 0.739676 0.0196083
801 0.884845 0.722523 0.0206096
802 0.884845 0.717509 0.0226728
803 0.884845 0.724368 0.0184819
804 0.884845 0.744758 0.0132858
805 0.884845 0.739429 0.0155036
806 0.884845 0.745652 0.0170656
807 0.884845 0.744795 0.0149405
808 0.884845 0.726538 0.0207274
809 0.884845 0.748741 0.0145941
810 0.884845 0.745601 0.016722
811 0.884845 0.746925 0.017062
812 0.884845 0.741172 0.0168118
813 0.884845 0.738293 0.0197385
814 0.884845 0.740723 0.0172667
815 0.884845 0.758479 0.0144163
816 0.884845 0.771125 0.0108562
817 0.884845 0.763694 0.0140931
818 0.884845 0.751422 0.013671
819 0.884845 0.765395 0.0121792
820 0.884845 0.754328 0.0189189
821 0.884845 0.746394 0.0159958
822 0.884845 0.761822 0.0129741
823 0.884845 0.742171 0.0155518
824 0.884845 0.757022 0.0157519
825 0.884845 0.766748 0.0107084
826 0.884845 0.748045 0.0148105
827 0.884845 0.753325 0.0137125
828 0.884845 0.753752 0.0134934
829 0.884845 0.752425 0.0140912
830 0.884845 0.740981 0.0148564
831 0.884845 0.747013 0.0110794
832 0.884845 0.742061 0.0166452
833 0.884845 0.744383 0.0179059
834 0.884845 0.752552 0.0175346
835 0.884845 0.739058 0.0174346
836 0.884845 0.716398 0.0253644
837 0.884845 0.72021 0.0201359
838 0.884845 0.740186 0.0165576
839 0.884845 0.730088 0.0184956
840 0.884845 0.733459 0.0196066
841 0.884845 0.73018 0.0194487
842 0.884845 0.74526 0.0168462
843 0.884861 0.728958 0.0228407
844 0.884861 0.72712 0.017568
845 0.884861 0.723307 0.0247633
846 0.884861 0.712672 0.0215727
847 0.884861 0.729179 0.0193851
848 0.884861 0.740339 0.0146939
849 0.884861 0.738901 0.0152339
850 0.884861 0.740889 0.0162676
851 0.884861 0.715085 0.0233423
852 0.884861 0.723647 0.0216887
853 0.884861 0.722824 0.0228134
854 0.884861 0.719807 0.0239855
855 0.884861 0.727482 0.0221111
856 0.884861 0.731051 0.020716
857 0.884861 0.747822 0.0160689
858 0.884861 0.73577 0.0196307
859 0.884861 0.737085 0.0171606
860 0.884861 0.740086 0.0154696
861 0.884861 0.735603 0.0170037
862 0.884861 0.744108 0.014638
863 0.884861 0.741503 0.013973
864 0.884861 0.750831 0.0133327
865 0.884861 0.73231 0.0179144
866 0.884861 0.734783 0.0186645
867 0.884861 0.746335 0.0157974
868 0.884861 0.757251 0.0118433
869 0.884861 0.760152 0.0107923
870 0.884861 0.768253 0.0100303
871 0.884861 0.761221 0.0141284
872 0.884861 0.748054 0.0160454
873 0.884861 0.735958 0.0178277
874 0.884861 0.732757 0.0169898
875 0.884861 0.723927 0.0165365
876 0.884861 0.742924 0.0179577
877 0.884861 0.742296 0.0189323
878 0.884861 0.736254 0.0218822
879 0.884861 0.728602 0.0223176
880 0.884861 0.754852 0.0140205
881 0.884861 0.742048 0.0186336
882 0.884861 0.751321 0.0132412
883 0.884861 0.763914 0.0109877
884 0.884861 0.760478 0.0112148
885 0.884861 0.755185 0.0125727
886 0.884861 0.735341 0.0188422
887 0.884861 0.70884 0.0246674
888 0.884861 0.732844 0.0194267
889 0.884861 0.759134 0.0173575
890 0.884861 0.759797 0.0144997
891 0.884861 0.761594 0.0140855
892 0.884861 0.753391 0.0162076
893 0.884861 0.761219 0.011953
894 0.884861 0.78024 0.010489
895 0.884861 0.765808 0.0131588
896 0.884861 0.747406 0.0141767
897 0.884861 0.754314 0.0132653
898 0.884861 0.750233 0.0137459
899 0.884861 0.759322 0.0101573
900 0.884861 0.743186 0.0131571
901 0.884861 0.749643 0.0151512
902 0.884861 0.76246 0.0145347
903 0.884861 0.747107 0.0180045
904 0.884861 0.747925 0.014961
905 0.884861 0.76479 0.00943945
906 0.884861 0.754952 0.0105715
907 0.884861 0.754521 0.0123737
908 0.884861 0.746678 0.0146486
909 0.884861 0.738462 0.0181967
910 0.884861 0.742222 0.0145429
911 0.884861 0.749579 0.0133277
912 0.884861 0.76355 0.0145643
913 0.884861 0.749969 0.0136852
914 0.884861 0.745275 0.0158136
915 0.884861 0.738367 0.0177599
916 0.884861 0.737742 0.0178355
917 0.884861 0.729733 0.0188052
918 0.884861 0.727059 0.0221668
919 0.884861 0.725651 0.0222612
920 0.884861 0.737939 0.0182739
921 0.884861 0.746219 0.0176259
922 0.884861 0.730847 0.016888
923 0.884861 0.740499 0.0154498
924 0.884861 0.754624 0.0127149
925 0.884861 0.753088 0.0167792
926 0.884861 0.756417 0.0142679
927 0.884861 0.761271 0.0149709
928 0.884861 0.757512 0.0150427
929 0.884861 0.759445 0.0126934
930 0.884861 0.738455 0.0144147
931 0.884861 0.757601 0.0124945
932 0.884861 0.762069 0.0170052
933 0.884861 0.747307 0.0151991
934 0.884861 0.753865 0.0141334
935 0.884861 0.763772 0.0115448
936 0.884861 0.758392 0.0138674
937 0.884861 0.764249 0.0154865
938 0.884861 0.756624 0.0170232
939 0.884861 0.742986 0.0162544
940 0.884861 0.752498 0.0170206
941 0.884861 0.748591 0.0207609
942 0.884861 0.739536 0.0202123
943 0.884861 0.738594 0.0200871
944 0.884861 0.733906 0.0194073
945 0.884861 0.74101 0.0197072
946 0.884861 0.73483 0.0177061
947 0.884861 0.747978 0.0191852
948 0.884861 0.746256 0.014986
949 0.884861 0.726123 0.0229254
950 0.884861 0.740763 0.0159144
951 0.884861 0.749131 0.0132538
952 0.884861 0.746254 0.016764
953 0.884861 0.743109 0.0205194
954 0.884861 0.749002 0.0142028
955 0.884861 0.748876 0.0172273
956 0.884861 0.737525 0.0186867
957 0.884861 0.749256 0.0147848
958 0.884861 0.755944 0.0155288
959 0.884861 0.735947 0.0208628
960 0.884861 0.734333 0.0176319
961 0.884861 0.72668 0.0188212
962 0.884861 0.721494 0.0210703
963 0.884861 0.730087 0.020888
964 0.884861 0.74198 0.018348
965 0.884861 0.750898 0.0194589
966 0.884861 0.765742 0.0128206
967 0.884861 0.752815 0.0139427
968 0.884861 0.738847 0.0192296
969 0.884861 0.744734 0.0167317
970 0.884861 0.736877 0.0177629
971 0.884861 0.749153 0.0162113
972 0.884861 0.749806 0.0157164
973 0.884861 0.719165 0.0221704
974 0.884861 0.719518 0.0195247
975 0.884861 0.734617 0.0198629
976 0.884861 0.733721 0.0179942
977 0.884861 0.739279 0.0212871
978 0.884861 0.753148 0.0164679
979 0.884861 0.737635 0.0174575
980 0.884861 0.749932 0.0154788
981 0.884861 0.739245 0.014819
982 0.884861 0.772716 0.0102795
983 0.884861 0.754879 0.0148634
984 0.884861 0.760318 0.0112511
985 0.884861 0.765345 0.0129102
986 0.884861 0.760944 0.0116467
987 0.884861 0.746393 0.0175916
988 0.884861 0.75533 0.0157085
989 0.884861 0.777398 0.00900501
990 0.884861 0.755253 0.0136176
991 0.884861 0.745735 0.0131694
992 0.884861 0.736812 0.0193307
993 0.884861 0.748825 0.0125081
994 0.884861 0.727632 0.020967
995 0.884861 0.720634 0.0229209
996 0.884861 0.730516 0.0169241
997 0.884861 0.73667 0.0215313
998 0.884861 0.732862 0.0187432
999 0.884861 0.750286 0.0148072
1000 0.884861 0.735664 0.0192998
