0 0.298641 0.247379 0.00030132
1 0.370876 0.252257 0.000668758
2 0.386707 0.257476 0.000649857
3 0.388746 0.261975 0.00124634
4 0.499177 0.268732 0.00260757
5 0.514061 0.274274 0.00392937
6 0.514061 0.28104 0.00446025
7 0.514061 0.286177 0.00550256
8 0.514061 0.290611 0.00740088
9 0.514061 0.294417 0.00726608
10 0.514061 0.303767 0.010027
11 0.614187 0.324754 0.0125317
12 0.614187 0.318742 0.0122154
13 0.614187 0.298951 0.0110535
14 0.614187 0.303862 0.0108923
15 0.628532 0.317914 0.0133492
16 0.633712 0.335874 0.015498
17 0.698157 0.331751 0.016515
18 0.698157 0.335159 0.0192357
19 0.698157 0.331206 0.0166969
20 0.698157 0.344282 0.021464
21 0.698157 0.338797 0.0249116
22 0.698157 0.336044 0.0238859
23 0.709282 0.357608 0.0249038
24 0.709282 0.35844 0.0265301
25 0.709282 0.368932 0.0285891
26 0.716593 0.379415 0.0309636
27 0.736818 0.372559 0.0328228
28 0.736818 0.373951 0.0332704
29 0.736818 0.382195 0.0363372
30 0.740899 0.399759 0.0392314
31 0.741108 0.40468 0.0398208
32 0.741108 0.410845 0.0428631
33 0.758041 0.42063 0.0428997
34 0.767151 0.412774 0.0411886
35 0.767151 0.460992 0.0412155
36 0.767151 0.475262 0.0427233
37 0.767151 0.48332 0.0418195
38 0.767151 0.483814 0.0412838
39 0.767151 0.477594 0.0390886
40 0.771597 0.499566 0.0362241
41 0.771597 0.510422 0.0342036
42 0.771597 0.520011 0.0334121
43 0.774242 0.543618 0.0309722
44 0.782356 0.570691 0.0276173
45 0.782356 0.571538 0.0282419
46 0.782356 0.592221 0.0238952
47 0.782356 0.584129 0.027472
48 0.782356 0.573391 0.026985
49 0.782356 0.59494 0.0256448
50 0.802877 0.614675 0.0208393
51 0.802877 0.594392 0.020975
52 0.802877 0.596917 0.0209819
53 0.802877 0.615974 0.0171176
54 0.802877 0.634258 0.0155812
55 0.802877 0.625061 0.01846
56 0.802877 0.624552 0.0192729
57 0.802877 0.628826 0.0205288
58 0.802877 0.625909 0.0233995
59 0.802877 0.630966 0.0184952
60 0.802877 0.637575 0.0167282
61 0.802877 0.651982 0.0160302
62 0.802877 0.658043 0.015571
63 0.804053 0.647011 0.016394
64 0.804053 0.644085 0.0181184
65 0.804053 0.65742 0.0153402
66 0.804053 0.65189 0.0168153
67 0.804053 0.656762 0.0129641
68 0.804053 0.670741 0.0118715
69 0.804053 0.67051 0.0110114
70 0.804053 0.668508 0.0113759
71 0.813703 0.678084 0.0100597
72 0.814918 0.686496 0.00764578
73 0.814918 0.676945 0.00858885
74 0.814918 0.677883 0.0111619
75 0.814918 0.673371 0.0101943
76 0.814918 0.665836 0.010788
77 0.814918 0.686914 0.00881546
78 0.814918 0.680525 0.00928108
79 0.815512 0.670048 0.0121097
80 0.815512 0.67064 0.0119861
81 0.815512 0.68814 0.0118173
82 0.815512 0.705164 0.00950647
83 0.818266 0.700445 0.00933305
84 0.818266 0.708209 0.00730918
85 0.818266 0.700281 0.0099825
86 0.818266 0.702147 0.00899636
87 0.818266 0.694111 0.0108088
88 0.818266 0.691524 0.0136539
89 0.818266 0.698992 0.0117982
90 0.818266 0.697547 0.0101549
91 0.818266 0.696066 0.0108823
92 0.818266 0.697976 0.0098109
93 0.818266 0.694702 0.0110604
94 0.818266 0.712479 0.00834331
95 0.818266 0.723827 0.00562786
96 0.818266 0.724812 0.00587471
97 0.818266 0.72379 0.00705004
98 0.818266 0.728231 0.0056134
99 0.818266 0.733912 0.00474503
100 0.818266 0.71856 0.00639299
101 0.818266 0.724931 0.00541632
102 0.818266 0.723986 0.00592881
103 0.818266 0.717473 0.00834841
104 0.818266 0.711879 0.00998309
105 0.818266 0.718557 0.00787097
106 0.818266 0.718556 0.00790362
107 0.818266 0.714821 0.00845906
108 0.818266 0.711874 0.00730301
109 0.818266 0.714515 0.00591767
110 0.818266 0.721955 0.0063646
111 0.818266 0.71406 0.00997114
112 0.818266 0.712563 0.00889409
113 0.818266 0.715025 0.00761198
114 0.818266 0.729569 0.00588023
115 0.818266 0.725827 0.00614746
116 0.818266 0.724277 0.00679132
117 0.818266 0.712488 0.00726928
118 0.818266 0.715955 0.00688955
119 0.818266 0.71747 0.00789841
120 0.818266 0.718472 0.00798545
121 0.818266 0.709784 0.00925479
122 0.818266 0.71286 0.00733026
123 0.818266 0.712195 0.00790946
124 0.818266 0.707366 0.0115052
125 0.818266 0.70066 0.0118704
126 0.818266 0.707003 0.00912335
127 0.818266 0.715745 0.00698455
128 0.818266 0.697169 0.0107392
129 0.818266 0.706989 0.00806953
130 0.818266 0.705094 0.00857828
131 0.818266 0.703682 0.0102983
132 0.818266 0.702128 0.0102802
133 0.818383 0.716867 0.0109068
134 0.818383 0.714093 0.0101334
135 0.818383 0.714605 0.00773766
136 0.818383 0.715951 0.00668858
137 0.818383 0.701922 0.00873055
138 0.819597 0.71032 0.00764638
139 0.819597 0.722128 0.00564324
140 0.819597 0.706164 0.00850556
141 0.819597 0.711488 0.00530649
142 0.819597 0.714341 0.00840847
143 0.819597 0.70912 0.00925372
144 0.819597 0.703694 0.0094988
145 0.819597 0.698471 0.00963649
146 0.819597 0.715229 0.00760405
147 0.819597 0.700659 0.00995081
148 0.819597 0.69938 0.0100345
149 0.819597 0.693538 0.00946974
150 0.819597 0.695121 0.0113816
151 0.819597 0.697809 0.0113285
152 0.819597 0.704925 0.00944656
153 0.819597 0.697476 0.0104396
154 0.819597 0.700333 0.00989506
155 0.819597 0.694875 0.00927953
156 0.819597 0.694501 0.0105196
157 0.819597 0.689659 0.0118901
158 0.819597 0.709216 0.00940567
159 0.819597 0.697218 0.0118024
160 0.819597 0.69867 0.00906621
161 0.819597 0.700218 0.00987631
162 0.819597 0.711139 0.00881413
163 0.819597 0.703404 0.00951245
164 0.819597 0.711877 0.00830695
165 0.81977 0.714624 0.00700774
166 0.81977 0.711108 0.00843783
167 0.81977 0.716294 0.00573403
168 0.81977 0.707532 0.00926087
169 0.81977 0.695811 0.0126221
170 0.81977 0.682419 0.0129687
171 0.81977 0.699055 0.0116336
172 0.81977 0.700386 0.0108411
173 0.81977 0.700101 0.00995024
174 0.81977 0.698612 0.0106635
175 0.81977 0.68337 0.0146446
176 0.81977 0.691534 0.0129334
177 0.81977 0.6886 0.0125631
178 0.81977 0.681163 0.0138987
179 0.81977 0.679955 0.0133308
180 0.81977 0.677605 0.0160424
181 0.81977 0.682782 0.0138235
182 0.81977 0.679501 0.0130411
183 0.81977 0.688569 0.0125065
184 0.81977 0.693747 0.0110956
185 0.81977 0.700192 0.0107579
186 0.820754 0.705834 0.0100012
187 0.820754 0.693401 0.0115892
188 0.820754 0.681725 0.0162202
189 0.820754 0.688163 0.0148299
190 0.820754 0.707444 0.00891421
191 0.820754 0.707202 0.00885192
192 0.820754 0.697521 0.00963229
193 0.820754 0.697872 0.0115633
194 0.820754 0.708673 0.0117077
195 0.820754 0.702058 0.0128871
196 0.820754 0.70338 0.0099731
197 0.820754 0.707415 0.0102999
198 0.820754 0.721297 0.00805314
199 0.820754 0.716301 0.00798066
200 0.820754 0.721827 0.00678692
201 0.820754 0.709227 0.0097024
202 0.820754 0.706525 0.00731247
203 0.820754 0.700446 0.0109501
204 0.820754 0.694649 0.0103975
205 0.820754 0.706687 0.0109992
206 0.821343 0.712734 0.0100558
207 0.821343 0.708299 0.0108899
208 0.821343 0.691416 0.0125877
209 0.821343 0.696985 0.0124593
210 0.821343 0.711476 0.00850686
211 0.821343 0.706784 0.00784456
212 0.821343 0.720475 0.00586227
213 0.821343 0.720354 0.00548956
214 0.821343 0.710063 0.00882229
215 0.821343 0.704331 0.0110129
216 0.821343 0.696196 0.010542
217 0.821343 0.697616 0.011044
218 0.821343 0.692476 0.0133485
219 0.821343 0.698573 0.0116119
220 0.821343 0.70392 0.00991681
221 0.821343 0.707004 0.00916414
222 0.821343 0.71194 0.00821083
223 0.821343 0.706966 0.00955164
224 0.821473 0.698235 0.0136659
225 0.821473 0.702038 0.011139
226 0.821486 0.702091 0.0133013
227 0.821486 0.702401 0.0134728
228 0.821486 0.70976 0.0105408
229 0.821486 0.712812 0.00747997
230 0.821486 0.719225 0.00660292
231 0.821486 0.725205 0.00507339
232 0.821486 0.721274 0.00634962
233 0.821486 0.71666 0.00683011
234 0.821486 0.728566 0.00626668
235 0.821486 0.718457 0.00795958
236 0.821486 0.709676 0.00904875
237 0.821726 0.699956 0.0110163
238 0.821726 0.710557 0.00828586
239 0.821726 0.707106 0.00914519
240 0.821726 0.701064 0.0124544
241 0.821726 0.706898 0.010906
242 0.821726 0.700237 0.0130363
243 0.821726 0.700389 0.0147295
244 0.821726 0.695382 0.014993
245 0.821726 0.708286 0.013739
246 0.823281 0.706929 0.0144671
247 0.823281 0.712969 0.0134353
248 0.823281 0.71865 0.0110684
249 0.823764 0.728458 0.0107602
250 0.827213 0.710079 0.0146753
251 0.827213 0.705614 0.0119125
252 0.827213 0.709341 0.0105842
253 0.827213 0.713652 0.00880518
254 0.827213 0.710372 0.0120274
255 0.827213 0.696487 0.0112659
256 0.827213 0.696373 0.012343
257 0.827213 0.707739 0.0079051
258 0.827213 0.710701 0.00798271
259 0.827213 0.705461 0.00819267
260 0.827213 0.69762 0.00943528
261 0.827213 0.702193 0.012605
262 0.827213 0.710728 0.00837849
263 0.827213 0.704027 0.0108835
264 0.827213 0.718436 0.00817686
265 0.827213 0.717002 0.00954817
266 0.827213 0.720457 0.00842821
267 0.827213 0.722235 0.00880894
268 0.827213 0.730173 0.00815563
269 0.827213 0.725763 0.00752858
270 0.827213 0.730832 0.00899366
271 0.827213 0.721267 0.0091033
272 0.827213 0.713079 0.00868548
273 0.827213 0.714216 0.0104327
274 0.827213 0.70346 0.0131907
275 0.827213 0.700636 0.0143202
276 0.827213 0.707956 0.00994401
277 0.827213 0.704714 0.0150555
278 0.827213 0.718231 0.010024
279 0.827213 0.712023 0.0152868
280 0.827213 0.709652 0.0147649
281 0.827402 0.714642 0.0122187
282 0.827402 0.722417 0.00888877
283 0.827402 0.732994 0.00566473
284 0.827402 0.71836 0.00868421
285 0.827402 0.725605 0.0070523
286 0.827402 0.712496 0.00915735
287 0.827402 0.715113 0.00937231
288 0.827402 0.711499 0.0138778
289 0.827402 0.699531 0.0162304
290 0.827402 0.716334 0.0110893
291 0.827402 0.724414 0.00755846
292 0.827402 0.726517 0.0067687
293 0.827402 0.720675 0.00796461
294 0.827402 0.72414 0.00544769
295 0.827402 0.724727 0.00777595
296 0.827402 0.712633 0.0105774
297 0.827402 0.709639 0.00920067
298 0.827402 0.712482 0.00876622
299 0.827402 0.719919 0.00805074
300 0.827402 0.719659 0.00675768
301 0.827402 0.730514 0.00424905
302 0.827402 0.732318 0.00472412
303 0.827402 0.729113 0.00569793
304 0.827402 0.736813 0.00686714
305 0.827402 0.736751 0.00586523
306 0.827402 0.733056 0.00520667
307 0.827402 0.719171 0.00805626
308 0.827402 0.715707 0.00960507
309 0.827402 0.713104 0.00798661
310 0.827402 0.714131 0.0100483
311 0.827402 0.709163 0.0101808
312 0.827402 0.705226 0.0110699
313 0.827402 0.703645 0.0115091
314 0.827402 0.704533 0.00935538
315 0.827402 0.690798 0.01002
316 0.827402 0.703451 0.0084905
317 0.827402 0.709055 0.00880281
318 0.827402 0.728379 0.00647811
319 0.827402 0.734573 0.00615177
320 0.827402 0.72569 0.00872722
321 0.827402 0.719214 0.00846279
322 0.827402 0.725683 0.00752269
323 0.827402 0.729336 0.00705441
324 0.827402 0.714029 0.00875892
325 0.827402 0.714675 0.0115824
326 0.827402 0.722901 0.00918456
327 0.827402 0.716234 0.00987865
328 0.827402 0.706791 0.0121472
329 0.827402 0.693103 0.015116
330 0.827402 0.687776 0.0153744
331 0.827402 0.703263 0.0151528
332 0.827402 0.699019 0.0122097
333 0.827402 0.700701 0.0117026
334 0.827402 0.712905 0.00985407
335 0.827402 0.708228 0.0112994
336 0.827402 0.70347 0.0158628
337 0.827402 0.705084 0.0148508
338 0.827402 0.696554 0.0178284
339 0.827402 0.703011 0.0111998
340 0.827402 0.694564 0.0160289
341 0.827402 0.712209 0.0127461
342 0.827402 0.715422 0.0123948
343 0.827402 0.705636 0.0094908
344 0.827402 0.696006 0.0143218
345 0.827402 0.703505 0.0117686
346 0.827402 0.707252 0.0106072
347 0.827402 0.716568 0.00749
348 0.827402 0.733466 0.0054325
349 0.827402 0.718703 0.00692438
350 0.827402 0.719476 0.00813959
351 0.827402 0.710525 0.0104515
352 0.827402 0.710254 0.0120621
353 0.827402 0.712095 0.0099948
354 0.827402 0.723334 0.00608234
355 0.827402 0.721342 0.00590556
356 0.827402 0.73306 0.00634022
357 0.827402 0.741985 0.00580679
358 0.827402 0.735 0.00707707
359 0.827402 0.731567 0.0048996
360 0.827402 0.724562 0.00633114
361 0.827402 0.70395 0.0143897
362 0.827402 0.703233 0.0139252
363 0.827402 0.713406 0.0103192
364 0.827402 0.713328 0.0102776
365 0.827469 0.699896 0.0149176
366 0.827469 0.711682 0.0097984
367 0.827469 0.715507 0.00861708
368 0.827469 0.715372 0.00815098
369 0.827469 0.713064 0.00991575
370 0.827469 0.715003 0.00933419
371 0.827469 0.719387 0.00794429
372 0.827469 0.717504 0.00653463
373 0.827469 0.714147 0.00779032
374 0.827469 0.710058 0.00761964
375 0.827469 0.705643 0.00988663
376 0.827469 0.714273 0.0100051
377 0.827469 0.725251 0.00707433
378 0.827469 0.718544 0.00816794
379 0.827469 0.709488 0.00964984
380 0.827469 0.703662 0.0133562
381 0.827469 0.715662 0.00812684
382 0.827469 0.731394 0.00477189
383 0.827469 0.731028 0.00733426
384 0.827469 0.724487 0.00616709
385 0.827469 0.72102 0.00647686
386 0.827469 0.711971 0.0104698
387 0.827469 0.705982 0.0149611
388 0.827469 0.717152 0.010625
389 0.828575 0.709507 0.00837163
390 0.828575 0.711524 0.00834782
391 0.828575 0.711674 0.0098489
392 0.828575 0.725909 0.00806156
393 0.828575 0.714917 0.00847343
394 0.828575 0.705922 0.0109999
395 0.828575 0.698852 0.0121033
396 0.828575 0.717922 0.00824405
397 0.828575 0.705796 0.00851321
398 0.828575 0.692552 0.0141002
399 0.828575 0.699815 0.0102553
400 0.828575 0.692229 0.0125147
401 0.828575 0.708082 0.0112952
402 0.828575 0.71422 0.0105126
403 0.828575 0.721398 0.00776237
404 0.828575 0.710365 0.0112176
405 0.828575 0.724087 0.00886177
406 0.828575 0.708283 0.00960824
407 0.828575 0.717269 0.0101717
408 0.828575 0.714876 0.0121356
409 0.828575 0.705066 0.0122264
410 0.828575 0.683574 0.0146033
411 0.828575 0.697629 0.0111236
412 0.828575 0.706734 0.0107379
413 0.828575 0.70056 0.00779337
414 0.828575 0.711688 0.00669467
415 0.828575 0.711867 0.00572861
416 0.828575 0.713585 0.00827696
417 0.828575 0.716836 0.0089872
418 0.828575 0.723331 0.00800195
419 0.828575 0.715919 0.00838748
420 0.828575 0.710736 0.00863091
421 0.828575 0.710619 0.0105766
422 0.828575 0.704458 0.00922484
423 0.828575 0.700202 0.0153652
424 0.828575 0.719283 0.0118412
425 0.828575 0.714519 0.00993577
426 0.828575 0.729772 0.00667814
427 0.828575 0.723808 0.00622212
428 0.828575 0.719809 0.00645568
429 0.828575 0.718895 0.00968253
430 0.828575 0.722885 0.00920384
431 0.828575 0.717261 0.00777742
432 0.828575 0.720447 0.00966247
433 0.828575 0.735003 0.00592716
434 0.828575 0.727347 0.00680302
435 0.828575 0.724111 0.00865171
436 0.828575 0.713568 0.0105223
437 0.828575 0.72153 0.0100365
438 0.828575 0.712955 0.0103274
439 0.828575 0.706294 0.0122879
440 0.828575 0.717169 0.00954147
441 0.828575 0.720031 0.00859573
442 0.828575 0.710979 0.00967662
443 0.828575 0.719318 0.00874323
444 0.828575 0.715703 0.0104918
445 0.828575 0.718736 0.0101951
446 0.828575 0.713253 0.010538
447 0.828575 0.707183 0.0118526
448 0.828575 0.715627 0.00969664
449 0.828575 0.71746 0.00924908
450 0.828575 0.710603 0.00984491
451 0.828575 0.703731 0.0139802
452 0.828575 0.708905 0.0100904
453 0.828575 0.715963 0.00954711
454 0.828575 0.715724 0.00954578
455 0.828575 0.711873 0.0104273
456 0.828575 0.717873 0.0112483
457 0.828575 0.708143 0.0122874
458 0.828575 0.718427 0.00937255
459 0.828575 0.696875 0.0100963
460 0.828575 0.705629 0.00979082
461 0.828575 0.696125 0.0109563
462 0.828575 0.680408 0.0155335
463 0.828575 0.68105 0.016517
464 0.828575 0.701148 0.0117214
465 0.828575 0.700817 0.0111449
466 0.828575 0.711328 0.00925032
467 0.828575 0.707755 0.00897441
468 0.828575 0.705763 0.00988125
469 0.828575 0.711609 0.0109153
470 0.828575 0.702892 0.0125152
471 0.828575 0.704873 0.0110124
472 0.828575 0.712699 0.0119608
473 0.828575 0.723105 0.00828055
474 0.828575 0.714295 0.0122276
475 0.828575 0.719351 0.0153589
476 0.828575 0.69539 0.0151285
477 0.828575 0.693557 0.0151401
478 0.828575 0.704721 0.0137217
479 0.828575 0.691992 0.0119635
480 0.828575 0.687444 0.0150362
481 0.828575 0.701727 0.0120746
482 0.828575 0.707827 0.0120045
483 0.828575 0.717528 0.0102237
484 0.828575 0.704793 0.0152088
485 0.828575 0.704628 0.0122712
486 0.828575 0.708021 0.0104444
487 0.828575 0.70225 0.0104697
488 0.828575 0.713761 0.00837214
489 0.828575 0.711736 0.00680257
490 0.828575 0.723998 0.00774472
491 0.828575 0.721657 0.00735463
492 0.828575 0.719577 0.00695404
493 0.828575 0.720146 0.00682788
494 0.828575 0.714869 0.00839932
495 0.828575 0.71485 0.00938211
496 0.828575 0.70959 0.00726782
497 0.828575 0.711303 0.00826368
498 0.828575 0.714099 0.0101194
499 0.828575 0.719063 0.010294
500 0.828575 0.731716 0.00769977
501 0.828575 0.737057 0.00615122
502 0.828575 0.728962 0.00655026
503 0.828575 0.706002 0.011173
504 0.828575 0.710511 0.00940096
505 0.828575 0.710448 0.00999731
506 0.828575 0.703935 0.0115815
507 0.828575 0.706293 0.0121591
508 0.828575 0.688713 0.0137758
509 0.828575 0.694077 0.0150577
510 0.828575 0.691894 0.0145921
511 0.829315 0.692288 0.016211
512 0.829315 0.70918 0.0125698
513 0.829315 0.720826 0.00828872
514 0.829315 0.712397 0.00781135
515 0.829315 0.716777 0.00707551
516 0.829315 0.714312 0.00815145
517 0.829315 0.712542 0.00771878
518 0.829315 0.720497 0.00630645
519 0.829315 0.724165 0.00866387
520 0.829315 0.726162 0.00655562
521 0.829315 0.729628 0.00657309
522 0.829315 0.733516 0.00515856
523 0.829315 0.742889 0.00399392
524 0.829315 0.742286 0.00450877
525 0.829315 0.735837 0.00615164
526 0.829315 0.728241 0.00923435
527 0.829315 0.72179 0.00770236
528 0.829315 0.71311 0.00808029
529 0.829315 0.70303 0.0103119
530 0.829315 0.710652 0.00841648
531 0.829315 0.706616 0.00973215
532 0.829315 0.708384 0.0118916
533 0.829315 0.718507 0.00979457
534 0.829315 0.721101 0.00727471
535 0.829315 0.721318 0.00859289
536 0.829315 0.721998 0.0089896
537 0.829315 0.73164 0.00638054
538 0.829315 0.719947 0.00829785
539 0.829505 0.710355 0.0120683
540 0.829505 0.696729 0.0138818
541 0.829505 0.695341 0.0156687
542 0.829505 0.687914 0.0158241
543 0.829505 0.696812 0.0129538
544 0.829505 0.702362 0.0131914
545 0.829505 0.711078 0.00958315
546 0.829505 0.710256 0.0117078
547 0.829505 0.71095 0.0115854
548 0.829505 0.706766 0.0118921
549 0.829505 0.725038 0.00679743
550 0.829505 0.716824 0.0119317
551 0.829505 0.712723 0.00947457
552 0.829505 0.708783 0.00982376
553 0.829505 0.720128 0.0108862
554 0.829505 0.717888 0.0100407
555 0.829505 0.704549 0.0119788
556 0.829556 0.710584 0.00901018
557 0.829556 0.714941 0.00984612
558 0.829556 0.69957 0.0119216
559 0.829556 0.703502 0.0115021
560 0.829556 0.705122 0.0110693
561 0.829556 0.720175 0.00753917
562 0.829556 0.718848 0.00920467
563 0.830003 0.733671 0.00597979
564 0.830003 0.721154 0.0094033
565 0.830003 0.72258 0.0091606
566 0.830003 0.696228 0.0145102
567 0.830003 0.692983 0.0147359
568 0.830003 0.711639 0.0114884
569 0.830003 0.711617 0.00904637
570 0.830003 0.70738 0.00987587
571 0.830003 0.708744 0.0103148
572 0.830003 0.718656 0.00775559
573 0.830003 0.729012 0.00914341
574 0.830003 0.712393 0.0125115
575 0.830003 0.706998 0.0134556
576 0.830003 0.713636 0.0104039
577 0.830003 0.709697 0.0118441
578 0.830003 0.714749 0.0118714
579 0.830003 0.711119 0.010093
580 0.830003 0.699231 0.0120504
581 0.830003 0.717778 0.00763759
582 0.830003 0.713032 0.00879804
583 0.830003 0.701226 0.0110938
584 0.830003 0.698861 0.0118642
585 0.830003 0.701575 0.0104679
586 0.830003 0.710187 0.00840546
587 0.830003 0.723347 0.00851186
588 0.830003 0.716049 0.00838847
589 0.830003 0.711497 0.0102997
590 0.830003 0.711413 0.00871624
591 0.830003 0.709971 0.00836274
592 0.830003 0.705785 0.00837633
593 0.830003 0.711741 0.00731482
594 0.830003 0.70553 0.00882259
595 0.830003 0.693101 0.0102723
596 0.830003 0.692347 0.0107815
597 0.830003 0.689875 0.0141652
598 0.830003 0.676851 0.0152309
599 0.830003 0.703671 0.00724857
600 0.830003 0.705743 0.00774734
601 0.830003 0.713761 0.00850023
602 0.830003 0.708686 0.00978269
603 0.830003 0.696711 0.0107904
604 0.830176 0.706529 0.0104797
605 0.830176 0.702797 0.0127551
606 0.830176 0.703935 0.0148703
607 0.830176 0.713795 0.00969559
608 0.830176 0.710869 0.00814886
609 0.830182 0.704654 0.00851562
610 0.830182 0.707024 0.00955075
611 0.830182 0.710421 0.0103145
612 0.830182 0.708728 0.00855163
613 0.830182 0.710354 0.00843186
614 0.830182 0.709705 0.0087961
615 0.830182 0.709717 0.00827503
616 0.830182 0.690721 0.0101705
617 0.830182 0.689905 0.0102214
618 0.830182 0.697103 0.00822844
619 0.830182 0.702761 0.00988916
620 0.830182 0.695163 0.0118448
621 0.830182 0.702005 0.00935069
622 0.830182 0.705745 0.00797677
623 0.830182 0.69001 0.0100443
624 0.830182 0.695514 0.0132114
625 0.830182 0.697906 0.0116067
626 0.830182 0.702431 0.0111704
627 0.830182 0.702716 0.00886438
628 0.830182 0.708633 0.00856592
629 0.830182 0.701385 0.014683
630 0.830182 0.709607 0.00795902
631 0.830217 0.707922 0.0104505
632 0.830217 0.718668 0.00727516
633 0.830217 0.706259 0.0110718
634 0.830217 0.70276 0.0111521
635 0.830226 0.698604 0.0141296
636 0.830226 0.686515 0.0168015
637 0.830226 0.697957 0.0119598
638 0.830226 0.704508 0.00816958
639 0.830226 0.688619 0.0108862
640 0.830226 0.682017 0.0119478
641 0.830226 0.679034 0.0130618
642 0.830226 0.688249 0.0123113
643 0.830226 0.688488 0.0101315
644 0.830226 0.701549 0.00899835
645 0.830226 0.713787 0.00792815
646 0.830226 0.693982 0.0129964
647 0.830226 0.700175 0.0124557
648 0.830226 0.712294 0.0140014
649 0.830226 0.715426 0.00836822
650 0.830226 0.712502 0.00836111
651 0.830226 0.71478 0.00780666
652 0.830226 0.712094 0.0132188
653 0.830226 0.719249 0.00867041
654 0.830226 0.717309 0.0106775
655 0.830226 0.701074 0.0145138
656 0.830226 0.701817 0.0131251
657 0.830226 0.693164 0.0163712
658 0.830226 0.705709 0.0149165
659 0.830226 0.71418 0.00900879
660 0.830226 0.720723 0.0086912
661 0.830226 0.713074 0.00740381
662 0.830226 0.709341 0.0102555
663 0.830226 0.705051 0.0104602
664 0.830226 0.719249 0.00898168
665 0.830226 0.708902 0.0134016
666 0.830226 0.715962 0.0120652
667 0.830226 0.718739 0.0151504
668 0.830226 0.71126 0.0135823
669 0.830226 0.71363 0.0132382
670 0.830226 0.712094 0.0103556
671 0.830226 0.719035 0.00577889
672 0.830226 0.718658 0.00727699
673 0.830226 0.719167 0.0062444
674 0.830226 0.708459 0.00673707
675 0.830226 0.711464 0.00831967
676 0.830226 0.718491 0.00697888
677 0.830226 0.714553 0.00830239
678 0.830226 0.721644 0.00810191
679 0.830226 0.710125 0.00980279
680 0.830226 0.70531 0.0104542
681 0.830226 0.707494 0.00842756
682 0.830226 0.704097 0.0109198
683 0.830226 0.700892 0.0114037
684 0.830226 0.699553 0.0134635
685 0.830226 0.704712 0.0102903
686 0.830226 0.689785 0.0131536
687 0.830226 0.695773 0.016236
688 0.830226 0.702119 0.0146443
689 0.830226 0.69069 0.0179694
690 0.830226 0.681803 0.0161486
691 0.830226 0.70236 0.0130774
692 0.830226 0.710963 0.0120324
693 0.830226 0.71295 0.0109198
694 0.830226 0.702797 0.0107771
695 0.830226 0.714386 0.00981789
696 0.830226 0.715621 0.0121924
697 0.830226 0.722176 0.0084719
698 0.830226 0.730133 0.0063554
699 0.830226 0.72584 0.00713014
700 0.830226 0.725864 0.00945188
701 0.830226 0.731908 0.00956189
702 0.830226 0.726495 0.00829942
703 0.830226 0.718387 0.00828151
704 0.830226 0.713203 0.00836035
705 0.830226 0.718792 0.00730706
706 0.830226 0.718547 0.00821106
707 0.830226 0.726423 0.00890499
708 0.830226 0.719765 0.00798698
709 0.830226 0.714604 0.00878162
710 0.830226 0.703403 0.0118948
711 0.830226 0.71473 0.00987333
712 0.830226 0.71277 0.00953008
713 0.830226 0.704385 0.0128417
714 0.830226 0.710505 0.0139257
715 0.830226 0.691768 0.0168757
716 0.830226 0.701846 0.011932
717 0.830226 0.709779 0.0112982
718 0.830226 0.710861 0.00805179
719 0.830226 0.694783 0.0153527
720 0.830226 0.691517 0.0173671
721 0.830226 0.691631 0.0167707
722 0.830226 0.70533 0.0104929
723 0.830226 0.708429 0.0108642
724 0.830226 0.702721 0.0116871
725 0.830226 0.688442 0.0102771
726 0.830226 0.692981 0.0121788
727 0.830226 0.688418 0.0158527
728 0.830226 0.677543 0.0149389
729 0.830226 0.69194 0.0125159
730 0.830226 0.70191 0.0107996
731 0.830226 0.708178 0.0123902
732 0.830226 0.731411 0.00668506
733 0.830226 0.72749 0.00907851
734 0.830226 0.712057 0.0125124
735 0.830226 0.709875 0.00973179
736 0.830226 0.708667 0.00792467
737 0.830226 0.731642 0.00638573
738 0.830226 0.729456 0.00669551
739 0.830256 0.728177 0.00701966
740 0.830256 0.715962 0.00800961
741 0.830256 0.707183 0.0093378
742 0.830256 0.710974 0.00819316
743 0.830256 0.715572 0.00985882
744 0.830256 0.714132 0.0082267
745 0.830256 0.710968 0.00935005
746 0.830256 0.708846 0.00819187
747 0.830256 0.699952 0.0101261
748 0.830256 0.714263 0.00829919
749 0.830256 0.725081 0.00878854
750 0.830256 0.707046 0.013821
751 0.830256 0.708327 0.012918
752 0.830256 0.710064 0.0135276
753 0.830256 0.696693 0.0127155
754 0.830256 0.696168 0.0105491
755 0.830256 0.693652 0.0108554
756 0.830256 0.69513 0.0135138
757 0.830256 0.701886 0.0124351
758 0.830256 0.701547 0.0148995
759 0.830256 0.694637 0.0156317
760 0.830256 0.708459 0.00993476
761 0.830256 0.699529 0.0133664
762 0.830256 0.704806 0.00822913
763 0.830256 0.695641 0.0131211
764 0.830256 0.702236 0.0146574
765 0.830256 0.697359 0.0131436
766 0.830256 0.682217 0.0150193
767 0.830256 0.671307 0.0186563
768 0.830256 0.669083 0.0197122
769 0.830256 0.675056 0.0174016
770 0.830256 0.681936 0.0136407
771 0.830256 0.700099 0.0119192
772 0.830256 0.699429 0.0111493
773 0.830256 0.709271 0.0114687
774 0.830256 0.711878 0.00876575
775 0.830256 0.704805 0.011009
776 0.830256 0.716918 0.0120307
777 0.830256 0.729745 0.00736984
778 0.830256 0.728433 0.0063859
779 0.830256 0.725782 0.00681624
780 0.830256 0.722551 0.0085719
781 0.830256 0.710454 0.0088084
782 0.830256 0.701194 0.00936388
783 0.830256 0.70488 0.0116711
784 0.830256 0.695765 0.0115702
785 0.830256 0.707794 0.00711522
786 0.830256 0.71161 0.0120897
787 0.830256 0.714782 0.00967275
788 0.830256 0.73067 0.00674753
789 0.830256 0.730432 0.00709103
790 0.830256 0.722723 0.00665791
791 0.830256 0.727944 0.00489736
792 0.830256 0.727119 0.00574336
793 0.830256 0.718421 0.0104266
794 0.830256 0.713325 0.0109202
795 0.830256 0.709884 0.0119385
796 0.830256 0.708203 0.00930822
797 0.830256 0.696094 0.0127686
798 0.830256 0.707957 0.00949701
799 0.830256 0.706499 0.0117975
800 0.830256 0.708836 0.00967058
801 0.830256 0.714025 0.00931475
802 0.830256 0.715626 0.00804772
803 0.830256 0.716165 0.0102513
804 0.830256 0.709798 0.00983197
805 0.830256 0.702254 0.0113828
806 0.830256 0.704543 0.0114039
807 0.830256 0.71204 0.0115584
808 0.830256 0.699672 0.0136278
809 0.830256 0.695214 0.0124033
810 0.830256 0.701961 0.0121711
811 0.830256 0.716159 0.00849858
812 0.830256 0.709797 0.00920117
813 0.830256 0.713508 0.00964145
814 0.830256 0.707995 0.00951556
815 0.830256 0.701164 0.0104274
816 0.830256 0.715134 0.0101477
817 0.830256 0.709586 0.0149203
818 0.830256 0.703447 0.0133195
819 0.830256 0.712549 0.00828829
820 0.830256 0.712991 0.0080497
821 0.830256 0.708235 0.00889954
822 0.830256 0.703053 0.0100978
823 0.830256 0.712984 0.00876356
824 0.830256 0.710694 0.00980424
825 0.830256 0.709982 0.0102548
826 0.830256 0.724422 0.00927692
827 0.830256 0.719884 0.0116812
828 0.830256 0.705711 0.0136468
829 0.830256 0.718481 0.00961228
830 0.830256 0.718397 0.00909034
831 0.830256 0.708988 0.00970669
832 0.830256 0.716901 0.00972842
833 0.830256 0.710224 0.0103353
834 0.830256 0.713996 0.00858626
835 0.830256 0.706769 0.00993949
836 0.830256 0.706262 0.015379
837 0.830256 0.711656 0.00866078
838 0.830256 0.708087 0.0111226
839 0.830256 0.695037 0.0145329
840 0.830256 0.708776 0.0109923
841 0.830256 0.716886 0.00895029
842 0.830256 0.7194 0.00924925
843 0.830256 0.708966 0.00982273
844 0.830256 0.715165 0.00692264
845 0.830256 0.70088 0.0110848
846 0.830256 0.704614 0.0118773
847 0.830256 0.696463 0.0122498
848 0.830256 0.705736 0.0121428
849 0.830256 0.716121 0.00747599
850 0.830256 0.717 0.0123494
851 0.830256 0.704423 0.0114702
852 0.830256 0.717179 0.0101793
853 0.830256 0.731646 0.00638248
854 0.830256 0.720792 0.00794956
855 0.830256 0.729535 0.00675055
856 0.830256 0.721392 0.00872662
857 0.830256 0.73147 0.00714751
858 0.830256 0.736018 0.00660921
859 0.830256 0.721848 0.0080397
860 0.830256 0.721967 0.00810982
861 0.830256 0.713942 0.00883937
862 0.830256 0.715752 0.00849032
863 0.830256 0.710956 0.012176
864 0.830256 0.697119 0.0160212
865 0.830256 0.705478 0.0141539
866 0.830256 0.696906 0.0167515
867 0.830256 0.695462 0.0159506
868 0.830256 0.713739 0.0108545
869 0.830256 0.730387 0.00748267
870 0.830256 0.726423 0.00941848
871 0.830256 0.72259 0.00829743
872 0.830256 0.72694 0.00893576
873 0.830256 0.717185 0.00865497
874 0.830256 0.716557 0.00790043
875 0.830256 0.717989 0.00891789
876 0.830256 0.719534 0.0112628
877 0.830256 0.712218 0.0114885
878 0.830256 0.712632 0.0100268
879 0.830256 0.702717 0.0123487
880 0.830256 0.706677 0.00997315
881 0.830256 0.712651 0.0136966
882 0.830256 0.709545 0.0152116
883 0.830256 0.71797 0.0123024
884 0.830256 0.711428 0.0130917
885 0.830256 0.721797 0.00909928
886 0.830256 0.726605 0.00736396
887 0.830256 0.713308 0.00764754
888 0.830256 0.709173 0.010015
889 0.830256 0.711961 0.00994857
890 0.830256 0.723479 0.00760654
891 0.830256 0.715707 0.00990609
892 0.830256 0.716197 0.00944716
893 0.830256 0.709672 0.0118753
894 0.830256 0.722179 0.0100516
895 0.830256 0.724412 0.00962237
896 0.830256 0.724192 0.00907384
897 0.830256 0.719173 0.008484
898 0.830256 0.723703 0.00722784
899 0.830256 0.716016 0.00768818
900 0.830256 0.712269 0.00676104
901 0.830256 0.719418 0.00721139
902 0.830256 0.703008 0.0102875
903 0.830256 0.710102 0.00992763
904 0.830256 0.694462 0.0131551
905 0.830256 0.691983 0.0126168
906 0.830256 0.705767 0.0113053
907 0.830256 0.70757 0.0136647
908 0.830256 0.709387 0.0154289
909 0.830256 0.696984 0.0155506
910 0.830256 0.711887 0.0163342
911 0.830256 0.698099 0.0203299
912 0.830256 0.694671 0.0198564
913 0.830256 0.691612 0.0156315
914 0.830256 0.685793 0.0184175
915 0.830256 0.702297 0.013279
916 0.830256 0.703477 0.0118008
917 0.830256 0.70565 0.0139243
918 0.830256 0.695073 0.0151715
919 0.830256 0.708245 0.0107629
920 0.830256 0.715514 0.0106716
921 0.830256 0.708217 0.0129611
922 0.830256 0.713173 0.0113545
923 0.830256 0.707152 0.0116256
924 0.830256 0.705714 0.0111474
925 0.830256 0.709007 0.010659
926 0.830256 0.716402 0.0104635
927 0.830256 0.714463 0.00967259
928 0.830256 0.714528 0.0106339
929 0.830256 0.715196 0.00998765
930 0.830256 0.721177 0.00940463
931 0.830256 0.72511 0.00921826
932 0.830256 0.722993 0.00832986
933 0.830256 0.710051 0.00897491
934 0.830256 0.721505 0.00777808
935 0.830256 0.717235 0.00924588
936 0.830256 0.723247 0.0101965
937 0.830256 0.712495 0.0127633
938 0.830256 0.716802 0.012137
939 0.830256 0.716918 0.0112693
940 0.830256 0.709021 0.0109898
941 0.830256 0.69834 0.0121397
942 0.830256 0.700489 0.00958376
943 0.830256 0.702641 0.0134664
944 0.830256 0.71201 0.0108437
945 0.830256 0.696984 0.0156302
946 0.830256 0.714799 0.00845214
947 0.830256 0.700112 0.0116309
948 0.830256 0.692153 0.0142506
949 0.830256 0.682795 0.0134243
950 0.830256 0.700052 0.00905672
951 0.83071 0.705231 0.00913892
952 0.83071 0.698126 0.0111607
953 0.83071 0.703534 0.0118124
954 0.83071 0.693336 0.0126138
955 0.83071 0.69973 0.0104786
956 0.83071 0.691017 0.0114683
957 0.83071 0.694493 0.0113674
958 0.83071 0.692406 0.0129398
959 0.83071 0.685352 0.016322
960 0.83071 0.690356 0.011354
961 0.83071 0.701561 0.00930221
962 0.83071 0.687992 0.0136832
963 0.83071 0.693446 0.0141583
964 0.83071 0.685757 0.0141424
965 0.83071 0.675401 0.012256
966 0.83071 0.688753 0.0123208
967 0.83071 0.686595 0.0161057
968 0.83071 0.697012 0.0135423
969 0.83071 0.696079 0.0121468
970 0.83071 0.675689 0.0161755
971 0.83071 0.668075 0.0228967
972 0.83071 0.696182 0.014029
973 0.83071 0.691219 0.0123411
974 0.83071 0.7005 0.012191
975 0.83071 0.69945 0.0128294
976 0.83071 0.703638 0.0116116
977 0.83071 0.704474 0.0130065
978 0.83071 0.710875 0.0130932
979 0.83071 0.707145 0.012998
980 0.83071 0.701892 0.00994929
981 0.83071 0.704726 0.00930122
982 0.83071 0.714621 0.00744781
983 0.83071 0.713028 0.00988952
984 0.83071 0.717852 0.00787117
985 0.83071 0.713257 0.00946095
986 0.83071 0.71244 0.0100362
987 0.83071 0.720325 0.00781708
988 0.83071 0.727598 0.00659983
989 0.83071 0.716921 0.00995684
990 0.83071 0.712207 0.0108798
991 0.83071 0.711974 0.0102265
992 0.83071 0.713824 0.00808079
993 0.83071 0.705545 0.010732
994 0.83071 0.710648 0.00931155
995 0.83071 0.707665 0.0116364
996 0.83071 0.709912 0.0105156
997 0.83071 0.720469 0.00929208
998 0.83071 0.713446 0.00959649
999 0.83071 0.708252 0.0104261
1000 0.83071 0.704063 0.0114104
