0 0.299389 0.249932 7.49955e-05
1 0.299389 0.250074 0.000130695
2 0.299389 0.249847 0.000175913
3 0.444407 0.254084 0.000649964
4 0.444407 0.256707 0.000593846
5 0.444407 0.256709 0.000714078
6 0.444407 0.260042 0.000731723
7 0.448692 0.263955 0.00124189
8 0.448692 0.265587 0.00139493
9 0.465903 0.270073 0.00234285
10 0.48028 0.276469 0.00353388
11 0.519486 0.284017 0.00512945
12 0.574498 0.301766 0.0076007
13 0.574498 0.301218 0.00892702
14 0.579699 0.313975 0.0105737
15 0.630414 0.313965 0.012959
16 0.630414 0.320081 0.0159074
17 0.659231 0.335801 0.0180482
18 0.659231 0.343459 0.0196617
19 0.659231 0.339725 0.0209511
20 0.659231 0.351963 0.0224958
21 0.753995 0.359775 0.0223705
22 0.753995 0.356531 0.0214631
23 0.753995 0.350604 0.0233037
24 0.753995 0.364794 0.0224119
25 0.753995 0.36944 0.0254824
26 0.753995 0.380038 0.026607
27 0.753995 0.398477 0.0325255
28 0.753995 0.391912 0.029057
29 0.753995 0.412383 0.0309077
30 0.763263 0.421718 0.0318287
31 0.763263 0.421678 0.0316443
32 0.813193 0.418085 0.0305817
33 0.813193 0.448655 0.0331949
34 0.813193 0.432609 0.0290903
35 0.813193 0.43613 0.028149
36 0.813193 0.470386 0.0317032
37 0.813193 0.471098 0.02912
38 0.813193 0.457539 0.0283852
39 0.813193 0.484787 0.029747
40 0.813193 0.488037 0.026523
41 0.813193 0.49382 0.0256683
42 0.813193 0.518226 0.0271036
43 0.813193 0.530688 0.0245267
44 0.813193 0.538558 0.0240896
45 0.813193 0.532734 0.0237717
46 0.813193 0.519397 0.0225104
47 0.813193 0.523238 0.0221036
48 0.813193 0.526532 0.0221527
49 0.813193 0.536206 0.0188303
50 0.813193 0.513933 0.0213712
51 0.813193 0.51016 0.021826
52 0.813193 0.526664 0.0214579
53 0.813193 0.535793 0.0246795
54 0.813193 0.519625 0.0266227
55 0.813193 0.523207 0.0256505
56 0.813193 0.531176 0.0236147
57 0.813193 0.532474 0.0224418
58 0.820366 0.542746 0.0231565
59 0.820366 0.540791 0.0233613
60 0.820366 0.536236 0.0247879
61 0.820366 0.535018 0.021871
62 0.820721 0.552013 0.022986
63 0.820721 0.548262 0.0226716
64 0.820721 0.542587 0.0253169
65 0.820721 0.527253 0.0237296
66 0.820721 0.54961 0.02073
67 0.820721 0.54598 0.0204302
68 0.820927 0.538354 0.0206194
69 0.820927 0.547981 0.0213612
70 0.820927 0.538599 0.0206785
71 0.820927 0.546355 0.0186354
72 0.820927 0.552415 0.0191934
73 0.820927 0.540456 0.0203234
74 0.820927 0.557785 0.0201302
75 0.820927 0.546132 0.0195041
76 0.820927 0.545521 0.0192251
77 0.820927 0.560622 0.0194503
78 0.820927 0.553491 0.019316
79 0.820927 0.562317 0.0190507
80 0.820927 0.561933 0.0158772
81 0.820927 0.560916 0.0178812
82 0.822402 0.565369 0.0212083
83 0.822402 0.555684 0.0194192
84 0.822402 0.539211 0.020573
85 0.822402 0.550543 0.0200241
86 0.822402 0.557107 0.021153
87 0.822402 0.54686 0.01937
88 0.823139 0.552705 0.019635
89 0.823139 0.561646 0.0195505
90 0.823139 0.537168 0.0188671
91 0.823139 0.562265 0.0214413
92 0.823139 0.565303 0.0203465
93 0.823139 0.548266 0.0198285
94 0.823139 0.552063 0.0214776
95 0.823139 0.555315 0.0225847
96 0.823139 0.549988 0.0200354
97 0.836122 0.55373 0.0215904
98 0.836122 0.531748 0.0216259
99 0.836122 0.532951 0.0221489
100 0.836122 0.551821 0.0200046
101 0.836122 0.556816 0.0192684
102 0.836122 0.561462 0.0194687
103 0.836122 0.551806 0.0193321
104 0.836122 0.54513 0.0201877
105 0.836122 0.549065 0.0187372
106 0.836122 0.558239 0.0188995
107 0.836122 0.570962 0.0202983
108 0.836122 0.569325 0.0204752
109 0.836122 0.547764 0.0204373
110 0.836122 0.557949 0.01898
111 0.836122 0.558296 0.0213401
112 0.836122 0.54918 0.0210574
113 0.836122 0.558809 0.0210987
114 0.836122 0.545159 0.0237314
115 0.836122 0.54333 0.0196889
116 0.836122 0.553788 0.0211325
117 0.836122 0.548504 0.0190324
118 0.836122 0.536389 0.0159772
119 0.836122 0.552149 0.0190111
120 0.836122 0.543628 0.0181609
121 0.836122 0.535985 0.019695
122 0.836122 0.531319 0.0192906
123 0.836122 0.551322 0.0177701
124 0.836122 0.560252 0.0188605
125 0.836122 0.562466 0.0197523
126 0.836122 0.558664 0.0200758
127 0.836122 0.558069 0.0203826
128 0.836122 0.544935 0.0199043
129 0.836122 0.543571 0.0223363
130 0.836122 0.545015 0.0205101
131 0.836122 0.557381 0.0178651
132 0.836122 0.555105 0.0187805
133 0.836122 0.554777 0.0193356
134 0.836122 0.589923 0.0208367
135 0.836122 0.584626 0.0196364
136 0.836122 0.575377 0.0204103
137 0.836122 0.557511 0.0214128
138 0.836122 0.572698 0.0208983
139 0.836122 0.581624 0.0187209
140 0.836122 0.5611 0.0180895
141 0.836122 0.553774 0.0210479
142 0.836122 0.55764 0.0192084
143 0.836122 0.564057 0.0222029
144 0.836122 0.555583 0.0232141
145 0.836122 0.56062 0.0206025
146 0.836122 0.5472 0.0224994
147 0.836122 0.558448 0.0198937
148 0.836122 0.558164 0.0209606
149 0.836122 0.558237 0.0200393
150 0.844326 0.556912 0.0214179
151 0.844326 0.556863 0.0222562
152 0.844326 0.548488 0.024497
153 0.844326 0.561858 0.0269969
154 0.844326 0.565996 0.025955
155 0.844326 0.550858 0.0227137
156 0.847208 0.54998 0.023555
157 0.847208 0.559358 0.0233744
158 0.847208 0.55296 0.0220825
159 0.847208 0.555156 0.023212
160 0.847208 0.566464 0.0210508
161 0.847208 0.543059 0.0220033
162 0.847208 0.551314 0.0215013
163 0.847208 0.552568 0.0224924
164 0.847208 0.557465 0.0201236
165 0.847208 0.556375 0.0222382
166 0.847208 0.55474 0.0223343
167 0.847208 0.55939 0.022459
168 0.847208 0.552699 0.0219409
169 0.847208 0.564571 0.0192165
170 0.847208 0.574474 0.0181992
171 0.847208 0.563432 0.0199159
172 0.847208 0.56021 0.0205743
173 0.847208 0.549752 0.0196747
174 0.847208 0.559516 0.0202396
175 0.847208 0.562906 0.0231175
176 0.847208 0.56668 0.0203321
177 0.847208 0.542794 0.0204601
178 0.847208 0.565798 0.0234364
179 0.847208 0.550366 0.0217948
180 0.847208 0.572649 0.0239468
181 0.847208 0.575657 0.0207059
182 0.847208 0.583228 0.0204836
183 0.847208 0.591748 0.020653
184 0.847208 0.567366 0.0214099
185 0.847208 0.563187 0.0215715
186 0.847208 0.566373 0.0245111
187 0.847208 0.578544 0.0241358
188 0.847208 0.553148 0.0220135
189 0.847208 0.560194 0.0199818
190 0.847208 0.561412 0.0216747
191 0.847208 0.576736 0.0236123
192 0.847208 0.553408 0.0210113
193 0.847208 0.555281 0.0211873
194 0.847208 0.562269 0.0199051
195 0.847208 0.563292 0.0214222
196 0.847208 0.592608 0.0225108
197 0.847208 0.586062 0.0228227
198 0.847208 0.562555 0.0221232
199 0.847208 0.558958 0.0203733
200 0.847208 0.549213 0.0221857
201 0.847208 0.540178 0.0212573
202 0.847208 0.539229 0.0215164
203 0.847208 0.52623 0.0211774
204 0.847208 0.532529 0.0232019
205 0.847208 0.540973 0.0212243
206 0.847208 0.551565 0.024982
207 0.847208 0.5466 0.0224055
208 0.847208 0.532156 0.0242011
209 0.847208 0.555142 0.0232124
210 0.847208 0.536704 0.0212617
211 0.847208 0.555369 0.0214824
212 0.847208 0.561394 0.0198569
213 0.847208 0.555229 0.0227746
214 0.847208 0.554506 0.0215946
215 0.847208 0.551289 0.0235227
216 0.847208 0.537204 0.0239131
217 0.847208 0.54547 0.0240593
218 0.847208 0.541517 0.0228774
219 0.847208 0.524608 0.02128
220 0.847208 0.528069 0.0266761
221 0.847208 0.51256 0.0265318
222 0.847208 0.561802 0.0255788
223 0.847208 0.565077 0.0216571
224 0.847208 0.557397 0.021393
225 0.847208 0.587477 0.0201085
226 0.847208 0.597258 0.021296
227 0.847208 0.589902 0.021136
228 0.847358 0.574251 0.0224352
229 0.847358 0.561864 0.0218264
230 0.847358 0.542949 0.0226917
231 0.847358 0.563673 0.0200707
232 0.847358 0.55801 0.019398
233 0.847358 0.54624 0.0192367
234 0.847358 0.56365 0.023857
235 0.847358 0.565705 0.0244986
236 0.847358 0.572581 0.0206522
237 0.847358 0.576059 0.0195431
238 0.847358 0.568411 0.022452
239 0.847358 0.563297 0.0233599
240 0.847358 0.569806 0.0226426
241 0.847358 0.567356 0.0197208
242 0.847358 0.559053 0.0211852
243 0.847358 0.566588 0.0219938
244 0.847358 0.574214 0.0216543
245 0.847358 0.58697 0.0234582
246 0.847358 0.557959 0.023735
247 0.847358 0.573372 0.0229289
248 0.847358 0.556461 0.0234407
249 0.847358 0.559709 0.0215915
250 0.847358 0.581196 0.0207471
251 0.851605 0.572188 0.0224499
252 0.851661 0.576238 0.022269
253 0.851661 0.579367 0.0209751
254 0.851661 0.590475 0.0210494
255 0.851661 0.573343 0.0225498
256 0.851661 0.573386 0.0229039
257 0.851661 0.558712 0.0193073
258 0.851661 0.559858 0.0218089
259 0.851661 0.542599 0.0230317
260 0.851661 0.558297 0.0206663
261 0.851661 0.578442 0.0196706
262 0.851661 0.565014 0.0230793
263 0.851661 0.566377 0.0258046
264 0.851661 0.560242 0.0238303
265 0.851661 0.553217 0.0228929
266 0.851661 0.564603 0.0209408
267 0.851661 0.560936 0.0205914
268 0.851661 0.56178 0.0203834
269 0.851661 0.569301 0.0214572
270 0.851661 0.561004 0.0218287
271 0.851661 0.568369 0.0227766
272 0.851661 0.580326 0.0228419
273 0.851661 0.579991 0.0226027
274 0.851661 0.566896 0.0207181
275 0.851661 0.563441 0.0212683
276 0.851661 0.574097 0.0250429
277 0.851661 0.571699 0.0231335
278 0.851661 0.57035 0.0217377
279 0.851661 0.571933 0.0236437
280 0.851661 0.560232 0.0239801
281 0.851661 0.561487 0.023543
282 0.851661 0.547552 0.0221406
283 0.851661 0.552193 0.0201121
284 0.851661 0.549454 0.0240993
285 0.851661 0.569339 0.0192046
286 0.851661 0.567757 0.023062
287 0.851661 0.567592 0.020692
288 0.851661 0.566442 0.0213119
289 0.851661 0.562377 0.0218986
290 0.851661 0.556434 0.0196591
291 0.851661 0.551022 0.0200422
292 0.851661 0.54786 0.0237834
293 0.851661 0.57033 0.0221816
294 0.851661 0.564364 0.0242307
295 0.851661 0.559045 0.0247524
296 0.851661 0.55786 0.0233975
297 0.852533 0.55885 0.0232685
298 0.852533 0.552564 0.0206868
299 0.852533 0.560677 0.023097
300 0.852533 0.544626 0.0209632
301 0.852533 0.551574 0.0220883
302 0.852533 0.551035 0.0229728
303 0.852533 0.561039 0.0223969
304 0.852533 0.564229 0.0221936
305 0.852533 0.573139 0.0193455
306 0.852533 0.585281 0.0220059
307 0.852533 0.58227 0.0204832
308 0.852533 0.582169 0.0211445
309 0.854005 0.594767 0.0217809
310 0.854005 0.592106 0.0200994
311 0.854005 0.567572 0.0211223
312 0.854005 0.56577 0.0225089
313 0.854005 0.548881 0.0251942
314 0.854005 0.545356 0.0232388
315 0.854005 0.565038 0.0224753
316 0.854005 0.57839 0.0220516
317 0.854005 0.570011 0.0211517
318 0.854005 0.558404 0.0228246
319 0.854005 0.546486 0.0260121
320 0.854005 0.547166 0.0239628
321 0.854005 0.553589 0.0216075
322 0.854005 0.550829 0.021696
323 0.854005 0.537007 0.0240882
324 0.854005 0.555027 0.0235276
325 0.854005 0.544911 0.020365
326 0.854005 0.523385 0.019802
327 0.854005 0.52125 0.0245338
328 0.854005 0.553106 0.0262893
329 0.854005 0.554138 0.0272211
330 0.854005 0.560919 0.0219877
331 0.854005 0.581282 0.0210236
332 0.854067 0.57189 0.0234658
333 0.854067 0.588396 0.0210666
334 0.854067 0.596376 0.0217893
335 0.854067 0.598028 0.0208149
336 0.854067 0.568234 0.0191364
337 0.854067 0.571903 0.0210927
338 0.854067 0.584111 0.0209234
339 0.854067 0.583057 0.0208593
340 0.854067 0.604868 0.0192985
341 0.854067 0.605598 0.0198167
342 0.854067 0.583472 0.0187537
343 0.854067 0.59285 0.0207152
344 0.854067 0.591784 0.0208393
345 0.854067 0.582307 0.0231796
346 0.854067 0.581671 0.0227053
347 0.854067 0.567262 0.0240256
348 0.854067 0.571928 0.0238962
349 0.854067 0.588894 0.0221021
350 0.854067 0.58475 0.0216212
351 0.854067 0.571209 0.021956
352 0.854067 0.547141 0.0212923
353 0.854067 0.544001 0.0227525
354 0.854067 0.569935 0.0242034
355 0.854067 0.558054 0.0214348
356 0.854067 0.567725 0.0225765
357 0.854115 0.57819 0.0242954
358 0.854115 0.566716 0.0226009
359 0.854115 0.562672 0.0240379
360 0.854115 0.569681 0.0232373
361 0.854115 0.580872 0.0236126
362 0.854115 0.577402 0.0226291
363 0.854116 0.569711 0.023328
364 0.854116 0.570238 0.0225887
365 0.85413 0.544039 0.0238633
366 0.85413 0.564169 0.0219467
367 0.85413 0.558346 0.0222669
368 0.85413 0.553339 0.0225487
369 0.85413 0.566322 0.0236186
370 0.854131 0.569047 0.0253797
371 0.854131 0.570275 0.0274439
372 0.854131 0.550524 0.0227618
373 0.854131 0.565943 0.0287935
374 0.854131 0.556428 0.0258789
375 0.854131 0.559006 0.0221698
376 0.854131 0.540314 0.0201453
377 0.854131 0.558215 0.0261084
378 0.854131 0.566069 0.0261266
379 0.854131 0.572692 0.0225498
380 0.854131 0.565018 0.0213767
381 0.854131 0.566522 0.0243203
382 0.854131 0.581211 0.0197554
383 0.854131 0.562868 0.021794
384 0.854131 0.567192 0.0232968
385 0.854131 0.561935 0.0216426
386 0.854131 0.568427 0.0223507
387 0.854131 0.565923 0.0206997
388 0.854131 0.568693 0.0234362
389 0.854131 0.566137 0.0226253
390 0.854131 0.561195 0.023231
391 0.854131 0.543996 0.0202721
392 0.854131 0.557144 0.0234574
393 0.854131 0.544114 0.0236419
394 0.854131 0.559908 0.0222776
395 0.854131 0.554407 0.0237708
396 0.854131 0.545274 0.0230822
397 0.854131 0.558067 0.0250926
398 0.854131 0.555057 0.022017
399 0.854131 0.559673 0.0235465
400 0.854131 0.563596 0.0259078
401 0.854131 0.539809 0.0226507
402 0.854131 0.559899 0.0232801
403 0.854131 0.552484 0.0220932
404 0.854131 0.561413 0.0228178
405 0.854131 0.557217 0.022058
406 0.854131 0.568843 0.0252264
407 0.854131 0.581875 0.0205885
408 0.854131 0.568359 0.0211839
409 0.854131 0.558376 0.0249366
410 0.854131 0.558176 0.0210412
411 0.854131 0.559382 0.0205527
412 0.854131 0.570884 0.0240951
413 0.854131 0.561457 0.0223052
414 0.854131 0.555023 0.022183
415 0.854131 0.576495 0.0230805
416 0.854131 0.593908 0.0214186
417 0.854131 0.578487 0.0218983
418 0.854131 0.569211 0.021135
419 0.854131 0.56846 0.0195585
420 0.854131 0.579833 0.0221826
421 0.854131 0.589083 0.020903
422 0.854131 0.586292 0.0189248
423 0.854131 0.570021 0.0212795
424 0.854131 0.591113 0.0203201
425 0.854131 0.596026 0.0196972
426 0.854131 0.586231 0.019759
427 0.854131 0.590094 0.0230723
428 0.854131 0.580381 0.0238486
429 0.854131 0.596057 0.0231172
430 0.854131 0.596224 0.0218947
431 0.854131 0.603993 0.0186714
432 0.855066 0.594225 0.0191118
433 0.855066 0.599091 0.0186831
434 0.855066 0.56583 0.0223033
435 0.855066 0.577912 0.0254002
436 0.855066 0.565834 0.0233946
437 0.855066 0.569515 0.0222367
438 0.855066 0.571001 0.0217143
439 0.855066 0.561164 0.0196048
440 0.855066 0.551309 0.0181941
441 0.855066 0.567059 0.0193037
442 0.855066 0.581035 0.0213941
443 0.855066 0.581316 0.0222861
444 0.855066 0.56761 0.0222146
445 0.855066 0.57106 0.0204389
446 0.855066 0.591275 0.0252817
447 0.855066 0.586429 0.0233356
448 0.855066 0.582932 0.0230489
449 0.855066 0.589447 0.0205114
450 0.855066 0.554147 0.0232947
451 0.855066 0.565163 0.0237931
452 0.855066 0.565089 0.0230039
453 0.855066 0.566954 0.021557
454 0.855066 0.552808 0.0231235
455 0.855066 0.560641 0.0234792
456 0.855066 0.567304 0.0217173
457 0.855066 0.574858 0.0202574
458 0.855066 0.587904 0.0211445
459 0.855066 0.573773 0.0218521
460 0.855066 0.568311 0.0228408
461 0.855066 0.583182 0.0232745
462 0.855066 0.601574 0.0240025
463 0.855066 0.571286 0.0231076
464 0.855066 0.582657 0.0200212
465 0.855066 0.564324 0.0233446
466 0.855066 0.547663 0.0233459
467 0.855066 0.542055 0.0247498
468 0.855066 0.549581 0.0270118
469 0.855066 0.539539 0.0239407
470 0.855066 0.539877 0.0248139
471 0.855066 0.534284 0.0251497
472 0.855066 0.526539 0.0224979
473 0.855084 0.531724 0.025676
474 0.855084 0.549243 0.0261405
475 0.855084 0.555339 0.0224498
476 0.855084 0.573286 0.0212278
477 0.855084 0.578309 0.0208638
478 0.855084 0.55796 0.0237242
479 0.855084 0.565808 0.0255124
480 0.855084 0.587245 0.0214787
481 0.855084 0.581171 0.0234864
482 0.855084 0.577398 0.0220693
483 0.855084 0.582996 0.0196129
484 0.855084 0.564295 0.0234936
485 0.855084 0.56372 0.0225427
486 0.855084 0.576944 0.0245668
487 0.855084 0.564077 0.0248528
488 0.855173 0.572203 0.0238771
489 0.855173 0.579974 0.0241297
490 0.855173 0.575149 0.0235107
491 0.855173 0.553094 0.0210915
492 0.855173 0.545884 0.0221091
493 0.855173 0.550177 0.0225505
494 0.855173 0.561414 0.0238821
495 0.855173 0.554005 0.0260842
496 0.855173 0.572463 0.0231809
497 0.855173 0.580748 0.0231441
498 0.855173 0.573253 0.0230308
499 0.855173 0.561714 0.0244226
500 0.855173 0.563378 0.0236606
501 0.855173 0.551724 0.0218597
502 0.855173 0.559332 0.0209422
503 0.855173 0.571695 0.022528
504 0.855173 0.554654 0.0209687
505 0.855173 0.578361 0.0213818
506 0.855173 0.57761 0.0222637
507 0.855173 0.564466 0.0218499
508 0.855173 0.568948 0.0234937
509 0.855173 0.557343 0.0218877
510 0.855173 0.572116 0.0224476
511 0.855173 0.576718 0.0200305
512 0.855173 0.565274 0.018558
513 0.855173 0.575905 0.0198879
514 0.855173 0.566117 0.0195982
515 0.855173 0.575388 0.0224345
516 0.855173 0.568265 0.0218693
517 0.855173 0.577535 0.0193975
518 0.855173 0.579229 0.0205216
519 0.855174 0.574428 0.0232052
520 0.855174 0.544039 0.0214184
521 0.855174 0.547356 0.0207936
522 0.855174 0.557248 0.023065
523 0.855174 0.566581 0.0275384
524 0.855174 0.572836 0.0231375
525 0.855174 0.584029 0.0208069
526 0.855174 0.581627 0.0221549
527 0.855174 0.571984 0.024317
528 0.855174 0.595989 0.0219419
529 0.855174 0.589206 0.0218123
530 0.855174 0.59157 0.0212889
531 0.855174 0.581728 0.0193419
532 0.855174 0.589546 0.0225013
533 0.855174 0.56957 0.0221815
534 0.855174 0.566525 0.0247474
535 0.855174 0.587018 0.0235612
536 0.855174 0.578489 0.0232284
537 0.855174 0.578769 0.0234233
538 0.855174 0.565187 0.0246092
539 0.855174 0.580095 0.0223204
540 0.855174 0.571991 0.0231888
541 0.855174 0.567407 0.020202
542 0.855174 0.562619 0.0235048
543 0.855174 0.551257 0.0215495
544 0.855174 0.553881 0.0242397
545 0.855174 0.556378 0.0228414
546 0.855174 0.557283 0.0226302
547 0.855174 0.589865 0.0215826
548 0.855174 0.582896 0.0199674
549 0.855174 0.577465 0.0233011
550 0.855174 0.585287 0.0226743
551 0.855174 0.573528 0.0221935
552 0.855174 0.583788 0.0224918
553 0.855174 0.596458 0.0209334
554 0.855174 0.585125 0.0180059
555 0.855174 0.578098 0.0208141
556 0.855174 0.552825 0.02075
557 0.855175 0.57472 0.0193232
558 0.855175 0.570011 0.019633
559 0.855175 0.578631 0.0183174
560 0.855175 0.548704 0.0197847
561 0.855175 0.560346 0.0205922
562 0.855175 0.553166 0.0218053
563 0.855175 0.563883 0.0226061
564 0.855175 0.577557 0.0214582
565 0.855175 0.572011 0.0228624
566 0.855175 0.562043 0.022405
567 0.855175 0.566874 0.0229643
568 0.855175 0.553468 0.0218856
569 0.855175 0.548573 0.0195704
570 0.855175 0.545873 0.0207965
571 0.855175 0.564867 0.0245708
572 0.855175 0.539547 0.0211298
573 0.855175 0.534308 0.0222173
574 0.855175 0.564177 0.0230206
575 0.855175 0.561132 0.0214636
576 0.855175 0.555301 0.024039
577 0.855175 0.553162 0.0245814
578 0.855175 0.558369 0.0239521
579 0.855175 0.575308 0.0231095
580 0.855175 0.554994 0.02352
581 0.855175 0.564886 0.0199462
582 0.855175 0.574794 0.0232303
583 0.855175 0.572593 0.0211184
584 0.855175 0.567889 0.0232328
585 0.855175 0.58771 0.0233084
586 0.855175 0.584904 0.0227651
587 0.855175 0.567494 0.0215343
588 0.855175 0.563204 0.0201419
589 0.855175 0.55456 0.0213181
590 0.855175 0.56871 0.0190164
591 0.855175 0.571958 0.021939
592 0.855175 0.559979 0.0235544
593 0.855175 0.567797 0.0236405
594 0.855175 0.5657 0.023455
595 0.855175 0.5892 0.023339
596 0.855175 0.57205 0.02064
597 0.855175 0.58108 0.0246693
598 0.855617 0.568579 0.0231962
599 0.855617 0.560288 0.0231244
600 0.855617 0.546162 0.0229723
601 0.855617 0.553324 0.0219957
602 0.855617 0.560722 0.0249875
603 0.855617 0.558175 0.0231884
604 0.855617 0.563264 0.024167
605 0.855617 0.568657 0.0238334
606 0.855617 0.575254 0.0198586
607 0.855617 0.587982 0.0209792
608 0.855617 0.575868 0.0223818
609 0.855617 0.58444 0.0209433
610 0.855617 0.576541 0.0212664
611 0.855617 0.569525 0.0226863
612 0.855617 0.563448 0.0184704
613 0.855617 0.56979 0.022538
614 0.855617 0.573442 0.0228179
615 0.855617 0.55934 0.0246367
616 0.855617 0.563471 0.0232879
617 0.855617 0.569128 0.0225952
618 0.855617 0.575152 0.0233162
619 0.855617 0.574016 0.0259722
620 0.855617 0.549397 0.0252399
621 0.855617 0.551676 0.0262103
622 0.855617 0.552189 0.0257427
623 0.855617 0.539067 0.0247367
624 0.855617 0.567722 0.0220758
625 0.855617 0.54778 0.025333
626 0.855617 0.568663 0.0229022
627 0.855617 0.571362 0.0257263
628 0.855617 0.560732 0.0232868
629 0.855617 0.55751 0.0229764
630 0.855617 0.546768 0.0239548
631 0.855617 0.565915 0.0215951
632 0.855617 0.555867 0.0240353
633 0.855617 0.568859 0.0214428
634 0.855617 0.571144 0.0210412
635 0.855617 0.571369 0.0233132
636 0.855617 0.573812 0.0212617
637 0.855617 0.560138 0.0197831
638 0.855617 0.57367 0.0186326
639 0.855617 0.559754 0.0184855
640 0.855617 0.560868 0.0199482
641 0.855617 0.575466 0.0218479
642 0.855617 0.584598 0.0228738
643 0.855617 0.587889 0.024287
644 0.855617 0.598195 0.0216709
645 0.855617 0.586666 0.0236702
646 0.855617 0.581347 0.0216736
647 0.855617 0.588249 0.0226357
648 0.855617 0.585561 0.0215907
649 0.855617 0.586683 0.0230164
650 0.855617 0.587454 0.0245608
651 0.855617 0.580136 0.0276964
652 0.855617 0.58021 0.0249039
653 0.855617 0.591754 0.0225394
654 0.855617 0.560946 0.025385
655 0.855617 0.567709 0.0256308
656 0.855617 0.566575 0.0254872
657 0.855617 0.558126 0.0218713
658 0.855617 0.555578 0.0207145
659 0.855617 0.556925 0.0240234
660 0.855617 0.560383 0.0240357
661 0.855617 0.567809 0.0209496
662 0.855617 0.561246 0.0237956
663 0.855617 0.575397 0.0253886
664 0.855617 0.605172 0.0224991
665 0.855617 0.589796 0.0213923
666 0.855617 0.584424 0.02159
667 0.855617 0.564816 0.0200757
668 0.855617 0.550948 0.019624
669 0.855617 0.559485 0.0192393
670 0.855617 0.576369 0.0198041
671 0.855617 0.562604 0.0187329
672 0.855617 0.574417 0.0211326
673 0.855617 0.563267 0.0219796
674 0.855617 0.562769 0.0238532
675 0.855617 0.556866 0.0217039
676 0.855617 0.560057 0.0221925
677 0.855617 0.53778 0.0242453
678 0.855617 0.545692 0.0220103
679 0.855617 0.567921 0.0207324
680 0.855617 0.565349 0.0229054
681 0.855617 0.559791 0.0233717
682 0.855617 0.555277 0.0246894
683 0.855617 0.562951 0.0251835
684 0.855617 0.558345 0.023049
685 0.855617 0.564031 0.0236353
686 0.855617 0.568644 0.0238801
687 0.855617 0.56794 0.0221597
688 0.855617 0.572592 0.0220869
689 0.855617 0.571156 0.0218391
690 0.855617 0.590868 0.0196068
691 0.855617 0.572138 0.0239978
692 0.855617 0.578984 0.0215695
693 0.855617 0.588607 0.0208376
694 0.855617 0.580731 0.0225508
695 0.855617 0.561738 0.0219151
696 0.855617 0.550999 0.0194829
697 0.855617 0.561464 0.0231379
698 0.855617 0.552891 0.0214239
699 0.855617 0.564837 0.0211328
700 0.855617 0.566663 0.023866
701 0.855617 0.561164 0.0212621
702 0.855617 0.566255 0.0231595
703 0.855617 0.558134 0.0219121
704 0.855617 0.567167 0.022429
705 0.855617 0.579962 0.0209165
706 0.855617 0.572223 0.0250579
707 0.855617 0.565432 0.0257265
708 0.855617 0.571196 0.0210644
709 0.855617 0.569225 0.02397
710 0.855617 0.562058 0.0212359
711 0.855617 0.565921 0.0212965
712 0.855617 0.578176 0.0231116
713 0.855617 0.571289 0.024627
714 0.855617 0.556662 0.0199329
715 0.855617 0.559285 0.0220371
716 0.855617 0.558329 0.0223808
717 0.855617 0.560936 0.0246096
718 0.855617 0.553792 0.0240429
719 0.855617 0.540082 0.0246782
720 0.855617 0.582017 0.0239602
721 0.855617 0.568975 0.0233092
722 0.855617 0.570283 0.0205651
723 0.855617 0.551155 0.0208975
724 0.855617 0.545751 0.0238595
725 0.855617 0.550778 0.0199112
726 0.855617 0.567442 0.0234125
727 0.855617 0.579766 0.02202
728 0.855617 0.559891 0.0214489
729 0.855617 0.565792 0.0216394
730 0.855617 0.576551 0.0244646
731 0.855617 0.577396 0.0246628
732 0.855617 0.566327 0.0242554
733 0.855617 0.564163 0.0228507
734 0.855617 0.580504 0.023022
735 0.855617 0.592268 0.0221064
736 0.855617 0.584715 0.0261336
737 0.855617 0.574068 0.0254813
738 0.855617 0.59337 0.0245376
739 0.855617 0.585864 0.0235824
740 0.855617 0.590555 0.0216486
741 0.855617 0.584551 0.0226627
742 0.855617 0.584659 0.0212965
743 0.855617 0.563044 0.0223809
744 0.855617 0.569555 0.0234537
745 0.855617 0.55792 0.0238928
746 0.855617 0.550632 0.0241625
747 0.855617 0.54809 0.0256342
748 0.855617 0.543442 0.0253298
749 0.855617 0.54974 0.0246086
750 0.855617 0.563152 0.0216735
751 0.855617 0.58405 0.0204405
752 0.855617 0.584229 0.0196413
753 0.855617 0.560616 0.0219246
754 0.855617 0.563224 0.0210024
755 0.855617 0.554208 0.0247002
756 0.855617 0.561817 0.0225499
757 0.855617 0.563671 0.0210359
758 0.855617 0.554773 0.0224717
759 0.855617 0.561615 0.0208074
760 0.855617 0.582866 0.0205701
761 0.855617 0.590647 0.022705
762 0.855617 0.569569 0.0229946
763 0.855617 0.559653 0.0220834
764 0.855617 0.542476 0.0229926
765 0.855617 0.54853 0.0263623
766 0.855617 0.543682 0.020792
767 0.855617 0.559528 0.0200321
768 0.855617 0.553741 0.0248207
769 0.855617 0.53681 0.022851
770 0.855617 0.543217 0.0191754
771 0.855617 0.551105 0.0213373
772 0.855617 0.57143 0.0212094
773 0.855617 0.560032 0.020427
774 0.855617 0.573771 0.0224208
775 0.855617 0.564685 0.0221629
776 0.855617 0.56725 0.0221349
777 0.855617 0.567449 0.0234076
778 0.855617 0.566903 0.020251
779 0.855617 0.57126 0.0198892
780 0.855617 0.560934 0.019057
781 0.855617 0.566047 0.0223751
782 0.855617 0.56234 0.0237317
783 0.855617 0.5645 0.0218926
784 0.855617 0.572725 0.0234168
785 0.855617 0.55529 0.0211509
786 0.855617 0.576353 0.019974
787 0.855617 0.568758 0.0201684
788 0.855617 0.560778 0.0222466
789 0.855617 0.5608 0.023495
790 0.855617 0.585558 0.0223904
791 0.855617 0.580247 0.0206944
792 0.855617 0.59676 0.0228002
793 0.855617 0.586386 0.0206579
794 0.855617 0.598141 0.0219883
795 0.855617 0.593875 0.0245758
796 0.855617 0.570349 0.022097
797 0.855617 0.578844 0.022901
798 0.855617 0.55697 0.0248969
799 0.855617 0.570558 0.0209609
800 0.855617 0.553237 0.0235031
801 0.855617 0.570347 0.0192682
802 0.855617 0.557347 0.0214183
803 0.855617 0.555238 0.0228447
804 0.855617 0.552531 0.0265162
805 0.855617 0.563262 0.0258056
806 0.855617 0.551599 0.0254451
807 0.855617 0.543977 0.0246537
808 0.855617 0.556639 0.0249858
809 0.855617 0.573222 0.0226583
810 0.855617 0.553365 0.0209589
811 0.855617 0.549992 0.0219056
812 0.855617 0.56727 0.0202535
813 0.855617 0.561713 0.0222966
814 0.855617 0.580541 0.0226838
815 0.855617 0.567624 0.024145
816 0.855617 0.566725 0.0222971
817 0.855617 0.554999 0.0243426
818 0.855617 0.526247 0.022414
819 0.855617 0.519716 0.0226357
820 0.855617 0.527716 0.0219567
821 0.855617 0.540355 0.0250124
822 0.855617 0.552984 0.0243091
823 0.855617 0.554773 0.0226706
824 0.855617 0.551601 0.0221042
825 0.855617 0.564486 0.0203079
826 0.855617 0.548011 0.0209695
827 0.855617 0.539502 0.0210758
828 0.855617 0.561999 0.0218223
829 0.855617 0.552158 0.0213752
830 0.855617 0.555695 0.0208328
831 0.855617 0.542387 0.0213947
832 0.855617 0.54779 0.0221503
833 0.855617 0.566013 0.0214632
834 0.855617 0.5645 0.0221143
835 0.855617 0.550363 0.0223844
836 0.855617 0.572884 0.0224347
837 0.855617 0.560791 0.0206553
838 0.855617 0.55363 0.0233656
839 0.855617 0.561519 0.0212221
840 0.855617 0.577171 0.0214132
841 0.855617 0.562132 0.0219482
842 0.855617 0.556142 0.0225446
843 0.855617 0.561861 0.020996
844 0.855617 0.561585 0.0241666
845 0.855617 0.547758 0.0228912
846 0.855617 0.566052 0.0219179
847 0.855617 0.552353 0.0213626
848 0.855617 0.549345 0.0226797
849 0.855617 0.540446 0.0241224
850 0.855617 0.540912 0.02375
851 0.855617 0.530227 0.022951
852 0.855617 0.544018 0.0258716
853 0.855617 0.542391 0.0269689
854 0.855617 0.540673 0.0258774
855 0.855617 0.560555 0.0217257
856 0.855617 0.569758 0.0210938
857 0.855617 0.568797 0.0203234
858 0.855617 0.546791 0.0239559
859 0.855617 0.549926 0.0244645
860 0.855617 0.548225 0.02423
861 0.855617 0.552827 0.0254428
862 0.855617 0.555411 0.0248004
863 0.855617 0.549351 0.0266056
864 0.855617 0.563965 0.0237186
865 0.855617 0.580534 0.0211921
866 0.855617 0.571445 0.0222685
867 0.855617 0.558333 0.0221768
868 0.855617 0.543326 0.021978
869 0.855617 0.543428 0.0225457
870 0.855617 0.544037 0.0259996
871 0.855617 0.527685 0.0243616
872 0.855617 0.55788 0.0243221
873 0.855617 0.545895 0.0226344
874 0.855617 0.576573 0.0205051
875 0.855617 0.564078 0.0231342
876 0.855617 0.562945 0.022944
877 0.855617 0.57644 0.0217971
878 0.855617 0.586728 0.0216651
879 0.855617 0.575806 0.0226962
880 0.855617 0.562166 0.0179405
881 0.855617 0.548691 0.0200575
882 0.855617 0.54578 0.0214401
883 0.855617 0.54526 0.0224357
884 0.855617 0.557423 0.0219268
885 0.855617 0.541285 0.0223152
886 0.855617 0.54063 0.022195
887 0.855617 0.535341 0.025638
888 0.855617 0.528695 0.025424
889 0.855617 0.535087 0.0255036
890 0.855617 0.539772 0.0236337
891 0.855617 0.538999 0.0246945
892 0.855617 0.525899 0.0260697
893 0.855617 0.552768 0.0270302
894 0.855617 0.541114 0.0259763
895 0.855617 0.543078 0.023059
896 0.855617 0.537218 0.0230985
897 0.855617 0.552686 0.0274108
898 0.855617 0.550411 0.0268089
899 0.855617 0.549211 0.0249755
900 0.855617 0.545181 0.0265481
901 0.855617 0.560089 0.0243703
902 0.855617 0.555176 0.0250125
903 0.855617 0.560138 0.0286226
904 0.855617 0.561523 0.0272759
905 0.855617 0.570093 0.0254672
906 0.855617 0.526728 0.0233913
907 0.855617 0.545729 0.0242452
908 0.855617 0.564557 0.0216633
909 0.855617 0.551573 0.0211697
910 0.855617 0.55826 0.0222524
911 0.855617 0.569149 0.022751
912 0.855617 0.556849 0.0228752
913 0.855617 0.566578 0.0214385
914 0.855617 0.564163 0.0233649
915 0.855617 0.558004 0.0239669
916 0.855617 0.557041 0.0213358
917 0.855617 0.552546 0.0232566
918 0.855617 0.540928 0.0214653
919 0.855617 0.554216 0.0230445
920 0.855617 0.565368 0.0222761
921 0.855617 0.567376 0.0209918
922 0.855617 0.569388 0.02294
923 0.855617 0.567637 0.023538
924 0.855617 0.545226 0.0233378
925 0.855617 0.560238 0.024256
926 0.855617 0.57318 0.0242051
927 0.855617 0.57212 0.023745
928 0.855617 0.578201 0.0227733
929 0.855617 0.582579 0.0249813
930 0.855617 0.571064 0.0204059
931 0.855617 0.567776 0.0207875
932 0.855617 0.571756 0.0226113
933 0.855617 0.572927 0.0205472
934 0.855617 0.566101 0.0222963
935 0.855617 0.578903 0.0215048
936 0.855617 0.580096 0.0221266
937 0.855617 0.57437 0.0207408
938 0.855617 0.58498 0.0193276
939 0.855617 0.583191 0.0193154
940 0.855617 0.585488 0.0200325
941 0.855617 0.575286 0.021975
942 0.855617 0.576877 0.0235039
943 0.855617 0.582734 0.0220691
944 0.855617 0.546999 0.022083
945 0.855617 0.541727 0.0199418
946 0.855617 0.551151 0.0220949
947 0.855617 0.585275 0.0246352
948 0.855617 0.573892 0.0198859
949 0.855617 0.594728 0.0215007
950 0.855617 0.59419 0.0192816
951 0.855617 0.569035 0.0212752
952 0.855617 0.568962 0.022128
953 0.855617 0.564046 0.0231514
954 0.855617 0.577005 0.0257833
955 0.855617 0.583898 0.0219866
956 0.855617 0.580674 0.023812
957 0.855617 0.578221 0.0216079
958 0.855617 0.566659 0.022452
959 0.855617 0.557687 0.0229331
960 0.855617 0.56601 0.0248485
961 0.855617 0.564759 0.0223069
962 0.855617 0.582862 0.0225649
963 0.855617 0.569727 0.0218139
964 0.855617 0.571752 0.0232733
965 0.855617 0.573022 0.0218661
966 0.855617 0.571099 0.0240947
967 0.857226 0.58231 0.0251162
968 0.857226 0.581128 0.0208553
969 0.857226 0.579632 0.0239601
970 0.864617 0.565319 0.0250611
971 0.864617 0.552394 0.0263025
972 0.864617 0.548826 0.0245842
973 0.864617 0.552261 0.0248408
974 0.864617 0.551623 0.0255638
975 0.864617 0.544449 0.0235747
976 0.864617 0.539832 0.0210246
977 0.864617 0.55783 0.0197314
978 0.864617 0.548537 0.02388
979 0.864617 0.536315 0.0257078
980 0.864617 0.5454 0.0259615
981 0.864617 0.524625 0.0268804
982 0.864617 0.527759 0.0258132
983 0.864617 0.52504 0.0220693
984 0.864617 0.553354 0.0216776
985 0.864617 0.561855 0.0222106
986 0.864617 0.57033 0.0216699
987 0.864617 0.563339 0.0231305
988 0.864617 0.558572 0.0222894
989 0.864617 0.540322 0.0205531
990 0.864617 0.520757 0.022295
991 0.864617 0.525827 0.0188095
992 0.864617 0.537892 0.0200711
993 0.864617 0.535582 0.0201022
994 0.864617 0.52243 0.0216233
995 0.864617 0.537382 0.0236968
996 0.864617 0.553986 0.0217257
997 0.864617 0.556906 0.0231428
998 0.864617 0.572817 0.0220937
999 0.864617 0.552242 0.0216635
1000 0.864617 0.555364 0.0224521
