0 0.41686 0.258709 0.000848145
1 0.41686 0.263131 0.00123935
2 0.417405 0.270033 0.00195342
3 0.417405 0.27279 0.00230926
4 0.427459 0.281295 0.00293576
5 0.427632 0.285134 0.00360289
6 0.427632 0.286071 0.00395716
7 0.428515 0.288239 0.00426442
8 0.428515 0.287558 0.0039602
9 0.428515 0.289962 0.00442328
10 0.433339 0.295242 0.00484298
11 0.434904 0.29446 0.00477851
12 0.435571 0.297624 0.00472323
13 0.437519 0.305349 0.00551782
14 0.442903 0.31434 0.00528368
15 0.444987 0.312876 0.00591344
16 0.444987 0.308494 0.00559082
17 0.444987 0.321948 0.005667
18 0.458537 0.323832 0.0055585
19 0.467475 0.33659 0.00607175
20 0.467475 0.344537 0.00633264
21 0.469553 0.355467 0.0060933
22 0.469553 0.358171 0.00613248
23 0.472527 0.374171 0.00653656
24 0.482552 0.376176 0.00655297
25 0.482552 0.36976 0.00631211
26 0.483953 0.37793 0.0057212
27 0.483953 0.381372 0.00592831
28 0.483953 0.383472 0.00623232
29 0.493261 0.390022 0.00639391
30 0.493261 0.386249 0.00565225
31 0.493261 0.384045 0.00582823
32 0.493261 0.394572 0.00498497
33 0.493261 0.402484 0.00432475
34 0.500069 0.397852 0.00513356
35 0.500069 0.39961 0.00510109
36 0.501262 0.39766 0.00397155
37 0.514312 0.405183 0.00496736
38 0.514312 0.40364 0.00523541
39 0.514312 0.414374 0.0051881
40 0.518583 0.412683 0.00574978
41 0.518583 0.413054 0.0049827
42 0.518583 0.418328 0.00475939
43 0.518583 0.400199 0.00553024
44 0.522307 0.41393 0.00570222
45 0.522307 0.408185 0.00596421
46 0.522598 0.418879 0.00554455
47 0.522598 0.424558 0.00507869
48 0.522598 0.427066 0.00551795
49 0.522598 0.420632 0.00551607
50 0.522598 0.418266 0.00508392
51 0.522598 0.421488 0.00483348
52 0.522598 0.436728 0.00500854
53 0.522692 0.436572 0.00491654
54 0.524557 0.421837 0.00486331
55 0.524557 0.431594 0.00520157
56 0.524557 0.43452 0.00495345
57 0.525074 0.429479 0.00489555
58 0.525118 0.437069 0.00477176
59 0.525118 0.427313 0.00551007
60 0.525703 0.433249 0.00547845
61 0.525703 0.434271 0.00489083
62 0.529811 0.434419 0.00575304
63 0.529811 0.435866 0.00515902
64 0.529811 0.435806 0.00501772
65 0.530743 0.42144 0.00579388
66 0.530743 0.412534 0.00575798
67 0.530743 0.411531 0.00518889
68 0.530743 0.410308 0.00606106
69 0.530743 0.422296 0.00549589
70 0.530743 0.427481 0.005826
71 0.530743 0.419456 0.0053695
72 0.530743 0.41692 0.00581136
73 0.530743 0.421261 0.00564188
74 0.530743 0.438433 0.00546678
75 0.531104 0.423288 0.00579154
76 0.531104 0.435604 0.00563833
77 0.531104 0.428915 0.00541763
78 0.534423 0.411344 0.0069336
79 0.534423 0.415159 0.00653917
80 0.534812 0.414333 0.00602093
81 0.534812 0.416361 0.00614408
82 0.534812 0.419283 0.0064414
83 0.534812 0.411955 0.00584589
84 0.534812 0.422561 0.00678253
85 0.534812 0.43495 0.00536788
86 0.534812 0.432368 0.00583627
87 0.537965 0.430203 0.00598283
88 0.537965 0.421031 0.00584372
89 0.537965 0.428387 0.00620833
90 0.537965 0.41543 0.00586686
91 0.537965 0.41983 0.00590121
92 0.537965 0.424037 0.00578408
93 0.542999 0.440249 0.0065393
94 0.542999 0.433701 0.0076473
95 0.542999 0.430573 0.00795762
96 0.542999 0.41952 0.0076679
97 0.542999 0.415252 0.00900732
98 0.542999 0.419453 0.00803434
99 0.542999 0.418516 0.00762793
100 0.542999 0.417437 0.0071187
101 0.542999 0.435272 0.00756476
102 0.542999 0.427466 0.00701081
103 0.543078 0.428843 0.00729527
104 0.547094 0.426235 0.00715576
105 0.547094 0.424425 0.00760411
106 0.547094 0.419396 0.00817614
107 0.547094 0.418157 0.00778967
108 0.548457 0.414042 0.00738341
109 0.548457 0.434572 0.00691647
110 0.548457 0.437639 0.00685837
111 0.548457 0.44024 0.00634905
112 0.548457 0.448876 0.00654533
113 0.548472 0.440803 0.00636763
114 0.548472 0.440287 0.00674126
115 0.548472 0.445476 0.00704065
116 0.548472 0.431481 0.00743518
117 0.548472 0.447908 0.00695641
118 0.548472 0.442355 0.00688195
119 0.548472 0.444564 0.00689801
120 0.552224 0.450037 0.00623474
121 0.553048 0.458145 0.00620454
122 0.558145 0.443281 0.00753827
123 0.558145 0.446799 0.00717479
124 0.558145 0.461143 0.00702714
125 0.558145 0.460379 0.00682683
126 0.562793 0.452128 0.00639978
127 0.562793 0.444802 0.00715545
128 0.569171 0.443143 0.00685952
129 0.569171 0.43931 0.0079381
130 0.569171 0.433176 0.00879417
131 0.569171 0.444393 0.00838297
132 0.569171 0.446481 0.00677917
133 0.569171 0.439622 0.00822318
134 0.569171 0.433831 0.00911003
135 0.569171 0.434223 0.0086139
136 0.569987 0.439702 0.00904306
137 0.587539 0.434695 0.00870241
138 0.587539 0.427538 0.00786484
139 0.587539 0.442037 0.00857807
140 0.587539 0.444438 0.00926888
141 0.587539 0.437184 0.00957495
142 0.587539 0.454848 0.00893983
143 0.587539 0.437266 0.00979984
144 0.587539 0.436216 0.00903014
145 0.587539 0.435986 0.00887257
146 0.587539 0.432285 0.0112197
147 0.587539 0.430486 0.010596
148 0.587539 0.432201 0.010612
149 0.587539 0.444428 0.00999077
150 0.587539 0.430508 0.00938521
151 0.589463 0.439042 0.0108102
152 0.593717 0.444239 0.0102605
153 0.593717 0.462459 0.0103862
154 0.593717 0.454536 0.0098502
155 0.593802 0.464596 0.00911907
156 0.597334 0.459734 0.00915037
157 0.597334 0.451081 0.00833264
158 0.597334 0.449618 0.0085891
159 0.597334 0.449533 0.00965605
160 0.597334 0.460871 0.00973658
161 0.597334 0.458979 0.00978852
162 0.597334 0.452086 0.0117284
163 0.598577 0.455495 0.0101755
164 0.598577 0.469064 0.0101825
165 0.598577 0.455073 0.0100606
166 0.598577 0.468157 0.010002
167 0.598577 0.46408 0.00878351
168 0.598577 0.470255 0.0108028
169 0.598577 0.455795 0.00974716
170 0.598577 0.456434 0.0108598
171 0.59962 0.453121 0.010826
172 0.600069 0.453955 0.00930228
173 0.600069 0.455613 0.00919881
174 0.600514 0.464665 0.00961365
175 0.600514 0.466519 0.00903891
176 0.600514 0.46908 0.00808186
177 0.600514 0.446424 0.0110365
178 0.600514 0.439841 0.0120586
179 0.600514 0.443632 0.012311
180 0.600514 0.435367 0.0122633
181 0.604501 0.441084 0.0120888
182 0.604501 0.435573 0.0121449
183 0.604501 0.449119 0.0111601
184 0.604501 0.452402 0.0117239
185 0.60461 0.47412 0.0100402
186 0.60461 0.472099 0.00971953
187 0.607108 0.45359 0.0116261
188 0.607108 0.445229 0.0109561
189 0.609261 0.460259 0.00980545
190 0.609261 0.463936 0.0103432
191 0.609261 0.471112 0.00893536
192 0.609261 0.462687 0.00906129
193 0.609261 0.459635 0.0114264
194 0.609261 0.462408 0.0128994
195 0.609261 0.467982 0.0120829
196 0.609261 0.46398 0.0114344
197 0.609261 0.461063 0.0130596
198 0.609261 0.45076 0.012678
199 0.616091 0.454145 0.0123555
200 0.616091 0.448155 0.0146405
201 0.616091 0.437962 0.012242
202 0.616091 0.444887 0.0127038
203 0.618054 0.435734 0.0125482
204 0.618054 0.438714 0.0134253
205 0.618054 0.438213 0.0139524
206 0.618054 0.454297 0.0134572
207 0.618054 0.455658 0.0114803
208 0.618054 0.462118 0.0126906
209 0.618054 0.458158 0.0131872
210 0.619667 0.455005 0.0115141
211 0.619667 0.46778 0.012857
212 0.619667 0.465072 0.0138239
213 0.619667 0.454863 0.0133614
214 0.619667 0.451725 0.0130842
215 0.620395 0.432492 0.0149091
216 0.623095 0.435151 0.0133595
217 0.623095 0.421107 0.0143482
218 0.623095 0.438728 0.0164815
219 0.623095 0.431344 0.0149924
220 0.623095 0.430606 0.0159096
221 0.623095 0.44098 0.0156097
222 0.623095 0.453522 0.0122345
223 0.623095 0.453149 0.0135981
224 0.623095 0.436526 0.0145558
225 0.628022 0.440621 0.0156247
226 0.628022 0.43664 0.0146902
227 0.628022 0.425314 0.015356
228 0.628022 0.428115 0.0147794
229 0.628022 0.42674 0.014447
230 0.628022 0.435774 0.0151045
231 0.628022 0.430125 0.0162077
232 0.628022 0.420767 0.0152532
233 0.628022 0.436495 0.0160734
234 0.628022 0.426951 0.0138418
235 0.628022 0.425727 0.0166396
236 0.628022 0.410318 0.0166524
237 0.628022 0.398563 0.0173225
238 0.630095 0.41909 0.0191369
239 0.630095 0.413414 0.0161513
240 0.630095 0.420136 0.0183672
241 0.630095 0.427267 0.01762
242 0.630095 0.427881 0.0175692
243 0.630095 0.424267 0.0191432
244 0.630095 0.414999 0.0162198
245 0.630095 0.399215 0.0175818
246 0.630095 0.398833 0.0136678
247 0.630095 0.415465 0.0156686
248 0.630095 0.408996 0.0159809
249 0.630095 0.3946 0.0131699
250 0.630095 0.391022 0.0150921
251 0.630095 0.411363 0.0177472
252 0.630095 0.390952 0.0154653
253 0.630095 0.408197 0.0160926
254 0.630095 0.414804 0.015841
255 0.630095 0.405221 0.0178286
256 0.633413 0.40248 0.0172176
257 0.633413 0.409908 0.0174909
258 0.633413 0.419169 0.0174406
259 0.633413 0.427453 0.0167697
260 0.633413 0.438286 0.0185348
261 0.633413 0.429866 0.0162599
262 0.63381 0.414947 0.0149947
263 0.63381 0.400905 0.0160918
264 0.63381 0.414162 0.0183567
265 0.63381 0.429024 0.0154413
266 0.637348 0.424257 0.016942
267 0.637757 0.426503 0.0160177
268 0.637757 0.436375 0.0136869
269 0.637757 0.432268 0.0152086
270 0.637757 0.429934 0.0120289
271 0.637757 0.433242 0.0139234
272 0.637757 0.43097 0.0169504
273 0.637757 0.436637 0.0163025
274 0.637757 0.435249 0.0160611
275 0.637757 0.430362 0.0146739
276 0.637757 0.439476 0.0165341
277 0.637757 0.436435 0.0165183
278 0.637757 0.426632 0.0178221
279 0.637757 0.443525 0.0169972
280 0.637757 0.44238 0.0177998
281 0.637757 0.439569 0.0189833
282 0.637757 0.43713 0.0180606
283 0.637757 0.417991 0.0172886
284 0.637757 0.424678 0.0166124
285 0.637757 0.416591 0.0149406
286 0.637757 0.427384 0.0151478
287 0.637757 0.439384 0.0176381
288 0.637757 0.425918 0.0182845
289 0.637757 0.437106 0.0183925
290 0.637757 0.446108 0.0168256
291 0.637757 0.42602 0.0173523
292 0.637757 0.424266 0.0185359
293 0.637757 0.417077 0.0162438
294 0.637757 0.430807 0.0162388
295 0.637757 0.435311 0.0156325
296 0.637757 0.432149 0.0159255
297 0.637757 0.422509 0.0178655
298 0.637757 0.422412 0.0200718
299 0.639425 0.42157 0.019466
300 0.640703 0.430799 0.0204143
301 0.640703 0.423036 0.0193109
302 0.640703 0.424761 0.01815
303 0.640703 0.417856 0.0161205
304 0.640703 0.423946 0.0165271
305 0.640703 0.42944 0.0194095
306 0.640703 0.453703 0.0179142
307 0.640703 0.441563 0.0189243
308 0.640703 0.448646 0.0188389
309 0.640703 0.451434 0.018405
310 0.640703 0.447399 0.017727
311 0.640703 0.4439 0.0168574
312 0.640703 0.438157 0.0173411
313 0.640703 0.435569 0.0170235
314 0.640703 0.441112 0.0164077
315 0.640703 0.438423 0.0189656
316 0.640703 0.445568 0.0206706
317 0.640703 0.444178 0.0183364
318 0.640703 0.453488 0.0210558
319 0.640703 0.430813 0.018586
320 0.640703 0.431179 0.019568
321 0.640703 0.427751 0.0184066
322 0.640703 0.42566 0.0200889
323 0.640703 0.43597 0.0189925
324 0.640703 0.425991 0.0170358
325 0.640703 0.443121 0.0197897
326 0.640703 0.446381 0.017141
327 0.640703 0.429136 0.0199896
328 0.640703 0.426225 0.0221668
329 0.640703 0.429318 0.0203834
330 0.640703 0.424835 0.0206977
331 0.640703 0.423495 0.0171932
332 0.640703 0.433957 0.0192305
333 0.640703 0.429446 0.0200212
334 0.640703 0.419378 0.0181733
335 0.640703 0.434567 0.0183627
336 0.640703 0.456408 0.021427
337 0.640703 0.444215 0.0160233
338 0.640703 0.449608 0.0166622
339 0.640703 0.440438 0.016212
340 0.640703 0.426814 0.0177316
341 0.640703 0.41934 0.0178345
342 0.640966 0.424093 0.0177967
343 0.640966 0.443079 0.0168667
344 0.640966 0.441906 0.0179776
345 0.640966 0.435451 0.0176653
346 0.640966 0.441797 0.0169949
347 0.640966 0.44911 0.0175821
348 0.640966 0.43631 0.0176996
349 0.642677 0.442229 0.0195406
350 0.642677 0.440328 0.0179618
351 0.642677 0.416915 0.0173878
352 0.642677 0.439562 0.0163508
353 0.642677 0.448805 0.0193502
354 0.642677 0.463595 0.0180957
355 0.642677 0.435341 0.0185166
356 0.642677 0.43322 0.0190129
357 0.642677 0.434116 0.0203606
358 0.642677 0.435196 0.0188307
359 0.642677 0.435055 0.0175075
360 0.642677 0.435759 0.0159746
361 0.642677 0.435317 0.0186624
362 0.642677 0.451035 0.0196655
363 0.642677 0.432474 0.019419
364 0.642677 0.42458 0.0188822
365 0.642677 0.424398 0.019535
366 0.642677 0.449447 0.0198966
367 0.642677 0.46077 0.0184196
368 0.642677 0.467785 0.0207532
369 0.642677 0.432095 0.0179612
370 0.642677 0.424159 0.0168437
371 0.643553 0.438492 0.0187788
372 0.643553 0.457413 0.0157904
373 0.643553 0.456406 0.0173777
374 0.643553 0.474097 0.0143676
375 0.643553 0.463732 0.0149883
376 0.643553 0.469904 0.0170329
377 0.643553 0.462133 0.0168407
378 0.643553 0.446719 0.0172576
379 0.643553 0.471512 0.0150869
380 0.643553 0.466021 0.0166893
381 0.643553 0.473704 0.0155475
382 0.643553 0.474613 0.014579
383 0.643553 0.480616 0.0148528
384 0.643689 0.469792 0.016579
385 0.643689 0.468485 0.0152841
386 0.643689 0.442934 0.0175842
387 0.643689 0.437967 0.0189794
388 0.643689 0.422279 0.0162857
389 0.643689 0.432221 0.01758
390 0.643689 0.416404 0.0174142
391 0.644488 0.429939 0.0183602
392 0.644488 0.423217 0.0178188
393 0.644488 0.411479 0.018216
394 0.644488 0.423888 0.0179317
395 0.644888 0.430809 0.0181622
396 0.644888 0.435839 0.0169641
397 0.644888 0.432468 0.0175697
398 0.644888 0.429777 0.0175508
399 0.644888 0.457612 0.0186071
400 0.644888 0.427263 0.0178371
401 0.644888 0.444678 0.0182053
402 0.644888 0.45072 0.0171359
403 0.644888 0.460387 0.0196255
404 0.644888 0.451752 0.0185086
405 0.644888 0.442749 0.0172422
406 0.644888 0.439744 0.0193364
407 0.644888 0.436407 0.0182912
408 0.644888 0.457669 0.0197771
409 0.645053 0.438096 0.0203422
410 0.645053 0.432234 0.0200153
411 0.645053 0.434331 0.0192704
412 0.645357 0.426117 0.0201646
413 0.645357 0.442291 0.0206665
414 0.645357 0.441965 0.0207672
415 0.645357 0.436981 0.0196466
416 0.645357 0.459546 0.0191732
417 0.645386 0.447878 0.0177678
418 0.645386 0.456317 0.0199402
419 0.645386 0.470188 0.0192086
420 0.645386 0.475854 0.0194905
421 0.645386 0.469907 0.0206425
422 0.645386 0.460332 0.0208138
423 0.647864 0.447 0.0202049
424 0.647864 0.437433 0.0196817
425 0.647864 0.440644 0.0208918
426 0.648591 0.450126 0.0188561
427 0.648591 0.430299 0.0195724
428 0.648591 0.427454 0.0176095
429 0.648591 0.458851 0.0175181
430 0.648591 0.477478 0.0171534
431 0.648591 0.47401 0.0202247
432 0.648591 0.45429 0.0203644
433 0.648591 0.431974 0.0213138
434 0.648591 0.433661 0.0232241
435 0.648591 0.423289 0.0229122
436 0.648591 0.439363 0.0233644
437 0.648591 0.404536 0.0214681
438 0.648591 0.414736 0.0206815
439 0.648591 0.437907 0.0225504
440 0.648591 0.450023 0.0241634
441 0.648591 0.452338 0.0212609
442 0.649582 0.446451 0.0188858
443 0.649582 0.429625 0.0210379
444 0.649582 0.445784 0.0221064
445 0.649582 0.43722 0.0243658
446 0.649582 0.432455 0.0220133
447 0.649582 0.43303 0.0230569
448 0.649582 0.455038 0.0231051
449 0.649582 0.439035 0.0217191
450 0.649582 0.457907 0.0196069
451 0.649582 0.425214 0.0193116
452 0.649582 0.415364 0.0210934
453 0.649582 0.418709 0.0229347
454 0.649582 0.423425 0.023735
455 0.649582 0.409444 0.0215974
456 0.649582 0.403725 0.018677
457 0.649582 0.406437 0.0209414
458 0.649582 0.41414 0.0220547
459 0.649582 0.417903 0.0225153
460 0.649582 0.417211 0.0217694
461 0.649582 0.408926 0.0204396
462 0.649582 0.419984 0.0187095
463 0.649582 0.42666 0.018808
464 0.649582 0.431104 0.019476
465 0.649582 0.43062 0.0187478
466 0.649582 0.430231 0.0198519
467 0.649582 0.444129 0.0209486
468 0.649582 0.456979 0.0194239
469 0.649582 0.440868 0.0215474
470 0.649582 0.436709 0.0192951
471 0.649582 0.445457 0.0212505
472 0.649582 0.433115 0.0219839
473 0.649582 0.418201 0.0190479
474 0.649582 0.425558 0.0178153
475 0.649703 0.437231 0.0183528
476 0.649703 0.417972 0.0204534
477 0.649703 0.426667 0.0188362
478 0.649703 0.439898 0.0198216
479 0.649703 0.42329 0.0206746
480 0.649703 0.422393 0.0201448
481 0.649703 0.420543 0.0189923
482 0.649703 0.432297 0.019288
483 0.649703 0.424316 0.0194673
484 0.649703 0.436738 0.0190219
485 0.649703 0.423765 0.0208228
486 0.649703 0.438354 0.0206972
487 0.649703 0.44923 0.0205337
488 0.649703 0.418905 0.0203017
489 0.649703 0.42721 0.0191216
490 0.649703 0.425985 0.02117
491 0.649703 0.437201 0.0216446
492 0.649703 0.434975 0.0223185
493 0.650083 0.433239 0.0231822
494 0.650083 0.417056 0.01997
495 0.650083 0.4423 0.0205308
496 0.650083 0.444509 0.0217294
497 0.650083 0.430401 0.02113
498 0.650182 0.428716 0.0237131
499 0.650182 0.428933 0.0238781
500 0.650182 0.427148 0.0219351
501 0.650182 0.418476 0.020618
502 0.650182 0.411498 0.0232317
503 0.650182 0.397937 0.0187509
504 0.650182 0.435992 0.0212995
505 0.650182 0.425675 0.0204062
506 0.650182 0.428832 0.0201261
507 0.650182 0.422677 0.0210071
508 0.650182 0.411266 0.0224345
509 0.650182 0.407484 0.0204493
510 0.650182 0.405455 0.0231978
511 0.650182 0.424201 0.0222472
512 0.650182 0.425734 0.0204515
513 0.650182 0.414037 0.0203321
514 0.650182 0.420949 0.0213837
515 0.650182 0.435114 0.0198014
516 0.650182 0.440658 0.0208983
517 0.650182 0.42176 0.0202558
518 0.650182 0.410419 0.0184037
519 0.650182 0.419838 0.0213167
520 0.650182 0.435318 0.02309
521 0.650182 0.426839 0.0222373
522 0.650182 0.427277 0.0224691
523 0.650182 0.41002 0.0222279
524 0.650182 0.422934 0.0230289
525 0.650182 0.432658 0.0225763
526 0.650182 0.424143 0.0219802
527 0.651306 0.434737 0.0217887
528 0.651306 0.439857 0.0221753
529 0.651306 0.426646 0.0210522
530 0.651306 0.403624 0.0215578
531 0.651306 0.424291 0.0204488
532 0.651306 0.417171 0.0217941
533 0.651306 0.420192 0.0203666
534 0.651306 0.420366 0.0184493
535 0.651306 0.41294 0.0208851
536 0.651306 0.407948 0.0218492
537 0.651306 0.424657 0.0214326
538 0.651306 0.419517 0.0213616
539 0.651306 0.42766 0.0217157
540 0.651306 0.421062 0.0181157
541 0.651306 0.426206 0.0209914
542 0.651306 0.426522 0.0204079
543 0.651306 0.417378 0.0206925
544 0.651306 0.429407 0.0223868
545 0.651306 0.440788 0.0230071
546 0.651306 0.441222 0.0219009
547 0.651306 0.451469 0.0212879
548 0.651306 0.43453 0.0207366
549 0.651306 0.429045 0.0214792
550 0.651733 0.440564 0.0202258
551 0.651733 0.443771 0.0185126
552 0.651733 0.422512 0.0215047
553 0.651733 0.442193 0.0200094
554 0.651733 0.45206 0.0212314
555 0.651733 0.442978 0.0236142
556 0.651733 0.450036 0.0254629
557 0.651733 0.446942 0.02419
558 0.651733 0.452941 0.0218122
559 0.651733 0.433611 0.0216728
560 0.651733 0.434757 0.0225129
561 0.651733 0.43848 0.0212509
562 0.651733 0.431628 0.0207712
563 0.651733 0.430024 0.0209777
564 0.651733 0.448295 0.020564
565 0.651733 0.451448 0.0195243
566 0.651733 0.460213 0.0187925
567 0.651733 0.448557 0.0187974
568 0.651733 0.446417 0.0178887
569 0.651951 0.438685 0.0192638
570 0.651951 0.448974 0.0207022
571 0.651951 0.455067 0.0198117
572 0.651951 0.436347 0.020858
573 0.651951 0.442261 0.0179926
574 0.651951 0.446361 0.0207956
575 0.651951 0.416891 0.0196279
576 0.651951 0.414234 0.0199724
577 0.651951 0.430638 0.0207582
578 0.651951 0.419406 0.0204359
579 0.651951 0.420375 0.0173617
580 0.651951 0.405742 0.01864
581 0.651951 0.441406 0.0196885
582 0.651951 0.413986 0.0203513
583 0.651951 0.397846 0.0199296
584 0.651951 0.416947 0.0220661
585 0.651951 0.40804 0.0219425
586 0.651951 0.426743 0.0228377
587 0.651951 0.430483 0.0208009
588 0.652255 0.452483 0.0200746
589 0.652255 0.438945 0.0206119
590 0.652255 0.448454 0.0187989
591 0.652255 0.411151 0.0188319
592 0.652255 0.43367 0.0194451
593 0.652333 0.419216 0.0167933
594 0.652333 0.411414 0.0185167
595 0.652333 0.408411 0.0182689
596 0.652333 0.434395 0.0203484
597 0.652333 0.437149 0.0199327
598 0.652333 0.439967 0.0189824
599 0.652333 0.449122 0.0183544
600 0.652333 0.441366 0.0194581
601 0.652333 0.43499 0.0214703
602 0.652333 0.433155 0.0202225
603 0.652333 0.437007 0.0200904
604 0.652333 0.438697 0.0214145
605 0.652333 0.430587 0.0204618
606 0.652333 0.422182 0.0188375
607 0.652333 0.40746 0.0188336
608 0.652497 0.420219 0.0209941
609 0.652497 0.426377 0.0200167
610 0.652497 0.446873 0.0188037
611 0.652497 0.45158 0.0197031
612 0.652497 0.430103 0.0202716
613 0.652497 0.417236 0.0195076
614 0.652497 0.444284 0.0209842
615 0.652497 0.422731 0.021051
616 0.652497 0.441855 0.0200053
617 0.652497 0.433104 0.0195252
618 0.652497 0.425256 0.0202232
619 0.652497 0.426858 0.0218236
620 0.655179 0.427769 0.0193392
621 0.655179 0.423202 0.0208182
622 0.655179 0.439475 0.0215741
623 0.655179 0.441406 0.021494
624 0.655179 0.437234 0.022653
625 0.655179 0.459413 0.0206266
626 0.655179 0.464945 0.0202428
627 0.655179 0.458696 0.0205953
628 0.655179 0.431843 0.0205043
629 0.655179 0.426742 0.0212378
630 0.655179 0.42529 0.0218233
631 0.655179 0.430581 0.019958
632 0.655179 0.436634 0.018185
633 0.655179 0.419308 0.0172831
634 0.655179 0.447416 0.0185818
635 0.655179 0.435026 0.0190125
636 0.655179 0.440209 0.0228503
637 0.655179 0.435137 0.0195488
638 0.655179 0.448545 0.0197143
639 0.655179 0.43534 0.020709
640 0.655179 0.453409 0.0205452
641 0.655179 0.44096 0.0197324
642 0.656792 0.449607 0.0211131
643 0.656792 0.449413 0.0190032
644 0.656792 0.45586 0.0200376
645 0.656792 0.45037 0.0176883
646 0.656792 0.471413 0.0158861
647 0.656792 0.459524 0.0193308
648 0.656792 0.478625 0.0189443
649 0.656792 0.456429 0.0184762
650 0.656792 0.462296 0.0172635
651 0.656792 0.449348 0.0172373
652 0.656792 0.450641 0.0193505
653 0.656792 0.428874 0.0203552
654 0.656792 0.444739 0.0205506
655 0.656792 0.456889 0.0192479
656 0.656964 0.43449 0.0209037
657 0.656964 0.445865 0.0197898
658 0.656964 0.422342 0.0193503
659 0.656964 0.42145 0.0179064
660 0.656964 0.446566 0.0205305
661 0.656964 0.435647 0.0211987
662 0.656964 0.438253 0.0224106
663 0.656964 0.427441 0.0203477
664 0.656964 0.451082 0.0222795
665 0.656964 0.451479 0.0182072
666 0.656964 0.434217 0.0181594
667 0.656964 0.426301 0.019834
668 0.656964 0.428014 0.0223852
669 0.656964 0.427161 0.0238584
670 0.656964 0.418438 0.0223862
671 0.656964 0.407032 0.0225959
672 0.656964 0.4326 0.0207806
673 0.656964 0.418991 0.0192343
674 0.656964 0.403294 0.0182914
675 0.658078 0.437009 0.0227068
676 0.658078 0.442565 0.0213545
677 0.658078 0.472688 0.0185692
678 0.658078 0.450051 0.0159559
679 0.658078 0.455463 0.0171422
680 0.658078 0.447189 0.0180655
681 0.658078 0.434449 0.0185747
682 0.658078 0.462807 0.0173496
683 0.658078 0.451337 0.0178971
684 0.658078 0.45575 0.0194506
685 0.658078 0.448202 0.019093
686 0.658078 0.448962 0.0187072
687 0.658078 0.471598 0.0192852
688 0.658078 0.471739 0.0203883
689 0.658078 0.446048 0.019837
690 0.658078 0.441784 0.0214216
691 0.658078 0.428135 0.0208633
692 0.658078 0.418632 0.0226397
693 0.658078 0.440176 0.0252326
694 0.658078 0.429595 0.0252764
695 0.658078 0.433366 0.0213712
696 0.658417 0.441097 0.0211537
697 0.658417 0.441857 0.0212362
698 0.658417 0.436186 0.0210924
699 0.658417 0.446948 0.0231395
700 0.658417 0.45166 0.0244232
701 0.658662 0.436844 0.0223198
702 0.658662 0.453031 0.0216659
703 0.658662 0.450355 0.0237451
704 0.658662 0.436517 0.0220427
705 0.658662 0.451454 0.0196277
706 0.658662 0.451216 0.0194336
707 0.658662 0.459426 0.0211126
708 0.658662 0.457285 0.0183124
709 0.658662 0.454869 0.0196099
710 0.658662 0.456332 0.0234656
711 0.658662 0.465322 0.0199163
712 0.658662 0.474788 0.0217337
713 0.658662 0.470341 0.0199648
714 0.658662 0.474735 0.021477
715 0.658662 0.465827 0.0213986
716 0.658662 0.476316 0.0213622
717 0.660185 0.462859 0.0217756
718 0.660185 0.470676 0.0217984
719 0.660185 0.430021 0.0211434
720 0.660185 0.436349 0.0227973
721 0.660185 0.426838 0.0209813
722 0.660185 0.424044 0.0234047
723 0.660185 0.424063 0.0197438
724 0.660185 0.428705 0.020732
725 0.660185 0.431997 0.0197036
726 0.660185 0.426899 0.0184418
727 0.660185 0.421748 0.0208115
728 0.660185 0.418635 0.0193644
729 0.660185 0.422165 0.0186704
730 0.660185 0.42253 0.0173637
731 0.660185 0.445319 0.018712
732 0.660185 0.451242 0.0195479
733 0.660185 0.44175 0.0190803
734 0.660185 0.418807 0.0166327
735 0.660185 0.448751 0.0174027
736 0.660185 0.451443 0.0166862
737 0.660185 0.456027 0.0183681
738 0.660185 0.446069 0.0172847
739 0.660185 0.442807 0.0200051
740 0.660185 0.460485 0.0194532
741 0.660185 0.449843 0.019462
742 0.660185 0.445472 0.0195463
743 0.660185 0.45126 0.0198612
744 0.660185 0.448557 0.0207673
745 0.660185 0.446322 0.0209801
746 0.660185 0.436186 0.0207552
747 0.660185 0.441654 0.0191704
748 0.660185 0.444495 0.0192974
749 0.660185 0.45625 0.0201472
750 0.660185 0.448074 0.0194618
751 0.660185 0.454285 0.0178566
752 0.660185 0.465445 0.0220763
753 0.660185 0.445665 0.0234348
754 0.660185 0.458287 0.0198577
755 0.660185 0.448804 0.0214304
756 0.660185 0.449743 0.0203218
757 0.660185 0.435701 0.025048
758 0.660185 0.436427 0.022884
759 0.660185 0.415363 0.0224111
760 0.660185 0.451375 0.0227611
761 0.660185 0.440504 0.0207447
762 0.660185 0.435679 0.0228168
763 0.660185 0.460865 0.0229738
764 0.660185 0.447494 0.0236031
765 0.660185 0.44253 0.0205099
766 0.660185 0.450372 0.0205675
767 0.660185 0.445376 0.0207718
768 0.660185 0.424 0.0207897
769 0.660185 0.416422 0.0197236
770 0.660185 0.406227 0.0210378
771 0.660185 0.428725 0.0224757
772 0.660185 0.434206 0.0231277
773 0.660185 0.43789 0.0213216
774 0.660185 0.446669 0.0221199
775 0.660185 0.445236 0.0223826
776 0.660185 0.439535 0.0245361
777 0.660588 0.428849 0.0209988
778 0.660588 0.4381 0.023223
779 0.660588 0.444986 0.0241134
780 0.660588 0.434965 0.0209002
781 0.660588 0.418303 0.0206999
782 0.660588 0.408489 0.0190939
783 0.660588 0.434582 0.0236483
784 0.660588 0.44861 0.0240423
785 0.660588 0.425609 0.0253188
786 0.660588 0.429742 0.0224004
787 0.660588 0.456159 0.0191936
788 0.660588 0.436924 0.0221432
789 0.660588 0.450308 0.0233525
790 0.660588 0.444106 0.018952
791 0.660588 0.455429 0.020466
792 0.66252 0.448461 0.0208851
793 0.66252 0.444491 0.0225761
794 0.66252 0.426914 0.0241068
795 0.66252 0.404764 0.0197814
796 0.664429 0.416024 0.0209898
797 0.664429 0.427528 0.0216676
798 0.664429 0.426474 0.0213814
799 0.664429 0.434524 0.0208309
800 0.664429 0.428356 0.0207777
801 0.664429 0.441958 0.0225521
802 0.664429 0.443477 0.0228002
803 0.664429 0.449371 0.0205303
804 0.664429 0.454448 0.0231695
805 0.664429 0.447484 0.0233785
806 0.664429 0.423413 0.0232588
807 0.664429 0.447548 0.0220059
808 0.664429 0.45162 0.0196617
809 0.664429 0.443064 0.0195235
810 0.664429 0.436135 0.0195327
811 0.664429 0.443315 0.0192899
812 0.664429 0.445631 0.0193031
813 0.664429 0.453981 0.018294
814 0.664429 0.46877 0.0185611
815 0.664429 0.443302 0.0188234
816 0.664429 0.447104 0.0194236
817 0.664429 0.429752 0.0198921
818 0.664429 0.432392 0.0213916
819 0.664429 0.451642 0.018964
820 0.664429 0.449099 0.0166759
821 0.664429 0.441203 0.0189543
822 0.664429 0.433889 0.0196048
823 0.664429 0.422975 0.0192609
824 0.664429 0.419894 0.0201155
825 0.664429 0.411414 0.0214862
826 0.664429 0.426477 0.022568
827 0.664429 0.41356 0.0230159
828 0.664429 0.41931 0.0226902
829 0.666232 0.430636 0.0214077
830 0.666232 0.440563 0.0189518
831 0.666232 0.445816 0.02186
832 0.666232 0.426668 0.0203452
833 0.666232 0.428365 0.0200996
834 0.666232 0.405862 0.0206119
835 0.666232 0.400461 0.0180217
836 0.666232 0.43483 0.0214291
837 0.666232 0.439521 0.0213467
838 0.666232 0.42876 0.0212585
839 0.666232 0.430747 0.0247218
840 0.666232 0.425618 0.0213576
841 0.666232 0.426941 0.0197179
842 0.666232 0.42788 0.0228476
843 0.666232 0.418186 0.0230223
844 0.666232 0.421245 0.0218875
845 0.666232 0.437811 0.0233636
846 0.666232 0.437597 0.0236499
847 0.666232 0.416975 0.0221634
848 0.666232 0.435458 0.0257167
849 0.666232 0.437976 0.0234449
850 0.666232 0.399751 0.0210344
851 0.666232 0.41445 0.0207967
852 0.669895 0.402876 0.0206606
853 0.669895 0.42239 0.0198867
854 0.669895 0.437918 0.0207923
855 0.669895 0.429498 0.0201825
856 0.669895 0.429626 0.022445
857 0.669895 0.416427 0.0229372
858 0.669895 0.447666 0.0231865
859 0.669895 0.439418 0.023178
860 0.669895 0.435627 0.0231611
861 0.669895 0.448445 0.0212929
862 0.669895 0.440363 0.0230988
863 0.669895 0.443454 0.023566
864 0.669895 0.45448 0.0226452
865 0.669895 0.452111 0.0212728
866 0.669895 0.463656 0.0199334
867 0.669895 0.446467 0.0204379
868 0.669895 0.454941 0.0203338
869 0.669895 0.461755 0.0190678
870 0.669895 0.449911 0.0180467
871 0.669895 0.462667 0.0187695
872 0.669895 0.466547 0.0174027
873 0.669895 0.455066 0.019962
874 0.669895 0.457183 0.0208913
875 0.669895 0.463788 0.0193056
876 0.676413 0.464561 0.019992
877 0.676413 0.452157 0.0251887
878 0.676413 0.460258 0.0232405
879 0.676413 0.456704 0.0201403
880 0.676413 0.453718 0.0220354
881 0.676413 0.425823 0.0228795
882 0.676413 0.410685 0.0230996
883 0.676413 0.448314 0.0203437
884 0.676413 0.420879 0.0204351
885 0.676413 0.441967 0.0196422
886 0.676413 0.447674 0.0194893
887 0.676413 0.449202 0.0202939
888 0.676413 0.457563 0.0206838
889 0.676413 0.443509 0.0225352
890 0.676413 0.448197 0.0203469
891 0.676413 0.445477 0.0226835
892 0.676413 0.428817 0.0236336
893 0.676413 0.444599 0.0250778
894 0.676413 0.441799 0.023876
895 0.676413 0.460156 0.0234206
896 0.676413 0.445909 0.0223524
897 0.676413 0.423726 0.0243505
898 0.676413 0.43029 0.0236096
899 0.676413 0.424152 0.0214891
900 0.678255 0.449631 0.0228078
901 0.678255 0.446956 0.0249852
902 0.678255 0.437798 0.0236377
903 0.678255 0.422024 0.0243076
904 0.678255 0.400229 0.0209588
905 0.678255 0.42078 0.0240627
906 0.678255 0.411879 0.0199346
907 0.678255 0.434127 0.0215229
908 0.678255 0.42751 0.0208727
909 0.678255 0.419207 0.0213057
910 0.678255 0.41026 0.0224745
911 0.678255 0.407939 0.0230914
912 0.678255 0.41719 0.0225196
913 0.678255 0.410564 0.0229336
914 0.678255 0.411742 0.0245126
915 0.678255 0.416504 0.0246229
916 0.678255 0.416915 0.0257726
917 0.678255 0.43556 0.0259599
918 0.678255 0.447294 0.0244757
919 0.678255 0.434314 0.0249954
920 0.678255 0.420332 0.0236233
921 0.678255 0.414155 0.0213533
922 0.678255 0.434938 0.0236489
923 0.678255 0.447931 0.0220028
924 0.678255 0.447339 0.0225569
925 0.678255 0.451627 0.0196736
926 0.678255 0.451161 0.0221383
927 0.678255 0.43966 0.0227437
928 0.678255 0.435743 0.0234213
929 0.678255 0.436012 0.0216784
930 0.678255 0.445499 0.0237499
931 0.678255 0.440979 0.0243254
932 0.678255 0.432495 0.0230664
933 0.678255 0.461449 0.0216114
934 0.678255 0.444266 0.019655
935 0.678255 0.447082 0.021895
936 0.678255 0.439453 0.0224465
937 0.678255 0.438135 0.0199794
938 0.678255 0.451674 0.0203574
939 0.678255 0.439098 0.0236661
940 0.678255 0.436612 0.0240994
941 0.678255 0.440555 0.0218421
942 0.678255 0.445184 0.0205316
943 0.678255 0.422059 0.0197581
944 0.678255 0.42903 0.0209118
945 0.678255 0.432554 0.0202922
946 0.678255 0.423597 0.0199717
947 0.678255 0.447763 0.020074
948 0.678255 0.43662 0.0197154
949 0.678255 0.430756 0.020703
950 0.679146 0.420469 0.0213748
951 0.679146 0.429263 0.0222369
952 0.679146 0.422907 0.0206379
953 0.679146 0.434111 0.0220215
954 0.679146 0.429662 0.0237426
955 0.679146 0.437863 0.0226833
956 0.679146 0.44174 0.022548
957 0.679146 0.437494 0.0211693
958 0.679146 0.439518 0.0215649
959 0.679146 0.460501 0.0224066
960 0.679146 0.457198 0.0215491
961 0.679146 0.444504 0.0235876
962 0.679146 0.459444 0.0236255
963 0.679146 0.434753 0.0207838
964 0.679146 0.436788 0.0211563
965 0.679146 0.416813 0.0183141
966 0.679146 0.421551 0.0200701
967 0.679146 0.444033 0.0245156
968 0.679146 0.446641 0.0229454
969 0.679146 0.439237 0.0208348
970 0.679146 0.444381 0.0215955
971 0.679146 0.443638 0.0200601
972 0.679146 0.459556 0.0201906
973 0.679146 0.468553 0.0200804
974 0.679146 0.460341 0.0191509
975 0.679146 0.452594 0.0206657
976 0.679146 0.451163 0.0202879
977 0.679146 0.452967 0.0220444
978 0.679146 0.456256 0.0189042
979 0.679146 0.44709 0.019818
980 0.679146 0.449328 0.0205321
981 0.679952 0.445089 0.0215364
982 0.679952 0.443786 0.021052
983 0.679952 0.437563 0.0213375
984 0.679952 0.433036 0.0199715
985 0.679952 0.431873 0.0206664
986 0.679952 0.444452 0.0180465
987 0.679952 0.440811 0.0198486
988 0.679952 0.446144 0.0218094
989 0.679952 0.418936 0.022537
990 0.679952 0.44945 0.0225963
991 0.679952 0.454519 0.0221599
992 0.679952 0.440458 0.0196013
993 0.679952 0.445901 0.0202149
994 0.679952 0.449907 0.020809
995 0.689808 0.439235 0.0215366
996 0.689808 0.445136 0.0202468
997 0.690189 0.442016 0.0213505
998 0.690189 0.44197 0.0184985
999 0.690189 0.44826 0.0203457
1000 0.690189 0.44334 0.0211636
