0 0.461865 0.249612 0.00121168
1 0.471446 0.25705 0.00218724
2 0.482429 0.269259 0.00279349
3 0.482429 0.269489 0.00400139
4 0.483844 0.283202 0.00665898
5 0.483844 0.296222 0.00757766
6 0.484243 0.298143 0.00805774
7 0.484243 0.30487 0.00880414
8 0.49478 0.307846 0.00850938
9 0.496856 0.304885 0.00849433
10 0.511174 0.310212 0.00902081
11 0.511174 0.30822 0.00950521
12 0.55337 0.311536 0.00946306
13 0.565963 0.31132 0.00930315
14 0.572872 0.299198 0.00947199
15 0.572872 0.302807 0.0106519
16 0.572872 0.308457 0.0120134
17 0.572872 0.311433 0.0141599
18 0.572872 0.310174 0.0128198
19 0.602458 0.312351 0.0141961
20 0.64067 0.326784 0.0163696
21 0.64067 0.337263 0.0182977
22 0.64067 0.344858 0.0189756
23 0.64067 0.336287 0.0181971
24 0.664083 0.339628 0.0194533
25 0.664083 0.334715 0.0197582
26 0.664083 0.359266 0.0210644
27 0.664083 0.342158 0.0190684
28 0.664083 0.343656 0.0200347
29 0.666357 0.355547 0.0216383
30 0.702381 0.357954 0.0236773
31 0.702381 0.369199 0.0254298
32 0.702381 0.352726 0.0210346
33 0.702381 0.351784 0.0231466
34 0.702381 0.352359 0.0238021
35 0.702381 0.359184 0.0242344
36 0.702381 0.359063 0.0242876
37 0.702381 0.374749 0.0254709
38 0.702381 0.37471 0.0230839
39 0.702381 0.376239 0.0218789
40 0.702381 0.372276 0.0228826
41 0.702381 0.386415 0.02271
42 0.702381 0.395489 0.0234373
43 0.702381 0.405788 0.0264059
44 0.718707 0.407688 0.0267568
45 0.718707 0.418048 0.0288615
46 0.718707 0.424592 0.0294107
47 0.718707 0.393134 0.0264478
48 0.718707 0.420905 0.0290921
49 0.718707 0.433707 0.0226312
50 0.718707 0.464842 0.0233987
51 0.718707 0.443526 0.0234807
52 0.727234 0.446674 0.0223676
53 0.727234 0.461665 0.0224107
54 0.727234 0.471128 0.0230454
55 0.727234 0.46425 0.0229043
56 0.727234 0.459139 0.0226542
57 0.727234 0.444272 0.0232114
58 0.734544 0.434094 0.0247775
59 0.734544 0.438141 0.0266256
60 0.734544 0.442013 0.0287738
61 0.822112 0.45396 0.0289607
62 0.822112 0.453073 0.029387
63 0.822112 0.450972 0.0316973
64 0.822112 0.464703 0.0300401
65 0.822112 0.473169 0.0277561
66 0.822112 0.494293 0.0274773
67 0.822112 0.466735 0.0281539
68 0.822112 0.499995 0.0297618
69 0.822112 0.514206 0.0296111
70 0.832526 0.522674 0.031145
71 0.832526 0.522916 0.0313463
72 0.832526 0.556585 0.0316539
73 0.832526 0.569031 0.0264109
74 0.832526 0.593431 0.0232581
75 0.854876 0.599108 0.0240273
76 0.854876 0.619971 0.0219913
77 0.854876 0.62774 0.0203709
78 0.854876 0.62004 0.0185071
79 0.854876 0.627895 0.0200756
80 0.854876 0.627281 0.0181926
81 0.856642 0.635368 0.015815
82 0.856642 0.645384 0.0160274
83 0.856642 0.657044 0.0176413
84 0.856642 0.661932 0.0161359
85 0.856642 0.673409 0.0152442
86 0.869768 0.672338 0.015961
87 0.869768 0.676339 0.0151392
88 0.869768 0.670922 0.0167853
89 0.882955 0.674691 0.0204787
90 0.882955 0.67862 0.0181818
91 0.882955 0.676133 0.0185036
92 0.882955 0.692917 0.0153959
93 0.882955 0.68226 0.0169509
94 0.882955 0.673842 0.0160717
95 0.882955 0.666232 0.0154915
96 0.882955 0.679915 0.0164505
97 0.882955 0.684692 0.0134144
98 0.882955 0.686312 0.0164503
99 0.882955 0.673631 0.0185801
100 0.882955 0.686657 0.0180112
101 0.882955 0.706511 0.01409
102 0.882955 0.702175 0.0148571
103 0.882955 0.703833 0.0143014
104 0.882955 0.70368 0.0142851
105 0.882955 0.696226 0.0172074
106 0.882955 0.710024 0.0143959
107 0.882955 0.723021 0.0135131
108 0.882955 0.743357 0.0131703
109 0.882955 0.732771 0.0162244
110 0.882955 0.719513 0.0135132
111 0.882955 0.720153 0.0135991
112 0.882955 0.733983 0.0110734
113 0.882955 0.714193 0.0150429
114 0.882955 0.700483 0.0160001
115 0.882955 0.700515 0.0155072
116 0.882955 0.709495 0.0116919
117 0.882955 0.71502 0.0132622
118 0.898698 0.721344 0.010673
119 0.898698 0.720809 0.0121672
120 0.898698 0.739222 0.0111006
121 0.898698 0.732808 0.0101662
122 0.898698 0.721797 0.012283
123 0.898698 0.731474 0.0131472
124 0.898698 0.71234 0.0155382
125 0.898698 0.708573 0.0166503
126 0.898698 0.70793 0.015389
127 0.898698 0.707243 0.0148135
128 0.898698 0.718615 0.015903
129 0.898698 0.726138 0.0131067
130 0.898698 0.726123 0.0158588
131 0.899491 0.720989 0.0173819
132 0.899491 0.736975 0.0172451
133 0.909529 0.708227 0.0212171
134 0.909529 0.716301 0.0183021
135 0.909529 0.714767 0.0184274
136 0.909529 0.705934 0.021125
137 0.909529 0.702475 0.0258867
138 0.909529 0.721779 0.0164176
139 0.909529 0.729431 0.0172353
140 0.909529 0.73621 0.0166546
141 0.909529 0.738837 0.016631
142 0.909529 0.743264 0.0144306
143 0.909529 0.737107 0.0148112
144 0.909529 0.73408 0.0134313
145 0.909529 0.727521 0.013656
146 0.909529 0.743733 0.0146943
147 0.909529 0.73864 0.0154645
148 0.909529 0.739064 0.0167784
149 0.909529 0.740939 0.0182401
150 0.909529 0.745845 0.0136943
151 0.909529 0.723586 0.0182489
152 0.909529 0.729016 0.0175928
153 0.909529 0.728269 0.0164765
154 0.909529 0.745529 0.0162104
155 0.909529 0.754433 0.0147973
156 0.909529 0.758095 0.0136378
157 0.909529 0.755933 0.0123231
158 0.909529 0.764345 0.0144085
159 0.909529 0.751607 0.0121276
160 0.909529 0.750635 0.0128184
161 0.909529 0.751291 0.0139202
162 0.909529 0.751906 0.0146703
163 0.909529 0.756836 0.012394
164 0.909529 0.767039 0.00963099
165 0.909529 0.755876 0.0110516
166 0.909529 0.760639 0.0137322
167 0.909529 0.769288 0.0125299
168 0.909529 0.758012 0.0116316
169 0.909529 0.76431 0.0118586
170 0.909529 0.7656 0.0110385
171 0.909529 0.765698 0.0140902
172 0.909529 0.749406 0.0158027
173 0.909529 0.746511 0.015877
174 0.909529 0.754205 0.0124256
175 0.909529 0.742367 0.0148497
176 0.909529 0.752728 0.0164501
177 0.909529 0.75168 0.0125074
178 0.909529 0.757865 0.0104178
179 0.909529 0.759853 0.010513
180 0.909529 0.756594 0.0102128
181 0.909529 0.741079 0.0112459
182 0.909529 0.75712 0.00981075
183 0.909529 0.766177 0.0118393
184 0.909529 0.760206 0.0113545
185 0.909529 0.749722 0.0121208
186 0.910108 0.748911 0.0153711
187 0.910108 0.750823 0.0199332
188 0.910108 0.753832 0.0173825
189 0.914786 0.744424 0.0183435
190 0.914786 0.766884 0.0127412
191 0.918792 0.763936 0.0119161
192 0.918792 0.757296 0.0125494
193 0.918792 0.747535 0.0145287
194 0.918792 0.75311 0.0153949
195 0.918792 0.761122 0.014168
196 0.918792 0.748083 0.0153093
197 0.918792 0.752746 0.0150276
198 0.918792 0.746449 0.0162153
199 0.918792 0.727949 0.0206664
200 0.918792 0.748436 0.0163016
201 0.918792 0.747 0.0168332
202 0.918792 0.753531 0.0148633
203 0.918792 0.745367 0.0127761
204 0.918792 0.734683 0.0172243
205 0.918792 0.734954 0.0172239
206 0.918792 0.742978 0.0148951
207 0.918792 0.757045 0.0144888
208 0.918792 0.768844 0.0108242
209 0.918792 0.761333 0.0124901
210 0.918792 0.762464 0.0114217
211 0.918792 0.753874 0.012053
212 0.918792 0.763814 0.0110147
213 0.918792 0.757165 0.0111899
214 0.918792 0.760289 0.0107327
215 0.918792 0.750517 0.0134628
216 0.918792 0.758737 0.0143039
217 0.918792 0.734243 0.0195776
218 0.918792 0.736363 0.0185089
219 0.918792 0.741859 0.0207953
220 0.918792 0.745342 0.0193739
221 0.918792 0.739218 0.0183394
222 0.918792 0.73509 0.0186655
223 0.918792 0.761455 0.0116844
224 0.918792 0.754473 0.0145626
225 0.918792 0.746212 0.0156615
226 0.918792 0.753415 0.0149819
227 0.918792 0.766672 0.0147045
228 0.918792 0.767668 0.0143074
229 0.918792 0.76709 0.0132796
230 0.918792 0.755877 0.0159094
231 0.918792 0.762225 0.0146411
232 0.91944 0.758343 0.0135577
233 0.91944 0.744089 0.0148654
234 0.91944 0.758862 0.0148217
235 0.91944 0.749539 0.0145793
236 0.91944 0.766299 0.0162533
237 0.91944 0.767117 0.0144636
238 0.91944 0.752768 0.0144913
239 0.91944 0.74896 0.0157423
240 0.91944 0.729446 0.0186939
241 0.91944 0.743236 0.0158461
242 0.91944 0.713202 0.0194322
243 0.91944 0.7087 0.0197261
244 0.91944 0.710605 0.023141
245 0.91944 0.712305 0.0239778
246 0.91944 0.715128 0.0231255
247 0.91944 0.717953 0.022952
248 0.91944 0.723835 0.0217413
249 0.91944 0.732542 0.0186659
250 0.91944 0.748766 0.0159152
251 0.91944 0.750479 0.0136674
252 0.91944 0.752669 0.0145226
253 0.91944 0.736501 0.0175179
254 0.91944 0.725599 0.0211867
255 0.91944 0.723145 0.0209207
256 0.91944 0.731487 0.0160295
257 0.91944 0.741592 0.01528
258 0.91944 0.742646 0.0158264
259 0.91944 0.727951 0.0173226
260 0.91944 0.738134 0.0168105
261 0.91944 0.739647 0.014439
262 0.91944 0.725994 0.0177448
263 0.91944 0.731411 0.0172644
264 0.91944 0.737236 0.0169922
265 0.91944 0.738536 0.0163534
266 0.91944 0.731286 0.014778
267 0.91944 0.738973 0.0183578
268 0.91944 0.73328 0.0207135
269 0.91944 0.740076 0.0166467
270 0.91944 0.753071 0.0123217
271 0.91944 0.751527 0.0152253
272 0.91944 0.739196 0.0159723
273 0.91944 0.742263 0.0145617
274 0.91944 0.759946 0.0159719
275 0.91944 0.751956 0.0147628
276 0.91944 0.755975 0.0140882
277 0.91944 0.757427 0.0154435
278 0.91944 0.747184 0.0184332
279 0.91944 0.746987 0.017169
280 0.91944 0.748314 0.0155732
281 0.91944 0.759108 0.0156984
282 0.91944 0.756251 0.0140503
283 0.91944 0.764482 0.012488
284 0.91944 0.745041 0.014232
285 0.91944 0.765718 0.0120397
286 0.91944 0.768343 0.0123409
287 0.91944 0.749484 0.0140819
288 0.91944 0.744268 0.0126914
289 0.91944 0.737767 0.015504
290 0.91944 0.751339 0.014965
291 0.91944 0.756401 0.0156338
292 0.91944 0.738365 0.0173249
293 0.91944 0.736912 0.0167423
294 0.91944 0.749367 0.0132179
295 0.91944 0.742445 0.0169404
296 0.91944 0.741543 0.0189752
297 0.91944 0.751905 0.0165656
298 0.91944 0.744387 0.0162475
299 0.91944 0.731251 0.0216896
300 0.91944 0.747183 0.0190653
301 0.91944 0.749003 0.0149604
302 0.91944 0.756456 0.0144733
303 0.91944 0.744239 0.0145471
304 0.91944 0.736469 0.0149388
305 0.91944 0.731086 0.016324
306 0.91944 0.731183 0.0152977
307 0.91944 0.737938 0.0161816
308 0.91944 0.735643 0.0171863
309 0.91944 0.733805 0.0175396
310 0.91944 0.737089 0.0178925
311 0.91944 0.734646 0.0163941
312 0.91944 0.750142 0.0153938
313 0.91944 0.7578 0.0135788
314 0.91944 0.767053 0.011763
315 0.91944 0.779162 0.00986766
316 0.91944 0.780612 0.00868614
317 0.91944 0.773967 0.0110463
318 0.91944 0.778628 0.00955459
319 0.91944 0.763037 0.0112576
320 0.91944 0.76838 0.00899072
321 0.91944 0.765392 0.00994557
322 0.91944 0.77398 0.0105917
323 0.91944 0.768044 0.0109063
324 0.91944 0.751856 0.0135926
325 0.91944 0.746034 0.0161007
326 0.91944 0.764872 0.0100164
327 0.91944 0.768707 0.0100761
328 0.91944 0.766485 0.00851124
329 0.91944 0.737457 0.0174334
330 0.91944 0.73256 0.0154025
331 0.91944 0.755172 0.0118533
332 0.91944 0.75281 0.0121012
333 0.91944 0.750276 0.0125631
334 0.91944 0.749677 0.0115746
335 0.91944 0.759212 0.0109673
336 0.91944 0.761082 0.00992974
337 0.91944 0.758405 0.0103385
338 0.91944 0.750778 0.0123826
339 0.921467 0.73967 0.0140642
340 0.921467 0.741387 0.0146306
341 0.921467 0.739929 0.0183078
342 0.921467 0.735365 0.016459
343 0.92179 0.745449 0.0196297
344 0.92179 0.753903 0.0154703
345 0.92179 0.759873 0.0157322
346 0.92179 0.763984 0.0129511
347 0.92179 0.763593 0.013557
348 0.92179 0.770683 0.011464
349 0.92179 0.775176 0.0119554
350 0.92179 0.784294 0.010496
351 0.92179 0.786727 0.00889142
352 0.92179 0.772272 0.0132453
353 0.92179 0.775245 0.0115146
354 0.92179 0.783041 0.0103489
355 0.92179 0.791464 0.00856056
356 0.92179 0.773262 0.01117
357 0.92179 0.767256 0.0109745
358 0.92179 0.76352 0.0115455
359 0.92179 0.77712 0.00987583
360 0.92179 0.781898 0.00974012
361 0.92179 0.771144 0.0100025
362 0.92179 0.777765 0.010395
363 0.92179 0.785818 0.00993287
364 0.92859 0.775306 0.0102544
365 0.92859 0.771958 0.0115077
366 0.92859 0.766068 0.0120073
367 0.92859 0.776847 0.0111478
368 0.92859 0.771901 0.011558
369 0.92859 0.760314 0.01208
370 0.92859 0.753348 0.0149258
371 0.92859 0.752736 0.016588
372 0.92859 0.760079 0.0148112
373 0.92859 0.76573 0.0141659
374 0.92859 0.76036 0.0137489
375 0.92859 0.740893 0.0147173
376 0.92859 0.749687 0.0147597
377 0.92859 0.761699 0.0125146
378 0.929636 0.761919 0.0112959
379 0.929636 0.75082 0.0131373
380 0.929636 0.774039 0.0128786
381 0.929636 0.747038 0.0154283
382 0.929636 0.754663 0.013121
383 0.929636 0.738614 0.0156355
384 0.929636 0.739067 0.0166961
385 0.929636 0.732734 0.0218613
386 0.929636 0.73428 0.0197042
387 0.929636 0.748682 0.016974
388 0.929636 0.76141 0.0170077
389 0.929636 0.754971 0.0201377
390 0.93065 0.749302 0.0217703
391 0.93065 0.761377 0.0145593
392 0.93065 0.745866 0.0167424
393 0.93065 0.760212 0.0145683
394 0.93065 0.76017 0.0138573
395 0.93065 0.756936 0.0140652
396 0.93065 0.748449 0.0146115
397 0.93065 0.753661 0.0141844
398 0.93065 0.743126 0.0153724
399 0.93065 0.737857 0.0163152
400 0.93065 0.742428 0.0158069
401 0.93065 0.734283 0.0173996
402 0.93065 0.742615 0.0158503
403 0.93065 0.743152 0.0182756
404 0.93065 0.753401 0.0146569
405 0.93065 0.748283 0.0162433
406 0.93065 0.743725 0.0181838
407 0.93065 0.747389 0.0158664
408 0.93065 0.761071 0.0126717
409 0.93065 0.749732 0.0136776
410 0.93065 0.743297 0.0149711
411 0.93065 0.757787 0.0112794
412 0.93065 0.750511 0.0126662
413 0.93065 0.752478 0.0130525
414 0.93065 0.759824 0.0117964
415 0.93065 0.757906 0.0139433
416 0.93065 0.763274 0.0113397
417 0.93065 0.750962 0.0130351
418 0.93065 0.764393 0.0133057
419 0.93065 0.745016 0.0149429
420 0.93065 0.733773 0.0175311
421 0.93065 0.753039 0.0158189
422 0.93065 0.748807 0.0155866
423 0.93065 0.741143 0.0184749
424 0.93065 0.751605 0.0139708
425 0.93065 0.759031 0.0148651
426 0.93065 0.732914 0.0192803
427 0.93065 0.740778 0.019918
428 0.93065 0.74516 0.020382
429 0.93065 0.755722 0.0178045
430 0.93065 0.765874 0.0155046
431 0.93065 0.760698 0.0139237
432 0.93065 0.754763 0.0162588
433 0.93065 0.754489 0.0154986
434 0.93065 0.757569 0.0146012
435 0.93065 0.761824 0.0147945
436 0.931641 0.761257 0.0169048
437 0.931641 0.759352 0.018716
438 0.931641 0.75253 0.0147334
439 0.931641 0.743836 0.019429
440 0.931641 0.744846 0.0245161
441 0.931641 0.72846 0.0245547
442 0.931641 0.741497 0.020636
443 0.931641 0.747507 0.0153426
444 0.931641 0.760152 0.0148834
445 0.931641 0.763104 0.0114323
446 0.931641 0.754073 0.0127402
447 0.931641 0.751044 0.0148031
448 0.931641 0.752572 0.0118245
449 0.931641 0.752922 0.014653
450 0.931641 0.735839 0.0162081
451 0.931641 0.74127 0.0155846
452 0.931641 0.734098 0.0148077
453 0.931641 0.740944 0.016902
454 0.931641 0.733696 0.0226013
455 0.931641 0.740616 0.0171292
456 0.931641 0.748739 0.0151226
457 0.931641 0.74193 0.0175211
458 0.931641 0.752965 0.0177832
459 0.931641 0.749346 0.0152452
460 0.931641 0.747812 0.0160977
461 0.931641 0.744386 0.0198401
462 0.931641 0.740959 0.0157275
463 0.931641 0.735664 0.0173858
464 0.931641 0.739286 0.0160231
465 0.931641 0.735492 0.0165392
466 0.931641 0.744112 0.0154668
467 0.931641 0.730295 0.0147472
468 0.931641 0.735637 0.0157649
469 0.931641 0.731983 0.0152801
470 0.931641 0.736374 0.0146658
471 0.931641 0.734771 0.0143594
472 0.931641 0.741778 0.0152486
473 0.931641 0.75309 0.0140759
474 0.931641 0.760428 0.0126088
475 0.931641 0.759668 0.0124149
476 0.931641 0.749382 0.0134585
477 0.931641 0.762349 0.0122939
478 0.931641 0.778072 0.00893129
479 0.931641 0.778996 0.00911797
480 0.931641 0.761816 0.0126203
481 0.931641 0.765426 0.0126208
482 0.931641 0.762931 0.0156037
483 0.931641 0.756815 0.0185232
484 0.931641 0.755317 0.0185806
485 0.931641 0.771786 0.0167381
486 0.931641 0.745968 0.0169767
487 0.931641 0.738846 0.0157637
488 0.931641 0.745962 0.0152557
489 0.931641 0.729037 0.0166282
490 0.931641 0.746267 0.0157857
491 0.931641 0.75049 0.0108949
492 0.931641 0.741051 0.0145636
493 0.933271 0.741942 0.015663
494 0.933271 0.757406 0.0153991
495 0.933271 0.748024 0.0189331
496 0.933271 0.746144 0.0138257
497 0.933271 0.737788 0.0170178
498 0.933271 0.729012 0.0174452
499 0.933271 0.745058 0.0141018
500 0.933271 0.763561 0.0135484
501 0.933271 0.765743 0.0136938
502 0.933271 0.763264 0.0134427
503 0.933271 0.77632 0.0117578
504 0.933271 0.764538 0.0125803
505 0.933271 0.774074 0.00986131
506 0.933271 0.75934 0.0103941
507 0.933271 0.737915 0.0131088
508 0.933271 0.761084 0.0112019
509 0.933271 0.758028 0.0119696
510 0.93539 0.774683 0.0116376
511 0.93539 0.745634 0.0149067
512 0.93539 0.739946 0.0143125
513 0.93539 0.746353 0.0144076
514 0.93539 0.751872 0.013763
515 0.93539 0.758212 0.0121974
516 0.93539 0.759292 0.0123141
517 0.93539 0.766239 0.0118235
518 0.93539 0.754288 0.0140556
519 0.93539 0.751213 0.0137039
520 0.93539 0.757263 0.0139516
521 0.93539 0.777674 0.0130388
522 0.93539 0.767269 0.0149851
523 0.93539 0.763786 0.0147788
524 0.93539 0.762856 0.0143183
525 0.93539 0.771353 0.0152994
526 0.93539 0.761193 0.0147907
527 0.93539 0.77651 0.0120265
528 0.93539 0.778055 0.00981101
529 0.93539 0.769687 0.00996026
530 0.93539 0.771985 0.0115006
531 0.93539 0.767112 0.0134022
532 0.93539 0.771724 0.0127609
533 0.93539 0.766084 0.0118667
534 0.93539 0.767333 0.0102541
535 0.93539 0.782142 0.0112595
536 0.93539 0.773563 0.0126474
537 0.93539 0.774282 0.0111374
538 0.93539 0.758228 0.0143819
539 0.93539 0.771641 0.0117644
540 0.93539 0.766374 0.0113017
541 0.93539 0.764098 0.0124225
542 0.93539 0.755196 0.0148127
543 0.93539 0.739715 0.0164633
544 0.93539 0.753991 0.0135391
545 0.93539 0.755767 0.013976
546 0.93539 0.754624 0.0128158
547 0.93539 0.760728 0.0133951
548 0.93539 0.759192 0.0139103
549 0.93539 0.769096 0.0118437
550 0.93539 0.77017 0.0112141
551 0.93539 0.755117 0.0143768
552 0.93539 0.764201 0.0131283
553 0.93539 0.763504 0.0127986
554 0.93539 0.752737 0.0151509
555 0.93539 0.738124 0.016349
556 0.93539 0.734515 0.0174022
557 0.93539 0.744887 0.0164433
558 0.93539 0.757021 0.0149901
559 0.93539 0.740224 0.018195
560 0.93539 0.737168 0.0177228
561 0.93539 0.730441 0.0194308
562 0.93539 0.731664 0.021321
563 0.93539 0.733377 0.0188148
564 0.93539 0.74396 0.014554
565 0.93539 0.762862 0.0125184
566 0.93539 0.767736 0.011344
567 0.93539 0.765954 0.0123092
568 0.93539 0.767712 0.0123245
569 0.93539 0.762657 0.0131395
570 0.93539 0.763256 0.0117137
571 0.93539 0.759485 0.0112162
572 0.93539 0.742987 0.0174275
573 0.93539 0.732651 0.0170332
574 0.93539 0.735661 0.0167259
575 0.93539 0.739704 0.0156605
576 0.93539 0.749594 0.0158737
577 0.93539 0.749559 0.0166787
578 0.93539 0.762661 0.0137748
579 0.93539 0.772575 0.0132022
580 0.93539 0.755611 0.0176296
581 0.93539 0.757266 0.015355
582 0.93539 0.758359 0.0139396
583 0.93539 0.756589 0.0130483
584 0.93539 0.756325 0.012064
585 0.93539 0.768666 0.0116482
586 0.93539 0.778824 0.0113417
587 0.93539 0.779684 0.0117718
588 0.93539 0.771458 0.0123243
589 0.93539 0.760288 0.014197
590 0.93539 0.766369 0.0131529
591 0.93539 0.765492 0.0130774
592 0.93539 0.77513 0.0122248
593 0.93539 0.768171 0.0140815
594 0.93539 0.777906 0.0141689
595 0.93539 0.775178 0.0128466
596 0.93539 0.762132 0.0134015
597 0.93539 0.76537 0.0138031
598 0.93539 0.766723 0.0153761
599 0.93539 0.778446 0.0122675
600 0.93539 0.768751 0.0127736
601 0.93539 0.767635 0.0136983
602 0.93539 0.754618 0.0151531
603 0.93539 0.766917 0.0139828
604 0.93539 0.769563 0.0136456
605 0.93539 0.781686 0.0109611
606 0.93539 0.773294 0.0109342
607 0.93539 0.766173 0.0129716
608 0.93539 0.774667 0.0125585
609 0.93539 0.773932 0.0121233
610 0.93539 0.77935 0.0112794
611 0.93539 0.771503 0.0117637
612 0.93539 0.762722 0.0121425
613 0.93539 0.75722 0.0126214
614 0.93539 0.754882 0.0121813
615 0.93539 0.758932 0.0124747
616 0.93539 0.755991 0.0152095
617 0.93539 0.759134 0.0132955
618 0.93539 0.765946 0.0137354
619 0.93539 0.772185 0.00901238
620 0.93539 0.781135 0.00871016
621 0.93539 0.764597 0.0135195
622 0.93539 0.751205 0.0136884
623 0.93539 0.74944 0.0147219
624 0.93539 0.753304 0.0129599
625 0.93539 0.763235 0.0126762
626 0.93539 0.766401 0.0104882
627 0.93539 0.765708 0.0133543
628 0.93539 0.750893 0.0149358
629 0.93539 0.761668 0.013256
630 0.93539 0.760725 0.0147668
631 0.93539 0.752499 0.0148318
632 0.93539 0.759421 0.0141375
633 0.93539 0.775713 0.0110389
634 0.93539 0.759354 0.0155105
635 0.93539 0.743136 0.0165374
636 0.93539 0.746628 0.0175095
637 0.93539 0.756007 0.0161882
638 0.93539 0.74651 0.0144183
639 0.936292 0.752028 0.015649
640 0.936292 0.760696 0.0141753
641 0.936292 0.741386 0.0184335
642 0.936292 0.756084 0.0173748
643 0.936292 0.754153 0.0174891
644 0.936292 0.755394 0.0171055
645 0.936292 0.756326 0.0142067
646 0.936292 0.755719 0.0151498
647 0.936292 0.745487 0.0160487
648 0.936292 0.74763 0.0137003
649 0.936292 0.74991 0.0158989
650 0.936292 0.747488 0.0181973
651 0.936292 0.760918 0.0139575
652 0.936292 0.752624 0.018021
653 0.936292 0.769679 0.014926
654 0.936292 0.777802 0.0113366
655 0.936292 0.777009 0.0118789
656 0.936292 0.764556 0.0109005
657 0.936292 0.781238 0.00833056
658 0.936292 0.776486 0.00988584
659 0.936292 0.76841 0.0141189
660 0.936292 0.753329 0.0167484
661 0.936292 0.750968 0.0152868
662 0.936292 0.765925 0.0166344
663 0.936292 0.763139 0.0157473
664 0.936292 0.764698 0.0130817
665 0.936292 0.768191 0.0126859
666 0.936292 0.770222 0.0119741
667 0.936292 0.747579 0.0137821
668 0.936292 0.751469 0.0186151
669 0.936292 0.747819 0.0171131
670 0.936292 0.76201 0.0171284
671 0.936292 0.755084 0.0151234
672 0.936292 0.748075 0.0176527
673 0.936292 0.757904 0.0152725
674 0.936292 0.761161 0.0127295
675 0.936292 0.760289 0.0146629
676 0.936292 0.772011 0.0114561
677 0.936292 0.757597 0.01382
678 0.936292 0.762331 0.013189
679 0.936292 0.751392 0.0140239
680 0.936292 0.740335 0.0187356
681 0.936292 0.734374 0.0213889
682 0.936292 0.727284 0.0215258
683 0.936292 0.725482 0.0208095
684 0.936292 0.733336 0.0179457
685 0.936292 0.73648 0.0177651
686 0.936292 0.722811 0.0206093
687 0.936292 0.723436 0.0185858
688 0.936292 0.730623 0.0162709
689 0.936292 0.733415 0.0176167
690 0.936292 0.749252 0.0170107
691 0.936292 0.750838 0.0147994
692 0.936292 0.750534 0.0159611
693 0.936292 0.757285 0.0142375
694 0.936292 0.742295 0.0174828
695 0.936292 0.760741 0.0159532
696 0.936292 0.75809 0.0158083
697 0.936292 0.746113 0.0199129
698 0.936292 0.735489 0.0170852
699 0.936292 0.735074 0.0195131
700 0.936292 0.746808 0.0175196
701 0.936292 0.74815 0.0162701
702 0.936292 0.737541 0.0188869
703 0.936292 0.738148 0.0195693
704 0.936292 0.745638 0.0157782
705 0.936292 0.746211 0.016088
706 0.936292 0.747153 0.0162419
707 0.936292 0.764312 0.0127858
708 0.936292 0.750545 0.0168697
709 0.936292 0.745574 0.0180297
710 0.936292 0.757061 0.0141681
711 0.936292 0.771262 0.012707
712 0.936292 0.766809 0.0133575
713 0.936292 0.767238 0.0121619
714 0.936292 0.769621 0.0134825
715 0.936292 0.767615 0.0136424
716 0.936292 0.754546 0.0157481
717 0.936292 0.752224 0.0143484
718 0.936292 0.75292 0.0138225
719 0.936292 0.756234 0.0131887
720 0.936292 0.758585 0.0124367
721 0.936292 0.772709 0.0105918
722 0.936292 0.761112 0.0133086
723 0.936292 0.759255 0.0118429
724 0.936292 0.752541 0.0126536
725 0.936292 0.751631 0.0135235
726 0.936292 0.761524 0.0136887
727 0.936292 0.763365 0.0125527
728 0.936292 0.763018 0.0124665
729 0.936292 0.768557 0.0118768
730 0.936292 0.769516 0.0101432
731 0.936292 0.773565 0.0130695
732 0.936292 0.773011 0.0117358
733 0.936292 0.76616 0.0122275
734 0.936292 0.749921 0.0159742
735 0.936292 0.737616 0.0178087
736 0.936292 0.748316 0.0155574
737 0.936292 0.749016 0.0152434
738 0.936292 0.755938 0.0164165
739 0.936292 0.755397 0.0144348
740 0.936292 0.743579 0.0162583
741 0.936292 0.763067 0.0126571
742 0.936292 0.749279 0.014618
743 0.936292 0.739838 0.0138865
744 0.936292 0.746209 0.0139145
745 0.936292 0.738652 0.0172021
746 0.936292 0.742557 0.0182098
747 0.936292 0.746591 0.01607
748 0.936292 0.725443 0.0226129
749 0.936292 0.732809 0.022075
750 0.936292 0.74537 0.0170383
751 0.936292 0.74809 0.015453
752 0.936292 0.750046 0.0142864
753 0.936292 0.766807 0.0124387
754 0.936292 0.769406 0.0122417
755 0.936292 0.760829 0.0130578
756 0.936292 0.757371 0.0137128
757 0.936292 0.761214 0.0121197
758 0.936292 0.750759 0.0153798
759 0.936292 0.7459 0.0150554
760 0.936292 0.749735 0.0116406
761 0.936292 0.743302 0.013036
762 0.936292 0.756361 0.0108278
763 0.936292 0.759808 0.0129573
764 0.936292 0.766003 0.00956717
765 0.936292 0.749807 0.0150183
766 0.936292 0.755669 0.0141425
767 0.936292 0.759509 0.0120844
768 0.936292 0.764956 0.00918795
769 0.936292 0.769764 0.0101755
770 0.936292 0.775784 0.00909545
771 0.936292 0.768408 0.0121496
772 0.936292 0.773508 0.0110137
773 0.936292 0.766931 0.0135103
774 0.936292 0.759921 0.0142225
775 0.936292 0.762254 0.0145963
776 0.936292 0.781948 0.0137926
777 0.936292 0.770092 0.0125701
778 0.936292 0.774049 0.0120333
779 0.936292 0.770794 0.0111258
780 0.936292 0.766962 0.0125526
781 0.936292 0.751616 0.0163486
782 0.936292 0.768988 0.01517
783 0.936292 0.754857 0.0140916
784 0.936292 0.749882 0.0183097
785 0.936292 0.739733 0.0187233
786 0.936292 0.753681 0.0167833
787 0.936292 0.763874 0.0146208
788 0.936292 0.755402 0.0153657
789 0.936292 0.761321 0.0146826
790 0.936292 0.762031 0.012921
791 0.936292 0.764572 0.0124109
792 0.936292 0.766406 0.0117425
793 0.936292 0.780875 0.0134052
794 0.936292 0.769175 0.0127623
795 0.936292 0.779584 0.0118291
796 0.936292 0.777217 0.0104165
797 0.936292 0.771505 0.0110555
798 0.936292 0.767286 0.0111452
799 0.936292 0.765326 0.0134544
800 0.936292 0.744088 0.0157024
801 0.936292 0.743091 0.016066
802 0.936292 0.747477 0.0180744
803 0.936292 0.749587 0.0188021
804 0.936292 0.743204 0.0175401
805 0.936292 0.732265 0.0218331
806 0.936292 0.744416 0.0179344
807 0.936292 0.746816 0.0177094
808 0.936292 0.729937 0.0214953
809 0.936292 0.721378 0.020827
810 0.936292 0.727705 0.0219466
811 0.936292 0.721537 0.0206915
812 0.936292 0.718309 0.0204883
813 0.936292 0.723338 0.0200338
814 0.936292 0.733662 0.0159533
815 0.936292 0.740009 0.0161645
816 0.936292 0.73275 0.0189235
817 0.936292 0.724279 0.0187188
818 0.936292 0.730579 0.0192276
819 0.936292 0.749655 0.0133338
820 0.936292 0.745584 0.0170413
821 0.936292 0.754744 0.0128567
822 0.936292 0.765761 0.0112135
823 0.936292 0.754353 0.0139133
824 0.936292 0.756475 0.0148556
825 0.936292 0.766241 0.0134049
826 0.936292 0.771261 0.0139267
827 0.936292 0.768227 0.0104885
828 0.936292 0.761658 0.0125299
829 0.936292 0.773977 0.0112296
830 0.936292 0.769577 0.0110302
831 0.936292 0.763417 0.01378
832 0.936292 0.758441 0.0145208
833 0.936292 0.762409 0.0122055
834 0.936292 0.759077 0.0122567
835 0.936292 0.764334 0.0116929
836 0.936292 0.759903 0.012806
837 0.936292 0.765455 0.01314
838 0.936292 0.742022 0.014117
839 0.936292 0.750082 0.0134371
840 0.936292 0.758908 0.0118013
841 0.936292 0.766904 0.0103971
842 0.936292 0.762039 0.0105303
843 0.936292 0.750965 0.013089
844 0.936292 0.758924 0.0131879
845 0.936292 0.753268 0.0130098
846 0.936292 0.766215 0.013016
847 0.936292 0.764548 0.0133266
848 0.936292 0.759402 0.0150603
849 0.936292 0.756009 0.0176749
850 0.936292 0.738644 0.0181633
851 0.936292 0.731226 0.0216852
852 0.936292 0.722687 0.0203899
853 0.936292 0.732231 0.0193857
854 0.936292 0.751055 0.0144121
855 0.936292 0.734927 0.014015
856 0.936292 0.746701 0.0126152
857 0.936292 0.733114 0.0164532
858 0.936292 0.760052 0.0121571
859 0.936292 0.770513 0.0104911
860 0.936292 0.753591 0.0130809
861 0.936292 0.750468 0.0118505
862 0.936292 0.746746 0.015823
863 0.936292 0.745558 0.0149114
864 0.936292 0.7463 0.0121054
865 0.936292 0.738985 0.0143399
866 0.936292 0.749349 0.0141543
867 0.936292 0.749282 0.0150557
868 0.936292 0.7497 0.0147725
869 0.936292 0.730782 0.0170938
870 0.936292 0.719149 0.0196177
871 0.936292 0.720172 0.0176807
872 0.936292 0.727043 0.0199888
873 0.936292 0.73902 0.014705
874 0.936292 0.740585 0.016168
875 0.936292 0.734917 0.0154415
876 0.936292 0.746668 0.0147828
877 0.936292 0.74452 0.0173854
878 0.936292 0.753768 0.0145405
879 0.936292 0.740303 0.017727
880 0.936292 0.740719 0.0191798
881 0.936292 0.724875 0.0200712
882 0.936292 0.751275 0.0146353
883 0.936292 0.761918 0.0122794
884 0.936292 0.756319 0.0139849
885 0.936292 0.754632 0.0173502
886 0.936292 0.75035 0.0168687
887 0.936292 0.740212 0.0167912
888 0.936292 0.749516 0.0163564
889 0.936292 0.7459 0.0156012
890 0.936292 0.746071 0.0148466
891 0.936292 0.756446 0.0131809
892 0.936292 0.748728 0.0147495
893 0.936292 0.740845 0.0159877
894 0.936292 0.744524 0.0178538
895 0.936292 0.740096 0.0192189
896 0.936292 0.734674 0.0187776
897 0.936292 0.717936 0.0232639
898 0.936292 0.729017 0.0203942
899 0.936292 0.741111 0.0167299
900 0.936292 0.751837 0.0125383
901 0.936292 0.756971 0.0126169
902 0.936292 0.753701 0.0132536
903 0.936292 0.762011 0.0126372
904 0.936292 0.753894 0.0143885
905 0.936292 0.748193 0.0166686
906 0.936292 0.733531 0.0182635
907 0.936292 0.746859 0.0183744
908 0.936292 0.758648 0.0175981
909 0.936292 0.753871 0.0132576
910 0.936292 0.747276 0.0140668
911 0.936292 0.736047 0.0157568
912 0.936292 0.756114 0.0118914
913 0.936292 0.766113 0.0124812
914 0.936292 0.742847 0.0176743
915 0.936292 0.739549 0.0153876
916 0.936292 0.744846 0.0167203
917 0.936292 0.753985 0.0149912
918 0.936292 0.742176 0.0197651
919 0.936292 0.737823 0.0196269
920 0.936292 0.731028 0.0200243
921 0.936292 0.739064 0.016886
922 0.936292 0.746654 0.0174538
923 0.936292 0.754679 0.0148683
924 0.936292 0.750664 0.0174404
925 0.936292 0.741016 0.0198961
926 0.936292 0.736518 0.0150517
927 0.936292 0.750878 0.0154003
928 0.936292 0.752803 0.015858
929 0.936292 0.759482 0.0134293
930 0.936292 0.742723 0.0161497
931 0.936292 0.745443 0.0168358
932 0.936292 0.72256 0.0197637
933 0.936292 0.725416 0.0235835
934 0.936292 0.726654 0.0205566
935 0.936292 0.748623 0.0136353
936 0.936292 0.75348 0.0160931
937 0.936292 0.756523 0.0173186
938 0.936292 0.754287 0.0200422
939 0.936292 0.766544 0.0129418
940 0.936292 0.743529 0.0158217
941 0.936292 0.733756 0.0171647
942 0.936292 0.730432 0.0197113
943 0.936292 0.750092 0.0177053
944 0.936292 0.763471 0.0146916
945 0.936292 0.761312 0.012736
946 0.936292 0.74878 0.0155891
947 0.936292 0.756009 0.0144511
948 0.936292 0.753772 0.0158679
949 0.936292 0.762926 0.0166834
950 0.936292 0.769769 0.0118687
951 0.936292 0.773736 0.010127
952 0.936292 0.76889 0.0126808
953 0.936292 0.746907 0.015054
954 0.936292 0.762714 0.0123648
955 0.936292 0.762669 0.0121544
956 0.936292 0.760548 0.0118904
957 0.936292 0.767027 0.0125267
958 0.936292 0.773394 0.0115421
959 0.936292 0.756224 0.0158032
960 0.936292 0.76438 0.0139149
961 0.936292 0.766929 0.0127256
962 0.936292 0.768134 0.0124294
963 0.936292 0.782163 0.0121726
964 0.936292 0.771263 0.0131024
965 0.936292 0.754815 0.0146046
966 0.936292 0.732994 0.0203102
967 0.936292 0.755201 0.0175121
968 0.936292 0.747885 0.019741
969 0.936292 0.745703 0.0162545
970 0.936292 0.754994 0.0147747
971 0.936292 0.744021 0.0138136
972 0.936292 0.742066 0.0145504
973 0.936292 0.741244 0.0132224
974 0.936292 0.742277 0.0160025
975 0.936292 0.72944 0.0170665
976 0.936292 0.727939 0.0194626
977 0.936292 0.726516 0.0176491
978 0.936292 0.739615 0.0158818
979 0.936292 0.727337 0.0184365
980 0.936292 0.731543 0.0201184
981 0.936292 0.739281 0.0179999
982 0.936292 0.730034 0.0191805
983 0.936292 0.741586 0.0146898
984 0.936292 0.748682 0.0118812
985 0.936292 0.744856 0.0133517
986 0.936292 0.748472 0.0127522
987 0.936292 0.74971 0.0130701
988 0.936292 0.750062 0.0133512
989 0.936292 0.755302 0.0122023
990 0.936292 0.748284 0.0123636
991 0.936292 0.739732 0.012679
992 0.936292 0.753664 0.0145036
993 0.936292 0.749184 0.0165335
994 0.936292 0.730182 0.0212553
995 0.936292 0.748801 0.0192007
996 0.936292 0.756102 0.01642
997 0.936292 0.773878 0.0118586
998 0.936292 0.771904 0.0112742
999 0.936292 0.767469 0.012529
1000 0.936292 0.76951 0.0123998
