0 0.293303 0.252483 7.37151e-05
1 0.330614 0.254872 0.000263449
2 0.345992 0.257767 0.000466782
3 0.381582 0.267325 0.000947093
4 0.400912 0.265546 0.00126262
5 0.467973 0.268092 0.00227765
6 0.472677 0.277281 0.00408738
7 0.524037 0.283154 0.00491646
8 0.587161 0.302567 0.00836275
9 0.587161 0.295584 0.00787739
10 0.587161 0.298326 0.0085432
11 0.587161 0.310832 0.0101585
12 0.587161 0.312489 0.0114701
13 0.587161 0.318387 0.0120511
14 0.587161 0.319479 0.0125368
15 0.587161 0.318816 0.0131774
16 0.587161 0.322813 0.0132129
17 0.587161 0.330164 0.0133776
18 0.587161 0.345259 0.0148951
19 0.587161 0.345112 0.01501
20 0.587161 0.335096 0.0135058
21 0.587161 0.343802 0.0136139
22 0.587161 0.333058 0.0133866
23 0.587161 0.32179 0.013316
24 0.587161 0.347444 0.013582
25 0.61104 0.356691 0.0141697
26 0.615144 0.370384 0.0160456
27 0.663552 0.384379 0.0177485
28 0.663552 0.377374 0.0192085
29 0.663552 0.36867 0.0195912
30 0.663552 0.394618 0.0224917
31 0.663552 0.399694 0.0224216
32 0.670949 0.41699 0.0235746
33 0.694838 0.423811 0.0235239
34 0.694838 0.422968 0.0238129
35 0.718419 0.428189 0.0248415
36 0.718419 0.429637 0.0239051
37 0.746018 0.444429 0.0275885
38 0.749368 0.444089 0.0282798
39 0.749368 0.457834 0.0254616
40 0.749368 0.474359 0.0267105
41 0.749368 0.50495 0.0275132
42 0.749368 0.513466 0.0274916
43 0.77569 0.533425 0.0259806
44 0.77569 0.55708 0.021789
45 0.77569 0.576892 0.0152327
46 0.77569 0.594318 0.0157983
47 0.77569 0.599387 0.0135899
48 0.813439 0.604191 0.0199353
49 0.813439 0.610921 0.0146533
50 0.8317 0.615368 0.013307
51 0.8317 0.628812 0.0138045
52 0.8317 0.629987 0.0159103
53 0.8317 0.63082 0.0135919
54 0.8317 0.644439 0.0133857
55 0.8317 0.65249 0.0139841
56 0.8317 0.653779 0.0159558
57 0.850099 0.661269 0.0110278
58 0.850099 0.653136 0.0150587
59 0.850099 0.659458 0.0184294
60 0.850099 0.657133 0.0159391
61 0.850099 0.660339 0.0155071
62 0.850099 0.674281 0.0122025
63 0.850099 0.67487 0.0129329
64 0.850099 0.674033 0.0152781
65 0.850099 0.670528 0.0179527
66 0.850099 0.671319 0.0165586
67 0.856659 0.656349 0.0208166
68 0.856659 0.661474 0.0193428
69 0.859497 0.65703 0.0212797
70 0.859497 0.682062 0.0187363
71 0.859497 0.667708 0.0201189
72 0.859497 0.656534 0.0201906
73 0.868522 0.663488 0.023182
74 0.868522 0.658083 0.0215281
75 0.868522 0.650809 0.0191093
76 0.868522 0.647246 0.0232556
77 0.868522 0.670949 0.0185574
78 0.868522 0.664104 0.0175417
79 0.868522 0.669898 0.016907
80 0.868522 0.678488 0.0173125
81 0.868522 0.698969 0.0145323
82 0.868522 0.710322 0.016106
83 0.868522 0.729042 0.0112656
84 0.868522 0.713152 0.0118776
85 0.868522 0.719607 0.0121106
86 0.879305 0.704091 0.0117772
87 0.879305 0.698341 0.0137002
88 0.879305 0.695647 0.0139224
89 0.879305 0.678225 0.0161219
90 0.879305 0.685391 0.0157639
91 0.884915 0.715903 0.0121736
92 0.884915 0.724561 0.0110705
93 0.884915 0.724655 0.0125112
94 0.884915 0.730342 0.0131311
95 0.884915 0.72162 0.0133393
96 0.884915 0.716789 0.014408
97 0.884915 0.7288 0.01295
98 0.887439 0.738817 0.0116971
99 0.887439 0.738013 0.00985598
100 0.887439 0.748785 0.0103296
101 0.887439 0.733868 0.0144871
102 0.887439 0.734898 0.0120321
103 0.887439 0.737543 0.0102992
104 0.887439 0.735555 0.0117184
105 0.887439 0.727102 0.0157655
106 0.88911 0.7316 0.0142308
107 0.88911 0.738208 0.0159117
108 0.88911 0.729859 0.0161384
109 0.88911 0.735502 0.0118063
110 0.88911 0.713868 0.013037
111 0.88911 0.723701 0.0152937
112 0.88911 0.731792 0.0145825
113 0.88911 0.744052 0.010653
114 0.88911 0.738291 0.010862
115 0.88911 0.728004 0.0129743
116 0.88911 0.735809 0.0117766
117 0.894759 0.74307 0.0119558
118 0.894759 0.740729 0.0116477
119 0.894759 0.73886 0.0129258
120 0.89632 0.740696 0.0127864
121 0.89632 0.756299 0.0120581
122 0.89632 0.741036 0.0157716
123 0.89632 0.741268 0.0124221
124 0.89632 0.746401 0.0108802
125 0.897377 0.749576 0.0129112
126 0.898599 0.756928 0.0150591
127 0.898599 0.74287 0.0148376
128 0.898599 0.743694 0.0157142
129 0.90174 0.734345 0.0151502
130 0.90174 0.743251 0.0141432
131 0.90174 0.75265 0.0142859
132 0.90174 0.733706 0.0187935
133 0.90174 0.727997 0.0189427
134 0.90174 0.713187 0.0197207
135 0.90174 0.728511 0.0207164
136 0.90174 0.743212 0.0170933
137 0.90174 0.731102 0.0166456
138 0.90174 0.740917 0.016041
139 0.903856 0.748632 0.0141003
140 0.903856 0.740148 0.0147629
141 0.903856 0.754308 0.0115954
142 0.906635 0.751854 0.0106993
143 0.906635 0.756937 0.0112033
144 0.906635 0.765422 0.0112019
145 0.906635 0.762017 0.0113137
146 0.906635 0.770073 0.00819703
147 0.906635 0.762257 0.00779904
148 0.906635 0.760472 0.00936517
149 0.906635 0.760755 0.00746145
150 0.906635 0.757094 0.00850495
151 0.906635 0.757855 0.0126264
152 0.906635 0.765419 0.0106972
153 0.906635 0.755711 0.0102313
154 0.906635 0.755396 0.0118346
155 0.906635 0.767946 0.00979111
156 0.906635 0.758057 0.0108663
157 0.906635 0.756003 0.0126976
158 0.906635 0.742581 0.0144117
159 0.906635 0.75178 0.0133976
160 0.906635 0.761995 0.0122804
161 0.906635 0.745647 0.0164504
162 0.906635 0.767087 0.0130138
163 0.906635 0.775993 0.0115523
164 0.906635 0.770536 0.0112488
165 0.906635 0.773811 0.00896022
166 0.906635 0.753522 0.0113299
167 0.906635 0.745672 0.0168132
168 0.906635 0.753646 0.0167868
169 0.906635 0.747922 0.0173624
170 0.906635 0.743178 0.022068
171 0.906635 0.749768 0.0208169
172 0.906635 0.733036 0.0208422
173 0.909272 0.729747 0.0187272
174 0.909272 0.725052 0.0144286
175 0.909272 0.730527 0.0187454
176 0.909272 0.742655 0.016798
177 0.909272 0.754057 0.0142839
178 0.909272 0.761451 0.0154788
179 0.909272 0.77277 0.0118196
180 0.909272 0.767944 0.0135387
181 0.909272 0.764807 0.0122736
182 0.909272 0.75378 0.0134431
183 0.912488 0.774737 0.0068898
184 0.912488 0.761369 0.0107154
185 0.912488 0.760022 0.0099901
186 0.912488 0.759711 0.00873417
187 0.912488 0.780654 0.00629917
188 0.912488 0.780441 0.00990101
189 0.912488 0.776422 0.0087478
190 0.912488 0.759999 0.00971844
191 0.912488 0.778187 0.00717055
192 0.912488 0.76093 0.011511
193 0.912488 0.774247 0.0110148
194 0.912488 0.760711 0.0128951
195 0.912488 0.770456 0.0110457
196 0.912488 0.770461 0.010485
197 0.912488 0.766454 0.0138578
198 0.912488 0.763711 0.0123396
199 0.912488 0.768251 0.0145488
200 0.912488 0.766118 0.0157575
201 0.912488 0.758212 0.0146356
202 0.912488 0.762681 0.0140222
203 0.912488 0.773915 0.0122061
204 0.912488 0.764307 0.0128782
205 0.912488 0.77169 0.0103864
206 0.912488 0.784151 0.00994841
207 0.912488 0.770675 0.00987657
208 0.912488 0.763296 0.0102388
209 0.912488 0.756159 0.0106161
210 0.912488 0.754717 0.0108112
211 0.912488 0.765966 0.014084
212 0.912488 0.752906 0.0156821
213 0.912488 0.756028 0.010945
214 0.912488 0.763755 0.010247
215 0.912488 0.759821 0.012008
216 0.912488 0.750255 0.0165629
217 0.912488 0.758838 0.0123539
218 0.912488 0.745883 0.0145731
219 0.912488 0.764648 0.0120964
220 0.912488 0.768249 0.0118468
221 0.912488 0.76322 0.0128268
222 0.912488 0.761616 0.0124016
223 0.912488 0.762748 0.0135153
224 0.912488 0.778456 0.0109291
225 0.912488 0.776047 0.00970099
226 0.912488 0.773996 0.00863011
227 0.912488 0.766938 0.0104429
228 0.912488 0.764843 0.0122141
229 0.912488 0.759855 0.0121231
230 0.912488 0.764863 0.011232
231 0.912488 0.753928 0.0161158
232 0.912488 0.741963 0.0188773
233 0.912488 0.74329 0.0187625
234 0.912488 0.738811 0.0150422
235 0.912488 0.740451 0.0174784
236 0.912488 0.749828 0.0144358
237 0.912488 0.761872 0.0132721
238 0.912488 0.75052 0.014078
239 0.912488 0.729392 0.0203079
240 0.912488 0.726744 0.0207355
241 0.912488 0.746825 0.0180794
242 0.912488 0.743134 0.0178461
243 0.912488 0.748906 0.0184696
244 0.912488 0.754975 0.0136824
245 0.912488 0.76475 0.0135767
246 0.912488 0.769692 0.0138901
247 0.912488 0.77236 0.0129561
248 0.912488 0.763984 0.014037
249 0.912488 0.770214 0.0130074
250 0.912488 0.762622 0.0149409
251 0.912488 0.769611 0.0140008
252 0.912488 0.769757 0.0127599
253 0.912488 0.772342 0.0107925
254 0.912488 0.750064 0.016491
255 0.912488 0.765774 0.0143587
256 0.912488 0.770051 0.0138401
257 0.912488 0.769044 0.0112488
258 0.912488 0.766032 0.0125575
259 0.912488 0.76826 0.0101052
260 0.912488 0.775265 0.0108424
261 0.912488 0.780223 0.00971223
262 0.912488 0.760859 0.0131449
263 0.912488 0.754463 0.015055
264 0.912488 0.757502 0.0157142
265 0.912488 0.753091 0.0154246
266 0.912488 0.759842 0.0128822
267 0.912488 0.761836 0.0134755
268 0.912488 0.770067 0.0102314
269 0.912488 0.764077 0.0106021
270 0.912488 0.758445 0.0119078
271 0.912488 0.758614 0.0117939
272 0.912488 0.756599 0.0127916
273 0.912488 0.752285 0.0124128
274 0.912488 0.753137 0.0105885
275 0.912488 0.75834 0.00922219
276 0.912488 0.758749 0.0117852
277 0.912488 0.75731 0.0137393
278 0.912488 0.757278 0.0129647
279 0.912488 0.763195 0.0108334
280 0.912488 0.753036 0.0145834
281 0.912488 0.748126 0.0130139
282 0.912488 0.759626 0.00980546
283 0.912488 0.756872 0.0125189
284 0.912488 0.75201 0.014519
285 0.912488 0.751027 0.0136389
286 0.912488 0.744482 0.0137729
287 0.912488 0.741621 0.0129406
288 0.912488 0.748076 0.0107661
289 0.912488 0.751148 0.012486
290 0.912488 0.752049 0.0138261
291 0.912488 0.754949 0.0138819
292 0.912488 0.758072 0.0135125
293 0.912488 0.738319 0.0145639
294 0.912488 0.733034 0.0160474
295 0.912488 0.7368 0.0168287
296 0.912488 0.746715 0.0154161
297 0.912488 0.762155 0.0126601
298 0.912488 0.755805 0.0151771
299 0.912488 0.758905 0.0133143
300 0.912488 0.753322 0.0111274
301 0.912488 0.768286 0.00922831
302 0.912488 0.756957 0.0125031
303 0.912488 0.750064 0.0153892
304 0.912488 0.751699 0.0145312
305 0.912488 0.743065 0.0163042
306 0.912488 0.747766 0.0163527
307 0.912488 0.731455 0.0194385
308 0.912488 0.739401 0.0134569
309 0.912488 0.728665 0.0162718
310 0.912488 0.731404 0.0183156
311 0.912488 0.7368 0.0163125
312 0.912488 0.737885 0.0188684
313 0.912488 0.737305 0.0210234
314 0.912488 0.7346 0.0201978
315 0.912488 0.736884 0.017792
316 0.912488 0.736256 0.0166423
317 0.912488 0.759476 0.011981
318 0.912488 0.738792 0.0156363
319 0.912488 0.745996 0.0126917
320 0.912488 0.751817 0.0139817
321 0.912488 0.75164 0.0119468
322 0.912488 0.7591 0.012032
323 0.912488 0.771036 0.00933328
324 0.912488 0.771307 0.00831438
325 0.912488 0.769205 0.0095188
326 0.912488 0.76642 0.0110033
327 0.912488 0.774679 0.00990271
328 0.912488 0.767313 0.00881115
329 0.912488 0.757874 0.010237
330 0.912488 0.769544 0.0111702
331 0.912488 0.761905 0.010357
332 0.912488 0.756955 0.0110477
333 0.912488 0.769195 0.00937448
334 0.912488 0.760852 0.0123464
335 0.912488 0.752469 0.0127274
336 0.912488 0.747981 0.0142251
337 0.912488 0.742895 0.0126264
338 0.912488 0.726884 0.014303
339 0.912488 0.731588 0.0118213
340 0.912488 0.713483 0.01602
341 0.912488 0.727735 0.0162573
342 0.912488 0.737985 0.0167148
343 0.912488 0.733656 0.0174084
344 0.912488 0.739727 0.0179978
345 0.912488 0.764268 0.0136245
346 0.912488 0.754576 0.0130518
347 0.912488 0.750038 0.015923
348 0.912488 0.743565 0.0151243
349 0.912488 0.743159 0.017651
350 0.912488 0.739982 0.0145465
351 0.912488 0.745396 0.0150993
352 0.912488 0.744315 0.0126681
353 0.912488 0.743106 0.0136885
354 0.912488 0.755843 0.0161142
355 0.912488 0.767183 0.0135769
356 0.912488 0.773657 0.0106305
357 0.912488 0.765127 0.0100496
358 0.912488 0.750826 0.0121746
359 0.912488 0.753759 0.0153891
360 0.912488 0.742718 0.0166906
361 0.912488 0.753517 0.0155725
362 0.912488 0.750544 0.0149716
363 0.912488 0.749804 0.0129933
364 0.912488 0.767246 0.0145628
365 0.912488 0.769289 0.012305
366 0.912488 0.765924 0.0144853
367 0.912488 0.774204 0.010513
368 0.912488 0.768659 0.0113824
369 0.912488 0.772463 0.0099928
370 0.912488 0.752913 0.0149308
371 0.912488 0.749933 0.0158447
372 0.912488 0.748502 0.0166904
373 0.912488 0.761636 0.0146365
374 0.912488 0.752859 0.0161199
375 0.912488 0.750844 0.0139362
376 0.912488 0.752385 0.0139035
377 0.912488 0.756754 0.0152548
378 0.912654 0.771204 0.0144191
379 0.912654 0.774225 0.0147262
380 0.912654 0.776833 0.0101314
381 0.912654 0.768102 0.0139852
382 0.912654 0.766868 0.0143075
383 0.912654 0.761102 0.0133939
384 0.912654 0.766436 0.0128715
385 0.912654 0.774905 0.0116578
386 0.912654 0.764 0.0111848
387 0.912654 0.76619 0.0104457
388 0.912654 0.758158 0.0148411
389 0.912654 0.736948 0.0150059
390 0.912654 0.735095 0.0134377
391 0.912654 0.741812 0.0156723
392 0.912654 0.752049 0.0116972
393 0.912654 0.732539 0.0134335
394 0.912654 0.746037 0.0126829
395 0.912654 0.762909 0.012505
396 0.912654 0.759937 0.0140129
397 0.912654 0.759 0.0154263
398 0.912654 0.75898 0.0163311
399 0.912654 0.765403 0.0142987
400 0.912654 0.774954 0.0124283
401 0.912654 0.766799 0.0114296
402 0.912654 0.772758 0.0120902
403 0.912654 0.75993 0.0163399
404 0.912654 0.772531 0.0132365
405 0.912654 0.773051 0.0124383
406 0.912654 0.759968 0.0151612
407 0.912654 0.744298 0.0196625
408 0.912654 0.753241 0.0165005
409 0.912654 0.754409 0.0151459
410 0.912654 0.763215 0.0113629
411 0.912654 0.775576 0.00668651
412 0.912654 0.766329 0.00940308
413 0.912654 0.768226 0.011935
414 0.912654 0.775578 0.0121522
415 0.912654 0.77167 0.0120642
416 0.912654 0.7532 0.0157555
417 0.912654 0.75331 0.0166946
418 0.912654 0.746657 0.0171727
419 0.912654 0.750986 0.0149876
420 0.912813 0.77433 0.0107598
421 0.912813 0.775624 0.00871897
422 0.912813 0.763058 0.0127632
423 0.912813 0.764729 0.00950069
424 0.912813 0.771186 0.0115853
425 0.912813 0.764428 0.0116989
426 0.912813 0.77777 0.00917386
427 0.912813 0.784511 0.00933171
428 0.912813 0.763885 0.0131404
429 0.912813 0.7623 0.0103016
430 0.912813 0.769222 0.00847868
431 0.912813 0.776739 0.00711702
432 0.912813 0.775029 0.00985921
433 0.912813 0.754861 0.0127723
434 0.912813 0.743194 0.0151428
435 0.912813 0.753334 0.0121983
436 0.912813 0.742668 0.0133299
437 0.912813 0.742088 0.013229
438 0.912813 0.733939 0.0183
439 0.912813 0.740891 0.0166092
440 0.912918 0.755828 0.012717
441 0.912918 0.746956 0.0153432
442 0.912918 0.734434 0.016778
443 0.912918 0.727883 0.0160286
444 0.912918 0.727644 0.0184327
445 0.912918 0.737289 0.0214254
446 0.912918 0.732029 0.020989
447 0.912918 0.744454 0.0186419
448 0.912918 0.751815 0.0153971
449 0.912918 0.739539 0.01684
450 0.912918 0.752617 0.0184518
451 0.912918 0.743807 0.01694
452 0.912918 0.772503 0.0103294
453 0.912918 0.767849 0.0156289
454 0.912918 0.757594 0.0131261
455 0.912918 0.759411 0.0135268
456 0.912918 0.77387 0.0113182
457 0.912918 0.776235 0.0106287
458 0.912918 0.771544 0.0105767
459 0.912918 0.77814 0.00996134
460 0.912918 0.761859 0.0108841
461 0.912918 0.76338 0.010825
462 0.912918 0.757159 0.0100108
463 0.912918 0.759299 0.0102902
464 0.912918 0.775636 0.0107304
465 0.912918 0.77652 0.00866729
466 0.912918 0.768503 0.0106964
467 0.912918 0.756274 0.0129338
468 0.912918 0.742789 0.0128059
469 0.912918 0.733013 0.0180075
470 0.912918 0.749011 0.0136547
471 0.912918 0.74983 0.0139078
472 0.912918 0.76059 0.013211
473 0.912918 0.754503 0.011069
474 0.912918 0.751005 0.0147801
475 0.912918 0.743239 0.0167646
476 0.912918 0.747365 0.0165033
477 0.912918 0.745598 0.0173257
478 0.912918 0.746676 0.0157417
479 0.912918 0.731253 0.0184292
480 0.912918 0.742761 0.0173177
481 0.912918 0.735554 0.0194204
482 0.912918 0.732394 0.0216046
483 0.912918 0.734567 0.0179283
484 0.912918 0.726155 0.0200036
485 0.912918 0.738244 0.019084
486 0.912918 0.727629 0.0157217
487 0.912918 0.741931 0.0142058
488 0.912918 0.745453 0.012994
489 0.912918 0.75695 0.00965393
490 0.912918 0.760197 0.0112724
491 0.912918 0.750673 0.0124374
492 0.912918 0.730091 0.0153554
493 0.912918 0.74493 0.0153002
494 0.912918 0.740598 0.0164613
495 0.912918 0.741325 0.0133904
496 0.912918 0.747753 0.0147086
497 0.912918 0.747701 0.0140128
498 0.912918 0.751304 0.0129206
499 0.913047 0.76308 0.0109826
500 0.913047 0.761968 0.010439
501 0.913047 0.779827 0.00701305
502 0.913047 0.74625 0.0124896
503 0.913047 0.757969 0.0156991
504 0.913047 0.751876 0.0187809
505 0.913047 0.754027 0.0158215
506 0.913047 0.739341 0.0194893
507 0.913047 0.759487 0.0153196
508 0.913047 0.75122 0.0153266
509 0.913047 0.754749 0.0114103
510 0.913047 0.75072 0.0122369
511 0.913047 0.75474 0.0146403
512 0.913047 0.749038 0.0159044
513 0.913047 0.747628 0.0144055
514 0.913047 0.747595 0.0167421
515 0.913115 0.743281 0.0180616
516 0.913115 0.75184 0.0152934
517 0.913115 0.730295 0.0211589
518 0.913115 0.721765 0.0214808
519 0.913115 0.734118 0.0195333
520 0.913115 0.734212 0.0174491
521 0.913115 0.752026 0.0129487
522 0.913115 0.749916 0.0132626
523 0.913115 0.737397 0.0142347
524 0.913115 0.734726 0.0150035
525 0.913115 0.740502 0.0155392
526 0.913115 0.761576 0.0120935
527 0.913115 0.759326 0.0142724
528 0.913115 0.761104 0.0159377
529 0.913115 0.766768 0.0100834
530 0.913115 0.77811 0.0090879
531 0.913115 0.762434 0.0121002
532 0.913115 0.759571 0.0100603
533 0.913115 0.750878 0.0134092
534 0.913115 0.760643 0.00974064
535 0.913115 0.753392 0.011015
536 0.913115 0.762358 0.0138856
537 0.913115 0.758057 0.0164548
538 0.913115 0.752115 0.0182061
539 0.913115 0.757993 0.0137792
540 0.913115 0.754255 0.0154882
541 0.913115 0.754955 0.0172488
542 0.913115 0.748771 0.0182196
543 0.913115 0.747601 0.0142325
544 0.913115 0.748285 0.0181059
545 0.913115 0.753729 0.018401
546 0.913115 0.761427 0.0139828
547 0.913115 0.763365 0.0153476
548 0.913115 0.756085 0.0127882
549 0.913115 0.757266 0.0137663
550 0.913115 0.760771 0.0151028
551 0.913115 0.765127 0.0140325
552 0.913115 0.766495 0.0108958
553 0.913115 0.769561 0.0109545
554 0.913115 0.766583 0.0115131
555 0.913115 0.774574 0.00933951
556 0.913115 0.771914 0.0150547
557 0.913115 0.768365 0.0132278
558 0.913115 0.758373 0.0132451
559 0.913115 0.77959 0.0112639
560 0.913115 0.758435 0.0150657
561 0.913115 0.754763 0.0148757
562 0.913115 0.763501 0.0139066
563 0.913115 0.767328 0.0135499
564 0.913115 0.762127 0.0151438
565 0.913115 0.761113 0.0150395
566 0.913115 0.765269 0.0139904
567 0.913115 0.761921 0.0150403
568 0.913115 0.74977 0.0158745
569 0.913115 0.754085 0.0169834
570 0.913115 0.750368 0.0160484
571 0.913115 0.761933 0.0163572
572 0.913115 0.759996 0.0143999
573 0.913115 0.764568 0.0154999
574 0.913115 0.769644 0.0124826
575 0.913115 0.769785 0.0150039
576 0.913115 0.76866 0.0113464
577 0.913132 0.75948 0.0130188
578 0.913132 0.749773 0.0164794
579 0.913132 0.760136 0.0143519
580 0.913132 0.775121 0.0101764
581 0.913132 0.768361 0.0111911
582 0.913132 0.770701 0.010661
583 0.913132 0.764358 0.0136427
584 0.913132 0.779831 0.0101073
585 0.913132 0.762667 0.0135456
586 0.913132 0.767429 0.0107857
587 0.913132 0.778232 0.00865284
588 0.913132 0.78514 0.00813622
589 0.913132 0.77092 0.0123407
590 0.913132 0.775328 0.0116588
591 0.913132 0.762578 0.0111561
592 0.913132 0.776503 0.00890418
593 0.913132 0.779972 0.007901
594 0.913132 0.776433 0.00950361
595 0.913132 0.779327 0.0102435
596 0.913132 0.786776 0.0085169
597 0.913132 0.78375 0.0103143
598 0.913132 0.784981 0.00886689
599 0.913132 0.782225 0.00945033
600 0.913132 0.783201 0.00798305
601 0.913132 0.77402 0.0108706
602 0.913132 0.774228 0.0110095
603 0.913132 0.782632 0.0106395
604 0.913132 0.766735 0.0109796
605 0.913132 0.769621 0.0104403
606 0.913132 0.770022 0.00952147
607 0.913132 0.768908 0.0079855
608 0.913153 0.759096 0.0104021
609 0.913153 0.759706 0.0109022
610 0.913153 0.743616 0.0137438
611 0.913153 0.739593 0.013313
612 0.913153 0.746531 0.0128845
613 0.913153 0.716578 0.0178492
614 0.913153 0.737106 0.0163154
615 0.913153 0.741268 0.0165264
616 0.913153 0.724387 0.0224999
617 0.913153 0.739922 0.0172107
618 0.913153 0.740403 0.0157897
619 0.913153 0.725814 0.018813
620 0.913153 0.744584 0.015988
621 0.913153 0.755908 0.0158992
622 0.913153 0.76972 0.0119657
623 0.913153 0.746796 0.0150155
624 0.913153 0.745533 0.0160518
625 0.913153 0.750183 0.0187002
626 0.913153 0.763727 0.0165547
627 0.913153 0.763177 0.0135892
628 0.913153 0.747277 0.0149056
629 0.913153 0.747662 0.0131897
630 0.913153 0.755577 0.0164288
631 0.913153 0.746718 0.0149908
632 0.913153 0.754474 0.0144518
633 0.913153 0.745207 0.0142855
634 0.913179 0.750239 0.0130945
635 0.913179 0.74544 0.0150674
636 0.913179 0.748754 0.0161315
637 0.913179 0.7553 0.0136894
638 0.913179 0.754702 0.0182944
639 0.913179 0.767244 0.0157407
640 0.913179 0.780294 0.0129416
641 0.913179 0.790446 0.00893433
642 0.913179 0.77863 0.00986881
643 0.913179 0.779118 0.0101224
644 0.913179 0.774668 0.0107755
645 0.913179 0.77032 0.0099331
646 0.913179 0.782724 0.00923321
647 0.913179 0.783971 0.0102783
648 0.913179 0.787724 0.0116081
649 0.913179 0.788197 0.0102576
650 0.913179 0.781132 0.00959426
651 0.913179 0.776867 0.0104382
652 0.913179 0.767548 0.0100276
653 0.913179 0.765209 0.010328
654 0.913179 0.767903 0.0105585
655 0.913179 0.773705 0.00936445
656 0.913179 0.767821 0.0107569
657 0.913179 0.76536 0.0141898
658 0.913179 0.769381 0.0135735
659 0.913179 0.76911 0.0115969
660 0.913179 0.776173 0.00839894
661 0.913179 0.764157 0.0131858
662 0.913179 0.75331 0.0127174
663 0.913179 0.757764 0.0123284
664 0.913179 0.765178 0.0116291
665 0.913179 0.776368 0.00834414
666 0.913179 0.775407 0.0118633
667 0.913179 0.772902 0.00963544
668 0.913179 0.767273 0.0131672
669 0.913179 0.751565 0.015327
670 0.913179 0.754849 0.0131115
671 0.913179 0.760472 0.0121543
672 0.913179 0.751347 0.0133435
673 0.913179 0.739532 0.0167097
674 0.913179 0.753306 0.0118611
675 0.913179 0.771368 0.00774424
676 0.913179 0.762464 0.0101068
677 0.913179 0.758111 0.0168961
678 0.913179 0.770715 0.0117996
679 0.913179 0.766729 0.0109818
680 0.913179 0.76896 0.00960917
681 0.913207 0.763899 0.0119367
682 0.913207 0.770373 0.00913225
683 0.913207 0.763102 0.00930596
684 0.913207 0.76154 0.011494
685 0.913207 0.758153 0.0107941
686 0.913207 0.756391 0.0104982
687 0.913207 0.746834 0.0150097
688 0.913207 0.750326 0.0131645
689 0.913207 0.757593 0.010634
690 0.913207 0.760024 0.0108792
691 0.913207 0.761716 0.0146915
692 0.913207 0.765511 0.0118556
693 0.913207 0.757455 0.0114504
694 0.913207 0.753241 0.0146326
695 0.913207 0.765282 0.0130716
696 0.913207 0.751585 0.0149008
697 0.913207 0.75641 0.0148704
698 0.913207 0.747852 0.0144843
699 0.913207 0.730023 0.0170954
700 0.913207 0.729464 0.0181377
701 0.913207 0.734196 0.0148885
702 0.913207 0.744606 0.0161044
703 0.913207 0.727004 0.0176684
704 0.913207 0.730541 0.017596
705 0.913207 0.725043 0.0179591
706 0.913207 0.720944 0.0195545
707 0.913207 0.719324 0.0235264
708 0.913207 0.715155 0.0201628
709 0.913207 0.721122 0.0182953
710 0.913207 0.716834 0.0184505
711 0.913207 0.733076 0.0174114
712 0.913207 0.725386 0.016697
713 0.913207 0.731779 0.0174867
714 0.913207 0.723546 0.0170066
715 0.913207 0.746852 0.0183582
716 0.913207 0.744839 0.0159973
717 0.913207 0.73139 0.01721
718 0.913207 0.741826 0.0150581
719 0.913207 0.755689 0.0148956
720 0.913207 0.746885 0.0193349
721 0.913207 0.770423 0.0126572
722 0.913207 0.760162 0.0157813
723 0.913207 0.761276 0.0170222
724 0.913207 0.755375 0.0138397
725 0.913207 0.758976 0.0114585
726 0.913207 0.769757 0.0112676
727 0.913207 0.756671 0.0134569
728 0.913207 0.756185 0.0147171
729 0.913207 0.756259 0.0128164
730 0.913207 0.762511 0.0112329
731 0.913207 0.755072 0.0119793
732 0.913207 0.736731 0.0151204
733 0.913207 0.747036 0.0153661
734 0.913207 0.752798 0.0148016
735 0.913207 0.747893 0.0168036
736 0.913207 0.763915 0.0178384
737 0.913207 0.754425 0.0158398
738 0.913207 0.751423 0.0146649
739 0.913207 0.761924 0.0116329
740 0.913207 0.764561 0.0123576
741 0.913207 0.756496 0.0135152
742 0.913207 0.764642 0.0129473
743 0.913207 0.771861 0.0104572
744 0.913207 0.760336 0.0147866
745 0.913207 0.762696 0.0158152
746 0.913207 0.775131 0.0115332
747 0.913207 0.77284 0.0129048
748 0.913207 0.766823 0.0157712
749 0.913207 0.764867 0.0158762
750 0.913207 0.762011 0.0161487
751 0.913207 0.763831 0.0104284
752 0.913207 0.752004 0.0148993
753 0.913207 0.749277 0.0164107
754 0.913207 0.760361 0.0129258
755 0.913207 0.77103 0.00969523
756 0.913207 0.766646 0.00985928
757 0.913207 0.77446 0.0101587
758 0.913207 0.764128 0.0130763
759 0.913207 0.741822 0.0164672
760 0.913207 0.752043 0.015081
761 0.913207 0.759588 0.0136246
762 0.913207 0.771626 0.0126103
763 0.913207 0.775862 0.0121469
764 0.913207 0.7902 0.0081324
765 0.913207 0.788886 0.0107342
766 0.913207 0.768385 0.0139192
767 0.913207 0.763432 0.0110723
768 0.913207 0.774012 0.0135168
769 0.913207 0.779316 0.00894
770 0.913207 0.773632 0.0102891
771 0.913207 0.786356 0.00843244
772 0.913207 0.781369 0.00861066
773 0.913207 0.756755 0.0136601
774 0.913207 0.754101 0.0157116
775 0.913207 0.765924 0.0107323
776 0.913207 0.768523 0.0121004
777 0.913207 0.762964 0.0126907
778 0.913207 0.754373 0.0147394
779 0.913207 0.75397 0.0192079
780 0.913207 0.746834 0.0207055
781 0.913207 0.722503 0.0192707
782 0.913207 0.742493 0.0150055
783 0.913207 0.734728 0.0181452
784 0.913207 0.743908 0.0167718
785 0.913207 0.733694 0.0185603
786 0.913207 0.721514 0.017507
787 0.913207 0.722576 0.0166246
788 0.913207 0.72268 0.0186387
789 0.913207 0.707451 0.0243988
790 0.913207 0.728307 0.0193398
791 0.913207 0.715796 0.0248974
792 0.913207 0.705751 0.0259553
793 0.913207 0.726576 0.0236817
794 0.913207 0.725987 0.024957
795 0.913207 0.708718 0.027168
796 0.913207 0.735062 0.0154417
797 0.913207 0.738928 0.0172345
798 0.913207 0.739281 0.015751
799 0.913207 0.739274 0.0157445
800 0.913207 0.752936 0.0149292
801 0.913207 0.769957 0.012766
802 0.913207 0.753839 0.0153633
803 0.913207 0.751801 0.0154395
804 0.913207 0.75169 0.0137482
805 0.913207 0.761381 0.0106731
806 0.913207 0.766424 0.012655
807 0.913207 0.751478 0.0126932
808 0.913207 0.745805 0.0137398
809 0.913207 0.763847 0.0149615
810 0.913207 0.771253 0.009197
811 0.913207 0.765919 0.0105042
812 0.913207 0.770929 0.0129681
813 0.913207 0.755229 0.0155566
814 0.913207 0.76683 0.0131625
815 0.913207 0.738083 0.0174172
816 0.913207 0.744219 0.0176104
817 0.913207 0.748889 0.0160213
818 0.913207 0.753695 0.0137243
819 0.913207 0.758235 0.0138077
820 0.913207 0.76675 0.0105855
821 0.913207 0.767739 0.0123483
822 0.913207 0.769188 0.0115714
823 0.913207 0.771319 0.0117641
824 0.913207 0.769231 0.0102819
825 0.913207 0.759502 0.0140596
826 0.913207 0.757108 0.0115171
827 0.913207 0.770105 0.0104332
828 0.913207 0.756308 0.0138906
829 0.913207 0.761781 0.010721
830 0.913207 0.751052 0.0136083
831 0.913207 0.743472 0.0151989
832 0.913207 0.730564 0.0157313
833 0.913207 0.749297 0.0141216
834 0.913207 0.755384 0.01204
835 0.913207 0.767901 0.00933004
836 0.913207 0.757685 0.0115948
837 0.913207 0.758953 0.0122772
838 0.913207 0.749708 0.0172986
839 0.913207 0.752142 0.0132741
840 0.913207 0.758995 0.0140297
841 0.913207 0.755332 0.0152054
842 0.913207 0.750302 0.0136832
843 0.913207 0.768453 0.00925133
844 0.913207 0.776086 0.00956881
845 0.913207 0.775142 0.0100915
846 0.913207 0.772231 0.0102081
847 0.913207 0.758013 0.014895
848 0.913207 0.758846 0.0185653
849 0.913207 0.767003 0.0121106
850 0.913207 0.770634 0.0107457
851 0.913207 0.767877 0.00967676
852 0.913207 0.767507 0.00944069
853 0.913207 0.768736 0.00979127
854 0.913207 0.760369 0.0124007
855 0.913207 0.762454 0.0132457
856 0.913207 0.764159 0.0107851
857 0.913207 0.766939 0.0125616
858 0.913207 0.766573 0.0121479
859 0.913207 0.770983 0.0120221
860 0.913207 0.767081 0.0128145
861 0.913207 0.776902 0.0122315
862 0.913207 0.762001 0.0111818
863 0.913207 0.773074 0.0095013
864 0.913207 0.764788 0.0074545
865 0.913207 0.761932 0.00938065
866 0.913207 0.769175 0.012356
867 0.913207 0.757418 0.0145166
868 0.913207 0.75567 0.0131423
869 0.913207 0.758414 0.0140838
870 0.913207 0.754669 0.0174697
871 0.913207 0.752066 0.0174056
872 0.913207 0.768729 0.0145636
873 0.913207 0.765278 0.0149159
874 0.913207 0.757431 0.0134149
875 0.913207 0.742808 0.0130704
876 0.913207 0.746667 0.0116844
877 0.913207 0.756868 0.0121646
878 0.913207 0.749998 0.0152877
879 0.913207 0.739402 0.015994
880 0.913207 0.743618 0.0208881
881 0.913207 0.766938 0.0154273
882 0.913207 0.77349 0.0137301
883 0.913207 0.735579 0.0189325
884 0.913207 0.732902 0.0177922
885 0.913207 0.745499 0.0198468
886 0.913207 0.754906 0.0214098
887 0.913207 0.763418 0.0150133
888 0.913207 0.761972 0.0114244
889 0.913207 0.773073 0.0116408
890 0.913207 0.764456 0.0116997
891 0.913207 0.750858 0.0135828
892 0.913207 0.754823 0.0150246
893 0.913207 0.729 0.0165229
894 0.913207 0.746788 0.0132353
895 0.913207 0.732351 0.0161041
896 0.913207 0.746751 0.0133341
897 0.913207 0.743383 0.0132605
898 0.913207 0.747121 0.0161482
899 0.913207 0.747588 0.0196294
900 0.913207 0.761464 0.0163313
901 0.913207 0.775248 0.0147008
902 0.913207 0.764178 0.0148506
903 0.913207 0.780831 0.0102707
904 0.913207 0.771528 0.00988639
905 0.913207 0.778098 0.00923109
906 0.913207 0.777079 0.0110475
907 0.913207 0.770546 0.00868563
908 0.913207 0.767267 0.0103912
909 0.913207 0.763586 0.0108042
910 0.913207 0.778266 0.00946839
911 0.913207 0.777352 0.00760109
912 0.913207 0.781729 0.00793984
913 0.913207 0.781707 0.00897704
914 0.913207 0.77646 0.00900351
915 0.913207 0.773889 0.010796
916 0.913207 0.764341 0.0121764
917 0.913207 0.752314 0.0138401
918 0.913207 0.758355 0.0100891
919 0.913207 0.757848 0.0129279
920 0.913207 0.769551 0.0122265
921 0.913207 0.781548 0.00948954
922 0.913304 0.768592 0.0117836
923 0.913304 0.756861 0.0105376
924 0.913304 0.76972 0.0129673
925 0.913304 0.777715 0.0112366
926 0.913304 0.757552 0.017034
927 0.913304 0.755458 0.0165203
928 0.913304 0.755047 0.0139164
929 0.913304 0.764538 0.0126208
930 0.913304 0.74967 0.0144326
931 0.913304 0.752442 0.0171357
932 0.913304 0.752091 0.0135794
933 0.913304 0.732902 0.0153159
934 0.913304 0.750917 0.0135168
935 0.913304 0.767647 0.0102145
936 0.913304 0.745029 0.0158744
937 0.913304 0.751798 0.0163918
938 0.913304 0.75255 0.0158396
939 0.913304 0.740224 0.0165574
940 0.913304 0.752851 0.0152489
941 0.913304 0.770607 0.0116147
942 0.913304 0.773536 0.0095155
943 0.913304 0.766017 0.0111541
944 0.913304 0.77301 0.0122441
945 0.913304 0.759962 0.011021
946 0.913304 0.769551 0.00990326
947 0.913304 0.781536 0.00964485
948 0.913304 0.778618 0.0117146
949 0.913304 0.776789 0.0144473
950 0.913304 0.769856 0.0118947
951 0.913304 0.774329 0.0105779
952 0.913304 0.768942 0.0118851
953 0.913304 0.762769 0.0145712
954 0.913304 0.761156 0.0164927
955 0.913304 0.770875 0.0123516
956 0.913304 0.770771 0.0116885
957 0.913304 0.775688 0.00995555
958 0.913304 0.763508 0.0122047
959 0.913304 0.75696 0.0130128
960 0.913304 0.752087 0.015041
961 0.913304 0.760894 0.0128708
962 0.913304 0.770649 0.0112202
963 0.913304 0.765004 0.01315
964 0.913304 0.760351 0.0143859
965 0.913304 0.759489 0.0148035
966 0.913304 0.754651 0.0151685
967 0.913304 0.758119 0.0141777
968 0.913304 0.747212 0.0150007
969 0.913304 0.764581 0.0137977
970 0.913304 0.751812 0.0131737
971 0.913304 0.742386 0.0154994
972 0.913304 0.742848 0.0158145
973 0.913304 0.730487 0.018813
974 0.913304 0.743657 0.0189225
975 0.913304 0.738891 0.0169455
976 0.913304 0.733289 0.0162767
977 0.913304 0.738375 0.016285
978 0.913304 0.754293 0.0137904
979 0.913304 0.747713 0.0141814
980 0.913304 0.749962 0.0184706
981 0.913304 0.75939 0.0148706
982 0.913304 0.762524 0.0161908
983 0.913304 0.765207 0.017086
984 0.913304 0.764136 0.0140337
985 0.913304 0.761883 0.0149529
986 0.913304 0.763875 0.00844736
987 0.913304 0.740273 0.0147343
988 0.913304 0.734546 0.0149376
989 0.913304 0.75279 0.0127292
990 0.913304 0.741289 0.0155367
991 0.913304 0.745897 0.0155313
992 0.913304 0.748103 0.0118423
993 0.913304 0.735214 0.0151183
994 0.913304 0.73417 0.014885
995 0.913304 0.766136 0.00889877
996 0.913304 0.76388 0.0111112
997 0.913304 0.747036 0.0156604
998 0.913304 0.75061 0.0142741
999 0.913304 0.753579 0.0137939
1000 0.913304 0.750388 0.0134053
