0 0.440752 0.249105 0.000752763
1 0.440752 0.250584 0.000592096
2 0.440752 0.252141 0.000801546
3 0.440752 0.254831 0.000678956
4 0.440752 0.258067 0.000985791
5 0.440752 0.262148 0.00201207
6 0.440752 0.267741 0.00263741
7 0.440752 0.271958 0.00358039
8 0.458758 0.284674 0.00485292
9 0.458758 0.294124 0.00512107
10 0.458758 0.297842 0.00587198
11 0.497514 0.301061 0.00827251
12 0.499898 0.310667 0.00897066
13 0.512805 0.300436 0.00966848
14 0.527674 0.309603 0.0122734
15 0.527674 0.315499 0.0142894
16 0.527674 0.321322 0.0127519
17 0.527674 0.313984 0.0133538
18 0.533621 0.326161 0.0120151
19 0.533621 0.339094 0.0126745
20 0.533621 0.339581 0.0131275
21 0.534052 0.349859 0.0150962
22 0.534052 0.3491 0.0147127
23 0.540271 0.356317 0.0135136
24 0.556277 0.386203 0.0116301
25 0.556277 0.384355 0.011091
26 0.556277 0.396201 0.0117381
27 0.556277 0.414778 0.0102844
28 0.556277 0.416377 0.00940637
29 0.556277 0.427148 0.00947996
30 0.556277 0.441406 0.00799145
31 0.556277 0.440075 0.00803577
32 0.560452 0.448353 0.00742553
33 0.560452 0.455021 0.00623017
34 0.560452 0.459762 0.00582495
35 0.56445 0.459231 0.00548585
36 0.56544 0.469365 0.00631821
37 0.567289 0.468022 0.00588292
38 0.567289 0.470886 0.00508588
39 0.574335 0.463736 0.00567424
40 0.574335 0.465157 0.00471346
41 0.574335 0.452142 0.00587868
42 0.574335 0.451584 0.0065624
43 0.574335 0.459319 0.00528392
44 0.575348 0.460675 0.00597262
45 0.585655 0.470627 0.00539732
46 0.585655 0.468215 0.00612175
47 0.585655 0.480584 0.00429889
48 0.585655 0.477448 0.00438332
49 0.585655 0.484037 0.00396982
50 0.585655 0.481576 0.00508597
51 0.585655 0.482939 0.00517977
52 0.585655 0.488712 0.00522684
53 0.585655 0.482674 0.00482064
54 0.585655 0.487566 0.00447872
55 0.585655 0.482541 0.00466601
56 0.585655 0.490427 0.00402358
57 0.585655 0.489595 0.00374307
58 0.585655 0.502793 0.00258989
59 0.585655 0.503124 0.00272967
60 0.585655 0.498667 0.00337104
61 0.585655 0.495041 0.00398723
62 0.585655 0.491732 0.00455543
63 0.585954 0.494265 0.00400627
64 0.589145 0.486751 0.00436511
65 0.599586 0.485114 0.00419007
66 0.599586 0.485651 0.00397688
67 0.599586 0.493829 0.00400248
68 0.599586 0.490143 0.00410977
69 0.599586 0.489733 0.0036488
70 0.599586 0.480494 0.00470332
71 0.599586 0.481294 0.00526527
72 0.599586 0.476815 0.00509877
73 0.599586 0.491669 0.00431487
74 0.599586 0.485708 0.00462322
75 0.599586 0.488068 0.00459464
76 0.599586 0.485235 0.00531713
77 0.599586 0.480518 0.00702373
78 0.599586 0.48056 0.00574356
79 0.599586 0.486395 0.00612106
80 0.606547 0.483514 0.00592377
81 0.606547 0.488309 0.00614239
82 0.611788 0.503322 0.00578255
83 0.611788 0.505109 0.00634711
84 0.61853 0.515887 0.00484622
85 0.61853 0.518068 0.00379125
86 0.61853 0.525343 0.00286504
87 0.635587 0.521499 0.00343033
88 0.635587 0.515201 0.00449601
89 0.635587 0.516991 0.00456389
90 0.635587 0.523381 0.00367298
91 0.635587 0.516151 0.00496685
92 0.635587 0.506549 0.00580367
93 0.651665 0.519061 0.00404819
94 0.651665 0.515208 0.0048392
95 0.651665 0.522975 0.00483636
96 0.651665 0.517874 0.0051459
97 0.651665 0.523691 0.00512775
98 0.651665 0.515433 0.0058551
99 0.661549 0.518745 0.00613177
100 0.661549 0.518985 0.00619349
101 0.661549 0.504668 0.00839088
102 0.675706 0.509189 0.00781981
103 0.675706 0.516932 0.00790334
104 0.686314 0.5246 0.00693506
105 0.701199 0.525418 0.00918165
106 0.701399 0.516536 0.00922885
107 0.701399 0.515765 0.00972177
108 0.716666 0.522302 0.01241
109 0.719804 0.523582 0.0103852
110 0.719804 0.532506 0.00834517
111 0.719804 0.530385 0.0102776
112 0.719804 0.523775 0.011849
113 0.731328 0.528353 0.0110818
114 0.760158 0.522158 0.0115607
115 0.760158 0.511673 0.0148228
116 0.791052 0.510631 0.0152519
117 0.791052 0.530247 0.0161836
118 0.791052 0.533215 0.0154213
119 0.791052 0.507668 0.0159269
120 0.791052 0.491158 0.0159534
121 0.791052 0.502144 0.0160657
122 0.791052 0.505452 0.0186697
123 0.791052 0.50733 0.0198094
124 0.791052 0.505882 0.0186835
125 0.791052 0.514886 0.0194176
126 0.791052 0.527679 0.0167558
127 0.791052 0.527329 0.0181968
128 0.791052 0.534175 0.0161016
129 0.791052 0.544519 0.0152899
130 0.791052 0.536717 0.0146747
131 0.791052 0.556478 0.0167855
132 0.791052 0.53101 0.0187899
133 0.791052 0.524033 0.0189832
134 0.791052 0.516879 0.0197533
135 0.791603 0.545968 0.0202254
136 0.791603 0.53818 0.0219766
137 0.791603 0.539676 0.0218351
138 0.791603 0.537904 0.0218497
139 0.791603 0.534755 0.0221833
140 0.791603 0.556615 0.0200063
141 0.791603 0.52646 0.021019
142 0.791603 0.549868 0.0208361
143 0.7935 0.558984 0.0178541
144 0.7935 0.551924 0.0209159
145 0.809489 0.545347 0.0221046
146 0.809489 0.560341 0.0200063
147 0.809489 0.566156 0.0186727
148 0.809489 0.547591 0.0196928
149 0.809489 0.54356 0.0206382
150 0.809489 0.535936 0.0225982
151 0.809489 0.538705 0.0225011
152 0.809489 0.555785 0.0214946
153 0.809489 0.551923 0.0205976
154 0.809489 0.57778 0.020926
155 0.809489 0.541234 0.021059
156 0.811499 0.542904 0.0245664
157 0.811499 0.534292 0.0238274
158 0.811499 0.523111 0.0226849
159 0.811499 0.557071 0.0192543
160 0.818975 0.560587 0.0200371
161 0.818975 0.558685 0.0191675
162 0.818975 0.550978 0.0189179
163 0.818975 0.570291 0.0152751
164 0.818975 0.558577 0.016439
165 0.818975 0.555435 0.0191738
166 0.818975 0.562088 0.0188445
167 0.818975 0.552821 0.0187402
168 0.818975 0.561499 0.0208008
169 0.818975 0.549046 0.0198658
170 0.818975 0.563544 0.020682
171 0.818975 0.542591 0.0241064
172 0.818975 0.55641 0.0216607
173 0.818975 0.563376 0.0214774
174 0.818975 0.538128 0.0219594
175 0.818975 0.549492 0.0198472
176 0.818975 0.54635 0.0212386
177 0.818975 0.537453 0.0246681
178 0.818975 0.549524 0.0210498
179 0.818975 0.545783 0.017478
180 0.818975 0.541404 0.0224249
181 0.818975 0.534968 0.0203278
182 0.818975 0.536632 0.0215221
183 0.818975 0.525844 0.0219456
184 0.818975 0.536555 0.0219188
185 0.818975 0.540566 0.022868
186 0.818975 0.537401 0.0244955
187 0.818975 0.55182 0.0243041
188 0.818975 0.524874 0.0226038
189 0.818975 0.53892 0.0210504
190 0.818975 0.546328 0.0213605
191 0.818975 0.56245 0.0167198
192 0.818975 0.561395 0.0175098
193 0.818975 0.539803 0.0224938
194 0.818975 0.549795 0.0229137
195 0.818975 0.557761 0.0179979
196 0.818975 0.557174 0.0202299
197 0.818975 0.56214 0.0185612
198 0.818975 0.568762 0.020637
199 0.818975 0.559643 0.0224783
200 0.818975 0.560753 0.0189459
201 0.818975 0.549027 0.0175933
202 0.818975 0.560382 0.018088
203 0.818975 0.563262 0.0164131
204 0.818975 0.569704 0.0186365
205 0.818975 0.566103 0.0160126
206 0.818975 0.568516 0.0189983
207 0.818975 0.547328 0.0224698
208 0.842204 0.540755 0.0220264
209 0.842204 0.556759 0.0203886
210 0.842204 0.560945 0.0239096
211 0.842204 0.52227 0.0236075
212 0.842204 0.536626 0.0239273
213 0.842204 0.526047 0.0218508
214 0.842204 0.530428 0.0236267
215 0.842204 0.538464 0.0264086
216 0.842204 0.548856 0.0259317
217 0.842204 0.562718 0.022527
218 0.842204 0.551203 0.0214479
219 0.842204 0.573525 0.0215489
220 0.842204 0.55392 0.0201966
221 0.842204 0.550122 0.0192383
222 0.842204 0.549759 0.0196958
223 0.842204 0.549887 0.0173875
224 0.842204 0.534587 0.0217978
225 0.842204 0.546435 0.0228676
226 0.842204 0.528767 0.02146
227 0.842204 0.550537 0.0194919
228 0.842204 0.556553 0.0211848
229 0.842204 0.541489 0.0224395
230 0.842204 0.55722 0.0207997
231 0.842204 0.573573 0.0225199
232 0.842204 0.538665 0.022757
233 0.842204 0.548223 0.0253469
234 0.842204 0.551481 0.0241534
235 0.842204 0.552751 0.0220393
236 0.842204 0.545803 0.0229551
237 0.842204 0.573931 0.0192287
238 0.842204 0.566601 0.0215787
239 0.842204 0.553217 0.0183377
240 0.842204 0.54587 0.0205209
241 0.842204 0.556973 0.0208547
242 0.842204 0.555023 0.0243946
243 0.842204 0.54514 0.0221289
244 0.842204 0.532003 0.0243366
245 0.842204 0.544804 0.0225219
246 0.842204 0.56179 0.0210325
247 0.842204 0.538229 0.0228179
248 0.842204 0.547174 0.0219537
249 0.842204 0.535971 0.0234483
250 0.842204 0.540123 0.025022
251 0.842204 0.546728 0.0261754
252 0.842204 0.539038 0.0226308
253 0.842204 0.522052 0.0261223
254 0.842204 0.53189 0.0262479
255 0.842204 0.555281 0.0230958
256 0.842204 0.541978 0.0212832
257 0.842204 0.531506 0.0226278
258 0.842204 0.533778 0.0240415
259 0.842204 0.538454 0.0241405
260 0.842204 0.542271 0.0254116
261 0.842204 0.566674 0.025786
262 0.842204 0.567655 0.0211123
263 0.842204 0.563284 0.0188011
264 0.842204 0.549943 0.021719
265 0.842204 0.563055 0.0202301
266 0.842204 0.576995 0.0182579
267 0.842204 0.580364 0.0180949
268 0.842204 0.556972 0.0194722
269 0.842204 0.566698 0.0202301
270 0.842204 0.572236 0.0207683
271 0.842204 0.549335 0.0205555
272 0.842204 0.551966 0.024368
273 0.842204 0.542826 0.021044
274 0.842204 0.532033 0.0214895
275 0.842204 0.568635 0.019951
276 0.842204 0.577477 0.0189498
277 0.842204 0.580198 0.0154164
278 0.842204 0.557535 0.0192933
279 0.842204 0.571564 0.0230538
280 0.842204 0.551485 0.0191259
281 0.842204 0.550556 0.0238464
282 0.842204 0.559965 0.0238131
283 0.842204 0.564015 0.0220383
284 0.883952 0.584669 0.0212279
285 0.883952 0.566468 0.0208132
286 0.883952 0.560229 0.0260533
287 0.883952 0.561285 0.0234255
288 0.883952 0.556556 0.0213183
289 0.883952 0.57663 0.0215869
290 0.883952 0.571637 0.0213177
291 0.883952 0.555946 0.0197899
292 0.883952 0.564093 0.0215087
293 0.883952 0.564422 0.0227353
294 0.883952 0.560294 0.0267049
295 0.883952 0.549642 0.0302967
296 0.883952 0.542668 0.0250734
297 0.883952 0.57126 0.0248804
298 0.883952 0.570001 0.024868
299 0.883952 0.571623 0.0281939
300 0.883952 0.573467 0.0298049
301 0.883952 0.550082 0.0300406
302 0.883952 0.548731 0.0309168
303 0.924087 0.528522 0.03138
304 0.924087 0.541783 0.0303128
305 0.924087 0.562794 0.0296685
306 0.924087 0.580385 0.0337508
307 0.924087 0.548103 0.0351492
308 0.924087 0.553564 0.0360079
309 0.924087 0.558482 0.030693
310 0.924087 0.579889 0.0298659
311 0.924087 0.568866 0.0329192
312 0.924087 0.574466 0.032493
313 0.924087 0.574248 0.0293541
314 0.924087 0.575939 0.026028
315 0.924087 0.571112 0.0318103
316 0.924087 0.579774 0.027973
317 0.924087 0.576585 0.0311749
318 0.924087 0.594768 0.0297735
319 0.924087 0.565903 0.0313266
320 0.924087 0.56572 0.0304353
321 0.924087 0.582131 0.0280901
322 0.924087 0.583852 0.0279876
323 0.924087 0.603957 0.0235733
324 0.924087 0.606141 0.0225734
325 0.924087 0.598661 0.0221397
326 0.924087 0.599583 0.0283013
327 0.924087 0.613044 0.0248622
328 0.924087 0.617975 0.0241888
329 0.924087 0.611273 0.0216878
330 0.924087 0.596518 0.0196146
331 0.924087 0.597619 0.0205585
332 0.924087 0.583779 0.0264175
333 0.924087 0.620591 0.0244834
334 0.924087 0.598616 0.0248267
335 0.924087 0.586211 0.0268714
336 0.924087 0.579165 0.0260676
337 0.924087 0.572352 0.0231152
338 0.924087 0.573981 0.0234032
339 0.924493 0.596666 0.0281212
340 0.924493 0.582744 0.0242434
341 0.924493 0.562148 0.0228372
342 0.924493 0.54322 0.024757
343 0.924493 0.573064 0.0238914
344 0.924493 0.594411 0.0239702
345 0.924493 0.59212 0.0332919
346 0.924493 0.577507 0.0304624
347 0.927794 0.545856 0.0318028
348 0.927794 0.572486 0.0341309
349 0.927794 0.580125 0.0356972
350 0.927794 0.584522 0.0304524
351 0.927794 0.576768 0.0269267
352 0.927794 0.577334 0.0265453
353 0.927794 0.586058 0.0277256
354 0.927794 0.589768 0.0263803
355 0.927794 0.592776 0.028102
356 0.927794 0.599062 0.0249589
357 0.927794 0.581649 0.0301002
358 0.927794 0.597767 0.0260266
359 0.927794 0.603271 0.0237167
360 0.927794 0.612743 0.0233002
361 0.927794 0.606619 0.0307548
362 0.927794 0.587528 0.0285398
363 0.927794 0.595434 0.0255566
364 0.927794 0.61016 0.0241891
365 0.927794 0.592483 0.026244
366 0.927794 0.598037 0.025058
367 0.927794 0.59235 0.0291824
368 0.927794 0.581707 0.0302964
369 0.927794 0.577802 0.0282403
370 0.927794 0.603948 0.0259516
371 0.927794 0.590985 0.0250205
372 0.927794 0.607267 0.0259096
373 0.927794 0.600581 0.026566
374 0.927794 0.601555 0.0227395
375 0.927794 0.596455 0.0260634
376 0.927794 0.608705 0.0250925
377 0.927794 0.598636 0.0268087
378 0.927794 0.595946 0.0212646
379 0.927794 0.583103 0.0265256
380 0.927794 0.591102 0.0236605
381 0.927794 0.592656 0.0248962
382 0.927794 0.606127 0.0209188
383 0.927794 0.596099 0.0266642
384 0.927794 0.578718 0.0242117
385 0.927794 0.601501 0.0245814
386 0.927794 0.582706 0.0274641
387 0.927794 0.591198 0.0247933
388 0.927794 0.60587 0.0257022
389 0.927794 0.603604 0.0216064
390 0.927794 0.575097 0.0242141
391 0.927794 0.587082 0.0253787
392 0.927794 0.595624 0.0238385
393 0.927794 0.5824 0.0272499
394 0.927794 0.586241 0.0239348
395 0.927794 0.583373 0.0246608
396 0.927794 0.603363 0.0236869
397 0.927794 0.610989 0.0232705
398 0.927794 0.590026 0.0247733
399 0.927794 0.587289 0.0274094
400 0.927794 0.58423 0.027018
401 0.927794 0.586298 0.0267723
402 0.927794 0.600011 0.0254165
403 0.927794 0.595998 0.0260382
404 0.927794 0.60786 0.0236087
405 0.927794 0.605134 0.0245838
406 0.927794 0.618659 0.0202894
407 0.927794 0.622474 0.0208953
408 0.927794 0.605184 0.0241807
409 0.927794 0.604298 0.0241294
410 0.927794 0.619876 0.026434
411 0.927794 0.593344 0.029355
412 0.927794 0.582637 0.0251781
413 0.927794 0.569725 0.0293669
414 0.927794 0.57458 0.0264245
415 0.927794 0.599157 0.0252114
416 0.927794 0.591016 0.0261966
417 0.927794 0.597923 0.0269607
418 0.927794 0.565387 0.0273169
419 0.927794 0.574981 0.0266185
420 0.927794 0.60149 0.0269182
421 0.927794 0.588212 0.0260827
422 0.927794 0.589782 0.0249009
423 0.927794 0.579066 0.025974
424 0.927794 0.5859 0.0262537
425 0.927794 0.593591 0.0258067
426 0.927794 0.587811 0.0289771
427 0.927794 0.600785 0.0267132
428 0.927794 0.597617 0.0269095
429 0.927794 0.598516 0.0240842
430 0.927794 0.597336 0.0268128
431 0.927794 0.613411 0.0235378
432 0.927794 0.614675 0.0235034
433 0.927794 0.592236 0.0265197
434 0.927794 0.614643 0.0264781
435 0.927794 0.618101 0.0240352
436 0.927794 0.59522 0.0239866
437 0.927794 0.564888 0.0280911
438 0.927794 0.561522 0.0261389
439 0.927794 0.56517 0.0255989
440 0.927794 0.570406 0.0311271
441 0.927794 0.572188 0.030725
442 0.927794 0.571529 0.0295191
443 0.927794 0.5551 0.030403
444 0.927794 0.561604 0.0281319
445 0.927794 0.583002 0.0276666
446 0.927794 0.567883 0.0312111
447 0.927794 0.571125 0.0301886
448 0.927794 0.579453 0.0256467
449 0.927794 0.566391 0.0276521
450 0.927794 0.568242 0.0277176
451 0.927794 0.564647 0.0299713
452 0.927794 0.56888 0.0282388
453 0.927794 0.573834 0.0289654
454 0.927794 0.579048 0.0327202
455 0.927794 0.561594 0.027416
456 0.927794 0.571344 0.0301771
457 0.927794 0.582455 0.0330139
458 0.927794 0.574693 0.030049
459 0.927794 0.583402 0.0284119
460 0.927794 0.598495 0.0266271
461 0.927794 0.600735 0.0309858
462 0.927794 0.593634 0.0295816
463 0.927794 0.592978 0.0315428
464 0.927794 0.596328 0.0259715
465 0.927794 0.598538 0.0243542
466 0.927794 0.60582 0.024524
467 0.927794 0.586324 0.0240958
468 0.927794 0.575484 0.026548
469 0.927794 0.568782 0.0302721
470 0.927794 0.582269 0.030607
471 0.927794 0.576869 0.0238669
472 0.927794 0.569515 0.0253695
473 0.927794 0.560694 0.0248643
474 0.927794 0.574868 0.0294035
475 0.927794 0.598488 0.0277259
476 0.927794 0.585087 0.0233753
477 0.927794 0.580796 0.025916
478 0.927794 0.590578 0.0244583
479 0.927794 0.590386 0.0202545
480 0.927794 0.604942 0.0245475
481 0.927794 0.587017 0.0214329
482 0.927794 0.597109 0.0249018
483 0.927794 0.609164 0.0265532
484 0.927794 0.613725 0.0253517
485 0.927794 0.621146 0.0242974
486 0.927794 0.625503 0.0204091
487 0.927794 0.613032 0.0227697
488 0.927794 0.599314 0.0226395
489 0.927794 0.612519 0.020854
490 0.927794 0.603634 0.0262088
491 0.927794 0.589121 0.028548
492 0.927794 0.565464 0.02772
493 0.927794 0.569399 0.027375
494 0.927794 0.574881 0.0291475
495 0.927794 0.571657 0.0304792
496 0.927794 0.567904 0.0298598
497 0.927794 0.572596 0.0299965
498 0.927794 0.545041 0.0310347
499 0.927794 0.579231 0.0291904
500 0.927794 0.58774 0.0281502
501 0.927794 0.554144 0.0298502
502 0.927794 0.575475 0.0291713
503 0.927794 0.561979 0.0304315
504 0.927794 0.554881 0.0283304
505 0.927794 0.59638 0.0238375
506 0.927794 0.603678 0.0232645
507 0.927794 0.592066 0.0245585
508 0.927794 0.605091 0.0248165
509 0.927794 0.603338 0.0220963
510 0.927794 0.604267 0.021963
511 0.927794 0.584363 0.0229193
512 0.927794 0.591952 0.0238951
513 0.927794 0.610819 0.0209855
514 0.927794 0.605664 0.0255306
515 0.927794 0.61244 0.0234496
516 0.927794 0.601857 0.0281405
517 0.927794 0.611971 0.0252254
518 0.927794 0.582694 0.0260896
519 0.927794 0.596646 0.0271969
520 0.927794 0.616026 0.0296462
521 0.927794 0.593881 0.0269262
522 0.927794 0.584284 0.0289427
523 0.927794 0.585815 0.028615
524 0.927794 0.579835 0.0262178
525 0.927794 0.589864 0.0302365
526 0.927794 0.590463 0.0291918
527 0.927794 0.59715 0.0283062
528 0.927794 0.595205 0.0270546
529 0.927794 0.592884 0.0236565
530 0.927794 0.585235 0.025941
531 0.927794 0.581247 0.0240755
532 0.927794 0.581928 0.0290079
533 0.927794 0.587432 0.0248575
534 0.927794 0.603255 0.0238089
535 0.927794 0.587116 0.0267052
536 0.927794 0.605401 0.0210341
537 0.927794 0.603133 0.0218682
538 0.927794 0.595078 0.0251013
539 0.927794 0.612288 0.0262286
540 0.927794 0.605435 0.0223328
541 0.927794 0.584964 0.0286398
542 0.927794 0.591556 0.0287213
543 0.927794 0.589937 0.0296586
544 0.927794 0.590582 0.0313335
545 0.927794 0.576961 0.0272648
546 0.927794 0.57983 0.0295558
547 0.927794 0.561706 0.0282771
548 0.927794 0.578292 0.0277108
549 0.927794 0.589637 0.0290892
550 0.927794 0.600582 0.0277227
551 0.927794 0.594691 0.0285077
552 0.927794 0.593358 0.0295268
553 0.927794 0.572615 0.0299874
554 0.927794 0.584627 0.0266665
555 0.927794 0.604302 0.0234382
556 0.927794 0.600012 0.0235529
557 0.927794 0.595363 0.0234727
558 0.927794 0.597089 0.0258286
559 0.927794 0.598226 0.0214154
560 0.927794 0.583944 0.0240642
561 0.927794 0.581232 0.0272031
562 0.927794 0.583721 0.0278758
563 0.927794 0.58738 0.0277913
564 0.927794 0.577603 0.0269204
565 0.927794 0.571591 0.0261356
566 0.927794 0.620203 0.0228139
567 0.927794 0.606788 0.0279797
568 0.927794 0.601247 0.0243654
569 0.927794 0.594621 0.0251067
570 0.927794 0.57037 0.0273394
571 0.927794 0.573286 0.0264039
572 0.927794 0.588787 0.0238885
573 0.927794 0.58738 0.0251109
574 0.927794 0.578215 0.0249094
575 0.927794 0.58134 0.0269052
576 0.927794 0.600488 0.0293364
577 0.927794 0.630793 0.0262108
578 0.927794 0.611767 0.0272423
579 0.927794 0.579442 0.0292001
580 0.927794 0.581006 0.0251872
581 0.927794 0.572524 0.0269057
582 0.927794 0.583697 0.026683
583 0.927794 0.581945 0.0254744
584 0.927794 0.563555 0.0264839
585 0.927794 0.555504 0.0278327
586 0.927794 0.587746 0.024932
587 0.927794 0.593412 0.026095
588 0.927794 0.597337 0.0228992
589 0.927794 0.600938 0.0248568
590 0.927794 0.612832 0.0259325
591 0.927794 0.608296 0.0214398
592 0.927794 0.596896 0.0234698
593 0.927794 0.594766 0.0238204
594 0.927794 0.597205 0.026848
595 0.927794 0.606597 0.0243264
596 0.927794 0.584711 0.0233095
597 0.927794 0.57895 0.0290744
598 0.927794 0.591413 0.0250181
599 0.927794 0.585202 0.0265533
600 0.927794 0.584318 0.0244121
601 0.927794 0.57537 0.0272532
602 0.927794 0.583568 0.0254507
603 0.927794 0.597816 0.0256231
604 0.927794 0.595877 0.0263071
605 0.927794 0.614295 0.0267266
606 0.927794 0.6171 0.0244363
607 0.927794 0.586806 0.0275476
608 0.927794 0.593105 0.027485
609 0.927794 0.600283 0.0275605
610 0.927794 0.594143 0.0274426
611 0.927794 0.575173 0.0302286
612 0.927794 0.584819 0.028085
613 0.927794 0.588818 0.0314766
614 0.927794 0.584279 0.0302706
615 0.927794 0.593385 0.0281163
616 0.927794 0.585015 0.0294911
617 0.927794 0.581328 0.0278162
618 0.927794 0.57145 0.0286487
619 0.927794 0.596555 0.0280567
620 0.927794 0.607615 0.0239275
621 0.927794 0.592407 0.0218892
622 0.927794 0.603567 0.023847
623 0.927794 0.591597 0.0230837
624 0.927794 0.589078 0.0236933
625 0.927794 0.599535 0.0228396
626 0.927794 0.604231 0.0249046
627 0.927794 0.610559 0.0234776
628 0.927794 0.601475 0.0231515
629 0.927794 0.600919 0.0244113
630 0.927794 0.583027 0.0247783
631 0.927794 0.58487 0.0240441
632 0.927794 0.598274 0.0244888
633 0.927794 0.58413 0.0309965
634 0.927794 0.58525 0.0243814
635 0.927794 0.581792 0.0248091
636 0.927794 0.587385 0.0234118
637 0.927794 0.575547 0.0254977
638 0.927794 0.576592 0.0262418
639 0.927794 0.573792 0.0281659
640 0.927794 0.590565 0.0281135
641 0.927794 0.555622 0.0271409
642 0.927794 0.568653 0.0316378
643 0.927794 0.580517 0.0318481
644 0.927794 0.587653 0.0318801
645 0.927794 0.573893 0.0253718
646 0.927794 0.584813 0.0229643
647 0.927794 0.594102 0.0246634
648 0.927794 0.599558 0.0245854
649 0.927794 0.590383 0.0245616
650 0.927794 0.621158 0.0226397
651 0.927794 0.585977 0.0276071
652 0.927794 0.6122 0.0251614
653 0.927794 0.583879 0.0272179
654 0.927794 0.611657 0.0272044
655 0.927794 0.607579 0.0257756
656 0.927794 0.588482 0.0228713
657 0.927794 0.602343 0.025919
658 0.927794 0.581066 0.0218357
659 0.927794 0.604661 0.0249709
660 0.927794 0.604265 0.0264566
661 0.927794 0.617571 0.0225564
662 0.927794 0.613423 0.0262726
663 0.927794 0.604454 0.0258156
664 0.927794 0.585151 0.029715
665 0.927794 0.582561 0.0273746
666 0.927794 0.597535 0.0252946
667 0.927794 0.580947 0.0244536
668 0.927794 0.606167 0.025254
669 0.927794 0.603142 0.0282818
670 0.927794 0.560609 0.0295884
671 0.927794 0.570496 0.0240512
672 0.927794 0.58044 0.029641
673 0.927794 0.584992 0.0286422
674 0.927794 0.591514 0.0228092
675 0.927794 0.593584 0.0251522
676 0.927794 0.601443 0.0244271
677 0.927794 0.593846 0.0237945
678 0.927794 0.597866 0.0248781
679 0.927794 0.61914 0.0241497
680 0.927794 0.613846 0.0220601
681 0.927794 0.600429 0.0193705
682 0.927794 0.595487 0.0240059
683 0.927794 0.616144 0.022899
684 0.927794 0.616438 0.0233806
685 0.927794 0.588458 0.0240322
686 0.927794 0.577008 0.0248206
687 0.927794 0.577731 0.0314644
688 0.927794 0.619052 0.0242966
689 0.927794 0.572027 0.0224083
690 0.927794 0.576547 0.0243566
691 0.927794 0.591555 0.0274192
692 0.927794 0.604821 0.0256498
693 0.927794 0.5936 0.0283804
694 0.927794 0.583174 0.0247281
695 0.927794 0.588417 0.0277776
696 0.927794 0.588298 0.0236301
697 0.927794 0.615815 0.0214781
698 0.927794 0.590022 0.0227949
699 0.927794 0.583108 0.0269769
700 0.927794 0.576382 0.026263
701 0.927794 0.582571 0.0267017
702 0.927794 0.599164 0.0249445
703 0.927794 0.606867 0.0242823
704 0.927794 0.61251 0.0219347
705 0.927794 0.604515 0.023127
706 0.927794 0.604938 0.021021
707 0.927794 0.611593 0.0243232
708 0.927794 0.594289 0.0243436
709 0.927794 0.581124 0.0210571
710 0.927794 0.584814 0.0260141
711 0.927794 0.603788 0.0238399
712 0.927794 0.600622 0.026662
713 0.927794 0.605531 0.0218259
714 0.927794 0.585017 0.0243297
715 0.927794 0.588238 0.0250628
716 0.927794 0.614965 0.0241165
717 0.929061 0.607016 0.025175
718 0.929061 0.632473 0.0241175
719 0.929061 0.610151 0.0251553
720 0.929061 0.602426 0.028009
721 0.929061 0.600098 0.0246843
722 0.929061 0.575916 0.0255956
723 0.929061 0.577894 0.0270935
724 0.929061 0.608116 0.0288956
725 0.929061 0.585046 0.0244542
726 0.929061 0.569571 0.0300142
727 0.929061 0.565918 0.0276617
728 0.929061 0.564903 0.0281795
729 0.929061 0.566592 0.0272393
730 0.929061 0.568142 0.0277097
731 0.929061 0.580845 0.0252764
732 0.929061 0.590539 0.0306133
733 0.929061 0.597721 0.0247774
734 0.929061 0.592735 0.0233061
735 0.929061 0.589788 0.0246915
736 0.929061 0.583449 0.0255489
737 0.929061 0.591329 0.0220227
738 0.929061 0.574395 0.0285225
739 0.929061 0.592897 0.0230376
740 0.929061 0.579834 0.0272374
741 0.929061 0.587314 0.0237151
742 0.929061 0.572736 0.0252302
743 0.929061 0.581456 0.0253432
744 0.929061 0.588373 0.0266038
745 0.929061 0.59755 0.0258257
746 0.929061 0.575896 0.0263859
747 0.929061 0.563631 0.0243508
748 0.929061 0.58578 0.0257329
749 0.929061 0.579198 0.0267201
750 0.929061 0.597671 0.0264664
751 0.929061 0.573642 0.0269683
752 0.929061 0.593976 0.0269051
753 0.929061 0.588564 0.0282742
754 0.929061 0.572999 0.0293691
755 0.929061 0.576529 0.0284292
756 0.929061 0.585897 0.0276834
757 0.929061 0.579275 0.02918
758 0.929061 0.590485 0.0292717
759 0.929061 0.589162 0.0274703
760 0.929061 0.575176 0.0273222
761 0.929061 0.581181 0.0272532
762 0.929061 0.575143 0.0259661
763 0.929061 0.573682 0.025716
764 0.929061 0.581824 0.0296218
765 0.929061 0.58737 0.0260692
766 0.929061 0.597325 0.0239233
767 0.929061 0.600822 0.0240426
768 0.929061 0.58781 0.0274623
769 0.929061 0.589758 0.0263066
770 0.929061 0.59957 0.026738
771 0.929061 0.568719 0.0288544
772 0.929061 0.595363 0.0273603
773 0.929061 0.59857 0.028206
774 0.929061 0.596154 0.028774
775 0.929061 0.579841 0.0295472
776 0.929061 0.597294 0.0263511
777 0.929061 0.603415 0.0262417
778 0.929061 0.581106 0.0248306
779 0.929061 0.570244 0.0303206
780 0.929061 0.558039 0.0286981
781 0.929061 0.57365 0.0294497
782 0.929061 0.575134 0.0290868
783 0.929061 0.574137 0.0285446
784 0.929061 0.568036 0.0321854
785 0.929061 0.584872 0.0280938
786 0.929061 0.579779 0.0272954
787 0.929061 0.590272 0.0299214
788 0.929061 0.572141 0.0276454
789 0.929061 0.581415 0.0259427
790 0.929061 0.594214 0.0232836
791 0.929061 0.584492 0.0272991
792 0.929061 0.607869 0.023257
793 0.929061 0.586708 0.0245659
794 0.929061 0.60564 0.024483
795 0.929061 0.594386 0.0279074
796 0.929061 0.584281 0.031973
797 0.929061 0.590498 0.0288864
798 0.929061 0.583358 0.0290099
799 0.929061 0.591896 0.0233981
800 0.929061 0.595779 0.0254269
801 0.929061 0.614091 0.0244693
802 0.929061 0.590307 0.0256447
803 0.929061 0.580246 0.027979
804 0.929061 0.585324 0.030449
805 0.929061 0.604245 0.0267885
806 0.929061 0.586249 0.0282264
807 0.929061 0.572208 0.0287402
808 0.929061 0.58344 0.0304661
809 0.929061 0.581229 0.0242522
810 0.929061 0.567828 0.0275759
811 0.929061 0.568443 0.0250233
812 0.929061 0.610639 0.0234724
813 0.929061 0.573362 0.0308271
814 0.929061 0.608574 0.0331996
815 0.929061 0.596116 0.0257172
816 0.929061 0.607559 0.0259088
817 0.929061 0.594004 0.0237895
818 0.929061 0.582341 0.025841
819 0.929061 0.575257 0.0270044
820 0.929061 0.579366 0.0310799
821 0.929061 0.595575 0.0298774
822 0.929061 0.574179 0.0320104
823 0.929061 0.591156 0.0321515
824 0.929061 0.568263 0.0323225
825 0.929061 0.581177 0.031738
826 0.929061 0.581242 0.0303643
827 0.929061 0.57623 0.0288937
828 0.929061 0.575488 0.0293138
829 0.929061 0.558009 0.0292034
830 0.929061 0.575227 0.0322608
831 0.929061 0.583685 0.0317091
832 0.929061 0.580966 0.0274954
833 0.929061 0.62183 0.0242241
834 0.929061 0.591594 0.0268208
835 0.929061 0.582832 0.0267735
836 0.929061 0.564135 0.0273095
837 0.929061 0.562173 0.0352854
838 0.929061 0.603671 0.025024
839 0.929061 0.581239 0.0269745
840 0.929061 0.601736 0.0237868
841 0.929061 0.614238 0.0252243
842 0.929061 0.583403 0.0289472
843 0.929061 0.612291 0.0269068
844 0.929061 0.579229 0.0262258
845 0.929061 0.594587 0.028343
846 0.929061 0.613995 0.0226857
847 0.929061 0.580768 0.0293946
848 0.929061 0.582113 0.0258481
849 0.929061 0.595287 0.0244647
850 0.929061 0.595187 0.022373
851 0.929061 0.59051 0.0230222
852 0.929061 0.602147 0.0254696
853 0.929061 0.60496 0.027073
854 0.929061 0.602911 0.0272199
855 0.929061 0.599482 0.02575
856 0.929061 0.610733 0.024175
857 0.929061 0.608955 0.0256395
858 0.929061 0.598143 0.0246241
859 0.929061 0.605342 0.0257718
860 0.929061 0.595109 0.0271684
861 0.929061 0.594127 0.0288727
862 0.929061 0.578908 0.0284798
863 0.929061 0.584511 0.0312817
864 0.929061 0.580915 0.0313203
865 0.929061 0.561622 0.0322702
866 0.929061 0.57966 0.0280394
867 0.929061 0.582401 0.025744
868 0.929061 0.600098 0.029833
869 0.929061 0.592587 0.0320045
870 0.929061 0.595767 0.0296464
871 0.929061 0.601715 0.025171
872 0.929061 0.593552 0.0242686
873 0.929061 0.617731 0.0298175
874 0.929061 0.609454 0.023531
875 0.929061 0.608603 0.0275174
876 0.929061 0.590686 0.0248524
877 0.929061 0.602837 0.0235294
878 0.929061 0.59739 0.0200839
879 0.929061 0.595583 0.025516
880 0.929061 0.59889 0.0265885
881 0.929061 0.584026 0.0334168
882 0.929061 0.618761 0.0285881
883 0.929061 0.611287 0.0261823
884 0.929061 0.602475 0.0264215
885 0.929061 0.595861 0.0260393
886 0.929061 0.578548 0.0285523
887 0.929061 0.583016 0.031333
888 0.929061 0.573597 0.0315418
889 0.929061 0.576928 0.0310219
890 0.929061 0.592357 0.0287863
891 0.929061 0.616525 0.0276434
892 0.929061 0.597291 0.0287159
893 0.929061 0.597308 0.0300786
894 0.929061 0.600945 0.0252003
895 0.929061 0.599653 0.0236167
896 0.929061 0.621222 0.0259091
897 0.929061 0.623007 0.0217143
898 0.929061 0.618189 0.025833
899 0.929061 0.604197 0.0256613
900 0.929061 0.591997 0.0288882
901 0.929061 0.564683 0.029694
902 0.929061 0.591262 0.0281516
903 0.929061 0.602562 0.0272179
904 0.929061 0.609334 0.0237369
905 0.929061 0.608715 0.0269897
906 0.929061 0.591439 0.025185
907 0.929061 0.611 0.0212142
908 0.929061 0.584898 0.0239456
909 0.929061 0.607987 0.0246721
910 0.929061 0.610581 0.02658
911 0.929061 0.600861 0.0256937
912 0.929061 0.594222 0.0257761
913 0.929061 0.60835 0.0271949
914 0.929061 0.598114 0.026269
915 0.929061 0.583749 0.0267061
916 0.929061 0.591971 0.0238067
917 0.929061 0.595758 0.0231374
918 0.929061 0.604823 0.024766
919 0.929061 0.602925 0.0257516
920 0.929061 0.597132 0.0236667
921 0.929061 0.594659 0.0281169
922 0.929061 0.61889 0.0275884
923 0.929061 0.602847 0.0278327
924 0.929061 0.603436 0.0276727
925 0.929061 0.60275 0.028867
926 0.929061 0.59646 0.0296001
927 0.929061 0.581171 0.030317
928 0.929061 0.57557 0.0307443
929 0.929061 0.612156 0.0228317
930 0.929061 0.618202 0.0207282
931 0.929061 0.608858 0.0229821
932 0.929061 0.611592 0.0249262
933 0.929061 0.613103 0.0222721
934 0.929061 0.589347 0.0249696
935 0.929061 0.581733 0.0270423
936 0.929061 0.609527 0.0226797
937 0.929061 0.618751 0.0213387
938 0.929061 0.62263 0.0224213
939 0.929061 0.622625 0.0232665
940 0.929061 0.63379 0.0238761
941 0.929061 0.619548 0.0243429
942 0.929061 0.628657 0.0206781
943 0.929061 0.608592 0.0217156
944 0.929061 0.603098 0.0263911
945 0.929061 0.612232 0.0264505
946 0.929061 0.607849 0.0228234
947 0.929061 0.607046 0.0220148
948 0.929061 0.622627 0.0247141
949 0.929061 0.601751 0.0241766
950 0.929061 0.591197 0.0228401
951 0.929061 0.588238 0.0242088
952 0.929061 0.610401 0.0273101
953 0.929061 0.619985 0.0227294
954 0.929061 0.597762 0.0239398
955 0.929061 0.605994 0.0259179
956 0.929061 0.62093 0.0253505
957 0.929061 0.5933 0.0262757
958 0.929061 0.595722 0.0245538
959 0.929061 0.586843 0.0252186
960 0.929061 0.574859 0.028839
961 0.929061 0.57348 0.0263528
962 0.929061 0.576156 0.0265121
963 0.929061 0.580513 0.0302499
964 0.929061 0.578569 0.0261714
965 0.929061 0.582131 0.0259772
966 0.929061 0.5942 0.0246769
967 0.929061 0.573941 0.0278861
968 0.929061 0.576734 0.027229
969 0.929061 0.561277 0.026664
970 0.929061 0.560704 0.0292148
971 0.929061 0.559689 0.0285334
972 0.929061 0.57125 0.0294992
973 0.929061 0.563996 0.0276512
974 0.929061 0.604351 0.0283802
975 0.929061 0.604909 0.0235392
976 0.929061 0.588252 0.023145
977 0.929061 0.602947 0.026262
978 0.929061 0.584528 0.0266837
979 0.929061 0.584774 0.025141
980 0.929061 0.575545 0.026278
981 0.929061 0.579675 0.0294647
982 0.929061 0.5917 0.0265644
983 0.929061 0.590408 0.0250002
984 0.929061 0.585223 0.0250559
985 0.929061 0.59274 0.0282275
986 0.929061 0.585458 0.0259221
987 0.929061 0.584112 0.025611
988 0.929061 0.58434 0.0321402
989 0.929061 0.60678 0.0251124
990 0.929061 0.599356 0.0239614
991 0.929061 0.589501 0.0225182
992 0.929061 0.597293 0.0233737
993 0.929061 0.587905 0.0262625
994 0.929061 0.595305 0.0241663
995 0.929061 0.584764 0.0271865
996 0.929061 0.57214 0.0291532
997 0.929061 0.581849 0.0224285
998 0.929061 0.614711 0.0216472
999 0.929061 0.599572 0.0217493
1000 0.929061 0.593653 0.0243538
