0 0.255731 0.2499 2.54521e-06
1 0.255731 0.249824 3.68339e-06
2 0.257857 0.250322 1.79772e-06
3 0.310568 0.251121 4.73028e-05
4 0.389235 0.253759 0.000326561
5 0.461788 0.25831 0.000944368
6 0.461788 0.259935 0.00100297
7 0.461788 0.26292 0.00135052
8 0.461788 0.270736 0.00239462
9 0.462926 0.273187 0.00286321
10 0.47068 0.27925 0.00359369
11 0.471346 0.287246 0.00464126
12 0.471346 0.278856 0.00634833
13 0.495248 0.29486 0.00737271
14 0.495248 0.301066 0.00829474
15 0.505937 0.296938 0.00909001
16 0.505937 0.298949 0.00960926
17 0.521775 0.306777 0.010362
18 0.521775 0.308151 0.0113483
19 0.582395 0.322738 0.0148527
20 0.582395 0.332024 0.0134088
21 0.582395 0.358321 0.0130738
22 0.599649 0.358355 0.0151429
23 0.60449 0.347898 0.0152758
24 0.60449 0.350575 0.0160807
25 0.60449 0.348848 0.0181982
26 0.604655 0.348928 0.0183354
27 0.622671 0.353504 0.0216531
28 0.631168 0.364351 0.0200737
29 0.651271 0.391351 0.0203676
30 0.651271 0.407421 0.0210866
31 0.651271 0.422427 0.0199737
32 0.651578 0.410531 0.0207883
33 0.659674 0.435503 0.0188367
34 0.659674 0.437238 0.0178908
35 0.659674 0.449237 0.0152698
36 0.669797 0.465102 0.0159251
37 0.669797 0.47794 0.0135983
38 0.670405 0.500671 0.0125265
39 0.675577 0.49582 0.0129545
40 0.681168 0.511146 0.0134138
41 0.681168 0.522256 0.0109268
42 0.681168 0.502051 0.013068
43 0.690034 0.513871 0.0128744
44 0.690034 0.514416 0.0137446
45 0.690034 0.531481 0.0121933
46 0.690034 0.529561 0.0121122
47 0.690034 0.506568 0.0125136
48 0.695989 0.506156 0.0115795
49 0.695989 0.512888 0.0131796
50 0.695989 0.515888 0.013402
51 0.695989 0.519521 0.0111217
52 0.712657 0.52819 0.0122104
53 0.712657 0.53865 0.011478
54 0.712657 0.542126 0.0126645
55 0.712657 0.539342 0.0129197
56 0.712657 0.549152 0.0138609
57 0.712657 0.529908 0.0147281
58 0.712657 0.533836 0.0154069
59 0.712657 0.531802 0.015758
60 0.712657 0.528387 0.0172137
61 0.712657 0.544366 0.0153818
62 0.712657 0.536836 0.0139668
63 0.712657 0.546223 0.0141648
64 0.712657 0.542121 0.0138467
65 0.712657 0.539641 0.0142625
66 0.712657 0.530332 0.0142715
67 0.712657 0.531879 0.0130336
68 0.714206 0.532388 0.0132722
69 0.714206 0.529034 0.0123523
70 0.714206 0.526305 0.015243
71 0.714206 0.535143 0.014844
72 0.714206 0.547629 0.0161795
73 0.714206 0.544747 0.0142768
74 0.714206 0.542062 0.0130869
75 0.714206 0.533736 0.0143171
76 0.714206 0.534767 0.0144079
77 0.714206 0.528693 0.0142595
78 0.722792 0.544722 0.0141526
79 0.722792 0.525798 0.0144948
80 0.722792 0.542556 0.0151342
81 0.722792 0.541871 0.0165359
82 0.722792 0.535803 0.0188405
83 0.722792 0.525948 0.017174
84 0.722792 0.530253 0.0171289
85 0.722792 0.540509 0.0175594
86 0.722792 0.540488 0.0187436
87 0.722982 0.549756 0.0193716
88 0.722982 0.580141 0.0147764
89 0.722982 0.559284 0.0152698
90 0.722982 0.552315 0.017434
91 0.722982 0.550342 0.0171894
92 0.722982 0.547084 0.016436
93 0.722982 0.556903 0.0155399
94 0.722982 0.525006 0.0167257
95 0.722982 0.552098 0.0148562
96 0.722982 0.553128 0.0151216
97 0.722982 0.554849 0.0155065
98 0.722982 0.554385 0.0148899
99 0.722982 0.541954 0.0146328
100 0.722982 0.527067 0.0150219
101 0.722982 0.530301 0.0145393
102 0.724397 0.546248 0.0139488
103 0.724397 0.561399 0.0155648
104 0.724408 0.56374 0.0163029
105 0.724408 0.554712 0.0158798
106 0.724408 0.548015 0.0168111
107 0.724408 0.562105 0.0140319
108 0.728638 0.580246 0.0138428
109 0.728638 0.569833 0.0156683
110 0.728638 0.57833 0.0128059
111 0.728638 0.555936 0.015331
112 0.728638 0.548342 0.0139831
113 0.729151 0.531445 0.0151951
114 0.729151 0.548951 0.0173227
115 0.729151 0.549492 0.0148522
116 0.729151 0.562658 0.0154491
117 0.729151 0.572299 0.0144582
118 0.729151 0.556663 0.01616
119 0.729151 0.557311 0.0153771
120 0.729151 0.585723 0.0124878
121 0.732671 0.57666 0.0145801
122 0.732671 0.566875 0.0152438
123 0.732671 0.551321 0.0157983
124 0.732671 0.537896 0.0177891
125 0.732671 0.563379 0.0172376
126 0.734031 0.563542 0.0175258
127 0.734031 0.555168 0.01669
128 0.734031 0.571057 0.0123654
129 0.734031 0.555661 0.0151906
130 0.734031 0.56138 0.0153437
131 0.734526 0.561584 0.015765
132 0.734526 0.550816 0.0147695
133 0.734526 0.556049 0.0138674
134 0.734526 0.552213 0.0158264
135 0.734526 0.550659 0.0187557
136 0.734526 0.555253 0.017184
137 0.734526 0.562319 0.0164915
138 0.734526 0.5495 0.0160447
139 0.734526 0.559419 0.0146488
140 0.734526 0.566733 0.0143579
141 0.734995 0.560924 0.0163018
142 0.734995 0.560429 0.0133523
143 0.736585 0.563309 0.0147049
144 0.736585 0.55614 0.0178273
145 0.736585 0.558786 0.0180004
146 0.736585 0.570416 0.0156295
147 0.736585 0.544313 0.0179545
148 0.73678 0.528436 0.0190302
149 0.73678 0.55192 0.0205364
150 0.73678 0.546696 0.0156747
151 0.73678 0.545389 0.0181626
152 0.73678 0.54763 0.0206245
153 0.73678 0.537234 0.0212558
154 0.73678 0.53389 0.0201632
155 0.73678 0.546068 0.0191124
156 0.73678 0.549431 0.016362
157 0.73678 0.53996 0.017723
158 0.73678 0.54241 0.0162241
159 0.73678 0.533244 0.0170413
160 0.73678 0.543603 0.0164285
161 0.73678 0.532499 0.015823
162 0.737463 0.533149 0.0200081
163 0.741713 0.529255 0.0185215
164 0.741713 0.542674 0.0181482
165 0.742681 0.561028 0.0161037
166 0.742681 0.558072 0.0162924
167 0.742681 0.551331 0.0188051
168 0.742681 0.561827 0.0157163
169 0.742681 0.545617 0.0154384
170 0.742681 0.547931 0.0161368
171 0.742681 0.553145 0.0158591
172 0.742681 0.561125 0.0169011
173 0.742681 0.549835 0.0164246
174 0.742681 0.541918 0.0163133
175 0.742681 0.540615 0.0144234
176 0.742681 0.546905 0.0144136
177 0.742681 0.552565 0.0169627
178 0.742681 0.552313 0.019687
179 0.742681 0.548084 0.0172605
180 0.742681 0.545227 0.0185159
181 0.742681 0.555832 0.0181749
182 0.742681 0.552358 0.0208109
183 0.742681 0.553453 0.0181761
184 0.742681 0.560367 0.0207673
185 0.742681 0.581848 0.018258
186 0.743167 0.586377 0.0181267
187 0.743167 0.586019 0.0163585
188 0.743167 0.575605 0.0150917
189 0.743167 0.585575 0.0150771
190 0.743167 0.556185 0.0163238
191 0.744068 0.558557 0.0160253
192 0.744068 0.549847 0.0189244
193 0.744068 0.548712 0.019118
194 0.744068 0.556829 0.0183241
195 0.744068 0.550245 0.0165924
196 0.744068 0.551095 0.0165152
197 0.744068 0.543643 0.0177237
198 0.744068 0.56124 0.0169705
199 0.744068 0.569609 0.0175958
200 0.744068 0.570039 0.017249
201 0.744403 0.567649 0.0196141
202 0.744403 0.549399 0.0181185
203 0.744403 0.549007 0.0194284
204 0.744403 0.558726 0.0169577
205 0.744403 0.553334 0.0188216
206 0.744464 0.56758 0.0174533
207 0.744464 0.562209 0.0169388
208 0.744464 0.564148 0.0163554
209 0.744464 0.561066 0.0150424
210 0.744464 0.581134 0.0149328
211 0.744464 0.570341 0.0158275
212 0.744464 0.561225 0.0161322
213 0.744464 0.550887 0.0183636
214 0.744621 0.538823 0.020761
215 0.744621 0.536837 0.0198175
216 0.744621 0.558401 0.0191344
217 0.744621 0.56723 0.0178672
218 0.744621 0.571727 0.0174287
219 0.744621 0.585735 0.0151705
220 0.744621 0.571412 0.0179539
221 0.744621 0.576254 0.0180203
222 0.744621 0.568861 0.0148373
223 0.744621 0.558436 0.0170798
224 0.744621 0.563635 0.0171707
225 0.744621 0.541064 0.0190907
226 0.744621 0.564367 0.0198377
227 0.744621 0.567088 0.0169523
228 0.744621 0.552824 0.0201673
229 0.744621 0.548757 0.0209422
230 0.744621 0.574246 0.018355
231 0.744621 0.570033 0.0171732
232 0.744621 0.582323 0.0163947
233 0.744621 0.59235 0.014068
234 0.74985 0.572783 0.0164269
235 0.74985 0.579756 0.0146708
236 0.74985 0.567837 0.0161814
237 0.74985 0.559185 0.0190609
238 0.74985 0.558219 0.0180871
239 0.74985 0.542591 0.0175785
240 0.74985 0.545739 0.0176649
241 0.74985 0.561267 0.0178986
242 0.74985 0.558892 0.0215807
243 0.74985 0.572644 0.0148395
244 0.74985 0.567618 0.0167984
245 0.74985 0.563437 0.0188348
246 0.74985 0.554751 0.018005
247 0.74985 0.568509 0.0151784
248 0.74985 0.549531 0.0180843
249 0.74985 0.535389 0.0192384
250 0.74985 0.554209 0.0183669
251 0.74985 0.54991 0.0181677
252 0.74985 0.553279 0.0175443
253 0.74985 0.539953 0.0232525
254 0.74985 0.55572 0.0167821
255 0.74985 0.546159 0.01645
256 0.74985 0.560281 0.0191822
257 0.74985 0.554989 0.0177646
258 0.74985 0.55236 0.0190078
259 0.74985 0.553162 0.0202172
260 0.74985 0.538009 0.0205025
261 0.74985 0.534292 0.0214302
262 0.74985 0.542237 0.0230405
263 0.74985 0.550842 0.0219497
264 0.74985 0.572258 0.0176144
265 0.74985 0.555117 0.020716
266 0.74985 0.561209 0.0182025
267 0.74985 0.549877 0.0173345
268 0.74985 0.536138 0.0176055
269 0.74985 0.520523 0.0175978
270 0.74985 0.513837 0.0198765
271 0.74985 0.543661 0.0198804
272 0.74985 0.54804 0.0199751
273 0.74985 0.560833 0.0165315
274 0.74985 0.56064 0.0177043
275 0.74985 0.576942 0.0147301
276 0.74985 0.579418 0.0154301
277 0.74985 0.581747 0.0172317
278 0.74985 0.583562 0.0142886
279 0.74985 0.572383 0.0171815
280 0.74985 0.569002 0.0156469
281 0.74985 0.560455 0.0175165
282 0.74985 0.565629 0.0157191
283 0.74985 0.563344 0.0168874
284 0.74985 0.569804 0.0197226
285 0.74985 0.573639 0.019208
286 0.74985 0.584701 0.01982
287 0.74985 0.588545 0.0202089
288 0.74985 0.599927 0.0165499
289 0.74985 0.595067 0.0147325
290 0.74985 0.59028 0.0153501
291 0.74985 0.565725 0.0196403
292 0.74985 0.556537 0.0199426
293 0.74985 0.535268 0.0220392
294 0.74985 0.543926 0.0207366
295 0.74985 0.55152 0.0180253
296 0.74985 0.558554 0.0161861
297 0.74985 0.561204 0.0156519
298 0.750132 0.557469 0.0172494
299 0.750132 0.549579 0.0168866
300 0.750132 0.562362 0.0179
301 0.750132 0.58221 0.0133322
302 0.750132 0.585627 0.0158165
303 0.750132 0.572149 0.0190835
304 0.750132 0.568862 0.0187513
305 0.750132 0.573318 0.018091
306 0.750132 0.564944 0.0200329
307 0.750132 0.558117 0.0195035
308 0.750132 0.549132 0.0200681
309 0.750132 0.545839 0.0230486
310 0.750132 0.562202 0.016103
311 0.750132 0.573373 0.019604
312 0.751346 0.568938 0.0206928
313 0.751346 0.564814 0.018956
314 0.751346 0.570753 0.0181284
315 0.751346 0.537075 0.0192103
316 0.751346 0.550296 0.0196263
317 0.751346 0.570745 0.0175525
318 0.751346 0.569556 0.0191885
319 0.751346 0.563887 0.0155354
320 0.751346 0.563353 0.0143715
321 0.751346 0.567062 0.0148291
322 0.751346 0.565195 0.0160549
323 0.751346 0.55662 0.0157531
324 0.751346 0.557822 0.0160105
325 0.751346 0.576016 0.0173081
326 0.751346 0.565959 0.0194927
327 0.751346 0.575949 0.0187283
328 0.751346 0.578516 0.0214083
329 0.751346 0.578639 0.0188503
330 0.751346 0.56975 0.016319
331 0.751346 0.551002 0.0192272
332 0.751346 0.582098 0.0178444
333 0.751346 0.580619 0.0182369
334 0.751346 0.590148 0.0171242
335 0.751346 0.580424 0.0160342
336 0.751346 0.585842 0.0168681
337 0.751346 0.573293 0.0197929
338 0.751346 0.58916 0.0189867
339 0.751346 0.596998 0.0154597
340 0.751346 0.603821 0.0144659
341 0.751346 0.597938 0.0156652
342 0.751346 0.583998 0.0159416
343 0.751346 0.574348 0.0165938
344 0.751346 0.567985 0.0198295
345 0.751346 0.564726 0.0206545
346 0.751346 0.576422 0.0167249
347 0.751346 0.573035 0.0159462
348 0.751346 0.579003 0.0166065
349 0.751346 0.588256 0.0138153
350 0.751346 0.582413 0.0171122
351 0.751346 0.586731 0.0172733
352 0.751346 0.567376 0.0209628
353 0.751346 0.563422 0.0205006
354 0.751346 0.562784 0.0161728
355 0.751346 0.585838 0.0152229
356 0.751346 0.589379 0.0154566
357 0.751346 0.592029 0.0143576
358 0.751346 0.575668 0.016931
359 0.751346 0.58037 0.0172001
360 0.751346 0.57047 0.0186064
361 0.751346 0.563064 0.0172266
362 0.751346 0.570313 0.0178905
363 0.751346 0.574095 0.0200089
364 0.751346 0.583713 0.0167978
365 0.751346 0.58526 0.0187416
366 0.751346 0.559142 0.0201168
367 0.751346 0.569771 0.0180492
368 0.751346 0.546821 0.0204249
369 0.751346 0.555622 0.0202033
370 0.751346 0.555663 0.019633
371 0.751346 0.557764 0.0183052
372 0.751346 0.569174 0.0186421
373 0.751346 0.561522 0.0195569
374 0.751346 0.565492 0.0201448
375 0.751346 0.552784 0.021941
376 0.751346 0.56175 0.0226426
377 0.751346 0.561655 0.017517
378 0.751346 0.571559 0.0166904
379 0.751346 0.565354 0.0190961
380 0.751346 0.584167 0.0164846
381 0.751346 0.569646 0.018647
382 0.751346 0.560028 0.016139
383 0.751346 0.562357 0.0168261
384 0.751346 0.584568 0.0170079
385 0.751346 0.588046 0.0163326
386 0.751346 0.58024 0.015945
387 0.751346 0.564592 0.0200751
388 0.751346 0.567307 0.0164605
389 0.751346 0.575107 0.0168683
390 0.751346 0.566837 0.0174082
391 0.751346 0.578754 0.0207895
392 0.751346 0.580421 0.0167705
393 0.751346 0.573612 0.0169445
394 0.751346 0.580211 0.0159213
395 0.751346 0.555889 0.0188453
396 0.751346 0.539185 0.0217782
397 0.751346 0.543468 0.0206402
398 0.751346 0.533506 0.0218449
399 0.751346 0.557084 0.0197423
400 0.751346 0.549281 0.0219152
401 0.751346 0.561567 0.0214872
402 0.751346 0.539906 0.02041
403 0.751346 0.557941 0.0219174
404 0.751346 0.57281 0.0191852
405 0.751346 0.568741 0.0219325
406 0.751346 0.558594 0.022664
407 0.751346 0.56906 0.0202959
408 0.751346 0.561967 0.0232322
409 0.751346 0.571195 0.0178128
410 0.751346 0.571011 0.0176264
411 0.751346 0.579734 0.0183604
412 0.751346 0.584089 0.0175922
413 0.751346 0.573795 0.0164271
414 0.751346 0.584025 0.0165418
415 0.751346 0.585807 0.0159964
416 0.751346 0.584968 0.0161738
417 0.751346 0.576804 0.0175821
418 0.751346 0.56766 0.016207
419 0.751346 0.566028 0.018803
420 0.751346 0.569246 0.0178271
421 0.751346 0.572518 0.0179823
422 0.751346 0.565933 0.0179573
423 0.751346 0.561404 0.0170816
424 0.751346 0.568311 0.0195816
425 0.751346 0.570178 0.019536
426 0.751346 0.55304 0.0215764
427 0.751346 0.559753 0.0177202
428 0.751346 0.563676 0.0180457
429 0.751346 0.575022 0.0179498
430 0.751346 0.56806 0.0176889
431 0.751346 0.556775 0.0188452
432 0.751346 0.558004 0.0186762
433 0.751346 0.547107 0.0210507
434 0.751346 0.557851 0.0184066
435 0.751346 0.569214 0.0139621
436 0.751346 0.577366 0.0154801
437 0.751346 0.578844 0.0157496
438 0.751346 0.577844 0.0180143
439 0.751346 0.575133 0.0170839
440 0.751346 0.551163 0.0228627
441 0.751346 0.564479 0.0203574
442 0.751346 0.560817 0.0191485
443 0.751346 0.549078 0.017791
444 0.751346 0.555115 0.020188
445 0.751346 0.55168 0.0188481
446 0.751346 0.52645 0.0212559
447 0.751346 0.534917 0.020662
448 0.751346 0.533492 0.0204374
449 0.751346 0.543397 0.0209298
450 0.751346 0.557448 0.0202985
451 0.751346 0.573425 0.0167651
452 0.751346 0.56609 0.0153304
453 0.751346 0.570056 0.0152848
454 0.751346 0.571153 0.0186275
455 0.751346 0.578007 0.0172907
456 0.751346 0.5837 0.0146117
457 0.751346 0.575908 0.0157305
458 0.751346 0.562867 0.0160652
459 0.751346 0.572822 0.0156468
460 0.751346 0.551567 0.0201878
461 0.751346 0.563734 0.0182966
462 0.751346 0.557801 0.0189298
463 0.751346 0.571979 0.016045
464 0.751346 0.563128 0.0192963
465 0.751346 0.565036 0.0183029
466 0.751346 0.572294 0.0200933
467 0.751346 0.579949 0.0184609
468 0.751346 0.557858 0.0193369
469 0.751346 0.559857 0.0158871
470 0.751346 0.553751 0.0173104
471 0.751346 0.554692 0.0181762
472 0.751346 0.564931 0.0180397
473 0.751346 0.566921 0.0160574
474 0.751346 0.561252 0.0151534
475 0.751346 0.576262 0.0173901
476 0.751346 0.577564 0.0175918
477 0.751346 0.586918 0.0154619
478 0.751346 0.564613 0.0204701
479 0.751346 0.578388 0.0155322
480 0.751346 0.577832 0.0182068
481 0.751346 0.594666 0.0155327
482 0.751346 0.595608 0.0158368
483 0.751346 0.579982 0.0178696
484 0.751346 0.569021 0.0186974
485 0.751346 0.573725 0.017284
486 0.751346 0.584422 0.0154108
487 0.751346 0.589897 0.0145955
488 0.751346 0.585028 0.0152459
489 0.751346 0.567186 0.021031
490 0.751346 0.571611 0.0221499
491 0.751346 0.562599 0.0196609
492 0.751346 0.540305 0.0218103
493 0.751346 0.554685 0.0200135
494 0.751346 0.571695 0.0160158
495 0.751346 0.563464 0.0153137
496 0.751346 0.583133 0.0154242
497 0.751346 0.577103 0.0172164
498 0.751346 0.57179 0.0168975
499 0.751346 0.58104 0.0143978
500 0.751346 0.584771 0.013804
501 0.751346 0.584277 0.0139975
502 0.751346 0.602939 0.0122866
503 0.751346 0.575389 0.0152284
504 0.751346 0.560256 0.0189811
505 0.751346 0.571497 0.0196382
506 0.751346 0.581853 0.016192
507 0.751346 0.583014 0.0153481
508 0.751346 0.564125 0.0152881
509 0.751346 0.573373 0.0143162
510 0.751346 0.572369 0.0160243
511 0.751346 0.551463 0.0143814
512 0.751346 0.557053 0.0144955
513 0.751346 0.55291 0.0157353
514 0.751346 0.551914 0.0194818
515 0.751346 0.560902 0.0173987
516 0.751346 0.549271 0.0128962
517 0.751346 0.557116 0.0163381
518 0.751346 0.558685 0.0189549
519 0.751346 0.558799 0.0199109
520 0.751346 0.55106 0.0189619
521 0.751346 0.529553 0.0214391
522 0.751346 0.527566 0.0204071
523 0.751346 0.528173 0.0224419
524 0.751346 0.518316 0.0245823
525 0.751346 0.512318 0.022322
526 0.751346 0.539538 0.022392
527 0.751346 0.536377 0.0219571
528 0.751346 0.539305 0.0204231
529 0.751346 0.556195 0.0227269
530 0.751346 0.56962 0.0175636
531 0.751346 0.574609 0.0189184
532 0.751346 0.579932 0.0183334
533 0.751346 0.586017 0.0180743
534 0.751346 0.603528 0.0147751
535 0.751346 0.602676 0.014641
536 0.751346 0.577689 0.0142276
537 0.751346 0.577696 0.0140971
538 0.751346 0.576929 0.0144325
539 0.751346 0.567756 0.0179806
540 0.751346 0.590339 0.0144394
541 0.751346 0.593726 0.0142311
542 0.751346 0.582005 0.0169067
543 0.751346 0.585482 0.0170751
544 0.751346 0.577479 0.0169507
545 0.751346 0.56003 0.0150432
546 0.751346 0.576148 0.0163374
547 0.751346 0.588558 0.0150671
548 0.751346 0.581529 0.0153546
549 0.751346 0.570155 0.0191907
550 0.751346 0.594229 0.0148041
551 0.751346 0.578176 0.0148556
552 0.751346 0.577515 0.0145972
553 0.751346 0.566058 0.0171092
554 0.751346 0.576217 0.0180738
555 0.751346 0.572164 0.0199409
556 0.751346 0.56967 0.020187
557 0.751346 0.57423 0.0162178
558 0.751346 0.567157 0.0222499
559 0.751346 0.569443 0.0171616
560 0.751346 0.578541 0.0164366
561 0.751768 0.574727 0.0170731
562 0.751768 0.562651 0.0179588
563 0.751768 0.558509 0.0140875
564 0.751768 0.558693 0.0161973
565 0.751768 0.553818 0.0194675
566 0.751768 0.538403 0.0211278
567 0.751768 0.540605 0.0210807
568 0.751768 0.547817 0.0196972
569 0.751768 0.534571 0.0193695
570 0.751768 0.542972 0.0222834
571 0.751768 0.568141 0.0192004
572 0.751768 0.587834 0.0183548
573 0.751768 0.588462 0.0170457
574 0.751768 0.592332 0.0163326
575 0.751768 0.575992 0.0164726
576 0.751768 0.571861 0.016825
577 0.751768 0.576626 0.0163203
578 0.751768 0.56591 0.0164394
579 0.751768 0.564801 0.0174818
580 0.751768 0.574516 0.0170947
581 0.751768 0.565391 0.0182989
582 0.751768 0.564994 0.0196018
583 0.751768 0.56225 0.0206024
584 0.751768 0.551212 0.0189402
585 0.751768 0.547868 0.0192611
586 0.751768 0.544585 0.0201032
587 0.751768 0.549729 0.0193623
588 0.751768 0.555412 0.0184025
589 0.751768 0.562369 0.0173098
590 0.751768 0.558333 0.0175283
591 0.751768 0.566703 0.0165257
592 0.751768 0.556459 0.0197545
593 0.751768 0.539351 0.020468
594 0.751768 0.555566 0.0153547
595 0.751768 0.577581 0.017506
596 0.751768 0.563321 0.0185138
597 0.751768 0.557752 0.0172174
598 0.751768 0.55412 0.0175912
599 0.751768 0.564689 0.0196068
600 0.751768 0.573265 0.0194047
601 0.751768 0.5683 0.0175574
602 0.751768 0.555099 0.0160718
603 0.751768 0.573574 0.0151088
604 0.751768 0.57366 0.0157861
605 0.751768 0.566422 0.0193651
606 0.751768 0.563221 0.0183196
607 0.751768 0.558117 0.0166295
608 0.751768 0.548989 0.0176631
609 0.751768 0.546693 0.0175811
610 0.751768 0.545908 0.0184593
611 0.751768 0.552981 0.0175678
612 0.751768 0.561366 0.0151412
613 0.751768 0.532961 0.0201539
614 0.751768 0.525873 0.0222222
615 0.751768 0.532775 0.0214047
616 0.751768 0.527873 0.0215258
617 0.751768 0.544278 0.018718
618 0.751768 0.553765 0.0178488
619 0.751768 0.545508 0.019615
620 0.751768 0.54088 0.0195209
621 0.751768 0.534058 0.0182023
622 0.751768 0.550372 0.0196333
623 0.751768 0.539528 0.019774
624 0.751768 0.552514 0.0214776
625 0.751768 0.554068 0.0210691
626 0.751768 0.555732 0.0196911
627 0.751768 0.547623 0.0180822
628 0.751768 0.573955 0.01757
629 0.751768 0.578456 0.0154697
630 0.751768 0.579319 0.0152597
631 0.751768 0.577779 0.0151052
632 0.751768 0.583676 0.0151531
633 0.751768 0.583149 0.0174019
634 0.751768 0.551517 0.0179333
635 0.751768 0.556101 0.0167996
636 0.751768 0.561682 0.0189097
637 0.751768 0.565005 0.0181938
638 0.751768 0.571741 0.0172953
639 0.751768 0.558806 0.0198177
640 0.751768 0.572019 0.0173923
641 0.751768 0.570099 0.0171599
642 0.751768 0.582149 0.0169765
643 0.751768 0.56418 0.0206988
644 0.751768 0.575192 0.0208116
645 0.751768 0.576195 0.0185638
646 0.751768 0.581962 0.0164319
647 0.751768 0.578765 0.0169337
648 0.751768 0.5808 0.0176624
649 0.751768 0.554718 0.0159454
650 0.751768 0.577416 0.0164491
651 0.751768 0.580835 0.0166435
652 0.751768 0.566963 0.019415
653 0.751768 0.559763 0.0194661
654 0.751768 0.57322 0.0199762
655 0.751768 0.572226 0.0187344
656 0.751768 0.574545 0.0149972
657 0.751768 0.563755 0.0156856
658 0.751768 0.568348 0.0178807
659 0.751768 0.583589 0.0153505
660 0.751768 0.577402 0.016895
661 0.751768 0.56688 0.0198691
662 0.751768 0.566719 0.0166844
663 0.751768 0.558193 0.0174013
664 0.751768 0.581077 0.0180151
665 0.751768 0.58737 0.0152952
666 0.751768 0.567362 0.0153725
667 0.751768 0.583504 0.0175364
668 0.751768 0.565539 0.0156368
669 0.751768 0.567649 0.0162261
670 0.751768 0.561924 0.0175216
671 0.751768 0.572901 0.0183872
672 0.751768 0.573479 0.0211041
673 0.751768 0.570691 0.0174633
674 0.751768 0.586285 0.0179954
675 0.751768 0.566885 0.0147991
676 0.751768 0.548462 0.0190476
677 0.751768 0.548849 0.0219223
678 0.751768 0.540537 0.0216225
679 0.751768 0.553183 0.0154735
680 0.751768 0.562446 0.0186826
681 0.751768 0.558983 0.0220786
682 0.751768 0.561411 0.020272
683 0.751768 0.5474 0.0226108
684 0.751768 0.570304 0.0205187
685 0.751768 0.56868 0.0187249
686 0.751768 0.548749 0.0201213
687 0.751768 0.549829 0.018683
688 0.751768 0.549021 0.0218703
689 0.751768 0.573332 0.0203944
690 0.751768 0.567082 0.0190947
691 0.751768 0.56186 0.0179337
692 0.751768 0.562682 0.0190454
693 0.751768 0.551267 0.0178662
694 0.751768 0.556097 0.0189368
695 0.751768 0.557269 0.0190704
696 0.751768 0.575078 0.0182674
697 0.751768 0.558736 0.0199769
698 0.751768 0.582164 0.0193163
699 0.751768 0.571517 0.0193118
700 0.751768 0.568808 0.020565
701 0.751768 0.55484 0.022524
702 0.751768 0.56232 0.0209994
703 0.751768 0.567443 0.0207596
704 0.751768 0.559896 0.0178739
705 0.751768 0.566153 0.0186492
706 0.751768 0.578956 0.015946
707 0.751768 0.578692 0.0141931
708 0.751768 0.585434 0.015339
709 0.751768 0.572358 0.0148158
710 0.751768 0.560508 0.0158581
711 0.751768 0.560231 0.0174651
712 0.751768 0.552051 0.0206605
713 0.751768 0.570562 0.0174437
714 0.751768 0.544355 0.0213809
715 0.751768 0.533771 0.0211201
716 0.751768 0.541187 0.0209146
717 0.751768 0.534443 0.0199246
718 0.751768 0.533554 0.0201896
719 0.751768 0.546708 0.0202882
720 0.751768 0.539172 0.0208449
721 0.751768 0.547033 0.0213145
722 0.751768 0.538111 0.0200011
723 0.751768 0.553924 0.0194676
724 0.751768 0.545524 0.0200173
725 0.751768 0.5789 0.0168728
726 0.751768 0.556424 0.0208769
727 0.751768 0.574736 0.0182282
728 0.751768 0.573799 0.0192218
729 0.751768 0.58063 0.0146486
730 0.751768 0.588256 0.0151767
731 0.753805 0.607291 0.0137336
732 0.753805 0.594689 0.0128238
733 0.753805 0.579572 0.015982
734 0.753805 0.5781 0.0129718
735 0.753805 0.565387 0.014755
736 0.753805 0.552553 0.0182609
737 0.753805 0.575668 0.0175383
738 0.753805 0.577638 0.0171004
739 0.753805 0.566138 0.0177417
740 0.753805 0.54854 0.0197014
741 0.753805 0.549826 0.0224148
742 0.753805 0.551825 0.0186368
743 0.753805 0.542613 0.0217706
744 0.753805 0.544955 0.021092
745 0.753805 0.54076 0.0189334
746 0.753805 0.54803 0.0170748
747 0.753805 0.562465 0.0181106
748 0.753805 0.571637 0.0188092
749 0.753805 0.574448 0.0185327
750 0.753805 0.57363 0.0186461
751 0.753805 0.577435 0.0188927
752 0.753805 0.568978 0.0170803
753 0.753805 0.560195 0.0161522
754 0.753805 0.559455 0.0177469
755 0.753805 0.571798 0.0190044
756 0.753805 0.583053 0.0168116
757 0.753805 0.574474 0.0171902
758 0.753805 0.569885 0.0151969
759 0.753805 0.57292 0.0196206
760 0.753805 0.562855 0.0191994
761 0.753805 0.553856 0.0221909
762 0.753805 0.567653 0.0218981
763 0.753805 0.571903 0.0208449
764 0.753805 0.566474 0.0184135
765 0.753805 0.567493 0.020601
766 0.753805 0.568394 0.0229971
767 0.753805 0.567527 0.0214863
768 0.753805 0.574845 0.0215523
769 0.753805 0.579987 0.018973
770 0.753805 0.574399 0.0179202
771 0.753805 0.567156 0.0168283
772 0.753805 0.59154 0.0165553
773 0.753805 0.590085 0.0160269
774 0.753805 0.568774 0.0188678
775 0.753805 0.572442 0.0176693
776 0.753805 0.561424 0.0174618
777 0.753805 0.564847 0.0217552
778 0.753805 0.564596 0.0211547
779 0.753805 0.569555 0.0180491
780 0.753805 0.555343 0.0194534
781 0.753805 0.546744 0.0190656
782 0.753805 0.547345 0.021932
783 0.753805 0.547241 0.0237528
784 0.753805 0.53899 0.024588
785 0.753805 0.526765 0.0236292
786 0.753805 0.519205 0.0220903
787 0.753809 0.5271 0.0220012
788 0.753809 0.525276 0.0203761
789 0.753809 0.535674 0.0185374
790 0.753809 0.520926 0.0219361
791 0.753809 0.530259 0.0212919
792 0.753809 0.553641 0.0204582
793 0.753809 0.567096 0.0165219
794 0.753809 0.56431 0.0183189
795 0.753809 0.546723 0.0212683
796 0.753809 0.552595 0.0189797
797 0.753809 0.547401 0.0196562
798 0.753809 0.551345 0.0202342
799 0.753809 0.541216 0.0204251
800 0.753809 0.542119 0.0200655
801 0.753809 0.548807 0.0225424
802 0.753809 0.551912 0.0208053
803 0.753809 0.5446 0.0206789
804 0.753809 0.540288 0.0236694
805 0.753809 0.555507 0.0211395
806 0.753809 0.567696 0.0195792
807 0.753809 0.561511 0.0195037
808 0.753809 0.561464 0.01912
809 0.753809 0.574756 0.0173667
810 0.753809 0.565735 0.0205656
811 0.753809 0.581514 0.0170811
812 0.753809 0.573063 0.018175
813 0.753809 0.563562 0.0172315
814 0.753809 0.556803 0.017109
815 0.753809 0.576195 0.0150267
816 0.753809 0.579127 0.0194668
817 0.753809 0.564559 0.0226838
818 0.753809 0.565225 0.0247286
819 0.753809 0.566945 0.0217955
820 0.753809 0.564518 0.0226925
821 0.753809 0.547228 0.0192624
822 0.753809 0.545913 0.0203986
823 0.753809 0.566768 0.0187933
824 0.753809 0.558952 0.0171637
825 0.753809 0.55877 0.0168089
826 0.753809 0.548029 0.0175302
827 0.753809 0.553351 0.0214959
828 0.753809 0.554069 0.0205297
829 0.753809 0.555506 0.0188141
830 0.753809 0.566858 0.0195694
831 0.753809 0.549117 0.0192769
832 0.753809 0.552375 0.0220537
833 0.753809 0.553207 0.0230231
834 0.753809 0.556873 0.0210493
835 0.753809 0.547062 0.0197431
836 0.753809 0.556803 0.0200536
837 0.753809 0.546229 0.0205432
838 0.753809 0.570549 0.0197461
839 0.753809 0.563061 0.0190749
840 0.753809 0.564215 0.0204209
841 0.753809 0.580354 0.016455
842 0.753809 0.573447 0.017912
843 0.753809 0.577622 0.0172636
844 0.753809 0.583882 0.0165266
845 0.753809 0.574283 0.0207921
846 0.753809 0.56519 0.0198224
847 0.753809 0.554605 0.0208898
848 0.753809 0.547658 0.0199323
849 0.753809 0.555621 0.0206956
850 0.753809 0.557783 0.0203455
851 0.753809 0.546287 0.0216846
852 0.753809 0.548775 0.022016
853 0.753843 0.522448 0.0219829
854 0.753843 0.534864 0.0231916
855 0.753843 0.560402 0.0180446
856 0.753843 0.544005 0.0201275
857 0.753843 0.558235 0.0198261
858 0.753843 0.551272 0.0208794
859 0.753843 0.553815 0.0201734
860 0.753843 0.562058 0.0171909
861 0.753843 0.551671 0.0167433
862 0.753843 0.553626 0.0182599
863 0.753843 0.56015 0.0166077
864 0.753843 0.569386 0.0178055
865 0.753843 0.567554 0.0187785
866 0.753843 0.560881 0.0177396
867 0.753843 0.556624 0.020473
868 0.753843 0.567445 0.0176138
869 0.753843 0.561749 0.0184234
870 0.753843 0.56649 0.0145062
871 0.753843 0.551066 0.0165217
872 0.753843 0.557476 0.0167529
873 0.754317 0.556265 0.0201285
874 0.754317 0.547745 0.0187134
875 0.754317 0.561261 0.0174088
876 0.754317 0.550702 0.0194015
877 0.754317 0.541645 0.0194015
878 0.754317 0.533591 0.0183809
879 0.754317 0.545199 0.0222911
880 0.754317 0.557138 0.0214322
881 0.754317 0.57041 0.016178
882 0.754317 0.568351 0.0178366
883 0.754317 0.557389 0.0189441
884 0.754317 0.554196 0.0214147
885 0.754393 0.544472 0.0210193
886 0.754393 0.560458 0.0209446
887 0.754393 0.551369 0.0187899
888 0.754393 0.555186 0.020855
889 0.754393 0.55944 0.0205204
890 0.754393 0.554516 0.0218455
891 0.754393 0.568793 0.0199052
892 0.754393 0.549545 0.021624
893 0.754393 0.544634 0.0218413
894 0.754393 0.545696 0.0197703
895 0.754393 0.558638 0.0204133
896 0.754397 0.568789 0.0220847
897 0.754397 0.564339 0.0217041
898 0.754397 0.558614 0.0190246
899 0.754397 0.540302 0.0195632
900 0.754397 0.527928 0.0225928
901 0.754397 0.532575 0.0217632
902 0.754397 0.542283 0.023279
903 0.754397 0.559633 0.019875
904 0.754397 0.581547 0.0211363
905 0.754397 0.583939 0.0173306
906 0.754397 0.577003 0.0163547
907 0.754397 0.5955 0.013821
908 0.754397 0.582355 0.0176499
909 0.754397 0.591176 0.0168545
910 0.754397 0.581977 0.0191465
911 0.754397 0.596909 0.0169238
912 0.754397 0.592106 0.017524
913 0.754397 0.568987 0.0224834
914 0.754397 0.547598 0.0243
915 0.754397 0.556689 0.0218159
916 0.754397 0.541696 0.0202558
917 0.754397 0.552444 0.0162544
918 0.754397 0.565296 0.018158
919 0.754397 0.561988 0.0159098
920 0.754397 0.557186 0.0218832
921 0.754397 0.562153 0.0205495
922 0.754397 0.562035 0.0180379
923 0.754397 0.57954 0.0169713
924 0.754397 0.571098 0.0190278
925 0.754397 0.564763 0.0193454
926 0.754397 0.537604 0.0212009
927 0.754397 0.562754 0.0190067
928 0.754397 0.545883 0.0193574
929 0.754397 0.549194 0.0179385
930 0.754397 0.545558 0.0168919
931 0.754397 0.560784 0.0186107
932 0.754397 0.568358 0.0167551
933 0.754397 0.56352 0.0174661
934 0.754397 0.566139 0.0177683
935 0.754397 0.565892 0.0192158
936 0.754397 0.58526 0.0166695
937 0.754397 0.574599 0.0148792
938 0.754397 0.564903 0.0165017
939 0.754397 0.564024 0.014786
940 0.754397 0.566722 0.0159791
941 0.754397 0.567452 0.0174828
942 0.754397 0.55152 0.0188983
943 0.754397 0.553037 0.0198311
944 0.754397 0.567272 0.0175321
945 0.754397 0.565615 0.0177863
946 0.754397 0.584746 0.0173774
947 0.754397 0.569205 0.0201976
948 0.754397 0.581484 0.0185833
949 0.754397 0.583541 0.0191161
950 0.754397 0.565777 0.0184382
951 0.754397 0.55102 0.021504
952 0.754397 0.553537 0.0214617
953 0.754397 0.540386 0.0210218
954 0.754397 0.541323 0.0202658
955 0.754397 0.561873 0.0187794
956 0.754397 0.563913 0.0170687
957 0.754397 0.574294 0.0163774
958 0.754397 0.565645 0.01929
959 0.754397 0.562888 0.018233
960 0.754397 0.536698 0.0183833
961 0.754397 0.552649 0.0169328
962 0.754397 0.585158 0.0181473
963 0.754397 0.581509 0.0180339
964 0.754397 0.593504 0.0133188
965 0.754397 0.576343 0.0160891
966 0.754397 0.561558 0.0179238
967 0.754397 0.548702 0.018265
968 0.754397 0.564233 0.0174339
969 0.754397 0.541168 0.0196089
970 0.754397 0.558278 0.0198001
971 0.754397 0.566375 0.0160566
972 0.754397 0.568354 0.0182992
973 0.754397 0.562027 0.0188092
974 0.754397 0.570139 0.0175063
975 0.754397 0.545717 0.0206894
976 0.754397 0.544996 0.0191593
977 0.754397 0.552259 0.0158841
978 0.754397 0.578438 0.0154725
979 0.754397 0.572286 0.0140408
980 0.754397 0.560508 0.0193138
981 0.754397 0.545703 0.0215028
982 0.754397 0.554741 0.02072
983 0.754397 0.553262 0.0192361
984 0.754397 0.544616 0.0209586
985 0.754397 0.539595 0.0185252
986 0.754397 0.560202 0.0202363
987 0.754397 0.551406 0.0198882
988 0.754397 0.577956 0.0185323
989 0.754397 0.568699 0.0182659
990 0.754397 0.569904 0.0208488
991 0.754397 0.543127 0.0170986
992 0.754397 0.557584 0.0183929
993 0.754397 0.552534 0.0184667
994 0.754397 0.553803 0.0208142
995 0.754397 0.558571 0.0224162
996 0.754397 0.578632 0.021344
997 0.754397 0.583831 0.0200666
998 0.754397 0.569164 0.0189707
999 0.754397 0.574384 0.0156683
1000 0.754397 0.580475 0.0135376
