0 0.25113 0.249985 8.01884e-08
1 0.252848 0.250042 9.70699e-08
2 0.252848 0.250064 1.7161e-07
3 0.252848 0.250021 2.58032e-07
4 0.257001 0.250237 1.02495e-06
5 0.257001 0.250154 8.52313e-07
6 0.267663 0.250417 4.21651e-06
7 0.267663 0.250527 5.92893e-06
8 0.312168 0.251123 4.62611e-05
9 0.312168 0.25081 5.3804e-05
10 0.312168 0.25099 6.76152e-05
11 0.312168 0.25144 7.20806e-05
12 0.39017 0.252827 0.000261027
13 0.39017 0.252754 0.000255275
14 0.39017 0.25302 0.000259534
15 0.39017 0.254889 0.000428149
16 0.39017 0.253265 0.000350955
17 0.39017 0.256137 0.000547994
18 0.39017 0.255103 0.000526228
19 0.39017 0.254464 0.000440815
20 0.39017 0.254441 0.000641562
21 0.39017 0.257292 0.000606474
22 0.39017 0.25645 0.000615694
23 0.39017 0.254134 0.000548558
24 0.402326 0.256655 0.000829958
25 0.408635 0.258377 0.000980781
26 0.408635 0.256566 0.000729849
27 0.408635 0.257187 0.000727456
28 0.408635 0.254916 0.000542342
29 0.408635 0.256556 0.00089359
30 0.408635 0.25644 0.00080697
31 0.408635 0.257676 0.00110673
32 0.408636 0.255652 0.000814606
33 0.408636 0.253765 0.000537113
34 0.408636 0.258584 0.0010656
35 0.415334 0.25708 0.000888911
36 0.420795 0.257024 0.000975627
37 0.420795 0.259417 0.00107787
38 0.420795 0.259506 0.00124556
39 0.420795 0.259124 0.0012577
40 0.420795 0.256434 0.0010101
41 0.420795 0.25525 0.000915877
42 0.420795 0.261263 0.00131768
43 0.420795 0.262447 0.00141694
44 0.420795 0.25674 0.00100446
45 0.420795 0.255323 0.000697667
46 0.420795 0.25774 0.000851645
47 0.420795 0.258031 0.000963135
48 0.435649 0.259036 0.00146795
49 0.435649 0.256266 0.000930832
50 0.435649 0.254202 0.000744043
51 0.435649 0.255555 0.000858189
52 0.435649 0.25862 0.00104771
53 0.435649 0.260802 0.00121591
54 0.435649 0.260881 0.0013765
55 0.435649 0.261882 0.00147936
56 0.490519 0.257386 0.00130724
57 0.490519 0.261984 0.00180223
58 0.490519 0.267019 0.00209193
59 0.490519 0.266491 0.00238742
60 0.490519 0.266218 0.00230685
61 0.490519 0.267947 0.00254239
62 0.493904 0.266282 0.00255413
63 0.500289 0.267087 0.00224791
64 0.500289 0.270527 0.0025067
65 0.500289 0.26364 0.00197292
66 0.500289 0.265524 0.00250767
67 0.500289 0.261365 0.00209854
68 0.500289 0.269563 0.00279706
69 0.500289 0.260998 0.00161282
70 0.500289 0.259952 0.00153498
71 0.500289 0.264576 0.00222149
72 0.500289 0.261445 0.00177078
73 0.500289 0.266996 0.00216777
74 0.500289 0.265401 0.00261756
75 0.500289 0.264574 0.00230967
76 0.500289 0.266314 0.00270279
77 0.500289 0.267629 0.00279521
78 0.500289 0.274688 0.00338551
79 0.500289 0.27412 0.00350566
80 0.500289 0.276398 0.00338289
81 0.500289 0.278005 0.0035335
82 0.500289 0.273773 0.00287631
83 0.500289 0.271739 0.00236321
84 0.504527 0.275343 0.00301303
85 0.504527 0.270018 0.00252328
86 0.504527 0.273904 0.00299882
87 0.504527 0.275976 0.00334149
88 0.504527 0.277596 0.0037609
89 0.504527 0.28188 0.00373757
90 0.504527 0.278521 0.00388948
91 0.504527 0.286297 0.00463393
92 0.504527 0.282082 0.00399093
93 0.504527 0.283314 0.00388897
94 0.504527 0.27887 0.00324544
95 0.504527 0.285513 0.00349246
96 0.504527 0.286159 0.00389083
97 0.504527 0.28393 0.00331139
98 0.504527 0.291923 0.00418907
99 0.504527 0.294392 0.00412769
100 0.504527 0.290739 0.00383275
101 0.504527 0.291547 0.00411972
102 0.552928 0.291686 0.00460853
103 0.552928 0.295011 0.00420745
104 0.552928 0.296304 0.00452211
105 0.552928 0.299711 0.0050344
106 0.552928 0.291069 0.00438839
107 0.552928 0.291284 0.00487657
108 0.552928 0.287979 0.00471405
109 0.552928 0.292281 0.0059493
110 0.552928 0.291228 0.00428031
111 0.552928 0.29485 0.0045572
112 0.552928 0.300516 0.00508995
113 0.552928 0.302355 0.00485
114 0.552928 0.297658 0.00476145
115 0.552928 0.292228 0.00412195
116 0.552928 0.286595 0.00379991
117 0.552928 0.297955 0.00540107
118 0.552928 0.303117 0.00559357
119 0.552928 0.293698 0.00505713
120 0.552928 0.296939 0.00525282
121 0.552928 0.297004 0.00505772
122 0.552928 0.288283 0.00377087
123 0.552928 0.294776 0.0051362
124 0.552928 0.293112 0.00454416
125 0.552928 0.300845 0.00504665
126 0.552928 0.299526 0.00516436
127 0.552928 0.301302 0.00514187
128 0.552928 0.294466 0.00395742
129 0.552928 0.292 0.0040773
130 0.565298 0.294001 0.00497988
131 0.565298 0.307706 0.00443587
132 0.565298 0.302037 0.0044417
133 0.565298 0.301589 0.00510293
134 0.565298 0.295866 0.00411003
135 0.565298 0.291972 0.00379463
136 0.565298 0.298354 0.00517471
137 0.565298 0.29645 0.00494811
138 0.565298 0.290766 0.00418112
139 0.580456 0.291768 0.00531844
140 0.580456 0.290131 0.00439413
141 0.580456 0.287217 0.00402697
142 0.580456 0.291938 0.00445576
143 0.580456 0.292403 0.00386524
144 0.580456 0.28618 0.00324582
145 0.580456 0.286745 0.00379978
146 0.580456 0.287952 0.0045109
147 0.580456 0.289265 0.0049369
148 0.580456 0.280832 0.00418412
149 0.580456 0.287487 0.00465629
150 0.582391 0.293271 0.00535437
151 0.597598 0.291535 0.0053559
152 0.597598 0.287797 0.0043031
153 0.597598 0.289223 0.0040238
154 0.597598 0.29026 0.00442839
155 0.597598 0.286066 0.00345297
156 0.685016 0.30058 0.00639834
157 0.685016 0.296321 0.00587167
158 0.685016 0.296137 0.00555491
159 0.685016 0.286586 0.00435054
160 0.701403 0.296579 0.00687836
161 0.701403 0.29456 0.00742403
162 0.701403 0.296624 0.00660485
163 0.701403 0.29524 0.00573205
164 0.701403 0.296907 0.0068099
165 0.701403 0.301018 0.00632279
166 0.701403 0.29591 0.00620626
167 0.701403 0.297136 0.0069933
168 0.709087 0.306407 0.00837779
169 0.709087 0.315225 0.0102472
170 0.709087 0.303855 0.00870645
171 0.709087 0.292235 0.00585796
172 0.709087 0.294381 0.00599088
173 0.709087 0.300423 0.00693635
174 0.709087 0.301643 0.00674147
175 0.709087 0.297092 0.00661598
176 0.709087 0.301989 0.00891832
177 0.709087 0.289243 0.00568643
178 0.709087 0.294313 0.00744285
179 0.709087 0.295668 0.00633827
180 0.709087 0.298116 0.00712517
181 0.709087 0.309602 0.0105366
182 0.709087 0.30274 0.00904217
183 0.709087 0.289406 0.00685281
184 0.709087 0.301972 0.00778908
185 0.709087 0.293096 0.00684588
186 0.709087 0.294779 0.00739488
187 0.709087 0.290189 0.00654851
188 0.709087 0.293012 0.00749294
189 0.709087 0.296486 0.00827295
190 0.710151 0.284187 0.00948385
191 0.710151 0.277745 0.00635327
192 0.710151 0.279373 0.0056429
193 0.710151 0.27709 0.00675898
194 0.710151 0.286682 0.00654828
195 0.710151 0.280988 0.00629097
196 0.710151 0.287494 0.00796043
197 0.715191 0.293457 0.00823657
198 0.715191 0.288233 0.00711283
199 0.715191 0.283977 0.00628877
200 0.715191 0.291747 0.00751035
201 0.715191 0.28685 0.0066356
202 0.715191 0.287299 0.00719669
203 0.715191 0.288933 0.00730934
204 0.715191 0.286027 0.00724759
205 0.715191 0.293386 0.00849357
206 0.715191 0.290571 0.00792077
207 0.715191 0.283454 0.00727187
208 0.715191 0.28695 0.00686458
209 0.715191 0.285042 0.00639568
210 0.715191 0.279957 0.00629451
211 0.715191 0.290622 0.0090498
212 0.715191 0.295309 0.0091697
213 0.715191 0.292779 0.00807397
214 0.715191 0.298653 0.00949476
215 0.715191 0.283119 0.00632289
216 0.715191 0.283659 0.00726182
217 0.715191 0.290577 0.0076327
218 0.715191 0.277257 0.00671297
219 0.715191 0.289295 0.00727571
220 0.715191 0.288343 0.00712458
221 0.715191 0.288181 0.00673558
222 0.715191 0.281166 0.00711212
223 0.715191 0.285024 0.00683514
224 0.715191 0.279795 0.00681157
225 0.715191 0.28076 0.00630719
226 0.715191 0.282521 0.00638561
227 0.715191 0.288998 0.00642782
228 0.715191 0.30207 0.00896136
229 0.715191 0.295735 0.00723981
230 0.715191 0.295363 0.00766299
231 0.715191 0.289384 0.00815523
232 0.715191 0.287372 0.00696703
233 0.715191 0.286439 0.00820867
234 0.715191 0.298762 0.00769251
235 0.715191 0.287595 0.0064737
236 0.715191 0.287644 0.00714947
237 0.715191 0.293246 0.00744075
238 0.715191 0.290208 0.00713856
239 0.715191 0.288062 0.00809837
240 0.715191 0.285318 0.00799054
241 0.715191 0.284841 0.00663796
242 0.715191 0.291345 0.0076685
243 0.715191 0.292786 0.00780299
244 0.715191 0.289196 0.00826542
245 0.715191 0.29214 0.00748051
246 0.715191 0.292794 0.00755911
247 0.715191 0.2869 0.00685591
248 0.715191 0.298679 0.00875092
249 0.715191 0.289455 0.00707362
250 0.715191 0.298918 0.00828243
251 0.715191 0.286237 0.00845178
252 0.715191 0.286778 0.00900457
253 0.715191 0.301655 0.0111737
254 0.715191 0.288065 0.00665482
255 0.715191 0.291012 0.00860055
256 0.715191 0.300435 0.00975515
257 0.715191 0.286782 0.00721844
258 0.715191 0.292971 0.00844156
259 0.715191 0.289462 0.00860479
260 0.715191 0.287382 0.00819647
261 0.715191 0.28976 0.00653967
262 0.715191 0.289796 0.00656953
263 0.715191 0.289037 0.00754799
264 0.715191 0.297089 0.00804569
265 0.715191 0.28447 0.00702689
266 0.715191 0.286051 0.00675051
267 0.715191 0.3026 0.00880681
268 0.715191 0.290755 0.00728995
269 0.715191 0.303524 0.00977539
270 0.715191 0.295318 0.00690191
271 0.715191 0.284462 0.00712469
272 0.715191 0.288938 0.00705256
273 0.715191 0.293472 0.00686476
274 0.715191 0.291912 0.00788182
275 0.715191 0.299136 0.00721841
276 0.715191 0.299299 0.00688236
277 0.715191 0.292475 0.00652846
278 0.715191 0.305961 0.00869973
279 0.715191 0.298078 0.00831751
280 0.715191 0.311188 0.00849113
281 0.715191 0.307344 0.00834505
282 0.715191 0.309366 0.00883418
283 0.715191 0.306976 0.00886225
284 0.715191 0.300006 0.00883174
285 0.715191 0.306305 0.00849047
286 0.715191 0.310197 0.00775998
287 0.715191 0.303028 0.00812679
288 0.715191 0.3082 0.00915679
289 0.715191 0.300936 0.0075291
290 0.715191 0.298956 0.00724099
291 0.715191 0.307536 0.00882236
292 0.715191 0.302585 0.00958003
293 0.715191 0.302434 0.00721798
294 0.715191 0.312781 0.00840982
295 0.715191 0.295324 0.00774158
296 0.715191 0.292176 0.00746239
297 0.715191 0.296619 0.00658574
298 0.715191 0.307262 0.00798228
299 0.715191 0.302271 0.00769757
300 0.715191 0.307327 0.0095051
301 0.715191 0.297701 0.0100159
302 0.719559 0.318458 0.0110308
303 0.719559 0.32653 0.0123326
304 0.719559 0.320935 0.00991684
305 0.719559 0.290045 0.00884996
306 0.719559 0.305129 0.0125388
307 0.719559 0.290916 0.00833328
308 0.719559 0.315491 0.0107307
309 0.719559 0.310876 0.0103151
310 0.719559 0.302197 0.0100151
311 0.719559 0.298169 0.0102081
312 0.719559 0.300281 0.00970499
313 0.719559 0.294085 0.00759247
314 0.719559 0.291837 0.00741311
315 0.719559 0.306988 0.00970521
316 0.719559 0.30195 0.00952681
317 0.719559 0.30955 0.0108093
318 0.719559 0.297809 0.00913828
319 0.719559 0.28356 0.0073413
320 0.719559 0.289853 0.00850449
321 0.731356 0.317118 0.0132631
322 0.731356 0.291453 0.00953062
323 0.731356 0.289719 0.00779465
324 0.731356 0.30158 0.0088663
325 0.731356 0.305019 0.00858493
326 0.731356 0.302829 0.00864479
327 0.731356 0.310836 0.0111167
328 0.731356 0.307308 0.00888027
329 0.731356 0.297997 0.00988752
330 0.731356 0.304403 0.00966942
331 0.731356 0.287956 0.00971482
332 0.731356 0.289635 0.00841491
333 0.731356 0.281988 0.00698467
334 0.731356 0.288719 0.0080083
335 0.731356 0.286432 0.00989474
336 0.732095 0.306438 0.0102357
337 0.732095 0.294697 0.00780554
338 0.732095 0.301521 0.00833703
339 0.732095 0.27948 0.00762225
340 0.732095 0.291121 0.00923208
341 0.732095 0.302133 0.0104612
342 0.750205 0.306016 0.0101644
343 0.750205 0.291163 0.00998717
344 0.750205 0.29777 0.00931859
345 0.765795 0.311043 0.0111952
346 0.765795 0.304402 0.0127959
347 0.765795 0.298974 0.00968891
348 0.765795 0.300897 0.0120011
349 0.765795 0.296151 0.00947504
350 0.765795 0.293427 0.0091821
351 0.783053 0.299709 0.0124036
352 0.783053 0.292123 0.0097702
353 0.783053 0.291073 0.00987485
354 0.783053 0.300787 0.0121764
355 0.783053 0.29023 0.00876118
356 0.783053 0.300004 0.0115826
357 0.783053 0.289479 0.00854712
358 0.783053 0.291103 0.00991666
359 0.783053 0.296155 0.0094667
360 0.783053 0.29117 0.0083778
361 0.783053 0.29543 0.00938438
362 0.783053 0.298537 0.00960962
363 0.783053 0.295684 0.0101854
364 0.783053 0.289151 0.00763439
365 0.783053 0.3089 0.0118515
366 0.783053 0.301704 0.00889313
367 0.783053 0.299717 0.0112363
368 0.783053 0.299922 0.00935029
369 0.783053 0.301553 0.0101479
370 0.783053 0.298881 0.0092116
371 0.783053 0.299604 0.00962592
372 0.783053 0.30208 0.0106349
373 0.783053 0.320698 0.00973961
374 0.783053 0.301904 0.009482
375 0.783053 0.294785 0.00873182
376 0.783053 0.293003 0.00846845
377 0.783053 0.302966 0.0101477
378 0.783053 0.304036 0.00992562
379 0.783053 0.290284 0.01067
380 0.783053 0.293792 0.0102072
381 0.788889 0.303012 0.0135888
382 0.788889 0.30845 0.011429
383 0.788889 0.292654 0.00804909
384 0.788889 0.303 0.0107326
385 0.788889 0.304197 0.0110011
386 0.788889 0.300489 0.0093713
387 0.788889 0.297571 0.00913772
388 0.788889 0.295009 0.0118183
389 0.788889 0.30138 0.0100733
390 0.788889 0.310852 0.0102675
391 0.788889 0.304328 0.00978292
392 0.788889 0.301278 0.0105064
393 0.788889 0.305421 0.00891255
394 0.788889 0.297573 0.00890945
395 0.788889 0.300754 0.0101475
396 0.788889 0.30076 0.0111739
397 0.788889 0.291996 0.0101546
398 0.788889 0.284816 0.00796937
399 0.788889 0.290885 0.0103198
400 0.788889 0.290633 0.00967191
401 0.788889 0.301306 0.00993023
402 0.788889 0.2944 0.00911267
403 0.788889 0.292677 0.00969713
404 0.788889 0.298614 0.0112895
405 0.788889 0.300486 0.0108502
406 0.788889 0.302483 0.0107631
407 0.788889 0.297258 0.0114577
408 0.788889 0.297054 0.0132623
409 0.788889 0.304961 0.0118513
410 0.788889 0.299816 0.0107165
411 0.788889 0.297873 0.0107312
412 0.788889 0.298668 0.0125628
413 0.788889 0.297663 0.0116981
414 0.788889 0.295209 0.0110189
415 0.788889 0.301935 0.0115263
416 0.788889 0.301218 0.0124117
417 0.788889 0.308452 0.0113584
418 0.788889 0.296809 0.011498
419 0.788889 0.283367 0.00821223
420 0.788889 0.291291 0.0095813
421 0.788889 0.313163 0.0119916
422 0.788889 0.304482 0.0131952
423 0.788889 0.296414 0.0104284
424 0.788889 0.295162 0.0108864
425 0.788889 0.30274 0.0109878
426 0.788889 0.298084 0.00989487
427 0.788889 0.289333 0.0106363
428 0.788889 0.277313 0.00882537
429 0.788889 0.285834 0.0093701
430 0.788889 0.299717 0.0111444
431 0.788889 0.294463 0.01327
432 0.788889 0.291804 0.0128662
433 0.788889 0.303554 0.0118471
434 0.788889 0.294288 0.0150569
435 0.788889 0.30243 0.0120224
436 0.788889 0.282734 0.00929974
437 0.788889 0.298349 0.0117302
438 0.788889 0.294272 0.01336
439 0.788889 0.290361 0.00950837
440 0.788889 0.294143 0.00966931
441 0.788889 0.28825 0.0101748
442 0.788889 0.292529 0.0102778
443 0.788889 0.305257 0.0116638
444 0.788889 0.291935 0.0134017
445 0.788889 0.289471 0.0119212
446 0.788889 0.291659 0.011427
447 0.788889 0.295748 0.0121153
448 0.788889 0.28118 0.0108192
449 0.788889 0.305617 0.0134234
450 0.788889 0.311018 0.0117292
451 0.788889 0.299083 0.0103447
452 0.788889 0.298032 0.0100612
453 0.788889 0.304339 0.00960702
454 0.788889 0.299731 0.0107693
455 0.788889 0.31146 0.0121159
456 0.788889 0.297948 0.00864729
457 0.788889 0.308882 0.0121541
458 0.788889 0.317252 0.0117483
459 0.788889 0.306286 0.0117183
460 0.788889 0.294645 0.00937347
461 0.788889 0.297881 0.0102879
462 0.788889 0.307249 0.0120483
463 0.788889 0.307779 0.010605
464 0.788889 0.305268 0.00996145
465 0.788889 0.281273 0.00868394
466 0.788889 0.297006 0.00972935
467 0.822275 0.315039 0.0148898
468 0.822275 0.317831 0.0142187
469 0.822275 0.304331 0.0114823
470 0.822275 0.315053 0.0121022
471 0.822275 0.301477 0.010987
472 0.822275 0.309222 0.0114889
473 0.822275 0.302044 0.0103518
474 0.822275 0.289286 0.0107922
475 0.822275 0.30414 0.011974
476 0.822275 0.305574 0.0126452
477 0.822275 0.295896 0.010069
478 0.822275 0.290375 0.00832532
479 0.822275 0.301782 0.0105631
480 0.822275 0.293985 0.00860113
481 0.822275 0.296847 0.00985813
482 0.822275 0.304897 0.00987008
483 0.822275 0.303307 0.0113686
484 0.822275 0.325508 0.0150957
485 0.822275 0.304767 0.0130632
486 0.822275 0.305495 0.0123046
487 0.822275 0.299783 0.0125557
488 0.822275 0.307567 0.0139843
489 0.822275 0.307709 0.00998267
490 0.822275 0.299478 0.0120242
491 0.822275 0.312436 0.0101858
492 0.822275 0.306598 0.0111424
493 0.822275 0.293674 0.00966853
494 0.822275 0.310993 0.0116474
495 0.822275 0.31403 0.0127261
496 0.822275 0.306633 0.0160622
497 0.822275 0.310588 0.0103609
498 0.822275 0.308136 0.0109668
499 0.822275 0.300584 0.0120058
500 0.822275 0.3076 0.013391
501 0.822275 0.29428 0.0123812
502 0.822275 0.293236 0.0100586
503 0.822275 0.302347 0.0125963
504 0.822275 0.301511 0.0121003
505 0.822275 0.298921 0.0117797
506 0.822275 0.300779 0.0140781
507 0.822275 0.291493 0.0109574
508 0.822275 0.304956 0.012876
509 0.822275 0.308228 0.012146
510 0.822275 0.303979 0.0145439
511 0.822275 0.305687 0.015113
512 0.822275 0.300242 0.013447
513 0.822275 0.290559 0.0103008
514 0.822275 0.30394 0.011281
515 0.822275 0.304351 0.0132262
516 0.822275 0.287499 0.0117659
517 0.822275 0.300435 0.0112315
518 0.822275 0.296146 0.0102883
519 0.822275 0.290891 0.0111117
520 0.822275 0.278632 0.00864298
521 0.822275 0.30476 0.0128075
522 0.822275 0.30101 0.0119043
523 0.822275 0.299965 0.0132857
524 0.822275 0.2973 0.0117756
525 0.822275 0.303855 0.0109037
526 0.822275 0.30488 0.0112541
527 0.822275 0.305282 0.0109877
528 0.822275 0.299821 0.0097185
529 0.822275 0.316418 0.0158818
530 0.822275 0.301508 0.0116197
531 0.822275 0.300826 0.0111114
532 0.822275 0.296339 0.0108177
533 0.822275 0.301439 0.0139435
534 0.822275 0.295843 0.0119869
535 0.822275 0.295965 0.0117239
536 0.822275 0.306473 0.0143011
537 0.822275 0.301206 0.013838
538 0.822275 0.300418 0.0134617
539 0.822275 0.301634 0.0128963
540 0.822275 0.30001 0.0115554
541 0.822275 0.294891 0.010366
542 0.82238 0.306121 0.0154231
543 0.82238 0.295377 0.0124434
544 0.82238 0.298198 0.0115812
545 0.82238 0.299234 0.0120794
546 0.82238 0.290786 0.0115393
547 0.82238 0.299434 0.0112925
548 0.82238 0.279935 0.00959284
549 0.82238 0.292069 0.0142659
550 0.82238 0.293291 0.0115132
551 0.82238 0.289352 0.0135425
552 0.82238 0.289697 0.012798
553 0.82238 0.312686 0.0135798
554 0.82238 0.308465 0.0161667
555 0.82238 0.302499 0.012608
556 0.82238 0.317576 0.0141501
557 0.82238 0.311166 0.0135663
558 0.82238 0.29736 0.0130528
559 0.82238 0.290912 0.0123532
560 0.82238 0.31086 0.0144313
561 0.82238 0.300447 0.0138799
562 0.82238 0.308145 0.0154794
563 0.82238 0.30289 0.0124845
564 0.82238 0.303735 0.0115826
565 0.82238 0.308156 0.0123706
566 0.82238 0.295825 0.0109543
567 0.82238 0.29505 0.0150221
568 0.82238 0.286209 0.0129736
569 0.82238 0.304641 0.0168639
570 0.82238 0.293158 0.0120296
571 0.82238 0.286391 0.0105302
572 0.822719 0.291173 0.013369
573 0.822719 0.298461 0.0124382
574 0.822719 0.29214 0.0141222
575 0.822719 0.290283 0.0106531
576 0.822719 0.290728 0.00977849
577 0.822719 0.29233 0.0105526
578 0.822719 0.303212 0.0129042
579 0.822719 0.305683 0.0140984
580 0.822719 0.305484 0.0138074
581 0.822719 0.287629 0.0111215
582 0.822719 0.282334 0.0102281
583 0.822719 0.293159 0.0110579
584 0.822719 0.29336 0.0138064
585 0.822719 0.292179 0.00953373
586 0.822719 0.304541 0.0116944
587 0.822719 0.285969 0.0107906
588 0.822719 0.283969 0.00936554
589 0.822719 0.294486 0.00851283
590 0.822719 0.295343 0.0128924
591 0.822719 0.297182 0.00971159
592 0.822719 0.29782 0.0097083
593 0.822719 0.305887 0.0134736
594 0.822719 0.303373 0.0114116
595 0.822719 0.296948 0.0118989
596 0.822719 0.287645 0.0108787
597 0.822719 0.291447 0.0139212
598 0.822719 0.283099 0.0106564
599 0.822719 0.293525 0.0114443
600 0.822719 0.310604 0.0115229
601 0.822719 0.31242 0.0112818
602 0.822719 0.315212 0.0136779
603 0.822719 0.308782 0.011059
604 0.822719 0.308595 0.0125235
605 0.822719 0.297924 0.0107712
606 0.822719 0.306821 0.0111219
607 0.822719 0.312326 0.013265
608 0.822719 0.30644 0.0118926
609 0.822719 0.307573 0.0122093
610 0.822719 0.320742 0.0118526
611 0.822719 0.315321 0.0117365
612 0.822719 0.304266 0.0123819
613 0.822719 0.293798 0.0130022
614 0.822719 0.303507 0.0121637
615 0.822719 0.302397 0.0119629
616 0.822719 0.298695 0.0137309
617 0.822719 0.302839 0.0124266
618 0.822719 0.302526 0.0106497
619 0.822719 0.304884 0.0125974
620 0.822719 0.297722 0.0125524
621 0.822719 0.306785 0.0131069
622 0.822719 0.300859 0.0114363
623 0.822719 0.294228 0.010324
624 0.822719 0.295382 0.01052
625 0.822719 0.300189 0.0108239
626 0.822719 0.299011 0.0107032
627 0.822719 0.308729 0.0133535
628 0.822719 0.297592 0.0120613
629 0.822719 0.288748 0.0091071
630 0.822719 0.289632 0.00897904
631 0.822719 0.312253 0.0110428
632 0.822719 0.313931 0.0108071
633 0.822719 0.296528 0.0116326
634 0.822719 0.302986 0.014408
635 0.822719 0.302826 0.0124924
636 0.822719 0.314617 0.0169613
637 0.822719 0.302116 0.0112993
638 0.822719 0.286699 0.00908019
639 0.822719 0.287119 0.0103033
640 0.822719 0.296156 0.0114457
641 0.822719 0.28993 0.00951046
642 0.822719 0.296232 0.00971704
643 0.822719 0.284822 0.00878177
644 0.822719 0.297327 0.0123424
645 0.822719 0.292928 0.0122438
646 0.822719 0.306193 0.0166015
647 0.822719 0.294992 0.0115909
648 0.822719 0.289592 0.0117723
649 0.822719 0.299959 0.0109076
650 0.822719 0.29103 0.00948488
651 0.822719 0.300744 0.0115443
652 0.822719 0.291836 0.0102518
653 0.822719 0.283575 0.0100152
654 0.822719 0.283275 0.0101936
655 0.822719 0.29128 0.00957117
656 0.822719 0.292234 0.0122465
657 0.822719 0.291877 0.0133434
658 0.822719 0.282165 0.0108371
659 0.822719 0.281052 0.0119987
660 0.822719 0.284871 0.00997002
661 0.822719 0.294719 0.00985336
662 0.822719 0.290103 0.00911368
663 0.822719 0.301961 0.00915738
664 0.822719 0.289359 0.00986374
665 0.822719 0.300804 0.00966219
666 0.822719 0.303498 0.0128392
667 0.822719 0.297646 0.00863737
668 0.822719 0.290337 0.0101385
669 0.822719 0.291221 0.012931
670 0.822719 0.28376 0.00992457
671 0.822719 0.292793 0.0123643
672 0.822719 0.283555 0.0127097
673 0.822719 0.297577 0.0111635
674 0.822719 0.290861 0.00989074
675 0.822719 0.291306 0.0104313
676 0.822719 0.298426 0.0106628
677 0.822719 0.304319 0.0115333
678 0.822719 0.288452 0.0107641
679 0.822719 0.297173 0.0111133
680 0.822719 0.292553 0.0113233
681 0.822719 0.2907 0.0101519
682 0.822719 0.293924 0.00936795
683 0.822719 0.295949 0.00999766
684 0.822719 0.296058 0.0108934
685 0.822719 0.312068 0.0122075
686 0.822719 0.314527 0.013445
687 0.822719 0.312961 0.0147126
688 0.822719 0.306837 0.0169382
689 0.822719 0.301067 0.0118973
690 0.822719 0.302936 0.0122937
691 0.822719 0.300565 0.0100519
692 0.822719 0.308719 0.0122301
693 0.822719 0.290179 0.0102988
694 0.822719 0.288148 0.0110435
695 0.822719 0.29285 0.00941632
696 0.822719 0.29415 0.0113418
697 0.822719 0.300465 0.0115388
698 0.822719 0.307446 0.0120891
699 0.822719 0.309538 0.0167736
700 0.822719 0.320055 0.0157278
701 0.822719 0.321458 0.0144447
702 0.822719 0.307618 0.0119509
703 0.822719 0.308242 0.0123799
704 0.822719 0.30837 0.0123472
705 0.822719 0.310014 0.013045
706 0.822719 0.30801 0.0121115
707 0.822719 0.306452 0.0120976
708 0.822719 0.304439 0.010481
709 0.822719 0.298504 0.0110806
710 0.822719 0.31837 0.0124785
711 0.822719 0.297444 0.0110024
712 0.822719 0.30077 0.0111638
713 0.822719 0.301844 0.0119643
714 0.822719 0.307961 0.0109203
715 0.822719 0.318877 0.0137119
716 0.822719 0.311194 0.0127071
717 0.822719 0.316766 0.0128321
718 0.822719 0.303811 0.0101053
719 0.822719 0.306756 0.0136121
720 0.822719 0.306908 0.0129339
721 0.822719 0.294921 0.00928591
722 0.822719 0.286508 0.0108458
723 0.822719 0.290649 0.0102954
724 0.822719 0.308231 0.0126988
725 0.822719 0.309581 0.012085
726 0.822719 0.332613 0.0107334
727 0.822719 0.32189 0.0108318
728 0.822719 0.312449 0.012746
729 0.822719 0.30767 0.0138631
730 0.822719 0.301682 0.0109021
731 0.822719 0.323539 0.0126894
732 0.822719 0.322275 0.0133138
733 0.822719 0.309469 0.00942371
734 0.822719 0.315133 0.0121008
735 0.822719 0.299101 0.0110029
736 0.822719 0.298565 0.0099867
737 0.822719 0.303243 0.0106094
738 0.822719 0.302736 0.0103637
739 0.822719 0.290431 0.010357
740 0.822719 0.29399 0.0116949
741 0.822719 0.292425 0.0112269
742 0.822719 0.292467 0.0101735
743 0.829624 0.300327 0.012422
744 0.829624 0.310844 0.0124211
745 0.829624 0.301097 0.0131893
746 0.829624 0.309422 0.0142914
747 0.829624 0.310928 0.0114405
748 0.829624 0.320349 0.0128138
749 0.829624 0.305458 0.012037
750 0.829624 0.302699 0.0127324
751 0.829624 0.302068 0.0156866
752 0.829624 0.304647 0.0129215
753 0.829624 0.305018 0.0128126
754 0.829624 0.309009 0.012649
755 0.829624 0.324711 0.0127819
756 0.829624 0.308146 0.0119637
757 0.829624 0.30751 0.0125946
758 0.829624 0.312636 0.0166855
759 0.829624 0.307326 0.0114132
760 0.829624 0.308798 0.0134595
761 0.829624 0.304166 0.010767
762 0.829624 0.299761 0.0103128
763 0.829624 0.290477 0.00916661
764 0.829624 0.307827 0.0136313
765 0.829624 0.300365 0.00911187
766 0.829624 0.298443 0.0104394
767 0.829624 0.303713 0.0114042
768 0.829624 0.300312 0.0108711
769 0.829624 0.295092 0.00985946
770 0.829624 0.30407 0.0110152
771 0.829624 0.298574 0.0118242
772 0.829624 0.305228 0.010984
773 0.829624 0.296972 0.0136623
774 0.829624 0.30253 0.0107361
775 0.829624 0.306154 0.0138617
776 0.829624 0.305381 0.0109707
777 0.829624 0.295093 0.0103235
778 0.829624 0.305342 0.0144862
779 0.829624 0.291255 0.00966154
780 0.829624 0.29071 0.010972
781 0.829624 0.300786 0.0126991
782 0.829624 0.299128 0.0118345
783 0.829624 0.288606 0.0101027
784 0.829624 0.295074 0.0103903
785 0.829624 0.287174 0.0114196
786 0.829624 0.291596 0.0117076
787 0.829624 0.289262 0.0131616
788 0.829624 0.287695 0.00965119
789 0.829624 0.291529 0.0118247
790 0.829624 0.293256 0.00921336
791 0.829624 0.295255 0.0128872
792 0.829624 0.301832 0.0156991
793 0.829624 0.296211 0.013756
794 0.829624 0.286492 0.00890152
795 0.829624 0.291439 0.0109544
796 0.829624 0.299266 0.0113241
797 0.829624 0.298827 0.0100846
798 0.829624 0.307088 0.0111382
799 0.829624 0.312602 0.0122845
800 0.829624 0.297291 0.0128407
801 0.829624 0.306664 0.0134885
802 0.829624 0.305908 0.0118874
803 0.829624 0.292275 0.0089305
804 0.829624 0.310393 0.0116615
805 0.829624 0.305583 0.0105107
806 0.829624 0.309809 0.0121273
807 0.829624 0.29729 0.0112367
808 0.829624 0.295529 0.013303
809 0.829624 0.307286 0.0122142
810 0.829624 0.286208 0.00984519
811 0.829624 0.305586 0.0112459
812 0.829624 0.305417 0.0137845
813 0.829624 0.297284 0.011164
814 0.829624 0.291674 0.0100612
815 0.829624 0.289285 0.0102095
816 0.829624 0.281351 0.00852839
817 0.829624 0.296662 0.00922696
818 0.829624 0.304718 0.00973438
819 0.829624 0.298282 0.0095137
820 0.829624 0.303128 0.011764
821 0.829624 0.295152 0.00944549
822 0.829624 0.302359 0.00912987
823 0.829624 0.30051 0.00905672
824 0.829624 0.305148 0.00988584
825 0.829624 0.298145 0.00848581
826 0.829624 0.30526 0.0110192
827 0.829624 0.310737 0.0114332
828 0.829624 0.305648 0.0130815
829 0.829624 0.302792 0.0108769
830 0.829624 0.291078 0.00906138
831 0.829624 0.296305 0.0124806
832 0.829624 0.285309 0.00944598
833 0.829624 0.293671 0.0099614
834 0.829624 0.292222 0.0120139
835 0.829624 0.28689 0.0114227
836 0.829624 0.297283 0.0124821
837 0.829624 0.290231 0.00804031
838 0.829624 0.297151 0.00958719
839 0.829624 0.280834 0.00885983
840 0.829624 0.298166 0.0101272
841 0.829624 0.292222 0.00952179
842 0.829624 0.28925 0.00927002
843 0.829624 0.299983 0.0100997
844 0.829624 0.30215 0.010645
845 0.829624 0.295513 0.00872322
846 0.829624 0.297113 0.0103271
847 0.829624 0.290674 0.00937649
848 0.829624 0.285973 0.00886442
849 0.829624 0.297692 0.009777
850 0.829624 0.304704 0.0111473
851 0.829624 0.315276 0.0120447
852 0.829624 0.323949 0.0137693
853 0.829624 0.308549 0.010192
854 0.829624 0.298526 0.0101689
855 0.829624 0.306622 0.00974406
856 0.829624 0.312545 0.0114511
857 0.829624 0.295646 0.0114224
858 0.829624 0.304288 0.00984184
859 0.829624 0.303522 0.0121692
860 0.829624 0.305964 0.0137907
861 0.829624 0.298439 0.0111185
862 0.829624 0.307101 0.0113271
863 0.829624 0.297777 0.0098035
864 0.829624 0.298896 0.00925628
865 0.829624 0.305693 0.0107836
866 0.829624 0.303847 0.0101259
867 0.829624 0.306568 0.0108795
868 0.829624 0.303766 0.0116258
869 0.829624 0.297483 0.0097411
870 0.829624 0.297441 0.0104651
871 0.829624 0.312324 0.0124322
872 0.829624 0.308949 0.0104074
873 0.829624 0.301521 0.00881086
874 0.829624 0.308385 0.0114818
875 0.829624 0.317934 0.014263
876 0.829624 0.324337 0.0126037
877 0.829624 0.312273 0.0102838
878 0.829624 0.304645 0.0120008
879 0.829624 0.318517 0.0130898
880 0.829624 0.294296 0.00990458
881 0.829624 0.295621 0.00990692
882 0.829624 0.300352 0.0104396
883 0.829624 0.294856 0.0102084
884 0.829624 0.305005 0.0133693
885 0.829624 0.298207 0.0119831
886 0.829624 0.304906 0.0105034
887 0.829624 0.306892 0.0148494
888 0.829624 0.299868 0.0108745
889 0.829624 0.302908 0.0112526
890 0.829624 0.292322 0.00937685
891 0.829624 0.309242 0.012167
892 0.829624 0.303346 0.00973414
893 0.829624 0.291148 0.00943739
894 0.829624 0.297962 0.010689
895 0.829624 0.303893 0.00995304
896 0.829624 0.299219 0.012568
897 0.829624 0.289198 0.0100491
898 0.829624 0.293558 0.0108378
899 0.829624 0.294259 0.00991688
900 0.829624 0.293522 0.00962372
901 0.829624 0.297399 0.00960175
902 0.829702 0.300218 0.0140857
903 0.829702 0.296407 0.0123127
904 0.829702 0.295954 0.0107886
905 0.829702 0.307554 0.0125838
906 0.829702 0.291738 0.0107337
907 0.829702 0.301852 0.0103655
908 0.829702 0.304305 0.0133139
909 0.829702 0.304655 0.0107959
910 0.829702 0.30733 0.011562
911 0.829702 0.308639 0.0137357
912 0.829702 0.300541 0.0135423
913 0.829702 0.30663 0.0115615
914 0.829702 0.311217 0.0122728
915 0.829702 0.317814 0.0155306
916 0.829702 0.30932 0.0105838
917 0.829702 0.31227 0.0126696
918 0.829702 0.304995 0.0115224
919 0.829702 0.289264 0.00996426
920 0.829702 0.282264 0.00988517
921 0.829702 0.283456 0.0112189
922 0.829702 0.285724 0.0118782
923 0.829702 0.279679 0.0100513
924 0.829702 0.301198 0.0112341
925 0.829702 0.294613 0.0108088
926 0.829702 0.301898 0.0102939
927 0.829702 0.303784 0.0122881
928 0.829702 0.311698 0.014111
929 0.829702 0.304529 0.0116675
930 0.829702 0.298719 0.0122086
931 0.829702 0.291051 0.0102472
932 0.829702 0.295182 0.0114253
933 0.829702 0.293432 0.0135813
934 0.829702 0.30178 0.0131648
935 0.829702 0.295818 0.0133274
936 0.829702 0.291243 0.00990244
937 0.829702 0.290243 0.0108995
938 0.829702 0.292846 0.0119209
939 0.829702 0.299677 0.0125314
940 0.829702 0.29213 0.012495
941 0.829702 0.301047 0.0130054
942 0.829702 0.307129 0.00998152
943 0.829702 0.299803 0.0105615
944 0.829702 0.288446 0.00928115
945 0.829702 0.291224 0.0109289
946 0.829702 0.292861 0.0094845
947 0.829702 0.30066 0.0114112
948 0.829702 0.293048 0.0102244
949 0.829702 0.295618 0.011043
950 0.829702 0.30363 0.0135329
951 0.829702 0.312595 0.0133438
952 0.829702 0.311961 0.0121418
953 0.829702 0.304293 0.0111034
954 0.829702 0.316965 0.0160666
955 0.829702 0.302704 0.0144541
956 0.829702 0.30475 0.0120541
957 0.829702 0.287807 0.0106655
958 0.829702 0.288804 0.0117273
959 0.829702 0.302408 0.0135904
960 0.829702 0.297243 0.00992718
961 0.829702 0.307333 0.01056
962 0.829702 0.301187 0.00928844
963 0.829702 0.297048 0.0125635
964 0.829702 0.293613 0.0112404
965 0.829702 0.305443 0.0103799
966 0.829702 0.308753 0.0122463
967 0.829702 0.301693 0.0139191
968 0.829702 0.302716 0.0128626
969 0.829702 0.292266 0.0104002
970 0.829702 0.275577 0.00995678
971 0.829702 0.292468 0.0110105
972 0.829702 0.28823 0.0101128
973 0.829702 0.300222 0.0123281
974 0.829702 0.294142 0.0112225
975 0.829702 0.287528 0.00944894
976 0.829702 0.286748 0.00979223
977 0.829702 0.297965 0.011052
978 0.829702 0.298344 0.0104659
979 0.829702 0.297333 0.0100006
980 0.829702 0.303078 0.0100559
981 0.829702 0.301634 0.0118718
982 0.829702 0.310063 0.0154788
983 0.829702 0.300686 0.0134344
984 0.829702 0.297289 0.0107719
985 0.829702 0.29314 0.0109212
986 0.829702 0.29277 0.00965383
987 0.829702 0.296364 0.0104785
988 0.829702 0.294187 0.0104377
989 0.829702 0.30339 0.012747
990 0.829702 0.290159 0.0119303
991 0.829702 0.296837 0.0104791
992 0.829702 0.306514 0.011045
993 0.829702 0.296284 0.0132903
994 0.829702 0.300916 0.0144634
995 0.829702 0.297999 0.0137803
996 0.829702 0.293972 0.0125028
997 0.829702 0.286625 0.0100773
998 0.829702 0.295656 0.0114831
999 0.829702 0.288239 0.0108382
1000 0.829702 0.298968 0.01269
