0 0.341194 0.25462 0.000311785
1 0.341194 0.257382 0.000410833
2 0.378926 0.263793 0.000800357
3 0.378926 0.267472 0.00136537
4 0.479788 0.275269 0.00221912
5 0.479788 0.277284 0.00277074
6 0.479788 0.276718 0.00304507
7 0.479788 0.27554 0.00314549
8 0.533589 0.286735 0.00432841
9 0.541128 0.289946 0.00574701
10 0.541128 0.287683 0.00623769
11 0.584719 0.294162 0.00731419
12 0.584719 0.308173 0.0098969
13 0.584719 0.307031 0.0100132
14 0.611657 0.313321 0.0127927
15 0.641672 0.321367 0.0150879
16 0.649953 0.331609 0.0196948
17 0.650297 0.336046 0.0198305
18 0.657936 0.333513 0.0207089
19 0.681171 0.339858 0.0205758
20 0.681171 0.342817 0.0229203
21 0.681171 0.353853 0.0261541
22 0.681171 0.352893 0.0249623
23 0.681171 0.359647 0.0244679
24 0.682266 0.359787 0.025288
25 0.682266 0.365247 0.0272862
26 0.682266 0.364769 0.0259025
27 0.682266 0.354458 0.0230908
28 0.682266 0.360875 0.0255585
29 0.688538 0.350466 0.0232074
30 0.688538 0.349329 0.023832
31 0.710728 0.353599 0.0272403
32 0.710728 0.35762 0.0276811
33 0.710728 0.348903 0.025113
34 0.710728 0.358992 0.0264916
35 0.710728 0.355013 0.0279167
36 0.710728 0.360629 0.0264388
37 0.710728 0.369005 0.0280029
38 0.710728 0.359955 0.0273391
39 0.710728 0.354721 0.0292656
40 0.710728 0.345775 0.0292018
41 0.710728 0.351865 0.0287401
42 0.710728 0.36652 0.027068
43 0.710728 0.374266 0.0289393
44 0.710728 0.359712 0.0261949
45 0.710728 0.357458 0.028099
46 0.710728 0.380149 0.0305324
47 0.710728 0.357537 0.0244591
48 0.735454 0.358738 0.0241774
49 0.735454 0.369543 0.0267491
50 0.735454 0.379101 0.0283293
51 0.735454 0.375832 0.0233857
52 0.735454 0.382534 0.0244414
53 0.735454 0.419906 0.0278357
54 0.744401 0.426747 0.031583
55 0.744401 0.446827 0.0291836
56 0.744401 0.422135 0.0277311
57 0.744401 0.418253 0.0271086
58 0.74828 0.441036 0.0235201
59 0.74828 0.431129 0.0227819
60 0.74828 0.452564 0.0237179
61 0.74828 0.460499 0.0279976
62 0.74828 0.467059 0.0278353
63 0.74828 0.46932 0.0276312
64 0.74828 0.490397 0.0226978
65 0.74828 0.486228 0.0259392
66 0.74828 0.478787 0.0253161
67 0.74828 0.465913 0.0236328
68 0.793699 0.455583 0.0267124
69 0.793699 0.452039 0.0256514
70 0.793699 0.468628 0.0251484
71 0.793699 0.476465 0.0301285
72 0.793699 0.473284 0.028016
73 0.793699 0.465448 0.0272453
74 0.793699 0.445642 0.0287651
75 0.793699 0.452763 0.0273945
76 0.793699 0.468407 0.0321069
77 0.793699 0.472144 0.0308524
78 0.793699 0.482349 0.024817
79 0.794979 0.478737 0.0265794
80 0.794979 0.478838 0.0275046
81 0.794979 0.467288 0.0265809
82 0.794979 0.452061 0.0291991
83 0.794979 0.465087 0.0252465
84 0.797248 0.474134 0.0266985
85 0.797248 0.47461 0.0237809
86 0.801611 0.482426 0.0292424
87 0.801611 0.503704 0.0252949
88 0.801611 0.494701 0.0241127
89 0.801611 0.486544 0.0231147
90 0.801611 0.503532 0.0246883
91 0.801611 0.513501 0.024661
92 0.803848 0.517064 0.024158
93 0.813258 0.514762 0.0231892
94 0.813258 0.511895 0.0238138
95 0.813258 0.503579 0.0235323
96 0.813258 0.510809 0.026879
97 0.813258 0.496572 0.0266927
98 0.813258 0.52057 0.0273909
99 0.813258 0.499129 0.0271046
100 0.813258 0.50471 0.027736
101 0.813258 0.516418 0.0224229
102 0.813258 0.501022 0.0235244
103 0.813258 0.511186 0.0242867
104 0.813258 0.513769 0.0271319
105 0.813258 0.517888 0.0279953
106 0.813258 0.512507 0.025349
107 0.813258 0.501308 0.027751
108 0.813258 0.497363 0.0262069
109 0.813258 0.501652 0.0254748
110 0.813258 0.508119 0.0218237
111 0.813258 0.492363 0.0271275
112 0.813258 0.503709 0.0248002
113 0.813258 0.480191 0.0282799
114 0.813258 0.523144 0.0294457
115 0.813258 0.52809 0.0270947
116 0.813258 0.506505 0.0259893
117 0.813258 0.497979 0.0277388
118 0.813258 0.499362 0.0270335
119 0.813258 0.472216 0.0253776
120 0.813258 0.479643 0.0257622
121 0.813258 0.51427 0.0258692
122 0.813258 0.527573 0.0234091
123 0.813258 0.508718 0.0245945
124 0.813258 0.502873 0.0221199
125 0.813258 0.52005 0.0238826
126 0.813258 0.512637 0.026896
127 0.813258 0.514733 0.0292502
128 0.813258 0.515989 0.028538
129 0.813258 0.515935 0.0221184
130 0.813258 0.517205 0.0240609
131 0.813258 0.512466 0.0262972
132 0.813258 0.525681 0.0247771
133 0.813258 0.532771 0.0246063
134 0.813258 0.522391 0.02339
135 0.813258 0.519702 0.024504
136 0.813258 0.50924 0.0268106
137 0.813258 0.527412 0.0263408
138 0.813258 0.5226 0.0242839
139 0.813258 0.530222 0.0239877
140 0.813258 0.509754 0.0226162
141 0.813258 0.506568 0.0223664
142 0.813258 0.508422 0.0239509
143 0.813258 0.487441 0.0265249
144 0.813258 0.499332 0.0237824
145 0.813258 0.497932 0.0275333
146 0.813258 0.49924 0.0292601
147 0.813258 0.503647 0.023726
148 0.813258 0.509949 0.0261178
149 0.813258 0.521946 0.0257821
150 0.813258 0.488568 0.029329
151 0.813258 0.487166 0.0279009
152 0.813258 0.506962 0.0241841
153 0.813258 0.487601 0.0291807
154 0.813258 0.494266 0.0297196
155 0.813258 0.492736 0.0277256
156 0.813258 0.481971 0.0272121
157 0.813258 0.470749 0.0329016
158 0.813258 0.490755 0.0291105
159 0.813258 0.496776 0.0240983
160 0.813258 0.486333 0.025527
161 0.813258 0.501532 0.0244355
162 0.813258 0.508104 0.0256682
163 0.813258 0.511772 0.0245963
164 0.813258 0.50699 0.0270245
165 0.813258 0.51314 0.024459
166 0.813258 0.520869 0.0266513
167 0.813258 0.524998 0.0227122
168 0.813258 0.52137 0.0233054
169 0.813258 0.510738 0.0271212
170 0.813258 0.498261 0.0252305
171 0.813258 0.519214 0.0232979
172 0.813258 0.505225 0.0256548
173 0.813258 0.486551 0.0265199
174 0.813258 0.481848 0.0295339
175 0.813258 0.490531 0.0276782
176 0.813258 0.502933 0.0265383
177 0.813258 0.5205 0.0282027
178 0.813258 0.50795 0.0275602
179 0.813258 0.508056 0.0294126
180 0.813258 0.491993 0.0278893
181 0.813258 0.502906 0.0279578
182 0.813258 0.488441 0.0291411
183 0.813258 0.478552 0.0272166
184 0.813258 0.47024 0.0250861
185 0.813258 0.48417 0.0250946
186 0.813258 0.485873 0.0252713
187 0.813258 0.493391 0.0266534
188 0.813258 0.505834 0.0299068
189 0.813258 0.50856 0.0259397
190 0.813258 0.516174 0.0257299
191 0.813258 0.519324 0.023326
192 0.813258 0.527383 0.0232566
193 0.813258 0.515658 0.0221445
194 0.813258 0.503817 0.028807
195 0.813258 0.50569 0.0272739
196 0.813258 0.496523 0.027594
197 0.813258 0.49977 0.0247944
198 0.813258 0.520312 0.0229592
199 0.813258 0.521224 0.0263688
200 0.813258 0.505238 0.0252448
201 0.813258 0.498657 0.0273366
202 0.813258 0.517977 0.024353
203 0.813258 0.49502 0.0259091
204 0.813258 0.481479 0.0280967
205 0.813258 0.48589 0.0296893
206 0.813258 0.490793 0.0257498
207 0.813258 0.496145 0.0278868
208 0.813258 0.506627 0.0232508
209 0.813258 0.490167 0.0250076
210 0.813258 0.503745 0.0261428
211 0.813258 0.507376 0.0260996
212 0.813258 0.514294 0.0288422
213 0.813258 0.501966 0.0278334
214 0.813258 0.511176 0.027514
215 0.813258 0.489573 0.0288791
216 0.813258 0.496449 0.0260736
217 0.813258 0.491699 0.0251606
218 0.813258 0.509318 0.0268397
219 0.813258 0.526847 0.0229923
220 0.813258 0.521178 0.024227
221 0.813258 0.510633 0.0281715
222 0.813258 0.51722 0.0267762
223 0.813258 0.517575 0.0243469
224 0.813258 0.498428 0.0232718
225 0.813258 0.501709 0.0225364
226 0.813258 0.531726 0.0211734
227 0.813258 0.509096 0.0236172
228 0.813258 0.502808 0.0241412
229 0.813258 0.507227 0.0284409
230 0.813258 0.536265 0.0262753
231 0.813258 0.527172 0.0253294
232 0.813258 0.529119 0.0233515
233 0.813258 0.513623 0.024854
234 0.813258 0.483901 0.0225773
235 0.813258 0.492053 0.0246087
236 0.813258 0.501139 0.0258291
237 0.813258 0.504921 0.0260753
238 0.813258 0.484851 0.027122
239 0.813258 0.490442 0.0283368
240 0.813258 0.48014 0.0303154
241 0.813258 0.487944 0.0272611
242 0.813258 0.478424 0.0274174
243 0.813258 0.491512 0.0270634
244 0.813258 0.486244 0.0280139
245 0.813258 0.50323 0.0225948
246 0.814244 0.498583 0.0294557
247 0.814244 0.514032 0.0286098
248 0.814244 0.522653 0.0274362
249 0.814244 0.520705 0.026067
250 0.814244 0.497377 0.026421
251 0.814244 0.494553 0.0271185
252 0.814244 0.496081 0.0246564
253 0.814244 0.48124 0.0283229
254 0.814244 0.487127 0.0248911
255 0.814244 0.475794 0.0329714
256 0.814244 0.514384 0.0259266
257 0.814244 0.478635 0.0289296
258 0.814244 0.497262 0.0271536
259 0.814244 0.49147 0.0271696
260 0.814244 0.487881 0.0245463
261 0.814244 0.513249 0.0252611
262 0.814244 0.501532 0.0233423
263 0.814244 0.503241 0.0245743
264 0.814244 0.517651 0.0258961
265 0.814244 0.485953 0.0257138
266 0.814244 0.474785 0.0281525
267 0.814244 0.497744 0.0286648
268 0.814244 0.485553 0.0278139
269 0.814244 0.479209 0.0256752
270 0.814244 0.481094 0.0263281
271 0.814244 0.470063 0.0252172
272 0.814244 0.481832 0.0263328
273 0.814244 0.485754 0.0259219
274 0.814244 0.48831 0.0234296
275 0.814244 0.48202 0.0265369
276 0.814244 0.49765 0.0245083
277 0.814244 0.502306 0.023661
278 0.814244 0.524069 0.0245861
279 0.814244 0.498797 0.0271983
280 0.814244 0.48477 0.0271841
281 0.814244 0.47826 0.0268395
282 0.814244 0.475056 0.0287106
283 0.814244 0.481217 0.0285497
284 0.814244 0.507101 0.0303259
285 0.814244 0.50334 0.0293304
286 0.814244 0.479029 0.0305935
287 0.814244 0.47745 0.0301345
288 0.814244 0.488899 0.0275509
289 0.814244 0.496812 0.0305889
290 0.814244 0.501889 0.0274577
291 0.814244 0.492644 0.0272818
292 0.814244 0.480556 0.0262941
293 0.814244 0.475181 0.0242169
294 0.814244 0.473816 0.023602
295 0.818251 0.476179 0.0315512
296 0.818251 0.49158 0.0267814
297 0.818251 0.495228 0.0264689
298 0.818251 0.503375 0.0262173
299 0.818251 0.495639 0.0270596
300 0.818251 0.504709 0.0263602
301 0.818251 0.504652 0.0237078
302 0.821653 0.491427 0.0301081
303 0.821653 0.487428 0.0277952
304 0.821653 0.501414 0.0286471
305 0.821653 0.506113 0.0292525
306 0.821653 0.490726 0.0287391
307 0.821653 0.49522 0.0311617
308 0.821653 0.489414 0.0277087
309 0.821653 0.506233 0.0280675
310 0.821653 0.508563 0.0270553
311 0.821653 0.499802 0.0260779
312 0.821653 0.484539 0.0288114
313 0.821653 0.485263 0.02758
314 0.821653 0.504228 0.0270082
315 0.821653 0.487537 0.0305482
316 0.821653 0.471083 0.0286016
317 0.821653 0.459917 0.033184
318 0.821653 0.472835 0.0288718
319 0.821653 0.477987 0.0291765
320 0.821653 0.502261 0.0277673
321 0.821653 0.49408 0.0279377
322 0.821653 0.509278 0.0275065
323 0.821653 0.473531 0.0323086
324 0.821653 0.469349 0.0291465
325 0.821653 0.492872 0.0291175
326 0.821653 0.473277 0.0314524
327 0.821653 0.484712 0.0300424
328 0.821653 0.467283 0.0304812
329 0.821653 0.457584 0.0293247
330 0.821653 0.450155 0.0274779
331 0.821653 0.492968 0.0282208
332 0.821653 0.485898 0.0303195
333 0.821653 0.487052 0.0331866
334 0.825324 0.483356 0.0312297
335 0.825324 0.469247 0.0324725
336 0.825324 0.487126 0.0294531
337 0.825324 0.474429 0.0302994
338 0.825324 0.492518 0.0305102
339 0.825324 0.490207 0.028107
340 0.825324 0.507616 0.0272682
341 0.825324 0.515573 0.0243848
342 0.825324 0.491851 0.0280751
343 0.825324 0.476115 0.0284079
344 0.825324 0.496443 0.0293198
345 0.825324 0.474208 0.0286337
346 0.825324 0.47746 0.0299876
347 0.825324 0.478859 0.0273858
348 0.825324 0.472344 0.0293694
349 0.825324 0.471193 0.0287139
350 0.825324 0.46502 0.0306934
351 0.825324 0.472 0.0287819
352 0.827225 0.464254 0.0288347
353 0.827225 0.466872 0.0308761
354 0.827225 0.482129 0.0284045
355 0.827225 0.483154 0.0250723
356 0.827225 0.472985 0.0276776
357 0.827225 0.47658 0.0302957
358 0.827225 0.489527 0.0284266
359 0.827225 0.488232 0.0299738
360 0.827225 0.467007 0.0258365
361 0.827225 0.494725 0.0251532
362 0.827225 0.48352 0.0302259
363 0.827225 0.503076 0.0288795
364 0.827225 0.47097 0.0308426
365 0.827225 0.494632 0.0267542
366 0.827225 0.510275 0.0288412
367 0.827225 0.498441 0.0295915
368 0.827225 0.504069 0.0304068
369 0.827225 0.484607 0.0291291
370 0.827225 0.49639 0.0301605
371 0.827225 0.500342 0.0292205
372 0.827225 0.497303 0.0264832
373 0.827225 0.501902 0.027787
374 0.827225 0.509058 0.0278932
375 0.827225 0.513914 0.0308259
376 0.827225 0.521618 0.0263542
377 0.827225 0.507567 0.0280405
378 0.827225 0.496029 0.0295072
379 0.827225 0.511233 0.0277616
380 0.827225 0.493269 0.029328
381 0.827225 0.499265 0.0259835
382 0.827225 0.509461 0.0287856
383 0.827225 0.500952 0.0266677
384 0.827225 0.495671 0.0297962
385 0.827225 0.476435 0.030406
386 0.827225 0.47363 0.0319876
387 0.827225 0.474004 0.0301587
388 0.827225 0.466826 0.0297498
389 0.827225 0.470921 0.0320116
390 0.827225 0.502717 0.0310614
391 0.827225 0.50173 0.0322199
392 0.827225 0.490658 0.0292997
393 0.827225 0.486045 0.0299367
394 0.827225 0.512744 0.0310865
395 0.827225 0.523911 0.0299662
396 0.827225 0.500299 0.0279547
397 0.827225 0.475904 0.0293675
398 0.827225 0.491042 0.0266546
399 0.827225 0.47984 0.0285232
400 0.827225 0.470082 0.0287845
401 0.827225 0.475419 0.0313867
402 0.827225 0.47975 0.0312722
403 0.827225 0.481334 0.0290889
404 0.827225 0.493259 0.0339221
405 0.827225 0.479045 0.0312169
406 0.827225 0.494725 0.0274884
407 0.827225 0.500535 0.0283573
408 0.827225 0.504771 0.0301426
409 0.827225 0.517188 0.0339696
410 0.827225 0.50752 0.0303357
411 0.827225 0.517157 0.0289763
412 0.827225 0.495224 0.0302323
413 0.827225 0.519491 0.0323781
414 0.827225 0.534732 0.0329534
415 0.834209 0.532232 0.0281186
416 0.834209 0.54543 0.0289378
417 0.834209 0.53142 0.0273402
418 0.834209 0.511978 0.0287646
419 0.834209 0.518021 0.0270557
420 0.834209 0.517804 0.0286432
421 0.834209 0.51088 0.0344734
422 0.834209 0.512682 0.0323584
423 0.834209 0.536965 0.0300012
424 0.834209 0.526637 0.0326145
425 0.834209 0.51808 0.029929
426 0.834209 0.535077 0.0257742
427 0.834209 0.532251 0.0266539
428 0.834209 0.531555 0.0228181
429 0.834209 0.519804 0.027096
430 0.834209 0.504235 0.031541
431 0.834209 0.529124 0.0338603
432 0.834209 0.520193 0.0303173
433 0.834209 0.511452 0.0281191
434 0.834209 0.494245 0.0304744
435 0.834209 0.515891 0.0317026
436 0.834209 0.50617 0.0306365
437 0.834209 0.510836 0.0275793
438 0.834209 0.516284 0.0266942
439 0.834209 0.5249 0.0257078
440 0.834209 0.509268 0.0288079
441 0.834209 0.522089 0.0271852
442 0.834209 0.519975 0.0292412
443 0.834209 0.527109 0.0260046
444 0.834209 0.516765 0.0306145
445 0.834209 0.537617 0.0279414
446 0.834209 0.534455 0.0262119
447 0.834209 0.533182 0.0295456
448 0.834209 0.508493 0.0296823
449 0.834209 0.510661 0.0274992
450 0.834209 0.50753 0.0268813
451 0.834209 0.555964 0.0232235
452 0.834209 0.560464 0.0243032
453 0.834209 0.509171 0.0286309
454 0.834209 0.511779 0.0297099
455 0.834209 0.507001 0.0305684
456 0.834209 0.52119 0.0289933
457 0.838524 0.512296 0.0287489
458 0.838524 0.527824 0.0334314
459 0.838524 0.535201 0.0299506
460 0.838524 0.549107 0.0270029
461 0.838524 0.554538 0.0242872
462 0.838524 0.527315 0.0274539
463 0.838524 0.530422 0.0299005
464 0.838524 0.553846 0.0293068
465 0.838524 0.545644 0.0290443
466 0.838524 0.543721 0.0289299
467 0.838524 0.560299 0.023923
468 0.838524 0.564677 0.0228169
469 0.838524 0.550848 0.0250205
470 0.838524 0.532693 0.0265952
471 0.838524 0.547899 0.0248061
472 0.838524 0.536881 0.0244535
473 0.838524 0.540647 0.0254725
474 0.838524 0.535157 0.0272398
475 0.838524 0.530339 0.0272465
476 0.838524 0.52715 0.0320894
477 0.838524 0.525204 0.030195
478 0.838524 0.566739 0.0259214
479 0.838524 0.538399 0.0280236
480 0.838524 0.512103 0.0315186
481 0.838524 0.549941 0.0273886
482 0.838524 0.544782 0.0251731
483 0.838524 0.562728 0.027661
484 0.838524 0.55717 0.0261666
485 0.838524 0.566659 0.0227445
486 0.838524 0.536286 0.0249438
487 0.838524 0.533752 0.0259499
488 0.838524 0.559176 0.0229495
489 0.838524 0.544243 0.0259588
490 0.838524 0.565002 0.0244419
491 0.838524 0.541875 0.0289683
492 0.838524 0.549948 0.0261781
493 0.838524 0.546203 0.0254521
494 0.838524 0.551412 0.0270726
495 0.838524 0.541878 0.0266678
496 0.838524 0.511731 0.0278658
497 0.838524 0.5244 0.0275666
498 0.838524 0.528875 0.0316134
499 0.838524 0.542106 0.0265617
500 0.838524 0.527806 0.0297167
501 0.838524 0.523648 0.031338
502 0.838524 0.538489 0.0235355
503 0.838524 0.538854 0.0260162
504 0.838524 0.532672 0.0237443
505 0.838524 0.527808 0.0246283
506 0.838524 0.520211 0.0260014
507 0.838524 0.498262 0.0293763
508 0.838524 0.51456 0.0288492
509 0.838524 0.502318 0.0307999
510 0.838524 0.52577 0.0310092
511 0.838524 0.529958 0.0265581
512 0.838524 0.549004 0.0268642
513 0.838524 0.556416 0.0253509
514 0.838524 0.558785 0.0319209
515 0.838524 0.530134 0.0275315
516 0.838524 0.511321 0.0307153
517 0.838524 0.516537 0.029146
518 0.838524 0.519117 0.0276202
519 0.838524 0.509567 0.0273587
520 0.838524 0.519818 0.0283353
521 0.838524 0.535382 0.0278212
522 0.838524 0.521417 0.0268975
523 0.838524 0.517955 0.0268766
524 0.838524 0.522528 0.02878
525 0.838524 0.517639 0.0312752
526 0.838524 0.538195 0.0289523
527 0.838524 0.541911 0.0284884
528 0.838524 0.561052 0.0246153
529 0.838524 0.547333 0.0253623
530 0.838524 0.551688 0.026297
531 0.838524 0.559219 0.0231293
532 0.838524 0.570434 0.0248165
533 0.838524 0.548295 0.021345
534 0.838524 0.561993 0.02762
535 0.838524 0.537708 0.029044
536 0.838524 0.557104 0.0234343
537 0.838524 0.546411 0.0252726
538 0.838524 0.533628 0.027745
539 0.838524 0.545515 0.0262048
540 0.838524 0.516163 0.0288259
541 0.838524 0.502583 0.0265279
542 0.838524 0.511836 0.0299966
543 0.838524 0.522667 0.0263661
544 0.838524 0.532817 0.0259075
545 0.838524 0.524144 0.0301034
546 0.838524 0.50601 0.0292862
547 0.838524 0.503804 0.0299483
548 0.838524 0.490219 0.0332565
549 0.838524 0.524366 0.0290166
550 0.838524 0.507982 0.0250398
551 0.838524 0.508216 0.0272086
552 0.838524 0.512072 0.0281929
553 0.841469 0.53304 0.0278464
554 0.841469 0.537749 0.0312741
555 0.841469 0.552121 0.0256711
556 0.841469 0.532575 0.0245286
557 0.841469 0.53576 0.028487
558 0.841469 0.509345 0.0318897
559 0.841469 0.500212 0.0316478
560 0.841469 0.505705 0.0303286
561 0.841469 0.498894 0.0285583
562 0.841469 0.501026 0.0292846
563 0.841469 0.528318 0.0284157
564 0.841469 0.526562 0.0251718
565 0.841469 0.53859 0.0272642
566 0.841469 0.525413 0.026865
567 0.841469 0.526015 0.0248393
568 0.841469 0.535254 0.0280597
569 0.841469 0.524585 0.0285149
570 0.841469 0.517373 0.0253619
571 0.841469 0.547175 0.0232175
572 0.841469 0.566374 0.0230091
573 0.841469 0.567386 0.0205198
574 0.841469 0.541875 0.0267107
575 0.841469 0.546051 0.0251821
576 0.841469 0.5342 0.0266408
577 0.841469 0.558742 0.0238709
578 0.841469 0.529019 0.0285812
579 0.841469 0.551099 0.0265314
580 0.841469 0.530039 0.0249727
581 0.841469 0.549984 0.0267823
582 0.841469 0.529838 0.0309846
583 0.841469 0.521054 0.0293575
584 0.841469 0.533852 0.0273075
585 0.841469 0.504134 0.0273015
586 0.841469 0.522282 0.0249444
587 0.841469 0.528885 0.0227201
588 0.841469 0.534096 0.0265834
589 0.841469 0.544124 0.0246362
590 0.841469 0.533508 0.0277148
591 0.841469 0.522077 0.0299531
592 0.841469 0.528999 0.029069
593 0.841469 0.517997 0.0313196
594 0.841469 0.506402 0.0268089
595 0.841469 0.527742 0.0273237
596 0.841469 0.52508 0.026396
597 0.841469 0.503925 0.0251982
598 0.841469 0.524857 0.0276143
599 0.841469 0.528512 0.0237728
600 0.841469 0.520933 0.0253527
601 0.841469 0.525459 0.0293328
602 0.841469 0.521597 0.0259938
603 0.841469 0.515853 0.0294738
604 0.841469 0.527739 0.0304574
605 0.841469 0.521294 0.0290786
606 0.841469 0.528705 0.0315238
607 0.841469 0.518503 0.0293271
608 0.841469 0.528738 0.028773
609 0.841469 0.535747 0.0274597
610 0.841469 0.54343 0.0239314
611 0.841469 0.526596 0.0261501
612 0.841469 0.522145 0.0299657
613 0.841469 0.520688 0.029565
614 0.841469 0.520548 0.0276601
615 0.841469 0.545462 0.0250784
616 0.841469 0.542311 0.0270498
617 0.841469 0.523268 0.0282941
618 0.841469 0.518543 0.0251327
619 0.841469 0.516897 0.0262799
620 0.841469 0.528375 0.0269203
621 0.841469 0.507042 0.0292376
622 0.841469 0.50898 0.0269381
623 0.841469 0.517023 0.0295577
624 0.841469 0.512556 0.0291988
625 0.841469 0.504281 0.0282102
626 0.841469 0.540566 0.0271258
627 0.841469 0.543173 0.0283095
628 0.841469 0.512235 0.0287732
629 0.841469 0.530403 0.0271001
630 0.842892 0.511506 0.0278806
631 0.842892 0.506528 0.0285638
632 0.842892 0.508925 0.0303267
633 0.842892 0.510642 0.0291509
634 0.842892 0.509942 0.0304228
635 0.842892 0.543798 0.0257935
636 0.842892 0.561754 0.0253159
637 0.842892 0.532266 0.0273782
638 0.842892 0.530914 0.0284476
639 0.842892 0.54237 0.0275365
640 0.842892 0.525718 0.0308702
641 0.842892 0.522816 0.0260566
642 0.842892 0.521674 0.0288703
643 0.842892 0.527534 0.0246766
644 0.842892 0.52639 0.02823
645 0.842892 0.512257 0.0300382
646 0.842892 0.51922 0.0337198
647 0.842892 0.515303 0.0299678
648 0.842892 0.515414 0.0303384
649 0.842892 0.512186 0.0300564
650 0.842892 0.517514 0.0295782
651 0.842892 0.529261 0.0263745
652 0.842892 0.519823 0.028789
653 0.842892 0.517329 0.0272089
654 0.842892 0.528872 0.0295562
655 0.842892 0.506194 0.0285078
656 0.842892 0.544463 0.0255054
657 0.842892 0.544333 0.026215
658 0.842892 0.544031 0.0267475
659 0.842892 0.547733 0.0245741
660 0.842892 0.564812 0.0236341
661 0.842892 0.550619 0.0258055
662 0.842892 0.555463 0.0268598
663 0.842892 0.54486 0.0270321
664 0.842892 0.52481 0.0295914
665 0.842892 0.529409 0.0296662
666 0.842892 0.512369 0.0301015
667 0.842892 0.517601 0.0283606
668 0.842892 0.506301 0.0310793
669 0.843072 0.517379 0.0299534
670 0.843072 0.513017 0.03015
671 0.843072 0.518524 0.028204
672 0.843072 0.532125 0.0224813
673 0.843072 0.529354 0.0277141
674 0.843072 0.531019 0.0291364
675 0.843072 0.533198 0.024544
676 0.843072 0.554459 0.025679
677 0.843072 0.545663 0.0273256
678 0.843072 0.536425 0.029375
679 0.843072 0.530403 0.0279849
680 0.843072 0.526398 0.0271549
681 0.843072 0.524273 0.028733
682 0.843072 0.535658 0.029026
683 0.843072 0.537875 0.0280963
684 0.843072 0.521677 0.0314135
685 0.843072 0.509938 0.0305208
686 0.843072 0.536136 0.0313726
687 0.843072 0.509727 0.0349049
688 0.843072 0.527486 0.0265755
689 0.843072 0.524349 0.0280127
690 0.843072 0.535148 0.0282756
691 0.843072 0.532377 0.028376
692 0.843072 0.51141 0.029321
693 0.843072 0.527411 0.0283352
694 0.843072 0.536597 0.0241854
695 0.843072 0.543711 0.022257
696 0.843072 0.525775 0.0258446
697 0.843072 0.50624 0.0288202
698 0.843072 0.515308 0.028801
699 0.843072 0.503195 0.0306426
700 0.843072 0.508797 0.0309144
701 0.843072 0.529642 0.0285802
702 0.843072 0.529146 0.0274214
703 0.843072 0.52176 0.0296185
704 0.843072 0.528425 0.0302584
705 0.843072 0.550158 0.0240403
706 0.843072 0.525562 0.0288879
707 0.843072 0.532611 0.0271477
708 0.843072 0.506508 0.0296894
709 0.843072 0.534991 0.0277929
710 0.843072 0.528592 0.0267855
711 0.843072 0.513615 0.0248412
712 0.843072 0.544741 0.025573
713 0.843072 0.537511 0.0281545
714 0.843072 0.527039 0.0291262
715 0.843072 0.517113 0.0325029
716 0.843072 0.535264 0.0306956
717 0.843072 0.539701 0.0281489
718 0.843072 0.529525 0.0247712
719 0.843072 0.525968 0.0284075
720 0.843072 0.557648 0.0264901
721 0.843072 0.571894 0.0268229
722 0.843072 0.541048 0.0265372
723 0.843072 0.564333 0.0238561
724 0.843072 0.547318 0.027056
725 0.843072 0.535958 0.0254098
726 0.843072 0.530247 0.0255937
727 0.843072 0.53179 0.0271941
728 0.843072 0.534203 0.0258961
729 0.843072 0.509234 0.0280269
730 0.843072 0.521316 0.0305391
731 0.843072 0.523701 0.0307518
732 0.843072 0.528537 0.0302348
733 0.843072 0.521043 0.0303125
734 0.843072 0.530699 0.0269467
735 0.843072 0.535408 0.0314595
736 0.843072 0.529654 0.0301619
737 0.843072 0.527663 0.0281181
738 0.843072 0.524037 0.0312416
739 0.843072 0.513961 0.0335196
740 0.843072 0.543431 0.0292692
741 0.843072 0.524108 0.0334988
742 0.843072 0.527827 0.0316819
743 0.843072 0.521805 0.032687
744 0.843072 0.526618 0.0283348
745 0.843072 0.525546 0.0273952
746 0.843072 0.544987 0.0253565
747 0.843072 0.552222 0.0237597
748 0.843072 0.52702 0.0247646
749 0.843072 0.498995 0.0309349
750 0.843072 0.509979 0.0311542
751 0.843072 0.523375 0.025435
752 0.843072 0.538686 0.0247184
753 0.843072 0.534755 0.0227081
754 0.843072 0.532922 0.0255156
755 0.843072 0.540932 0.0270507
756 0.843072 0.534796 0.0268115
757 0.843072 0.505803 0.0305603
758 0.843072 0.506041 0.0289199
759 0.843072 0.510803 0.0328686
760 0.843072 0.491097 0.0330766
761 0.843072 0.518256 0.0285115
762 0.843072 0.528227 0.0296005
763 0.843072 0.552887 0.025381
764 0.843072 0.551799 0.0243424
765 0.843072 0.542486 0.0248212
766 0.843072 0.525072 0.025037
767 0.843072 0.539075 0.0226355
768 0.843072 0.520712 0.0250023
769 0.843072 0.553597 0.0214814
770 0.843072 0.54331 0.022151
771 0.848396 0.538544 0.0267317
772 0.848396 0.548974 0.0266039
773 0.848396 0.526251 0.0306887
774 0.848396 0.539206 0.0292524
775 0.848396 0.531966 0.0260329
776 0.848396 0.518776 0.0279527
777 0.848396 0.548062 0.0285059
778 0.848396 0.54084 0.0298162
779 0.848396 0.542573 0.0284373
780 0.848396 0.540026 0.0255182
781 0.848396 0.536172 0.0248903
782 0.848396 0.547619 0.0268925
783 0.848396 0.537188 0.0303216
784 0.848396 0.539803 0.0295573
785 0.848396 0.551134 0.0264227
786 0.848396 0.562784 0.0234702
787 0.848396 0.561482 0.0276596
788 0.848396 0.537242 0.0299372
789 0.848396 0.560468 0.0220897
790 0.848396 0.55073 0.0237739
791 0.848396 0.529576 0.0277349
792 0.848396 0.548627 0.0267677
793 0.848396 0.539739 0.0268874
794 0.848396 0.523964 0.030874
795 0.848396 0.522917 0.0298228
796 0.848396 0.531578 0.0310942
797 0.848396 0.528832 0.0307934
798 0.848396 0.522225 0.0269273
799 0.848396 0.54622 0.0277363
800 0.848396 0.562046 0.0250685
801 0.848396 0.558238 0.0293519
802 0.848396 0.521281 0.030392
803 0.848396 0.524197 0.0306306
804 0.848396 0.547355 0.0275971
805 0.848396 0.537535 0.0273739
806 0.848396 0.52644 0.0286917
807 0.848396 0.539153 0.0307276
808 0.848396 0.553151 0.0262948
809 0.848396 0.551945 0.0262134
810 0.848396 0.54754 0.0279175
811 0.848396 0.548147 0.0272913
812 0.848396 0.533492 0.0244889
813 0.848396 0.533714 0.0263499
814 0.848396 0.520326 0.0264711
815 0.848396 0.545773 0.0252389
816 0.848396 0.545015 0.0266984
817 0.848396 0.540161 0.025845
818 0.848396 0.513683 0.0271827
819 0.848396 0.497894 0.0280069
820 0.848396 0.503933 0.0262106
821 0.848396 0.520179 0.0241211
822 0.848396 0.52508 0.0301299
823 0.848396 0.519735 0.0312933
824 0.848396 0.512459 0.0275163
825 0.848396 0.529382 0.0253617
826 0.848396 0.521855 0.0278329
827 0.848396 0.509278 0.0298865
828 0.848396 0.507979 0.0284086
829 0.848396 0.510011 0.027014
830 0.848396 0.533286 0.025725
831 0.848396 0.529123 0.0275046
832 0.850515 0.520745 0.0293093
833 0.850515 0.517936 0.0304164
834 0.850515 0.523309 0.0278255
835 0.850515 0.533777 0.031663
836 0.850515 0.545856 0.0267016
837 0.850515 0.508014 0.0301717
838 0.850515 0.527293 0.0274352
839 0.850515 0.562757 0.0278427
840 0.850515 0.556319 0.0236667
841 0.850515 0.561657 0.0249314
842 0.850515 0.561558 0.0238634
843 0.850515 0.557949 0.0247551
844 0.850515 0.534163 0.0281955
845 0.850515 0.546828 0.0258833
846 0.850515 0.553446 0.027848
847 0.850515 0.555805 0.0287635
848 0.850515 0.558373 0.0259522
849 0.850515 0.542748 0.0265942
850 0.850515 0.53246 0.03016
851 0.850515 0.545553 0.0264168
852 0.850515 0.523457 0.0327851
853 0.850515 0.516847 0.0280521
854 0.850515 0.516451 0.0294872
855 0.850515 0.544589 0.0293242
856 0.850515 0.530706 0.0268571
857 0.850515 0.546765 0.0261837
858 0.850515 0.563629 0.0269106
859 0.850515 0.531083 0.0313056
860 0.850515 0.553107 0.0257167
861 0.850515 0.559383 0.0247491
862 0.850515 0.533264 0.0313975
863 0.850515 0.529756 0.0310269
864 0.850515 0.524606 0.0299562
865 0.850515 0.496833 0.0310955
866 0.850515 0.517106 0.0295976
867 0.850515 0.538276 0.0254274
868 0.850515 0.540131 0.0276403
869 0.850515 0.532475 0.0270121
870 0.850515 0.522589 0.02773
871 0.850515 0.55536 0.0276589
872 0.850515 0.549809 0.0280082
873 0.850515 0.544507 0.0249216
874 0.850515 0.536156 0.0233887
875 0.850515 0.540148 0.0242649
876 0.850515 0.52414 0.0270186
877 0.850515 0.51787 0.0262871
878 0.850515 0.526566 0.0268376
879 0.850515 0.524707 0.0286051
880 0.850515 0.53771 0.0256133
881 0.850515 0.527346 0.0279468
882 0.850515 0.533189 0.0331627
883 0.850515 0.523417 0.0289085
884 0.850515 0.51507 0.0291404
885 0.850515 0.541026 0.0322927
886 0.850515 0.531046 0.0300411
887 0.850515 0.551997 0.0276405
888 0.850515 0.536062 0.0302992
889 0.850515 0.554608 0.0285553
890 0.850515 0.531974 0.0267796
891 0.850515 0.539896 0.0288657
892 0.850515 0.531432 0.0299838
893 0.850515 0.542332 0.029326
894 0.850515 0.54538 0.029317
895 0.850515 0.556889 0.0309317
896 0.850515 0.537281 0.0288928
897 0.850515 0.53021 0.0311834
898 0.850515 0.550726 0.0281199
899 0.850515 0.541159 0.02707
900 0.850515 0.512907 0.0305492
901 0.850515 0.538267 0.0250185
902 0.850515 0.526522 0.0278807
903 0.850515 0.510129 0.0302434
904 0.850515 0.50483 0.0310108
905 0.850515 0.506401 0.0287109
906 0.850515 0.534776 0.0332152
907 0.850515 0.560243 0.0284433
908 0.850515 0.548902 0.0304668
909 0.850515 0.540654 0.0303597
910 0.850515 0.532999 0.0298517
911 0.850515 0.540402 0.0313985
912 0.850515 0.539051 0.0268234
913 0.850515 0.522018 0.0301794
914 0.850515 0.540381 0.0316686
915 0.850515 0.543823 0.0298927
916 0.850515 0.565024 0.0269751
917 0.850515 0.550532 0.0283172
918 0.850515 0.542621 0.0290441
919 0.850515 0.548314 0.029785
920 0.850515 0.5561 0.0277103
921 0.850515 0.530488 0.0270283
922 0.850515 0.536923 0.0293949
923 0.850515 0.535285 0.0315587
924 0.850515 0.561532 0.0301825
925 0.850515 0.546994 0.0305418
926 0.850515 0.543638 0.0282782
927 0.850515 0.531061 0.027969
928 0.850515 0.515818 0.0300564
929 0.850515 0.494683 0.0306039
930 0.850515 0.52572 0.0294454
931 0.850515 0.525775 0.026382
932 0.850515 0.548728 0.027029
933 0.850515 0.539722 0.0313073
934 0.850515 0.551759 0.0267858
935 0.850515 0.540763 0.0334372
936 0.850515 0.536543 0.0315669
937 0.850515 0.536072 0.0312346
938 0.850515 0.537715 0.0279595
939 0.850515 0.548782 0.0266013
940 0.850515 0.552931 0.0249554
941 0.850515 0.544486 0.0292785
942 0.850515 0.544685 0.0283389
943 0.850515 0.548605 0.0224046
944 0.850515 0.558026 0.0198791
945 0.850515 0.552862 0.0253915
946 0.850515 0.528075 0.0244623
947 0.850515 0.537523 0.0285321
948 0.850515 0.545685 0.0274392
949 0.850515 0.529631 0.0261038
950 0.850515 0.544423 0.0222697
951 0.850515 0.542012 0.025025
952 0.850515 0.519894 0.0248803
953 0.850515 0.529653 0.0280938
954 0.850515 0.544384 0.0266697
955 0.850515 0.553596 0.0266853
956 0.850515 0.554083 0.0264231
957 0.850515 0.562539 0.0272208
958 0.850515 0.535372 0.0290623
959 0.850515 0.536679 0.0263681
960 0.850515 0.544685 0.0278097
961 0.850515 0.55621 0.0212878
962 0.850515 0.556684 0.021007
963 0.850515 0.553742 0.0229386
964 0.850515 0.543734 0.0280198
965 0.850515 0.549092 0.0250926
966 0.850515 0.528807 0.0287353
967 0.850515 0.533276 0.0274167
968 0.850515 0.538435 0.0268553
969 0.850515 0.519128 0.031696
970 0.850515 0.513716 0.0292316
971 0.850515 0.535484 0.030192
972 0.850515 0.531995 0.0294843
973 0.850515 0.539892 0.0260502
974 0.850515 0.536227 0.0251481
975 0.850515 0.53886 0.0262357
976 0.850515 0.5574 0.0234968
977 0.850515 0.562526 0.026256
978 0.850515 0.565948 0.0249395
979 0.850515 0.555488 0.0226758
980 0.850515 0.545918 0.0244741
981 0.850515 0.541927 0.0230406
982 0.850515 0.525408 0.0256324
983 0.850515 0.541551 0.026249
984 0.850515 0.533904 0.0236443
985 0.850515 0.548082 0.0203025
986 0.850515 0.533895 0.0266248
987 0.850515 0.531237 0.0248049
988 0.850515 0.540448 0.0265967
989 0.850515 0.496836 0.0296829
990 0.850515 0.503696 0.0295372
991 0.850515 0.525453 0.0283124
992 0.850515 0.517428 0.0311744
993 0.850515 0.510382 0.027917
994 0.850515 0.522273 0.0287543
995 0.850515 0.525018 0.0299275
996 0.850515 0.523336 0.0311292
997 0.850515 0.542589 0.0314485
998 0.850515 0.531607 0.0293786
999 0.850515 0.514245 0.0287805
1000 0.850515 0.529717 0.0302985
