8.523137433625165293e-01
6.536678547334133782e-01
3.810695429229145614e-01
-8.456917447398638529e-03
-2.135721468433176562e-01
-1.573809536667370168e-01
-1.006269693140973004e-01
-7.948150362426667503e-02
-5.801308460860005872e-02
4.436863921793884197e-02
3.707480733473996204e-01
6.061467197344659885e-01
8.160884663041544362e-01
9.485176481770780654e-01
-5.036793585030051590e-01
-1.233980768785988696e-01
-3.410481703045394331e-01
-2.927469645898664319e-02
-6.829636002535229011e-02
-3.239206716564190236e-01
3.075843830863052575e-01
1.249417742023027217e-01
1.043140248666454550e-01
-7.393914876630868216e-01
7.856790033921783323e-01
4.925546952009150492e-01
7.877396548137867438e-02
-2.019975620482909739e-01
-1.542969472191478009e-01
-6.306687266989267904e-02
-3.079036777617180642e-02
-4.594072552103694446e-02
1.133184645753459868e-01
4.830370146367931050e-01
7.394375642730417475e-01
9.252138614047762388e-01
8.163316348047602311e-01
-4.938083771087951601e-01
-1.209800038332727035e-01
-3.343650569312087151e-01
-1.106632204736978688e-02
-6.695803788560876491e-02
-3.148966152186937206e-01
3.227082882574207612e-01
4.048712540861826997e-02
1.036701048639429162e-01
-7.030393419402433119e-01
6.643080837801771388e-01
1.927059620265011153e-01
-1.107753763786887419e-01
-1.345500315390597001e-01
-2.442179397730981708e-02
3.707931645011942542e-03
-2.180321523715758950e-02
2.008739216708473607e-01
6.550075815009737124e-01
8.752654019313913514e-01
7.733949031867056734e-01
6.210375132410167476e-01
-4.759706090861791083e-01
-1.173701899678281230e-01
-3.250814756388686888e-01
6.299642011723998770e-03
-6.461340363254498842e-02
-2.985941727811048940e-01
3.320434563834860353e-01
-5.422436644604659850e-02
9.628698760276976909e-02
-6.229120746455349966e-01
4.042836951901386811e-01
5.913330460203434363e-02
6.525240111861670828e-03
4.863405640346032260e-02
9.108647901950327197e-02
3.004178027692892827e-02
3.576143601531189820e-01
8.009467442239768253e-01
6.719116163107581308e-01
5.011402455912212783e-01
3.592083974385789635e-01
-4.283237953983178858e-01
-1.072665349044744643e-01
-3.095372783172164466e-01
2.979009496620257588e-02
-5.600470540799475788e-02
-2.337456850290611232e-01
3.459342814485034667e-01
-2.347865613414665542e-01
8.970108704388067566e-02
-4.820218899145974900e-01
4.136687569343441284e-01
2.771343651831459920e-01
1.928538374409272393e-01
2.509524552311288570e-01
-5.266369343872109171e-02
4.162545835552786677e-01
3.550772307657610871e-01
2.389467074083536924e-01
1.408127012057331373e-01
4.507159144433312697e-02
-3.005370759840317874e-01
-7.937847101879391687e-02
-2.477642164149713166e-01
4.227266625545109818e-02
-3.704201155345350494e-02
-9.870659223379635305e-02
3.146236197462550233e-01
-4.607060878556877848e-01
5.798973810300470100e-02
-1.600649791830407176e-01
7.209535983667533232e-01
2.306378027651198315e-01
2.585688672859620674e-01
-9.284259207983619477e-03
5.019883984538148214e-03
-6.615300080624568826e-03
3.509568691454913094e-03
-5.497981714812279208e-02
-1.036726570346247350e-01
-1.755344346145760737e-01
-5.674891020004405734e-02
-2.139479290205036632e-01
2.156963400366027420e-02
-1.856993185284298506e-02
8.034812071129682209e-02
2.333339545462312647e-01
-5.349493806542253704e-01
9.122552017732348927e-04
1.357810911720123970e-01
1.881553336469662385e-01
2.327546612257512249e-01
1.091857818672249680e-01
-4.095048720666683711e-02
-6.128551828006519736e-02
-4.871902605869365098e-03
-2.168464154221850029e-02
-4.030819414926651439e-02
-9.489713455219293825e-02
-4.115455857574774889e-02
-1.482928508320945082e-01
1.562260206082272552e-03
-1.452535176104755368e-02
1.230118169187468108e-01
1.306561387464564017e-01
-4.232645184560265839e-01
-4.085091257612926546e-02
9.156442566886816015e-02
6.608946123918292281e-01
6.617814289178559906e-02
1.009886459195244446e-01
6.114679420201616505e-02
3.197484137715145974e-02
-2.856396202534503253e-03
-5.504064938232575838e-02
-1.640366710984423049e-01
-4.236492264222628534e-02
-1.190781517097634079e-01
-2.312785286111121788e-02
-2.286196973532209770e-02
-2.907974881725111649e-02
1.947028293498566098e-01
-4.093505909275252930e-01
-2.273096167814324040e-02
6.085952081614614401e-02
-3.789716370580128307e-02
6.910661157519651376e-02
5.050618089018517332e-02
4.608111780485198150e-02
1.905581350392758846e-02
-3.191803650659640057e-02
-1.515209752367847607e-01
-3.713394673634062143e-02
-1.026308358889138073e-01
-1.763972098912284722e-02
-2.055226542137637835e-02
-6.257019280272302364e-02
2.293869292518566638e-01
-4.817348542777914466e-01
3.910642974566685970e-02
2.104635133796370350e-02
3.973929628990331420e-01
1.054835870310275314e-01
9.723021140201369705e-03
-5.122110431536568836e-02
-1.179533286820691751e-01
-7.023281305343505310e-02
-3.413424610863131231e-02
-1.085682355268545590e-01
-4.896030562731018033e-03
-1.221415827192805920e-02
1.186532697224675637e-01
1.491133361064701617e-02
-8.941171025763339220e-02
-8.929460431946220633e-02
3.823153763568638841e-02
4.082831473031925396e-01
2.294654600552166468e-01
1.163244986959665883e-01
-2.800282192956809330e-02
-2.751915689273532473e-01
-7.464089452722502682e-02
-2.182368087066725859e-01
4.072590451347282009e-02
-3.514187687027291868e-02
-4.120639245228785441e-02
2.035296283249286853e-01
-2.773701078368969730e-01
-1.601325753161839463e-02
-1.459594613888909043e-01
6.809175204236013190e-01
4.974420125745820376e-01
3.469797181582708889e-01
-4.474665898245682172e-01
-1.129254648364542424e-01
-3.158775886090063323e-01
2.083423357171662951e-02
-5.903615889815774093e-02
-2.050758017008438294e-01
3.083943808264464348e-01
-1.729704441433093098e-01
3.696590110015020303e-02
-4.568798982468475489e-01
7.674297690938104433e-01
6.014221501545150561e-01
-5.220516957804640645e-01
-1.307535383575089138e-01
-3.605599074096887402e-01
1.809023484538023084e-03
-6.990950849587716787e-02
-2.679864198013559573e-01
3.486835603165704955e-01
-1.232445388318277185e-01
4.060476228868808296e-02
-5.875334839853559865e-01
8.196416103126418218e-01
-5.603069260535474827e-01
-1.394292912860477518e-01
-3.756557403269464857e-01
-1.009498547742861303e-02
-7.685022471519036003e-02
-3.169277147311264642e-01
3.566397049453381429e-01
-5.649387794473531565e-02
3.434691728527079074e-02
-6.776725195047643702e-01
-5.402545563985882149e-01
-1.353757646225283440e-01
-3.621961939014669007e-01
-2.804642188504493511e-02
-7.498290757843012466e-02
-3.198246434798938109e-01
3.163550444610451207e-01
6.980111934615537694e-02
2.393488819929162625e-02
-7.110775774511844949e-01
3.228528209532022797e-01
6.861741183922451803e-01
-1.010579708550317923e-01
2.055361905147878310e-01
4.911589809897912162e-01
-6.167349431485693589e-01
2.854950327365420315e-01
5.693589490121835767e-02
7.340038079400467153e-01
2.279532486225881172e-01
-2.516805682763205432e-02
9.862191985855528475e-01
3.103810319808251728e-01
1.084356889308075479e-02
6.220417724886865424e-02
-1.350203484702042558e-02
1.762035187351846666e-01
-6.955949961772417423e-02
8.658564440305926979e-02
-9.901818663304587376e-02
-7.532479354903818258e-01
2.189588855660019595e-01
7.378618913243280286e-02
5.042384700026026900e-01
-1.392958997713164386e-02
-6.340546126504773006e-02
1.676080399843449531e-01
-1.350009287999645036e-01
-1.273320587438227930e-02
-1.083203625621018617e-04
3.186514959392237611e-01
1.218527933499970461e-01
2.185517467716689699e-02
-2.924629811643435218e-02
9.446328041131962783e-02
6.269399322696524168e-02
9.641276467844131504e-02
1.751822855686480107e-02
4.471591894026495928e-01
-3.846193980807076640e-01
6.742477457723711209e-02
-5.161195887863924137e-01
-8.128668742208668141e-02
4.845054846730838249e-02
-1.439604255977616487e-01
