0 0.541092 0.499608 0.000146228
1 0.541092 0.497097 0.000427216
2 0.564003 0.500845 0.000516047
3 0.692987 0.506654 0.00151473
4 0.701751 0.511921 0.00223411
5 0.701751 0.523223 0.00350399
6 0.701751 0.526213 0.00319248
7 0.701751 0.533162 0.00429925
8 0.714718 0.540679 0.00584211
9 0.714718 0.539184 0.00586305
10 0.715524 0.534743 0.00596498
11 0.715524 0.541884 0.00695764
12 0.715524 0.537224 0.00660474
13 0.765516 0.537258 0.00860398
14 0.765516 0.543135 0.00922572
15 0.765516 0.535065 0.00842201
16 0.765516 0.54356 0.00749932
17 0.765516 0.541694 0.00784554
18 0.779671 0.543665 0.00880746
19 0.779671 0.556386 0.00950347
20 0.779671 0.556522 0.00910955
21 0.802217 0.555118 0.00947583
22 0.802217 0.55693 0.00940026
23 0.802217 0.553265 0.0116956
24 0.805553 0.574877 0.0135336
25 0.805553 0.562535 0.0134702
26 0.829302 0.584452 0.0145431
27 0.830837 0.587719 0.0152142
28 0.866532 0.605318 0.0159833
29 0.866532 0.585525 0.01744
30 0.874278 0.586067 0.0168747
31 0.874278 0.579837 0.0198289
32 0.87524 0.580108 0.0215927
33 0.87524 0.605236 0.0223319
34 0.87524 0.614724 0.0204755
35 0.87524 0.608641 0.0208306
36 0.880259 0.607321 0.0211227
37 0.880259 0.618501 0.0199308
38 0.880259 0.629709 0.0208984
39 0.880259 0.627429 0.0198255
40 0.880259 0.637694 0.0190115
41 0.880259 0.642727 0.0183684
42 0.908695 0.64145 0.0187039
43 0.908695 0.635886 0.0184125
44 0.908695 0.632861 0.017068
45 0.908695 0.637163 0.018755
46 0.908695 0.648823 0.0165048
47 0.908695 0.65862 0.0186179
48 0.908695 0.672492 0.0181546
49 0.908695 0.67961 0.0164335
50 0.908695 0.694411 0.0162161
51 0.908695 0.696023 0.0183649
52 0.908695 0.70435 0.0181937
53 0.908695 0.70437 0.0174788
54 0.908695 0.717444 0.0174738
55 0.908695 0.710295 0.0180662
56 0.908695 0.700315 0.0183461
57 0.908695 0.693748 0.0170511
58 0.908695 0.669759 0.0177959
59 0.908695 0.675349 0.0182832
60 0.908695 0.690023 0.017185
61 0.908695 0.6929 0.0182496
62 0.908695 0.677415 0.0191378
63 0.908695 0.683091 0.0196883
64 0.909691 0.696595 0.0206282
65 0.909691 0.715091 0.0199952
66 0.909691 0.707927 0.0199749
67 0.909691 0.702363 0.0230378
68 0.909691 0.723892 0.0190842
69 0.909691 0.732432 0.0203912
70 0.909987 0.729298 0.0185764
71 0.909987 0.747189 0.0152235
72 0.909987 0.751157 0.0157828
73 0.909987 0.774539 0.0112858
74 0.909987 0.783407 0.012551
75 0.911115 0.791568 0.0103701
76 0.913124 0.789789 0.0109979
77 0.913124 0.793192 0.0100479
78 0.913124 0.793313 0.00908251
79 0.913124 0.808393 0.00801214
80 0.913124 0.808698 0.00743969
81 0.922342 0.818256 0.00524328
82 0.922342 0.820831 0.00461699
83 0.923905 0.827934 0.00581023
84 0.923905 0.825914 0.00467263
85 0.923905 0.828467 0.00500669
86 0.927872 0.822072 0.00569184
87 0.927872 0.829417 0.00537256
88 0.937466 0.829293 0.0055633
89 0.937466 0.84139 0.00485107
90 0.937466 0.84656 0.00494744
91 0.937466 0.844749 0.0047977
92 0.937466 0.837916 0.00596116
93 0.937466 0.840693 0.0048221
94 0.937466 0.845076 0.0053899
95 0.937466 0.837656 0.00495015
96 0.937466 0.840985 0.00476844
97 0.937466 0.838033 0.00491671
98 0.937466 0.841363 0.0044595
99 0.937466 0.841692 0.00482287
100 0.937466 0.843789 0.00429354
101 0.937466 0.846634 0.00413492
102 0.937466 0.840951 0.0037821
103 0.937466 0.845129 0.00387356
104 0.937466 0.844899 0.00363217
105 0.937466 0.844239 0.00402923
106 0.937466 0.839246 0.00498986
107 0.937466 0.837918 0.00424223
108 0.937466 0.846673 0.00451417
109 0.937466 0.849462 0.0034739
110 0.937466 0.849974 0.0040779
111 0.937466 0.840445 0.00383792
112 0.937466 0.844374 0.0036115
113 0.937466 0.843759 0.0042386
114 0.937466 0.840988 0.00493008
115 0.937466 0.857043 0.003272
116 0.937466 0.847349 0.00418617
117 0.937466 0.851475 0.00380813
118 0.937466 0.853011 0.00356698
119 0.937466 0.849923 0.00412718
120 0.937466 0.846811 0.00452232
121 0.937466 0.845161 0.00453499
122 0.937466 0.845102 0.00458244
123 0.937466 0.844942 0.00411881
124 0.937466 0.850844 0.00351284
125 0.937466 0.846122 0.00367788
126 0.937466 0.848456 0.00372639
127 0.937466 0.84517 0.00382717
128 0.937466 0.843643 0.00477549
129 0.937466 0.850322 0.00422504
130 0.937466 0.852826 0.0038517
131 0.937466 0.850438 0.00487703
132 0.937466 0.846642 0.00497217
133 0.937466 0.854429 0.00458142
134 0.937466 0.854119 0.00435609
135 0.937466 0.859734 0.00375554
136 0.937466 0.862305 0.00383053
137 0.937466 0.868067 0.00309513
138 0.937466 0.864141 0.00356856
139 0.937466 0.863179 0.00351639
140 0.937466 0.863366 0.00332836
141 0.937466 0.869892 0.00296529
142 0.937466 0.87253 0.00282032
143 0.937466 0.870224 0.00335512
144 0.937466 0.865806 0.0030907
145 0.937466 0.861617 0.00355478
146 0.937466 0.85912 0.0040893
147 0.937466 0.862514 0.00410857
148 0.937466 0.862259 0.00381037
149 0.937466 0.864872 0.00316978
150 0.937466 0.862371 0.00318344
151 0.937466 0.863324 0.00318757
152 0.937466 0.866744 0.00309223
153 0.937466 0.870661 0.00298711
154 0.937466 0.863787 0.00309964
155 0.937466 0.863002 0.00364405
156 0.937466 0.867934 0.00235763
157 0.937466 0.861892 0.00331714
158 0.937466 0.867448 0.00299756
159 0.937466 0.865695 0.00327425
160 0.937466 0.860704 0.00386347
161 0.937466 0.862228 0.00375376
162 0.937466 0.870115 0.00332013
163 0.937466 0.864474 0.00363094
164 0.937466 0.859231 0.00450935
165 0.937466 0.854922 0.00399901
166 0.938117 0.855116 0.00368537
167 0.938117 0.850883 0.0042654
168 0.938117 0.844089 0.00444769
169 0.938117 0.855288 0.00391063
170 0.938117 0.856799 0.00370866
171 0.938117 0.864845 0.00316988
172 0.938117 0.865051 0.0033193
173 0.938117 0.873576 0.00279848
174 0.938117 0.873911 0.00282994
175 0.938117 0.866488 0.00310694
176 0.938117 0.86381 0.00332361
177 0.938117 0.866138 0.00281408
178 0.938117 0.866748 0.00286622
179 0.938117 0.861905 0.00350005
180 0.938117 0.859312 0.00379185
181 0.938117 0.860036 0.00470334
182 0.938117 0.861695 0.00452391
183 0.938117 0.859464 0.00373454
184 0.939155 0.855177 0.00475147
185 0.939155 0.854761 0.00447394
186 0.939155 0.846907 0.0049257
187 0.939155 0.857114 0.00424713
188 0.939155 0.850858 0.00517604
189 0.939155 0.856716 0.00416692
190 0.939155 0.85716 0.0037467
191 0.939155 0.85897 0.00351516
192 0.939155 0.861252 0.00428474
193 0.939155 0.862267 0.00351656
194 0.939155 0.869136 0.00302623
195 0.939155 0.867604 0.0034966
196 0.939155 0.868918 0.00310762
197 0.939155 0.880359 0.00236611
198 0.939155 0.875576 0.00251894
199 0.939155 0.868692 0.00299986
200 0.939155 0.873151 0.00308611
201 0.939155 0.875521 0.00238774
202 0.939155 0.876874 0.00191285
203 0.939155 0.878921 0.00267357
204 0.939155 0.875114 0.00281907
205 0.939155 0.881396 0.00213406
206 0.939155 0.879632 0.00244865
207 0.939155 0.871271 0.00305336
208 0.939155 0.876395 0.00260009
209 0.939155 0.877602 0.00206947
210 0.939155 0.868909 0.00266998
211 0.939155 0.878673 0.0021094
212 0.939155 0.871225 0.0025052
213 0.939155 0.874569 0.00266553
214 0.939155 0.865134 0.00294273
215 0.939155 0.866746 0.00310483
216 0.939155 0.861898 0.00305712
217 0.939155 0.865442 0.00350675
218 0.939155 0.873337 0.00276967
219 0.939155 0.877984 0.00224034
220 0.939155 0.87694 0.00190493
221 0.939155 0.870972 0.00217646
222 0.939155 0.872584 0.00259583
223 0.939155 0.874427 0.00260391
224 0.939155 0.876557 0.00286664
225 0.939155 0.880683 0.0030312
226 0.939155 0.878577 0.00260454
227 0.939155 0.875006 0.00292512
228 0.939155 0.880324 0.00272443
229 0.939172 0.86962 0.00328438
230 0.939172 0.869806 0.00326288
231 0.939172 0.868074 0.00285983
232 0.939172 0.862397 0.0037764
233 0.939172 0.868046 0.00324642
234 0.939172 0.868342 0.00224409
235 0.939172 0.865983 0.00256025
236 0.939172 0.863599 0.00268076
237 0.939172 0.858451 0.00332867
238 0.940324 0.872396 0.00288197
239 0.940324 0.872162 0.00320753
240 0.940324 0.865543 0.00352221
241 0.940324 0.861952 0.00288289
242 0.940324 0.85909 0.00314404
243 0.940324 0.867887 0.00294722
244 0.940324 0.868069 0.00260984
245 0.940324 0.871622 0.00283358
246 0.940324 0.871416 0.00302737
247 0.940324 0.86663 0.00316596
248 0.940324 0.870291 0.00344998
249 0.940324 0.876276 0.00267996
250 0.940324 0.864619 0.00299154
251 0.940324 0.866411 0.00302023
252 0.940324 0.873653 0.00238685
253 0.940324 0.865303 0.00327039
254 0.940324 0.863696 0.00317376
255 0.940324 0.867632 0.00236559
256 0.940324 0.868744 0.00245946
257 0.940324 0.867218 0.00234202
258 0.940324 0.870469 0.00267046
259 0.940324 0.870503 0.00237616
260 0.940324 0.869481 0.00289374
261 0.940324 0.881719 0.00218438
262 0.940324 0.888027 0.00176575
263 0.940324 0.881906 0.00212706
264 0.940324 0.879901 0.00264229
265 0.940324 0.880149 0.00246747
266 0.940324 0.880298 0.00251151
267 0.940324 0.880927 0.00244713
268 0.940324 0.878182 0.00228019
269 0.940324 0.880478 0.00230276
270 0.940324 0.86737 0.00353347
271 0.940324 0.8723 0.00321875
272 0.940324 0.872526 0.00243204
273 0.940324 0.880034 0.00259372
274 0.940324 0.885611 0.00197147
275 0.940324 0.885929 0.00207206
276 0.940324 0.875522 0.00242302
277 0.940324 0.876973 0.00250847
278 0.940324 0.87816 0.00216382
279 0.940324 0.879978 0.00228597
280 0.940324 0.884561 0.00202403
281 0.940324 0.88317 0.0015581
282 0.940324 0.877388 0.00234997
283 0.940324 0.88159 0.00229284
284 0.940324 0.874329 0.00263706
285 0.940324 0.876668 0.00252132
286 0.940324 0.874439 0.00255181
287 0.940324 0.874118 0.00257569
288 0.940324 0.871983 0.00290724
289 0.940324 0.868202 0.00261416
290 0.940324 0.870214 0.00328179
291 0.940324 0.86644 0.0034832
292 0.940324 0.868712 0.0031076
293 0.940324 0.868182 0.00312558
294 0.940324 0.86786 0.00336377
295 0.940324 0.862422 0.00371388
296 0.940324 0.861923 0.00347922
297 0.940324 0.862649 0.00409232
298 0.940324 0.861641 0.00425579
299 0.940324 0.863815 0.00382656
300 0.940324 0.872285 0.00334098
301 0.940324 0.872459 0.00301349
302 0.940324 0.870986 0.00328108
303 0.940324 0.872624 0.00323171
304 0.940324 0.874079 0.00272657
305 0.940324 0.877156 0.00233641
306 0.940324 0.875254 0.00230396
307 0.940324 0.875448 0.00251308
308 0.940324 0.878655 0.00209954
309 0.940324 0.882287 0.00188993
310 0.940324 0.879699 0.00186996
311 0.940324 0.879694 0.00252662
312 0.940324 0.879709 0.00250023
313 0.940324 0.870908 0.00286874
314 0.940324 0.870992 0.00288651
315 0.940324 0.878538 0.00279497
316 0.940324 0.873397 0.00281461
317 0.940324 0.866832 0.00371068
318 0.940324 0.874727 0.00292951
319 0.940324 0.876947 0.00293746
320 0.940324 0.88045 0.00276535
321 0.940324 0.877094 0.00241252
322 0.940324 0.882155 0.00219184
323 0.940324 0.878227 0.0019619
324 0.940324 0.883381 0.00158845
325 0.940324 0.884703 0.0018754
326 0.940324 0.883964 0.00215768
327 0.940324 0.879719 0.00265163
328 0.940324 0.875826 0.002916
329 0.940324 0.875659 0.00276144
330 0.940324 0.868055 0.0030509
331 0.940324 0.862766 0.00341951
332 0.940324 0.864491 0.00308396
333 0.940324 0.869795 0.00313899
334 0.940324 0.862386 0.00319084
335 0.940324 0.863685 0.00366191
336 0.940324 0.864019 0.00331772
337 0.940324 0.856967 0.00355319
338 0.940324 0.860416 0.00461266
339 0.940324 0.863364 0.00367447
340 0.940324 0.865175 0.00336743
341 0.940324 0.865688 0.00298578
342 0.940324 0.86527 0.00333267
343 0.940324 0.869781 0.00322812
344 0.940324 0.869694 0.0028473
345 0.940324 0.871643 0.00241733
346 0.940324 0.867402 0.00293851
347 0.940324 0.866967 0.00263947
348 0.940324 0.866929 0.00315659
349 0.940324 0.865452 0.00281291
350 0.940324 0.871928 0.00204146
351 0.940324 0.871907 0.00231037
352 0.940324 0.868541 0.00271371
353 0.940324 0.861579 0.00294331
354 0.940324 0.866231 0.00289927
355 0.940324 0.86601 0.00285548
356 0.940324 0.870813 0.00312422
357 0.940324 0.866915 0.00282725
358 0.940324 0.872302 0.00306481
359 0.940324 0.868098 0.00295789
360 0.940324 0.863071 0.00287943
361 0.940324 0.866374 0.00266104
362 0.940324 0.863386 0.00302552
363 0.940324 0.865622 0.00307348
364 0.940324 0.864309 0.00304895
365 0.940324 0.860838 0.00346698
366 0.940324 0.858719 0.00384375
367 0.940324 0.860308 0.00260497
368 0.940324 0.859917 0.00266795
369 0.940324 0.860927 0.00355401
370 0.940324 0.862607 0.00414831
371 0.940324 0.857888 0.00380661
372 0.940324 0.864378 0.00284054
373 0.940324 0.864364 0.00271902
374 0.940324 0.858838 0.00333419
375 0.940324 0.865214 0.00360828
376 0.940324 0.871897 0.0026827
377 0.940324 0.875114 0.00249089
378 0.940324 0.870917 0.00281952
379 0.940324 0.872903 0.00280489
380 0.940324 0.869487 0.00354189
381 0.940324 0.870921 0.00331118
382 0.940324 0.872987 0.00222801
383 0.940324 0.875263 0.00234255
384 0.940324 0.870181 0.00226956
385 0.940324 0.868638 0.00332626
386 0.940324 0.873627 0.0019901
387 0.940324 0.876263 0.00245348
388 0.940324 0.878771 0.0024533
389 0.940324 0.869902 0.00329459
390 0.940324 0.868668 0.00314281
391 0.940324 0.867995 0.00374904
392 0.940324 0.865835 0.00409278
393 0.940324 0.86576 0.00432717
394 0.940324 0.871052 0.00291564
395 0.940324 0.865196 0.00287794
396 0.940324 0.871456 0.00249328
397 0.940324 0.876702 0.00301447
398 0.940539 0.872432 0.00341401
399 0.940539 0.866909 0.00347938
400 0.940539 0.86982 0.00309451
401 0.940539 0.87367 0.00239544
402 0.940539 0.868698 0.00316361
403 0.940539 0.869922 0.00264548
404 0.940539 0.869708 0.00364911
405 0.940539 0.869956 0.00315257
406 0.940539 0.881489 0.00217545
407 0.940539 0.876828 0.00239594
408 0.940539 0.884734 0.00175132
409 0.940539 0.879492 0.00207239
410 0.940554 0.88308 0.00165334
411 0.940554 0.885947 0.00206244
412 0.940554 0.882796 0.00273015
413 0.940554 0.880166 0.00246837
414 0.940554 0.873745 0.00298863
415 0.940554 0.862827 0.0032081
416 0.940554 0.871776 0.00299539
417 0.940554 0.876043 0.00296892
418 0.940554 0.873302 0.00276419
419 0.940554 0.865183 0.00293298
420 0.940554 0.870578 0.00290297
421 0.940554 0.867973 0.00363095
422 0.940554 0.868854 0.00287321
423 0.940554 0.872948 0.00288228
424 0.940554 0.871837 0.00433636
425 0.940554 0.87987 0.00302705
426 0.940554 0.880367 0.00355775
427 0.940554 0.877153 0.00417419
428 0.940554 0.870511 0.00455694
429 0.940554 0.869718 0.00410699
430 0.940554 0.879541 0.00246312
431 0.940554 0.880119 0.00240173
432 0.940554 0.88544 0.00181551
433 0.940554 0.881338 0.00226386
434 0.940554 0.875736 0.00212534
435 0.940554 0.873515 0.00288865
436 0.940554 0.877642 0.00255701
437 0.940554 0.876838 0.00204005
438 0.940554 0.872759 0.00284409
439 0.940554 0.868802 0.00284438
440 0.940554 0.871626 0.00312451
441 0.940554 0.872409 0.00299204
442 0.940554 0.877625 0.00228229
443 0.940554 0.878998 0.00253637
444 0.940554 0.879163 0.00221541
445 0.940554 0.884016 0.00186326
446 0.940554 0.885193 0.00158996
447 0.940554 0.886938 0.0017044
448 0.940554 0.881084 0.00192037
449 0.940554 0.880328 0.00181277
450 0.940554 0.878902 0.00214636
451 0.940554 0.878584 0.00177843
452 0.940554 0.88613 0.00185724
453 0.940554 0.883061 0.00170535
454 0.940554 0.878047 0.00182792
455 0.940554 0.877007 0.00217835
456 0.940554 0.869805 0.00273772
457 0.940554 0.873316 0.00330515
458 0.940554 0.869286 0.00402565
459 0.940554 0.863067 0.00421049
460 0.940554 0.870536 0.00395125
461 0.940554 0.86753 0.0035298
462 0.940554 0.866404 0.00375842
463 0.940554 0.863836 0.00422554
464 0.940554 0.869119 0.00444706
465 0.940554 0.869749 0.00361967
466 0.940554 0.876168 0.00296574
467 0.940554 0.87439 0.00313063
468 0.940554 0.870014 0.00376267
469 0.940554 0.869218 0.00271688
470 0.940554 0.871534 0.00319804
471 0.940554 0.87203 0.00272583
472 0.940554 0.878327 0.00226435
473 0.940554 0.87347 0.00303568
474 0.940554 0.869035 0.00274577
475 0.940554 0.865658 0.00272073
476 0.940554 0.864609 0.00291016
477 0.940554 0.871106 0.00264227
478 0.940554 0.868698 0.00321858
479 0.940554 0.874217 0.00267725
480 0.940554 0.875776 0.00268201
481 0.940554 0.876314 0.00271901
482 0.940554 0.87876 0.00208086
483 0.940554 0.875188 0.00229465
484 0.940554 0.865115 0.00287024
485 0.940554 0.863271 0.00358695
486 0.940554 0.862737 0.00385026
487 0.940554 0.869577 0.00322505
488 0.940554 0.861439 0.0038394
489 0.940554 0.872396 0.00317477
490 0.940554 0.869748 0.00273372
491 0.940554 0.869221 0.00416352
492 0.940554 0.864048 0.00411732
493 0.940554 0.859478 0.00463673
494 0.940554 0.860341 0.0035253
495 0.940554 0.87075 0.00314962
496 0.940554 0.868723 0.00265631
497 0.940554 0.874137 0.00249556
498 0.940554 0.874913 0.00336265
499 0.940554 0.869704 0.00344622
500 0.940554 0.864926 0.00466502
501 0.940554 0.865384 0.00359775
502 0.940554 0.864737 0.00358402
503 0.940661 0.869028 0.00321477
504 0.940661 0.873184 0.00269348
505 0.940661 0.865088 0.0041641
506 0.940661 0.864375 0.00283247
507 0.940661 0.86167 0.00349847
508 0.940661 0.865402 0.00335335
509 0.940661 0.85741 0.00296781
510 0.940661 0.85986 0.0036707
511 0.940661 0.868222 0.00307347
512 0.940661 0.868113 0.00356748
513 0.940661 0.866326 0.002922
514 0.940661 0.870279 0.00288435
515 0.940661 0.867025 0.00259206
516 0.940661 0.866722 0.00305636
517 0.940661 0.871813 0.00301897
518 0.940661 0.869258 0.00412996
519 0.940661 0.86632 0.00376506
520 0.940661 0.865771 0.0034908
521 0.940661 0.869628 0.00297197
522 0.940661 0.858304 0.00342485
523 0.940661 0.860614 0.00358767
524 0.940661 0.870489 0.00244267
525 0.940661 0.874063 0.00232395
526 0.940661 0.870445 0.00234393
527 0.940661 0.874609 0.00269872
528 0.940661 0.87474 0.00266941
529 0.940687 0.875066 0.0023069
530 0.940687 0.869326 0.00274155
531 0.940687 0.86997 0.00222867
532 0.940687 0.874503 0.00209055
533 0.940687 0.86995 0.00267067
534 0.940687 0.871979 0.00242965
535 0.940687 0.876166 0.00252958
536 0.940687 0.885926 0.00264359
537 0.940687 0.880666 0.00295862
538 0.940687 0.873544 0.00329252
539 0.940687 0.868247 0.00325708
540 0.940687 0.867604 0.0026259
541 0.940687 0.871057 0.00205091
542 0.940687 0.873664 0.00217424
543 0.940687 0.868251 0.00304399
544 0.940687 0.871355 0.00264262
545 0.940687 0.870913 0.00248616
546 0.940687 0.870986 0.0027141
547 0.940687 0.87114 0.00304162
548 0.940687 0.876584 0.00214468
549 0.940687 0.874693 0.00266219
550 0.940687 0.875214 0.00219361
551 0.940687 0.87009 0.00269976
552 0.940687 0.868825 0.00293921
553 0.940687 0.863814 0.00357987
554 0.940687 0.863309 0.00391061
555 0.940687 0.861811 0.00392487
556 0.940687 0.862635 0.00409005
557 0.940687 0.868339 0.0035172
558 0.940687 0.872075 0.00264328
559 0.940687 0.866765 0.00305109
560 0.940687 0.865901 0.00341752
561 0.94079 0.865599 0.00325595
562 0.940825 0.865146 0.00327395
563 0.940825 0.862021 0.0043919
564 0.940825 0.865995 0.00350575
565 0.940825 0.86578 0.00320396
566 0.940825 0.863828 0.00349346
567 0.940825 0.868601 0.00291729
568 0.940825 0.864047 0.00316229
569 0.940825 0.864468 0.00338962
570 0.940825 0.868088 0.00347941
571 0.940825 0.871629 0.00312777
572 0.940825 0.876037 0.0030375
573 0.940825 0.87598 0.00246223
574 0.940825 0.872604 0.00278555
575 0.940873 0.873163 0.00274712
576 0.940873 0.872478 0.00238854
577 0.940873 0.876152 0.00232637
578 0.940873 0.871382 0.00259352
579 0.940873 0.873929 0.0027785
580 0.940873 0.874361 0.00263335
581 0.940873 0.875182 0.00288923
582 0.940873 0.875898 0.00250578
583 0.940873 0.874302 0.00240754
584 0.940873 0.877611 0.00274205
585 0.940873 0.873069 0.00268193
586 0.940873 0.877367 0.00220315
587 0.940873 0.870849 0.00260954
588 0.940873 0.875951 0.00240839
589 0.940873 0.871288 0.00294099
590 0.940873 0.869313 0.00342427
591 0.940873 0.875954 0.00255571
592 0.940873 0.870494 0.00283231
593 0.940873 0.865877 0.00335098
594 0.940873 0.866899 0.00335222
595 0.940873 0.864695 0.00268683
596 0.940873 0.874736 0.00235248
597 0.940873 0.874722 0.00255868
598 0.940873 0.871962 0.00224266
599 0.940873 0.86931 0.0024967
600 0.940873 0.863825 0.00277405
601 0.940873 0.864778 0.00310794
602 0.940873 0.862117 0.00407211
603 0.940873 0.869374 0.00326659
604 0.940873 0.875829 0.00297129
605 0.940873 0.873557 0.00304978
606 0.940873 0.871711 0.00241759
607 0.940873 0.86629 0.00294013
608 0.940873 0.875427 0.00208322
609 0.940873 0.874001 0.00237787
610 0.940873 0.873059 0.0026972
611 0.940873 0.872285 0.0024212
612 0.940873 0.872394 0.00254734
613 0.940873 0.862649 0.00322652
614 0.940873 0.863779 0.00346867
615 0.940873 0.868479 0.00363323
616 0.940873 0.870192 0.00276842
617 0.940873 0.868716 0.00297352
618 0.940873 0.873348 0.0030846
619 0.940873 0.875831 0.00246375
620 0.940873 0.877631 0.00169981
621 0.940873 0.877325 0.00245994
622 0.940873 0.877208 0.003365
623 0.940873 0.869539 0.0030975
624 0.940873 0.865217 0.00270096
625 0.940873 0.867486 0.00264758
626 0.940873 0.860946 0.00351344
627 0.940873 0.860192 0.003532
628 0.940873 0.861007 0.00410252
629 0.940873 0.857529 0.00431086
630 0.940873 0.859007 0.0038111
631 0.940873 0.85755 0.00397324
632 0.940873 0.86363 0.00340407
633 0.940873 0.869813 0.0029327
634 0.940873 0.866745 0.00293893
635 0.940873 0.866293 0.00303843
636 0.940873 0.871986 0.00317115
637 0.940873 0.869565 0.002805
638 0.940873 0.872387 0.00273015
639 0.940873 0.877538 0.00216296
640 0.940873 0.878405 0.00249907
641 0.940873 0.876887 0.00232115
642 0.940873 0.870317 0.00290817
643 0.940873 0.871591 0.00268815
644 0.940873 0.873019 0.00284427
645 0.940873 0.867885 0.00286254
646 0.940873 0.867845 0.00351853
647 0.940873 0.862008 0.00402846
648 0.940873 0.865074 0.00420201
649 0.940873 0.864638 0.00390917
650 0.940873 0.871656 0.00397237
651 0.940873 0.8683 0.00400408
652 0.940873 0.873042 0.00199646
653 0.940873 0.873853 0.00257018
654 0.940873 0.865671 0.00343342
655 0.940873 0.867902 0.0031564
656 0.940873 0.868969 0.00325301
657 0.940873 0.861673 0.00389315
658 0.940873 0.864452 0.00351701
659 0.940873 0.866678 0.00342878
660 0.940873 0.861983 0.00418846
661 0.940873 0.874909 0.00294113
662 0.940873 0.869793 0.00293065
663 0.940873 0.870947 0.00215381
664 0.940873 0.876091 0.00226726
665 0.940873 0.867935 0.00258013
666 0.940873 0.867223 0.00335169
667 0.940873 0.866948 0.00361996
668 0.940873 0.867296 0.00336768
669 0.940873 0.855232 0.00398472
670 0.940873 0.86176 0.0039613
671 0.940873 0.864311 0.00374966
672 0.940873 0.86618 0.00356601
673 0.940873 0.870714 0.0035792
674 0.940873 0.863785 0.00394446
675 0.940873 0.867909 0.00402021
676 0.940873 0.866979 0.00338708
677 0.940873 0.865958 0.00312467
678 0.940873 0.869461 0.00259586
679 0.940873 0.865357 0.00381264
680 0.940873 0.863744 0.00392182
681 0.940873 0.865829 0.00361323
682 0.940873 0.866295 0.0029632
683 0.940873 0.870679 0.00336761
684 0.940873 0.863674 0.00407105
685 0.940873 0.873379 0.00322562
686 0.940906 0.873977 0.00295857
687 0.940906 0.873858 0.00301609
688 0.940906 0.86563 0.00296773
689 0.940906 0.870866 0.0026922
690 0.940906 0.875771 0.00305738
691 0.940906 0.878565 0.00246824
692 0.940906 0.872759 0.00317277
693 0.940906 0.863456 0.00358992
694 0.940906 0.863806 0.00287479
695 0.940906 0.859634 0.00315697
696 0.940906 0.864309 0.0033307
697 0.940906 0.864124 0.00329387
698 0.940906 0.857837 0.0038237
699 0.940906 0.857773 0.00404574
700 0.940906 0.857181 0.00420076
701 0.940906 0.860739 0.00370588
702 0.940906 0.867333 0.00249081
703 0.940906 0.87277 0.00271368
704 0.940906 0.869035 0.00282714
705 0.940906 0.86088 0.00314447
706 0.940906 0.856183 0.00279918
707 0.940906 0.865393 0.00315057
708 0.940906 0.866178 0.00284233
709 0.940906 0.866686 0.0023969
710 0.940906 0.864342 0.00277436
711 0.940906 0.87241 0.00211332
712 0.940906 0.874416 0.00218238
713 0.940906 0.872764 0.00215654
714 0.940906 0.868086 0.00280962
715 0.940906 0.870516 0.00243358
716 0.940906 0.871355 0.00241192
717 0.940906 0.873385 0.0023933
718 0.940906 0.877028 0.0022583
719 0.940906 0.873221 0.00272712
720 0.940906 0.871994 0.00271208
721 0.940906 0.87735 0.00259226
722 0.940906 0.875127 0.00311303
723 0.940906 0.872514 0.00299552
724 0.940906 0.879004 0.00247806
725 0.940906 0.873104 0.00327077
726 0.940906 0.872582 0.00276261
727 0.940906 0.877558 0.00264641
728 0.940906 0.873002 0.00269664
729 0.940906 0.876657 0.00254711
730 0.940906 0.875819 0.00231746
731 0.940906 0.881276 0.00210093
732 0.940906 0.881331 0.00237908
733 0.940906 0.881666 0.0021616
734 0.940906 0.878339 0.00238891
735 0.940906 0.873066 0.00264614
736 0.940906 0.868505 0.0029238
737 0.940906 0.868233 0.00336069
738 0.940906 0.87311 0.00330331
739 0.940906 0.873681 0.00269728
740 0.940906 0.873662 0.00252767
741 0.940906 0.871131 0.00284483
742 0.940906 0.87329 0.00291658
743 0.940906 0.870118 0.00317538
744 0.940906 0.8691 0.00391786
745 0.940906 0.865012 0.00361636
746 0.940906 0.874188 0.00335192
747 0.940906 0.879641 0.00255229
748 0.940906 0.875914 0.00317671
749 0.940932 0.877057 0.0024007
750 0.940932 0.878687 0.00196374
751 0.940932 0.873825 0.00233084
752 0.940932 0.873893 0.00232304
753 0.940932 0.876712 0.00186337
754 0.940932 0.86661 0.00247673
755 0.940932 0.873775 0.00308723
756 0.940932 0.880115 0.00257665
757 0.940932 0.87951 0.00174655
758 0.940932 0.879421 0.00217008
759 0.940932 0.875186 0.00195474
760 0.940932 0.873184 0.00234151
761 0.940932 0.876144 0.00172329
762 0.940932 0.873353 0.00227102
763 0.940932 0.860857 0.00348388
764 0.940932 0.870398 0.00318743
765 0.940932 0.869908 0.00346773
766 0.940932 0.862065 0.00401595
767 0.940932 0.858326 0.00410129
768 0.940932 0.871381 0.0036142
769 0.940932 0.872777 0.00361543
770 0.940932 0.869636 0.00372733
771 0.940932 0.87117 0.00286394
772 0.940932 0.871209 0.00299672
773 0.940932 0.876259 0.00276411
774 0.940932 0.871388 0.00301841
775 0.940932 0.873928 0.00301351
776 0.940932 0.874344 0.0028192
777 0.940932 0.865264 0.0032974
778 0.940932 0.867355 0.00298975
779 0.940932 0.868536 0.00326096
780 0.940932 0.867301 0.00364143
781 0.940932 0.870552 0.00338992
782 0.940932 0.875286 0.00231618
783 0.940932 0.874095 0.00257602
784 0.940932 0.874524 0.003166
785 0.940932 0.872489 0.00343784
786 0.940932 0.873001 0.00295219
787 0.940932 0.867777 0.00266188
788 0.940932 0.874159 0.00272187
789 0.940932 0.863035 0.00328255
790 0.940932 0.863737 0.00322706
791 0.940932 0.8633 0.00296529
792 0.940932 0.868772 0.00314927
793 0.940932 0.868038 0.00371744
794 0.940932 0.870412 0.00325526
795 0.940932 0.872753 0.00289447
796 0.940932 0.880771 0.00254879
797 0.940932 0.881817 0.00224925
798 0.940932 0.88198 0.00246634
799 0.940932 0.878402 0.0019893
800 0.940932 0.881889 0.00198624
801 0.940932 0.880626 0.00182064
802 0.940932 0.868938 0.00274746
803 0.940932 0.873449 0.00327281
804 0.940932 0.877907 0.00206509
805 0.940932 0.872742 0.00244288
806 0.940932 0.871362 0.00317626
807 0.940932 0.868168 0.00330813
808 0.940932 0.866278 0.00369291
809 0.940932 0.866137 0.00363071
810 0.940932 0.864917 0.00337461
811 0.940932 0.86643 0.00326868
812 0.940932 0.86936 0.00319923
813 0.940932 0.872995 0.00328873
814 0.940932 0.873345 0.00302736
815 0.940932 0.865628 0.00391795
816 0.940932 0.86779 0.00370057
817 0.940932 0.866399 0.00314543
818 0.940932 0.858904 0.00388055
819 0.940932 0.861603 0.00410924
820 0.940932 0.867517 0.00342063
821 0.940932 0.871185 0.00246697
822 0.940932 0.871952 0.00331298
823 0.940932 0.874592 0.00286459
824 0.940932 0.875075 0.0024191
825 0.940932 0.871162 0.00303316
826 0.940932 0.863251 0.00322506
827 0.940932 0.859928 0.00408977
828 0.940932 0.869544 0.00343566
829 0.940932 0.864242 0.00321219
830 0.940932 0.862396 0.00315589
831 0.940932 0.8762 0.00225211
832 0.940932 0.874149 0.00255103
833 0.940932 0.881631 0.0015835
834 0.940932 0.882035 0.00152285
835 0.940932 0.875078 0.00199007
836 0.940932 0.87404 0.00262645
837 0.940932 0.869406 0.00361268
838 0.940932 0.870372 0.00336094
839 0.940932 0.872159 0.00277337
840 0.940932 0.869133 0.00292422
841 0.940932 0.872136 0.00334507
842 0.940932 0.87119 0.00297638
843 0.940932 0.865485 0.00337462
844 0.940932 0.870872 0.0029563
845 0.940932 0.874326 0.00243372
846 0.940932 0.872572 0.00194811
847 0.940932 0.876436 0.002133
848 0.940932 0.876019 0.00220839
849 0.940932 0.882496 0.00245044
850 0.940932 0.877439 0.00237765
851 0.940932 0.87893 0.00199787
852 0.940932 0.869379 0.00240992
853 0.940932 0.872354 0.00256199
854 0.940932 0.87054 0.00248484
855 0.940932 0.875663 0.0022018
856 0.940932 0.875775 0.00203042
857 0.940932 0.875402 0.00176663
858 0.940932 0.882026 0.00186875
859 0.940932 0.875497 0.00208485
860 0.940932 0.875548 0.00177182
861 0.940932 0.873528 0.00227446
862 0.940932 0.871882 0.00315598
863 0.940932 0.870649 0.00306407
864 0.940932 0.870163 0.00289787
865 0.940932 0.871168 0.00259636
866 0.940932 0.872611 0.00288697
867 0.940932 0.874966 0.00257932
868 0.940932 0.867423 0.00240191
869 0.940932 0.87586 0.00251475
870 0.940932 0.879542 0.00216132
871 0.940932 0.877782 0.0023224
872 0.940932 0.877246 0.00164921
873 0.940932 0.879116 0.00221485
874 0.940932 0.878951 0.00201377
875 0.940932 0.876172 0.00258052
876 0.940932 0.882495 0.0025508
877 0.940932 0.87816 0.00258318
878 0.940932 0.876922 0.00405038
879 0.940932 0.875682 0.00289665
880 0.940932 0.870293 0.0031802
881 0.940932 0.878025 0.00271552
882 0.940932 0.871809 0.00280256
883 0.940932 0.884007 0.00198424
884 0.940932 0.88667 0.00154543
885 0.940932 0.883234 0.00213693
886 0.940932 0.881167 0.00235788
887 0.940932 0.880633 0.00280804
888 0.940932 0.878525 0.0020645
889 0.940932 0.87809 0.00223434
890 0.940932 0.868676 0.00268528
891 0.940932 0.871751 0.003096
892 0.940932 0.877515 0.00261698
893 0.940932 0.877896 0.0023159
894 0.940932 0.878396 0.00167466
895 0.940932 0.873732 0.0027413
896 0.940932 0.862939 0.00361276
897 0.940932 0.868943 0.00356425
898 0.940932 0.86809 0.00301902
899 0.940932 0.876794 0.00289683
900 0.940932 0.873233 0.0036147
901 0.940932 0.872501 0.0031911
902 0.940932 0.871852 0.00298927
903 0.940932 0.872845 0.00349019
904 0.940932 0.880215 0.00169573
905 0.940932 0.877058 0.00206945
906 0.940932 0.8779 0.00245067
907 0.940932 0.874685 0.00308109
908 0.940932 0.879875 0.00209962
909 0.940932 0.87338 0.00243258
910 0.940932 0.873836 0.0021687
911 0.940932 0.871542 0.00243529
912 0.940932 0.872668 0.00218287
913 0.940932 0.872606 0.00253564
914 0.940932 0.870755 0.00293556
915 0.940932 0.874561 0.00292182
916 0.940932 0.876113 0.00265071
917 0.940932 0.871187 0.00305516
918 0.940932 0.863676 0.0037631
919 0.940932 0.870331 0.0029828
920 0.940932 0.873 0.00256203
921 0.940932 0.863217 0.00374983
922 0.940932 0.874251 0.003997
923 0.940932 0.86871 0.0044154
924 0.940932 0.86852 0.00356782
925 0.940932 0.865467 0.00357861
926 0.940932 0.86701 0.00286872
927 0.940932 0.870135 0.0028678
928 0.940932 0.872209 0.0030632
929 0.940932 0.870637 0.00279055
930 0.940932 0.873612 0.00245576
931 0.940932 0.872832 0.00252623
932 0.940932 0.873656 0.00240605
933 0.940932 0.871696 0.00262366
934 0.940932 0.874845 0.00196451
935 0.940932 0.872027 0.00274009
936 0.940932 0.866527 0.00300613
937 0.940932 0.873301 0.00256474
938 0.940932 0.868784 0.00284957
939 0.940932 0.869194 0.00290741
940 0.940932 0.866476 0.00302598
941 0.940932 0.860633 0.00339741
942 0.940932 0.857238 0.00335943
943 0.940932 0.85821 0.00364032
944 0.940932 0.857428 0.00409974
945 0.940932 0.865827 0.00308041
946 0.940932 0.865203 0.00350176
947 0.940932 0.868798 0.0034643
948 0.940932 0.878655 0.00213441
949 0.940932 0.875746 0.0021985
950 0.940932 0.879664 0.00200826
951 0.940932 0.877299 0.00210609
952 0.940932 0.870748 0.00257789
953 0.940932 0.87843 0.00174163
954 0.940932 0.880931 0.00231903
955 0.940932 0.884562 0.00228811
956 0.940932 0.874884 0.00293436
957 0.940932 0.875229 0.00245611
958 0.940932 0.877328 0.00182268
959 0.940932 0.879571 0.00164803
960 0.940932 0.874924 0.00262393
961 0.940932 0.873702 0.00275384
962 0.940932 0.875926 0.00267777
963 0.940932 0.873207 0.00253369
964 0.940932 0.868604 0.00335196
965 0.940932 0.867872 0.00359344
966 0.940932 0.871714 0.00281182
967 0.940932 0.876254 0.00237566
968 0.940932 0.877859 0.0020496
969 0.940932 0.878451 0.00218812
970 0.940932 0.874732 0.00255451
971 0.940932 0.870666 0.00297117
972 0.940932 0.872677 0.00287104
973 0.940953 0.87054 0.00264209
974 0.940953 0.866416 0.00323014
975 0.940953 0.870874 0.00266266
976 0.940953 0.876049 0.00204464
977 0.940953 0.871478 0.00275653
978 0.940953 0.874307 0.00320848
979 0.940953 0.865592 0.00369676
980 0.940953 0.867367 0.00318942
981 0.940953 0.870396 0.00348302
982 0.940953 0.871166 0.00334752
983 0.940953 0.87762 0.00231508
984 0.940953 0.881899 0.00254046
985 0.940953 0.875513 0.00270696
986 0.940953 0.870974 0.00314332
987 0.940953 0.865034 0.00350629
988 0.940953 0.866197 0.00345425
989 0.940953 0.869933 0.00324218
990 0.940953 0.865461 0.00353916
991 0.940953 0.869735 0.00360638
992 0.940953 0.86317 0.00383443
993 0.940953 0.860323 0.00393113
994 0.940953 0.863459 0.00337953
995 0.940953 0.864019 0.00358215
996 0.940953 0.869081 0.00325777
997 0.940953 0.868853 0.00362748
998 0.940953 0.865782 0.00455384
999 0.940953 0.867575 0.00379677
1000 0.940953 0.871589 0.00249727
