0 0.293314 0.249491 0.000118313
1 0.302073 0.251024 0.000251949
2 0.309944 0.253822 0.00017512
3 0.309944 0.256309 0.000226158
4 0.349069 0.258421 0.000442897
5 0.349069 0.25843 0.000547806
6 0.403559 0.261343 0.000817254
7 0.403559 0.260083 0.000826303
8 0.507962 0.265771 0.00163343
9 0.660835 0.273667 0.00425873
10 0.660835 0.280182 0.00498385
11 0.695597 0.282409 0.00726539
12 0.695597 0.300392 0.0104889
13 0.695597 0.3158 0.0139068
14 0.695597 0.344228 0.0207542
15 0.695597 0.330071 0.0208065
16 0.695597 0.345877 0.0245649
17 0.695597 0.344563 0.0242066
18 0.702816 0.360087 0.0282603
19 0.702816 0.358931 0.0279294
20 0.702816 0.373038 0.0277579
21 0.702816 0.369378 0.026799
22 0.739246 0.369007 0.0282117
23 0.739246 0.366455 0.0270018
24 0.739246 0.393617 0.032292
25 0.739246 0.408228 0.0325506
26 0.739246 0.438889 0.0301685
27 0.744936 0.426861 0.0271706
28 0.744936 0.447388 0.0281939
29 0.744936 0.470425 0.0309914
30 0.755909 0.481115 0.0329133
31 0.755909 0.471941 0.0307412
32 0.755909 0.470868 0.027399
33 0.755909 0.483639 0.0292647
34 0.78155 0.497822 0.0309407
35 0.78155 0.497209 0.0296713
36 0.78155 0.506521 0.0310606
37 0.78155 0.506755 0.0305401
38 0.78155 0.509196 0.0271797
39 0.78155 0.505214 0.0241381
40 0.78155 0.523142 0.0279669
41 0.80713 0.510406 0.0289133
42 0.80713 0.512637 0.0294665
43 0.80713 0.520383 0.0302493
44 0.80713 0.521754 0.032683
45 0.80713 0.525949 0.0283202
46 0.80713 0.530243 0.0275341
47 0.80713 0.517119 0.0268594
48 0.80713 0.534218 0.0253166
49 0.80713 0.538531 0.0289725
50 0.80713 0.531535 0.0248532
51 0.80713 0.534131 0.0268312
52 0.80713 0.538083 0.0279896
53 0.817077 0.535767 0.0319948
54 0.826703 0.560173 0.028055
55 0.826703 0.549897 0.0260578
56 0.839477 0.537847 0.0317554
57 0.842875 0.574236 0.0319477
58 0.842875 0.582369 0.0288421
59 0.842875 0.554392 0.0379416
60 0.842875 0.550037 0.0336354
61 0.842875 0.55109 0.0331697
62 0.887035 0.537384 0.034922
63 0.887035 0.53381 0.0352549
64 0.887035 0.55862 0.0359631
65 0.887035 0.557573 0.0343353
66 0.887035 0.558083 0.0330609
67 0.887035 0.583269 0.035903
68 0.887035 0.628066 0.0299406
69 0.895105 0.602804 0.0308644
70 0.895105 0.579961 0.0340475
71 0.895105 0.591857 0.0331568
72 0.895105 0.600532 0.0378006
73 0.895105 0.592701 0.0390201
74 0.895105 0.610323 0.0351257
75 0.895105 0.589254 0.0432397
76 0.895105 0.613021 0.0382424
77 0.895105 0.589769 0.037588
78 0.895105 0.59971 0.0394217
79 0.895105 0.572346 0.0421848
80 0.926846 0.56223 0.0434981
81 0.926846 0.578685 0.0421399
82 0.926846 0.601992 0.041633
83 0.926846 0.592843 0.043838
84 0.926846 0.567968 0.0444705
85 0.926846 0.58944 0.0463071
86 0.926846 0.585411 0.04771
87 0.926846 0.581387 0.0499782
88 0.926846 0.599733 0.0510963
89 0.934883 0.561271 0.0534361
90 0.934883 0.60382 0.0473505
91 0.934883 0.590283 0.0557928
92 0.934883 0.594377 0.0490312
93 0.934883 0.595827 0.0547972
94 0.934883 0.574063 0.0521082
95 0.934883 0.584801 0.0483787
96 0.94325 0.585914 0.0458669
97 0.94325 0.607652 0.0452661
98 0.94325 0.608727 0.037044
99 0.94325 0.615633 0.0430639
100 0.94325 0.623443 0.0443274
101 0.94325 0.619635 0.0425249
102 0.94325 0.647157 0.0453916
103 0.94325 0.644537 0.0487852
104 0.94325 0.668808 0.0503748
105 0.94325 0.673462 0.0510342
106 0.94325 0.685675 0.0469203
107 0.94325 0.642335 0.054316
108 0.94325 0.650095 0.0497135
109 0.94325 0.663979 0.037707
110 0.94325 0.635061 0.0456024
111 0.94325 0.614776 0.0496022
112 0.94325 0.586997 0.0453571
113 0.94325 0.61071 0.0503439
114 0.94325 0.60971 0.0536061
115 0.94325 0.615911 0.0541696
116 0.94325 0.610378 0.0604969
117 0.94325 0.603367 0.0585663
118 0.94325 0.597666 0.0594082
119 0.94325 0.598818 0.0536286
120 0.94325 0.594876 0.0571748
121 0.94325 0.607989 0.0576437
122 0.94325 0.631913 0.0599397
123 0.94325 0.61577 0.051479
124 0.94325 0.622037 0.0506262
125 0.94325 0.610997 0.0507797
126 0.943442 0.620727 0.0488095
127 0.943442 0.630598 0.0463876
128 0.943442 0.62115 0.0458393
129 0.943442 0.639101 0.0484952
130 0.943442 0.620036 0.0559888
131 0.943442 0.603837 0.0499488
132 0.943442 0.587537 0.0460478
133 0.943442 0.582228 0.0496268
134 0.943442 0.603716 0.0528739
135 0.943442 0.605656 0.0458209
136 0.943442 0.619072 0.0486635
137 0.943442 0.627214 0.0470315
138 0.943442 0.633314 0.0397342
139 0.943442 0.636527 0.0430837
140 0.943442 0.60888 0.04688
141 0.943442 0.568298 0.0476001
142 0.943442 0.627524 0.0478698
143 0.943442 0.64212 0.0421864
144 0.943442 0.625955 0.047344
145 0.943442 0.630088 0.0461855
146 0.943442 0.645651 0.0491033
147 0.943442 0.677993 0.0406451
148 0.943442 0.664076 0.0379256
149 0.943442 0.659916 0.0385811
150 0.943442 0.637602 0.0369257
151 0.943442 0.639695 0.0335415
152 0.943442 0.619639 0.0450322
153 0.943442 0.628117 0.048188
154 0.943442 0.615157 0.0476658
155 0.943442 0.652978 0.041296
156 0.943442 0.656638 0.0366307
157 0.943442 0.6247 0.0475655
158 0.943442 0.630828 0.0475392
159 0.943442 0.607388 0.0532794
160 0.943442 0.574623 0.0505785
161 0.943442 0.600404 0.0498797
162 0.943442 0.613181 0.0525483
163 0.943442 0.626492 0.0422247
164 0.943442 0.621101 0.0435616
165 0.943442 0.623519 0.0412677
166 0.943442 0.642285 0.0401865
167 0.943442 0.613568 0.0517919
168 0.943442 0.608748 0.0535294
169 0.943442 0.600708 0.0569838
170 0.943442 0.60833 0.0525715
171 0.943442 0.604256 0.0557629
172 0.943442 0.604962 0.0470418
173 0.943442 0.614922 0.0498298
174 0.943442 0.580452 0.0490491
175 0.943442 0.601299 0.0576591
176 0.943442 0.617142 0.0561932
177 0.94569 0.585431 0.056121
178 0.94569 0.570344 0.0563736
179 0.94569 0.60825 0.0539151
180 0.94569 0.586127 0.0527518
181 0.94569 0.577465 0.0518071
182 0.94569 0.574635 0.0563831
183 0.94569 0.61196 0.0516753
184 0.94569 0.607372 0.0421822
185 0.94569 0.629808 0.0463364
186 0.94569 0.650784 0.0479947
187 0.94569 0.617351 0.053664
188 0.94569 0.651411 0.0490507
189 0.94569 0.637497 0.0500542
190 0.94569 0.602087 0.0507404
191 0.94569 0.63882 0.0470131
192 0.94569 0.614064 0.0475931
193 0.94569 0.644096 0.046957
194 0.94569 0.62783 0.0468432
195 0.94569 0.643671 0.0488464
196 0.94569 0.639575 0.0509693
197 0.94569 0.618845 0.0483174
198 0.94569 0.628661 0.0497274
199 0.94569 0.636909 0.0497869
200 0.94569 0.646009 0.0429482
201 0.94569 0.643115 0.052049
202 0.94569 0.639982 0.0408564
203 0.94569 0.629459 0.0434013
204 0.94569 0.610795 0.0566279
205 0.94569 0.605344 0.0592337
206 0.94569 0.596826 0.0554061
207 0.94569 0.626561 0.0438251
208 0.94569 0.632599 0.0498219
209 0.94569 0.609098 0.0556979
210 0.94569 0.619642 0.0524617
211 0.94569 0.627598 0.0467885
212 0.94569 0.652209 0.0441275
213 0.94569 0.635178 0.043774
214 0.94569 0.623279 0.043039
215 0.94569 0.609119 0.0412945
216 0.94569 0.61165 0.0487764
217 0.94569 0.630503 0.0505914
218 0.94569 0.591097 0.0520446
219 0.94569 0.61071 0.0540654
220 0.94569 0.629181 0.0544295
221 0.94569 0.650383 0.0486685
222 0.94569 0.65666 0.0513596
223 0.94569 0.639408 0.0564668
224 0.94569 0.645583 0.045178
225 0.94569 0.645781 0.0417594
226 0.94569 0.593019 0.0468663
227 0.94569 0.606099 0.0474609
228 0.94569 0.620732 0.0474091
229 0.94569 0.635113 0.0448056
230 0.94569 0.651714 0.0502443
231 0.94569 0.668992 0.0452511
232 0.94569 0.671305 0.0406945
233 0.94569 0.661358 0.0395902
234 0.94569 0.630796 0.0493955
235 0.94569 0.633237 0.045569
236 0.94569 0.607763 0.0451309
237 0.94569 0.603021 0.0473206
238 0.94569 0.607072 0.0458508
239 0.94569 0.592247 0.0509857
240 0.94569 0.595013 0.0474036
241 0.94569 0.609083 0.0406998
242 0.94569 0.616563 0.0408043
243 0.94569 0.621954 0.0484752
244 0.94569 0.615372 0.0493044
245 0.94569 0.603522 0.0523007
246 0.94569 0.606649 0.0432214
247 0.94569 0.62419 0.0487778
248 0.94569 0.633156 0.0485369
249 0.94569 0.627262 0.0457499
250 0.94569 0.617629 0.052563
251 0.94569 0.611684 0.0552931
252 0.94569 0.585937 0.0580482
253 0.94569 0.560916 0.0472224
254 0.94569 0.575285 0.0483212
255 0.94569 0.609601 0.0522756
256 0.94569 0.598309 0.0502359
257 0.94569 0.601519 0.0456767
258 0.94569 0.618064 0.0468158
259 0.94569 0.616791 0.0486265
260 0.94569 0.610283 0.0450531
261 0.94569 0.637313 0.0394428
262 0.94569 0.632433 0.044681
263 0.94569 0.627694 0.0469535
264 0.94569 0.616177 0.0527457
265 0.94569 0.643327 0.0504518
266 0.94569 0.610278 0.0506459
267 0.94569 0.633442 0.0480927
268 0.94569 0.642473 0.0479201
269 0.94569 0.640337 0.0472602
270 0.94569 0.631335 0.0434409
271 0.94569 0.617426 0.0469514
272 0.94569 0.615044 0.0451625
273 0.94569 0.606037 0.0451845
274 0.94569 0.606713 0.0447039
275 0.94569 0.62622 0.0514956
276 0.94569 0.623567 0.0537981
277 0.94569 0.618417 0.0498553
278 0.94569 0.585548 0.0514666
279 0.94569 0.62769 0.0454576
280 0.94569 0.638057 0.0432027
281 0.94569 0.58457 0.0494709
282 0.94569 0.605381 0.0484763
283 0.94569 0.580489 0.0562069
284 0.94569 0.586394 0.0493557
285 0.94569 0.568376 0.0459563
286 0.94569 0.609866 0.0475301
287 0.94569 0.59473 0.0506897
288 0.94569 0.603755 0.0560674
289 0.94569 0.631862 0.0479824
290 0.94569 0.599866 0.0559925
291 0.94569 0.599584 0.0538417
292 0.94569 0.626555 0.0515111
293 0.94569 0.608843 0.045516
294 0.94569 0.614147 0.0493716
295 0.94569 0.583203 0.0467574
296 0.94569 0.619647 0.0491759
297 0.94569 0.606985 0.051263
298 0.94569 0.622539 0.0505156
299 0.94569 0.641966 0.0473668
300 0.94569 0.619846 0.0544481
301 0.94569 0.619114 0.0563771
302 0.94569 0.651822 0.0466463
303 0.94569 0.674358 0.045079
304 0.945822 0.679138 0.0482023
305 0.945822 0.655555 0.0521033
306 0.945822 0.646982 0.0505392
307 0.945822 0.649725 0.0571866
308 0.945822 0.636547 0.0503666
309 0.945822 0.633319 0.0514395
310 0.945822 0.640641 0.0486263
311 0.945822 0.625654 0.048864
312 0.945822 0.642405 0.0516086
313 0.945822 0.616576 0.0494263
314 0.945822 0.607679 0.0474725
315 0.945822 0.603571 0.0401179
316 0.945822 0.632229 0.0484165
317 0.945822 0.61931 0.0457999
318 0.945822 0.627355 0.0464822
319 0.945822 0.600547 0.0490679
320 0.945822 0.609994 0.0489514
321 0.945822 0.592513 0.0475727
322 0.945822 0.58503 0.0416054
323 0.945822 0.618866 0.0441044
324 0.945822 0.61852 0.0408611
325 0.945822 0.607721 0.0439836
326 0.945822 0.638537 0.0385755
327 0.945822 0.632526 0.0482234
328 0.945822 0.645834 0.0449123
329 0.945822 0.601066 0.049347
330 0.945822 0.637707 0.0440723
331 0.945822 0.618848 0.0466812
332 0.945822 0.594224 0.0489089
333 0.945822 0.596527 0.0465583
334 0.945822 0.613477 0.048702
335 0.945822 0.581281 0.0525097
336 0.945822 0.623944 0.0435197
337 0.945822 0.610612 0.0514632
338 0.94909 0.612125 0.0462589
339 0.94909 0.594037 0.0498045
340 0.94909 0.602534 0.0512535
341 0.94909 0.58978 0.0462887
342 0.94909 0.594411 0.0445507
343 0.94909 0.597036 0.0506518
344 0.94909 0.595229 0.04777
345 0.94909 0.57596 0.0499584
346 0.94909 0.583522 0.0535435
347 0.94909 0.610932 0.0475206
348 0.94909 0.603473 0.0437227
349 0.94909 0.608407 0.0486246
350 0.94909 0.607033 0.046038
351 0.94909 0.607102 0.0435399
352 0.94909 0.625249 0.0465879
353 0.94909 0.60894 0.0451284
354 0.94909 0.618576 0.0450354
355 0.94909 0.642879 0.0468845
356 0.94909 0.638545 0.0451355
357 0.94909 0.602678 0.05468
358 0.94909 0.611123 0.0486952
359 0.94909 0.619253 0.0576344
360 0.94909 0.638448 0.0472053
361 0.94909 0.624393 0.0462042
362 0.94909 0.620741 0.046498
363 0.94909 0.601007 0.0484262
364 0.94909 0.600023 0.0524584
365 0.94909 0.60974 0.0519188
366 0.94909 0.626926 0.0556402
367 0.94909 0.63493 0.0542619
368 0.94909 0.586837 0.0517421
369 0.94909 0.577814 0.0582856
370 0.94909 0.591591 0.0532876
371 0.94909 0.572899 0.050019
372 0.94909 0.565819 0.0564308
373 0.94909 0.560973 0.0550645
374 0.94909 0.566822 0.0596286
375 0.94909 0.577417 0.0570047
376 0.94909 0.573867 0.0629543
377 0.94909 0.564579 0.0557158
378 0.94909 0.564247 0.0504756
379 0.94909 0.564374 0.0584546
380 0.94935 0.550167 0.057022
381 0.94935 0.596626 0.0507935
382 0.94935 0.576713 0.0517519
383 0.94935 0.59321 0.0548619
384 0.94935 0.604621 0.052629
385 0.94935 0.604642 0.0468395
386 0.94935 0.624867 0.0469231
387 0.94935 0.620497 0.0501522
388 0.94935 0.610748 0.0501523
389 0.94935 0.617294 0.0573648
390 0.949636 0.640345 0.0513705
391 0.949636 0.643075 0.0441284
392 0.949636 0.633258 0.0462884
393 0.949636 0.624139 0.0526771
394 0.949636 0.599677 0.0537593
395 0.949636 0.620131 0.051021
396 0.949636 0.611592 0.054738
397 0.949636 0.584802 0.059629
398 0.949636 0.600384 0.057924
399 0.949636 0.59864 0.0615751
400 0.949636 0.598161 0.0554434
401 0.949636 0.594868 0.054062
402 0.949636 0.597581 0.0536017
403 0.949636 0.610311 0.0483611
404 0.949636 0.615865 0.0462724
405 0.949636 0.633091 0.0490928
406 0.949636 0.663038 0.0429799
407 0.949636 0.676999 0.0495603
408 0.949636 0.64077 0.0481338
409 0.949636 0.642913 0.0438785
410 0.949636 0.637278 0.0413942
411 0.949636 0.615223 0.0471724
412 0.949636 0.608212 0.0476866
413 0.949636 0.616398 0.0489366
414 0.949636 0.641546 0.0449115
415 0.949636 0.663558 0.0452644
416 0.949636 0.674807 0.0443084
417 0.949636 0.673964 0.0435216
418 0.949636 0.652467 0.0453915
419 0.949636 0.644769 0.0479159
420 0.949636 0.65513 0.0508859
421 0.949636 0.643958 0.046985
422 0.949636 0.646958 0.0441503
423 0.949636 0.647053 0.0460574
424 0.949636 0.650764 0.0465332
425 0.949636 0.648867 0.0445339
426 0.949636 0.642253 0.0464186
427 0.949636 0.661397 0.0454308
428 0.949636 0.631991 0.0476869
429 0.949636 0.614522 0.0456809
430 0.949636 0.62687 0.0485665
431 0.949636 0.639893 0.046412
432 0.949636 0.627855 0.0470531
433 0.949636 0.654126 0.0402342
434 0.949636 0.639908 0.0436954
435 0.949636 0.646897 0.0367
436 0.949636 0.628447 0.0401264
437 0.949636 0.627017 0.0426326
438 0.949636 0.623715 0.0524511
439 0.949636 0.639469 0.0445261
440 0.949636 0.63276 0.0424951
441 0.949636 0.634692 0.0418403
442 0.949636 0.620792 0.0427744
443 0.949636 0.617765 0.0471089
444 0.949636 0.603026 0.0469637
445 0.949636 0.590174 0.0514873
446 0.949636 0.56548 0.0482222
447 0.949636 0.585313 0.0497992
448 0.949636 0.592516 0.0512508
449 0.949636 0.596381 0.0521547
450 0.949636 0.613153 0.0599361
451 0.949636 0.624606 0.0555791
452 0.949636 0.596587 0.058147
453 0.949636 0.5992 0.0504387
454 0.949636 0.59864 0.0473386
455 0.949636 0.575484 0.049632
456 0.949636 0.591792 0.0461519
457 0.949636 0.605819 0.0435345
458 0.949636 0.604466 0.0442242
459 0.949636 0.608623 0.0467518
460 0.949636 0.630412 0.0478794
461 0.949636 0.601478 0.0512274
462 0.949636 0.580536 0.0513899
463 0.949636 0.596016 0.0516481
464 0.949636 0.617718 0.051774
465 0.949636 0.594574 0.0568303
466 0.949636 0.589364 0.0519201
467 0.949636 0.580333 0.056946
468 0.949636 0.593493 0.0518916
469 0.949636 0.589822 0.054486
470 0.949636 0.607319 0.0491233
471 0.949936 0.617449 0.0473042
472 0.949936 0.618773 0.0478584
473 0.949936 0.591744 0.046463
474 0.949936 0.614008 0.0451254
475 0.949936 0.632063 0.0457879
476 0.949936 0.645556 0.0499103
477 0.949936 0.625645 0.0464359
478 0.949936 0.605682 0.0508348
479 0.949936 0.598075 0.0528523
480 0.949936 0.615166 0.0539097
481 0.949936 0.61444 0.0469891
482 0.949936 0.66321 0.0487506
483 0.949936 0.6368 0.0486261
484 0.949936 0.638184 0.0517355
485 0.949936 0.609353 0.0494981
486 0.949936 0.601734 0.0523516
487 0.949936 0.62681 0.0397526
488 0.949936 0.638647 0.0442276
489 0.949936 0.614779 0.0460313
490 0.949936 0.607829 0.0524802
491 0.949936 0.595115 0.0513592
492 0.949936 0.6001 0.0432612
493 0.949936 0.587117 0.0429455
494 0.949936 0.563025 0.0526599
495 0.949936 0.575761 0.0589879
496 0.949936 0.603215 0.0549511
497 0.949936 0.589905 0.0560097
498 0.949936 0.575098 0.0514279
499 0.949936 0.559078 0.0550502
500 0.949936 0.563123 0.0549541
501 0.949936 0.572052 0.0499212
502 0.949936 0.569709 0.045017
503 0.950581 0.591012 0.0513696
504 0.950581 0.599966 0.0526115
505 0.950581 0.625203 0.0471759
506 0.950581 0.61269 0.0425112
507 0.950581 0.607757 0.0448937
508 0.950581 0.597258 0.0492811
509 0.950581 0.589147 0.0535729
510 0.950581 0.592843 0.05425
511 0.950581 0.617255 0.0516361
512 0.950581 0.629054 0.0532258
513 0.950581 0.607433 0.0478412
514 0.950581 0.6463 0.0455083
515 0.950581 0.613303 0.0441138
516 0.950581 0.626464 0.0493906
517 0.950666 0.641565 0.0420804
518 0.950666 0.644458 0.043115
519 0.950666 0.637308 0.0422687
520 0.950666 0.629311 0.0403604
521 0.950666 0.659054 0.0481766
522 0.950666 0.612375 0.051675
523 0.950666 0.58579 0.0504136
524 0.950666 0.597198 0.0379082
525 0.950666 0.61264 0.0416096
526 0.950666 0.596739 0.0544596
527 0.950666 0.609561 0.051587
528 0.950666 0.593035 0.0532065
529 0.950666 0.585584 0.0525295
530 0.950666 0.613226 0.043709
531 0.950666 0.629738 0.0477002
532 0.950666 0.602857 0.0491802
533 0.950666 0.609114 0.050393
534 0.950666 0.586504 0.054069
535 0.950666 0.593379 0.0502801
536 0.950666 0.596285 0.0481771
537 0.950666 0.59054 0.0538155
538 0.950666 0.616411 0.0484153
539 0.950666 0.61041 0.0504369
540 0.950666 0.647269 0.0455145
541 0.950666 0.634232 0.0518605
542 0.950666 0.624885 0.0480696
543 0.950666 0.60178 0.0473717
544 0.950666 0.618196 0.0464588
545 0.950666 0.61533 0.0514036
546 0.950666 0.636663 0.0444843
547 0.950666 0.626246 0.0490269
548 0.950666 0.649471 0.0436392
549 0.950666 0.641614 0.041834
550 0.950666 0.635465 0.0415013
551 0.950666 0.640071 0.0406551
552 0.950835 0.645361 0.0379922
553 0.950835 0.645242 0.0363813
554 0.950835 0.630409 0.0425746
555 0.950835 0.632582 0.0450686
556 0.950835 0.63631 0.0513981
557 0.950835 0.620804 0.0466803
558 0.950835 0.599424 0.0471723
559 0.950835 0.602023 0.0459413
560 0.950835 0.597146 0.0469301
561 0.950835 0.593909 0.0523842
562 0.950835 0.606416 0.0532394
563 0.950835 0.610338 0.0529378
564 0.950835 0.58779 0.0546036
565 0.950835 0.605627 0.0506407
566 0.950835 0.614531 0.0485008
567 0.950835 0.622607 0.0444521
568 0.950835 0.609223 0.0530449
569 0.950835 0.616992 0.0503122
570 0.950835 0.643505 0.0537346
571 0.950835 0.611606 0.053236
572 0.950835 0.601063 0.0516889
573 0.950835 0.630524 0.0480424
574 0.951054 0.609365 0.0461839
575 0.951095 0.626879 0.0475423
576 0.951095 0.632633 0.048515
577 0.951095 0.629297 0.0467853
578 0.951242 0.650303 0.0506554
579 0.951242 0.645228 0.0490066
580 0.951242 0.621644 0.0451192
581 0.951242 0.653305 0.041944
582 0.951242 0.65032 0.0444938
583 0.951242 0.655113 0.0412847
584 0.951242 0.663268 0.0403887
585 0.951242 0.642594 0.0440879
586 0.951242 0.645864 0.0507731
587 0.951242 0.641152 0.0508394
588 0.951242 0.61603 0.0530614
589 0.951242 0.624674 0.0499522
590 0.951242 0.634644 0.0450491
591 0.951242 0.627378 0.0490857
592 0.951242 0.640286 0.0449031
593 0.951242 0.63594 0.0457042
594 0.951242 0.574313 0.0466682
595 0.951242 0.588524 0.0532684
596 0.951242 0.582646 0.0568171
597 0.951242 0.600503 0.0562637
598 0.951242 0.600343 0.0575557
599 0.951242 0.602586 0.0576235
600 0.951242 0.608211 0.0523248
601 0.951242 0.596008 0.0482683
602 0.951242 0.580647 0.0504542
603 0.951242 0.596937 0.0512144
604 0.951242 0.6188 0.0508321
605 0.951242 0.611122 0.0518807
606 0.951242 0.629287 0.0490293
607 0.951242 0.604998 0.0519553
608 0.951242 0.600266 0.0491677
609 0.951242 0.588536 0.0534734
610 0.951242 0.596657 0.0474933
611 0.951242 0.593295 0.0465553
612 0.951242 0.587156 0.0518088
613 0.951242 0.592152 0.0438613
614 0.951242 0.576372 0.0424962
615 0.951242 0.59132 0.0428219
616 0.951242 0.616931 0.0455292
617 0.951242 0.602007 0.0517945
618 0.951242 0.608789 0.0545937
619 0.951242 0.614265 0.0435901
620 0.951242 0.61728 0.0409923
621 0.951242 0.634707 0.0424168
622 0.951242 0.659113 0.0443428
623 0.951242 0.659978 0.0469642
624 0.951242 0.633573 0.0438347
625 0.951242 0.623821 0.0435756
626 0.951242 0.642652 0.0458528
627 0.951242 0.625715 0.0402266
628 0.951242 0.609477 0.0460764
629 0.951242 0.621038 0.0464204
630 0.951242 0.639457 0.0458937
631 0.951242 0.606308 0.0516917
632 0.951242 0.618061 0.0510186
633 0.951242 0.63215 0.0446041
634 0.951242 0.626955 0.042746
635 0.951242 0.60106 0.0511537
636 0.951242 0.610028 0.0490014
637 0.951242 0.622494 0.0506653
638 0.951242 0.619894 0.0549697
639 0.951242 0.598605 0.0545956
640 0.951242 0.591375 0.0517934
641 0.951242 0.60983 0.0508473
642 0.951242 0.610503 0.0534764
643 0.951242 0.61018 0.0514861
644 0.951242 0.598815 0.0496191
645 0.951242 0.60206 0.0548629
646 0.951242 0.602161 0.0504542
647 0.951242 0.583381 0.0483126
648 0.951242 0.622468 0.0515829
649 0.951242 0.616193 0.0479031
650 0.951242 0.597661 0.0546591
651 0.951242 0.60264 0.0644584
652 0.951242 0.569474 0.0692335
653 0.951242 0.612567 0.0665637
654 0.951242 0.564565 0.0611482
655 0.951242 0.588429 0.0555777
656 0.951242 0.617137 0.0529406
657 0.951242 0.614315 0.0579988
658 0.951242 0.617182 0.0524074
659 0.951242 0.654614 0.0491946
660 0.951242 0.668604 0.0452494
661 0.951242 0.650732 0.0498728
662 0.951242 0.649045 0.0417423
663 0.951242 0.639992 0.0422507
664 0.951242 0.640228 0.0472173
665 0.951242 0.6351 0.0414038
666 0.951242 0.658188 0.0411811
667 0.951242 0.656158 0.0391597
668 0.951242 0.635012 0.044085
669 0.951242 0.61743 0.0498609
670 0.951841 0.628096 0.0505911
671 0.951841 0.65895 0.0429269
672 0.951841 0.653591 0.0486191
673 0.951841 0.63634 0.0516482
674 0.951841 0.642424 0.0476687
675 0.951841 0.638492 0.0511632
676 0.951841 0.612102 0.0469249
677 0.951841 0.610323 0.048025
678 0.951841 0.631819 0.0543626
679 0.951841 0.613551 0.0521556
680 0.951841 0.620073 0.0481027
681 0.951841 0.594698 0.0527302
682 0.951841 0.598881 0.0422655
683 0.951841 0.589901 0.0451192
684 0.951841 0.613389 0.0483384
685 0.951841 0.628479 0.042798
686 0.951841 0.615913 0.0475141
687 0.951841 0.584099 0.0538333
688 0.951841 0.609229 0.0501125
689 0.951841 0.600499 0.052009
690 0.951841 0.591671 0.0517892
691 0.951841 0.587099 0.0558664
692 0.951841 0.593182 0.0610447
693 0.951841 0.595588 0.0559714
694 0.951841 0.616111 0.0570664
695 0.951907 0.601304 0.05246
696 0.951907 0.594992 0.047872
697 0.951907 0.613294 0.0471745
698 0.951907 0.634508 0.045835
699 0.951907 0.641423 0.0446843
700 0.951907 0.65262 0.0412976
701 0.951907 0.62524 0.040645
702 0.951907 0.62493 0.0462529
703 0.951907 0.601219 0.0489566
704 0.951907 0.610605 0.0517485
705 0.951907 0.602825 0.04812
706 0.951907 0.587784 0.053951
707 0.951907 0.589339 0.0518893
708 0.951907 0.615141 0.0522064
709 0.951907 0.611303 0.0492298
710 0.951907 0.615638 0.0552049
711 0.951907 0.632771 0.045014
712 0.951907 0.622091 0.0462633
713 0.951907 0.633414 0.054339
714 0.951907 0.621761 0.0526962
715 0.951907 0.622799 0.0491808
716 0.951907 0.638211 0.0456294
717 0.951907 0.633948 0.0473033
718 0.951907 0.631165 0.0500414
719 0.951907 0.642726 0.0552907
720 0.951907 0.637632 0.0525803
721 0.951907 0.607307 0.0492946
722 0.951907 0.623914 0.0542513
723 0.951907 0.640557 0.052345
724 0.951907 0.622992 0.0530413
725 0.951907 0.613859 0.0495443
726 0.951907 0.591858 0.0459848
727 0.951907 0.590912 0.050425
728 0.951907 0.60339 0.048143
729 0.951907 0.635904 0.0483556
730 0.951907 0.598404 0.0537132
731 0.951907 0.590346 0.0511218
732 0.951907 0.600904 0.0463496
733 0.951907 0.638814 0.0449259
734 0.951907 0.622013 0.0431062
735 0.951907 0.604748 0.0504148
736 0.951907 0.617417 0.0523627
737 0.951907 0.606818 0.0535144
738 0.951907 0.636458 0.051807
739 0.951907 0.643556 0.0521444
740 0.951907 0.613811 0.0451605
741 0.951907 0.631302 0.0437725
742 0.951956 0.643934 0.0425118
743 0.951956 0.645402 0.048132
744 0.951956 0.659692 0.0511342
745 0.951956 0.632701 0.0470083
746 0.951956 0.627224 0.0486235
747 0.951956 0.622307 0.0558403
748 0.951956 0.622894 0.0485926
749 0.951956 0.620575 0.0483572
750 0.951956 0.596754 0.0488509
751 0.951956 0.620994 0.0498956
752 0.951956 0.62279 0.0412578
753 0.951956 0.638287 0.0427944
754 0.951956 0.659428 0.0424133
755 0.951956 0.612373 0.0497706
756 0.951956 0.635477 0.0453188
757 0.951956 0.583444 0.0451826
758 0.951956 0.593777 0.0510931
759 0.951956 0.557737 0.0470362
760 0.951956 0.556387 0.0546587
761 0.952006 0.562038 0.0520612
762 0.952006 0.583127 0.049524
763 0.952006 0.579556 0.0439752
764 0.952006 0.598604 0.0556946
765 0.952006 0.602071 0.048166
766 0.952006 0.609943 0.0523034
767 0.952006 0.61033 0.0512493
768 0.952006 0.624565 0.0466133
769 0.952006 0.62405 0.0530474
770 0.952006 0.643392 0.049861
771 0.952006 0.64982 0.0489859
772 0.952006 0.668408 0.0486455
773 0.952006 0.649597 0.0461712
774 0.952006 0.666109 0.0451004
775 0.952006 0.647901 0.0494951
776 0.952006 0.633339 0.0508286
777 0.952006 0.65967 0.0409217
778 0.952006 0.685198 0.0336003
779 0.952006 0.663536 0.0434938
780 0.952006 0.648869 0.0429037
781 0.952006 0.636192 0.0468674
782 0.952006 0.64959 0.0415817
783 0.952006 0.64787 0.0448396
784 0.952006 0.640075 0.0463931
785 0.952006 0.630958 0.0431779
786 0.952006 0.630994 0.0435167
787 0.952006 0.625034 0.040834
788 0.952006 0.638146 0.0463088
789 0.952006 0.624956 0.0461436
790 0.952006 0.615503 0.050713
791 0.952006 0.611168 0.054593
792 0.952006 0.622871 0.0547229
793 0.952006 0.626753 0.0436665
794 0.952006 0.643729 0.041778
795 0.952006 0.601224 0.0517853
796 0.952006 0.604157 0.046766
797 0.952006 0.608445 0.0476011
798 0.952006 0.614537 0.0537122
799 0.952006 0.63352 0.049563
800 0.952006 0.63376 0.0537777
801 0.952006 0.629243 0.052422
802 0.952006 0.6253 0.0496407
803 0.952006 0.629732 0.0524156
804 0.952006 0.639239 0.0548891
805 0.952006 0.653816 0.0429741
806 0.952006 0.666505 0.0432749
807 0.952006 0.649213 0.0397476
808 0.952006 0.633101 0.0474181
809 0.952006 0.618834 0.0482621
810 0.952006 0.623711 0.0407409
811 0.952006 0.638031 0.0439801
812 0.952006 0.621675 0.0468822
813 0.952006 0.618444 0.0446212
814 0.952006 0.649742 0.0411728
815 0.952006 0.635402 0.0480073
816 0.952006 0.642582 0.0472263
817 0.952006 0.656592 0.0388904
818 0.952006 0.650059 0.0412915
819 0.952006 0.617726 0.0469287
820 0.952006 0.625547 0.0516798
821 0.952006 0.628967 0.0516035
822 0.952006 0.629956 0.0586371
823 0.952006 0.645811 0.0499536
824 0.952006 0.625582 0.05229
825 0.952224 0.62799 0.0540317
826 0.952948 0.603949 0.0500325
827 0.952948 0.62342 0.0478407
828 0.952948 0.62672 0.054235
829 0.952948 0.638413 0.0505994
830 0.952948 0.613125 0.0612415
831 0.952948 0.621587 0.0504612
832 0.952948 0.634158 0.0504862
833 0.952948 0.647689 0.0452961
834 0.952948 0.611145 0.0471191
835 0.952948 0.622973 0.0439486
836 0.952948 0.61801 0.0480533
837 0.952948 0.611482 0.0461608
838 0.952948 0.598371 0.0465664
839 0.952948 0.626044 0.0565063
840 0.952948 0.615194 0.0476755
841 0.952948 0.628332 0.0500294
842 0.952948 0.61734 0.049224
843 0.952948 0.603016 0.0468908
844 0.952948 0.59338 0.0458013
845 0.952948 0.622221 0.0433712
846 0.952948 0.62385 0.0441959
847 0.952948 0.632437 0.0469771
848 0.952948 0.626209 0.0482833
849 0.952948 0.619794 0.0500741
850 0.952948 0.615511 0.0509582
851 0.952948 0.606666 0.0428661
852 0.952948 0.627577 0.0447108
853 0.952948 0.601105 0.0411586
854 0.952948 0.612352 0.0488592
855 0.952948 0.63022 0.0514597
856 0.952948 0.597924 0.050528
857 0.952948 0.569403 0.0523475
858 0.952948 0.59401 0.0531527
859 0.952948 0.609465 0.0553356
860 0.952948 0.62053 0.0545483
861 0.952948 0.61924 0.0597123
862 0.952948 0.625315 0.0538014
863 0.952948 0.632752 0.0510209
864 0.952948 0.628625 0.0509894
865 0.952948 0.628937 0.0558436
866 0.952948 0.652026 0.0482868
867 0.952948 0.663963 0.0460139
868 0.952948 0.666752 0.0471672
869 0.952948 0.637906 0.0471102
870 0.952948 0.617357 0.0437491
871 0.952948 0.63285 0.041745
872 0.952948 0.649123 0.0401221
873 0.952948 0.631548 0.0414997
874 0.952948 0.62677 0.0447819
875 0.952948 0.643783 0.0401149
876 0.952948 0.604766 0.0472431
877 0.952948 0.615513 0.0483256
878 0.952948 0.61104 0.0482096
879 0.952948 0.58281 0.0442059
880 0.952948 0.567399 0.052088
881 0.952948 0.566955 0.0542387
882 0.952948 0.59288 0.0566088
883 0.952948 0.59078 0.0589938
884 0.952948 0.597628 0.0503957
885 0.952948 0.604339 0.0534942
886 0.952948 0.581276 0.0497944
887 0.952948 0.5996 0.0518516
888 0.952948 0.590105 0.0482104
889 0.952948 0.618471 0.0493944
890 0.952948 0.606061 0.0493415
891 0.952948 0.607647 0.0517031
892 0.952948 0.593915 0.0466221
893 0.952948 0.603541 0.0499523
894 0.952948 0.616842 0.0523927
895 0.952948 0.61785 0.0452887
896 0.952948 0.632714 0.0440668
897 0.952948 0.646308 0.0457327
898 0.952948 0.639613 0.0443154
899 0.952948 0.638353 0.0455624
900 0.952948 0.639742 0.0495749
901 0.952948 0.649337 0.046998
902 0.952948 0.641254 0.0479337
903 0.952948 0.627064 0.0468577
904 0.952948 0.627721 0.0484703
905 0.952948 0.620179 0.0463174
906 0.952948 0.6081 0.0426444
907 0.952948 0.596103 0.0436598
908 0.952948 0.597958 0.0463453
909 0.952948 0.602456 0.0444826
910 0.952948 0.585772 0.05195
911 0.952948 0.567475 0.0465315
912 0.952948 0.579647 0.0481124
913 0.952948 0.60115 0.0544327
914 0.952948 0.596707 0.0511835
915 0.952948 0.618892 0.0551563
916 0.952948 0.640551 0.0436021
917 0.952948 0.626812 0.049723
918 0.952948 0.599939 0.0528907
919 0.952948 0.615505 0.0580926
920 0.952948 0.630162 0.0486015
921 0.952948 0.639377 0.0458678
922 0.952948 0.62636 0.0491067
923 0.952948 0.592122 0.0455537
924 0.952948 0.621117 0.0508198
925 0.952948 0.595857 0.0482791
926 0.952948 0.612143 0.0465932
927 0.952948 0.613381 0.0540533
928 0.952948 0.609096 0.0560343
929 0.952948 0.617201 0.0571967
930 0.952948 0.627277 0.058661
931 0.952948 0.625358 0.0513789
932 0.952948 0.625781 0.0526955
933 0.952948 0.636151 0.0462339
934 0.952948 0.623084 0.0455867
935 0.952948 0.638734 0.0446569
936 0.952948 0.651727 0.0423727
937 0.952948 0.647081 0.045601
938 0.952948 0.624534 0.0535384
939 0.952948 0.59206 0.0613729
940 0.952948 0.617001 0.0617684
941 0.952948 0.631941 0.0515469
942 0.952948 0.651064 0.0463534
943 0.952948 0.613215 0.046082
944 0.952948 0.586948 0.047595
945 0.952948 0.596219 0.0460019
946 0.952948 0.606787 0.0505522
947 0.952948 0.618767 0.0456655
948 0.952948 0.629111 0.0483805
949 0.952948 0.632905 0.0448613
950 0.952948 0.594025 0.04351
951 0.952948 0.620982 0.0404237
952 0.952948 0.607668 0.0511254
953 0.952948 0.607068 0.0469471
954 0.952948 0.613064 0.0457696
955 0.952948 0.629894 0.0522664
956 0.952948 0.618295 0.0428414
957 0.952948 0.573412 0.0450287
958 0.952948 0.592537 0.050692
959 0.952948 0.601149 0.0482041
960 0.952948 0.607889 0.0529827
961 0.952948 0.614971 0.0570057
962 0.952948 0.590931 0.0497025
963 0.952948 0.61122 0.0513552
964 0.952948 0.635699 0.0496406
965 0.952948 0.627689 0.0438237
966 0.952948 0.622009 0.0478145
967 0.952948 0.61511 0.047432
968 0.952948 0.603066 0.0473367
969 0.952948 0.60917 0.047161
970 0.952948 0.603821 0.0477741
971 0.952948 0.622852 0.050585
972 0.952948 0.596066 0.0492337
973 0.952948 0.618222 0.0518453
974 0.952948 0.634022 0.0452171
975 0.952948 0.630483 0.049213
976 0.952948 0.607854 0.0605489
977 0.952948 0.606038 0.0592927
978 0.952948 0.635724 0.0473665
979 0.952948 0.626029 0.0462314
980 0.952948 0.591447 0.0511854
981 0.952948 0.580448 0.0591009
982 0.952948 0.587305 0.0547544
983 0.952948 0.595482 0.0591064
984 0.952948 0.575312 0.0604863
985 0.952948 0.612704 0.0575397
986 0.952948 0.581633 0.0596639
987 0.952948 0.566437 0.0511768
988 0.952948 0.599082 0.0521334
989 0.952948 0.577052 0.0481405
990 0.952948 0.603541 0.0599671
991 0.952948 0.579781 0.0587606
992 0.952948 0.609628 0.0565726
993 0.952948 0.626855 0.0572838
994 0.952948 0.621382 0.054436
995 0.952948 0.621137 0.041688
996 0.952948 0.630256 0.0441665
997 0.952948 0.661025 0.0434262
998 0.952948 0.638672 0.0491152
999 0.952948 0.623723 0.0463066
1000 0.952948 0.601413 0.0434497
