0 0.508203 0.254718 0.000988719
1 0.508203 0.259516 0.00133464
2 0.508203 0.26702 0.00245909
3 0.508203 0.273306 0.0030894
4 0.508203 0.270126 0.00363968
5 0.508203 0.276185 0.00402919
6 0.508203 0.281359 0.0046664
7 0.51126 0.285576 0.00495901
8 0.512698 0.286352 0.00626271
9 0.512698 0.295049 0.00757209
10 0.567123 0.307848 0.0102754
11 0.567123 0.314901 0.0114832
12 0.567123 0.308541 0.0127716
13 0.567123 0.311741 0.0137042
14 0.567123 0.319346 0.0137851
15 0.567123 0.320515 0.0145599
16 0.567123 0.327539 0.0147299
17 0.567123 0.332957 0.015143
18 0.567123 0.320955 0.0163659
19 0.567123 0.3253 0.0149105
20 0.573295 0.329595 0.0144228
21 0.583996 0.32371 0.0143807
22 0.583996 0.323171 0.0167779
23 0.583996 0.335432 0.0167954
24 0.586444 0.349897 0.0181354
25 0.586444 0.357389 0.0176276
26 0.650384 0.360163 0.017418
27 0.650384 0.36788 0.0159858
28 0.650384 0.371567 0.0180997
29 0.670278 0.371786 0.0169317
30 0.674917 0.377609 0.0164243
31 0.674917 0.374467 0.0168174
32 0.674917 0.384062 0.017831
33 0.674917 0.373619 0.0148347
34 0.674917 0.373114 0.0169791
35 0.674917 0.369725 0.0163771
36 0.674917 0.361305 0.0179523
37 0.674917 0.353405 0.0179618
38 0.674917 0.361252 0.0196426
39 0.674917 0.369945 0.0195039
40 0.674917 0.369265 0.0183416
41 0.685882 0.380869 0.0210216
42 0.685882 0.377309 0.0216444
43 0.690609 0.378832 0.0222113
44 0.716951 0.385162 0.0260463
45 0.716951 0.385907 0.0269291
46 0.716951 0.403388 0.0261399
47 0.716951 0.3901 0.0257565
48 0.716951 0.393945 0.0277193
49 0.716951 0.380941 0.0240786
50 0.716951 0.396228 0.0280094
51 0.722789 0.429725 0.0291264
52 0.722789 0.416706 0.0267189
53 0.722789 0.417639 0.0259377
54 0.735445 0.422061 0.0261993
55 0.735445 0.428209 0.0258568
56 0.735445 0.456906 0.0282657
57 0.735445 0.446807 0.0237289
58 0.735445 0.46938 0.0281164
59 0.735445 0.446153 0.025837
60 0.735445 0.471149 0.0285188
61 0.750513 0.488739 0.0270691
62 0.750513 0.477645 0.0210559
63 0.750513 0.478106 0.0231692
64 0.750513 0.469033 0.0218
65 0.750513 0.490906 0.0246505
66 0.750513 0.470842 0.0240554
67 0.7519 0.470272 0.0235714
68 0.7519 0.480129 0.023453
69 0.7519 0.492617 0.0204621
70 0.7519 0.512266 0.0204031
71 0.763928 0.500394 0.0219198
72 0.763928 0.504933 0.0225271
73 0.763928 0.495249 0.0234543
74 0.763928 0.468275 0.0255026
75 0.763928 0.477312 0.027056
76 0.763928 0.480133 0.0258067
77 0.763928 0.476774 0.0236603
78 0.763928 0.492175 0.0241823
79 0.763928 0.470961 0.0283182
80 0.763928 0.476813 0.0319232
81 0.763928 0.482935 0.0269332
82 0.763928 0.487348 0.0261814
83 0.771471 0.475661 0.0282581
84 0.772557 0.48146 0.0276981
85 0.772557 0.485715 0.0246454
86 0.772557 0.471148 0.0231312
87 0.772557 0.47944 0.0272418
88 0.772557 0.478195 0.0220067
89 0.772557 0.483746 0.0263746
90 0.795753 0.48031 0.0278899
91 0.795753 0.491192 0.0268484
92 0.795753 0.490066 0.0261061
93 0.795753 0.495576 0.0268598
94 0.795753 0.489516 0.0259226
95 0.795753 0.493193 0.0289885
96 0.795753 0.472065 0.0293567
97 0.795753 0.483001 0.0248718
98 0.795753 0.491936 0.0276706
99 0.795753 0.48586 0.0266388
100 0.795753 0.495028 0.022671
101 0.795753 0.508554 0.0257491
102 0.795753 0.478205 0.0293242
103 0.795753 0.482393 0.0277068
104 0.797042 0.509886 0.0276989
105 0.797042 0.490711 0.0269444
106 0.797042 0.504405 0.0283735
107 0.804785 0.530924 0.0272219
108 0.804785 0.532325 0.026145
109 0.804785 0.529016 0.0297647
110 0.804785 0.518046 0.0291062
111 0.804785 0.52918 0.0276942
112 0.804785 0.508924 0.0278462
113 0.804785 0.510333 0.029625
114 0.804785 0.513763 0.0307278
115 0.804785 0.510595 0.0263493
116 0.806181 0.503456 0.0301133
117 0.806181 0.511869 0.03259
118 0.806181 0.525435 0.0278015
119 0.806181 0.509654 0.02705
120 0.806181 0.496789 0.0321254
121 0.806181 0.511999 0.0293641
122 0.806181 0.512782 0.0280115
123 0.806181 0.514379 0.0217908
124 0.806181 0.546853 0.0253625
125 0.806181 0.528684 0.0270871
126 0.806181 0.523959 0.0240895
127 0.806181 0.515451 0.0273036
128 0.806181 0.51992 0.0306834
129 0.820126 0.528222 0.0239382
130 0.820126 0.548167 0.0253016
131 0.820126 0.548312 0.0231572
132 0.820126 0.551721 0.0221302
133 0.820126 0.568211 0.0205824
134 0.820126 0.566344 0.0275541
135 0.820687 0.562682 0.0277265
136 0.820687 0.549512 0.0263978
137 0.820687 0.535703 0.0291867
138 0.822962 0.534626 0.0266837
139 0.822962 0.523215 0.0259277
140 0.822962 0.53086 0.0284821
141 0.822962 0.535535 0.0301703
142 0.822962 0.533599 0.0328832
143 0.823235 0.542759 0.0336447
144 0.826899 0.553345 0.0346083
145 0.826899 0.561988 0.030145
146 0.826899 0.572026 0.0245642
147 0.833696 0.575946 0.0351756
148 0.833696 0.542545 0.0370367
149 0.833696 0.553843 0.0316195
150 0.833696 0.564283 0.0326116
151 0.833696 0.560852 0.033183
152 0.833696 0.542308 0.0337821
153 0.833696 0.535481 0.0332977
154 0.833696 0.536145 0.0337861
155 0.833696 0.552814 0.036085
156 0.833696 0.542168 0.0393804
157 0.833696 0.553571 0.0369468
158 0.833696 0.566273 0.0341794
159 0.833696 0.540053 0.0375273
160 0.833696 0.52661 0.0354826
161 0.833696 0.53813 0.0310376
162 0.833696 0.522245 0.0363629
163 0.833696 0.530396 0.0364348
164 0.833696 0.520406 0.0368567
165 0.833696 0.509087 0.0311427
166 0.833696 0.516828 0.0367584
167 0.833696 0.522396 0.0348693
168 0.833696 0.528273 0.032108
169 0.833696 0.554069 0.0322078
170 0.833696 0.578913 0.027152
171 0.833696 0.580584 0.0246382
172 0.833696 0.56587 0.0260193
173 0.833696 0.57423 0.0276919
174 0.835499 0.543011 0.0295239
175 0.835499 0.54097 0.034054
176 0.835499 0.540923 0.0337352
177 0.835499 0.549258 0.0294477
178 0.835499 0.525282 0.028903
179 0.835499 0.550314 0.0276716
180 0.835499 0.538096 0.0279886
181 0.835499 0.568931 0.0283431
182 0.835499 0.583809 0.0305692
183 0.835499 0.551022 0.0314935
184 0.835499 0.543614 0.0338619
185 0.835499 0.531039 0.0328441
186 0.835499 0.537408 0.0350245
187 0.838235 0.541954 0.0336122
188 0.838235 0.564112 0.0349063
189 0.838235 0.540869 0.033723
190 0.838235 0.518139 0.0324176
191 0.839232 0.532149 0.0359932
192 0.839232 0.542883 0.0355264
193 0.839232 0.543183 0.0308413
194 0.839232 0.557742 0.0321476
195 0.839232 0.573727 0.0324865
196 0.839232 0.576826 0.028375
197 0.839232 0.614844 0.0255407
198 0.839232 0.591984 0.0309875
199 0.839232 0.545005 0.032726
200 0.839232 0.536518 0.0303631
201 0.839232 0.541879 0.0412814
202 0.839232 0.511534 0.0371363
203 0.839232 0.538473 0.0345014
204 0.839232 0.53941 0.0338951
205 0.839232 0.564574 0.0298245
206 0.84004 0.558337 0.0324664
207 0.84004 0.55528 0.0359463
208 0.852054 0.538087 0.0337899
209 0.852054 0.567798 0.0311097
210 0.852054 0.55865 0.0356829
211 0.852054 0.56065 0.0298428
212 0.852054 0.539666 0.0295797
213 0.852054 0.55708 0.0293743
214 0.852054 0.559777 0.033799
215 0.852054 0.550607 0.0305143
216 0.852054 0.546969 0.0282721
217 0.852054 0.554731 0.0311369
218 0.852054 0.553886 0.0304448
219 0.852054 0.553681 0.0243298
220 0.852054 0.526196 0.0301685
221 0.852054 0.563388 0.0334507
222 0.852054 0.532936 0.0293147
223 0.852054 0.556952 0.0307657
224 0.852054 0.570987 0.0277792
225 0.852054 0.588387 0.0290796
226 0.852054 0.552714 0.0278747
227 0.852054 0.558516 0.030337
228 0.852054 0.560197 0.0253585
229 0.852054 0.556846 0.0281837
230 0.852054 0.571339 0.0309454
231 0.852054 0.572445 0.0306882
232 0.852054 0.539911 0.0305338
233 0.852054 0.557945 0.0299872
234 0.852054 0.556809 0.0297872
235 0.852054 0.538809 0.0304444
236 0.852054 0.556275 0.027131
237 0.852054 0.550806 0.0295468
238 0.852054 0.553525 0.0311721
239 0.852054 0.584405 0.028697
240 0.852054 0.561423 0.0341911
241 0.852054 0.570721 0.0279908
242 0.852054 0.573782 0.0287916
243 0.852054 0.57373 0.0252024
244 0.852054 0.584971 0.0279179
245 0.852054 0.568648 0.0284121
246 0.852054 0.536862 0.0330299
247 0.852054 0.54029 0.0332298
248 0.852054 0.532622 0.0385688
249 0.852054 0.530996 0.0302126
250 0.852054 0.50926 0.0347956
251 0.852054 0.521936 0.0357506
252 0.852054 0.547514 0.0299556
253 0.852054 0.53289 0.0266119
254 0.852054 0.507692 0.0367314
255 0.852054 0.525574 0.0340195
256 0.852054 0.512435 0.0334916
257 0.852054 0.504985 0.0355826
258 0.852054 0.526124 0.0344353
259 0.852054 0.506892 0.0317445
260 0.852054 0.511197 0.0332067
261 0.852054 0.526888 0.033631
262 0.852054 0.5466 0.0287353
263 0.852054 0.514103 0.0271229
264 0.852054 0.536881 0.0297549
265 0.852054 0.512976 0.0340265
266 0.852054 0.496346 0.0331971
267 0.852054 0.52242 0.0340735
268 0.852054 0.502965 0.0339532
269 0.852054 0.488998 0.0344247
270 0.852054 0.502405 0.0330429
271 0.852054 0.519286 0.0337162
272 0.852054 0.544297 0.0316688
273 0.852054 0.531715 0.034022
274 0.852054 0.531414 0.0353556
275 0.852054 0.548717 0.0273016
276 0.852054 0.548145 0.0335007
277 0.852054 0.577595 0.0309504
278 0.852054 0.572414 0.029452
279 0.852054 0.544012 0.0325174
280 0.852054 0.527132 0.0384602
281 0.852054 0.525931 0.0319755
282 0.852054 0.536102 0.0291089
283 0.852054 0.533894 0.0333853
284 0.852054 0.539522 0.0402559
285 0.852054 0.578561 0.0337616
286 0.852054 0.542954 0.0309148
287 0.852054 0.518756 0.0286309
288 0.852054 0.532778 0.0307781
289 0.852054 0.556275 0.0275431
290 0.852054 0.539559 0.0335266
291 0.852054 0.55648 0.0330602
292 0.852054 0.583746 0.0292064
293 0.852054 0.544484 0.0303385
294 0.852054 0.554031 0.0259133
295 0.852054 0.542993 0.0250036
296 0.852054 0.570702 0.0256851
297 0.852054 0.552663 0.0262419
298 0.852054 0.531233 0.0283864
299 0.852054 0.548534 0.0298264
300 0.852054 0.553749 0.0276062
301 0.852054 0.553083 0.0349745
302 0.852054 0.521919 0.0309723
303 0.852054 0.538737 0.0324255
304 0.852054 0.542865 0.0305085
305 0.852054 0.546501 0.0304491
306 0.852054 0.531302 0.028661
307 0.852054 0.535732 0.0306849
308 0.852054 0.509284 0.0315947
309 0.852054 0.526855 0.0323912
310 0.852677 0.538712 0.0329394
311 0.852677 0.547249 0.0315781
312 0.852677 0.53008 0.0362453
313 0.852677 0.520654 0.0346704
314 0.852677 0.530489 0.0344135
315 0.852677 0.546999 0.0318721
316 0.852677 0.558135 0.0349938
317 0.852677 0.572564 0.0293715
318 0.852677 0.558797 0.0310245
319 0.852677 0.559492 0.0316906
320 0.852677 0.552914 0.0349943
321 0.852677 0.579523 0.0261787
322 0.852677 0.569522 0.0275082
323 0.852677 0.555133 0.0319251
324 0.852677 0.523196 0.0285562
325 0.852677 0.520403 0.0378887
326 0.852677 0.517365 0.0337548
327 0.852677 0.527142 0.0345595
328 0.852677 0.51211 0.0304982
329 0.852677 0.51459 0.0299438
330 0.852677 0.537068 0.0370467
331 0.852677 0.520575 0.037311
332 0.852677 0.525671 0.0372719
333 0.852677 0.535812 0.0290408
334 0.852677 0.550029 0.0333388
335 0.852677 0.521009 0.037078
336 0.852677 0.539673 0.0363499
337 0.852677 0.543508 0.0336612
338 0.852677 0.550768 0.0350409
339 0.852677 0.538544 0.0352272
340 0.852677 0.532999 0.0341445
341 0.852677 0.539837 0.0320336
342 0.852677 0.54984 0.0317161
343 0.852677 0.542219 0.0362165
344 0.852677 0.559652 0.0343266
345 0.852677 0.564218 0.0288996
346 0.852677 0.527939 0.0301953
347 0.852677 0.552831 0.032456
348 0.853374 0.533052 0.0331097
349 0.853374 0.550165 0.032033
350 0.853374 0.561113 0.0337411
351 0.853374 0.568675 0.0373099
352 0.853374 0.566113 0.032967
353 0.853374 0.561444 0.0318315
354 0.853374 0.540052 0.0294911
355 0.853374 0.542928 0.0289507
356 0.853374 0.543544 0.031405
357 0.853374 0.556135 0.0350224
358 0.853374 0.547722 0.0317914
359 0.853374 0.554387 0.0280203
360 0.853374 0.571411 0.0278506
361 0.853374 0.573532 0.0278948
362 0.853374 0.547624 0.0326438
363 0.853374 0.550929 0.0355888
364 0.853374 0.556739 0.0338398
365 0.853374 0.566992 0.0333828
366 0.853374 0.539291 0.033175
367 0.853374 0.534208 0.0371409
368 0.853374 0.51696 0.0378329
369 0.853374 0.530298 0.0323287
370 0.853374 0.543625 0.0292335
371 0.856015 0.541883 0.0371325
372 0.856015 0.530813 0.0380265
373 0.856015 0.525541 0.0337565
374 0.856015 0.556099 0.0308281
375 0.856015 0.541624 0.0305008
376 0.856015 0.538521 0.0271983
377 0.856015 0.53477 0.0278367
378 0.856015 0.54875 0.0356629
379 0.856015 0.530095 0.0329748
380 0.856015 0.517997 0.0347297
381 0.856015 0.56055 0.0357461
382 0.856015 0.554806 0.0316497
383 0.856015 0.524393 0.0314411
384 0.856015 0.533363 0.0295434
385 0.856015 0.549174 0.0325277
386 0.856015 0.562198 0.0318778
387 0.856015 0.551401 0.0320663
388 0.858767 0.529566 0.0363196
389 0.858767 0.569922 0.0327522
390 0.858767 0.546126 0.0323511
391 0.858767 0.545783 0.03463
392 0.858767 0.553703 0.030382
393 0.858767 0.533869 0.0378535
394 0.858767 0.54622 0.0366098
395 0.858767 0.533812 0.0383613
396 0.858767 0.531769 0.0384657
397 0.858767 0.568242 0.0341749
398 0.858767 0.552267 0.0362679
399 0.858767 0.53435 0.031704
400 0.858767 0.523397 0.0336529
401 0.858767 0.575031 0.0274
402 0.858767 0.553232 0.0329722
403 0.858767 0.541846 0.0361069
404 0.858767 0.535012 0.0322982
405 0.858767 0.541633 0.0348551
406 0.858767 0.540391 0.035876
407 0.858767 0.534436 0.0378967
408 0.858767 0.537896 0.0366738
409 0.858767 0.544076 0.0360534
410 0.858767 0.543255 0.0332779
411 0.858767 0.562269 0.0332659
412 0.858767 0.538056 0.0345803
413 0.858767 0.560516 0.0285648
414 0.858767 0.545664 0.0323027
415 0.858767 0.546119 0.0333213
416 0.865594 0.551111 0.0339623
417 0.865594 0.5599 0.0307783
418 0.865594 0.546731 0.0393425
419 0.865594 0.56779 0.0322389
420 0.865594 0.565372 0.0313131
421 0.865594 0.581463 0.0276197
422 0.865594 0.557381 0.0305007
423 0.865594 0.547683 0.0345567
424 0.865594 0.558069 0.0346394
425 0.865594 0.570956 0.034288
426 0.865594 0.538402 0.0411283
427 0.865594 0.518117 0.0364578
428 0.865594 0.529854 0.0312117
429 0.865594 0.551084 0.0343208
430 0.865594 0.530107 0.0352141
431 0.865594 0.525647 0.0354696
432 0.865594 0.546873 0.0348707
433 0.865594 0.567057 0.0317125
434 0.865594 0.542586 0.0362791
435 0.865594 0.544026 0.0297893
436 0.865594 0.54265 0.0334426
437 0.865594 0.541447 0.0317216
438 0.865594 0.543022 0.032399
439 0.865594 0.561569 0.0302276
440 0.865594 0.548347 0.0320447
441 0.865594 0.56938 0.028001
442 0.865594 0.545792 0.0305287
443 0.865594 0.550211 0.0266384
444 0.865594 0.532598 0.0288944
445 0.865594 0.516834 0.0339559
446 0.865594 0.523521 0.0383976
447 0.865594 0.549333 0.0353377
448 0.865594 0.57633 0.0338376
449 0.865594 0.562069 0.0327878
450 0.865594 0.547102 0.0314277
451 0.865594 0.551517 0.030813
452 0.865594 0.541578 0.0321404
453 0.865594 0.529621 0.0348974
454 0.865594 0.552706 0.0305293
455 0.865594 0.50804 0.0319723
456 0.865594 0.533355 0.0372761
457 0.865594 0.562368 0.0327003
458 0.865594 0.580101 0.0327511
459 0.865594 0.602844 0.0291296
460 0.865594 0.593771 0.0330225
461 0.865594 0.591992 0.028057
462 0.865594 0.565381 0.0271386
463 0.865594 0.546554 0.0296758
464 0.865594 0.57164 0.0326485
465 0.865594 0.554381 0.0315956
466 0.865594 0.55127 0.0306567
467 0.865594 0.548543 0.035975
468 0.865594 0.578906 0.0312048
469 0.865594 0.533318 0.03558
470 0.865594 0.498812 0.0369393
471 0.865594 0.519531 0.0364188
472 0.865594 0.551126 0.0364957
473 0.865594 0.565271 0.0372284
474 0.865594 0.564629 0.0322517
475 0.865594 0.593883 0.0303137
476 0.865594 0.568405 0.0327064
477 0.865594 0.584859 0.0307205
478 0.865594 0.585526 0.0338177
479 0.865594 0.580919 0.0302923
480 0.865594 0.596743 0.0315938
481 0.865594 0.591507 0.029602
482 0.865594 0.592712 0.0353136
483 0.865594 0.619863 0.0302189
484 0.865594 0.55573 0.0372198
485 0.865594 0.528438 0.0384203
486 0.865594 0.560941 0.0326452
487 0.865594 0.560022 0.0335249
488 0.865594 0.573759 0.0365906
489 0.865594 0.578796 0.0320348
490 0.865594 0.56194 0.0351076
491 0.865594 0.574137 0.0322319
492 0.865594 0.550649 0.0369511
493 0.865594 0.575437 0.0364453
494 0.865594 0.56774 0.0322279
495 0.865594 0.577597 0.0288822
496 0.865594 0.595737 0.0294099
497 0.865594 0.5869 0.0314474
498 0.865594 0.587217 0.0346515
499 0.865594 0.597738 0.0274811
500 0.865594 0.586947 0.0317957
501 0.865594 0.573844 0.0354976
502 0.865594 0.577535 0.0314104
503 0.865594 0.565394 0.0342421
504 0.865594 0.564922 0.0352293
505 0.865594 0.580061 0.037894
506 0.865594 0.629461 0.0299918
507 0.865594 0.61006 0.0333825
508 0.865594 0.578033 0.0375424
509 0.865594 0.581465 0.0357235
510 0.865594 0.546746 0.0311817
511 0.865594 0.545275 0.0336275
512 0.865594 0.543801 0.0349761
513 0.865594 0.543311 0.0371115
514 0.865594 0.562483 0.0314995
515 0.865594 0.562645 0.0333448
516 0.865594 0.570317 0.0341439
517 0.865594 0.57544 0.0327999
518 0.865594 0.561496 0.0347502
519 0.865594 0.592613 0.0311106
520 0.865594 0.598435 0.031834
521 0.865594 0.592429 0.0292698
522 0.865594 0.589098 0.0257552
523 0.865594 0.573863 0.0285801
524 0.865594 0.574457 0.0292398
525 0.868474 0.564764 0.0353768
526 0.868474 0.562472 0.0332332
527 0.868474 0.554642 0.0361233
528 0.868474 0.540773 0.0426013
529 0.868474 0.557028 0.0399286
530 0.868474 0.536166 0.0394533
531 0.868474 0.552582 0.0312771
532 0.868474 0.568069 0.0322214
533 0.868474 0.567899 0.0360178
534 0.868474 0.57506 0.0387052
535 0.868474 0.580849 0.0349206
536 0.868474 0.610098 0.0338706
537 0.868474 0.573259 0.0369689
538 0.868474 0.563514 0.0387769
539 0.868474 0.572306 0.0360475
540 0.868474 0.57466 0.0368494
541 0.868474 0.55135 0.0356183
542 0.868474 0.555749 0.0382526
543 0.868474 0.552762 0.0392296
544 0.868474 0.528886 0.0412433
545 0.868474 0.551794 0.0406511
546 0.868474 0.547467 0.0354731
547 0.868474 0.531039 0.0403158
548 0.870791 0.577394 0.0396104
549 0.870791 0.585926 0.0347491
550 0.870791 0.566689 0.0384851
551 0.870791 0.550742 0.0353786
552 0.870791 0.571219 0.0371522
553 0.870791 0.583848 0.0275504
554 0.870791 0.601721 0.0287492
555 0.870791 0.586799 0.0285259
556 0.870791 0.580021 0.0299299
557 0.870791 0.56777 0.0331138
558 0.870791 0.592293 0.0333367
559 0.870791 0.577434 0.0302065
560 0.870791 0.544093 0.0352301
561 0.870791 0.559912 0.0320851
562 0.870791 0.576868 0.0301691
563 0.870791 0.591301 0.0283615
564 0.870791 0.555447 0.0335281
565 0.870791 0.574622 0.0359443
566 0.870791 0.577566 0.0331512
567 0.870791 0.564623 0.0350499
568 0.870791 0.559889 0.0307121
569 0.870791 0.559259 0.0328326
570 0.870791 0.559451 0.0328675
571 0.870791 0.546088 0.0349509
572 0.870791 0.53152 0.0418079
573 0.870791 0.574314 0.0316665
574 0.870791 0.576804 0.03596
575 0.870791 0.565885 0.0367069
576 0.870791 0.548367 0.0358452
577 0.870791 0.533728 0.034675
578 0.870791 0.523934 0.0383186
579 0.870791 0.577032 0.0341443
580 0.870791 0.58119 0.0310502
581 0.870791 0.57802 0.0331292
582 0.870791 0.582537 0.0347781
583 0.870791 0.576276 0.031806
584 0.870791 0.580719 0.0385549
585 0.870791 0.593928 0.0352758
586 0.870791 0.579225 0.0399719
587 0.870791 0.58326 0.0369367
588 0.870791 0.598011 0.03514
589 0.870791 0.570664 0.0345336
590 0.870791 0.592449 0.0321259
591 0.870791 0.580302 0.0322673
592 0.870791 0.57129 0.0307893
593 0.870791 0.546488 0.0321344
594 0.870791 0.545321 0.0379957
595 0.870791 0.561099 0.0354184
596 0.870791 0.53522 0.0393875
597 0.870791 0.531093 0.0396441
598 0.870791 0.533499 0.0373103
599 0.870791 0.57904 0.0373309
600 0.870791 0.566926 0.036138
601 0.870791 0.569415 0.0334881
602 0.870791 0.570045 0.0333686
603 0.870791 0.583958 0.0312358
604 0.870791 0.584425 0.0281167
605 0.870791 0.56851 0.0302211
606 0.870791 0.575472 0.0282265
607 0.870791 0.544527 0.0355219
608 0.870791 0.569017 0.034085
609 0.870791 0.570706 0.0264356
610 0.870791 0.54296 0.0303234
611 0.870791 0.545362 0.032946
612 0.870791 0.538541 0.0333061
613 0.870791 0.52288 0.0358473
614 0.870791 0.54401 0.0337004
615 0.870791 0.568255 0.0321696
616 0.870791 0.566399 0.0364075
617 0.870791 0.570237 0.03496
618 0.870791 0.566551 0.0349657
619 0.870791 0.552873 0.0302447
620 0.870791 0.545979 0.032721
621 0.870791 0.536181 0.0318188
622 0.870791 0.587642 0.0334198
623 0.870791 0.568778 0.0272088
624 0.870791 0.553766 0.0321811
625 0.870791 0.561343 0.0321454
626 0.870791 0.576497 0.0345024
627 0.870791 0.561923 0.0314457
628 0.870791 0.54684 0.0380091
629 0.870791 0.555639 0.0334469
630 0.870791 0.55929 0.033413
631 0.870791 0.584536 0.0354066
632 0.870791 0.580469 0.0326565
633 0.870791 0.574329 0.0359132
634 0.870791 0.568519 0.03619
635 0.870791 0.585821 0.029811
636 0.870791 0.559678 0.0306325
637 0.870791 0.580046 0.0362166
638 0.870791 0.565938 0.0384816
639 0.870791 0.563627 0.0381168
640 0.870791 0.549563 0.0359643
641 0.870791 0.562373 0.0357374
642 0.870791 0.564035 0.0374339
643 0.870791 0.553982 0.0350511
644 0.870791 0.540041 0.0393716
645 0.870791 0.52912 0.0365781
646 0.870791 0.562277 0.0360032
647 0.870791 0.552722 0.03389
648 0.870791 0.558295 0.0384554
649 0.870791 0.560038 0.0352536
650 0.870791 0.563099 0.0310591
651 0.870791 0.571627 0.0290369
652 0.870791 0.575455 0.0303267
653 0.870791 0.558073 0.027911
654 0.870791 0.561595 0.0300364
655 0.870791 0.592961 0.029026
656 0.870791 0.570081 0.0340456
657 0.870791 0.567513 0.0302764
658 0.870791 0.535504 0.0333272
659 0.870791 0.565036 0.0302769
660 0.870791 0.543936 0.0335028
661 0.870791 0.542 0.0324724
662 0.870791 0.54874 0.0321218
663 0.870791 0.556039 0.0332246
664 0.870791 0.553902 0.0302296
665 0.870791 0.537849 0.0341015
666 0.870791 0.540354 0.0360218
667 0.870791 0.543509 0.0351297
668 0.870791 0.539011 0.038713
669 0.870791 0.534356 0.0386576
670 0.870791 0.568527 0.0391339
671 0.870791 0.543534 0.03766
672 0.870791 0.58149 0.0413958
673 0.870791 0.590722 0.0378991
674 0.870791 0.567564 0.038044
675 0.870791 0.556859 0.0368925
676 0.870791 0.563801 0.0374133
677 0.870791 0.54726 0.0353796
678 0.870791 0.557392 0.0410135
679 0.870791 0.577278 0.0360108
680 0.870791 0.563592 0.033142
681 0.870791 0.557832 0.0338659
682 0.870791 0.52558 0.0290226
683 0.870791 0.549017 0.0312291
684 0.870791 0.548512 0.030453
685 0.870791 0.577016 0.029432
686 0.870791 0.565137 0.03284
687 0.870791 0.574754 0.0308982
688 0.870791 0.592028 0.0297698
689 0.870791 0.584203 0.028096
690 0.870791 0.562948 0.032552
691 0.870791 0.575384 0.0313204
692 0.870791 0.567032 0.0285693
693 0.870791 0.552188 0.0315911
694 0.870791 0.561275 0.0354081
695 0.870791 0.549268 0.035694
696 0.870791 0.532068 0.0384005
697 0.870791 0.568667 0.0326443
698 0.870791 0.567218 0.03469
699 0.870791 0.552994 0.0359391
700 0.870791 0.565457 0.0348434
701 0.870791 0.565119 0.0345338
702 0.870791 0.57066 0.0305259
703 0.870791 0.564801 0.0305159
704 0.870791 0.573488 0.0317609
705 0.870791 0.577437 0.0360692
706 0.870791 0.543544 0.0322026
707 0.870791 0.539342 0.0302923
708 0.870791 0.542936 0.0359089
709 0.870791 0.559431 0.0262029
710 0.870791 0.544052 0.0304668
711 0.870791 0.571396 0.0276476
712 0.870791 0.541419 0.0323438
713 0.870791 0.564515 0.0356119
714 0.870791 0.565703 0.0350269
715 0.870791 0.565794 0.035633
716 0.870791 0.545342 0.0366998
717 0.870791 0.553236 0.0374204
718 0.870791 0.563878 0.034342
719 0.870791 0.546906 0.0407377
720 0.870791 0.583612 0.0362941
721 0.870791 0.583399 0.0349301
722 0.870791 0.581781 0.0366946
723 0.870791 0.567312 0.0328416
724 0.870791 0.576913 0.0304978
725 0.870791 0.55673 0.0304511
726 0.870791 0.556443 0.0334227
727 0.870791 0.573165 0.0378968
728 0.870791 0.535246 0.0390033
729 0.870791 0.539757 0.0389386
730 0.870791 0.548391 0.0358018
731 0.870791 0.521658 0.0407685
732 0.870791 0.536636 0.0413676
733 0.870791 0.551176 0.0381439
734 0.870791 0.563114 0.0346411
735 0.870791 0.543587 0.0327944
736 0.870791 0.548866 0.0365477
737 0.870791 0.543597 0.0348165
738 0.870791 0.530475 0.03398
739 0.870791 0.519812 0.036362
740 0.870791 0.51713 0.0354529
741 0.870791 0.554648 0.0391467
742 0.870791 0.525548 0.0360345
743 0.870791 0.537537 0.0294268
744 0.870791 0.547156 0.0356421
745 0.870791 0.528717 0.0353006
746 0.870791 0.56165 0.0329414
747 0.870791 0.568005 0.0311164
748 0.870791 0.552642 0.033154
749 0.870791 0.551835 0.0323767
750 0.870791 0.543657 0.0324246
751 0.870791 0.57956 0.0285581
752 0.870791 0.562864 0.0356137
753 0.870791 0.574992 0.0356953
754 0.870791 0.55353 0.0359227
755 0.870791 0.566534 0.0334297
756 0.870791 0.562606 0.0341833
757 0.870791 0.569003 0.032808
758 0.870791 0.545287 0.0338923
759 0.870791 0.554678 0.0345132
760 0.870791 0.522901 0.0358772
761 0.870791 0.530823 0.0397251
762 0.870791 0.542606 0.0333513
763 0.870791 0.554417 0.0317818
764 0.870791 0.56281 0.0344947
765 0.870791 0.560167 0.0343707
766 0.870791 0.529784 0.0349456
767 0.870791 0.525734 0.031777
768 0.870791 0.55465 0.0341179
769 0.870791 0.545303 0.0302572
770 0.870791 0.556569 0.032465
771 0.870791 0.548803 0.0337659
772 0.870791 0.567944 0.0361998
773 0.870791 0.590419 0.0336264
774 0.870791 0.573599 0.0349466
775 0.870791 0.554008 0.0341805
776 0.870791 0.580668 0.0307893
777 0.870791 0.553559 0.0333101
778 0.870791 0.572532 0.0370082
779 0.870791 0.571605 0.0329147
780 0.870791 0.565476 0.0286675
781 0.870791 0.556363 0.0310788
782 0.870791 0.553825 0.0348973
783 0.870791 0.55945 0.0304969
784 0.870791 0.553263 0.0309502
785 0.870791 0.52443 0.0312617
786 0.870791 0.544961 0.0333967
787 0.870791 0.516553 0.0332242
788 0.870791 0.565504 0.0271031
789 0.870791 0.565645 0.0311279
790 0.870791 0.56207 0.0338611
791 0.870791 0.568316 0.0336999
792 0.870791 0.557937 0.032565
793 0.870791 0.57354 0.0316173
794 0.870791 0.562703 0.0320615
795 0.870791 0.580255 0.0325379
796 0.870791 0.553738 0.035851
797 0.870791 0.558531 0.0333816
798 0.870791 0.548821 0.029421
799 0.870791 0.563097 0.0326361
800 0.870791 0.53923 0.0313253
801 0.870791 0.558557 0.0330079
802 0.870791 0.548071 0.0334223
803 0.870791 0.534853 0.0355659
804 0.870791 0.549669 0.0350671
805 0.870791 0.578735 0.0382599
806 0.870791 0.574299 0.0367924
807 0.870791 0.545872 0.0311619
808 0.870791 0.534618 0.0413849
809 0.870791 0.566698 0.0348004
810 0.870791 0.5512 0.0380934
811 0.870791 0.562802 0.036603
812 0.870791 0.545844 0.0358623
813 0.870791 0.551444 0.0336338
814 0.870791 0.566126 0.0363035
815 0.870791 0.547121 0.0320038
816 0.870791 0.536148 0.0373619
817 0.870791 0.534554 0.0321683
818 0.870791 0.55718 0.027111
819 0.870791 0.557817 0.0316646
820 0.870791 0.588193 0.0260866
821 0.870791 0.578945 0.0286813
822 0.870791 0.558374 0.0353247
823 0.870791 0.552823 0.0349233
824 0.870791 0.565625 0.0340626
825 0.870791 0.596164 0.0303235
826 0.870791 0.585713 0.0307806
827 0.870791 0.540799 0.040233
828 0.870791 0.538388 0.0377523
829 0.870791 0.551669 0.0407579
830 0.870791 0.554089 0.0377673
831 0.870791 0.586214 0.0367191
832 0.870791 0.586871 0.0328936
833 0.870791 0.578546 0.0350991
834 0.870791 0.565846 0.0355887
835 0.870791 0.549503 0.0332488
836 0.870791 0.551754 0.0401593
837 0.870791 0.560102 0.0332219
838 0.870791 0.559139 0.0353327
839 0.870791 0.543265 0.035072
840 0.870791 0.573093 0.034962
841 0.870791 0.559062 0.031564
842 0.870791 0.550593 0.0357436
843 0.870791 0.5776 0.0363347
844 0.870791 0.569706 0.0341755
845 0.870791 0.562182 0.0345784
846 0.870791 0.55956 0.0345785
847 0.870791 0.542267 0.0339518
848 0.870791 0.535994 0.0315576
849 0.870791 0.538775 0.0329146
850 0.870791 0.560065 0.0338742
851 0.870791 0.555109 0.032362
852 0.870791 0.555406 0.0333576
853 0.870791 0.568718 0.0315351
854 0.870791 0.57564 0.0316852
855 0.870791 0.572717 0.0336289
856 0.870791 0.568057 0.0337283
857 0.870791 0.554125 0.0308931
858 0.870791 0.5517 0.0325018
859 0.870791 0.572945 0.0307305
860 0.870791 0.567193 0.0322655
861 0.870791 0.56419 0.0304421
862 0.870791 0.549641 0.0311451
863 0.870791 0.539562 0.0325031
864 0.870791 0.543196 0.0325416
865 0.870791 0.560379 0.0320046
866 0.870791 0.568074 0.0359602
867 0.870791 0.560222 0.0355255
868 0.870791 0.567695 0.0384574
869 0.870791 0.528602 0.0379416
870 0.870791 0.554691 0.0328281
871 0.870791 0.579201 0.0358716
872 0.870791 0.57639 0.0353537
873 0.870791 0.594027 0.0319701
874 0.870791 0.58788 0.0294744
875 0.870791 0.56715 0.0294345
876 0.870791 0.552911 0.0372385
877 0.870791 0.553857 0.0363389
878 0.870791 0.578481 0.0342068
879 0.870791 0.565181 0.0363861
880 0.870791 0.555826 0.0333947
881 0.870791 0.548591 0.0305829
882 0.870791 0.552041 0.0272013
883 0.870791 0.564935 0.0344733
884 0.870791 0.550599 0.0304532
885 0.870791 0.5619 0.0326764
886 0.870791 0.557407 0.0321271
887 0.870791 0.563501 0.0331139
888 0.870791 0.562944 0.0309441
889 0.870791 0.560419 0.0322341
890 0.870791 0.572793 0.0289117
891 0.870791 0.548487 0.0341597
892 0.870791 0.554504 0.0297773
893 0.870791 0.555776 0.0355757
894 0.870791 0.571515 0.0388174
895 0.870791 0.569077 0.0409246
896 0.870791 0.588625 0.0351109
897 0.873993 0.597273 0.0327022
898 0.873993 0.5657 0.0394867
899 0.873993 0.567148 0.0347756
900 0.873993 0.560082 0.0357349
901 0.873993 0.604116 0.0366591
902 0.873993 0.559637 0.0364455
903 0.873993 0.540578 0.0357532
904 0.873993 0.522341 0.0360142
905 0.873993 0.547335 0.037373
906 0.873993 0.573544 0.0362276
907 0.873993 0.570799 0.0405969
908 0.873993 0.561125 0.0378458
909 0.873993 0.554159 0.0418407
910 0.873993 0.559205 0.0396857
911 0.873993 0.543735 0.0359526
912 0.87747 0.541047 0.0374404
913 0.87747 0.547741 0.033019
914 0.87747 0.549707 0.0356901
915 0.87747 0.587699 0.0343184
916 0.87747 0.591942 0.0277242
917 0.87747 0.568371 0.0317543
918 0.87747 0.576478 0.0356185
919 0.87747 0.582094 0.0298438
920 0.87747 0.571557 0.0326196
921 0.87747 0.577495 0.0352563
922 0.87747 0.584809 0.030666
923 0.87747 0.578612 0.0280294
924 0.87747 0.583503 0.035925
925 0.87747 0.558278 0.033793
926 0.87747 0.559671 0.0325481
927 0.87747 0.583083 0.0371756
928 0.87747 0.566381 0.0351584
929 0.87747 0.537327 0.0325259
930 0.87747 0.542058 0.0354882
931 0.87747 0.541699 0.0319713
932 0.87747 0.550244 0.0365646
933 0.87747 0.519165 0.0350793
934 0.87747 0.564822 0.035755
935 0.87747 0.555007 0.033556
936 0.87747 0.551064 0.0339832
937 0.87747 0.580494 0.0332568
938 0.87747 0.563338 0.0325424
939 0.87747 0.565382 0.035235
940 0.87747 0.531343 0.0349453
941 0.87747 0.561761 0.0387449
942 0.87747 0.527426 0.0354682
943 0.87747 0.562545 0.0346285
944 0.87747 0.528666 0.0347591
945 0.87747 0.553728 0.036984
946 0.87747 0.55046 0.0376369
947 0.87747 0.548937 0.0355722
948 0.87747 0.539836 0.0376769
949 0.87747 0.532528 0.0372168
950 0.87747 0.571712 0.0380841
951 0.87747 0.564763 0.0337422
952 0.87747 0.54939 0.0323364
953 0.87747 0.580188 0.0325086
954 0.87747 0.57276 0.0306152
955 0.87747 0.577698 0.0330505
956 0.87747 0.575169 0.0336724
957 0.87747 0.575763 0.0382761
958 0.87747 0.560746 0.0363857
959 0.87747 0.552172 0.0380495
960 0.87747 0.581621 0.0380778
961 0.87747 0.562443 0.0355459
962 0.87747 0.558622 0.0341045
963 0.87747 0.535276 0.0345957
964 0.87747 0.540657 0.0366292
965 0.87747 0.56229 0.0375325
966 0.87747 0.566136 0.0335095
967 0.87747 0.583336 0.0317897
968 0.87747 0.573926 0.0325888
969 0.87747 0.561056 0.0316093
970 0.87747 0.577371 0.0332015
971 0.87747 0.571452 0.033149
972 0.87747 0.578102 0.0317344
973 0.87747 0.603944 0.0302961
974 0.87747 0.605557 0.0320545
975 0.87747 0.578748 0.032064
976 0.87747 0.571822 0.0340552
977 0.87747 0.592072 0.0366746
978 0.87747 0.562048 0.0359419
979 0.87747 0.584449 0.0325107
980 0.87747 0.560885 0.0354442
981 0.87747 0.557305 0.0347305
982 0.87747 0.549599 0.0393722
983 0.87747 0.546394 0.0408028
984 0.87747 0.556482 0.0371504
985 0.87747 0.555446 0.0461965
986 0.87747 0.546605 0.0419238
987 0.87747 0.527694 0.0343871
988 0.87747 0.555528 0.0354251
989 0.87747 0.544848 0.0405929
990 0.87747 0.564633 0.0384997
991 0.87747 0.530664 0.0355862
992 0.87747 0.542988 0.0364505
993 0.87747 0.556407 0.0334237
994 0.87747 0.548638 0.0324468
995 0.87747 0.557663 0.0377566
996 0.87747 0.563023 0.0336403
997 0.87747 0.569173 0.0382841
998 0.87747 0.567615 0.0376339
999 0.87747 0.59392 0.0318818
1000 0.87747 0.562489 0.0327029
