0 0.627787 0.502182 0.000425032
1 0.627787 0.504798 0.000725537
2 0.633321 0.509431 0.001248
3 0.646754 0.517988 0.00191002
4 0.646754 0.52107 0.00202049
5 0.646754 0.522845 0.00241616
6 0.646754 0.527388 0.00274407
7 0.646754 0.531104 0.00307103
8 0.646754 0.536155 0.0026566
9 0.646754 0.525427 0.00383068
10 0.646754 0.532139 0.00277173
11 0.64932 0.531244 0.00338623
12 0.70908 0.525412 0.00477392
13 0.70908 0.528356 0.00465222
14 0.70908 0.532954 0.00453183
15 0.70908 0.52912 0.00344056
16 0.70908 0.534684 0.004856
17 0.70908 0.529884 0.00427743
18 0.70908 0.53865 0.00527243
19 0.70908 0.537886 0.00429174
20 0.70908 0.536668 0.00603283
21 0.70908 0.540373 0.00563826
22 0.70908 0.549357 0.00528851
23 0.70908 0.549284 0.00576084
24 0.715533 0.548234 0.0063309
25 0.715533 0.541783 0.00622559
26 0.715533 0.533238 0.00604188
27 0.715533 0.538408 0.0060776
28 0.715533 0.536729 0.00719902
29 0.715533 0.527061 0.00757474
30 0.715533 0.535164 0.00566399
31 0.781472 0.527183 0.00643429
32 0.781472 0.536863 0.00671201
33 0.781472 0.536282 0.00870937
34 0.781472 0.525308 0.00981929
35 0.796827 0.539259 0.00927487
36 0.8006 0.542825 0.0105645
37 0.8006 0.53172 0.0134876
38 0.8006 0.531811 0.0130294
39 0.8006 0.536971 0.011212
40 0.805105 0.551384 0.0117347
41 0.805105 0.554557 0.0106519
42 0.805105 0.564465 0.0125215
43 0.805105 0.566104 0.0130543
44 0.805105 0.571968 0.0117474
45 0.805105 0.562487 0.0109483
46 0.807666 0.554564 0.0117032
47 0.807666 0.556547 0.0145769
48 0.808198 0.550293 0.0133457
49 0.808198 0.555608 0.0107852
50 0.808198 0.566043 0.0130141
51 0.808198 0.576474 0.0137306
52 0.808198 0.579181 0.0117714
53 0.808198 0.583213 0.0128844
54 0.808198 0.576348 0.0116988
55 0.819196 0.583474 0.0134217
56 0.819217 0.588456 0.0137984
57 0.819217 0.576473 0.0132693
58 0.819217 0.558966 0.0133298
59 0.819217 0.569604 0.0144805
60 0.819217 0.56153 0.0143079
61 0.819217 0.585144 0.0117707
62 0.819303 0.597903 0.013897
63 0.819303 0.59619 0.0139551
64 0.819303 0.596233 0.0136381
65 0.819303 0.582476 0.0149877
66 0.834393 0.5925 0.0157742
67 0.834393 0.588388 0.0135692
68 0.878969 0.591449 0.0158872
69 0.878969 0.599544 0.0134256
70 0.878969 0.614672 0.012983
71 0.878969 0.610933 0.0143228
72 0.878969 0.602284 0.0155705
73 0.878969 0.616643 0.0167326
74 0.878969 0.621644 0.0162373
75 0.897557 0.630333 0.0155824
76 0.897557 0.635729 0.0162013
77 0.897557 0.63592 0.0155924
78 0.911026 0.649706 0.0168436
79 0.911026 0.645839 0.0183989
80 0.911026 0.634306 0.0189126
81 0.911026 0.633275 0.0168508
82 0.911026 0.627195 0.0181566
83 0.911026 0.650501 0.0223314
84 0.919716 0.643245 0.020391
85 0.925058 0.653806 0.0184407
86 0.925058 0.661615 0.018
87 0.925058 0.665143 0.0158796
88 0.925058 0.658613 0.0183365
89 0.925058 0.653446 0.0179351
90 0.925058 0.676451 0.0187474
91 0.925058 0.669482 0.0198554
92 0.925058 0.657635 0.0188097
93 0.925058 0.666314 0.018473
94 0.925058 0.659732 0.0170159
95 0.925058 0.672039 0.0198133
96 0.925058 0.658381 0.0199848
97 0.925058 0.681926 0.016319
98 0.925058 0.696786 0.0164225
99 0.925058 0.70194 0.0160374
100 0.925097 0.690293 0.0182212
101 0.925097 0.706016 0.0154678
102 0.925097 0.696898 0.0160257
103 0.925097 0.703889 0.0167828
104 0.931397 0.698566 0.0163974
105 0.931397 0.698886 0.0148586
106 0.93292 0.699372 0.0169413
107 0.93292 0.709379 0.0147907
108 0.93292 0.702789 0.016545
109 0.93292 0.698516 0.0164715
110 0.93292 0.707204 0.0161243
111 0.93292 0.710007 0.0167959
112 0.93292 0.703965 0.0180248
113 0.93292 0.708427 0.0172894
114 0.93292 0.70636 0.0171317
115 0.93292 0.705377 0.015417
116 0.93292 0.711752 0.0173482
117 0.93292 0.712784 0.0148823
118 0.934025 0.694143 0.0142094
119 0.934025 0.705579 0.0132318
120 0.934025 0.698096 0.0160749
121 0.934025 0.72007 0.0164104
122 0.934025 0.721774 0.0146579
123 0.935696 0.704009 0.0172869
124 0.935696 0.703694 0.0164195
125 0.935696 0.711679 0.0178487
126 0.935696 0.703061 0.0202409
127 0.935696 0.694801 0.0199914
128 0.935696 0.696688 0.0201106
129 0.941645 0.678508 0.0188647
130 0.941645 0.69188 0.0181109
131 0.941645 0.696319 0.0171216
132 0.941645 0.705173 0.020517
133 0.941645 0.694174 0.0196104
134 0.941645 0.689425 0.0177476
135 0.941645 0.695184 0.0185081
136 0.941645 0.695753 0.0168126
137 0.941645 0.69384 0.0162779
138 0.941645 0.693189 0.0179411
139 0.945679 0.691404 0.0190007
140 0.945679 0.703564 0.0164656
141 0.946095 0.699536 0.0199188
142 0.946095 0.713864 0.0146782
143 0.946095 0.71167 0.0190877
144 0.946095 0.706795 0.0176092
145 0.946095 0.691995 0.0191308
146 0.946095 0.693297 0.0192642
147 0.946095 0.688649 0.0188286
148 0.946095 0.678741 0.0216084
149 0.946095 0.666017 0.0209972
150 0.946095 0.67098 0.0227304
151 0.946095 0.661456 0.0241891
152 0.946095 0.653624 0.0213203
153 0.946095 0.671113 0.026041
154 0.952869 0.673148 0.0225291
155 0.952869 0.698269 0.0217892
156 0.953083 0.684499 0.0208947
157 0.953083 0.687436 0.0208027
158 0.953083 0.68015 0.0236339
159 0.953083 0.670877 0.0249606
160 0.953083 0.659361 0.0253983
161 0.953083 0.65975 0.0273038
162 0.953083 0.689657 0.0199224
163 0.953083 0.677604 0.0195645
164 0.953083 0.691959 0.0190618
165 0.953083 0.686509 0.0182712
166 0.953083 0.684182 0.0214897
167 0.953083 0.694626 0.0204962
168 0.953083 0.709829 0.0206749
169 0.953083 0.707322 0.0200439
170 0.953083 0.716405 0.0192073
171 0.953083 0.706486 0.0219024
172 0.953083 0.718133 0.0220095
173 0.953083 0.71503 0.0238741
174 0.953083 0.704451 0.0243171
175 0.953083 0.691691 0.019535
176 0.953083 0.685171 0.0245611
177 0.953083 0.679522 0.0233174
178 0.953083 0.681709 0.024251
179 0.953083 0.68685 0.0203661
180 0.953083 0.672494 0.02227
181 0.953083 0.687142 0.0245164
182 0.953264 0.69494 0.0209501
183 0.953264 0.685761 0.0209059
184 0.953264 0.694262 0.0232271
185 0.953264 0.701025 0.0240649
186 0.953264 0.692657 0.0205615
187 0.953264 0.697264 0.0229376
188 0.953264 0.679478 0.0228112
189 0.953264 0.68745 0.0203341
190 0.953264 0.695393 0.0229853
191 0.953264 0.702015 0.0217803
192 0.953264 0.691112 0.0255017
193 0.953264 0.68541 0.0224921
194 0.953486 0.682301 0.0218873
195 0.953486 0.684745 0.0213769
196 0.953486 0.691514 0.0230086
197 0.953486 0.698611 0.0218366
198 0.953486 0.698324 0.0194927
199 0.953486 0.675208 0.0212702
200 0.953486 0.680299 0.0229179
201 0.953486 0.685167 0.0228285
202 0.953486 0.699431 0.0188752
203 0.953486 0.706377 0.0211382
204 0.953486 0.698144 0.0227993
205 0.953486 0.688073 0.0210748
206 0.953486 0.68904 0.0226881
207 0.953486 0.693317 0.0214915
208 0.953486 0.718223 0.0206449
209 0.953486 0.704163 0.0237915
210 0.953637 0.70054 0.0217364
211 0.953637 0.697843 0.0238369
212 0.953637 0.707376 0.0259298
213 0.953637 0.680241 0.023779
214 0.953637 0.678623 0.0227826
215 0.955501 0.696967 0.0262214
216 0.955501 0.6851 0.0242415
217 0.955501 0.693208 0.0198074
218 0.955501 0.717867 0.0201558
219 0.955501 0.714027 0.0221215
220 0.955501 0.701567 0.0205871
221 0.955501 0.714212 0.0210929
222 0.955501 0.714313 0.0220947
223 0.955501 0.694488 0.0222922
224 0.955501 0.686302 0.020876
225 0.955501 0.70669 0.0179861
226 0.955501 0.714966 0.0170891
227 0.955501 0.70969 0.0171715
228 0.955501 0.704313 0.0223935
229 0.955501 0.697087 0.026061
230 0.955501 0.684302 0.024227
231 0.955501 0.687045 0.0211458
232 0.955501 0.693085 0.0209261
233 0.955501 0.681304 0.0220371
234 0.955501 0.683819 0.0246054
235 0.955501 0.685257 0.0265278
236 0.955501 0.67884 0.0218716
237 0.955501 0.679707 0.0224251
238 0.955501 0.691643 0.024193
239 0.955501 0.699184 0.0224949
240 0.955501 0.690494 0.0198272
241 0.955501 0.686316 0.0235508
242 0.955501 0.701452 0.0232927
243 0.955501 0.668237 0.0202821
244 0.955501 0.668049 0.0198771
245 0.955501 0.648477 0.0234713
246 0.955501 0.662202 0.0241297
247 0.955501 0.672257 0.0255173
248 0.955501 0.667543 0.026951
249 0.957515 0.658617 0.0271371
250 0.957515 0.646437 0.0244644
251 0.957515 0.649686 0.0249665
252 0.957515 0.678137 0.0291527
253 0.957515 0.660273 0.0271966
254 0.957515 0.677969 0.0277898
255 0.957515 0.670903 0.0266768
256 0.957515 0.67487 0.0247065
257 0.957515 0.665054 0.0207114
258 0.957515 0.67133 0.0261053
259 0.957515 0.663979 0.0262179
260 0.957515 0.66476 0.022424
261 0.957515 0.655601 0.0257648
262 0.957515 0.670262 0.0238171
263 0.957515 0.698645 0.0227492
264 0.957515 0.693762 0.0219345
265 0.957515 0.704606 0.0200524
266 0.957515 0.687685 0.0225721
267 0.957515 0.700338 0.0203339
268 0.957515 0.700364 0.0193847
269 0.957515 0.698545 0.020516
270 0.957515 0.711169 0.0196674
271 0.957515 0.701815 0.0174421
272 0.957515 0.709237 0.0210802
273 0.957515 0.707271 0.0228743
274 0.957515 0.706851 0.0240253
275 0.957515 0.723806 0.020489
276 0.957515 0.726772 0.0195312
277 0.957515 0.707309 0.0212707
278 0.957515 0.707565 0.0195066
279 0.957515 0.702621 0.018227
280 0.957515 0.701226 0.0204506
281 0.957515 0.709701 0.019591
282 0.957515 0.710549 0.0196262
283 0.957515 0.685794 0.022669
284 0.957515 0.695899 0.019741
285 0.957515 0.690372 0.02036
286 0.957515 0.68967 0.0198746
287 0.957515 0.687263 0.0217467
288 0.957515 0.674313 0.020469
289 0.957515 0.692418 0.0175091
290 0.957515 0.686537 0.0193624
291 0.957515 0.680728 0.0215005
292 0.957515 0.710867 0.0214798
293 0.957515 0.697318 0.0213411
294 0.957515 0.687663 0.0191512
295 0.957515 0.686567 0.0200699
296 0.957515 0.723493 0.0206899
297 0.957515 0.709368 0.0184627
298 0.957515 0.700364 0.0192828
299 0.957515 0.706971 0.0185022
300 0.957515 0.733343 0.01889
301 0.957515 0.709921 0.0192332
302 0.957515 0.688295 0.0226471
303 0.957515 0.679986 0.0232466
304 0.957515 0.693316 0.0210449
305 0.957515 0.6615 0.020608
306 0.957515 0.691969 0.0227937
307 0.957515 0.687929 0.0191163
308 0.957515 0.702649 0.0194761
309 0.957515 0.70406 0.0196414
310 0.957515 0.725021 0.0203402
311 0.957515 0.708272 0.019134
312 0.957515 0.69326 0.0202088
313 0.957515 0.696572 0.0211297
314 0.957515 0.708404 0.0219774
315 0.957515 0.687871 0.0219015
316 0.957515 0.709006 0.0202625
317 0.957515 0.714376 0.0193535
318 0.957515 0.702931 0.0202318
319 0.957515 0.69781 0.0216676
320 0.957515 0.697057 0.0206695
321 0.957515 0.704588 0.0199927
322 0.957515 0.702527 0.0258485
323 0.957515 0.717792 0.0200409
324 0.957515 0.709301 0.0199357
325 0.957515 0.688375 0.0182562
326 0.957515 0.70247 0.0220939
327 0.957515 0.69369 0.0186713
328 0.957515 0.679859 0.0229323
329 0.957515 0.68805 0.0187858
330 0.957515 0.69539 0.0208691
331 0.957515 0.701818 0.0209516
332 0.957515 0.688136 0.0241513
333 0.957515 0.683937 0.0208015
334 0.957515 0.685864 0.0165133
335 0.957515 0.668521 0.0193502
336 0.957515 0.688454 0.0233182
337 0.957515 0.681355 0.0231974
338 0.957515 0.669968 0.0239992
339 0.957648 0.686563 0.0241284
340 0.957648 0.68281 0.025109
341 0.957648 0.664778 0.0232258
342 0.957648 0.682492 0.022719
343 0.957648 0.662345 0.0208093
344 0.957648 0.676885 0.0233359
345 0.957648 0.669781 0.0224393
346 0.957648 0.676888 0.0241994
347 0.957648 0.672212 0.023788
348 0.957648 0.684827 0.0232209
349 0.957648 0.681199 0.0237735
350 0.957648 0.677958 0.0211822
351 0.957648 0.671737 0.0234246
352 0.957648 0.680695 0.0208909
353 0.957648 0.685101 0.0214867
354 0.957648 0.672568 0.0223312
355 0.957648 0.678322 0.0217576
356 0.957648 0.693823 0.0240777
357 0.957648 0.693105 0.0215699
358 0.957648 0.689535 0.0220322
359 0.957648 0.683689 0.0237844
360 0.957648 0.690463 0.0240899
361 0.957648 0.71484 0.0193304
362 0.957648 0.693658 0.0237078
363 0.957648 0.705986 0.020157
364 0.957648 0.687205 0.0227446
365 0.957648 0.696516 0.021054
366 0.957648 0.676184 0.0237781
367 0.957648 0.703113 0.0195348
368 0.957648 0.704703 0.0188644
369 0.957648 0.713538 0.0221144
370 0.957648 0.712562 0.0213587
371 0.957648 0.707079 0.0224426
372 0.957648 0.707129 0.0247555
373 0.957648 0.688893 0.0245149
374 0.957648 0.688451 0.0218691
375 0.957648 0.698401 0.0242072
376 0.957648 0.689696 0.0198749
377 0.957648 0.677295 0.0241707
378 0.957648 0.695634 0.0235113
379 0.957648 0.698825 0.0207641
380 0.957648 0.701872 0.0212901
381 0.957648 0.704346 0.0215813
382 0.957648 0.698324 0.019291
383 0.957648 0.694896 0.0182054
384 0.957705 0.68703 0.0241444
385 0.958559 0.690941 0.022603
386 0.958559 0.694277 0.0208143
387 0.958559 0.711279 0.019251
388 0.958559 0.722296 0.0232538
389 0.958559 0.71138 0.0222918
390 0.958559 0.702364 0.0223019
391 0.958559 0.701668 0.0165713
392 0.958559 0.694596 0.0192777
393 0.958559 0.698861 0.0179591
394 0.958559 0.694788 0.0185567
395 0.958559 0.698798 0.0201363
396 0.958559 0.701554 0.0224834
397 0.958559 0.69736 0.0209875
398 0.958559 0.701657 0.0249364
399 0.959349 0.702823 0.0255155
400 0.959349 0.689619 0.0230881
401 0.959349 0.700357 0.0222245
402 0.959349 0.671863 0.0220348
403 0.959349 0.660699 0.0205947
404 0.959349 0.668093 0.0232455
405 0.959349 0.670443 0.0245513
406 0.959349 0.668029 0.0230822
407 0.959349 0.668215 0.0230478
408 0.959349 0.673884 0.0174928
409 0.959349 0.672801 0.0205934
410 0.959349 0.688468 0.0200448
411 0.959349 0.676434 0.0210215
412 0.959349 0.705438 0.0229481
413 0.959349 0.68766 0.0214819
414 0.959349 0.695604 0.024375
415 0.959349 0.682938 0.0194742
416 0.959349 0.691405 0.0205685
417 0.959349 0.696898 0.0219038
418 0.959349 0.686985 0.0173204
419 0.959349 0.682783 0.0176831
420 0.959349 0.695945 0.0212776
421 0.959349 0.674914 0.0206714
422 0.959349 0.693746 0.0219117
423 0.959349 0.686843 0.0210221
424 0.959349 0.694962 0.0207394
425 0.959349 0.681958 0.0200818
426 0.959349 0.679413 0.0208069
427 0.959349 0.674504 0.0192122
428 0.959349 0.678289 0.0229876
429 0.959349 0.685072 0.025121
430 0.959349 0.676306 0.0198286
431 0.959956 0.687368 0.0229529
432 0.959956 0.685233 0.0225726
433 0.959956 0.682044 0.0221143
434 0.959959 0.667341 0.0231433
435 0.959959 0.661798 0.018184
436 0.959959 0.675483 0.0175452
437 0.959959 0.684113 0.0201499
438 0.960349 0.675101 0.0258207
439 0.960349 0.677818 0.0237105
440 0.960349 0.668744 0.0252175
441 0.960349 0.666077 0.0238512
442 0.960349 0.667075 0.0257402
443 0.960349 0.662986 0.0218732
444 0.960349 0.683954 0.0243031
445 0.960349 0.66249 0.024643
446 0.960349 0.67354 0.0231882
447 0.960349 0.66288 0.0253659
448 0.960349 0.667019 0.0248589
449 0.960349 0.684119 0.0266808
450 0.960349 0.669096 0.0273137
451 0.960349 0.675453 0.022353
452 0.960349 0.678068 0.0259697
453 0.960349 0.675037 0.0209828
454 0.960349 0.675266 0.0196923
455 0.960349 0.658748 0.0219362
456 0.960349 0.680248 0.0237271
457 0.960349 0.659981 0.0262201
458 0.960349 0.680348 0.0247639
459 0.960349 0.675577 0.0245022
460 0.960349 0.681434 0.0215353
461 0.960349 0.665924 0.0234419
462 0.960349 0.679469 0.0236665
463 0.960349 0.678534 0.0228794
464 0.960349 0.689412 0.023303
465 0.960349 0.700232 0.0237238
466 0.960349 0.684181 0.0250594
467 0.960349 0.686735 0.0231321
468 0.960349 0.674864 0.0209257
469 0.960349 0.678515 0.0241323
470 0.960349 0.687852 0.0216786
471 0.960349 0.67639 0.0258325
472 0.960349 0.668472 0.0285112
473 0.960349 0.676167 0.021689
474 0.960349 0.683786 0.0197175
475 0.960349 0.68644 0.0211399
476 0.960349 0.699701 0.0206344
477 0.960349 0.700241 0.0185556
478 0.960349 0.701083 0.0186031
479 0.960349 0.667725 0.0208047
480 0.960349 0.681115 0.0231225
481 0.960349 0.683382 0.0183653
482 0.960349 0.703641 0.0214716
483 0.960349 0.69948 0.0212436
484 0.960449 0.703209 0.0240656
485 0.960449 0.674099 0.0200219
486 0.960449 0.681966 0.021829
487 0.960449 0.685511 0.0241953
488 0.960449 0.680432 0.0207961
489 0.960449 0.698 0.0217117
490 0.960449 0.6899 0.0227175
491 0.960449 0.67738 0.0222167
492 0.960449 0.668938 0.0240793
493 0.960449 0.69086 0.0195908
494 0.960449 0.710053 0.0236136
495 0.960449 0.6961 0.022961
496 0.960449 0.701516 0.020174
497 0.960449 0.679772 0.0201469
498 0.960458 0.691788 0.0196553
499 0.960458 0.696422 0.0175063
500 0.960458 0.689598 0.0174001
501 0.960458 0.687893 0.020216
502 0.960458 0.683781 0.0217012
503 0.960458 0.695208 0.0217522
504 0.960458 0.682184 0.017773
505 0.960458 0.674278 0.0199808
506 0.960546 0.674803 0.0222144
507 0.960546 0.669862 0.0266123
508 0.960546 0.674788 0.0252376
509 0.960546 0.67843 0.0246668
510 0.960546 0.681738 0.0237904
511 0.960546 0.693912 0.0220715
512 0.960546 0.70091 0.0202375
513 0.960546 0.697069 0.0202651
514 0.960546 0.678864 0.0215966
515 0.960546 0.696681 0.0239297
516 0.960546 0.670486 0.0241127
517 0.960546 0.677093 0.0193335
518 0.960546 0.672822 0.0236826
519 0.960546 0.691167 0.0238736
520 0.960546 0.668386 0.0216175
521 0.960546 0.682472 0.0231215
522 0.960546 0.684084 0.0215786
523 0.960546 0.674415 0.02012
524 0.960546 0.683079 0.0224513
525 0.960546 0.698117 0.0231792
526 0.960546 0.673175 0.0228916
527 0.960546 0.676333 0.0243628
528 0.960546 0.71958 0.0202554
529 0.960546 0.692173 0.0235478
530 0.960546 0.687798 0.022056
531 0.960581 0.706701 0.0219372
532 0.960581 0.688713 0.0223312
533 0.960581 0.682172 0.0184922
534 0.960581 0.679569 0.0219701
535 0.960581 0.659393 0.0200117
536 0.960581 0.677743 0.0209168
537 0.960581 0.693592 0.0204026
538 0.960581 0.678396 0.0219205
539 0.960581 0.685968 0.0189148
540 0.960581 0.698339 0.0200671
541 0.960581 0.71336 0.0214266
542 0.960581 0.692477 0.0203609
543 0.960581 0.698327 0.0187817
544 0.960581 0.705332 0.0200507
545 0.960581 0.701261 0.0208604
546 0.960581 0.674663 0.0221088
547 0.960581 0.676962 0.0211527
548 0.960581 0.67436 0.0197385
549 0.960581 0.678937 0.0228234
550 0.960603 0.669441 0.0201158
551 0.960603 0.658671 0.0238853
552 0.960603 0.668139 0.0221795
553 0.960603 0.659409 0.0241265
554 0.960603 0.674204 0.0279039
555 0.960603 0.660137 0.0284301
556 0.960603 0.678832 0.0257254
557 0.960603 0.676763 0.0236569
558 0.960603 0.669485 0.0251232
559 0.960603 0.688458 0.0212694
560 0.960603 0.675804 0.0250966
561 0.960603 0.682423 0.0233866
562 0.960603 0.696834 0.0276653
563 0.963076 0.688269 0.0287022
564 0.963076 0.692116 0.0255747
565 0.963076 0.685264 0.0281973
566 0.963076 0.682219 0.0264617
567 0.963076 0.687358 0.023395
568 0.963076 0.695285 0.0260437
569 0.963076 0.694886 0.0229096
570 0.963076 0.704435 0.022146
571 0.963076 0.709918 0.0222645
572 0.963076 0.698123 0.0238998
573 0.963076 0.68697 0.019356
574 0.963076 0.674678 0.0206086
575 0.963076 0.67735 0.0269756
576 0.963076 0.671372 0.0206251
577 0.963076 0.676328 0.0190644
578 0.963076 0.675667 0.0212565
579 0.963076 0.682595 0.0193668
580 0.963076 0.688835 0.0200875
581 0.963076 0.679767 0.0246221
582 0.963076 0.691647 0.025877
583 0.963076 0.6929 0.0232897
584 0.963076 0.691323 0.021673
585 0.963076 0.687632 0.024356
586 0.963076 0.682793 0.0211508
587 0.963076 0.694666 0.0223294
588 0.963076 0.677268 0.0238634
589 0.963076 0.684317 0.0199696
590 0.963076 0.691121 0.0189137
591 0.963076 0.703762 0.0212521
592 0.963076 0.682661 0.0229284
593 0.963076 0.684941 0.0188536
594 0.963076 0.696924 0.0192374
595 0.963076 0.679312 0.0191432
596 0.963076 0.666619 0.0216763
597 0.963076 0.675856 0.0211569
598 0.963076 0.665799 0.0209982
599 0.963076 0.688733 0.0215442
600 0.963076 0.6978 0.0203571
601 0.963076 0.68923 0.0223554
602 0.963076 0.679241 0.0229194
603 0.963076 0.669516 0.0239544
604 0.963076 0.674924 0.0250801
605 0.963076 0.699561 0.0236966
606 0.963076 0.658644 0.0225328
607 0.963076 0.668772 0.0215343
608 0.963076 0.690803 0.0189245
609 0.963076 0.703739 0.0230083
610 0.963076 0.676004 0.0231626
611 0.963076 0.687937 0.0214485
612 0.963076 0.68151 0.0217231
613 0.963076 0.684378 0.0219612
614 0.963076 0.671151 0.0221988
615 0.963076 0.686068 0.0224341
616 0.963076 0.680692 0.0215657
617 0.963076 0.685193 0.020242
618 0.963076 0.660215 0.0223187
619 0.963076 0.671031 0.0231668
620 0.963076 0.68415 0.0208284
621 0.963076 0.688497 0.0207425
622 0.963076 0.679861 0.0193911
623 0.963076 0.676068 0.0204202
624 0.963076 0.669987 0.0206313
625 0.963076 0.686051 0.0218014
626 0.963076 0.681671 0.0222895
627 0.963076 0.689984 0.0195442
628 0.963076 0.693573 0.0220213
629 0.963076 0.680416 0.0194666
630 0.963076 0.691449 0.0185781
631 0.963076 0.684321 0.0195163
632 0.963076 0.674903 0.0199766
633 0.963076 0.689944 0.02205
634 0.963076 0.690685 0.0234009
635 0.963076 0.681813 0.0255586
636 0.963076 0.682121 0.0227178
637 0.963076 0.675584 0.0242494
638 0.963076 0.68781 0.0221472
639 0.963076 0.69724 0.021488
640 0.963076 0.683848 0.0221087
641 0.963076 0.681402 0.0171968
642 0.963076 0.678471 0.0191317
643 0.963076 0.687298 0.0185578
644 0.963076 0.687114 0.0224514
645 0.963076 0.675487 0.0258386
646 0.963076 0.678857 0.0260212
647 0.963076 0.686335 0.027886
648 0.963076 0.686972 0.0225772
649 0.963076 0.678215 0.0216532
650 0.963076 0.661725 0.0248468
651 0.963076 0.666962 0.0220164
652 0.963076 0.677095 0.0251708
653 0.963076 0.699394 0.0239376
654 0.963076 0.676845 0.0247179
655 0.963076 0.674381 0.0236349
656 0.963076 0.666991 0.0243966
657 0.963076 0.665009 0.0238359
658 0.963076 0.687502 0.0259006
659 0.963076 0.686105 0.0239249
660 0.963076 0.663409 0.024855
661 0.963076 0.687083 0.0229768
662 0.963076 0.660123 0.0272657
663 0.963076 0.66393 0.0270182
664 0.963076 0.658686 0.0301852
665 0.963076 0.649011 0.0271636
666 0.963076 0.643385 0.028084
667 0.963076 0.658602 0.0248755
668 0.963076 0.679717 0.0276065
669 0.963076 0.675265 0.0269029
670 0.963076 0.666933 0.0287018
671 0.963076 0.658729 0.023615
672 0.963076 0.684829 0.0233586
673 0.963076 0.688501 0.0239937
674 0.963076 0.697014 0.0225002
675 0.963076 0.709269 0.0193632
676 0.963076 0.697589 0.0219422
677 0.964062 0.703306 0.0239426
678 0.964062 0.677658 0.0250174
679 0.964062 0.689087 0.0227441
680 0.964062 0.69683 0.0224624
681 0.964062 0.694256 0.0222953
682 0.964062 0.701813 0.0222863
683 0.964062 0.713679 0.0205812
684 0.964062 0.69645 0.020891
685 0.964062 0.686877 0.0228069
686 0.964062 0.676536 0.0239011
687 0.964062 0.681592 0.022022
688 0.964062 0.699398 0.0255288
689 0.964062 0.699421 0.0232652
690 0.964062 0.705536 0.0241134
691 0.964062 0.680462 0.0211518
692 0.964062 0.685353 0.0207486
693 0.964062 0.668311 0.0178652
694 0.964062 0.644016 0.0220864
695 0.964062 0.66228 0.0212886
696 0.964062 0.663212 0.0204913
697 0.964062 0.654566 0.0225597
698 0.964062 0.672865 0.024957
699 0.964062 0.678698 0.0247231
700 0.964062 0.660525 0.025076
701 0.964062 0.662804 0.0299889
702 0.964062 0.652212 0.0253473
703 0.964062 0.659617 0.0227643
704 0.964062 0.6593 0.0245015
705 0.964062 0.665058 0.0213525
706 0.964062 0.676207 0.0253414
707 0.964062 0.675326 0.0248133
708 0.964062 0.685831 0.0213104
709 0.964062 0.694627 0.0222078
710 0.964062 0.688272 0.0193233
711 0.964062 0.691058 0.0202711
712 0.964062 0.689732 0.0237102
713 0.964062 0.690004 0.0216381
714 0.964062 0.667891 0.0196006
715 0.964062 0.676099 0.0233242
716 0.964062 0.69019 0.0247075
717 0.964062 0.683963 0.0212156
718 0.964062 0.673629 0.0218964
719 0.964062 0.701099 0.0207886
720 0.964062 0.686382 0.024121
721 0.964062 0.679882 0.0257072
722 0.964062 0.683247 0.0238276
723 0.964062 0.691192 0.0201019
724 0.964062 0.689311 0.0219013
725 0.964062 0.67202 0.0222952
726 0.964062 0.675937 0.0216458
727 0.964062 0.680757 0.0233255
728 0.964062 0.684805 0.0245612
729 0.964062 0.683039 0.0241718
730 0.964062 0.695739 0.0216911
731 0.964062 0.688641 0.0211925
732 0.964062 0.686478 0.0222558
733 0.964062 0.6815 0.0191728
734 0.964062 0.665053 0.0221112
735 0.964062 0.675698 0.0216709
736 0.964062 0.685012 0.0216336
737 0.964062 0.685071 0.0270188
738 0.964062 0.685423 0.0240269
739 0.964062 0.69658 0.0226534
740 0.964062 0.699002 0.0212461
741 0.964062 0.691253 0.0231632
742 0.964062 0.670829 0.0258426
743 0.964062 0.685617 0.0281538
744 0.964062 0.679565 0.0241868
745 0.964062 0.715132 0.0219613
746 0.964062 0.70075 0.0236311
747 0.964062 0.686382 0.0230003
748 0.964062 0.670353 0.0226743
749 0.964062 0.68829 0.0248453
750 0.964062 0.677728 0.0264678
751 0.964062 0.672546 0.0270333
752 0.964062 0.688732 0.0273311
753 0.964062 0.68684 0.0225959
754 0.964062 0.707245 0.0252972
755 0.964062 0.678663 0.0211496
756 0.964062 0.694165 0.02379
757 0.964062 0.68675 0.0236891
758 0.964062 0.676941 0.0195131
759 0.964062 0.694933 0.0212868
760 0.964062 0.698673 0.0241553
761 0.964062 0.680299 0.0240458
762 0.964062 0.681035 0.0199392
763 0.964062 0.674524 0.0225444
764 0.964062 0.671312 0.0242945
765 0.964062 0.688988 0.0242371
766 0.964062 0.688269 0.025217
767 0.964067 0.674027 0.0261195
768 0.964067 0.679678 0.0234188
769 0.964273 0.668718 0.0237077
770 0.964273 0.678778 0.0252064
771 0.964273 0.688093 0.0234495
772 0.964273 0.696835 0.0217927
773 0.964273 0.697172 0.0227653
774 0.964273 0.686152 0.022769
775 0.964273 0.688088 0.0245282
776 0.964273 0.710343 0.0230007
777 0.964273 0.696902 0.0220512
778 0.964273 0.684368 0.0198841
779 0.964273 0.688139 0.0213411
780 0.964273 0.700332 0.01861
781 0.964273 0.713789 0.0214894
782 0.964273 0.683139 0.0191811
783 0.964273 0.682507 0.0204531
784 0.964273 0.676664 0.0245376
785 0.964273 0.698281 0.0258175
786 0.964273 0.690614 0.0227109
787 0.964273 0.67208 0.022132
788 0.964273 0.667373 0.0248057
789 0.964273 0.66913 0.022902
790 0.964273 0.682797 0.0256339
791 0.964273 0.677645 0.0186805
792 0.964273 0.684791 0.019077
793 0.964541 0.689986 0.0229964
794 0.964541 0.681876 0.0207664
795 0.964541 0.670254 0.0213011
796 0.964541 0.67222 0.0240263
797 0.964541 0.684894 0.0206567
798 0.964541 0.700042 0.0222488
799 0.964541 0.696529 0.0232361
800 0.964541 0.693904 0.0199417
801 0.964541 0.705168 0.0219281
802 0.964541 0.700592 0.023683
803 0.965726 0.702 0.0249007
804 0.965726 0.693549 0.0222475
805 0.965726 0.700109 0.0254833
806 0.965726 0.689407 0.0238753
807 0.965726 0.694415 0.0238716
808 0.965726 0.686104 0.0230713
809 0.965726 0.700995 0.0225126
810 0.965726 0.709774 0.0222757
811 0.965726 0.666881 0.0197286
812 0.965726 0.680551 0.0260259
813 0.965726 0.669606 0.0268677
814 0.965726 0.702038 0.0244732
815 0.965726 0.682307 0.025383
816 0.965726 0.676982 0.0237524
817 0.965726 0.701115 0.0215074
818 0.965726 0.663895 0.0222861
819 0.965726 0.64693 0.0264678
820 0.965726 0.65175 0.0251417
821 0.965726 0.656316 0.0251466
822 0.965726 0.666314 0.0238059
823 0.965726 0.681326 0.0249051
824 0.965726 0.660164 0.0269746
825 0.965726 0.700715 0.0198972
826 0.965726 0.693665 0.0220563
827 0.965726 0.705477 0.0222192
828 0.965726 0.693493 0.0216308
829 0.965726 0.661377 0.0244115
830 0.965726 0.657848 0.0241723
831 0.965726 0.665697 0.022201
832 0.965726 0.6677 0.0230738
833 0.965726 0.678833 0.0250416
834 0.965726 0.66752 0.0218918
835 0.965726 0.664195 0.0257137
836 0.965726 0.67089 0.0262509
837 0.965726 0.68601 0.0275542
838 0.965726 0.677497 0.0219946
839 0.965726 0.674058 0.0222048
840 0.965726 0.679633 0.0263511
841 0.965726 0.679083 0.0220724
842 0.965726 0.689193 0.0247061
843 0.965726 0.687188 0.0243805
844 0.965726 0.694797 0.0200438
845 0.965726 0.68794 0.0215374
846 0.965726 0.66997 0.0256022
847 0.965726 0.675271 0.0229492
848 0.965726 0.681287 0.0242473
849 0.965726 0.667413 0.0248191
850 0.965726 0.67466 0.0249535
851 0.965726 0.680225 0.0232524
852 0.965726 0.681478 0.0218367
853 0.965726 0.696861 0.0206311
854 0.965726 0.696478 0.0210131
855 0.965726 0.69554 0.0197342
856 0.965726 0.690011 0.023474
857 0.965726 0.690818 0.0190714
858 0.965726 0.685568 0.0220857
859 0.965726 0.692118 0.0225416
860 0.965726 0.696558 0.0236626
861 0.965726 0.692314 0.0210732
862 0.965726 0.682306 0.0190205
863 0.965726 0.679707 0.0211641
864 0.965726 0.695016 0.0220958
865 0.965726 0.698217 0.0246593
866 0.965726 0.687991 0.0231079
867 0.965726 0.683563 0.0249249
868 0.965726 0.667953 0.0276689
869 0.965726 0.681127 0.0249517
870 0.965726 0.678757 0.0241682
871 0.965726 0.691067 0.0218701
872 0.965726 0.676896 0.0207214
873 0.965726 0.677232 0.0194753
874 0.965726 0.681927 0.0222244
875 0.965726 0.690556 0.0236044
876 0.965726 0.676254 0.0223162
877 0.965726 0.687274 0.0211736
878 0.965726 0.689552 0.0204747
879 0.965726 0.703297 0.0251282
880 0.965726 0.705994 0.0260602
881 0.965726 0.692083 0.0222545
882 0.965726 0.692244 0.0247204
883 0.965726 0.688662 0.0235616
884 0.965726 0.685075 0.0217988
885 0.965726 0.684093 0.0218974
886 0.965726 0.70397 0.025802
887 0.965726 0.703261 0.025436
888 0.965726 0.694359 0.0232039
889 0.965726 0.672702 0.024313
890 0.965726 0.669452 0.0220888
891 0.965726 0.672153 0.0220022
892 0.965733 0.678542 0.0220118
893 0.965733 0.687853 0.0212452
894 0.965733 0.669245 0.0216314
895 0.965733 0.677296 0.0248293
896 0.965733 0.686879 0.0207031
897 0.965733 0.692708 0.0211266
898 0.965733 0.665684 0.0232195
899 0.965733 0.692448 0.0239014
900 0.965733 0.707286 0.0210526
901 0.965733 0.696892 0.0242021
902 0.965733 0.705972 0.0247715
903 0.965733 0.705898 0.0231316
904 0.965733 0.697888 0.0210822
905 0.965733 0.689006 0.0239516
906 0.965733 0.6874 0.0245125
907 0.965733 0.680285 0.0235273
908 0.965733 0.67901 0.0204088
909 0.965733 0.687382 0.0218821
910 0.965733 0.681978 0.0221668
911 0.965733 0.68306 0.0203317
912 0.965733 0.700512 0.0214466
913 0.965733 0.688974 0.0194813
914 0.965733 0.705139 0.0213123
915 0.965733 0.689038 0.0220247
916 0.965733 0.683555 0.0228763
917 0.965733 0.679806 0.0229607
918 0.965733 0.672035 0.018969
919 0.965733 0.695024 0.023669
920 0.965733 0.692551 0.0219696
921 0.965733 0.696581 0.0232432
922 0.965733 0.699848 0.0249707
923 0.965825 0.694239 0.0204865
924 0.965955 0.698634 0.0271131
925 0.965955 0.690469 0.0246578
926 0.965955 0.708566 0.0231415
927 0.965955 0.703267 0.0232639
928 0.965955 0.69295 0.0246353
929 0.965955 0.693725 0.0220021
930 0.965955 0.69688 0.0227265
931 0.965955 0.694955 0.0223623
932 0.965955 0.70668 0.0245348
933 0.965955 0.679475 0.0189834
934 0.965955 0.698833 0.0221226
935 0.965955 0.684632 0.0225011
936 0.965955 0.699475 0.0211011
937 0.965955 0.699471 0.0201482
938 0.965955 0.68569 0.0239574
939 0.965955 0.670627 0.0213706
940 0.965955 0.68277 0.0222263
941 0.965955 0.683533 0.0249565
942 0.965955 0.685691 0.0305712
943 0.965955 0.674755 0.0267838
944 0.965955 0.676337 0.0236226
945 0.965955 0.677725 0.0238988
946 0.965955 0.688829 0.0226379
947 0.965955 0.672456 0.0250875
948 0.965955 0.691458 0.0237195
949 0.965955 0.684726 0.0222918
950 0.965955 0.684521 0.021498
951 0.965955 0.703595 0.022024
952 0.965955 0.685863 0.02255
953 0.965955 0.680172 0.0250662
954 0.965955 0.672047 0.0217844
955 0.965955 0.668803 0.026871
956 0.965955 0.675239 0.0193776
957 0.965955 0.685088 0.0212266
958 0.965955 0.693171 0.0236746
959 0.965955 0.676962 0.022753
960 0.965955 0.675186 0.0233359
961 0.965955 0.698796 0.0247664
962 0.965955 0.695488 0.0216898
963 0.965955 0.703315 0.024004
964 0.965955 0.696642 0.0204079
965 0.965955 0.689523 0.0200597
966 0.965955 0.694447 0.019688
967 0.965955 0.696339 0.0188565
968 0.965955 0.695874 0.017346
969 0.965955 0.685169 0.0217091
970 0.965955 0.676638 0.0215701
971 0.965955 0.678663 0.0231046
972 0.965955 0.696646 0.0217867
973 0.965955 0.693413 0.0246735
974 0.965955 0.69584 0.022501
975 0.966082 0.689826 0.0209756
976 0.966082 0.704966 0.0203815
977 0.966082 0.698895 0.0206708
978 0.966082 0.688335 0.0251364
979 0.966082 0.681226 0.024879
980 0.966082 0.690953 0.0251441
981 0.966082 0.684506 0.0239061
982 0.966082 0.698293 0.0210798
983 0.966082 0.709827 0.0222162
984 0.966082 0.704049 0.0188984
985 0.966082 0.696322 0.0228032
986 0.966082 0.705868 0.0245113
987 0.966082 0.682466 0.0215563
988 0.966082 0.687351 0.0196232
989 0.966082 0.675149 0.0227613
990 0.966082 0.711481 0.0202095
991 0.966082 0.696993 0.0236069
992 0.966082 0.68514 0.0244118
993 0.966082 0.672229 0.0254272
994 0.966082 0.684133 0.024887
995 0.966082 0.675996 0.0228988
996 0.966082 0.681031 0.0252432
997 0.966082 0.68574 0.0228807
998 0.966082 0.699202 0.0216071
999 0.966082 0.698479 0.0222046
1000 0.966082 0.683345 0.0230191
