0 0.293709 0.243322 0.00089277
1 0.298073 0.250208 0.000758721
2 0.450495 0.256905 0.00129445
3 0.450495 0.259835 0.00199074
4 0.450495 0.268528 0.00260318
5 0.480716 0.266538 0.0041039
6 0.513347 0.2761 0.0042338
7 0.513347 0.293978 0.00621009
8 0.513347 0.288748 0.00685702
9 0.513347 0.28702 0.00718854
10 0.513347 0.300727 0.00928592
11 0.517136 0.304289 0.0117158
12 0.517136 0.306324 0.0103362
13 0.517136 0.307908 0.0106735
14 0.534824 0.32522 0.0119182
15 0.537181 0.32868 0.0119326
16 0.537181 0.32497 0.0126744
17 0.537181 0.31793 0.0120358
18 0.537181 0.304582 0.0126538
19 0.537181 0.317126 0.0123049
20 0.537181 0.323382 0.0126127
21 0.537181 0.339257 0.0140891
22 0.537181 0.339922 0.0128982
23 0.537181 0.341219 0.0145312
24 0.537181 0.33598 0.0156873
25 0.537181 0.34689 0.0161749
26 0.537181 0.34517 0.01546
27 0.53732 0.356069 0.0171395
28 0.546602 0.357465 0.015419
29 0.546602 0.352338 0.0137343
30 0.546602 0.348715 0.0140975
31 0.546602 0.346028 0.0116889
32 0.546602 0.35827 0.0127523
33 0.546602 0.362825 0.0138179
34 0.546602 0.372029 0.0121318
35 0.547262 0.376885 0.0127968
36 0.553296 0.372633 0.0135801
37 0.553296 0.381502 0.0125633
38 0.553296 0.386085 0.0126915
39 0.553296 0.391758 0.0129505
40 0.553296 0.395932 0.0116107
41 0.553296 0.407282 0.0110397
42 0.553296 0.419374 0.0103224
43 0.553296 0.423037 0.00988838
44 0.553296 0.416682 0.0102529
45 0.553296 0.426804 0.0102547
46 0.559724 0.42109 0.010513
47 0.559724 0.434246 0.00958249
48 0.560011 0.44619 0.00692347
49 0.560011 0.432377 0.00872863
50 0.560011 0.444027 0.00748758
51 0.560011 0.443006 0.00706184
52 0.567709 0.435798 0.00891253
53 0.567709 0.434594 0.00818586
54 0.567709 0.448613 0.00657643
55 0.567709 0.452582 0.00689251
56 0.567709 0.453953 0.00740877
57 0.578772 0.452251 0.00684167
58 0.578772 0.443553 0.00813198
59 0.578772 0.444117 0.00746733
60 0.578772 0.450886 0.00620853
61 0.580096 0.447245 0.00772428
62 0.580096 0.452798 0.00662286
63 0.585426 0.44626 0.00762886
64 0.592819 0.465088 0.00726295
65 0.592819 0.453301 0.00625521
66 0.592819 0.456981 0.00779429
67 0.602477 0.459565 0.00831386
68 0.625921 0.464052 0.0086256
69 0.625921 0.462621 0.0086597
70 0.625921 0.478682 0.00668665
71 0.6332 0.489281 0.00629664
72 0.6332 0.479544 0.00686474
73 0.6332 0.476602 0.00782946
74 0.6332 0.479517 0.00803444
75 0.6332 0.483483 0.00881112
76 0.659025 0.485052 0.00828545
77 0.659025 0.475971 0.0118727
78 0.671295 0.490405 0.0108463
79 0.671295 0.487551 0.0114838
80 0.671295 0.497256 0.0102281
81 0.671295 0.498497 0.0105037
82 0.671295 0.490888 0.00952483
83 0.671295 0.507744 0.00917173
84 0.671295 0.487448 0.0117755
85 0.671295 0.506609 0.00957937
86 0.671295 0.504073 0.00912335
87 0.671295 0.487644 0.0117199
88 0.671295 0.490682 0.0118457
89 0.671295 0.484369 0.0125698
90 0.671295 0.508808 0.0117436
91 0.671295 0.505948 0.0102033
92 0.671295 0.495817 0.0106745
93 0.671295 0.50627 0.00798201
94 0.671295 0.506465 0.009809
95 0.671295 0.509062 0.00976198
96 0.671295 0.502778 0.012275
97 0.671295 0.485278 0.014598
98 0.671295 0.485915 0.0136595
99 0.671295 0.500793 0.0114281
100 0.671295 0.514686 0.0100402
101 0.685585 0.520725 0.010556
102 0.685585 0.522542 0.00969434
103 0.685585 0.516069 0.0117898
104 0.685585 0.513037 0.0110734
105 0.685585 0.524166 0.00918972
106 0.685585 0.528369 0.0100627
107 0.688578 0.510799 0.0132979
108 0.688578 0.519239 0.0114368
109 0.688578 0.530963 0.00927461
110 0.688578 0.530497 0.00834224
111 0.688578 0.536578 0.00864811
112 0.688578 0.528557 0.00929959
113 0.688578 0.515627 0.0118871
114 0.688578 0.523068 0.0114939
115 0.688578 0.520735 0.00917201
116 0.688578 0.519718 0.0103489
117 0.688578 0.503044 0.0112639
118 0.688578 0.51319 0.00971208
119 0.688578 0.515714 0.00881892
120 0.688578 0.514803 0.00958726
121 0.688578 0.516985 0.00967306
122 0.688578 0.516464 0.0105881
123 0.688578 0.513566 0.0108842
124 0.688578 0.521739 0.00922282
125 0.688578 0.524478 0.00948875
126 0.688578 0.525202 0.00989039
127 0.688578 0.517919 0.0120754
128 0.688578 0.514625 0.0127541
129 0.688578 0.501557 0.0130858
130 0.688578 0.507987 0.0121585
131 0.688578 0.50441 0.0131297
132 0.688578 0.519455 0.0134753
133 0.688578 0.514209 0.0129865
134 0.688578 0.51943 0.0112985
135 0.688578 0.512033 0.0126813
136 0.688578 0.520337 0.0129612
137 0.704184 0.52006 0.0152387
138 0.704184 0.51573 0.016346
139 0.704184 0.513951 0.0140249
140 0.704184 0.507017 0.014294
141 0.704184 0.512465 0.0150503
142 0.704184 0.520447 0.0124292
143 0.704184 0.518686 0.0131093
144 0.704184 0.525474 0.0115541
145 0.704184 0.501591 0.0172511
146 0.704184 0.506486 0.0162968
147 0.704184 0.509071 0.0177488
148 0.713443 0.507842 0.0210176
149 0.713443 0.494408 0.0201456
150 0.713443 0.496925 0.0162504
151 0.713443 0.49623 0.0170525
152 0.713443 0.501098 0.0150268
153 0.713443 0.481972 0.0169131
154 0.713443 0.519486 0.0160053
155 0.713443 0.515162 0.0180301
156 0.74492 0.527219 0.0145504
157 0.74492 0.523173 0.0164043
158 0.788219 0.527092 0.0187297
159 0.788219 0.53226 0.0162323
160 0.788219 0.528632 0.0145675
161 0.788219 0.523461 0.0199645
162 0.788219 0.490342 0.021591
163 0.788219 0.487625 0.026776
164 0.788219 0.495387 0.0217738
165 0.788219 0.513443 0.0205458
166 0.788219 0.510955 0.0284414
167 0.805701 0.497931 0.0247644
168 0.805701 0.483713 0.0296953
169 0.805701 0.507892 0.0272195
170 0.805701 0.516877 0.0249776
171 0.805701 0.51361 0.0227467
172 0.80876 0.493591 0.029874
173 0.80876 0.50797 0.0309826
174 0.80876 0.512478 0.0260204
175 0.80876 0.511395 0.0294511
176 0.80876 0.488566 0.0300546
177 0.80876 0.47877 0.0252148
178 0.80876 0.505098 0.0245849
179 0.80876 0.503377 0.0265812
180 0.80876 0.492942 0.0295143
181 0.80876 0.505603 0.033167
182 0.80876 0.509597 0.0345955
183 0.80876 0.481473 0.0293547
184 0.80876 0.494077 0.0344641
185 0.80876 0.503497 0.0281846
186 0.809255 0.492683 0.0315276
187 0.809255 0.480864 0.0316683
188 0.809255 0.485609 0.0334417
189 0.809255 0.502239 0.0306433
190 0.809255 0.511465 0.0294532
191 0.809255 0.497276 0.0348524
192 0.809255 0.471291 0.0341779
193 0.809255 0.489786 0.0314795
194 0.809255 0.483654 0.0307313
195 0.809255 0.499101 0.0300309
196 0.809255 0.519672 0.0289784
197 0.809255 0.498213 0.0265935
198 0.809255 0.517469 0.0277768
199 0.809255 0.513857 0.0310386
200 0.809255 0.509681 0.0297529
201 0.809255 0.517528 0.0310784
202 0.809255 0.509001 0.0324828
203 0.809255 0.537561 0.0263705
204 0.809255 0.516314 0.0284452
205 0.809255 0.493345 0.0311162
206 0.809255 0.512039 0.0306681
207 0.809255 0.518438 0.0347264
208 0.809255 0.497713 0.0347165
209 0.809255 0.493409 0.0310253
210 0.809255 0.483973 0.0282744
211 0.809255 0.479729 0.0375828
212 0.809255 0.459429 0.0326358
213 0.809255 0.505188 0.0319398
214 0.809255 0.468754 0.0347159
215 0.809255 0.490813 0.0341223
216 0.809255 0.510532 0.0311759
217 0.809255 0.496967 0.0339023
218 0.809255 0.462198 0.0347807
219 0.809255 0.476545 0.0328207
220 0.809255 0.5021 0.0275112
221 0.809255 0.478189 0.0342016
222 0.809255 0.483999 0.0351146
223 0.809255 0.523964 0.0339524
224 0.809255 0.511551 0.0300811
225 0.832686 0.516099 0.0322608
226 0.832686 0.501679 0.0336868
227 0.832686 0.4859 0.0368652
228 0.832686 0.488302 0.037878
229 0.832686 0.492855 0.0336403
230 0.832686 0.500557 0.0380778
231 0.832686 0.502871 0.0365639
232 0.832686 0.506499 0.0325364
233 0.832686 0.488291 0.0337164
234 0.832686 0.487652 0.0317001
235 0.832686 0.47442 0.0329769
236 0.832686 0.499157 0.0356161
237 0.832686 0.497484 0.0304794
238 0.832686 0.484569 0.0362383
239 0.832686 0.511242 0.0299754
240 0.832686 0.507997 0.0301622
241 0.832686 0.497661 0.0380781
242 0.832686 0.492964 0.0318643
243 0.832686 0.479465 0.0310901
244 0.832686 0.526189 0.0346501
245 0.832686 0.505307 0.0303093
246 0.832686 0.471665 0.0342257
247 0.832686 0.475236 0.0330496
248 0.832686 0.482675 0.0349903
249 0.832686 0.477146 0.0363406
250 0.832686 0.48308 0.0363329
251 0.832686 0.486305 0.0337272
252 0.832686 0.50552 0.0329928
253 0.832686 0.488424 0.0340013
254 0.832686 0.506978 0.0299151
255 0.832686 0.507733 0.0322076
256 0.832686 0.505864 0.0405504
257 0.832686 0.519688 0.0312484
258 0.832686 0.500116 0.0312754
259 0.832686 0.509419 0.030394
260 0.832686 0.486657 0.0321614
261 0.832686 0.494346 0.0294692
262 0.832686 0.506358 0.0307126
263 0.832686 0.495875 0.034551
264 0.832686 0.512368 0.0283151
265 0.832686 0.506891 0.0300228
266 0.832686 0.507511 0.0271027
267 0.832686 0.496038 0.0278811
268 0.832686 0.503969 0.031629
269 0.832686 0.541128 0.0257698
270 0.832686 0.529366 0.0295498
271 0.832686 0.512988 0.0330714
272 0.832686 0.510437 0.0340868
273 0.832686 0.476964 0.0338145
274 0.832686 0.494932 0.0292729
275 0.832686 0.475812 0.0322543
276 0.832686 0.498564 0.030825
277 0.832686 0.5183 0.0274318
278 0.832686 0.501902 0.0336434
279 0.832686 0.495999 0.0317907
280 0.832686 0.501148 0.0356131
281 0.832686 0.494986 0.0323273
282 0.832686 0.510231 0.0291469
283 0.832686 0.484693 0.033738
284 0.832686 0.49324 0.0311048
285 0.832686 0.48028 0.033808
286 0.832686 0.480211 0.0328437
287 0.832686 0.47338 0.0312115
288 0.832686 0.494715 0.0322428
289 0.832686 0.484641 0.0343096
290 0.832686 0.504472 0.0343282
291 0.832686 0.513469 0.0320801
292 0.832686 0.504916 0.0334561
293 0.832686 0.525211 0.0317611
294 0.832686 0.50502 0.0349541
295 0.832686 0.482514 0.037795
296 0.832686 0.501725 0.0361951
297 0.832686 0.519698 0.0344976
298 0.832686 0.514351 0.0315641
299 0.832686 0.513486 0.0292484
300 0.832686 0.518213 0.029825
301 0.832686 0.525605 0.0286096
302 0.832686 0.507966 0.0304508
303 0.832686 0.510422 0.0304229
304 0.832686 0.49971 0.036401
305 0.832686 0.537966 0.0332294
306 0.832686 0.518147 0.0303062
307 0.832686 0.497789 0.031313
308 0.832686 0.516379 0.03105
309 0.832686 0.498278 0.0335534
310 0.832686 0.525842 0.0339728
311 0.832686 0.53715 0.0289074
312 0.832686 0.544895 0.0284235
313 0.832686 0.527737 0.0262248
314 0.832686 0.537266 0.0283971
315 0.832686 0.542906 0.0253045
316 0.832686 0.518582 0.021644
317 0.832686 0.505778 0.0272529
318 0.832686 0.507346 0.0275593
319 0.832686 0.526688 0.0308159
320 0.842529 0.540399 0.0319276
321 0.842529 0.530279 0.0285827
322 0.842529 0.514377 0.0303441
323 0.842529 0.514935 0.0267035
324 0.842529 0.516002 0.0336265
325 0.851571 0.519893 0.0343592
326 0.851571 0.528509 0.0349257
327 0.851571 0.520184 0.0351369
328 0.851571 0.525513 0.0323096
329 0.851571 0.53697 0.0359405
330 0.851571 0.544971 0.0350499
331 0.851571 0.546665 0.0263355
332 0.851571 0.538605 0.0321415
333 0.851571 0.518354 0.0354283
334 0.851571 0.499849 0.0392894
335 0.851571 0.518938 0.0331002
336 0.851571 0.502639 0.0364557
337 0.851571 0.500153 0.03687
338 0.851571 0.527721 0.0342389
339 0.851571 0.519139 0.0340366
340 0.851571 0.517059 0.02942
341 0.851571 0.489892 0.0318512
342 0.851571 0.499796 0.0298058
343 0.851571 0.514328 0.0310957
344 0.851571 0.51157 0.0322109
345 0.851571 0.529315 0.0291833
346 0.851571 0.526599 0.0262836
347 0.851571 0.517371 0.0293167
348 0.851571 0.524041 0.0299125
349 0.851571 0.536833 0.0339285
350 0.851571 0.53398 0.0318066
351 0.851571 0.535914 0.030132
352 0.851571 0.51271 0.0310799
353 0.851571 0.526035 0.0301975
354 0.851571 0.528715 0.0326305
355 0.851571 0.505978 0.0273102
356 0.851571 0.518341 0.0278404
357 0.851571 0.504179 0.0282522
358 0.851571 0.505075 0.0303293
359 0.851571 0.490288 0.029209
360 0.851571 0.518589 0.0322491
361 0.851571 0.515655 0.0322925
362 0.851571 0.492722 0.0338043
363 0.851571 0.497682 0.0317061
364 0.851571 0.503371 0.0322632
365 0.851571 0.492083 0.0337784
366 0.851571 0.488922 0.0344166
367 0.851571 0.50417 0.0340006
368 0.854759 0.496482 0.0334087
369 0.854759 0.518541 0.0369041
370 0.854759 0.532692 0.0329355
371 0.854759 0.540121 0.0336394
372 0.854759 0.534465 0.0273163
373 0.854759 0.540836 0.0272013
374 0.854759 0.534468 0.0286379
375 0.854759 0.531731 0.032451
376 0.854759 0.514355 0.028161
377 0.854759 0.500181 0.0270413
378 0.854759 0.531513 0.0325863
379 0.854759 0.510231 0.0288906
380 0.854759 0.538313 0.0286548
381 0.854759 0.532708 0.0271729
382 0.854759 0.523473 0.0326278
383 0.854759 0.537894 0.0316971
384 0.854759 0.52715 0.0319021
385 0.854759 0.521697 0.030117
386 0.854759 0.539547 0.0290446
387 0.854759 0.524788 0.0323329
388 0.854759 0.522694 0.0353473
389 0.854759 0.536214 0.0350371
390 0.854759 0.559992 0.0320772
391 0.854759 0.531344 0.032414
392 0.854759 0.542898 0.0318545
393 0.854759 0.526201 0.0298338
394 0.854759 0.534532 0.0274696
395 0.854759 0.542841 0.0322494
396 0.854759 0.539319 0.0307678
397 0.854759 0.544071 0.0320848
398 0.854759 0.549888 0.034198
399 0.854759 0.543188 0.0290436
400 0.854759 0.555146 0.0278854
401 0.854759 0.551943 0.0298939
402 0.854759 0.560541 0.0313237
403 0.854759 0.557921 0.0282473
404 0.854759 0.548794 0.0234142
405 0.854759 0.540859 0.030974
406 0.854759 0.522353 0.0283003
407 0.854759 0.572419 0.0252094
408 0.854759 0.561693 0.027782
409 0.854759 0.542564 0.0295246
410 0.854759 0.537959 0.0296699
411 0.854759 0.530546 0.0322816
412 0.854759 0.534319 0.0340579
413 0.854759 0.5293 0.0392344
414 0.854759 0.539991 0.036557
415 0.854759 0.535283 0.0355477
416 0.854759 0.525023 0.0342859
417 0.854759 0.524308 0.0326232
418 0.854759 0.534028 0.0325791
419 0.854759 0.510283 0.0343511
420 0.854759 0.518697 0.0318467
421 0.854759 0.526053 0.0338068
422 0.854759 0.519634 0.0327826
423 0.854759 0.522729 0.0257494
424 0.854759 0.549219 0.0310775
425 0.854759 0.544935 0.0265421
426 0.854759 0.551086 0.030189
427 0.854759 0.550607 0.0267521
428 0.854759 0.553337 0.0276317
429 0.854759 0.54503 0.0263641
430 0.854759 0.572995 0.0278861
431 0.854759 0.556689 0.0291299
432 0.854759 0.549885 0.0270747
433 0.854759 0.56355 0.0268207
434 0.854759 0.567577 0.0228308
435 0.854759 0.553108 0.0278745
436 0.854759 0.554998 0.0251443
437 0.854759 0.55944 0.0223574
438 0.854759 0.54365 0.0238523
439 0.854759 0.540719 0.0254266
440 0.854759 0.549479 0.0254385
441 0.854759 0.531233 0.0252655
442 0.854759 0.522807 0.0234533
443 0.854759 0.551148 0.0265806
444 0.854759 0.552134 0.0295921
445 0.854759 0.539092 0.0332705
446 0.854759 0.538537 0.0306585
447 0.854759 0.552642 0.0291371
448 0.854759 0.540801 0.0266411
449 0.854759 0.541567 0.0317983
450 0.854759 0.531944 0.030082
451 0.854759 0.525308 0.0291341
452 0.854759 0.532533 0.028214
453 0.854759 0.530283 0.0335416
454 0.854759 0.530022 0.0366663
455 0.854759 0.551743 0.0291391
456 0.854759 0.520591 0.0346593
457 0.854759 0.524366 0.0307916
458 0.854759 0.516825 0.0283777
459 0.854759 0.526271 0.0273895
460 0.854759 0.538465 0.0270276
461 0.854759 0.551928 0.0233985
462 0.854759 0.54671 0.0243792
463 0.854759 0.547994 0.0274087
464 0.854759 0.558334 0.0257988
465 0.854759 0.54751 0.0327499
466 0.854759 0.549396 0.0270294
467 0.854759 0.545812 0.0282333
468 0.854759 0.544866 0.0270586
469 0.854759 0.534531 0.0286854
470 0.854759 0.548005 0.027035
471 0.854759 0.54637 0.0260121
472 0.854759 0.554382 0.0307713
473 0.854759 0.562191 0.0298218
474 0.854759 0.540278 0.031499
475 0.854759 0.551447 0.031933
476 0.854759 0.544728 0.0306909
477 0.854759 0.531367 0.0336304
478 0.854759 0.539213 0.0287342
479 0.854759 0.562338 0.0291633
480 0.854759 0.56507 0.0285359
481 0.854759 0.548089 0.026833
482 0.854759 0.55563 0.0284416
483 0.854759 0.538767 0.0289916
484 0.854759 0.553717 0.0261492
485 0.854759 0.539312 0.0264112
486 0.854759 0.566914 0.0277481
487 0.854759 0.567319 0.0248347
488 0.854759 0.558557 0.0236839
489 0.854759 0.593322 0.0232879
490 0.854759 0.581651 0.0214001
491 0.854759 0.554726 0.0299555
492 0.854759 0.537865 0.0254907
493 0.854759 0.558686 0.0298939
494 0.854759 0.56312 0.0279167
495 0.854759 0.531554 0.0264582
496 0.854759 0.569212 0.0241677
497 0.854759 0.55359 0.0259445
498 0.854759 0.546248 0.0254658
499 0.854759 0.536371 0.0287245
500 0.854759 0.519809 0.0258378
501 0.854759 0.543227 0.0283387
502 0.854759 0.532272 0.0308912
503 0.854759 0.552965 0.0312076
504 0.854759 0.5464 0.0296283
505 0.854759 0.529885 0.0269836
506 0.854759 0.508847 0.0348692
507 0.854759 0.501038 0.0307031
508 0.854759 0.544361 0.0304727
509 0.854759 0.547616 0.031517
510 0.854759 0.53519 0.0288209
511 0.854759 0.559933 0.033009
512 0.854759 0.549996 0.0291544
513 0.854759 0.542766 0.0326063
514 0.854759 0.529927 0.0329931
515 0.854759 0.544575 0.0310659
516 0.856393 0.554868 0.0308032
517 0.856393 0.541343 0.0321556
518 0.856393 0.556054 0.0345799
519 0.856393 0.548454 0.0299036
520 0.856393 0.55884 0.0288367
521 0.856393 0.541882 0.0277136
522 0.856393 0.532641 0.0361357
523 0.856393 0.527803 0.0287513
524 0.856393 0.541196 0.0325917
525 0.856393 0.530778 0.0280508
526 0.856393 0.522138 0.0299868
527 0.856393 0.538292 0.0271679
528 0.856393 0.520359 0.029369
529 0.856393 0.51669 0.0319523
530 0.856393 0.509373 0.0330745
531 0.856393 0.502517 0.0302544
532 0.856393 0.51792 0.0292427
533 0.856393 0.519472 0.0309596
534 0.856393 0.51789 0.0302942
535 0.856393 0.529868 0.0324034
536 0.856393 0.506937 0.0315181
537 0.856393 0.521528 0.0315191
538 0.856393 0.524649 0.0321318
539 0.856393 0.512795 0.0317538
540 0.856393 0.529362 0.0305688
541 0.856393 0.53228 0.0342199
542 0.856393 0.533652 0.0326558
543 0.856393 0.537669 0.0307126
544 0.856393 0.535625 0.0308131
545 0.856393 0.548143 0.0338403
546 0.856393 0.549494 0.0336061
547 0.856393 0.522826 0.0368806
548 0.856393 0.529847 0.0391827
549 0.856393 0.523124 0.0363508
550 0.856393 0.539553 0.0254054
551 0.856393 0.542117 0.0281837
552 0.856393 0.554146 0.0283057
553 0.856393 0.558963 0.023651
554 0.856393 0.541099 0.0316043
555 0.856446 0.527595 0.0306003
556 0.856446 0.541565 0.0284949
557 0.856446 0.531175 0.0297996
558 0.856446 0.518848 0.0337491
559 0.861637 0.505101 0.0319442
560 0.861637 0.526036 0.0296616
561 0.861637 0.537366 0.0323406
562 0.861637 0.547433 0.0345447
563 0.861637 0.53563 0.0291585
564 0.861637 0.534738 0.0314703
565 0.861637 0.549283 0.02776
566 0.861637 0.547209 0.0272273
567 0.861637 0.51585 0.0359713
568 0.861637 0.546506 0.0329682
569 0.861637 0.550543 0.0269792
570 0.861637 0.542515 0.0304149
571 0.861637 0.539884 0.0343052
572 0.861637 0.551402 0.0303738
573 0.861637 0.526545 0.0309945
574 0.861637 0.537737 0.031508
575 0.861637 0.570602 0.0277373
576 0.861637 0.554658 0.0305705
577 0.861637 0.541818 0.030224
578 0.861637 0.555646 0.0312191
579 0.861637 0.532417 0.0290126
580 0.861637 0.555088 0.0314305
581 0.861637 0.532674 0.0301482
582 0.861637 0.533183 0.0292964
583 0.861637 0.544019 0.0316251
584 0.861637 0.541966 0.0294654
585 0.861637 0.560983 0.0324072
586 0.861637 0.540966 0.0291244
587 0.861637 0.562065 0.0263411
588 0.861637 0.54987 0.0313051
589 0.861637 0.539365 0.02783
590 0.861637 0.54657 0.0338261
591 0.861637 0.507808 0.0320044
592 0.861637 0.521969 0.0292177
593 0.861637 0.502088 0.0320381
594 0.861637 0.515176 0.0322284
595 0.861637 0.529231 0.026762
596 0.861637 0.527487 0.0287423
597 0.861637 0.562515 0.0275024
598 0.861637 0.567766 0.0233209
599 0.861637 0.568904 0.0245052
600 0.861637 0.570504 0.0263535
601 0.861637 0.56683 0.0239454
602 0.861637 0.585537 0.0239335
603 0.861637 0.563466 0.0262841
604 0.861637 0.537572 0.0250838
605 0.861637 0.543587 0.0269425
606 0.861637 0.537918 0.0271597
607 0.861637 0.521264 0.0297869
608 0.861637 0.551835 0.0336392
609 0.861637 0.530407 0.0327739
610 0.861637 0.538735 0.031458
611 0.861637 0.531229 0.0230035
612 0.861637 0.555081 0.0275382
613 0.861637 0.532303 0.028099
614 0.861637 0.534842 0.0274785
615 0.861637 0.540902 0.0282503
616 0.861637 0.550286 0.0305361
617 0.861637 0.558205 0.0266806
618 0.861637 0.551123 0.0260125
619 0.861637 0.542878 0.0300665
620 0.861637 0.573919 0.0277
621 0.861637 0.561602 0.0298306
622 0.861637 0.528666 0.0279766
623 0.861637 0.525876 0.0272203
624 0.861637 0.524086 0.0287951
625 0.861637 0.534376 0.0334584
626 0.861637 0.554889 0.0290313
627 0.861637 0.546061 0.0326003
628 0.861637 0.538573 0.0351614
629 0.861637 0.535769 0.0285503
630 0.861637 0.546911 0.0327897
631 0.861637 0.542928 0.0362043
632 0.861637 0.516135 0.0350027
633 0.861637 0.535092 0.0407312
634 0.861637 0.520025 0.0375165
635 0.861637 0.522051 0.0367615
636 0.861637 0.526632 0.0355475
637 0.861637 0.536571 0.0348144
638 0.861637 0.505478 0.0361758
639 0.861637 0.524342 0.0355697
640 0.861637 0.537687 0.0321779
641 0.861637 0.544092 0.0289283
642 0.861637 0.547999 0.0258382
643 0.861637 0.559441 0.0273889
644 0.861637 0.569465 0.0281271
645 0.861637 0.56201 0.0276591
646 0.861637 0.553684 0.030765
647 0.861637 0.549103 0.0298343
648 0.861637 0.549231 0.0296329
649 0.861637 0.528518 0.030307
650 0.861637 0.557042 0.0295724
651 0.861637 0.552592 0.0293175
652 0.861637 0.570223 0.0294789
653 0.861637 0.570684 0.0273452
654 0.861637 0.552922 0.0282008
655 0.861637 0.545825 0.0309678
656 0.861637 0.549566 0.0322445
657 0.861637 0.542396 0.0298833
658 0.861637 0.550883 0.0293072
659 0.861637 0.552109 0.0318439
660 0.861637 0.558489 0.0302296
661 0.861637 0.554045 0.0305994
662 0.861637 0.558592 0.0244002
663 0.861637 0.55341 0.025234
664 0.861637 0.544603 0.0262049
665 0.861637 0.566173 0.0246611
666 0.861637 0.56215 0.0283977
667 0.861637 0.562438 0.0304489
668 0.861637 0.553071 0.0313387
669 0.861637 0.553284 0.0317141
670 0.861637 0.536357 0.0340762
671 0.861637 0.528635 0.0327102
672 0.861637 0.524846 0.0331286
673 0.861637 0.541886 0.0365915
674 0.861637 0.529435 0.0376468
675 0.861637 0.534342 0.0370865
676 0.861637 0.547491 0.0392713
677 0.861637 0.536172 0.0372931
678 0.861637 0.543723 0.0306249
679 0.861637 0.537627 0.0315712
680 0.861637 0.548486 0.0294854
681 0.861637 0.527478 0.0326642
682 0.861637 0.528976 0.0293801
683 0.861637 0.551942 0.0288031
684 0.861637 0.521026 0.0294963
685 0.861637 0.511182 0.0294978
686 0.861637 0.538092 0.0292299
687 0.861637 0.523824 0.0326743
688 0.861637 0.531899 0.0301764
689 0.861637 0.532921 0.0318998
690 0.861637 0.544458 0.0279572
691 0.861637 0.543649 0.0292213
692 0.861637 0.563773 0.0247761
693 0.861637 0.571659 0.0270117
694 0.861637 0.548169 0.029258
695 0.861637 0.561893 0.0274335
696 0.861637 0.548879 0.0300044
697 0.861637 0.5364 0.031827
698 0.861637 0.517668 0.0350872
699 0.861637 0.504541 0.0307997
700 0.861637 0.508238 0.0333084
701 0.861637 0.515986 0.0333182
702 0.861637 0.521523 0.032905
703 0.861637 0.513117 0.032146
704 0.861637 0.516529 0.0323474
705 0.861637 0.55418 0.0301517
706 0.861637 0.54724 0.0283866
707 0.861637 0.538645 0.0290431
708 0.861637 0.528291 0.0346834
709 0.861637 0.528309 0.0373839
710 0.861637 0.529376 0.0296134
711 0.861637 0.546543 0.0333154
712 0.861637 0.547044 0.0317125
713 0.861637 0.532366 0.0356599
714 0.861637 0.550258 0.0390885
715 0.861637 0.529358 0.0311755
716 0.861637 0.541891 0.0327616
717 0.861637 0.540079 0.0300494
718 0.861637 0.549869 0.0322397
719 0.861637 0.555441 0.0301553
720 0.861637 0.548754 0.0277969
721 0.861637 0.5477 0.0322082
722 0.861637 0.53727 0.0304586
723 0.861637 0.54452 0.0361492
724 0.861637 0.545114 0.0350358
725 0.861637 0.551964 0.0331021
726 0.861637 0.561063 0.0323249
727 0.861637 0.545782 0.0317311
728 0.861637 0.55172 0.0331236
729 0.861637 0.542771 0.033917
730 0.861637 0.530652 0.0361189
731 0.861637 0.5296 0.0361905
732 0.861637 0.548199 0.0378555
733 0.861637 0.542237 0.0307782
734 0.861637 0.542546 0.0301937
735 0.861637 0.512544 0.0346078
736 0.861637 0.534501 0.0316752
737 0.861637 0.51545 0.0361338
738 0.861637 0.534742 0.0276442
739 0.861637 0.562887 0.0300202
740 0.861637 0.544489 0.0295721
741 0.861637 0.530824 0.0304131
742 0.861637 0.547121 0.0308778
743 0.861637 0.528296 0.0289677
744 0.861637 0.548287 0.0292994
745 0.861637 0.551735 0.0278723
746 0.861637 0.534582 0.0281547
747 0.861637 0.538512 0.028342
748 0.861637 0.531459 0.0260572
749 0.861637 0.540388 0.0296936
750 0.861637 0.51163 0.0290758
751 0.861637 0.533549 0.0240799
752 0.861637 0.548933 0.0254289
753 0.861637 0.546651 0.0252911
754 0.861637 0.581915 0.0291493
755 0.861637 0.561715 0.0282279
756 0.861637 0.555975 0.0320376
757 0.861637 0.534998 0.0305132
758 0.861637 0.530044 0.0295115
759 0.861637 0.523278 0.0328245
760 0.861637 0.52306 0.0308062
761 0.861637 0.549049 0.0343945
762 0.861637 0.523731 0.0361216
763 0.861637 0.533348 0.0357363
764 0.861637 0.53016 0.0328611
765 0.861637 0.531934 0.0288087
766 0.861637 0.556135 0.0310908
767 0.861637 0.544605 0.0305937
768 0.861637 0.535759 0.0312283
769 0.861637 0.523173 0.0339776
770 0.861637 0.548997 0.0296836
771 0.861637 0.543739 0.0325881
772 0.861637 0.515246 0.0334183
773 0.861637 0.532199 0.0334364
774 0.861637 0.559503 0.0348349
775 0.861637 0.581907 0.0312069
776 0.861637 0.562535 0.0297311
777 0.861637 0.536081 0.0287891
778 0.861637 0.570894 0.0294359
779 0.861637 0.556924 0.0252593
780 0.861637 0.559882 0.027129
781 0.861637 0.547819 0.0290764
782 0.861637 0.542377 0.0263141
783 0.861637 0.544697 0.0299564
784 0.861637 0.550422 0.032742
785 0.861637 0.549278 0.0279423
786 0.861637 0.565849 0.025913
787 0.861637 0.567025 0.0298314
788 0.861637 0.560967 0.0292201
789 0.861637 0.557984 0.0250111
790 0.861637 0.554129 0.025783
791 0.861637 0.556409 0.0318463
792 0.861637 0.549039 0.0309244
793 0.861637 0.559518 0.0262957
794 0.861637 0.557197 0.0300143
795 0.861637 0.556918 0.0277972
796 0.861637 0.568103 0.0280335
797 0.861637 0.573053 0.0292475
798 0.861637 0.558697 0.0258526
799 0.861637 0.546118 0.0281308
800 0.861637 0.552483 0.0276865
801 0.861637 0.537135 0.0317812
802 0.861637 0.552735 0.0299112
803 0.861637 0.551941 0.0291938
804 0.861637 0.545821 0.030905
805 0.861637 0.545683 0.0329428
806 0.861637 0.550643 0.0342027
807 0.861637 0.553699 0.0291821
808 0.861637 0.548908 0.03337
809 0.861637 0.531189 0.0314511
810 0.861637 0.534583 0.0311145
811 0.861637 0.559236 0.0304664
812 0.861637 0.539409 0.0323879
813 0.861637 0.550842 0.0312738
814 0.861637 0.532585 0.031253
815 0.861637 0.554339 0.027454
816 0.861637 0.546097 0.0261419
817 0.861637 0.536379 0.0272036
818 0.861637 0.534426 0.0254017
819 0.861637 0.554573 0.0245669
820 0.861637 0.540906 0.0255948
821 0.861637 0.558417 0.0248784
822 0.861637 0.539707 0.0252153
823 0.861637 0.542855 0.0270516
824 0.861637 0.549932 0.0279696
825 0.861637 0.535481 0.0291228
826 0.861637 0.548837 0.0305684
827 0.861637 0.539455 0.0340047
828 0.861637 0.566381 0.0297727
829 0.862994 0.578732 0.0286096
830 0.862994 0.555084 0.0258224
831 0.862994 0.55086 0.0289947
832 0.862994 0.540035 0.0262375
833 0.862994 0.572256 0.0274406
834 0.862994 0.549807 0.0303322
835 0.862994 0.560959 0.0261286
836 0.862994 0.575687 0.0311966
837 0.862994 0.550051 0.0306138
838 0.862994 0.546453 0.0309637
839 0.862994 0.536499 0.0303557
840 0.862994 0.540882 0.0295846
841 0.862994 0.526052 0.0323948
842 0.862994 0.53649 0.0327742
843 0.862994 0.527333 0.0334447
844 0.862994 0.52181 0.031087
845 0.862994 0.535571 0.0291191
846 0.862994 0.55293 0.028895
847 0.862994 0.555085 0.0272848
848 0.862994 0.561201 0.0230258
849 0.862994 0.560527 0.0270289
850 0.862994 0.566826 0.0229459
851 0.862994 0.571771 0.0278828
852 0.862994 0.559238 0.0319362
853 0.862994 0.552165 0.0303957
854 0.862994 0.544128 0.0271868
855 0.862994 0.551406 0.0284071
856 0.862994 0.541717 0.0318418
857 0.862994 0.562387 0.0296852
858 0.862994 0.5314 0.035794
859 0.862994 0.530461 0.030598
860 0.862994 0.544032 0.0280799
861 0.862994 0.539252 0.0301763
862 0.862994 0.53904 0.0308819
863 0.862994 0.519132 0.0293081
864 0.862994 0.517252 0.0339482
865 0.862994 0.522093 0.0322613
866 0.862994 0.553402 0.0275136
867 0.862994 0.536318 0.0339734
868 0.862994 0.544598 0.0335475
869 0.862994 0.523871 0.0318831
870 0.862994 0.526933 0.0323456
871 0.862994 0.535336 0.0297341
872 0.862994 0.513867 0.0320665
873 0.862994 0.510024 0.0310827
874 0.862994 0.533506 0.0338743
875 0.862994 0.520824 0.0307011
876 0.862994 0.526122 0.0319838
877 0.862994 0.538179 0.0319166
878 0.862994 0.534923 0.0342039
879 0.862994 0.530727 0.0330862
880 0.862994 0.518668 0.0314042
881 0.862994 0.534367 0.0352796
882 0.862994 0.526572 0.0355055
883 0.862994 0.515308 0.0341704
884 0.862994 0.487441 0.0340415
885 0.862994 0.503427 0.0302025
886 0.862994 0.507236 0.0296228
887 0.862994 0.503169 0.0312498
888 0.862994 0.490771 0.0333978
889 0.862994 0.511445 0.0339439
890 0.862994 0.51175 0.038585
891 0.862994 0.489646 0.0373539
892 0.862994 0.509889 0.0379514
893 0.862994 0.495782 0.0374706
894 0.862994 0.492594 0.034617
895 0.862994 0.505656 0.0356628
896 0.862994 0.500405 0.0321158
897 0.862994 0.554444 0.0306466
898 0.862994 0.565416 0.0315498
899 0.862994 0.559674 0.029751
900 0.862994 0.568191 0.028178
901 0.862994 0.562884 0.0295325
902 0.862994 0.534954 0.0363423
903 0.862994 0.519736 0.0373078
904 0.862994 0.513047 0.0363655
905 0.862994 0.540005 0.0342951
906 0.862994 0.52834 0.037279
907 0.862994 0.539823 0.0286943
908 0.862994 0.540667 0.0338249
909 0.862994 0.537495 0.0349309
910 0.862994 0.514761 0.0329717
911 0.862994 0.527634 0.0315481
912 0.862994 0.524431 0.0303029
913 0.862994 0.524466 0.0328615
914 0.862994 0.543116 0.030768
915 0.862994 0.548988 0.0328398
916 0.862994 0.54199 0.0295027
917 0.862994 0.533545 0.0336895
918 0.862994 0.512868 0.0329042
919 0.862994 0.49447 0.0333143
920 0.862994 0.532126 0.0286592
921 0.862994 0.55297 0.0288118
922 0.862994 0.552404 0.0283881
923 0.862994 0.548684 0.0301219
924 0.862994 0.554381 0.0252419
925 0.862994 0.541753 0.0264515
926 0.862994 0.540947 0.0281799
927 0.862994 0.539551 0.0272523
928 0.862994 0.543917 0.0276374
929 0.862994 0.524477 0.0299215
930 0.862994 0.530514 0.0244956
931 0.862994 0.545827 0.029825
932 0.862994 0.53596 0.0291145
933 0.862994 0.510451 0.0351812
934 0.862994 0.517842 0.0350746
935 0.862994 0.516456 0.0322373
936 0.862994 0.548275 0.0316965
937 0.862994 0.544651 0.0290199
938 0.862994 0.556901 0.0295915
939 0.862994 0.554626 0.0309128
940 0.862994 0.540607 0.0292426
941 0.862994 0.557042 0.0341226
942 0.862994 0.549244 0.0364667
943 0.862994 0.544086 0.0309325
944 0.862994 0.553805 0.0310549
945 0.862994 0.584005 0.0277613
946 0.862994 0.566563 0.0322535
947 0.862994 0.565612 0.0317273
948 0.862994 0.561808 0.0310284
949 0.862994 0.568361 0.0216263
950 0.862994 0.562349 0.0247384
951 0.862994 0.55497 0.0261256
952 0.862994 0.53634 0.0296394
953 0.862994 0.532817 0.0287019
954 0.862994 0.537307 0.0312563
955 0.862994 0.53559 0.0319131
956 0.862994 0.526523 0.0265822
957 0.862994 0.557396 0.027768
958 0.862994 0.549191 0.0249884
959 0.862994 0.527731 0.0263278
960 0.862994 0.530036 0.0270709
961 0.862994 0.516384 0.0251937
962 0.862994 0.532181 0.0283264
963 0.862994 0.569647 0.0238478
964 0.862994 0.564236 0.028048
965 0.862994 0.564708 0.0240394
966 0.862994 0.555021 0.026484
967 0.862994 0.541773 0.0287035
968 0.862994 0.525052 0.0303993
969 0.862994 0.530808 0.0347512
970 0.862994 0.547779 0.0311925
971 0.862994 0.564404 0.030598
972 0.862994 0.552772 0.0356806
973 0.862994 0.556233 0.0330261
974 0.862994 0.555048 0.0302844
975 0.862994 0.558846 0.0297282
976 0.862994 0.541414 0.0326921
977 0.862994 0.554618 0.0333908
978 0.862994 0.579318 0.0276263
979 0.862994 0.566632 0.0260598
980 0.862994 0.56529 0.0306618
981 0.862994 0.554476 0.0298283
982 0.862994 0.546669 0.0279519
983 0.862994 0.542365 0.0283725
984 0.862994 0.555516 0.0266594
985 0.862994 0.541348 0.0338916
986 0.862994 0.552213 0.0302657
987 0.862994 0.577228 0.029142
988 0.862994 0.554811 0.0296654
989 0.862994 0.546847 0.0303482
990 0.862994 0.561688 0.0313104
991 0.862994 0.559679 0.0344647
992 0.862994 0.531409 0.0352482
993 0.862994 0.553241 0.0312688
994 0.862994 0.531383 0.0300026
995 0.862994 0.571002 0.0312472
996 0.862994 0.560903 0.0249979
997 0.862994 0.547354 0.0311533
998 0.862994 0.551162 0.0286877
999 0.862994 0.53568 0.028325
1000 0.862994 0.530989 0.0300193
