0 0.649329 0.500039 0.000715539
1 0.655314 0.505057 0.00104204
2 0.655314 0.512378 0.00137448
3 0.727106 0.515996 0.00277959
4 0.727106 0.519912 0.0035426
5 0.727106 0.519752 0.00396417
6 0.727106 0.523784 0.0042238
7 0.727106 0.536395 0.00572694
8 0.727106 0.532444 0.00689245
9 0.727106 0.526915 0.00765884
10 0.727106 0.53347 0.0061539
11 0.7759 0.534943 0.00714483
12 0.7759 0.535812 0.00727274
13 0.7759 0.526817 0.00657034
14 0.7759 0.534699 0.00710738
15 0.7759 0.532077 0.0064335
16 0.810288 0.540441 0.00862171
17 0.824693 0.553904 0.0101279
18 0.824693 0.551295 0.0094124
19 0.824693 0.548195 0.010153
20 0.824693 0.554458 0.0118621
21 0.824693 0.570485 0.0135509
22 0.824693 0.562578 0.013896
23 0.824693 0.567165 0.0144568
24 0.859234 0.57085 0.0162417
25 0.865449 0.574865 0.0164862
26 0.865449 0.568739 0.0141411
27 0.865449 0.570121 0.0159074
28 0.875044 0.584378 0.0188458
29 0.883398 0.594256 0.0220863
30 0.883398 0.584543 0.0201202
31 0.924501 0.599885 0.0228588
32 0.924501 0.594352 0.0205365
33 0.924501 0.604446 0.0225323
34 0.924501 0.617973 0.0264592
35 0.924501 0.619374 0.0253274
36 0.924501 0.631507 0.027969
37 0.924501 0.641625 0.0314221
38 0.924501 0.628313 0.0326091
39 0.927336 0.635847 0.0309314
40 0.928367 0.647522 0.0268567
41 0.928367 0.660239 0.0288364
42 0.928367 0.666665 0.0278904
43 0.934554 0.697644 0.02926
44 0.934554 0.70137 0.0285923
45 0.934554 0.705853 0.0241407
46 0.934554 0.694921 0.0241822
47 0.934554 0.697557 0.0253929
48 0.934554 0.708017 0.0229044
49 0.934554 0.729702 0.0238706
50 0.934554 0.7402 0.0229755
51 0.934554 0.742474 0.0247824
52 0.934554 0.753712 0.0212908
53 0.966965 0.763841 0.0197704
54 0.966965 0.763354 0.0180126
55 0.966965 0.791648 0.015842
56 0.966965 0.808565 0.0144406
57 0.966965 0.802187 0.0158535
58 0.966965 0.813616 0.014364
59 0.972222 0.832221 0.0118851
60 0.972222 0.845021 0.0113402
61 0.972222 0.858296 0.0081625
62 0.972222 0.868525 0.00672651
63 0.972222 0.868667 0.00701239
64 0.972222 0.878763 0.00619475
65 0.972222 0.899376 0.0035074
66 0.972222 0.90102 0.0041251
67 0.974629 0.901578 0.00358654
68 0.974629 0.899518 0.00377353
69 0.974629 0.903634 0.00343125
70 0.979634 0.906472 0.0027554
71 0.979634 0.910909 0.00311713
72 0.979634 0.921524 0.00304718
73 0.979634 0.916393 0.00297149
74 0.979634 0.91686 0.00364218
75 0.979634 0.914553 0.00510018
76 0.979634 0.923757 0.00255752
77 0.979634 0.919215 0.00340213
78 0.979634 0.908273 0.00446592
79 0.979634 0.912047 0.00390481
80 0.979634 0.921078 0.0028864
81 0.979634 0.920996 0.00233236
82 0.979634 0.9183 0.00310398
83 0.980931 0.929909 0.00201323
84 0.980931 0.929579 0.00196875
85 0.980931 0.935882 0.00131145
86 0.980931 0.934321 0.00108611
87 0.980931 0.934248 0.00115956
88 0.980931 0.931409 0.0014755
89 0.980931 0.933742 0.00151193
90 0.980931 0.931835 0.00154801
91 0.980931 0.931755 0.00166626
92 0.982353 0.931343 0.00165799
93 0.984245 0.94071 0.00135925
94 0.984245 0.935919 0.00178737
95 0.984245 0.930745 0.00198269
96 0.984245 0.932913 0.00121729
97 0.984245 0.936354 0.00144034
98 0.984245 0.932484 0.00152686
99 0.984245 0.938435 0.00141166
100 0.984897 0.933072 0.00162456
101 0.986232 0.938169 0.0011274
102 0.986232 0.935112 0.00177471
103 0.986232 0.935503 0.00176139
104 0.986232 0.93973 0.00171754
105 0.986232 0.940881 0.00169259
106 0.986232 0.938404 0.00204588
107 0.986232 0.937469 0.00248714
108 0.986232 0.935336 0.00238633
109 0.986232 0.93768 0.00164952
110 0.986232 0.944946 0.00114159
111 0.986232 0.939818 0.00159712
112 0.986232 0.944963 0.00120472
113 0.986232 0.949765 0.000822204
114 0.986232 0.945851 0.00112032
115 0.986232 0.941401 0.00124715
116 0.986232 0.945736 0.00117063
117 0.986232 0.940324 0.00144071
118 0.986421 0.946527 0.00107586
119 0.986421 0.940567 0.00163891
120 0.986421 0.943787 0.00144274
121 0.986421 0.940088 0.00189733
122 0.986421 0.9506 0.00107305
123 0.986421 0.949387 0.00106881
124 0.986421 0.950116 0.00091341
125 0.986421 0.951488 0.000712513
126 0.986421 0.948791 0.000852034
127 0.986421 0.95338 0.000744235
128 0.986421 0.952035 0.000566681
129 0.987962 0.953326 0.000737982
130 0.987962 0.954169 0.000890509
131 0.987962 0.952502 0.000916518
132 0.987962 0.944136 0.00172288
133 0.987962 0.94766 0.00117881
134 0.987962 0.944872 0.00120854
135 0.987962 0.946299 0.0013308
136 0.987962 0.951239 0.000822953
137 0.987962 0.953347 0.000685019
138 0.987962 0.953863 0.000614121
139 0.987962 0.950108 0.00122991
140 0.987962 0.954147 0.00082887
141 0.987962 0.952734 0.00110446
142 0.987962 0.955386 0.0008939
143 0.987962 0.958527 0.000624288
144 0.987962 0.957962 0.000936051
145 0.987962 0.955393 0.000805099
146 0.988189 0.952062 0.000960898
147 0.988189 0.948843 0.000928754
148 0.988398 0.955565 0.000910768
149 0.988398 0.949937 0.00114459
150 0.988398 0.944246 0.00143942
151 0.988398 0.945608 0.00137715
152 0.988398 0.945957 0.00128086
153 0.988398 0.94837 0.00105903
154 0.988398 0.950033 0.000812052
155 0.988398 0.947511 0.00135218
156 0.988398 0.947244 0.00123225
157 0.988398 0.948571 0.00100158
158 0.988398 0.9468 0.00105097
159 0.988398 0.948597 0.00101023
160 0.988398 0.954115 0.000832393
161 0.988398 0.952558 0.000932599
162 0.988398 0.950482 0.00110841
163 0.988398 0.951351 0.00113729
164 0.988569 0.954181 0.000865819
165 0.988569 0.955047 0.00107592
166 0.988569 0.958614 0.00064244
167 0.988569 0.958034 0.000734198
168 0.988569 0.956034 0.000728241
169 0.988569 0.954284 0.000863472
170 0.988569 0.950023 0.000950185
171 0.988569 0.947802 0.00117332
172 0.988569 0.948779 0.00132001
173 0.988569 0.944665 0.00166372
174 0.988569 0.947114 0.00132704
175 0.988569 0.94575 0.00159417
176 0.988569 0.943687 0.00158074
177 0.988569 0.946693 0.00140531
178 0.988569 0.9477 0.00141907
179 0.988569 0.951409 0.00112192
180 0.988569 0.94807 0.00121815
181 0.988569 0.944254 0.00225082
182 0.988584 0.944123 0.00232037
183 0.988584 0.948155 0.00239384
184 0.988584 0.948267 0.00227797
185 0.989 0.949088 0.00221668
186 0.989 0.94822 0.00244524
187 0.989 0.953773 0.0010668
188 0.989 0.953565 0.0011525
189 0.989 0.957147 0.00109645
190 0.989 0.958801 0.000908529
191 0.989 0.9586 0.000901239
192 0.989 0.952261 0.00106829
193 0.989 0.953271 0.000858562
194 0.989 0.951438 0.000938189
195 0.990387 0.951182 0.00114442
196 0.990387 0.945368 0.00134095
197 0.990387 0.95419 0.00124126
198 0.990387 0.950417 0.00150918
199 0.990387 0.951522 0.00111513
200 0.990387 0.952724 0.00181442
201 0.990387 0.95441 0.00123522
202 0.990684 0.953969 0.00134307
203 0.990684 0.950599 0.00198768
204 0.990684 0.955122 0.0017824
205 0.990684 0.952929 0.0020142
206 0.990684 0.954997 0.00151678
207 0.990684 0.957616 0.00106081
208 0.990684 0.954474 0.00114344
209 0.990684 0.955194 0.00126593
210 0.990684 0.949878 0.00219577
211 0.990684 0.948709 0.00217342
212 0.990684 0.949305 0.00191977
213 0.990684 0.950344 0.00122281
214 0.990684 0.952916 0.000845858
215 0.991046 0.949073 0.0014393
216 0.991046 0.947641 0.00129929
217 0.991046 0.946664 0.00130262
218 0.991046 0.941368 0.00171736
219 0.991046 0.94408 0.00141365
220 0.991046 0.943976 0.00154057
221 0.991046 0.942716 0.00161695
222 0.991167 0.947489 0.00117908
223 0.991167 0.943557 0.00207815
224 0.991167 0.940785 0.0023881
225 0.991167 0.94309 0.00189944
226 0.991167 0.94416 0.0020581
227 0.991167 0.947638 0.00157963
228 0.991167 0.948218 0.00185948
229 0.991167 0.94596 0.00208539
230 0.991167 0.948654 0.00134742
231 0.991167 0.94882 0.00114772
232 0.991167 0.946375 0.001207
233 0.991167 0.948006 0.00102469
234 0.991167 0.94967 0.000919796
235 0.991688 0.954946 0.000686464
236 0.991688 0.952948 0.000956833
237 0.991688 0.950375 0.000827043
238 0.991688 0.949637 0.00091539
239 0.991688 0.950343 0.00100402
240 0.991688 0.955472 0.000619002
241 0.991688 0.949334 0.00112963
242 0.991702 0.95196 0.000658838
243 0.991702 0.951912 0.000819029
244 0.991702 0.949546 0.00102166
245 0.991702 0.947216 0.00103471
246 0.993059 0.942063 0.00226356
247 0.993059 0.947432 0.00128214
248 0.993059 0.94642 0.00108406
249 0.993059 0.947065 0.0012723
250 0.993059 0.94996 0.00136612
251 0.993059 0.954112 0.000766727
252 0.993059 0.949092 0.00112128
253 0.993059 0.952766 0.00111593
254 0.993059 0.949721 0.0012654
255 0.993059 0.951186 0.00118103
256 0.993059 0.949417 0.00109339
257 0.993059 0.950929 0.00120624
258 0.993059 0.948076 0.00114428
259 0.993059 0.946218 0.00136641
260 0.993059 0.946026 0.0011698
261 0.993059 0.947395 0.00126902
262 0.993059 0.948437 0.00104618
263 0.993059 0.947709 0.00117378
264 0.993059 0.95141 0.00103132
265 0.993059 0.952565 0.000896189
266 0.993059 0.948951 0.00119262
267 0.993059 0.950616 0.00133096
268 0.993059 0.949396 0.00121362
269 0.993059 0.947021 0.00127212
270 0.993059 0.950672 0.00123292
271 0.993059 0.950771 0.00145159
272 0.993059 0.953711 0.000978433
273 0.993059 0.949595 0.00112298
274 0.993059 0.943688 0.00146199
275 0.993059 0.940629 0.0021979
276 0.993059 0.944096 0.00187193
277 0.993059 0.9458 0.00180163
278 0.993059 0.946194 0.00154682
279 0.993059 0.944049 0.0013154
280 0.993059 0.94882 0.00109669
281 0.993059 0.948893 0.00135856
282 0.993059 0.951166 0.00112428
283 0.993059 0.949409 0.0016733
284 0.993059 0.948472 0.00228495
285 0.993059 0.946885 0.00196604
286 0.993059 0.945431 0.00222818
287 0.993059 0.940973 0.00264191
288 0.993059 0.938893 0.00258046
289 0.993059 0.939611 0.00220485
290 0.993059 0.944127 0.00146403
291 0.993059 0.944975 0.0018735
292 0.993059 0.938196 0.00193057
293 0.993059 0.94198 0.00208565
294 0.993059 0.945302 0.00212825
295 0.993059 0.947057 0.00163978
296 0.993059 0.946009 0.00184826
297 0.993059 0.9437 0.00211208
298 0.993059 0.949922 0.00108555
299 0.993059 0.946381 0.00143092
300 0.993059 0.944898 0.00180489
301 0.993059 0.955995 0.000911035
302 0.993059 0.956228 0.000762339
303 0.993059 0.953236 0.00088826
304 0.993059 0.955865 0.000887747
305 0.993059 0.955118 0.00063563
306 0.993059 0.954801 0.000720627
307 0.993059 0.953044 0.00087322
308 0.993059 0.951745 0.00149352
309 0.993059 0.953029 0.00095179
310 0.993059 0.948692 0.00112238
311 0.993059 0.956049 0.000700743
312 0.993059 0.951057 0.000916055
313 0.993059 0.952925 0.000922599
314 0.993059 0.951473 0.000927189
315 0.993059 0.951218 0.00111732
316 0.993059 0.950036 0.0016937
317 0.993059 0.951843 0.00208495
318 0.993059 0.949464 0.00129176
319 0.993059 0.947446 0.0011827
320 0.993059 0.94905 0.00147959
321 0.993059 0.944215 0.00189281
322 0.993059 0.941085 0.00150156
323 0.993059 0.940949 0.00200474
324 0.993059 0.943528 0.00175862
325 0.993059 0.941975 0.00172151
326 0.993059 0.938355 0.00239976
327 0.993059 0.9402 0.00185109
328 0.993059 0.93641 0.00191997
329 0.993059 0.940326 0.00155611
330 0.993059 0.935334 0.00200552
331 0.993059 0.938664 0.00211428
332 0.993059 0.942175 0.0021465
333 0.993059 0.941533 0.00240278
334 0.993059 0.946567 0.00171935
335 0.993059 0.94867 0.00118183
336 0.993059 0.946612 0.00146
337 0.993059 0.945208 0.00163003
338 0.993059 0.947173 0.00145043
339 0.993059 0.943549 0.00160831
340 0.993059 0.949729 0.00123876
341 0.993059 0.947403 0.00185417
342 0.993059 0.949623 0.000921696
343 0.993059 0.949166 0.0011166
344 0.993059 0.949525 0.00125919
345 0.993059 0.947478 0.00161678
346 0.993059 0.94368 0.00207107
347 0.993059 0.94514 0.00208003
348 0.993059 0.947993 0.0017645
349 0.993059 0.948218 0.00141242
350 0.993059 0.950883 0.000884235
351 0.993059 0.948907 0.00107791
352 0.993059 0.943935 0.00105218
353 0.993059 0.942644 0.00127295
354 0.993059 0.949775 0.00103382
355 0.993059 0.946594 0.00123636
356 0.993059 0.947596 0.00122755
357 0.993059 0.950823 0.00116218
358 0.993059 0.944518 0.00154534
359 0.993059 0.94179 0.00163574
360 0.993059 0.938424 0.0015965
361 0.993059 0.934435 0.00280535
362 0.993059 0.931876 0.00320028
363 0.993059 0.938947 0.00292279
364 0.993059 0.939332 0.00287045
365 0.993059 0.945746 0.00144079
366 0.993059 0.939606 0.00224472
367 0.993059 0.940536 0.00283579
368 0.993059 0.939331 0.00218132
369 0.993059 0.942577 0.00146529
370 0.993059 0.943672 0.00161958
371 0.993059 0.941763 0.00202017
372 0.993059 0.944622 0.0019155
373 0.993059 0.941483 0.00270108
374 0.993059 0.943717 0.00261007
375 0.993059 0.942406 0.00204107
376 0.993059 0.946948 0.00156551
377 0.993059 0.944662 0.00152287
378 0.993059 0.945688 0.00241428
379 0.993059 0.950621 0.00143065
380 0.993059 0.94899 0.00132683
381 0.993059 0.946071 0.00115237
382 0.993059 0.945914 0.00131379
383 0.993059 0.945421 0.00135585
384 0.993059 0.944129 0.00140187
385 0.993059 0.938896 0.00243758
386 0.993059 0.940514 0.00251343
387 0.993059 0.940632 0.00232111
388 0.993059 0.945028 0.00179944
389 0.993059 0.948766 0.0011064
390 0.993059 0.948831 0.00118399
391 0.993059 0.952469 0.000964571
392 0.993059 0.94414 0.00120257
393 0.993059 0.942152 0.00135125
394 0.993059 0.944391 0.00151298
395 0.993059 0.945703 0.00117076
396 0.993059 0.94511 0.00128944
397 0.993059 0.950972 0.00118962
398 0.993059 0.950973 0.00122967
399 0.993059 0.94628 0.00149565
400 0.993059 0.941993 0.00184996
401 0.993059 0.941426 0.00184296
402 0.993059 0.945489 0.00160768
403 0.993059 0.944646 0.00126238
404 0.993059 0.945924 0.00142213
405 0.993059 0.941393 0.0019005
406 0.993059 0.946424 0.00141176
407 0.993059 0.948881 0.00117831
408 0.993059 0.945901 0.00172623
409 0.993059 0.946394 0.00166849
410 0.993059 0.949256 0.00127135
411 0.993059 0.950372 0.00130783
412 0.993059 0.945088 0.00187619
413 0.993059 0.944092 0.0018505
414 0.993059 0.949837 0.00131895
415 0.993059 0.9473 0.0013261
416 0.993059 0.952789 0.00113532
417 0.993059 0.953386 0.00111139
418 0.993059 0.95213 0.00118391
419 0.993059 0.948856 0.00118793
420 0.993059 0.950693 0.00136558
421 0.993059 0.948207 0.00136393
422 0.993059 0.949514 0.00144374
423 0.993059 0.956123 0.00072006
424 0.993059 0.954731 0.000712155
425 0.993059 0.956879 0.000732063
426 0.993059 0.952666 0.000812853
427 0.993059 0.947825 0.00096698
428 0.993059 0.948447 0.00126923
429 0.993059 0.948588 0.00112639
430 0.993059 0.95033 0.00101825
431 0.993059 0.949192 0.00139944
432 0.993059 0.949144 0.00117388
433 0.993059 0.948286 0.00121165
434 0.993059 0.952905 0.000862238
435 0.993059 0.948716 0.0010683
436 0.993059 0.94631 0.0012438
437 0.993059 0.94709 0.00135025
438 0.993059 0.94359 0.00173008
439 0.993059 0.944402 0.00141466
440 0.993059 0.948183 0.00163149
441 0.993059 0.95067 0.000967094
442 0.993059 0.946459 0.00116601
443 0.993059 0.947657 0.0011613
444 0.993059 0.94754 0.00133595
445 0.993059 0.948322 0.00129943
446 0.993059 0.948561 0.00118875
447 0.993059 0.950787 0.00109924
448 0.993059 0.950193 0.00126485
449 0.993059 0.95119 0.00117141
450 0.993059 0.951495 0.00132166
451 0.993059 0.947658 0.00189757
452 0.993059 0.94657 0.00130763
453 0.993059 0.941953 0.00148644
454 0.993059 0.944732 0.0013198
455 0.993059 0.945821 0.00121358
456 0.993059 0.944733 0.00150459
457 0.993059 0.945697 0.00101665
458 0.993059 0.947722 0.00129184
459 0.993059 0.953575 0.00102206
460 0.993059 0.951925 0.000967863
461 0.993059 0.947256 0.00130975
462 0.993059 0.943285 0.00135926
463 0.993059 0.94065 0.00186468
464 0.993059 0.94243 0.00176359
465 0.993059 0.948145 0.00143098
466 0.993059 0.95019 0.00125746
467 0.993059 0.946297 0.00176267
468 0.993059 0.951536 0.00127238
469 0.993059 0.95058 0.0014382
470 0.993059 0.945393 0.00182131
471 0.993059 0.950527 0.00107209
472 0.993059 0.949416 0.00126019
473 0.993059 0.948227 0.00159377
474 0.993059 0.943614 0.00171523
475 0.993059 0.947469 0.00137964
476 0.993059 0.949978 0.00147446
477 0.993059 0.949668 0.00119425
478 0.993059 0.950565 0.00132773
479 0.993059 0.950383 0.00135478
480 0.993059 0.948746 0.00141156
481 0.993059 0.951197 0.0012451
482 0.993059 0.952344 0.000962616
483 0.993059 0.949085 0.00144038
484 0.993059 0.949548 0.00145853
485 0.993059 0.951163 0.00181575
486 0.993059 0.949381 0.00168729
487 0.993059 0.950996 0.00121162
488 0.993059 0.955882 0.000708492
489 0.993059 0.953524 0.000948573
490 0.993059 0.952759 0.00112558
491 0.993059 0.951711 0.00094355
492 0.993059 0.944946 0.0012301
493 0.993059 0.948044 0.00113151
494 0.993059 0.948438 0.00113562
495 0.993059 0.949654 0.00138633
496 0.993059 0.950979 0.00125767
497 0.993059 0.952493 0.00116979
498 0.993059 0.951541 0.00125634
499 0.993059 0.954749 0.000920696
500 0.993059 0.95217 0.00119051
501 0.993059 0.949159 0.00134194
502 0.993059 0.950353 0.00138963
503 0.993059 0.950592 0.00106118
504 0.993059 0.95762 0.000824335
505 0.993059 0.953563 0.00117779
506 0.993059 0.949715 0.00181771
507 0.993059 0.950075 0.00183992
508 0.993059 0.949691 0.0012473
509 0.993059 0.946359 0.00204732
510 0.993059 0.950368 0.00200379
511 0.993059 0.943911 0.0041121
512 0.993059 0.942084 0.00565045
513 0.993059 0.938971 0.00529586
514 0.993059 0.94113 0.00352936
515 0.993059 0.929295 0.00538891
516 0.993059 0.933965 0.00548045
517 0.993059 0.94273 0.00478101
518 0.993059 0.935986 0.00566249
519 0.993059 0.946743 0.00333749
520 0.993059 0.944322 0.00261864
521 0.993059 0.947547 0.00169992
522 0.993059 0.942607 0.00337706
523 0.993059 0.948272 0.00207441
524 0.993059 0.942052 0.00258619
525 0.993059 0.946165 0.00259526
526 0.993059 0.945431 0.00207014
527 0.993059 0.9495 0.00169979
528 0.993059 0.94571 0.00175367
529 0.993059 0.945181 0.00151009
530 0.993059 0.945488 0.0015543
531 0.993059 0.951412 0.00103248
532 0.993059 0.951618 0.00111275
533 0.993059 0.955431 0.000896166
534 0.993059 0.951571 0.00167435
535 0.993059 0.950291 0.00176715
536 0.993059 0.950761 0.00174515
537 0.993059 0.951494 0.00152147
538 0.993059 0.945061 0.00274384
539 0.993059 0.950548 0.00182193
540 0.993059 0.948269 0.00176511
541 0.993059 0.954612 0.000999253
542 0.993059 0.953531 0.000981316
543 0.993059 0.954168 0.00115161
544 0.993059 0.954826 0.00104865
545 0.993059 0.954022 0.00107776
546 0.993059 0.954376 0.000981939
547 0.993059 0.950905 0.00101822
548 0.993059 0.952429 0.00118268
549 0.993059 0.953847 0.00104795
550 0.993059 0.952925 0.000858817
551 0.993059 0.957042 0.000663593
552 0.993059 0.956223 0.00101467
553 0.993059 0.962852 0.000685553
554 0.993059 0.958354 0.000776602
555 0.993059 0.958112 0.000699283
556 0.993059 0.956753 0.000602019
557 0.993059 0.9571 0.000840024
558 0.993059 0.957789 0.000898993
559 0.993059 0.955055 0.000975661
560 0.993059 0.952048 0.00132665
561 0.993059 0.945719 0.00173985
562 0.993059 0.944296 0.00184249
563 0.993059 0.947159 0.00164635
564 0.993059 0.944454 0.00219447
565 0.993059 0.93711 0.00362868
566 0.993059 0.944134 0.00252913
567 0.993059 0.949593 0.00205947
568 0.993059 0.950714 0.00210569
569 0.993059 0.956599 0.00175547
570 0.993059 0.953541 0.0015439
571 0.993059 0.955176 0.00120027
572 0.993059 0.956986 0.000852857
573 0.993059 0.959634 0.000671187
574 0.993059 0.955791 0.00116453
575 0.993059 0.957371 0.000955841
576 0.993059 0.954774 0.00103603
577 0.993059 0.953465 0.000924718
578 0.993059 0.95362 0.0012688
579 0.993059 0.955006 0.00129094
580 0.993059 0.956621 0.00117408
581 0.993059 0.955483 0.00117987
582 0.993059 0.956881 0.00115721
583 0.993059 0.95372 0.00124485
584 0.993059 0.958896 0.000900801
585 0.993059 0.95859 0.00086426
586 0.993059 0.957591 0.00100354
587 0.993059 0.957904 0.00111988
588 0.993059 0.956977 0.00114771
589 0.993059 0.956186 0.00133755
590 0.993059 0.956652 0.00118513
591 0.993059 0.947013 0.00149173
592 0.993059 0.953961 0.00113408
593 0.993059 0.950934 0.0013438
594 0.993059 0.952127 0.00126858
595 0.993059 0.954157 0.00116584
596 0.993059 0.956182 0.00110231
597 0.993059 0.956408 0.0010887
598 0.993059 0.954805 0.00128428
599 0.993059 0.955401 0.00110504
600 0.993059 0.95062 0.00128807
601 0.993059 0.944472 0.0017313
602 0.993059 0.947769 0.00176425
603 0.993059 0.951472 0.00159558
604 0.993059 0.947557 0.00212677
605 0.993059 0.951545 0.00145624
606 0.993059 0.95308 0.00167366
607 0.993059 0.949793 0.00154987
608 0.993059 0.950456 0.00139615
609 0.993059 0.949293 0.00152129
610 0.993059 0.950309 0.0017414
611 0.993059 0.953466 0.00151468
612 0.993059 0.952102 0.00144292
613 0.993059 0.951778 0.00173926
614 0.993059 0.951476 0.00151862
615 0.993059 0.954965 0.00131919
616 0.993059 0.951987 0.00121535
617 0.993059 0.948391 0.00210193
618 0.993059 0.953367 0.00120606
619 0.993059 0.954896 0.0010788
620 0.993059 0.954785 0.000994351
621 0.993059 0.950147 0.00171939
622 0.993059 0.949695 0.0015551
623 0.993059 0.951077 0.00133485
624 0.993059 0.947216 0.0014862
625 0.993059 0.950001 0.00121165
626 0.993059 0.951425 0.00131023
627 0.993059 0.950315 0.00145828
628 0.993059 0.953618 0.00160516
629 0.993059 0.956777 0.000810487
630 0.993059 0.954392 0.00111922
631 0.993059 0.949867 0.00183999
632 0.993059 0.950397 0.00168486
633 0.993059 0.950082 0.00225903
634 0.993059 0.942013 0.00245663
635 0.993059 0.952754 0.00113537
636 0.993059 0.948247 0.00110379
637 0.993059 0.953114 0.00133199
638 0.993059 0.949973 0.00128019
639 0.993059 0.952486 0.0011201
640 0.993059 0.951317 0.00143701
641 0.993059 0.950898 0.00125695
642 0.993059 0.953495 0.00120459
643 0.993059 0.953196 0.00105985
644 0.993059 0.951686 0.00116591
645 0.993059 0.955155 0.00120975
646 0.993059 0.948795 0.00111818
647 0.993059 0.95595 0.000822581
648 0.993059 0.956334 0.000944195
649 0.993059 0.952292 0.000946606
650 0.993059 0.952006 0.00190345
651 0.993059 0.951144 0.0011726
652 0.993059 0.952272 0.00101309
653 0.993059 0.957453 0.000773204
654 0.993059 0.958444 0.000971204
655 0.993059 0.960899 0.000515098
656 0.993059 0.958762 0.000782064
657 0.993059 0.95893 0.000887473
658 0.993059 0.953484 0.00120923
659 0.993059 0.955833 0.000921357
660 0.993059 0.957578 0.00083363
661 0.993059 0.957089 0.000863
662 0.993059 0.95516 0.000815372
663 0.993059 0.95791 0.00092428
664 0.993059 0.953437 0.000874039
665 0.993059 0.954573 0.00113527
666 0.993059 0.953563 0.00140354
667 0.993059 0.95338 0.00155314
668 0.993059 0.946616 0.00204677
669 0.993059 0.949602 0.00142523
670 0.993059 0.955737 0.00100855
671 0.993059 0.956588 0.00082535
672 0.993059 0.95279 0.00119559
673 0.993059 0.951608 0.00198768
674 0.993059 0.957007 0.00117052
675 0.993059 0.954849 0.000872123
676 0.993059 0.951657 0.00106318
677 0.993059 0.951368 0.00117328
678 0.993059 0.950676 0.00137982
679 0.993059 0.950204 0.00131537
680 0.993059 0.95352 0.000899211
681 0.993059 0.955893 0.00106854
682 0.993059 0.948879 0.00154657
683 0.993059 0.952871 0.00100734
684 0.993059 0.950812 0.00114518
685 0.993059 0.952271 0.00109278
686 0.993059 0.946345 0.00140753
687 0.993059 0.941157 0.00169867
688 0.993059 0.93885 0.00240663
689 0.993059 0.942974 0.00229954
690 0.993059 0.940606 0.00259357
691 0.993059 0.946849 0.00220039
692 0.993059 0.940472 0.00246066
693 0.993059 0.941793 0.00241142
694 0.993059 0.944387 0.00195083
695 0.993059 0.948786 0.00142766
696 0.993059 0.949431 0.00157301
697 0.993059 0.952759 0.00145449
698 0.993059 0.95297 0.00109374
699 0.993059 0.949167 0.00196006
700 0.993059 0.95307 0.00130589
701 0.993059 0.957535 0.00115918
702 0.993059 0.955806 0.00128789
703 0.993059 0.954374 0.000915136
704 0.993059 0.951329 0.000920633
705 0.993059 0.954282 0.00118977
706 0.993059 0.948562 0.00134946
707 0.993059 0.952336 0.00119467
708 0.993059 0.951333 0.00153318
709 0.993059 0.953673 0.00146955
710 0.993059 0.951633 0.00132876
711 0.993059 0.946085 0.00182736
712 0.993059 0.951449 0.0010839
713 0.993059 0.953023 0.00102878
714 0.993059 0.954684 0.000903322
715 0.993059 0.95099 0.00108359
716 0.993059 0.949399 0.00181006
717 0.993059 0.951132 0.00144849
718 0.993059 0.958375 0.000686737
719 0.993059 0.959275 0.000675987
720 0.993059 0.951713 0.00250961
721 0.993059 0.947539 0.00366142
722 0.993059 0.95339 0.00216226
723 0.993059 0.9567 0.0011608
724 0.993059 0.955784 0.000971829
725 0.993059 0.951696 0.00104229
726 0.993059 0.950083 0.00142042
727 0.993059 0.952948 0.00106616
728 0.993059 0.952096 0.000918892
729 0.993059 0.957595 0.000569338
730 0.993059 0.953351 0.00110519
731 0.993059 0.954321 0.00124831
732 0.993059 0.957802 0.00118984
733 0.993059 0.957547 0.000849339
734 0.993059 0.962454 0.000556375
735 0.993059 0.964062 0.000610782
736 0.993196 0.959072 0.000857287
737 0.993196 0.961046 0.000768331
738 0.993196 0.958786 0.000586902
739 0.993196 0.960663 0.000615408
740 0.993196 0.953266 0.00113206
741 0.993196 0.95566 0.000887282
742 0.993196 0.954138 0.00114105
743 0.993196 0.951692 0.00124564
744 0.993196 0.952045 0.00117028
745 0.993196 0.955067 0.000915003
746 0.993196 0.957275 0.000771977
747 0.993196 0.951317 0.000936191
748 0.993196 0.95236 0.00169891
749 0.993196 0.952189 0.00160211
750 0.993196 0.94985 0.00149502
751 0.993196 0.956273 0.000902865
752 0.993196 0.956187 0.000770884
753 0.993196 0.955806 0.00107239
754 0.993196 0.957705 0.000627392
755 0.993196 0.961406 0.000631413
756 0.993196 0.958039 0.000642247
757 0.993196 0.95818 0.000597975
758 0.993196 0.956264 0.000644634
759 0.993196 0.956846 0.000630064
760 0.993196 0.953016 0.00119939
761 0.993196 0.952251 0.000919801
762 0.993196 0.953517 0.000834694
763 0.993196 0.956843 0.000663
764 0.993196 0.957167 0.000761408
765 0.993298 0.959563 0.00097017
766 0.993298 0.960917 0.000528023
767 0.993298 0.957649 0.000698104
768 0.993298 0.955451 0.000852357
769 0.993298 0.953455 0.000756354
770 0.993298 0.9574 0.000851139
771 0.993298 0.956872 0.000790705
772 0.993298 0.956374 0.00084526
773 0.993298 0.958057 0.00101428
774 0.993298 0.954892 0.00102319
775 0.993298 0.956978 0.000778671
776 0.993298 0.950902 0.00132952
777 0.993298 0.951355 0.00128848
778 0.993298 0.958368 0.000876592
779 0.993298 0.953817 0.0012269
780 0.993298 0.954006 0.00144354
781 0.993298 0.951319 0.00150988
782 0.993298 0.948864 0.00168291
783 0.993298 0.953687 0.00144495
784 0.993298 0.955928 0.00120862
785 0.993298 0.958416 0.000773146
786 0.993298 0.958864 0.0010032
787 0.993298 0.958519 0.00102123
788 0.993298 0.954822 0.00134515
789 0.993298 0.957721 0.000985143
790 0.993298 0.953192 0.00154009
791 0.993298 0.955038 0.00146126
792 0.993298 0.950705 0.00226932
793 0.993298 0.951476 0.0017764
794 0.993298 0.955728 0.00159567
795 0.993298 0.955054 0.00139249
796 0.993298 0.954877 0.00122631
797 0.993298 0.952949 0.00125593
798 0.993298 0.954997 0.00143273
799 0.993298 0.954954 0.00124895
800 0.993298 0.956451 0.00125998
801 0.993298 0.955307 0.00144133
802 0.993298 0.953805 0.000982086
803 0.993298 0.954315 0.00115174
804 0.993298 0.953133 0.000942857
805 0.993298 0.948064 0.00113586
806 0.993298 0.950487 0.00108664
807 0.993298 0.949171 0.00100946
808 0.993298 0.953089 0.00113148
809 0.993298 0.952364 0.00113756
810 0.993298 0.948236 0.00255532
811 0.993298 0.944863 0.00242899
812 0.993298 0.951786 0.00145526
813 0.993355 0.956922 0.00118495
814 0.993355 0.951767 0.00124368
815 0.993355 0.948141 0.00147094
816 0.993355 0.946938 0.00145255
817 0.993355 0.947738 0.00137212
818 0.993355 0.949255 0.00146415
819 0.993355 0.951041 0.00145438
820 0.993355 0.951194 0.00145231
821 0.993355 0.95378 0.00148345
822 0.993355 0.95265 0.00141928
823 0.993355 0.951097 0.00153347
824 0.993355 0.949669 0.00179261
825 0.993355 0.951156 0.0018677
826 0.993355 0.956623 0.00127249
827 0.993355 0.959949 0.000791974
828 0.993355 0.957361 0.000921283
829 0.993355 0.95467 0.00104825
830 0.993355 0.951548 0.00132082
831 0.993355 0.957771 0.00111261
832 0.993355 0.959341 0.000767161
833 0.993355 0.961273 0.000471044
834 0.993355 0.962247 0.000468087
835 0.993355 0.959396 0.000811829
836 0.993355 0.956182 0.00108991
837 0.993355 0.955001 0.000991809
838 0.993355 0.950988 0.00110879
839 0.993355 0.949451 0.00117315
840 0.993355 0.95509 0.000815448
841 0.993355 0.950478 0.000923348
842 0.993355 0.954013 0.000788559
843 0.993355 0.955676 0.00137659
844 0.993355 0.954161 0.00170354
845 0.993355 0.954117 0.00125036
846 0.993355 0.954923 0.000898832
847 0.993355 0.948002 0.0010747
848 0.993355 0.949537 0.00106606
849 0.993355 0.955682 0.000877175
850 0.993355 0.955605 0.000931421
851 0.993355 0.954633 0.000746883
852 0.993355 0.94904 0.00122296
853 0.993355 0.945988 0.00176342
854 0.993355 0.944095 0.00153291
855 0.993355 0.948319 0.00143468
856 0.993355 0.948354 0.00152285
857 0.993355 0.947133 0.00177868
858 0.993355 0.946238 0.00188758
859 0.993355 0.945292 0.00215757
860 0.993355 0.949268 0.00158015
861 0.993355 0.951974 0.00110109
862 0.993355 0.950986 0.00126961
863 0.993408 0.950135 0.00141116
864 0.993408 0.955312 0.00101179
865 0.993408 0.956515 0.000832234
866 0.993408 0.957267 0.00109275
867 0.993408 0.954764 0.00160282
868 0.993408 0.956219 0.00138105
869 0.993408 0.953193 0.00139108
870 0.993408 0.957346 0.00103552
871 0.993408 0.951794 0.00179798
872 0.993408 0.952583 0.00137982
873 0.993408 0.954857 0.00117036
874 0.993408 0.951763 0.00118842
875 0.993408 0.950764 0.00130109
876 0.993408 0.954953 0.000986783
877 0.993408 0.954494 0.00166531
878 0.993408 0.955689 0.00102983
879 0.993408 0.956043 0.00111385
880 0.993408 0.958073 0.000875238
881 0.993408 0.960313 0.000767232
882 0.993408 0.95947 0.000992085
883 0.993408 0.957092 0.000740735
884 0.993408 0.950763 0.000812618
885 0.993408 0.956346 0.0006378
886 0.993408 0.957375 0.000974381
887 0.993408 0.959121 0.000949086
888 0.993408 0.956086 0.000903096
889 0.993408 0.954542 0.0008195
890 0.993408 0.958206 0.000868547
891 0.993408 0.956669 0.00103501
892 0.993408 0.959367 0.000779335
893 0.993408 0.954731 0.00101066
894 0.993408 0.955218 0.000874576
895 0.993408 0.955584 0.00075785
896 0.993408 0.952269 0.00108924
897 0.993408 0.953601 0.00113522
898 0.993408 0.945774 0.00334113
899 0.993408 0.948503 0.0016556
900 0.993408 0.951544 0.00129303
901 0.993408 0.950012 0.00130612
902 0.993408 0.94924 0.00115568
903 0.993408 0.945637 0.00141065
904 0.993408 0.945213 0.0013003
905 0.993408 0.945504 0.00125759
906 0.993408 0.947395 0.00149793
907 0.993408 0.949897 0.00158744
908 0.993408 0.950137 0.00291345
909 0.993408 0.952965 0.000911127
910 0.993408 0.955153 0.000828482
911 0.993408 0.955621 0.00125438
912 0.993408 0.956718 0.000908183
913 0.993408 0.954762 0.00113413
914 0.993408 0.952629 0.00107602
915 0.993408 0.955111 0.000992824
916 0.993408 0.956063 0.000905
917 0.993408 0.951349 0.00118186
918 0.993408 0.955538 0.00109105
919 0.993408 0.956812 0.00110412
920 0.993408 0.960527 0.000803438
921 0.993408 0.95658 0.000907672
922 0.993408 0.958506 0.00093492
923 0.993408 0.958228 0.00124205
924 0.993408 0.957564 0.00125014
925 0.993408 0.955034 0.000743805
926 0.993408 0.954063 0.000821141
927 0.993408 0.95254 0.00108314
928 0.993408 0.952663 0.00119255
929 0.993408 0.95074 0.00133441
930 0.993408 0.949313 0.00144176
931 0.993408 0.947038 0.00155274
932 0.993408 0.94385 0.00168173
933 0.993408 0.946798 0.00176053
934 0.993408 0.952227 0.00146229
935 0.993408 0.954023 0.000866543
936 0.993408 0.953274 0.00130369
937 0.993408 0.954221 0.00129782
938 0.993408 0.952542 0.00163461
939 0.993408 0.949796 0.00165175
940 0.993408 0.953847 0.00155742
941 0.993408 0.953786 0.00167755
942 0.993408 0.954582 0.0011429
943 0.993408 0.949408 0.00149451
944 0.993408 0.948154 0.00159995
945 0.993408 0.947213 0.00199874
946 0.993408 0.943189 0.00222535
947 0.993408 0.941204 0.00259597
948 0.993408 0.944442 0.00193721
949 0.993408 0.946952 0.00161676
950 0.993408 0.953077 0.00122293
951 0.993408 0.944794 0.00208876
952 0.993408 0.945879 0.00190442
953 0.993408 0.948253 0.00190831
954 0.993408 0.947379 0.00224406
955 0.993408 0.951371 0.00234865
956 0.993408 0.953305 0.00270919
957 0.993408 0.954933 0.00193056
958 0.993408 0.956213 0.00178859
959 0.993408 0.954098 0.00155369
960 0.993408 0.952275 0.00160908
961 0.993408 0.955295 0.00106202
962 0.993408 0.95324 0.00108866
963 0.993427 0.954914 0.000972577
964 0.993427 0.952896 0.00112896
965 0.993427 0.952278 0.0015011
966 0.993427 0.950777 0.00136479
967 0.993427 0.949775 0.00166356
968 0.993427 0.950845 0.00128031
969 0.993427 0.953736 0.00126098
970 0.993427 0.953495 0.00116828
971 0.993427 0.952657 0.00110717
972 0.993427 0.956282 0.00099023
973 0.993427 0.959544 0.00093578
974 0.993427 0.954588 0.00166496
975 0.993427 0.957905 0.00103523
976 0.993427 0.957641 0.0012163
977 0.993427 0.960857 0.000874333
978 0.993427 0.957854 0.00102386
979 0.993427 0.954478 0.00135605
980 0.993427 0.956497 0.00111848
981 0.993427 0.952039 0.00128609
982 0.993427 0.95096 0.00121634
983 0.993427 0.953662 0.00132014
984 0.993427 0.949738 0.00160092
985 0.993427 0.956625 0.000977832
986 0.993427 0.958159 0.000874427
987 0.993427 0.95549 0.000981373
988 0.993427 0.953554 0.00100338
989 0.993427 0.955164 0.000883562
990 0.993427 0.954061 0.00126521
991 0.993427 0.956902 0.00127503
992 0.993427 0.957715 0.00120765
993 0.993427 0.958221 0.000736035
994 0.993427 0.95986 0.000767558
995 0.993427 0.958352 0.00101035
996 0.993427 0.959986 0.000632944
997 0.993427 0.956126 0.000826829
998 0.993427 0.955759 0.000934022
999 0.993427 0.955363 0.00107532
1000 0.993427 0.952518 0.00136655
