0 0.38817 0.253558 0.000318812
1 0.393523 0.258694 0.000846683
2 0.490506 0.271446 0.00206805
3 0.490506 0.274936 0.00242017
4 0.490506 0.280724 0.00321205
5 0.490506 0.286464 0.00395265
6 0.490506 0.286906 0.00402568
7 0.490506 0.288872 0.00475986
8 0.490506 0.295735 0.0055714
9 0.542156 0.302003 0.0081537
10 0.542156 0.291048 0.00676565
11 0.542156 0.296553 0.00798433
12 0.542156 0.304841 0.00931242
13 0.542156 0.301896 0.00899714
14 0.543168 0.304192 0.00981309
15 0.543168 0.304909 0.00990744
16 0.543168 0.306971 0.00986108
17 0.55692 0.309339 0.00995926
18 0.55692 0.321409 0.0117853
19 0.55692 0.327051 0.0113294
20 0.55692 0.335791 0.0133584
21 0.558304 0.337337 0.0146277
22 0.562366 0.334771 0.0146295
23 0.562366 0.338356 0.0147048
24 0.567457 0.347156 0.0142514
25 0.567457 0.346143 0.0137652
26 0.567457 0.356707 0.0133884
27 0.567457 0.367247 0.013507
28 0.567457 0.360302 0.0124613
29 0.567457 0.362308 0.0137004
30 0.567457 0.36308 0.014331
31 0.567457 0.374549 0.0142925
32 0.567457 0.375228 0.0134947
33 0.567457 0.390817 0.0138261
34 0.57446 0.4098 0.0131264
35 0.57446 0.40953 0.0113579
36 0.57446 0.421633 0.0107866
37 0.57446 0.440776 0.00978562
38 0.57446 0.439488 0.0107962
39 0.575724 0.437419 0.0109613
40 0.576157 0.437268 0.0104356
41 0.576157 0.434175 0.0104184
42 0.576157 0.441153 0.0105924
43 0.576157 0.433705 0.010998
44 0.576157 0.452609 0.0103682
45 0.576157 0.434595 0.00996581
46 0.576157 0.439216 0.0105604
47 0.583371 0.458317 0.0100039
48 0.58474 0.455461 0.00891944
49 0.58474 0.454681 0.00928868
50 0.58474 0.463171 0.00816508
51 0.58474 0.453556 0.00906068
52 0.588929 0.469558 0.00948384
53 0.588929 0.449551 0.0101159
54 0.588929 0.456575 0.00862711
55 0.588929 0.452655 0.0100623
56 0.589549 0.458472 0.0110154
57 0.590291 0.456181 0.01107
58 0.590291 0.459042 0.00894822
59 0.590291 0.458878 0.0129502
60 0.590291 0.454352 0.011137
61 0.590291 0.458777 0.0131185
62 0.590291 0.449957 0.0124406
63 0.590291 0.453676 0.0111407
64 0.591909 0.460238 0.0108126
65 0.591909 0.449907 0.0115135
66 0.591909 0.462716 0.0106119
67 0.591909 0.445243 0.0119134
68 0.591909 0.443216 0.0128105
69 0.591909 0.45365 0.0120418
70 0.591909 0.448011 0.0134436
71 0.591909 0.45724 0.0127033
72 0.591909 0.447449 0.012573
73 0.591909 0.454771 0.0128001
74 0.591909 0.465945 0.0114324
75 0.594601 0.452612 0.0106725
76 0.594601 0.457537 0.00995444
77 0.594601 0.462448 0.0110315
78 0.594601 0.484336 0.00911951
79 0.594601 0.480005 0.0098242
80 0.594601 0.45847 0.010806
81 0.594601 0.464961 0.0107579
82 0.594601 0.467989 0.0104822
83 0.594601 0.473873 0.0101974
84 0.594601 0.464503 0.0103668
85 0.594601 0.460056 0.0109712
86 0.594601 0.464554 0.00938022
87 0.594601 0.464159 0.0110954
88 0.595992 0.45938 0.0103748
89 0.595992 0.458781 0.00978005
90 0.596982 0.455917 0.0112184
91 0.596982 0.467889 0.010113
92 0.601068 0.477997 0.0121346
93 0.601068 0.478442 0.00966036
94 0.601068 0.471537 0.010271
95 0.601068 0.470372 0.010522
96 0.601068 0.468205 0.0102507
97 0.601068 0.478011 0.00961904
98 0.601068 0.474727 0.00958586
99 0.601068 0.448089 0.0102362
100 0.601068 0.456229 0.0107822
101 0.601068 0.449521 0.0132522
102 0.601068 0.460921 0.0104681
103 0.603198 0.465768 0.0121605
104 0.603198 0.464334 0.0117229
105 0.603198 0.469029 0.0112254
106 0.605813 0.466779 0.0119916
107 0.605813 0.484719 0.0109449
108 0.612334 0.473217 0.0122935
109 0.612334 0.484645 0.00921865
110 0.612334 0.474411 0.0105646
111 0.612334 0.471063 0.0102538
112 0.615236 0.491783 0.011617
113 0.621771 0.477578 0.0125756
114 0.621771 0.473788 0.0115434
115 0.622004 0.47331 0.01273
116 0.622004 0.489814 0.0117754
117 0.625273 0.472355 0.0108671
118 0.625273 0.481799 0.0105221
119 0.625273 0.484147 0.0103529
120 0.625273 0.492263 0.0104297
121 0.625273 0.485571 0.0108987
122 0.62739 0.493926 0.00939355
123 0.63524 0.504611 0.0125087
124 0.63524 0.510862 0.0104258
125 0.63524 0.529389 0.0087246
126 0.675881 0.533345 0.00877331
127 0.675881 0.510036 0.0108587
128 0.675881 0.506342 0.0113136
129 0.675881 0.507798 0.012942
130 0.675881 0.504804 0.0124465
131 0.675881 0.516691 0.0124796
132 0.687893 0.522634 0.0109973
133 0.692648 0.513404 0.0119404
134 0.698503 0.536767 0.011123
135 0.698503 0.530599 0.0132302
136 0.705433 0.509977 0.0145375
137 0.705433 0.518463 0.0163147
138 0.705433 0.517134 0.0150896
139 0.705433 0.511871 0.0153234
140 0.705433 0.50566 0.0200494
141 0.705433 0.526698 0.0192699
142 0.705433 0.540028 0.0166494
143 0.705433 0.524489 0.0208458
144 0.705433 0.538476 0.0170914
145 0.710655 0.532319 0.0179912
146 0.710655 0.513121 0.019899
147 0.711501 0.509194 0.0209554
148 0.711501 0.552438 0.0197797
149 0.711501 0.514292 0.0201523
150 0.711501 0.529451 0.0196081
151 0.711501 0.527272 0.0161684
152 0.711501 0.541739 0.0181973
153 0.711501 0.532695 0.019441
154 0.711501 0.544442 0.0185668
155 0.711501 0.541725 0.0173612
156 0.713598 0.532001 0.0172821
157 0.713598 0.520867 0.0201852
158 0.714632 0.512404 0.0231878
159 0.714632 0.517223 0.0227861
160 0.714632 0.504081 0.0203492
161 0.714632 0.525522 0.0204648
162 0.717062 0.512758 0.0238055
163 0.717062 0.534754 0.022961
164 0.717062 0.523659 0.0219257
165 0.717062 0.543257 0.0156648
166 0.717062 0.550149 0.0179444
167 0.717062 0.572136 0.0149312
168 0.717062 0.580218 0.0153256
169 0.717062 0.575098 0.0178484
170 0.717062 0.555185 0.0180206
171 0.717399 0.560284 0.016592
172 0.717399 0.5693 0.0151665
173 0.717399 0.566217 0.0185497
174 0.717399 0.543747 0.0205305
175 0.717399 0.538499 0.0212387
176 0.717399 0.548397 0.0197923
177 0.717399 0.552392 0.0161662
178 0.717399 0.553055 0.0182358
179 0.717399 0.560738 0.0163811
180 0.717399 0.552599 0.0188801
181 0.717399 0.57291 0.0153571
182 0.717399 0.569309 0.0161011
183 0.717399 0.543212 0.0197874
184 0.717399 0.570303 0.01736
185 0.718357 0.564027 0.0178161
186 0.718357 0.53658 0.0200302
187 0.719066 0.531833 0.0208292
188 0.719066 0.56978 0.019446
189 0.719066 0.550769 0.0207318
190 0.719066 0.536838 0.0221791
191 0.719066 0.527466 0.0197427
192 0.719066 0.536989 0.0188468
193 0.721731 0.553507 0.0171833
194 0.721731 0.556492 0.0170329
195 0.721731 0.538862 0.0197148
196 0.721731 0.522172 0.0212369
197 0.721731 0.542053 0.0207762
198 0.721731 0.528495 0.0219465
199 0.721731 0.529784 0.0220691
200 0.721731 0.529117 0.0216867
201 0.721731 0.544159 0.0214449
202 0.721731 0.54058 0.0178058
203 0.721731 0.546873 0.0216204
204 0.721731 0.550076 0.0205375
205 0.721731 0.55228 0.0189209
206 0.721731 0.554927 0.019146
207 0.721731 0.546761 0.0221063
208 0.721731 0.554271 0.0201319
209 0.721731 0.558968 0.0184244
210 0.721731 0.575685 0.0160397
211 0.721731 0.555463 0.0191073
212 0.721731 0.552216 0.0187097
213 0.721731 0.552108 0.0199847
214 0.721731 0.557257 0.017588
215 0.721731 0.545687 0.0202677
216 0.721731 0.549474 0.0217052
217 0.721731 0.556036 0.0208899
218 0.721731 0.548221 0.020055
219 0.721731 0.559843 0.0187467
220 0.723695 0.575619 0.016638
221 0.723695 0.555879 0.0180594
222 0.723695 0.558407 0.0186326
223 0.723695 0.554953 0.018199
224 0.723695 0.54396 0.0183479
225 0.723695 0.523641 0.0220166
226 0.723695 0.525946 0.0214742
227 0.723695 0.540765 0.021167
228 0.724022 0.54228 0.0193557
229 0.726102 0.53855 0.0179731
230 0.726102 0.532146 0.019015
231 0.726102 0.559052 0.0189677
232 0.726102 0.550766 0.0196787
233 0.726102 0.543241 0.0212335
234 0.726102 0.543871 0.0232949
235 0.726102 0.551407 0.0204477
236 0.726102 0.526595 0.0192134
237 0.726102 0.531499 0.0206681
238 0.729599 0.541557 0.0221475
239 0.729599 0.53252 0.019453
240 0.729599 0.539455 0.0226429
241 0.729599 0.521885 0.0239367
242 0.729599 0.544779 0.0212347
243 0.729599 0.531957 0.0199582
244 0.729599 0.532003 0.0206529
245 0.729599 0.549885 0.018664
246 0.729599 0.551811 0.0187655
247 0.729599 0.561143 0.0166788
248 0.729599 0.548452 0.0197591
249 0.729599 0.525724 0.0198555
250 0.729599 0.533277 0.0202183
251 0.729599 0.532783 0.0179947
252 0.729599 0.556924 0.0175689
253 0.729599 0.553138 0.020185
254 0.729756 0.554667 0.0222574
255 0.729904 0.550776 0.0212948
256 0.729904 0.563615 0.0210476
257 0.729904 0.551424 0.0212152
258 0.729904 0.545885 0.0224155
259 0.729904 0.535037 0.0246746
260 0.729904 0.545515 0.0247866
261 0.730111 0.566035 0.0223042
262 0.730111 0.565665 0.0186449
263 0.730111 0.574108 0.0192956
264 0.730111 0.577631 0.0172065
265 0.730111 0.578841 0.0181839
266 0.730111 0.572443 0.0210159
267 0.730111 0.577721 0.0190448
268 0.730111 0.594279 0.0162343
269 0.730111 0.583657 0.0173646
270 0.730111 0.584472 0.0178017
271 0.730111 0.586576 0.0166785
272 0.730111 0.577394 0.0184784
273 0.731032 0.56075 0.0222701
274 0.731032 0.56524 0.0202528
275 0.731032 0.571805 0.0206913
276 0.731032 0.583864 0.0208737
277 0.731032 0.602273 0.018039
278 0.731032 0.589722 0.016652
279 0.731032 0.565124 0.0177507
280 0.731032 0.543832 0.0218476
281 0.731032 0.562087 0.0190693
282 0.731032 0.596646 0.0160988
283 0.731032 0.591707 0.0160962
284 0.731032 0.604083 0.0137872
285 0.731032 0.596098 0.0165724
286 0.731032 0.611904 0.014664
287 0.731032 0.600821 0.01594
288 0.731032 0.594646 0.0147281
289 0.731032 0.592812 0.0160575
290 0.731032 0.595428 0.0172131
291 0.731032 0.602049 0.0152401
292 0.731032 0.593144 0.0143862
293 0.731032 0.586058 0.0153786
294 0.731032 0.596822 0.0141288
295 0.731032 0.592282 0.016062
296 0.731032 0.584093 0.0170278
297 0.731032 0.600563 0.0157359
298 0.731032 0.59031 0.0168081
299 0.731032 0.580054 0.0155082
300 0.731032 0.546574 0.0214812
301 0.731032 0.551053 0.0206992
302 0.731032 0.572354 0.0203974
303 0.731032 0.581029 0.0207681
304 0.731032 0.587098 0.0181589
305 0.731032 0.576109 0.0203405
306 0.731032 0.570472 0.0213331
307 0.731032 0.558301 0.0221883
308 0.731032 0.565849 0.0186752
309 0.731032 0.57911 0.0180066
310 0.731032 0.584501 0.0172069
311 0.731032 0.585068 0.0190425
312 0.731032 0.579423 0.0179189
313 0.731032 0.591913 0.0176205
314 0.731032 0.579715 0.0185774
315 0.731032 0.565489 0.0227935
316 0.731032 0.579435 0.0196516
317 0.731032 0.56482 0.0214281
318 0.731032 0.580457 0.0186086
319 0.731032 0.568393 0.0173344
320 0.731032 0.582937 0.0177838
321 0.731032 0.578788 0.0223207
322 0.731032 0.572587 0.0222679
323 0.731032 0.570355 0.0229855
324 0.731032 0.596083 0.0174161
325 0.731032 0.604117 0.0174713
326 0.731032 0.58789 0.0155933
327 0.731032 0.58678 0.0180807
328 0.731032 0.58111 0.0193223
329 0.731032 0.589909 0.0196669
330 0.731032 0.590086 0.0175003
331 0.731032 0.585736 0.0172624
332 0.731032 0.594999 0.0192311
333 0.731032 0.600107 0.01803
334 0.731032 0.59983 0.0182625
335 0.731032 0.593735 0.0182857
336 0.731032 0.595187 0.0183741
337 0.731032 0.5935 0.0182041
338 0.731032 0.603107 0.017454
339 0.731032 0.585924 0.0199026
340 0.731032 0.596348 0.016422
341 0.731032 0.589533 0.0176773
342 0.731032 0.581267 0.0169147
343 0.731032 0.585524 0.0181803
344 0.731032 0.59656 0.0176175
345 0.731032 0.59048 0.0160841
346 0.731032 0.597911 0.0161272
347 0.731032 0.599111 0.0157345
348 0.731032 0.600691 0.0168714
349 0.731032 0.590735 0.0197352
350 0.731075 0.586395 0.0195367
351 0.731075 0.581273 0.0196851
352 0.731075 0.588141 0.0189404
353 0.731075 0.585094 0.0187023
354 0.731075 0.580605 0.0200703
355 0.731075 0.597999 0.0201301
356 0.731075 0.594138 0.0202367
357 0.731075 0.598917 0.0145579
358 0.731253 0.582052 0.0164475
359 0.731253 0.582936 0.0145231
360 0.731253 0.5843 0.0164055
361 0.731253 0.571649 0.0196751
362 0.731253 0.587217 0.0209992
363 0.731253 0.581445 0.0206029
364 0.731253 0.567497 0.0213242
365 0.731253 0.573639 0.0185539
366 0.731253 0.585553 0.0188113
367 0.731253 0.566863 0.0188511
368 0.731253 0.549258 0.0214405
369 0.731253 0.53889 0.0216498
370 0.731253 0.55281 0.0249925
371 0.731253 0.545544 0.0254041
372 0.731253 0.542027 0.0254824
373 0.731253 0.536258 0.0250429
374 0.731253 0.532249 0.0248406
375 0.731253 0.547386 0.0226958
376 0.731253 0.543962 0.0220346
377 0.731253 0.539885 0.0231439
378 0.731253 0.53639 0.0246653
379 0.731253 0.545983 0.0207719
380 0.731253 0.559616 0.0185168
381 0.731253 0.553797 0.0183687
382 0.731253 0.562372 0.0202275
383 0.731322 0.545614 0.0228508
384 0.731322 0.553305 0.0196525
385 0.731322 0.544366 0.0248996
386 0.731322 0.554341 0.0223249
387 0.731322 0.561193 0.0233866
388 0.731322 0.561448 0.0236931
389 0.731322 0.581699 0.0216094
390 0.731322 0.587968 0.0208306
391 0.731322 0.593207 0.0167202
392 0.731322 0.578919 0.0218849
393 0.731322 0.574097 0.0229218
394 0.731322 0.577257 0.0189579
395 0.731322 0.587863 0.0177636
396 0.731322 0.58631 0.0174943
397 0.731322 0.568382 0.0177881
398 0.731322 0.581683 0.018143
399 0.731322 0.578155 0.0182568
400 0.731322 0.575299 0.0165911
401 0.731322 0.589751 0.0191453
402 0.731322 0.586444 0.0196377
403 0.731322 0.567807 0.0210612
404 0.731322 0.557695 0.0216028
405 0.731322 0.580726 0.0198631
406 0.731322 0.570788 0.0214106
407 0.731322 0.586551 0.0189858
408 0.731322 0.576933 0.0180744
409 0.731322 0.57307 0.0183327
410 0.731322 0.571226 0.0232039
411 0.731322 0.575887 0.022672
412 0.731322 0.579973 0.0177412
413 0.731322 0.58787 0.0180308
414 0.731322 0.579645 0.0206049
415 0.731322 0.567637 0.0250452
416 0.731322 0.582593 0.0214882
417 0.731322 0.578814 0.0213723
418 0.731322 0.565843 0.0199871
419 0.731322 0.570865 0.0197945
420 0.731322 0.573709 0.0183059
421 0.731322 0.581094 0.0165114
422 0.731322 0.57828 0.018727
423 0.731322 0.575266 0.0172812
424 0.731322 0.574147 0.0205868
425 0.731322 0.575033 0.0182512
426 0.731322 0.583073 0.0173945
427 0.731322 0.612211 0.0137088
428 0.731322 0.601578 0.0157033
429 0.731322 0.599312 0.0155979
430 0.731322 0.590061 0.0179598
431 0.731322 0.583192 0.0203299
432 0.731322 0.577451 0.0182759
433 0.731322 0.580581 0.0181671
434 0.731322 0.579422 0.0188059
435 0.731322 0.578096 0.0210515
436 0.731322 0.588788 0.0212939
437 0.731322 0.587321 0.0229312
438 0.731322 0.584365 0.0218368
439 0.731322 0.589629 0.0218178
440 0.731322 0.570154 0.0261455
441 0.731322 0.579125 0.0208335
442 0.731322 0.588896 0.016457
443 0.731322 0.583731 0.0177641
444 0.731322 0.594089 0.0160518
445 0.731322 0.604059 0.0162085
446 0.731322 0.594799 0.0171335
447 0.731322 0.596662 0.01782
448 0.731322 0.601428 0.0185516
449 0.731322 0.590048 0.0192407
450 0.731322 0.57262 0.0237151
451 0.731322 0.56118 0.0220138
452 0.731322 0.563197 0.0218773
453 0.731322 0.559235 0.0240903
454 0.731322 0.586982 0.0177677
455 0.731322 0.573958 0.0213502
456 0.731322 0.60171 0.0150892
457 0.731322 0.603611 0.0152797
458 0.731322 0.595118 0.0176687
459 0.731322 0.592102 0.0166534
460 0.731322 0.560443 0.0216708
461 0.731465 0.549975 0.0231189
462 0.731465 0.558003 0.0214352
463 0.731465 0.554114 0.0209896
464 0.731465 0.573722 0.0212171
465 0.731465 0.573141 0.019728
466 0.731465 0.590658 0.0169338
467 0.731465 0.587054 0.0207557
468 0.731465 0.584276 0.0204869
469 0.731465 0.581905 0.0192821
470 0.731465 0.581093 0.0175294
471 0.731465 0.585242 0.0181903
472 0.731465 0.588565 0.0187344
473 0.731465 0.606068 0.0157032
474 0.731465 0.610716 0.0145665
475 0.731465 0.612755 0.0159632
476 0.731465 0.611753 0.0135623
477 0.731465 0.609665 0.01204
478 0.731465 0.603649 0.0147242
479 0.731465 0.610054 0.0124982
480 0.731465 0.604623 0.0141509
481 0.731465 0.593234 0.0180325
482 0.731465 0.593309 0.0184745
483 0.731465 0.588044 0.0189343
484 0.731465 0.583721 0.0197933
485 0.731465 0.588531 0.0176749
486 0.731465 0.589103 0.0201891
487 0.731465 0.59523 0.0197755
488 0.731465 0.581958 0.0224022
489 0.731465 0.586501 0.0168211
490 0.731465 0.583551 0.0191802
491 0.731465 0.59264 0.0148994
492 0.731465 0.59002 0.0150494
493 0.731465 0.581037 0.0158853
494 0.731465 0.585816 0.0175704
495 0.731465 0.586905 0.0174483
496 0.731465 0.565762 0.0209385
497 0.731465 0.566263 0.021469
498 0.731465 0.546697 0.021001
499 0.731465 0.545908 0.0221303
500 0.731465 0.553614 0.0226846
501 0.731465 0.575504 0.0197382
502 0.731465 0.593974 0.0160155
503 0.731465 0.578791 0.015895
504 0.731465 0.569616 0.0174246
505 0.731465 0.591839 0.014286
506 0.731465 0.595759 0.0165147
507 0.731465 0.596366 0.0178963
508 0.731465 0.593347 0.0147084
509 0.731465 0.57521 0.019082
510 0.731465 0.579239 0.0167689
511 0.731465 0.586693 0.0173792
512 0.731465 0.576871 0.0156269
513 0.731465 0.560571 0.0190744
514 0.731465 0.575287 0.017742
515 0.731465 0.562784 0.0192416
516 0.731465 0.570693 0.0165326
517 0.731465 0.565471 0.018871
518 0.731465 0.56892 0.0174159
519 0.731465 0.564634 0.0181791
520 0.731465 0.575943 0.0188361
521 0.731465 0.573948 0.0178118
522 0.731465 0.56997 0.0193674
523 0.731465 0.570862 0.019729
524 0.731465 0.575226 0.0201519
525 0.731465 0.591995 0.0174773
526 0.731465 0.579062 0.0193914
527 0.731465 0.571923 0.0191844
528 0.731465 0.57466 0.0178274
529 0.731465 0.577748 0.0165898
530 0.731465 0.577857 0.0192844
531 0.731465 0.5611 0.0214114
532 0.731465 0.561055 0.0230885
533 0.731465 0.551934 0.0228353
534 0.731465 0.541144 0.023143
535 0.731465 0.555121 0.0228267
536 0.731465 0.572985 0.0218769
537 0.731465 0.557594 0.0278452
538 0.731465 0.561422 0.0235733
539 0.731465 0.557242 0.0219543
540 0.731465 0.524942 0.0228726
541 0.731465 0.534769 0.0198215
542 0.731465 0.553407 0.0216682
543 0.731465 0.567129 0.0214742
544 0.731465 0.57033 0.0201561
545 0.731465 0.590056 0.0165696
546 0.731465 0.569937 0.0190546
547 0.731465 0.572636 0.0193446
548 0.731465 0.579617 0.0194109
549 0.731465 0.575927 0.0225949
550 0.731465 0.579317 0.0206012
551 0.731465 0.574711 0.0210648
552 0.731465 0.585591 0.0199365
553 0.731465 0.567843 0.0180083
554 0.731465 0.55923 0.0187818
555 0.731465 0.558707 0.0219059
556 0.731465 0.563959 0.021772
557 0.731465 0.563137 0.0224876
558 0.731465 0.560757 0.0242871
559 0.731465 0.554044 0.0231482
560 0.731465 0.558727 0.0203625
561 0.731465 0.578656 0.0205156
562 0.731465 0.582826 0.0198654
563 0.731465 0.595642 0.0178051
564 0.731465 0.580565 0.0200502
565 0.731465 0.599122 0.0154949
566 0.731465 0.599777 0.0153836
567 0.731465 0.600784 0.0140595
568 0.731465 0.592189 0.0167585
569 0.731465 0.601155 0.0137592
570 0.731465 0.590712 0.0172954
571 0.731465 0.589804 0.0178367
572 0.731465 0.584952 0.0163241
573 0.731465 0.590963 0.0163489
574 0.731465 0.58792 0.0172709
575 0.731465 0.578874 0.018544
576 0.731465 0.58623 0.0198932
577 0.731465 0.58406 0.020078
578 0.731465 0.56624 0.0181787
579 0.731465 0.553105 0.0187093
580 0.731465 0.552038 0.0212415
581 0.731465 0.552913 0.0236454
582 0.731465 0.568597 0.0186497
583 0.731465 0.563568 0.0187808
584 0.731467 0.57513 0.0195035
585 0.731489 0.57418 0.0211427
586 0.731489 0.589228 0.0182866
587 0.731489 0.584814 0.017359
588 0.731489 0.590451 0.0149225
589 0.731489 0.60844 0.0135635
590 0.731489 0.616 0.0144633
591 0.731489 0.604146 0.0190486
592 0.731489 0.583968 0.0163908
593 0.731489 0.587367 0.0170268
594 0.731489 0.590819 0.0201261
595 0.731489 0.587451 0.0191751
596 0.731489 0.586649 0.0209009
597 0.731489 0.57955 0.0221009
598 0.731489 0.580414 0.0216338
599 0.731489 0.572001 0.0218888
600 0.731489 0.551813 0.0219269
601 0.731489 0.573676 0.0202602
602 0.731489 0.575262 0.019432
603 0.731489 0.563417 0.0215744
604 0.731489 0.582021 0.0188002
605 0.731489 0.570555 0.020183
606 0.731489 0.573611 0.0200849
607 0.731489 0.557682 0.0244033
608 0.731489 0.574121 0.0180116
609 0.731489 0.578107 0.0193166
610 0.731489 0.579088 0.0183066
611 0.731489 0.590941 0.0155767
612 0.731489 0.5965 0.0180655
613 0.731489 0.598558 0.0182038
614 0.731489 0.593758 0.0172003
615 0.731489 0.587441 0.0201312
616 0.731489 0.585471 0.0206839
617 0.731489 0.562016 0.0223089
618 0.731489 0.57486 0.0215526
619 0.731489 0.577988 0.02089
620 0.731489 0.565614 0.0232463
621 0.731489 0.579105 0.0192225
622 0.731489 0.573297 0.0199005
623 0.731489 0.581669 0.0211111
624 0.731489 0.583054 0.0200886
625 0.731489 0.58167 0.0204322
626 0.731489 0.585535 0.0178398
627 0.731489 0.567047 0.0218994
628 0.731489 0.566721 0.0229166
629 0.731489 0.584084 0.0202908
630 0.731489 0.582261 0.0204435
631 0.731489 0.574679 0.0187596
632 0.731489 0.577442 0.0197662
633 0.731489 0.575037 0.0220753
634 0.731489 0.578884 0.0189903
635 0.731489 0.557057 0.0203073
636 0.731489 0.565801 0.0198192
637 0.731489 0.569191 0.0186531
638 0.731489 0.590952 0.0177135
639 0.731489 0.593735 0.0177694
640 0.731489 0.585307 0.0187208
641 0.731489 0.591941 0.0150042
642 0.731489 0.591795 0.0150606
643 0.731489 0.590412 0.017819
644 0.731489 0.58868 0.0209927
645 0.731489 0.561465 0.0223875
646 0.731489 0.558149 0.0212299
647 0.731489 0.575928 0.0206166
648 0.731489 0.581474 0.0204556
649 0.731489 0.56342 0.0208094
650 0.731489 0.531739 0.0214321
651 0.731489 0.551251 0.0240236
652 0.731489 0.557513 0.0209937
653 0.731489 0.554949 0.0237237
654 0.731489 0.571125 0.0225129
655 0.731489 0.563634 0.0230619
656 0.731489 0.565061 0.0198844
657 0.731489 0.60086 0.0155528
658 0.731489 0.586988 0.0160308
659 0.731489 0.579659 0.0159471
660 0.731489 0.547302 0.0199093
661 0.731489 0.572885 0.0210293
662 0.731489 0.583565 0.0174505
663 0.731489 0.574877 0.0189557
664 0.731489 0.572231 0.0177454
665 0.731489 0.559735 0.0185409
666 0.731489 0.556686 0.022396
667 0.731489 0.575769 0.0207301
668 0.731489 0.583925 0.0195915
669 0.731489 0.590955 0.0173402
670 0.731489 0.568384 0.0215648
671 0.73149 0.576202 0.017416
672 0.73149 0.584416 0.0181599
673 0.73149 0.596457 0.0174906
674 0.73149 0.593676 0.0174204
675 0.73149 0.59805 0.0147379
676 0.73149 0.59815 0.0163555
677 0.73149 0.595733 0.0161256
678 0.73149 0.580225 0.0179431
679 0.73149 0.569001 0.0206161
680 0.73149 0.555487 0.023519
681 0.73149 0.556992 0.0217003
682 0.73149 0.583999 0.0151257
683 0.73149 0.603737 0.0145674
684 0.73149 0.597275 0.0167494
685 0.73149 0.596439 0.0153989
686 0.73149 0.5767 0.0194193
687 0.73149 0.570901 0.0171949
688 0.73149 0.581009 0.0162876
689 0.73149 0.571422 0.0173134
690 0.73149 0.575968 0.0180198
691 0.73149 0.576946 0.0172413
692 0.73149 0.580373 0.0167784
693 0.73149 0.581255 0.0152724
694 0.73149 0.563102 0.0177153
695 0.73149 0.553545 0.0195699
696 0.73149 0.55331 0.0220565
697 0.73149 0.55636 0.01922
698 0.73149 0.560696 0.0208752
699 0.73149 0.561505 0.0233977
700 0.73149 0.564394 0.0225113
701 0.73149 0.571385 0.0231662
702 0.73149 0.584987 0.0185182
703 0.73149 0.565146 0.0219618
704 0.73149 0.589897 0.0213424
705 0.73149 0.587588 0.0199183
706 0.73149 0.574043 0.0232489
707 0.73149 0.581107 0.0217862
708 0.73149 0.572998 0.0212525
709 0.73149 0.562261 0.0226571
710 0.73149 0.558688 0.0240538
711 0.73149 0.545995 0.0229759
712 0.73149 0.567702 0.0232361
713 0.73149 0.579664 0.0209989
714 0.73149 0.595243 0.0184301
715 0.73149 0.588152 0.0209336
716 0.73149 0.578808 0.0198964
717 0.73149 0.589993 0.0171998
718 0.73149 0.561696 0.0212869
719 0.73149 0.565188 0.0197979
720 0.73149 0.575578 0.0203336
721 0.73149 0.566551 0.0189839
722 0.73149 0.573588 0.0186486
723 0.73149 0.585596 0.0209257
724 0.73149 0.589262 0.0197568
725 0.73149 0.585331 0.0209998
726 0.73149 0.578247 0.0202727
727 0.73149 0.57065 0.0210465
728 0.73149 0.557889 0.0227772
729 0.73149 0.565649 0.0222202
730 0.73149 0.571973 0.0203362
731 0.73149 0.573118 0.0172374
732 0.73149 0.575815 0.0169139
733 0.73149 0.572755 0.0183721
734 0.73149 0.586615 0.0164549
735 0.73149 0.566992 0.0192744
736 0.73149 0.565693 0.019742
737 0.73149 0.553839 0.0194272
738 0.73149 0.564471 0.0206953
739 0.73149 0.581277 0.0157514
740 0.73149 0.579526 0.0179507
741 0.73149 0.601752 0.0174682
742 0.73149 0.595088 0.0165105
743 0.73149 0.574623 0.0190285
744 0.73149 0.595119 0.0165119
745 0.73149 0.596458 0.0152567
746 0.73149 0.587458 0.0180287
747 0.73149 0.595567 0.0151017
748 0.73149 0.601596 0.017005
749 0.73149 0.602783 0.0183823
750 0.73149 0.59683 0.0175456
751 0.73149 0.59236 0.0184709
752 0.73149 0.575242 0.021367
753 0.73149 0.554777 0.0201778
754 0.73149 0.570093 0.0203957
755 0.73149 0.590116 0.0166268
756 0.73149 0.583708 0.0171087
757 0.73149 0.58717 0.0152525
758 0.73149 0.611521 0.0154192
759 0.73149 0.600891 0.0147235
760 0.73149 0.605427 0.0145623
761 0.73149 0.603948 0.0161233
762 0.73149 0.609632 0.015346
763 0.73149 0.617594 0.0119848
764 0.73149 0.607823 0.0157195
765 0.73149 0.576245 0.0174753
766 0.73149 0.58093 0.0208795
767 0.73149 0.595186 0.021189
768 0.73149 0.588519 0.0173681
769 0.73149 0.611088 0.0140934
770 0.73149 0.620446 0.0150922
771 0.73149 0.623917 0.0119256
772 0.73149 0.604748 0.0135849
773 0.73149 0.593271 0.0152047
774 0.73149 0.595863 0.0166818
775 0.73149 0.576726 0.0222912
776 0.73149 0.587417 0.0226908
777 0.73149 0.572966 0.021382
778 0.73149 0.579122 0.0187108
779 0.73149 0.560664 0.0221511
780 0.73149 0.568846 0.019455
781 0.73149 0.560353 0.0212087
782 0.73149 0.576015 0.0189668
783 0.73149 0.582273 0.018088
784 0.73149 0.56535 0.0173816
785 0.73149 0.564225 0.0176315
786 0.73149 0.574839 0.0156212
787 0.73149 0.569148 0.0180997
788 0.73149 0.582698 0.0173485
789 0.73149 0.58207 0.0170986
790 0.73149 0.574162 0.017556
791 0.73149 0.578717 0.0186849
792 0.73149 0.567299 0.0207118
793 0.73149 0.558306 0.0209815
794 0.73149 0.585281 0.0189506
795 0.73149 0.596642 0.0185347
796 0.73149 0.610088 0.0142599
797 0.73149 0.594679 0.016407
798 0.73149 0.583532 0.0174469
799 0.73149 0.589695 0.0168679
800 0.73149 0.593257 0.0169789
801 0.73149 0.598276 0.0164184
802 0.73149 0.598015 0.0163832
803 0.73149 0.587635 0.0185695
804 0.73149 0.579085 0.0212043
805 0.73149 0.578443 0.0196694
806 0.73149 0.57083 0.0203797
807 0.73149 0.562312 0.0208268
808 0.73149 0.54697 0.0219759
809 0.73149 0.552232 0.0234661
810 0.73149 0.557789 0.0198085
811 0.73149 0.557346 0.0208476
812 0.73149 0.553872 0.0251758
813 0.73149 0.547259 0.0252873
814 0.73149 0.558765 0.0218806
815 0.73149 0.557706 0.021713
816 0.73149 0.560333 0.024178
817 0.73149 0.56659 0.0209427
818 0.73149 0.578533 0.0203405
819 0.73149 0.564754 0.0197818
820 0.73149 0.564413 0.0241249
821 0.73149 0.563598 0.0223385
822 0.73149 0.547029 0.0210422
823 0.73149 0.56101 0.0249109
824 0.73149 0.545504 0.024345
825 0.73149 0.558017 0.020083
826 0.73149 0.569451 0.0218025
827 0.73149 0.554522 0.0224879
828 0.73149 0.563132 0.0179389
829 0.73149 0.557251 0.022705
830 0.73149 0.57633 0.01947
831 0.73149 0.574302 0.0197462
832 0.73149 0.578251 0.017334
833 0.73149 0.586299 0.0164695
834 0.73149 0.585563 0.0191629
835 0.73149 0.580988 0.0201662
836 0.73149 0.5846 0.0187962
837 0.73149 0.586424 0.0160709
838 0.73149 0.56846 0.0217586
839 0.73149 0.583532 0.0190233
840 0.73149 0.599969 0.0165498
841 0.73149 0.590854 0.0160279
842 0.73149 0.56243 0.0217834
843 0.73149 0.563329 0.022302
844 0.73149 0.605642 0.0139972
845 0.73149 0.592324 0.0150075
846 0.73149 0.582987 0.0168877
847 0.73149 0.578127 0.0155872
848 0.73149 0.564658 0.0184587
849 0.73149 0.543843 0.0202243
850 0.73149 0.547683 0.0194548
851 0.73149 0.552035 0.0236776
852 0.73149 0.565679 0.0221475
853 0.73149 0.555309 0.0240046
854 0.73149 0.568253 0.0200909
855 0.73149 0.571542 0.0186492
856 0.73149 0.571836 0.0178151
857 0.73149 0.555288 0.0205031
858 0.73149 0.565802 0.019222
859 0.73149 0.56277 0.0218401
860 0.73149 0.563968 0.023179
861 0.73149 0.577559 0.02053
862 0.73149 0.555905 0.0237969
863 0.73149 0.551028 0.0230263
864 0.73149 0.574361 0.0201355
865 0.73149 0.572888 0.019094
866 0.73149 0.575006 0.0175045
867 0.73149 0.575343 0.0185278
868 0.73149 0.552545 0.0217644
869 0.73149 0.552836 0.0259341
870 0.73149 0.539643 0.0245215
871 0.73149 0.563533 0.0188056
872 0.73149 0.554353 0.0216726
873 0.73149 0.560328 0.0224635
874 0.73149 0.534744 0.0251257
875 0.73149 0.529441 0.0220264
876 0.73149 0.552337 0.020783
877 0.73149 0.54674 0.0206684
878 0.73149 0.555951 0.021376
879 0.73149 0.559483 0.0203929
880 0.73149 0.571398 0.0211847
881 0.73149 0.557445 0.0214939
882 0.73149 0.555379 0.0216978
883 0.73149 0.53454 0.0211451
884 0.73149 0.543946 0.0275568
885 0.73149 0.560943 0.0245528
886 0.73149 0.554765 0.0240613
887 0.73149 0.563272 0.019483
888 0.73149 0.57204 0.0208787
889 0.73149 0.574953 0.0240556
890 0.73149 0.554183 0.0246969
891 0.73149 0.55797 0.0214642
892 0.73149 0.580448 0.0173592
893 0.73149 0.567509 0.0213928
894 0.73149 0.553822 0.0237805
895 0.73149 0.559458 0.0235722
896 0.73149 0.564315 0.0218808
897 0.73149 0.554715 0.0229114
898 0.73149 0.544334 0.0222623
899 0.73149 0.546789 0.0241736
900 0.73149 0.562889 0.0242625
901 0.73149 0.572301 0.0261021
902 0.73149 0.578064 0.0231914
903 0.73149 0.576842 0.021446
904 0.73149 0.558925 0.0218728
905 0.73149 0.568306 0.0193639
906 0.73149 0.544067 0.023555
907 0.73149 0.535585 0.0232653
908 0.73149 0.554247 0.020013
909 0.73149 0.570272 0.0188446
910 0.73149 0.568881 0.0197035
911 0.73149 0.567964 0.0195378
912 0.73149 0.568888 0.02084
913 0.73149 0.556688 0.0216736
914 0.73149 0.558952 0.0225447
915 0.73149 0.55217 0.0235909
916 0.73149 0.564429 0.0210501
917 0.73149 0.567684 0.0192949
918 0.73149 0.563479 0.0184723
919 0.73149 0.568816 0.0195873
920 0.73149 0.539311 0.0219552
921 0.73149 0.558949 0.0212695
922 0.73149 0.563754 0.0205239
923 0.73149 0.554479 0.0223781
924 0.73149 0.545219 0.0242811
925 0.73149 0.56546 0.023686
926 0.73149 0.554242 0.0213299
927 0.73149 0.57961 0.0192311
928 0.73149 0.583242 0.0175249
929 0.73149 0.581611 0.0191675
930 0.73149 0.562394 0.0217901
931 0.73149 0.547573 0.0188577
932 0.73149 0.547194 0.0210201
933 0.73149 0.55379 0.020793
934 0.73149 0.55237 0.023897
935 0.73149 0.560477 0.0231792
936 0.73149 0.575044 0.0227367
937 0.73149 0.567077 0.0216047
938 0.73149 0.566135 0.0235651
939 0.73149 0.567074 0.0217283
940 0.73149 0.560227 0.0224676
941 0.73149 0.564361 0.0233619
942 0.73149 0.56415 0.0190416
943 0.73149 0.556699 0.0249522
944 0.73149 0.577672 0.0201621
945 0.73149 0.584185 0.0204444
946 0.73149 0.581646 0.0196559
947 0.73149 0.561346 0.0235212
948 0.73149 0.577137 0.0197679
949 0.73149 0.582276 0.0193368
950 0.73149 0.578921 0.0214963
951 0.73149 0.571677 0.0181459
952 0.73149 0.556748 0.0215802
953 0.73149 0.555526 0.0243238
954 0.73149 0.543563 0.0257952
955 0.73149 0.564842 0.0227847
956 0.73149 0.558557 0.0224719
957 0.73149 0.548194 0.0237422
958 0.73149 0.572434 0.0240518
959 0.73149 0.582596 0.0214825
960 0.73149 0.557463 0.0238399
961 0.73149 0.562274 0.0229775
962 0.73149 0.535699 0.025232
963 0.73149 0.576127 0.0185099
964 0.73149 0.550879 0.0232464
965 0.73149 0.537541 0.0273978
966 0.73149 0.55988 0.0222529
967 0.73149 0.558379 0.0200097
968 0.73149 0.561301 0.0191396
969 0.73149 0.55396 0.0201973
970 0.73149 0.548553 0.0229269
971 0.73149 0.561955 0.0214977
972 0.73149 0.564184 0.0220472
973 0.73149 0.587836 0.0179798
974 0.73149 0.573053 0.0207867
975 0.73149 0.560309 0.0202489
976 0.73149 0.57573 0.0218759
977 0.73149 0.558838 0.0221428
978 0.73149 0.564634 0.0220044
979 0.73149 0.579712 0.0200978
980 0.73149 0.601311 0.0148515
981 0.73149 0.592206 0.0167467
982 0.73149 0.581197 0.0190263
983 0.73149 0.568986 0.022834
984 0.73149 0.562442 0.0222061
985 0.73149 0.557671 0.0213225
986 0.73149 0.566712 0.0195458
987 0.73149 0.554513 0.0186109
988 0.73149 0.559803 0.0186375
989 0.73149 0.545516 0.0216182
990 0.73149 0.556071 0.0246141
991 0.73149 0.560691 0.0255764
992 0.73149 0.549167 0.0253904
993 0.73149 0.54536 0.0246652
994 0.73149 0.572675 0.0216233
995 0.73149 0.539404 0.0216312
996 0.73149 0.549629 0.0196865
997 0.73149 0.550947 0.0188245
998 0.73149 0.531622 0.0238094
999 0.73149 0.537087 0.0248469
1000 0.73149 0.551247 0.0218194
