0 0.509535 0.494703 0.000296957
1 0.51718 0.496392 0.000331389
2 0.51718 0.496867 0.00025947
3 0.581776 0.501457 0.000224436
4 0.581776 0.502618 0.000914809
5 0.581776 0.50546 0.000509336
6 0.640116 0.507398 0.000907231
7 0.640116 0.51243 0.00106835
8 0.640116 0.508484 0.00135882
9 0.640116 0.509299 0.00110306
10 0.640116 0.518377 0.0017069
11 0.640116 0.509735 0.00230317
12 0.774278 0.511933 0.00377121
13 0.774278 0.52081 0.00402902
14 0.774278 0.520679 0.00447613
15 0.774278 0.526199 0.0041652
16 0.774278 0.52751 0.00507449
17 0.774278 0.533849 0.00621749
18 0.774278 0.531635 0.00716282
19 0.792828 0.544519 0.00943294
20 0.807296 0.558822 0.0114788
21 0.807296 0.553217 0.0111003
22 0.807296 0.555554 0.0116471
23 0.807296 0.563251 0.0141915
24 0.807296 0.576839 0.0151085
25 0.807296 0.574659 0.0184296
26 0.807296 0.583143 0.0167187
27 0.847299 0.58154 0.0168653
28 0.847299 0.574089 0.0165317
29 0.847299 0.556678 0.0146665
30 0.847299 0.570752 0.0160083
31 0.876476 0.578311 0.0181287
32 0.884616 0.594636 0.0184525
33 0.884616 0.58529 0.0190424
34 0.884616 0.586522 0.0188863
35 0.892425 0.590827 0.021111
36 0.904333 0.600812 0.0229463
37 0.916307 0.602921 0.0226021
38 0.916307 0.611719 0.0220484
39 0.930568 0.601388 0.0212561
40 0.930568 0.609463 0.0197097
41 0.930568 0.618978 0.0200268
42 0.930568 0.627312 0.0203391
43 0.930568 0.638833 0.0212309
44 0.930568 0.649127 0.0201378
45 0.930568 0.650299 0.0202938
46 0.930568 0.67015 0.0208543
47 0.950862 0.682074 0.0239367
48 0.950862 0.708597 0.022091
49 0.950862 0.724814 0.0223303
50 0.954613 0.721398 0.0229641
51 0.954613 0.732417 0.0207789
52 0.954613 0.744118 0.0202121
53 0.954613 0.755501 0.0196687
54 0.954613 0.751183 0.0192329
55 0.955628 0.768838 0.0209005
56 0.956631 0.777142 0.0190192
57 0.956631 0.791929 0.0161657
58 0.956631 0.806637 0.0139247
59 0.956631 0.805021 0.0161481
60 0.956631 0.820403 0.012521
61 0.956631 0.821922 0.0123823
62 0.956837 0.821941 0.0127515
63 0.956837 0.836767 0.0123018
64 0.956837 0.845164 0.0121138
65 0.956837 0.848914 0.0126912
66 0.956837 0.84764 0.0113412
67 0.956837 0.857706 0.0105514
68 0.956837 0.852869 0.0109478
69 0.956837 0.854051 0.00923098
70 0.956837 0.871793 0.00830398
71 0.956837 0.863978 0.00766328
72 0.956837 0.868758 0.00747848
73 0.962583 0.866462 0.00833362
74 0.962583 0.859692 0.00998226
75 0.962583 0.868739 0.00706296
76 0.962583 0.869988 0.00822279
77 0.962583 0.861285 0.00944261
78 0.962583 0.867547 0.0055188
79 0.962583 0.86327 0.00727761
80 0.962583 0.869624 0.00563262
81 0.962583 0.860289 0.00708528
82 0.962583 0.860304 0.00720443
83 0.962583 0.853295 0.00720073
84 0.962583 0.852341 0.00847053
85 0.962583 0.851001 0.00843587
86 0.962583 0.847338 0.00908163
87 0.966815 0.851246 0.00953769
88 0.966815 0.851062 0.00835182
89 0.966815 0.84791 0.00876217
90 0.966815 0.851683 0.00933924
91 0.966815 0.850527 0.0097577
92 0.966815 0.855614 0.00994831
93 0.966815 0.862183 0.00870857
94 0.966815 0.850186 0.0104362
95 0.966815 0.841481 0.0119297
96 0.966815 0.842471 0.0111905
97 0.966815 0.843623 0.0119206
98 0.966815 0.835266 0.0127559
99 0.966815 0.838632 0.0126289
100 0.966815 0.839741 0.0145496
101 0.966815 0.851877 0.0114284
102 0.966815 0.855762 0.00926775
103 0.966815 0.854943 0.00991658
104 0.966815 0.858396 0.0084527
105 0.966815 0.856411 0.00886527
106 0.966815 0.859061 0.00762775
107 0.966815 0.859619 0.00833632
108 0.966815 0.866312 0.00860659
109 0.966815 0.865023 0.00809728
110 0.966815 0.867816 0.00652678
111 0.966815 0.861498 0.00718221
112 0.966815 0.868391 0.00825695
113 0.966815 0.87346 0.00751479
114 0.967945 0.884428 0.00621888
115 0.967945 0.890813 0.00572531
116 0.967945 0.877911 0.00658824
117 0.967945 0.87211 0.00717731
118 0.967945 0.871998 0.00788594
119 0.967945 0.879841 0.00747334
120 0.967945 0.878043 0.00925501
121 0.967945 0.878305 0.00851119
122 0.967945 0.886619 0.00698532
123 0.967945 0.876606 0.00702129
124 0.967945 0.870109 0.00701501
125 0.967945 0.857552 0.0107026
126 0.967945 0.858984 0.0115508
127 0.967945 0.866048 0.0122896
128 0.967945 0.873593 0.0107075
129 0.967945 0.888662 0.00663594
130 0.967945 0.88947 0.00607314
131 0.967945 0.899368 0.00462833
132 0.967945 0.886367 0.00591266
133 0.967945 0.880456 0.00765615
134 0.967945 0.886481 0.00617696
135 0.967945 0.885166 0.00655087
136 0.967945 0.886887 0.00456339
137 0.967945 0.879684 0.0061378
138 0.967945 0.879281 0.00687067
139 0.967945 0.872842 0.00665944
140 0.967945 0.870771 0.00875624
141 0.967945 0.876889 0.00773684
142 0.967945 0.889891 0.0073004
143 0.968045 0.885392 0.00580628
144 0.968045 0.884457 0.00625252
145 0.968045 0.889668 0.00564006
146 0.968045 0.90133 0.00582251
147 0.968045 0.900651 0.00583781
148 0.968045 0.894701 0.00644514
149 0.968045 0.886227 0.0071365
150 0.968045 0.894584 0.00560736
151 0.968045 0.886948 0.00624976
152 0.968045 0.881038 0.00694449
153 0.968045 0.886285 0.00770547
154 0.968045 0.883038 0.00703422
155 0.968045 0.88644 0.0056568
156 0.968321 0.8784 0.00630806
157 0.968321 0.898792 0.00322368
158 0.968321 0.898918 0.00522275
159 0.968321 0.896542 0.00666472
160 0.968787 0.901439 0.00511039
161 0.968787 0.891764 0.0072397
162 0.968787 0.897445 0.00624659
163 0.968787 0.891026 0.00764972
164 0.968787 0.896302 0.00639824
165 0.968787 0.897571 0.00643837
166 0.968787 0.905492 0.00484177
167 0.968787 0.902222 0.00467168
168 0.968787 0.899611 0.00415589
169 0.968787 0.893053 0.00449763
170 0.968787 0.892977 0.00583023
171 0.968787 0.883887 0.0075391
172 0.968787 0.88072 0.00809119
173 0.968787 0.886317 0.00608864
174 0.968787 0.896593 0.00548747
175 0.968787 0.898199 0.00651734
176 0.968787 0.897918 0.00552353
177 0.968787 0.893848 0.00594432
178 0.968787 0.898584 0.00427081
179 0.968787 0.890336 0.00636357
180 0.968787 0.902303 0.00462616
181 0.968787 0.895005 0.00606545
182 0.968787 0.885545 0.00766824
183 0.968787 0.887898 0.00579944
184 0.968787 0.895593 0.00480845
185 0.968938 0.907476 0.00374296
186 0.968938 0.910102 0.00379347
187 0.968938 0.900039 0.00481492
188 0.968938 0.894557 0.00546681
189 0.968938 0.895303 0.00439614
190 0.968938 0.892672 0.00497784
191 0.968938 0.892015 0.0048658
192 0.968938 0.890272 0.00595438
193 0.968938 0.896135 0.00583589
194 0.968938 0.898528 0.00478368
195 0.968938 0.903735 0.00406446
196 0.968938 0.907269 0.00317482
197 0.969445 0.898245 0.00425881
198 0.969445 0.901058 0.00405956
199 0.969445 0.904113 0.00469375
200 0.969445 0.902331 0.00599769
201 0.969445 0.902624 0.00459212
202 0.970217 0.910749 0.00338127
203 0.970217 0.907649 0.00383133
204 0.970217 0.900078 0.00496805
205 0.970217 0.900212 0.00474584
206 0.970217 0.884394 0.00662221
207 0.970217 0.889003 0.00652054
208 0.970217 0.885063 0.00589359
209 0.970217 0.883707 0.00652021
210 0.970217 0.891613 0.00463587
211 0.970217 0.888799 0.00474504
212 0.970217 0.890042 0.00574568
213 0.970217 0.892714 0.00492909
214 0.970217 0.890898 0.00615039
215 0.970217 0.888067 0.00529934
216 0.970217 0.882597 0.00572901
217 0.970217 0.883097 0.00775343
218 0.970217 0.887976 0.00551227
219 0.970217 0.878547 0.00743055
220 0.970217 0.883758 0.00729229
221 0.970217 0.88951 0.00488046
222 0.970217 0.892234 0.00449838
223 0.970217 0.893911 0.00397256
224 0.970217 0.897601 0.00415424
225 0.970217 0.900128 0.0043736
226 0.970217 0.893602 0.00516976
227 0.970217 0.898855 0.00519855
228 0.970217 0.891628 0.00583993
229 0.970217 0.892334 0.00503782
230 0.970217 0.887501 0.00623998
231 0.970217 0.884281 0.00719445
232 0.970217 0.885638 0.00763326
233 0.970217 0.884863 0.00681856
234 0.970217 0.878672 0.00778052
235 0.970217 0.890075 0.00555881
236 0.970217 0.880291 0.00756381
237 0.970217 0.89042 0.00558691
238 0.973696 0.892582 0.00680198
239 0.973696 0.886932 0.00637946
240 0.973696 0.887931 0.0068577
241 0.973696 0.897853 0.00545092
242 0.973696 0.899545 0.00422745
243 0.973696 0.897921 0.00392949
244 0.973696 0.883824 0.00693385
245 0.973696 0.892834 0.00550099
246 0.973696 0.88679 0.00590827
247 0.973837 0.897207 0.00490181
248 0.973837 0.88997 0.00560742
249 0.973837 0.8949 0.0063765
250 0.973837 0.895633 0.00597278
251 0.973837 0.894608 0.00643863
252 0.973837 0.891034 0.00615593
253 0.973837 0.904689 0.00337016
254 0.973837 0.898146 0.00436787
255 0.973837 0.903292 0.00360879
256 0.973837 0.896415 0.00506886
257 0.973837 0.888084 0.00790837
258 0.973837 0.893057 0.00642989
259 0.973837 0.900987 0.00612107
260 0.973837 0.896422 0.00514732
261 0.973837 0.886808 0.00661602
262 0.973837 0.872548 0.00941152
263 0.973837 0.883752 0.00671908
264 0.973837 0.880952 0.00690096
265 0.973837 0.876637 0.00795271
266 0.973837 0.884224 0.00734805
267 0.973837 0.88297 0.00808866
268 0.973837 0.88616 0.00726775
269 0.973837 0.894541 0.00561124
270 0.973837 0.895211 0.00622276
271 0.973837 0.894753 0.00626012
272 0.973837 0.906343 0.00436193
273 0.973837 0.90523 0.00360889
274 0.973837 0.909285 0.00355065
275 0.973837 0.911868 0.00299571
276 0.973837 0.912838 0.00412215
277 0.973837 0.912982 0.00345027
278 0.973837 0.912429 0.00387812
279 0.973837 0.908937 0.0043747
280 0.973837 0.909898 0.00430034
281 0.973837 0.905284 0.00467254
282 0.973837 0.908796 0.00461144
283 0.974292 0.908361 0.00448094
284 0.974292 0.896738 0.00560479
285 0.974292 0.892579 0.0056534
286 0.974292 0.889835 0.00722678
287 0.974292 0.900385 0.00610861
288 0.974292 0.898332 0.00660389
289 0.975442 0.902697 0.00541255
290 0.975442 0.900902 0.00509623
291 0.975442 0.895955 0.00669178
292 0.975442 0.900821 0.00590724
293 0.975442 0.896481 0.00485003
294 0.975442 0.891901 0.00684803
295 0.975442 0.8852 0.00837394
296 0.975442 0.885817 0.00766492
297 0.975442 0.902498 0.00503135
298 0.975442 0.900701 0.00550558
299 0.975442 0.896935 0.00633479
300 0.975442 0.879945 0.00839441
301 0.975442 0.893722 0.00627534
302 0.975442 0.891471 0.00756119
303 0.975442 0.893951 0.00622925
304 0.975442 0.89419 0.00637304
305 0.975442 0.897423 0.00550801
306 0.975442 0.895567 0.0051214
307 0.975442 0.897967 0.00490597
308 0.975442 0.90326 0.00448823
309 0.975442 0.900144 0.00471375
310 0.975442 0.897891 0.00566346
311 0.975442 0.898526 0.00533549
312 0.975442 0.90711 0.0050432
313 0.975442 0.904012 0.00516523
314 0.975442 0.890095 0.00741793
315 0.975442 0.897938 0.00538707
316 0.975442 0.884622 0.00609686
317 0.975442 0.897239 0.00542063
318 0.975442 0.905394 0.00532887
319 0.975442 0.898722 0.00514229
320 0.975442 0.89265 0.00686206
321 0.975442 0.901181 0.00493716
322 0.975442 0.901592 0.00591232
323 0.975442 0.904943 0.00487786
324 0.975442 0.904947 0.0053839
325 0.975442 0.912981 0.00522648
326 0.975442 0.90919 0.00526911
327 0.975442 0.910126 0.00470607
328 0.975442 0.904868 0.00577886
329 0.975442 0.892643 0.00637465
330 0.975442 0.901903 0.00530914
331 0.975442 0.911934 0.00340288
332 0.975442 0.903315 0.00473396
333 0.975442 0.905236 0.00563968
334 0.975442 0.9017 0.00558044
335 0.975442 0.89863 0.00581482
336 0.975442 0.907878 0.00522722
337 0.975442 0.900501 0.00594024
338 0.975442 0.882818 0.00884463
339 0.975442 0.883426 0.00989542
340 0.975442 0.88158 0.0103454
341 0.975442 0.883768 0.0104812
342 0.975442 0.884319 0.010318
343 0.975442 0.881205 0.00982577
344 0.975442 0.885242 0.00940975
345 0.975442 0.88256 0.00857975
346 0.975442 0.879215 0.00784565
347 0.975442 0.888702 0.00702711
348 0.975442 0.891343 0.00621434
349 0.975442 0.892847 0.0058091
350 0.975442 0.897404 0.00571538
351 0.975442 0.900249 0.00492656
352 0.975442 0.897066 0.00545667
353 0.975442 0.896806 0.00529909
354 0.975442 0.89075 0.00702971
355 0.975442 0.882058 0.00739725
356 0.975442 0.878385 0.00848734
357 0.975442 0.881459 0.00770905
358 0.975442 0.88157 0.00761648
359 0.975442 0.88053 0.00802037
360 0.975442 0.879015 0.00692669
361 0.975442 0.892987 0.00561318
362 0.975442 0.891093 0.00681003
363 0.975442 0.897066 0.00555453
364 0.975442 0.887321 0.00771782
365 0.975442 0.891811 0.00739814
366 0.975442 0.895235 0.00612142
367 0.975442 0.899476 0.00679459
368 0.975442 0.89906 0.00707917
369 0.975442 0.894334 0.0065284
370 0.975442 0.894671 0.0064903
371 0.975442 0.882374 0.00802128
372 0.975442 0.859809 0.0109491
373 0.975442 0.86953 0.011446
374 0.975442 0.878945 0.010697
375 0.975442 0.882667 0.00955172
376 0.975442 0.885319 0.00944292
377 0.975442 0.875939 0.0115102
378 0.975442 0.889253 0.011907
379 0.975442 0.892204 0.0092551
380 0.975442 0.884498 0.00953546
381 0.975442 0.886046 0.00788124
382 0.975442 0.893711 0.00685218
383 0.975442 0.900122 0.00510384
384 0.975442 0.906333 0.0054398
385 0.975442 0.907006 0.00455566
386 0.975442 0.896028 0.00547552
387 0.975442 0.895884 0.0053512
388 0.975442 0.90485 0.00518667
389 0.975442 0.907203 0.0038135
390 0.975442 0.896165 0.00479802
391 0.975442 0.898773 0.00604431
392 0.975442 0.895299 0.00651058
393 0.975442 0.876954 0.00775342
394 0.975442 0.868136 0.00895366
395 0.975442 0.886138 0.00605106
396 0.975442 0.88088 0.00745951
397 0.975442 0.8923 0.00788238
398 0.975442 0.895691 0.00786031
399 0.975442 0.899801 0.00642512
400 0.975442 0.897683 0.00592805
401 0.975442 0.887056 0.00837537
402 0.975442 0.878983 0.00976887
403 0.975442 0.894614 0.00804986
404 0.975442 0.897405 0.00779726
405 0.975442 0.901223 0.0065607
406 0.975442 0.900042 0.00692857
407 0.975442 0.906307 0.00544621
408 0.975442 0.90728 0.00504899
409 0.975442 0.898128 0.00640764
410 0.975442 0.897254 0.0063004
411 0.975442 0.903337 0.00562091
412 0.975442 0.906557 0.00564737
413 0.975683 0.922088 0.00298364
414 0.975683 0.919172 0.00372269
415 0.975683 0.914029 0.00509896
416 0.975683 0.902313 0.00723081
417 0.975683 0.906248 0.00618742
418 0.975683 0.911785 0.00505275
419 0.975683 0.907895 0.00499277
420 0.975683 0.908941 0.00434196
421 0.975683 0.90636 0.00500197
422 0.975683 0.901544 0.00544876
423 0.975683 0.898843 0.00591456
424 0.975683 0.905079 0.00509928
425 0.975683 0.90002 0.00580332
426 0.975683 0.894733 0.00663917
427 0.975683 0.893062 0.00760843
428 0.976025 0.893777 0.00635444
429 0.976025 0.873167 0.00826
430 0.976025 0.886003 0.00801547
431 0.976025 0.877596 0.0100829
432 0.976025 0.886416 0.0102721
433 0.976025 0.885678 0.00725688
434 0.976025 0.884493 0.00831537
435 0.976025 0.879042 0.00818893
436 0.976025 0.889478 0.00704758
437 0.976025 0.89472 0.00706653
438 0.976025 0.894063 0.0070003
439 0.976025 0.898651 0.0070433
440 0.976025 0.897833 0.00693467
441 0.976025 0.890315 0.0072228
442 0.976025 0.902691 0.00543694
443 0.976025 0.902143 0.0078103
444 0.976025 0.902954 0.00567092
445 0.976025 0.889611 0.00822627
446 0.976025 0.902396 0.00477792
447 0.976025 0.897619 0.00599758
448 0.976025 0.904588 0.00434357
449 0.976025 0.896618 0.00647265
450 0.976025 0.904976 0.00433026
451 0.976025 0.904034 0.0043854
452 0.976025 0.907014 0.00488963
453 0.976025 0.900479 0.00548606
454 0.976025 0.908011 0.00498595
455 0.976025 0.909071 0.00352882
456 0.976025 0.907914 0.00378807
457 0.976255 0.901933 0.00503282
458 0.976255 0.903896 0.00326444
459 0.976255 0.893248 0.00461026
460 0.976255 0.889783 0.00616425
461 0.976255 0.882928 0.00781499
462 0.976255 0.904753 0.0042197
463 0.976255 0.898479 0.00577046
464 0.976255 0.901815 0.00688662
465 0.976255 0.901607 0.00582244
466 0.976255 0.899639 0.00701007
467 0.976255 0.888852 0.00924618
468 0.976255 0.880655 0.00966694
469 0.976255 0.885642 0.00956256
470 0.976255 0.885043 0.0124887
471 0.976255 0.882106 0.0138439
472 0.976255 0.878361 0.0126281
473 0.976255 0.886012 0.00944333
474 0.976324 0.898331 0.00610697
475 0.976324 0.896219 0.00710252
476 0.976324 0.893482 0.00765232
477 0.976324 0.897276 0.00644576
478 0.976546 0.899178 0.00690936
479 0.976546 0.886079 0.0092452
480 0.976546 0.896623 0.00793052
481 0.976546 0.903335 0.00570703
482 0.976546 0.903697 0.00595313
483 0.976546 0.897824 0.00551299
484 0.976546 0.894881 0.006382
485 0.976546 0.897926 0.0060097
486 0.976546 0.901674 0.00475996
487 0.976546 0.891825 0.00716967
488 0.976546 0.900257 0.0075203
489 0.976546 0.905791 0.00665135
490 0.976546 0.903948 0.00555438
491 0.976546 0.903335 0.00519401
492 0.976546 0.895777 0.00523359
493 0.976546 0.893251 0.00508669
494 0.976546 0.902529 0.00517862
495 0.976546 0.893672 0.00628971
496 0.976546 0.897297 0.00564369
497 0.976546 0.883495 0.00755097
498 0.976546 0.885352 0.00732642
499 0.976546 0.896797 0.00547187
500 0.976546 0.892479 0.00626388
501 0.976546 0.893325 0.00452045
502 0.976546 0.89635 0.00507702
503 0.976546 0.907992 0.00411255
504 0.976546 0.918142 0.00290238
505 0.976546 0.913459 0.00311177
506 0.976546 0.911002 0.00380614
507 0.976546 0.914723 0.00351697
508 0.976546 0.920571 0.00293921
509 0.976546 0.904657 0.00683559
510 0.976546 0.895636 0.00704676
511 0.976546 0.898546 0.00693252
512 0.976546 0.906642 0.00633602
513 0.976546 0.907431 0.00412437
514 0.976546 0.905234 0.00510543
515 0.976546 0.914236 0.00496157
516 0.976546 0.905873 0.0062705
517 0.976546 0.906112 0.00570862
518 0.976546 0.902253 0.00593184
519 0.976546 0.89114 0.00774492
520 0.976546 0.890463 0.00731585
521 0.976546 0.901389 0.00619965
522 0.976546 0.904577 0.00591744
523 0.976546 0.901583 0.00694126
524 0.976546 0.894208 0.00816761
525 0.976546 0.908401 0.00515904
526 0.976546 0.902744 0.00545434
527 0.976546 0.901468 0.0053409
528 0.976899 0.903581 0.00525151
529 0.976945 0.89389 0.00691212
530 0.976945 0.891984 0.00647969
531 0.976945 0.89266 0.00606944
532 0.976945 0.888343 0.00696769
533 0.976945 0.892338 0.00573234
534 0.976945 0.89848 0.00642539
535 0.976945 0.886014 0.00825389
536 0.976945 0.872491 0.00986751
537 0.976945 0.882463 0.00921932
538 0.976945 0.88838 0.00683492
539 0.976945 0.891042 0.00730466
540 0.976945 0.884051 0.0077601
541 0.976945 0.891221 0.00636247
542 0.976945 0.887966 0.00812245
543 0.976945 0.897119 0.00688833
544 0.976945 0.896782 0.00684861
545 0.976945 0.886342 0.00872615
546 0.976945 0.885356 0.00947926
547 0.976945 0.89028 0.0067876
548 0.976945 0.886255 0.00773237
549 0.976945 0.888253 0.00841012
550 0.976945 0.892372 0.00970991
551 0.976945 0.890667 0.00949475
552 0.976945 0.891537 0.00893593
553 0.976945 0.882373 0.011473
554 0.976945 0.889359 0.0100118
555 0.976945 0.89239 0.00811322
556 0.976945 0.888503 0.00985602
557 0.976945 0.894081 0.00824972
558 0.976945 0.898201 0.00871742
559 0.976945 0.896724 0.00851284
560 0.976945 0.884035 0.00877047
561 0.976945 0.894274 0.00838952
562 0.976945 0.884743 0.0112911
563 0.976945 0.890553 0.00859126
564 0.976945 0.884595 0.00972283
565 0.976945 0.878869 0.00989243
566 0.976945 0.877505 0.00952312
567 0.976945 0.877945 0.00979146
568 0.976945 0.879289 0.00927289
569 0.976945 0.887095 0.0076384
570 0.976945 0.877511 0.0081037
571 0.976945 0.880045 0.00976957
572 0.976945 0.868601 0.0122101
573 0.976945 0.869489 0.0128574
574 0.976945 0.868455 0.0109019
575 0.976945 0.877163 0.00989681
576 0.976945 0.881353 0.00786045
577 0.976945 0.871897 0.00902603
578 0.976945 0.870705 0.00873159
579 0.976945 0.892273 0.00674763
580 0.976945 0.885525 0.00910887
581 0.976945 0.904911 0.00689318
582 0.976945 0.89844 0.00626283
583 0.976945 0.882627 0.00676905
584 0.976945 0.879322 0.00670966
585 0.976945 0.874619 0.00782357
586 0.976945 0.877297 0.00805279
587 0.976945 0.886509 0.00676474
588 0.976945 0.884874 0.00733415
589 0.976945 0.881501 0.00644748
590 0.976945 0.867451 0.00951392
591 0.976945 0.871052 0.00852176
592 0.976945 0.878072 0.00746235
593 0.976945 0.866214 0.00962945
594 0.976945 0.870767 0.0072779
595 0.977308 0.880599 0.00699663
596 0.977308 0.889006 0.00653329
597 0.977308 0.888934 0.00715571
598 0.977308 0.896134 0.00564801
599 0.977308 0.887153 0.00773689
600 0.977308 0.909193 0.00501153
601 0.977308 0.904592 0.00645763
602 0.977308 0.898551 0.00679989
603 0.977308 0.901147 0.00626837
604 0.977308 0.903294 0.00576496
605 0.977308 0.897702 0.00719363
606 0.977308 0.892241 0.00627987
607 0.977308 0.89019 0.00550097
608 0.977308 0.897751 0.00449425
609 0.977308 0.903723 0.00390618
610 0.977308 0.901531 0.00534468
611 0.977308 0.916422 0.00359181
612 0.977308 0.917344 0.00398514
613 0.977308 0.904348 0.00473549
614 0.977308 0.891653 0.00709854
615 0.977308 0.893224 0.00676883
616 0.977308 0.887921 0.00810529
617 0.977308 0.889823 0.00690777
618 0.977308 0.873537 0.0101865
619 0.977308 0.877908 0.0104593
620 0.977308 0.870785 0.0117362
621 0.977308 0.871149 0.0113777
622 0.977308 0.87592 0.0111462
623 0.977308 0.87159 0.0113026
624 0.977321 0.878954 0.0121086
625 0.977321 0.895527 0.00722825
626 0.977321 0.897346 0.00633896
627 0.977321 0.899308 0.00570685
628 0.977321 0.898187 0.00624433
629 0.977321 0.888905 0.00742415
630 0.977321 0.869084 0.00923486
631 0.977321 0.874767 0.00984057
632 0.977321 0.888533 0.0068149
633 0.977321 0.884938 0.00789972
634 0.977321 0.893338 0.00650076
635 0.977321 0.892924 0.00691478
636 0.977321 0.888358 0.00766748
637 0.977321 0.905163 0.00668187
638 0.977321 0.900021 0.00692154
639 0.977321 0.904894 0.00637493
640 0.977321 0.896905 0.00803278
641 0.977321 0.894892 0.00984795
642 0.977321 0.901488 0.00856883
643 0.977321 0.889145 0.00935351
644 0.977321 0.891104 0.00823569
645 0.977321 0.885872 0.00866073
646 0.977321 0.884129 0.00842596
647 0.977321 0.884049 0.00811598
648 0.977321 0.893609 0.0073708
649 0.977321 0.89461 0.00704998
650 0.977321 0.885916 0.00993171
651 0.977321 0.886678 0.00821584
652 0.977321 0.896011 0.00708846
653 0.977321 0.908988 0.00602928
654 0.977321 0.903539 0.00582231
655 0.977321 0.898058 0.00662887
656 0.977321 0.885173 0.00954091
657 0.977321 0.877016 0.00975507
658 0.977321 0.877977 0.0103539
659 0.977321 0.891871 0.0066005
660 0.977321 0.907238 0.00423346
661 0.977321 0.889154 0.00741599
662 0.977575 0.893886 0.00668283
663 0.977575 0.889292 0.00549706
664 0.977575 0.887063 0.00669685
665 0.977575 0.889965 0.00708097
666 0.977575 0.898147 0.00803297
667 0.977575 0.889065 0.0076461
668 0.977575 0.893358 0.0062464
669 0.977575 0.883543 0.00783948
670 0.977575 0.889167 0.00793431
671 0.977575 0.886469 0.00858079
672 0.977575 0.890423 0.00754854
673 0.977585 0.891882 0.00593113
674 0.977585 0.893005 0.00681773
675 0.977585 0.883415 0.00947976
676 0.977585 0.876249 0.0126082
677 0.977585 0.872222 0.0130255
678 0.977585 0.873465 0.0112155
679 0.977585 0.880243 0.0100959
680 0.977585 0.876517 0.0100444
681 0.977585 0.882871 0.00979432
682 0.977585 0.893867 0.00765374
683 0.977585 0.894288 0.0071407
684 0.977585 0.898553 0.00601162
685 0.977585 0.904893 0.00611609
686 0.977585 0.905548 0.00607136
687 0.977585 0.894694 0.0085217
688 0.977585 0.889011 0.00751215
689 0.977585 0.896261 0.00590707
690 0.977585 0.897766 0.00578032
691 0.977585 0.886544 0.0058887
692 0.977585 0.880054 0.00631772
693 0.977585 0.889076 0.00610435
694 0.977585 0.893908 0.00631291
695 0.977585 0.877671 0.00743826
696 0.977585 0.874454 0.00844822
697 0.977585 0.884954 0.007293
698 0.977585 0.890356 0.00724672
699 0.977585 0.888503 0.00852563
700 0.9776 0.886927 0.0085801
701 0.9776 0.884855 0.00721427
702 0.9776 0.878242 0.00893532
703 0.9776 0.87985 0.00941509
704 0.9776 0.88038 0.00912993
705 0.9776 0.885398 0.00808598
706 0.9776 0.868571 0.00935176
707 0.9776 0.865353 0.00965408
708 0.9776 0.864735 0.0108161
709 0.9776 0.876234 0.00911907
710 0.9776 0.878553 0.00942997
711 0.9776 0.875823 0.0099526
712 0.9776 0.880653 0.00922301
713 0.9776 0.901757 0.00565338
714 0.9776 0.893625 0.00839707
715 0.9776 0.911009 0.00485559
716 0.9776 0.901299 0.00486183
717 0.9776 0.897349 0.0048517
718 0.9776 0.895047 0.00605567
719 0.9776 0.890068 0.00604356
720 0.9776 0.887151 0.0100205
721 0.9776 0.879213 0.0106956
722 0.9776 0.89396 0.0099045
723 0.9776 0.899153 0.00805064
724 0.9776 0.903863 0.0063459
725 0.977601 0.905492 0.00659026
726 0.977601 0.911214 0.00504453
727 0.977601 0.910722 0.00446847
728 0.977601 0.888562 0.008129
729 0.977601 0.889386 0.00797581
730 0.977601 0.879913 0.00983594
731 0.977601 0.886354 0.00824563
732 0.977601 0.897856 0.00672703
733 0.977601 0.903811 0.0066108
734 0.977601 0.904983 0.00570634
735 0.977601 0.898726 0.00741781
736 0.977601 0.900405 0.00639062
737 0.977601 0.906278 0.00472967
738 0.977601 0.9025 0.00538199
739 0.977601 0.893091 0.00613766
740 0.977601 0.888958 0.00666538
741 0.977601 0.892705 0.00603084
742 0.977601 0.902143 0.00484883
743 0.977601 0.902886 0.00444287
744 0.977601 0.907456 0.00275066
745 0.977601 0.910029 0.00313847
746 0.977601 0.899464 0.00510172
747 0.977601 0.902385 0.00492996
748 0.977601 0.894284 0.00617859
749 0.977601 0.891688 0.00725056
750 0.977601 0.899447 0.00540905
751 0.977601 0.892161 0.00652872
752 0.977613 0.888288 0.00745458
753 0.977613 0.876141 0.0100589
754 0.977613 0.883975 0.00862006
755 0.977613 0.862173 0.010536
756 0.977613 0.869729 0.0111785
757 0.977613 0.882686 0.00930859
758 0.977613 0.886502 0.00926731
759 0.977613 0.890599 0.00731795
760 0.977613 0.88875 0.00927057
761 0.977613 0.898459 0.00624519
762 0.977614 0.892219 0.0076942
763 0.977614 0.887995 0.00745868
764 0.977614 0.896378 0.00602289
765 0.977614 0.888668 0.0084209
766 0.977614 0.903503 0.00552157
767 0.977614 0.908976 0.00436181
768 0.977614 0.912808 0.00393176
769 0.977614 0.907591 0.0042721
770 0.977614 0.913459 0.003332
771 0.977614 0.906846 0.00494505
772 0.977614 0.90369 0.00501776
773 0.977614 0.905063 0.00593878
774 0.977614 0.907723 0.00623796
775 0.977614 0.89324 0.00795703
776 0.977614 0.893163 0.00937522
777 0.977614 0.903547 0.00771566
778 0.977614 0.90466 0.00546228
779 0.977614 0.902587 0.00582286
780 0.977614 0.901417 0.00599644
781 0.977614 0.896107 0.0072346
782 0.977614 0.900039 0.00611953
783 0.977614 0.898864 0.00486259
784 0.977614 0.8956 0.00546416
785 0.977614 0.88837 0.00604891
786 0.977614 0.88799 0.00795918
787 0.977614 0.896224 0.00653057
788 0.977614 0.901336 0.0063565
789 0.977614 0.893429 0.00645929
790 0.977614 0.887344 0.00952811
791 0.977614 0.880907 0.0103927
792 0.977614 0.867664 0.0107776
793 0.977614 0.871568 0.0103693
794 0.977614 0.864473 0.0106634
795 0.977614 0.869648 0.00995482
796 0.977614 0.87549 0.00863738
797 0.977614 0.879741 0.00848852
798 0.977614 0.880915 0.00841851
799 0.977614 0.886288 0.00707916
800 0.977614 0.891547 0.00807556
801 0.977614 0.900783 0.0051882
802 0.977614 0.89815 0.00584508
803 0.977614 0.884655 0.00825469
804 0.977614 0.896158 0.00677287
805 0.977614 0.903662 0.00509677
806 0.977614 0.911182 0.00376212
807 0.977614 0.920016 0.00258656
808 0.977614 0.91761 0.00372261
809 0.977614 0.913856 0.00437413
810 0.977614 0.911163 0.00481144
811 0.977614 0.897198 0.00536706
812 0.977614 0.8988 0.0053702
813 0.977614 0.897136 0.00533722
814 0.977614 0.897252 0.00585567
815 0.977614 0.895059 0.00454011
816 0.977614 0.901209 0.00421589
817 0.977614 0.897186 0.00524296
818 0.977614 0.901827 0.00539741
819 0.977614 0.898699 0.00483201
820 0.977614 0.884061 0.00750003
821 0.977614 0.879423 0.00776229
822 0.977614 0.880751 0.00803755
823 0.977614 0.880846 0.00920863
824 0.977614 0.883591 0.00807268
825 0.977614 0.884656 0.00814757
826 0.977614 0.875848 0.0105543
827 0.977614 0.86778 0.0120742
828 0.977614 0.867072 0.00936426
829 0.977614 0.871025 0.00843094
830 0.977614 0.88625 0.00740547
831 0.977614 0.879719 0.00771229
832 0.977614 0.889443 0.00726321
833 0.977614 0.871094 0.00961626
834 0.977614 0.877487 0.0115611
835 0.977614 0.885322 0.00782368
836 0.977614 0.886708 0.00769234
837 0.977614 0.890486 0.00700865
838 0.977614 0.89833 0.00650605
839 0.977614 0.881548 0.00826929
840 0.977614 0.890916 0.00740639
841 0.977614 0.893342 0.00643988
842 0.977614 0.898792 0.00442056
843 0.977614 0.896945 0.00530556
844 0.977614 0.893397 0.00589438
845 0.977614 0.893698 0.00684406
846 0.977614 0.878801 0.0107322
847 0.977614 0.878938 0.0104084
848 0.977614 0.882781 0.00988909
849 0.977614 0.886486 0.0108802
850 0.977614 0.886669 0.00981271
851 0.977614 0.893505 0.00765577
852 0.977614 0.890839 0.00781682
853 0.977614 0.887509 0.00881873
854 0.977614 0.876386 0.00876749
855 0.977614 0.883471 0.007506
856 0.977614 0.885643 0.00908487
857 0.977614 0.890773 0.00710798
858 0.977614 0.897695 0.00560521
859 0.977614 0.901533 0.00661529
860 0.977614 0.89722 0.00704496
861 0.977614 0.897781 0.00548191
862 0.977614 0.898826 0.00615804
863 0.977614 0.885956 0.00871035
864 0.977614 0.888819 0.00798451
865 0.977614 0.879925 0.00817037
866 0.977614 0.891233 0.00724482
867 0.977614 0.895027 0.0063203
868 0.977614 0.899241 0.0048369
869 0.977614 0.896072 0.00594526
870 0.977614 0.891622 0.00621687
871 0.977614 0.888651 0.0053371
872 0.977614 0.886147 0.00550557
873 0.977614 0.880829 0.00801783
874 0.977614 0.885762 0.00844405
875 0.977614 0.886346 0.00649105
876 0.977614 0.884131 0.00699838
877 0.977614 0.877823 0.0062889
878 0.977614 0.895704 0.00504326
879 0.977614 0.894124 0.00504877
880 0.97778 0.895152 0.00484463
881 0.97778 0.902053 0.00373219
882 0.97778 0.899351 0.00475959
883 0.97778 0.885977 0.00710248
884 0.97778 0.884647 0.0101551
885 0.97778 0.869372 0.0126541
886 0.97778 0.8653 0.0117129
887 0.97778 0.885721 0.00860004
888 0.97778 0.88966 0.00735031
889 0.97778 0.903777 0.00594053
890 0.97778 0.903097 0.00532966
891 0.97778 0.901897 0.00447197
892 0.977914 0.893529 0.00603781
893 0.977914 0.888831 0.00595904
894 0.977914 0.885942 0.00603402
895 0.977914 0.883295 0.00722021
896 0.977914 0.897482 0.00544445
897 0.977914 0.874462 0.0100299
898 0.977914 0.88056 0.00753989
899 0.977914 0.889822 0.00731748
900 0.977914 0.883298 0.0092011
901 0.977914 0.88203 0.00801796
902 0.978023 0.895428 0.00676438
903 0.978023 0.889223 0.00913135
904 0.978023 0.898866 0.00560909
905 0.978023 0.901023 0.00507811
906 0.978023 0.902045 0.00485286
907 0.978023 0.905701 0.00454639
908 0.978023 0.894022 0.00630219
909 0.978023 0.881118 0.00725202
910 0.978023 0.868883 0.00918123
911 0.978023 0.869015 0.00925045
912 0.978023 0.895476 0.00652305
913 0.978023 0.883889 0.00742081
914 0.978023 0.884408 0.00651641
915 0.978023 0.871334 0.00774019
916 0.978023 0.87187 0.0102973
917 0.978023 0.889832 0.00784765
918 0.978023 0.88076 0.00829216
919 0.978023 0.877768 0.00798064
920 0.978023 0.888737 0.00672122
921 0.978023 0.900623 0.0048294
922 0.978023 0.900414 0.00602479
923 0.978023 0.904189 0.00470323
924 0.978023 0.90583 0.00380511
925 0.978023 0.893986 0.00744342
926 0.978023 0.900041 0.00640708
927 0.978023 0.896121 0.00667199
928 0.978023 0.895612 0.00604673
929 0.978023 0.885757 0.00701639
930 0.978023 0.902748 0.00483826
931 0.978023 0.90947 0.00400931
932 0.978023 0.902413 0.00531288
933 0.978023 0.895061 0.00536289
934 0.978023 0.882054 0.00618517
935 0.978023 0.894292 0.00665473
936 0.978023 0.886875 0.00733495
937 0.978023 0.886072 0.00731939
938 0.978023 0.889173 0.00843638
939 0.978023 0.899605 0.00702495
940 0.978023 0.902279 0.00582096
941 0.978023 0.89876 0.00541406
942 0.978023 0.89387 0.00480976
943 0.978023 0.892312 0.00547185
944 0.978023 0.883544 0.00611844
945 0.978023 0.893198 0.00641446
946 0.978023 0.890023 0.00593934
947 0.978023 0.892339 0.00532125
948 0.978023 0.898741 0.00578784
949 0.978023 0.902904 0.00652375
950 0.978023 0.895792 0.00817111
951 0.978023 0.902861 0.00574985
952 0.978023 0.916297 0.00380032
953 0.978023 0.908583 0.00582007
954 0.978023 0.905522 0.00523713
955 0.978023 0.9066 0.00378612
956 0.978023 0.897656 0.00429473
957 0.978023 0.901532 0.0048553
958 0.978023 0.906524 0.00457244
959 0.978023 0.896046 0.00509071
960 0.978023 0.902103 0.00555729
961 0.978023 0.894163 0.00505683
962 0.978023 0.892973 0.00521189
963 0.978023 0.894838 0.00578245
964 0.978023 0.890827 0.00706906
965 0.978023 0.900651 0.00619126
966 0.978023 0.886486 0.00728553
967 0.978023 0.887147 0.00747034
968 0.978023 0.886916 0.00683504
969 0.978023 0.881565 0.00752447
970 0.978023 0.878854 0.00955914
971 0.978023 0.884778 0.00784399
972 0.978023 0.890104 0.00708904
973 0.978023 0.885091 0.00863067
974 0.978023 0.878423 0.00907519
975 0.978023 0.885908 0.00838695
976 0.978023 0.872556 0.00964048
977 0.978023 0.879514 0.00776882
978 0.978023 0.884373 0.00826677
979 0.978023 0.877012 0.00898635
980 0.978023 0.891432 0.00805119
981 0.978023 0.888094 0.00792662
982 0.978023 0.889823 0.00732062
983 0.978023 0.896328 0.00697409
984 0.978023 0.882719 0.00886654
985 0.978023 0.894867 0.00770038
986 0.978023 0.881717 0.010511
987 0.978023 0.885168 0.00896631
988 0.978023 0.881803 0.00868854
989 0.978023 0.892762 0.00771238
990 0.978023 0.88676 0.00939914
991 0.978023 0.884183 0.00846344
992 0.978023 0.895472 0.00663304
993 0.978023 0.893359 0.0076237
994 0.978023 0.895337 0.00533929
995 0.978023 0.899352 0.0058514
996 0.978023 0.893368 0.00789438
997 0.978023 0.885341 0.00676855
998 0.978023 0.883117 0.00696005
999 0.978023 0.882873 0.00780035
1000 0.978023 0.890213 0.00634984
