0 0.275686 0.249941 4.65843e-05
1 0.331146 0.250953 0.000189449
2 0.331146 0.253237 0.000287802
3 0.370688 0.258486 0.00053064
4 0.437191 0.261844 0.000931407
5 0.437191 0.263582 0.00124617
6 0.437191 0.264757 0.00143827
7 0.474879 0.277449 0.00290662
8 0.474879 0.275962 0.00375184
9 0.474879 0.277461 0.0042255
10 0.498906 0.283487 0.00512034
11 0.498906 0.295112 0.00719453
12 0.504053 0.299846 0.00874425
13 0.504053 0.308907 0.00997156
14 0.504053 0.302159 0.00847557
15 0.504053 0.298013 0.00836637
16 0.504053 0.307273 0.00867087
17 0.515784 0.308142 0.0114735
18 0.51984 0.317925 0.0105728
19 0.54276 0.316063 0.0111417
20 0.54276 0.315982 0.0106645
21 0.569729 0.319074 0.0119382
22 0.569729 0.310354 0.011894
23 0.569729 0.311433 0.0125588
24 0.569729 0.318162 0.0125691
25 0.569729 0.311147 0.0118329
26 0.569729 0.323356 0.0133547
27 0.578387 0.31515 0.0130455
28 0.578387 0.314276 0.0129044
29 0.592651 0.320617 0.0148029
30 0.592651 0.327301 0.0165719
31 0.592651 0.321797 0.0152691
32 0.592651 0.320279 0.0146757
33 0.592651 0.31934 0.0147784
34 0.592651 0.329866 0.0171347
35 0.65151 0.340279 0.0179125
36 0.65151 0.341863 0.020717
37 0.65151 0.344972 0.0191855
38 0.65151 0.354319 0.0221536
39 0.662647 0.350731 0.0222606
40 0.662647 0.368754 0.0234361
41 0.662647 0.374824 0.0266683
42 0.662647 0.395693 0.0262636
43 0.676187 0.401572 0.0276541
44 0.676187 0.420592 0.0257637
45 0.692879 0.441298 0.0264409
46 0.692879 0.449811 0.0287933
47 0.692879 0.447406 0.0306075
48 0.699371 0.474627 0.0268327
49 0.699371 0.482179 0.0278044
50 0.699371 0.48818 0.0257911
51 0.699371 0.490764 0.025242
52 0.746901 0.48476 0.0243782
53 0.746901 0.493919 0.0251005
54 0.746901 0.498134 0.0261171
55 0.746901 0.523561 0.0226848
56 0.768292 0.558502 0.0220255
57 0.768292 0.564333 0.0208134
58 0.768656 0.559575 0.0201389
59 0.768656 0.571324 0.0197663
60 0.768656 0.575321 0.0190361
61 0.768656 0.584795 0.0182655
62 0.768656 0.586679 0.0159091
63 0.768656 0.582864 0.0165266
64 0.775234 0.591321 0.0148343
65 0.778391 0.615701 0.0126263
66 0.779943 0.622579 0.0123187
67 0.779943 0.61861 0.0108623
68 0.78228 0.634731 0.0104312
69 0.78228 0.644997 0.0105439
70 0.801423 0.63702 0.0117223
71 0.801423 0.644578 0.0120668
72 0.806601 0.653506 0.0125534
73 0.806601 0.643722 0.0138536
74 0.806601 0.658678 0.0121574
75 0.806601 0.675507 0.0060902
76 0.825245 0.663054 0.00903676
77 0.825245 0.655362 0.00999586
78 0.825245 0.667356 0.00950152
79 0.825245 0.661732 0.00873894
80 0.825245 0.65677 0.0108422
81 0.825245 0.661954 0.0133715
82 0.825245 0.659458 0.0148862
83 0.825245 0.65144 0.0136007
84 0.825245 0.66851 0.0124031
85 0.825245 0.682966 0.0116085
86 0.825245 0.671692 0.0125294
87 0.825245 0.684758 0.0116026
88 0.825245 0.698098 0.0100132
89 0.826873 0.697835 0.0111649
90 0.826873 0.709815 0.0098838
91 0.82952 0.709968 0.00986203
92 0.82952 0.717713 0.00874414
93 0.836303 0.698563 0.0106923
94 0.836303 0.710367 0.0114103
95 0.836303 0.711263 0.00858018
96 0.836303 0.708894 0.00860009
97 0.836303 0.705331 0.00694259
98 0.836303 0.710258 0.00622062
99 0.836303 0.71827 0.00580541
100 0.85016 0.717778 0.00928088
101 0.85016 0.718466 0.00937973
102 0.85016 0.725928 0.00656397
103 0.85016 0.724605 0.00829484
104 0.85016 0.725677 0.009078
105 0.85016 0.730072 0.00669337
106 0.85016 0.735596 0.00633143
107 0.85166 0.739974 0.0087087
108 0.85166 0.732799 0.00994015
109 0.857697 0.737656 0.00895592
110 0.857697 0.73897 0.00769887
111 0.857697 0.729988 0.0076245
112 0.862952 0.730216 0.00893255
113 0.862952 0.73253 0.00902808
114 0.862952 0.735412 0.00915882
115 0.862952 0.736586 0.0102405
116 0.862952 0.736953 0.0111058
117 0.862952 0.721986 0.0129271
118 0.862952 0.72406 0.012467
119 0.864248 0.708567 0.0142443
120 0.870126 0.707817 0.0150943
121 0.870126 0.728551 0.0128887
122 0.870126 0.738591 0.00956022
123 0.870126 0.748402 0.00862513
124 0.870126 0.736422 0.0102466
125 0.870126 0.726995 0.0130948
126 0.871339 0.733683 0.014162
127 0.871339 0.726001 0.0124006
128 0.871339 0.725316 0.0146689
129 0.871339 0.713295 0.0136028
130 0.871339 0.707225 0.0151486
131 0.871339 0.722083 0.0128673
132 0.871339 0.714115 0.0119199
133 0.87341 0.719333 0.0139801
134 0.87341 0.741093 0.0121679
135 0.87341 0.739694 0.0091852
136 0.87341 0.755882 0.0104485
137 0.87341 0.73472 0.0152221
138 0.87341 0.741782 0.0114316
139 0.87341 0.749274 0.0110898
140 0.87341 0.750621 0.0145369
141 0.87341 0.752287 0.013077
142 0.874448 0.752399 0.0134887
143 0.876828 0.762032 0.0126818
144 0.876828 0.755734 0.0136656
145 0.876828 0.76126 0.0108204
146 0.877985 0.75148 0.012087
147 0.877985 0.746531 0.0110295
148 0.882249 0.729405 0.0176783
149 0.884741 0.737439 0.0168624
150 0.884741 0.717598 0.017822
151 0.884741 0.71764 0.0162729
152 0.884741 0.717589 0.0175976
153 0.884741 0.720567 0.0181513
154 0.884741 0.738524 0.0147225
155 0.884741 0.738648 0.0123818
156 0.884741 0.7365 0.0172592
157 0.885683 0.745408 0.0150723
158 0.885683 0.743047 0.0148079
159 0.885683 0.737785 0.0166994
160 0.885683 0.731066 0.017784
161 0.885683 0.726225 0.0169793
162 0.888168 0.725545 0.0174854
163 0.888168 0.734848 0.0148766
164 0.888168 0.747731 0.0151137
165 0.888168 0.733893 0.0134688
166 0.888168 0.744149 0.013628
167 0.888168 0.740791 0.0129553
168 0.888168 0.740849 0.0135254
169 0.888168 0.748204 0.0156715
170 0.888168 0.755334 0.0128745
171 0.888168 0.743783 0.0135888
172 0.888168 0.732884 0.0168886
173 0.888168 0.734674 0.0207723
174 0.888168 0.74062 0.020888
175 0.888168 0.752093 0.0173755
176 0.888168 0.760744 0.0149287
177 0.888195 0.790431 0.00808661
178 0.888195 0.776776 0.0126983
179 0.888195 0.769925 0.0125844
180 0.888195 0.767961 0.0136986
181 0.888195 0.771783 0.0150139
182 0.888195 0.770717 0.0138376
183 0.888195 0.777182 0.00992955
184 0.888195 0.769476 0.0120052
185 0.888195 0.764861 0.0122558
186 0.888485 0.75493 0.0114176
187 0.888485 0.755404 0.0126886
188 0.888485 0.776092 0.00939599
189 0.888485 0.761522 0.0127343
190 0.888485 0.77121 0.0115879
191 0.888485 0.766971 0.0143552
192 0.889354 0.772822 0.00853809
193 0.889952 0.780369 0.00879356
194 0.889952 0.778324 0.00993269
195 0.890931 0.76161 0.0159901
196 0.890931 0.751333 0.0156769
197 0.891083 0.765815 0.0126793
198 0.891083 0.769778 0.0135953
199 0.891083 0.793021 0.0092537
200 0.891083 0.768157 0.0114387
201 0.891083 0.775268 0.0107579
202 0.891083 0.791591 0.00851471
203 0.891083 0.787987 0.00870255
204 0.891823 0.791188 0.00904822
205 0.891823 0.772605 0.0128481
206 0.891823 0.778053 0.0120878
207 0.893034 0.766717 0.0132551
208 0.893034 0.776709 0.00938676
209 0.893034 0.772633 0.00954191
210 0.893034 0.767542 0.0113175
211 0.893034 0.771224 0.00852366
212 0.893034 0.760971 0.0124755
213 0.893034 0.771162 0.00964093
214 0.893034 0.775524 0.00933483
215 0.893034 0.769272 0.0097191
216 0.893034 0.763759 0.00873792
217 0.893034 0.770212 0.00953067
218 0.893034 0.778212 0.00857277
219 0.893034 0.773478 0.00868253
220 0.894983 0.781925 0.00957284
221 0.894983 0.773035 0.0109155
222 0.894983 0.765983 0.0150136
223 0.894983 0.778513 0.0101267
224 0.894983 0.771767 0.0105398
225 0.894983 0.781344 0.00971404
226 0.894983 0.774771 0.0111254
227 0.894983 0.773418 0.0106135
228 0.894983 0.766305 0.0108866
229 0.894983 0.760824 0.010862
230 0.894983 0.765095 0.0100246
231 0.894983 0.768566 0.00798584
232 0.894983 0.765351 0.0118527
233 0.894983 0.763402 0.0112129
234 0.894983 0.770018 0.0112121
235 0.894983 0.764163 0.0133716
236 0.89518 0.77582 0.0151842
237 0.89518 0.779944 0.0133027
238 0.89518 0.768205 0.0139144
239 0.89518 0.785857 0.012988
240 0.89518 0.786072 0.0127362
241 0.89518 0.766556 0.0155126
242 0.89518 0.782018 0.012422
243 0.896162 0.783355 0.011814
244 0.896162 0.780351 0.0127534
245 0.896162 0.773317 0.0126791
246 0.896162 0.770225 0.0132825
247 0.896162 0.779234 0.0110351
248 0.896162 0.770122 0.0142879
249 0.896162 0.77085 0.0130435
250 0.896162 0.769079 0.0128305
251 0.896162 0.776394 0.0107169
252 0.896162 0.783463 0.0101163
253 0.896162 0.773743 0.0121163
254 0.896162 0.769108 0.012747
255 0.896162 0.769166 0.010632
256 0.896162 0.775531 0.00993744
257 0.896162 0.76427 0.012786
258 0.896162 0.768937 0.0136115
259 0.896162 0.780871 0.010722
260 0.896162 0.769736 0.0132461
261 0.896674 0.772962 0.0121949
262 0.896674 0.770592 0.0121173
263 0.896674 0.773014 0.0123362
264 0.896674 0.762286 0.0148611
265 0.896674 0.767082 0.0127487
266 0.896674 0.772993 0.00970595
267 0.896674 0.777421 0.00935397
268 0.896674 0.777085 0.0103207
269 0.896674 0.78299 0.0118279
270 0.896674 0.79487 0.00845745
271 0.896674 0.779482 0.0107013
272 0.896674 0.783045 0.0100382
273 0.896674 0.794735 0.0093079
274 0.897879 0.780098 0.0109062
275 0.897879 0.764599 0.0145106
276 0.897879 0.764664 0.0171057
277 0.897879 0.759269 0.0154128
278 0.897879 0.758614 0.0146599
279 0.897879 0.754047 0.0173612
280 0.897879 0.762174 0.0158909
281 0.897879 0.757115 0.017368
282 0.897879 0.752755 0.0186805
283 0.897879 0.745617 0.0213514
284 0.897879 0.75847 0.0167233
285 0.897879 0.759385 0.0158118
286 0.897879 0.768981 0.0136698
287 0.89875 0.75564 0.01479
288 0.89875 0.767365 0.014442
289 0.89875 0.762367 0.0146614
290 0.89875 0.767883 0.0153416
291 0.89875 0.769628 0.0172242
292 0.89875 0.7734 0.0147705
293 0.89875 0.772342 0.0163274
294 0.89875 0.771676 0.0171634
295 0.89875 0.792804 0.0107359
296 0.89875 0.789575 0.0104177
297 0.89875 0.784673 0.0115333
298 0.89875 0.787199 0.0100268
299 0.89875 0.779717 0.0128516
300 0.89875 0.781065 0.0103034
301 0.898766 0.774704 0.0125202
302 0.898766 0.778394 0.0119844
303 0.898766 0.764056 0.0147914
304 0.898766 0.758659 0.0139872
305 0.898766 0.754499 0.0121904
306 0.898766 0.77059 0.0115999
307 0.898766 0.761092 0.013507
308 0.899482 0.768129 0.0114214
309 0.89956 0.770467 0.0116453
310 0.89956 0.792101 0.00810069
311 0.89956 0.783293 0.0103927
312 0.89956 0.793188 0.0092256
313 0.89956 0.796169 0.00940755
314 0.89956 0.786828 0.01116
315 0.89956 0.779472 0.0101773
316 0.899981 0.8008 0.00920111
317 0.899981 0.789873 0.0113929
318 0.899981 0.788874 0.0109887
319 0.899981 0.780527 0.017141
320 0.899981 0.776341 0.0193806
321 0.899981 0.783992 0.018711
322 0.899981 0.771352 0.02222
323 0.899981 0.779174 0.016162
324 0.899981 0.794143 0.0108068
325 0.899981 0.776683 0.0114156
326 0.899981 0.782868 0.0134739
327 0.899981 0.794746 0.00968956
328 0.899981 0.798779 0.0105381
329 0.899981 0.788013 0.00949093
330 0.899981 0.779119 0.0117065
331 0.899981 0.786354 0.010065
332 0.899981 0.784163 0.0117049
333 0.899981 0.788384 0.00936646
334 0.899981 0.784489 0.0104716
335 0.899981 0.790188 0.00801239
336 0.899981 0.784969 0.0111436
337 0.899981 0.784246 0.0133741
338 0.899981 0.789188 0.0101583
339 0.899981 0.781834 0.0102616
340 0.899981 0.790309 0.0118159
341 0.899981 0.781804 0.0118868
342 0.899981 0.771121 0.0120225
343 0.899981 0.770338 0.0138164
344 0.899981 0.773584 0.0145787
345 0.899981 0.777032 0.0171988
346 0.899981 0.767523 0.0191086
347 0.899981 0.756141 0.0208037
348 0.899981 0.76328 0.0202919
349 0.899981 0.771543 0.0130159
350 0.899981 0.781386 0.0132178
351 0.899981 0.792088 0.00971533
352 0.899981 0.79525 0.0102582
353 0.899981 0.790438 0.0107279
354 0.899981 0.786156 0.0109561
355 0.899981 0.768094 0.011897
356 0.899981 0.76024 0.0112123
357 0.899981 0.752258 0.0137865
358 0.899981 0.750926 0.0160667
359 0.899981 0.758163 0.0175216
360 0.899981 0.759232 0.0144577
361 0.899981 0.76512 0.0110537
362 0.899981 0.757498 0.0161645
363 0.899981 0.771836 0.0129009
364 0.899981 0.768219 0.00966048
365 0.899981 0.769612 0.0124745
366 0.899981 0.775271 0.012988
367 0.899981 0.779042 0.0118892
368 0.899981 0.776598 0.01269
369 0.899981 0.773784 0.0142335
370 0.899981 0.774114 0.0163598
371 0.899981 0.776767 0.012595
372 0.899981 0.785167 0.0113051
373 0.899981 0.794722 0.00965282
374 0.899981 0.786149 0.0105292
375 0.899981 0.786645 0.0112113
376 0.899981 0.788987 0.00906677
377 0.899981 0.798943 0.00913134
378 0.899981 0.797692 0.00795199
379 0.899999 0.790096 0.00886012
380 0.899999 0.792191 0.0128711
381 0.899999 0.771698 0.0144459
382 0.899999 0.778419 0.0119104
383 0.899999 0.785997 0.0106113
384 0.899999 0.784586 0.0134218
385 0.899999 0.794712 0.0112047
386 0.899999 0.772606 0.0151739
387 0.899999 0.791474 0.00965374
388 0.899999 0.790085 0.0105561
389 0.900094 0.793804 0.0092902
390 0.900094 0.788173 0.00943897
391 0.900094 0.790444 0.00833423
392 0.900094 0.803864 0.00677529
393 0.900094 0.783619 0.0107243
394 0.900094 0.786489 0.0123096
395 0.900094 0.793359 0.00912527
396 0.900094 0.795268 0.0107897
397 0.900094 0.780052 0.0113164
398 0.900094 0.774407 0.0128503
399 0.900094 0.774367 0.0114971
400 0.900094 0.764807 0.0145037
401 0.900094 0.768689 0.014481
402 0.900094 0.780137 0.0138822
403 0.900094 0.797285 0.011464
404 0.900094 0.791963 0.00940009
405 0.900094 0.781418 0.00958458
406 0.900094 0.779898 0.00999233
407 0.900094 0.775261 0.0107993
408 0.900094 0.776714 0.0119265
409 0.900094 0.766105 0.0172556
410 0.900094 0.764584 0.0162045
411 0.900094 0.767736 0.017838
412 0.900094 0.76176 0.0188505
413 0.900094 0.769021 0.0163115
414 0.900094 0.764711 0.0143904
415 0.900094 0.766999 0.014805
416 0.900094 0.770659 0.0136194
417 0.900094 0.771322 0.0163188
418 0.900094 0.763164 0.0141861
419 0.900094 0.767249 0.0131967
420 0.900094 0.774039 0.0103153
421 0.900094 0.771994 0.0134027
422 0.900094 0.767293 0.0160269
423 0.900094 0.782863 0.0116882
424 0.900094 0.793788 0.011821
425 0.900094 0.779626 0.0122194
426 0.900094 0.78576 0.0123243
427 0.900094 0.780182 0.0117742
428 0.900094 0.753937 0.0162231
429 0.900094 0.773523 0.0138459
430 0.900094 0.775446 0.012134
431 0.900094 0.765206 0.0146678
432 0.900331 0.780117 0.012461
433 0.900331 0.789446 0.0105623
434 0.900331 0.794804 0.00661538
435 0.900331 0.785252 0.0094944
436 0.900331 0.795053 0.00868803
437 0.900331 0.799428 0.00803467
438 0.900331 0.797518 0.0103354
439 0.900331 0.761983 0.0174676
440 0.900331 0.782023 0.0147298
441 0.900331 0.780582 0.0169047
442 0.901036 0.784868 0.0128794
443 0.901036 0.788819 0.0109058
444 0.901036 0.781347 0.0128457
445 0.901036 0.781849 0.0136908
446 0.901036 0.777702 0.012119
447 0.901036 0.766338 0.0133395
448 0.901036 0.779336 0.0123792
449 0.901036 0.783507 0.0120754
450 0.901036 0.797086 0.0112746
451 0.901036 0.793624 0.0106304
452 0.901036 0.774123 0.0131041
453 0.901036 0.774612 0.0129925
454 0.901036 0.777743 0.0142732
455 0.901036 0.770034 0.0132707
456 0.901036 0.782827 0.0105384
457 0.901036 0.772626 0.0138597
458 0.901036 0.762186 0.0140104
459 0.901036 0.763655 0.0139174
460 0.901036 0.774492 0.0128957
461 0.901036 0.764416 0.0129333
462 0.901036 0.764925 0.0149059
463 0.901036 0.780037 0.012363
464 0.901036 0.768633 0.0143392
465 0.901036 0.776524 0.0161353
466 0.901036 0.766185 0.0175539
467 0.901036 0.772592 0.0146428
468 0.901036 0.786425 0.0134059
469 0.901036 0.779555 0.0127504
470 0.901036 0.77133 0.0150681
471 0.901036 0.785343 0.0112716
472 0.901255 0.788584 0.00917486
473 0.901255 0.790128 0.0101338
474 0.901255 0.784905 0.010449
475 0.901255 0.815607 0.00704469
476 0.901255 0.807798 0.00892396
477 0.901255 0.802578 0.00900291
478 0.901255 0.791758 0.0101912
479 0.901255 0.785971 0.0096589
480 0.901255 0.787858 0.0105042
481 0.901255 0.780371 0.0102914
482 0.901255 0.781061 0.0108387
483 0.901255 0.788754 0.0118693
484 0.901255 0.782153 0.0114105
485 0.901255 0.785965 0.01153
486 0.901255 0.777484 0.0127709
487 0.901255 0.76851 0.016519
488 0.901255 0.77005 0.0144494
489 0.901255 0.769841 0.0139756
490 0.901255 0.783902 0.011958
491 0.901255 0.77524 0.0162383
492 0.901255 0.763821 0.0148115
493 0.901255 0.770465 0.0118121
494 0.901255 0.763537 0.011439
495 0.901255 0.762795 0.0157299
496 0.901255 0.769469 0.0108924
497 0.901255 0.765811 0.0126313
498 0.901255 0.754609 0.0190051
499 0.901255 0.768266 0.0107072
500 0.901255 0.782848 0.0079741
501 0.901255 0.758559 0.0117787
502 0.901255 0.760257 0.0120331
503 0.901353 0.778625 0.0111469
504 0.901379 0.768547 0.0133374
505 0.901379 0.765557 0.0138066
506 0.901379 0.760579 0.0159321
507 0.901379 0.774346 0.0137271
508 0.901379 0.776424 0.00980344
509 0.901379 0.772717 0.0132574
510 0.901379 0.764557 0.0135452
511 0.901379 0.762975 0.014794
512 0.904079 0.785909 0.0119382
513 0.904079 0.793328 0.012338
514 0.904079 0.785263 0.0108648
515 0.904079 0.775099 0.0132749
516 0.904079 0.797291 0.00988891
517 0.904079 0.791401 0.0110143
518 0.904079 0.777457 0.0120942
519 0.904079 0.781258 0.010665
520 0.904079 0.793882 0.00896558
521 0.904079 0.798249 0.00830984
522 0.904079 0.792211 0.00939158
523 0.90477 0.791354 0.011373
524 0.90477 0.794663 0.011245
525 0.90477 0.796652 0.00904161
526 0.90477 0.789836 0.0110122
527 0.90477 0.802606 0.00932382
528 0.90477 0.80862 0.00869199
529 0.90477 0.812314 0.0113291
530 0.90477 0.80934 0.00976726
531 0.90477 0.808395 0.0101689
532 0.90477 0.807589 0.00969155
533 0.90477 0.808473 0.00690885
534 0.90477 0.797324 0.0107531
535 0.90477 0.79173 0.0134905
536 0.90477 0.784714 0.0141418
537 0.90477 0.78754 0.0122356
538 0.90477 0.787092 0.0114775
539 0.90477 0.762762 0.0143781
540 0.90477 0.775536 0.0108969
541 0.90477 0.779507 0.00866244
542 0.90477 0.781383 0.0100307
543 0.90477 0.793137 0.0108005
544 0.90477 0.795398 0.00847985
545 0.90477 0.785111 0.00944805
546 0.90477 0.777668 0.00984577
547 0.90477 0.777117 0.0136934
548 0.90477 0.779525 0.0130355
549 0.90477 0.784598 0.0133866
550 0.90486 0.789951 0.0124715
551 0.90486 0.798959 0.0140166
552 0.90486 0.800696 0.0122618
553 0.906353 0.802145 0.0131195
554 0.906353 0.793573 0.0135342
555 0.906353 0.795316 0.0116232
556 0.906353 0.795128 0.0146058
557 0.906353 0.794779 0.0136243
558 0.906353 0.790576 0.0148131
559 0.906353 0.786816 0.0116141
560 0.906353 0.792183 0.00990513
561 0.907097 0.782457 0.0124498
562 0.907097 0.780686 0.0129531
563 0.907097 0.783069 0.0118975
564 0.907097 0.773692 0.0146674
565 0.907097 0.770302 0.0177811
566 0.907097 0.77521 0.0155064
567 0.907097 0.772225 0.0148412
568 0.907097 0.781337 0.0140694
569 0.907097 0.776289 0.0149707
570 0.907097 0.787842 0.0142105
571 0.907097 0.772585 0.0158174
572 0.907097 0.787946 0.0124164
573 0.908039 0.792164 0.0124055
574 0.908039 0.781135 0.0139132
575 0.908039 0.778388 0.0156644
576 0.908039 0.781878 0.0144256
577 0.908039 0.790131 0.0119223
578 0.909324 0.774364 0.0157654
579 0.909324 0.783676 0.0136858
580 0.909324 0.795275 0.0121046
581 0.909324 0.783313 0.0119825
582 0.909324 0.794581 0.0100891
583 0.909324 0.80181 0.00751592
584 0.909324 0.789362 0.00941639
585 0.909324 0.788952 0.0109428
586 0.909324 0.784888 0.00986203
587 0.909324 0.788759 0.0114187
588 0.909324 0.772296 0.0122054
589 0.909324 0.773878 0.0132832
590 0.909324 0.783155 0.0129666
591 0.909324 0.778314 0.0122381
592 0.909324 0.777431 0.0125251
593 0.909324 0.788232 0.0118168
594 0.909324 0.778707 0.0134763
595 0.909324 0.765753 0.0142566
596 0.909324 0.762681 0.0164791
597 0.909324 0.762024 0.0169117
598 0.909324 0.771445 0.0131648
599 0.909324 0.765929 0.0166241
600 0.909324 0.767522 0.0142982
601 0.910101 0.763092 0.0136673
602 0.910101 0.766872 0.0166398
603 0.910101 0.771153 0.0157896
604 0.910101 0.777726 0.0167809
605 0.910101 0.785999 0.0152256
606 0.910101 0.77102 0.0142917
607 0.910101 0.774618 0.0114111
608 0.910101 0.756935 0.0170935
609 0.910101 0.768528 0.0150371
610 0.910101 0.782169 0.0110549
611 0.910101 0.770325 0.0133993
612 0.910101 0.761418 0.0159527
613 0.910101 0.754773 0.018223
614 0.913342 0.773397 0.0175526
615 0.913342 0.761734 0.0202615
616 0.913342 0.765545 0.0183668
617 0.913342 0.772174 0.0145499
618 0.913342 0.774134 0.0152401
619 0.913342 0.768964 0.0140651
620 0.913342 0.786777 0.0105598
621 0.913342 0.775534 0.0139763
622 0.913342 0.782085 0.014321
623 0.913342 0.772131 0.0153952
624 0.913342 0.776885 0.0143806
625 0.913342 0.761587 0.0201579
626 0.913828 0.767413 0.0170806
627 0.913828 0.761252 0.0187834
628 0.913828 0.772554 0.0134685
629 0.913828 0.761057 0.0167067
630 0.914623 0.772209 0.0157412
631 0.914623 0.779706 0.0116625
632 0.914623 0.756368 0.0156068
633 0.914623 0.75184 0.0166088
634 0.914623 0.765654 0.0167936
635 0.919502 0.775301 0.0203011
636 0.919512 0.778786 0.0174642
637 0.919512 0.799536 0.011731
638 0.921435 0.793339 0.0109218
639 0.921435 0.79868 0.00884443
640 0.921435 0.78585 0.0121836
641 0.921435 0.793387 0.0131926
642 0.921435 0.788912 0.011618
643 0.921435 0.802363 0.00960634
644 0.921435 0.781021 0.0150133
645 0.921435 0.790203 0.0107515
646 0.921435 0.78124 0.0137223
647 0.921435 0.769749 0.0170061
648 0.921435 0.764664 0.0157547
649 0.921435 0.757016 0.0186904
650 0.921435 0.748977 0.0171386
651 0.921435 0.739815 0.0207264
652 0.925134 0.740112 0.0234385
653 0.925134 0.753342 0.0212126
654 0.925134 0.750068 0.0268151
655 0.925134 0.755513 0.0215162
656 0.925134 0.76605 0.0162681
657 0.925134 0.77438 0.0133888
658 0.925804 0.781049 0.0144497
659 0.925804 0.78243 0.0135494
660 0.925804 0.783038 0.0145174
661 0.925804 0.781238 0.0134555
662 0.925804 0.773329 0.0130122
663 0.925804 0.780945 0.0147818
664 0.925804 0.784577 0.0150143
665 0.925804 0.789031 0.0117131
666 0.925804 0.777419 0.0133531
667 0.926738 0.755863 0.01611
668 0.926738 0.748656 0.0177796
669 0.926738 0.752291 0.0184685
670 0.926738 0.761997 0.0171393
671 0.926738 0.762612 0.015865
672 0.926738 0.750692 0.0246833
673 0.926738 0.747888 0.0265818
674 0.926738 0.743375 0.0303419
675 0.926738 0.747582 0.0300367
676 0.926738 0.739401 0.0289829
677 0.926738 0.736047 0.02455
678 0.926738 0.741237 0.0278006
679 0.926916 0.755073 0.0238961
680 0.926916 0.749607 0.0232607
681 0.926916 0.772883 0.0198968
682 0.926916 0.757313 0.0227153
683 0.927814 0.754031 0.0220163
684 0.927814 0.754518 0.0201313
685 0.927814 0.771747 0.0180176
686 0.927814 0.749146 0.0202587
687 0.927814 0.745299 0.0233745
688 0.927814 0.747563 0.0193001
689 0.929175 0.746005 0.0186948
690 0.929175 0.735636 0.0204845
691 0.929175 0.74618 0.0197476
692 0.929175 0.762121 0.016924
693 0.929175 0.770219 0.0172705
694 0.929175 0.789146 0.0141804
695 0.929175 0.786208 0.0148089
696 0.929175 0.785383 0.0140525
697 0.929175 0.777532 0.0196459
698 0.929175 0.772441 0.0169093
699 0.929175 0.782701 0.0157168
700 0.929175 0.774787 0.016918
701 0.929175 0.758402 0.0176068
702 0.929175 0.770871 0.0200517
703 0.929175 0.75968 0.0204414
704 0.929175 0.775939 0.0182861
705 0.930833 0.762983 0.0161479
706 0.930833 0.772502 0.0165676
707 0.930833 0.777089 0.0141852
708 0.930833 0.782148 0.017634
709 0.930833 0.749272 0.0241022
710 0.930833 0.771954 0.0228888
711 0.93194 0.767949 0.0231733
712 0.93194 0.776064 0.0203563
713 0.93194 0.773646 0.0235881
714 0.93194 0.752323 0.0244437
715 0.93194 0.749164 0.0245746
716 0.93194 0.771672 0.02287
717 0.93194 0.788963 0.0209473
718 0.93194 0.784854 0.0240817
719 0.93194 0.778757 0.0247764
720 0.93194 0.778068 0.0229514
721 0.93194 0.804709 0.0158863
722 0.93194 0.794451 0.0204087
723 0.93194 0.775771 0.0198379
724 0.93194 0.793425 0.0168079
725 0.93194 0.776411 0.0166962
726 0.93194 0.76573 0.0201531
727 0.93194 0.767038 0.0207348
728 0.93194 0.756591 0.0215206
729 0.93194 0.75122 0.0221373
730 0.93194 0.766956 0.0195021
731 0.93194 0.756606 0.0243719
732 0.93194 0.762188 0.021741
733 0.93194 0.768696 0.0213039
734 0.93194 0.773064 0.0159477
735 0.932311 0.763447 0.0170222
736 0.932311 0.753853 0.0187995
737 0.932311 0.747818 0.0244196
738 0.932311 0.763168 0.019023
739 0.932311 0.775133 0.0191767
740 0.932311 0.781567 0.0164832
741 0.932994 0.751914 0.019556
742 0.932994 0.762434 0.0161118
743 0.932994 0.781459 0.0169854
744 0.932994 0.769478 0.0181934
745 0.932994 0.771086 0.0189952
746 0.932994 0.760748 0.0216799
747 0.932994 0.758539 0.0228776
748 0.932994 0.757652 0.0233385
749 0.932994 0.768249 0.0226245
750 0.932994 0.770665 0.0203542
751 0.932994 0.787951 0.0179937
752 0.932994 0.804359 0.0172994
753 0.932994 0.800601 0.0152477
754 0.932994 0.775502 0.0196964
755 0.933159 0.773246 0.0208241
756 0.933159 0.768952 0.0206199
757 0.933159 0.776832 0.0186606
758 0.933159 0.780255 0.0164928
759 0.933159 0.772221 0.0162956
760 0.933159 0.786675 0.0136162
761 0.933159 0.7841 0.015508
762 0.933159 0.785651 0.0192956
763 0.933159 0.78125 0.0162683
764 0.933159 0.796863 0.0150534
765 0.933159 0.787291 0.0145109
766 0.933159 0.776011 0.0204451
767 0.933159 0.773052 0.0159
768 0.933159 0.775794 0.0164987
769 0.933159 0.77266 0.0165977
770 0.933159 0.764107 0.0185175
771 0.933159 0.744184 0.0242283
772 0.933159 0.76454 0.0278099
773 0.933159 0.754284 0.0223984
774 0.933159 0.767719 0.0172946
775 0.933159 0.774685 0.0188605
776 0.933159 0.789013 0.0143427
777 0.933159 0.774695 0.0168857
778 0.933159 0.770769 0.0189645
779 0.933159 0.781737 0.0186496
780 0.933159 0.7693 0.0228027
781 0.933159 0.758504 0.0209688
782 0.933224 0.744364 0.0260196
783 0.933224 0.757924 0.0244645
784 0.933224 0.768456 0.0242105
785 0.933224 0.742263 0.0290825
786 0.933224 0.756899 0.0181002
787 0.933224 0.765501 0.0216727
788 0.933224 0.769501 0.017725
789 0.933224 0.764806 0.0188175
790 0.933224 0.786227 0.0188599
791 0.933224 0.775337 0.0213613
792 0.933224 0.767103 0.0189592
793 0.933224 0.772605 0.0206238
794 0.933224 0.761895 0.0240233
795 0.933224 0.763161 0.0205261
796 0.933224 0.747348 0.0234114
797 0.933224 0.745686 0.0225859
798 0.933224 0.775243 0.0187442
799 0.933224 0.755874 0.0218926
800 0.933224 0.74223 0.025167
801 0.933224 0.756391 0.0232649
802 0.933224 0.77773 0.0225441
803 0.933224 0.784576 0.021966
804 0.933224 0.797675 0.0177781
805 0.933224 0.767873 0.0213355
806 0.933224 0.752438 0.0206374
807 0.933224 0.75476 0.0197793
808 0.933224 0.756826 0.0208865
809 0.933224 0.777967 0.0155702
810 0.933224 0.772367 0.0170433
811 0.933224 0.776892 0.0153913
812 0.933224 0.773681 0.0173798
813 0.933224 0.774369 0.0155843
814 0.933224 0.774204 0.015357
815 0.933224 0.769853 0.018703
816 0.933224 0.785356 0.0201354
817 0.933224 0.786492 0.0191362
818 0.933252 0.766111 0.0213238
819 0.933252 0.779823 0.0183386
820 0.933252 0.782599 0.0141647
821 0.933252 0.768051 0.0180074
822 0.933252 0.753707 0.0182118
823 0.933252 0.750739 0.0187414
824 0.933252 0.761964 0.0166125
825 0.933252 0.760058 0.0186802
826 0.933252 0.738267 0.0200496
827 0.933977 0.733918 0.0264368
828 0.933977 0.74689 0.0231704
829 0.933977 0.761558 0.0220376
830 0.933977 0.767609 0.0198278
831 0.933977 0.745458 0.0215032
832 0.933977 0.75229 0.0198407
833 0.933977 0.754783 0.0247821
834 0.933977 0.771182 0.0226393
835 0.933977 0.773298 0.0187174
836 0.933977 0.760179 0.0191024
837 0.933977 0.75826 0.0224393
838 0.933977 0.760649 0.0239104
839 0.934049 0.774434 0.0186108
840 0.934049 0.755028 0.0233366
841 0.934233 0.760397 0.0179561
842 0.934233 0.757157 0.0210967
843 0.935147 0.752299 0.0226539
844 0.935147 0.765988 0.021676
845 0.935147 0.759385 0.0235902
846 0.935147 0.756418 0.0227053
847 0.935147 0.762629 0.0235504
848 0.935147 0.760109 0.0285346
849 0.935147 0.758381 0.0264032
850 0.935147 0.768219 0.0256292
851 0.935147 0.759909 0.0253157
852 0.93559 0.775381 0.0200146
853 0.93559 0.779396 0.0158477
854 0.93559 0.76842 0.020196
855 0.93559 0.771478 0.0236018
856 0.93559 0.789492 0.0190707
857 0.93559 0.770453 0.0215833
858 0.93559 0.772687 0.0179127
859 0.93559 0.781419 0.0192342
860 0.93559 0.766929 0.0231747
861 0.93559 0.759891 0.0260709
862 0.93559 0.782691 0.0199296
863 0.93559 0.778324 0.0189625
864 0.93559 0.778675 0.0189954
865 0.93559 0.786459 0.0175879
866 0.93559 0.780001 0.0174426
867 0.93559 0.769813 0.0182446
868 0.936278 0.769735 0.0187789
869 0.936278 0.767733 0.0187307
870 0.936278 0.7693 0.0186764
871 0.936278 0.794789 0.0132597
872 0.936278 0.787192 0.012821
873 0.936278 0.794959 0.0126245
874 0.936278 0.794451 0.0138852
875 0.936278 0.800474 0.0135208
876 0.936278 0.773383 0.0203693
877 0.936278 0.791928 0.0177986
878 0.936278 0.77746 0.0184059
879 0.936278 0.781615 0.0174216
880 0.936278 0.768819 0.0183807
881 0.936278 0.775372 0.0185542
882 0.936278 0.769809 0.0187378
883 0.937556 0.793324 0.0182458
884 0.937556 0.780583 0.0203114
885 0.937556 0.794982 0.0168892
886 0.937556 0.76229 0.0234641
887 0.937556 0.789539 0.0188477
888 0.937556 0.786078 0.0180395
889 0.937556 0.767657 0.0186565
890 0.937556 0.754128 0.0221988
891 0.937556 0.747483 0.0227154
892 0.937556 0.752188 0.0249559
893 0.937556 0.766921 0.0198948
894 0.937556 0.786898 0.0185829
895 0.937556 0.772437 0.0222832
896 0.937556 0.760385 0.0242696
897 0.937556 0.752561 0.0268889
898 0.937556 0.761998 0.0252942
899 0.937556 0.774312 0.020054
900 0.937556 0.757854 0.0239617
901 0.937556 0.758406 0.0207842
902 0.937712 0.744424 0.0273628
903 0.937712 0.753655 0.0223008
904 0.937712 0.758333 0.0221026
905 0.937712 0.766067 0.0179373
906 0.937712 0.755193 0.0206638
907 0.937712 0.746783 0.0236188
908 0.937712 0.766636 0.0205953
909 0.937712 0.76623 0.0164176
910 0.937712 0.767794 0.0181742
911 0.937712 0.759847 0.0204917
912 0.937712 0.755074 0.0209622
913 0.937712 0.782667 0.0183818
914 0.937712 0.79024 0.0183236
915 0.937712 0.770586 0.0182479
916 0.937712 0.76167 0.0189148
917 0.937724 0.759893 0.0218523
918 0.937724 0.758663 0.0228731
919 0.938501 0.769859 0.0216438
920 0.939129 0.760672 0.0247109
921 0.939129 0.762719 0.0260834
922 0.939129 0.759159 0.0240815
923 0.939129 0.760787 0.0240996
924 0.939129 0.776209 0.023376
925 0.939129 0.771883 0.0201693
926 0.939129 0.782178 0.0146788
927 0.939129 0.792529 0.0138796
928 0.939129 0.793832 0.0160394
929 0.939129 0.794748 0.0166128
930 0.939129 0.798601 0.0149505
931 0.939129 0.799436 0.0147446
932 0.939129 0.800999 0.0132957
933 0.939129 0.798072 0.015162
934 0.939129 0.792937 0.0159633
935 0.939129 0.776112 0.0207597
936 0.939129 0.7754 0.0183605
937 0.939129 0.762331 0.024222
938 0.939129 0.768615 0.0222716
939 0.93915 0.763088 0.0194915
940 0.93915 0.760133 0.0235727
941 0.93915 0.760095 0.0240638
942 0.93915 0.746683 0.0242619
943 0.93915 0.762551 0.0221766
944 0.93915 0.761002 0.0217645
945 0.939179 0.764482 0.0232504
946 0.939541 0.752803 0.0210536
947 0.939541 0.766407 0.0170952
948 0.939541 0.758963 0.019937
949 0.939541 0.785706 0.0149984
950 0.939541 0.782382 0.0167122
951 0.939541 0.76373 0.0195509
952 0.939541 0.775492 0.0217886
953 0.939703 0.785863 0.0172292
954 0.939703 0.78052 0.0136271
955 0.939703 0.796671 0.0132108
956 0.939703 0.794659 0.0166691
957 0.939703 0.783528 0.0188589
958 0.939703 0.776309 0.0172268
959 0.939703 0.790865 0.0139219
960 0.939703 0.785976 0.0202973
961 0.939703 0.785261 0.0214571
962 0.939703 0.778895 0.0176406
963 0.939703 0.777184 0.0185806
964 0.939703 0.780218 0.0165058
965 0.939703 0.771484 0.0188566
966 0.939703 0.745618 0.023014
967 0.939845 0.723182 0.030513
968 0.939845 0.747119 0.0272312
969 0.939845 0.751838 0.026851
970 0.939845 0.744751 0.0262943
971 0.939845 0.732438 0.0255173
972 0.939845 0.744999 0.0259895
973 0.939845 0.745868 0.0289759
974 0.939845 0.762951 0.0261015
975 0.940017 0.784138 0.0235389
976 0.940017 0.78159 0.0203887
977 0.940017 0.781369 0.0210061
978 0.940017 0.75552 0.0255476
979 0.940017 0.766658 0.0221346
980 0.940017 0.780679 0.0165846
981 0.940017 0.789457 0.01517
982 0.940017 0.815444 0.0124371
983 0.940017 0.787793 0.0134033
984 0.940017 0.785735 0.0125014
985 0.940017 0.773616 0.0146258
986 0.940017 0.791129 0.0139315
987 0.940017 0.791984 0.0150949
988 0.940017 0.792893 0.0168974
989 0.940017 0.768044 0.0168727
990 0.94014 0.753763 0.0212115
991 0.94014 0.761447 0.0194987
992 0.94014 0.755779 0.0188891
993 0.94014 0.746441 0.0199156
994 0.94014 0.765149 0.0194639
995 0.94014 0.784399 0.0178788
996 0.94014 0.777098 0.019131
997 0.94014 0.784434 0.0217812
998 0.94014 0.772634 0.0209693
999 0.94014 0.778225 0.0210521
1000 0.94014 0.772741 0.0249401
