0 0.485587 0.251986 0.000818657
1 0.485587 0.255544 0.00142302
2 0.485587 0.264168 0.00235711
3 0.485587 0.267346 0.00308115
4 0.502617 0.280211 0.00561693
5 0.53718 0.300668 0.00944025
6 0.554255 0.304882 0.0104055
7 0.554255 0.310718 0.0114448
8 0.554255 0.309932 0.0114462
9 0.554255 0.298087 0.009666
10 0.554255 0.309578 0.0117665
11 0.554255 0.327608 0.0143369
12 0.579083 0.327515 0.0149443
13 0.582339 0.329677 0.0171143
14 0.59533 0.338587 0.0161108
15 0.62974 0.340082 0.0189505
16 0.62974 0.363675 0.0218262
17 0.656289 0.375179 0.0238431
18 0.656289 0.396726 0.0244422
19 0.656289 0.413653 0.0258092
20 0.656289 0.39858 0.0251165
21 0.656289 0.421003 0.0261798
22 0.657836 0.422259 0.0249107
23 0.657836 0.410935 0.0254716
24 0.657836 0.421232 0.0274665
25 0.660639 0.435117 0.0256104
26 0.66559 0.443883 0.0243699
27 0.66559 0.463918 0.0268739
28 0.66559 0.479752 0.0216592
29 0.675161 0.49531 0.0179786
30 0.675161 0.493372 0.0188945
31 0.675161 0.492505 0.0222298
32 0.675161 0.501913 0.020262
33 0.675648 0.509632 0.0178157
34 0.675648 0.506577 0.0197689
35 0.675648 0.513088 0.0193199
36 0.679529 0.511647 0.0243975
37 0.679529 0.516462 0.020026
38 0.679529 0.520108 0.0208476
39 0.692161 0.494208 0.0247732
40 0.714722 0.497321 0.0285952
41 0.730728 0.490695 0.0285692
42 0.734311 0.460922 0.0284532
43 0.734311 0.490487 0.0296362
44 0.752192 0.496645 0.0313647
45 0.752192 0.494897 0.0311873
46 0.752192 0.492723 0.0341943
47 0.752192 0.483533 0.0349696
48 0.752192 0.475851 0.0366354
49 0.757056 0.471714 0.0347867
50 0.757056 0.489627 0.0320967
51 0.757056 0.500391 0.0344771
52 0.757056 0.52707 0.0355617
53 0.757056 0.514054 0.0341106
54 0.757056 0.5171 0.0334449
55 0.757056 0.502781 0.0336594
56 0.757056 0.49534 0.0308728
57 0.758818 0.476139 0.0326201
58 0.758818 0.494679 0.0331103
59 0.758818 0.492229 0.0337826
60 0.758818 0.50505 0.0308206
61 0.758818 0.49563 0.0353155
62 0.758818 0.501269 0.0323082
63 0.758818 0.52271 0.0305322
64 0.758818 0.540639 0.0339152
65 0.758818 0.534737 0.0324326
66 0.758818 0.518401 0.0323074
67 0.767638 0.516424 0.0327899
68 0.767638 0.535233 0.0340899
69 0.767638 0.507731 0.0349983
70 0.767638 0.510899 0.0347187
71 0.767638 0.488326 0.030751
72 0.767638 0.531511 0.0299634
73 0.767638 0.511759 0.0316005
74 0.774422 0.537035 0.0317544
75 0.774422 0.516259 0.0306542
76 0.774592 0.545642 0.031491
77 0.778547 0.522933 0.0340168
78 0.778547 0.551343 0.0331956
79 0.790851 0.562275 0.0326629
80 0.790851 0.548694 0.0356014
81 0.790851 0.543991 0.033197
82 0.790851 0.547543 0.0334299
83 0.790851 0.582666 0.0221315
84 0.799366 0.584387 0.0247476
85 0.799366 0.613863 0.0222346
86 0.799366 0.60679 0.0202594
87 0.80709 0.589679 0.0257789
88 0.80709 0.594628 0.0234291
89 0.80709 0.581886 0.0263976
90 0.80709 0.566636 0.029165
91 0.80709 0.561226 0.0287373
92 0.80709 0.559777 0.0300594
93 0.809116 0.567392 0.0323317
94 0.809116 0.568057 0.0276084
95 0.809116 0.579072 0.0311078
96 0.809116 0.568646 0.0310221
97 0.810697 0.581115 0.0287758
98 0.810697 0.584369 0.0260999
99 0.817035 0.579774 0.0323637
100 0.817035 0.577077 0.0317407
101 0.817035 0.597789 0.0356558
102 0.817035 0.586426 0.0320029
103 0.817035 0.584882 0.0356288
104 0.817035 0.589541 0.035409
105 0.817035 0.56512 0.0332924
106 0.817035 0.581659 0.030335
107 0.817035 0.61444 0.0281385
108 0.817035 0.605904 0.0294217
109 0.817035 0.634608 0.0267938
110 0.818416 0.630555 0.0290421
111 0.818416 0.632413 0.0255073
112 0.818416 0.612001 0.0270253
113 0.818416 0.615587 0.0249575
114 0.818416 0.614828 0.0259346
115 0.819843 0.6161 0.0271488
116 0.819843 0.614201 0.0284379
117 0.819843 0.626505 0.0255349
118 0.819843 0.625819 0.0235872
119 0.819843 0.622557 0.0261898
120 0.819843 0.628413 0.024114
121 0.819843 0.632125 0.0272904
122 0.819843 0.640896 0.0272485
123 0.819843 0.628222 0.0320275
124 0.819843 0.616056 0.0274489
125 0.819843 0.617323 0.0275193
126 0.819843 0.619258 0.0325132
127 0.819843 0.640692 0.0285558
128 0.819843 0.630249 0.0288287
129 0.819843 0.631274 0.0288558
130 0.823549 0.619321 0.0313333
131 0.823549 0.624437 0.0255782
132 0.823549 0.616261 0.0296774
133 0.823549 0.612103 0.0272341
134 0.823549 0.640077 0.0225727
135 0.823549 0.645557 0.0238384
136 0.823549 0.640335 0.0234644
137 0.823549 0.628031 0.0273508
138 0.823549 0.595941 0.0312365
139 0.823549 0.603415 0.0319472
140 0.823549 0.574796 0.0339638
141 0.823549 0.614351 0.0303658
142 0.823549 0.617464 0.0302936
143 0.823549 0.600719 0.0287376
144 0.823549 0.588965 0.0311288
145 0.823549 0.617811 0.0222484
146 0.823549 0.611424 0.0247215
147 0.823549 0.615288 0.0286869
148 0.823549 0.61372 0.028713
149 0.823549 0.605831 0.0242114
150 0.823549 0.598948 0.0229393
151 0.823549 0.588924 0.0287732
152 0.837352 0.614646 0.0302946
153 0.837352 0.617966 0.0260969
154 0.837352 0.612751 0.0271752
155 0.837352 0.592439 0.0271119
156 0.837352 0.604257 0.0302557
157 0.837352 0.628316 0.025022
158 0.837352 0.622941 0.0255968
159 0.837352 0.627465 0.0236994
160 0.837352 0.592219 0.0286706
161 0.837352 0.591304 0.0273111
162 0.837352 0.616406 0.0233457
163 0.837352 0.619119 0.0263258
164 0.837352 0.613406 0.0259051
165 0.837352 0.597436 0.0306563
166 0.837352 0.614686 0.0283377
167 0.837352 0.593508 0.0337578
168 0.837352 0.571961 0.0372907
169 0.837352 0.573833 0.0331218
170 0.837352 0.586526 0.0304297
171 0.837352 0.607861 0.0271603
172 0.837352 0.60025 0.0300545
173 0.837352 0.617194 0.0276779
174 0.837352 0.619088 0.0231992
175 0.837352 0.615178 0.0233861
176 0.837352 0.627165 0.0191949
177 0.837352 0.647892 0.0195809
178 0.837352 0.644296 0.0215787
179 0.837352 0.645024 0.0217933
180 0.837352 0.64005 0.0226978
181 0.837352 0.640254 0.0233481
182 0.837352 0.613342 0.0220141
183 0.837352 0.610661 0.0245857
184 0.837352 0.616345 0.0255422
185 0.837352 0.580659 0.0332409
186 0.837352 0.581665 0.0329886
187 0.837352 0.590194 0.0311319
188 0.837352 0.586668 0.0321872
189 0.837352 0.623523 0.0311803
190 0.837352 0.583805 0.0326462
191 0.837352 0.580859 0.0302116
192 0.837352 0.591893 0.0273226
193 0.837352 0.587907 0.0270556
194 0.837352 0.594291 0.0251245
195 0.837352 0.606325 0.0279406
196 0.837506 0.62477 0.0258445
197 0.837506 0.612352 0.028168
198 0.837523 0.610294 0.0255839
199 0.837523 0.617167 0.0261497
200 0.837523 0.626077 0.0256132
201 0.837523 0.636982 0.0236756
202 0.837523 0.622771 0.0222293
203 0.837523 0.630256 0.020096
204 0.837523 0.632951 0.02388
205 0.837523 0.644015 0.0238358
206 0.837523 0.617578 0.029579
207 0.837523 0.61307 0.030783
208 0.837523 0.614423 0.0292477
209 0.837523 0.620707 0.0252689
210 0.837523 0.635136 0.0217704
211 0.837523 0.629755 0.0231366
212 0.837523 0.635649 0.0229935
213 0.837523 0.618583 0.0247095
214 0.837523 0.603101 0.0250747
215 0.837523 0.602997 0.0261468
216 0.83762 0.605915 0.0298571
217 0.83762 0.593383 0.0313171
218 0.83762 0.57346 0.0333527
219 0.83762 0.597254 0.0320068
220 0.83762 0.604072 0.0296619
221 0.83762 0.613663 0.0253678
222 0.83762 0.622672 0.0258978
223 0.83762 0.627146 0.0248359
224 0.83762 0.625178 0.0244956
225 0.83762 0.613884 0.0268778
226 0.83762 0.609908 0.0272406
227 0.83762 0.628869 0.0221269
228 0.83762 0.642314 0.0183416
229 0.839748 0.643923 0.0210262
230 0.839748 0.622563 0.0220548
231 0.839748 0.627763 0.0240593
232 0.839748 0.613696 0.0298737
233 0.839748 0.609497 0.0322091
234 0.839748 0.624032 0.0304858
235 0.839748 0.626041 0.0294878
236 0.839748 0.642022 0.022544
237 0.839748 0.635472 0.0269557
238 0.839748 0.620517 0.030719
239 0.839748 0.61333 0.0271078
240 0.839748 0.610893 0.0273163
241 0.839748 0.592391 0.0290586
242 0.839748 0.598937 0.0305104
243 0.839748 0.624461 0.0282195
244 0.839748 0.638962 0.025961
245 0.839748 0.637069 0.0282097
246 0.839748 0.622066 0.0290382
247 0.839748 0.634399 0.0243362
248 0.839748 0.64066 0.0209658
249 0.839748 0.642999 0.0183777
250 0.839748 0.642927 0.0211298
251 0.839748 0.629282 0.0241276
252 0.839748 0.656372 0.02286
253 0.839748 0.650563 0.0210659
254 0.839748 0.655259 0.0184553
255 0.839748 0.643973 0.0234006
256 0.839748 0.631003 0.0270799
257 0.839748 0.619712 0.0324682
258 0.839748 0.629817 0.0293571
259 0.839748 0.638753 0.0247696
260 0.839748 0.641122 0.0226774
261 0.839748 0.644552 0.0211688
262 0.839748 0.641329 0.0267027
263 0.839748 0.641881 0.0229408
264 0.839748 0.657227 0.0185187
265 0.839748 0.64622 0.0234201
266 0.839748 0.65452 0.0214533
267 0.839748 0.648744 0.0199805
268 0.839748 0.639964 0.0219396
269 0.839748 0.657792 0.0197332
270 0.839748 0.655499 0.0200073
271 0.839748 0.640621 0.0209261
272 0.839748 0.648791 0.0230513
273 0.839748 0.637646 0.0240026
274 0.839748 0.63016 0.0248816
275 0.839748 0.626597 0.0290647
276 0.839748 0.632766 0.0295539
277 0.839748 0.628141 0.0299156
278 0.839748 0.635342 0.0260784
279 0.839748 0.635155 0.0272758
280 0.839748 0.616064 0.0257277
281 0.839748 0.630268 0.0263258
282 0.839748 0.622039 0.0307989
283 0.839748 0.641511 0.027166
284 0.839748 0.656422 0.0258187
285 0.839748 0.640563 0.0245409
286 0.839748 0.631487 0.0271168
287 0.839748 0.611896 0.0312313
288 0.839748 0.615001 0.0307992
289 0.839748 0.620952 0.0287528
290 0.839748 0.636026 0.0218397
291 0.839748 0.628566 0.0251321
292 0.839809 0.626309 0.025448
293 0.839809 0.6457 0.0213144
294 0.839809 0.641819 0.0214259
295 0.839809 0.635794 0.022207
296 0.840126 0.620998 0.0272539
297 0.840126 0.609594 0.0263369
298 0.840126 0.61128 0.0270739
299 0.840126 0.620058 0.0255336
300 0.840126 0.622899 0.0253853
301 0.840126 0.620184 0.0243132
302 0.840126 0.612114 0.0264866
303 0.840126 0.629198 0.024957
304 0.840126 0.632821 0.0260027
305 0.840126 0.629127 0.0252249
306 0.840126 0.628203 0.0301437
307 0.840126 0.618904 0.0310005
308 0.840126 0.618236 0.0295695
309 0.840126 0.594648 0.0341781
310 0.840126 0.60877 0.0331168
311 0.840126 0.611274 0.0307969
312 0.840126 0.628364 0.0273255
313 0.840126 0.628811 0.0272653
314 0.840554 0.63403 0.0277924
315 0.840554 0.647914 0.0208166
316 0.840554 0.64335 0.0243677
317 0.840554 0.64198 0.0249291
318 0.840554 0.63248 0.0252101
319 0.840554 0.617679 0.0267395
320 0.840554 0.614645 0.0233921
321 0.840554 0.627426 0.0249792
322 0.840554 0.640033 0.0261264
323 0.840554 0.635558 0.0272518
324 0.840554 0.625604 0.0258941
325 0.840554 0.617718 0.0277417
326 0.840554 0.598383 0.0296447
327 0.840554 0.596349 0.0325798
328 0.840554 0.609298 0.0310359
329 0.840554 0.636193 0.0266658
330 0.840554 0.633886 0.022746
331 0.840554 0.649 0.0236537
332 0.840554 0.630189 0.024524
333 0.840554 0.613158 0.0275475
334 0.840554 0.631814 0.0275135
335 0.840554 0.623899 0.0283007
336 0.840554 0.646213 0.0244006
337 0.840554 0.655593 0.0178278
338 0.840554 0.653411 0.0223738
339 0.840554 0.637054 0.021274
340 0.840554 0.625323 0.0238221
341 0.840554 0.638151 0.0241485
342 0.840554 0.631918 0.0242947
343 0.840554 0.61546 0.0231269
344 0.840554 0.642176 0.0256247
345 0.840554 0.66016 0.0237647
346 0.840554 0.651508 0.0205463
347 0.840554 0.649799 0.0216494
348 0.840554 0.620058 0.023455
349 0.840554 0.634075 0.0252461
350 0.840554 0.653986 0.0201885
351 0.840554 0.631546 0.0218167
352 0.840554 0.628631 0.0218703
353 0.840554 0.632836 0.0239395
354 0.840554 0.641216 0.0258714
355 0.840554 0.645259 0.0268326
356 0.840554 0.659387 0.0197566
357 0.840554 0.646377 0.0232114
358 0.840554 0.63843 0.0227218
359 0.840554 0.647565 0.0216183
360 0.840554 0.661151 0.0247573
361 0.840554 0.640051 0.0261487
362 0.840554 0.633232 0.0283708
363 0.840554 0.633027 0.0236115
364 0.840554 0.642631 0.025271
365 0.840554 0.637548 0.0267805
366 0.840554 0.63892 0.0293079
367 0.840554 0.6219 0.029523
368 0.840554 0.611194 0.0277495
369 0.840554 0.599911 0.031359
370 0.840554 0.604527 0.0283186
371 0.840554 0.64524 0.0186472
372 0.840554 0.629922 0.0212792
373 0.840554 0.617477 0.0283575
374 0.840554 0.627784 0.0267231
375 0.840554 0.61983 0.0258267
376 0.840554 0.611367 0.026335
377 0.840554 0.612401 0.0246031
378 0.840554 0.618067 0.0269641
379 0.840554 0.62278 0.0310324
380 0.840554 0.627169 0.0268407
381 0.840554 0.624677 0.0257505
382 0.840554 0.643569 0.0249543
383 0.840554 0.650847 0.0239822
384 0.840554 0.658514 0.0230709
385 0.840554 0.64181 0.0285532
386 0.840554 0.6368 0.0249111
387 0.840554 0.635355 0.0266397
388 0.840554 0.649178 0.0236464
389 0.840554 0.640667 0.024696
390 0.840554 0.629841 0.023855
391 0.840554 0.629205 0.0254285
392 0.840554 0.636945 0.024359
393 0.840554 0.63082 0.0276745
394 0.840554 0.6176 0.0318043
395 0.840554 0.627812 0.0284231
396 0.840554 0.601981 0.0297272
397 0.840554 0.617844 0.0230238
398 0.840554 0.619128 0.0257033
399 0.840554 0.6492 0.0228198
400 0.840554 0.6362 0.0224414
401 0.840554 0.641392 0.0218063
402 0.840554 0.637705 0.022645
403 0.840554 0.654679 0.0175842
404 0.840554 0.646876 0.0213603
405 0.840554 0.63603 0.0221242
406 0.840554 0.641268 0.0217358
407 0.840554 0.649105 0.0218805
408 0.840554 0.646862 0.0231804
409 0.840554 0.65738 0.0214399
410 0.840554 0.644545 0.0258336
411 0.840554 0.624437 0.0258291
412 0.840554 0.645952 0.0243848
413 0.840554 0.657465 0.0219869
414 0.840554 0.645064 0.0208053
415 0.840554 0.643487 0.0228807
416 0.840554 0.646024 0.0224827
417 0.840554 0.640667 0.0228432
418 0.840554 0.646021 0.0249541
419 0.840554 0.669297 0.0185556
420 0.840554 0.647391 0.0238862
421 0.840554 0.634686 0.0265467
422 0.840554 0.637095 0.0259
423 0.840554 0.616171 0.0273241
424 0.840554 0.606791 0.027782
425 0.840554 0.633579 0.028841
426 0.840554 0.627823 0.0289574
427 0.840554 0.605885 0.0310978
428 0.840554 0.621814 0.0299442
429 0.840554 0.605993 0.029376
430 0.840554 0.606655 0.0304573
431 0.840554 0.627877 0.026471
432 0.840554 0.614519 0.0298658
433 0.840554 0.630946 0.0297723
434 0.840554 0.619848 0.0252155
435 0.840554 0.598597 0.0309459
436 0.840554 0.598435 0.0313278
437 0.840554 0.623353 0.0293429
438 0.840554 0.628226 0.0280213
439 0.840554 0.627434 0.0262222
440 0.840554 0.641522 0.027388
441 0.840554 0.668382 0.0225018
442 0.840554 0.642278 0.0236734
443 0.840554 0.639355 0.0251554
444 0.840554 0.615606 0.0315653
445 0.840554 0.614062 0.0316381
446 0.840554 0.631805 0.0243937
447 0.840554 0.654313 0.0240605
448 0.840554 0.634039 0.0303713
449 0.840554 0.627069 0.0251606
450 0.840554 0.630551 0.0266432
451 0.840554 0.615101 0.030341
452 0.840554 0.613393 0.0310389
453 0.840554 0.61856 0.0317839
454 0.840554 0.616685 0.0295894
455 0.840554 0.612288 0.0327411
456 0.840554 0.608217 0.0301461
457 0.840554 0.602458 0.0321728
458 0.840554 0.577956 0.0385784
459 0.840554 0.594735 0.0398806
460 0.840554 0.599289 0.0335509
461 0.840554 0.610049 0.0306625
462 0.840554 0.612381 0.0339483
463 0.840554 0.612521 0.0307375
464 0.840554 0.619024 0.0282099
465 0.840554 0.627242 0.0271957
466 0.840554 0.618063 0.0273795
467 0.840554 0.632346 0.0268261
468 0.840554 0.624019 0.0241713
469 0.840554 0.616695 0.0262511
470 0.840554 0.595128 0.0276425
471 0.840554 0.620693 0.0298327
472 0.840554 0.639111 0.0284974
473 0.840554 0.627352 0.0249816
474 0.840554 0.605414 0.0289381
475 0.840554 0.626677 0.0304045
476 0.840554 0.604383 0.0294616
477 0.840554 0.589774 0.0326617
478 0.840554 0.610363 0.0258144
479 0.840554 0.597268 0.0257781
480 0.840554 0.615003 0.0255506
481 0.840554 0.631973 0.0275794
482 0.840554 0.647931 0.0241464
483 0.840554 0.629047 0.0231399
484 0.840554 0.625677 0.0237488
485 0.840554 0.615513 0.024167
486 0.840554 0.607003 0.0225421
487 0.840554 0.605603 0.0248816
488 0.840554 0.624049 0.027198
489 0.840554 0.615648 0.0270535
490 0.840554 0.616899 0.0305468
491 0.840554 0.630792 0.0254233
492 0.840554 0.625541 0.0259903
493 0.840554 0.626705 0.0240628
494 0.840554 0.633496 0.0267466
495 0.840554 0.612909 0.0244724
496 0.840554 0.624238 0.02462
497 0.840554 0.637281 0.0209072
498 0.840554 0.64928 0.0225601
499 0.840554 0.628632 0.0280444
500 0.840554 0.623244 0.0266032
501 0.840554 0.633398 0.0210182
502 0.840554 0.646254 0.0195515
503 0.840554 0.633159 0.0235454
504 0.840554 0.617185 0.0261305
505 0.840554 0.621355 0.0306853
506 0.840554 0.641177 0.0226218
507 0.840554 0.661698 0.0200503
508 0.840554 0.645935 0.0191252
509 0.840554 0.627098 0.0230882
510 0.840554 0.643352 0.0194594
511 0.840554 0.667611 0.0174724
512 0.840554 0.632545 0.0223656
513 0.840554 0.628963 0.0240248
514 0.840554 0.625504 0.0238046
515 0.840554 0.614274 0.0289851
516 0.840554 0.598362 0.0330218
517 0.840554 0.625076 0.0254763
518 0.840554 0.609693 0.0285045
519 0.840554 0.593925 0.0302287
520 0.840554 0.601318 0.0295486
521 0.840554 0.602192 0.0331463
522 0.840554 0.614437 0.0275233
523 0.840554 0.613306 0.0339299
524 0.840554 0.631375 0.0329087
525 0.840554 0.622148 0.0344753
526 0.840554 0.631649 0.0309364
527 0.840554 0.6184 0.0314513
528 0.840554 0.597498 0.0335753
529 0.840554 0.591529 0.0405904
530 0.840554 0.630536 0.0269242
531 0.840554 0.632737 0.0283189
532 0.840554 0.618862 0.0310179
533 0.840554 0.627637 0.0269703
534 0.840554 0.640881 0.0218568
535 0.840554 0.626115 0.0277201
536 0.840554 0.627508 0.028645
537 0.840554 0.613033 0.0283828
538 0.840554 0.633409 0.0258815
539 0.840554 0.645154 0.0250128
540 0.840554 0.619736 0.0282914
541 0.840554 0.635693 0.025667
542 0.840554 0.617037 0.0249146
543 0.840554 0.597028 0.0288
544 0.840554 0.611696 0.033238
545 0.840554 0.630744 0.0237893
546 0.840554 0.606192 0.0273322
547 0.840554 0.616861 0.0252156
548 0.840554 0.62468 0.0243646
549 0.840554 0.637755 0.0217752
550 0.840554 0.635928 0.0235971
551 0.840554 0.632657 0.0285891
552 0.840554 0.622603 0.0289177
553 0.840554 0.631343 0.0270436
554 0.840554 0.615807 0.026968
555 0.840554 0.615483 0.0285321
556 0.840554 0.610517 0.0318591
557 0.840554 0.622817 0.0284876
558 0.840554 0.633743 0.0263044
559 0.840554 0.643297 0.0286666
560 0.840554 0.6413 0.0273677
561 0.840554 0.632256 0.0281907
562 0.840554 0.608373 0.0270585
563 0.840554 0.615606 0.0310173
564 0.840554 0.620031 0.028647
565 0.840554 0.614331 0.0263478
566 0.840554 0.629278 0.0292908
567 0.840554 0.66766 0.0230866
568 0.840554 0.659118 0.0217495
569 0.840554 0.634992 0.0250241
570 0.840554 0.63291 0.02645
571 0.840554 0.604016 0.0310612
572 0.840554 0.577925 0.0341487
573 0.840554 0.599496 0.0364863
574 0.840554 0.631059 0.0285536
575 0.840554 0.595198 0.0321404
576 0.840554 0.589154 0.0351272
577 0.840554 0.612586 0.0341554
578 0.840554 0.623136 0.0270159
579 0.840554 0.637586 0.0293948
580 0.840554 0.635988 0.0260704
581 0.840554 0.636525 0.0218678
582 0.840554 0.640738 0.024823
583 0.840554 0.640434 0.0283345
584 0.840554 0.633222 0.0243569
585 0.840554 0.625435 0.0238326
586 0.840554 0.611263 0.0283852
587 0.840554 0.636324 0.0233907
588 0.840554 0.646309 0.0229141
589 0.840554 0.625869 0.0286733
590 0.840554 0.603375 0.0286265
591 0.840554 0.621761 0.026989
592 0.840554 0.605195 0.0294411
593 0.840554 0.633285 0.0263402
594 0.840554 0.648104 0.0243962
595 0.840554 0.635692 0.0239493
596 0.840554 0.638691 0.0236948
597 0.840554 0.627819 0.0224699
598 0.840554 0.631588 0.023835
599 0.840554 0.614185 0.035067
600 0.840554 0.606133 0.0315232
601 0.840554 0.602936 0.0290767
602 0.840554 0.635397 0.0271871
603 0.840554 0.637218 0.0260207
604 0.840554 0.63851 0.0283495
605 0.840554 0.628054 0.0278228
606 0.840554 0.639288 0.026316
607 0.840554 0.639392 0.0242045
608 0.840554 0.627724 0.0296468
609 0.840554 0.633403 0.029363
610 0.840554 0.63075 0.0282722
611 0.840554 0.651149 0.0235123
612 0.840554 0.640637 0.0232528
613 0.840554 0.625695 0.0231456
614 0.840554 0.638037 0.0217566
615 0.840554 0.637752 0.0206901
616 0.840554 0.644335 0.0212788
617 0.840554 0.648538 0.0250401
618 0.840554 0.626004 0.0285218
619 0.840554 0.641683 0.0247873
620 0.840554 0.616077 0.0260727
621 0.840554 0.646674 0.0219691
622 0.840554 0.633096 0.0220089
623 0.840554 0.633763 0.0190991
624 0.840554 0.641033 0.0198217
625 0.840554 0.629647 0.021918
626 0.840554 0.6384 0.0216883
627 0.840554 0.626738 0.0260547
628 0.840554 0.622101 0.0287988
629 0.840554 0.632728 0.027636
630 0.840554 0.609551 0.0294569
631 0.840554 0.622816 0.0285373
632 0.840554 0.620284 0.0288379
633 0.840554 0.625995 0.0297307
634 0.840554 0.641066 0.0262247
635 0.840554 0.642831 0.0254161
636 0.840554 0.628306 0.0271557
637 0.840554 0.636483 0.0211298
638 0.840554 0.621254 0.0256834
639 0.840554 0.625737 0.0249864
640 0.840554 0.632032 0.0211162
641 0.840554 0.628455 0.0255223
642 0.840554 0.631338 0.027026
643 0.840554 0.638179 0.0257325
644 0.840554 0.619057 0.0269007
645 0.840554 0.640203 0.0245169
646 0.840554 0.637482 0.0280355
647 0.840554 0.622704 0.0252416
648 0.840554 0.611466 0.0266171
649 0.840554 0.636914 0.0278278
650 0.840554 0.626397 0.0296825
651 0.840554 0.631596 0.0277878
652 0.840554 0.631898 0.026107
653 0.840554 0.637751 0.0234485
654 0.840554 0.628659 0.0253131
655 0.840554 0.614945 0.0269108
656 0.840554 0.633093 0.0264318
657 0.840554 0.655536 0.0207535
658 0.840554 0.634345 0.0241706
659 0.840554 0.63318 0.0203421
660 0.840554 0.628059 0.0222423
661 0.840554 0.632267 0.0263683
662 0.840554 0.625758 0.0235883
663 0.840554 0.615426 0.0250941
664 0.840554 0.603126 0.0323136
665 0.840554 0.633872 0.0302411
666 0.840554 0.617766 0.0297453
667 0.840554 0.614605 0.0283814
668 0.840554 0.624265 0.0302451
669 0.840554 0.617834 0.0298241
670 0.840554 0.63956 0.026413
671 0.840554 0.664054 0.0211936
672 0.840554 0.6529 0.0211563
673 0.840554 0.644809 0.0205532
674 0.840554 0.633186 0.0209502
675 0.840554 0.640945 0.0235515
676 0.840554 0.621683 0.0278187
677 0.840554 0.625827 0.029904
678 0.840554 0.63002 0.0279145
679 0.840554 0.60961 0.0320076
680 0.840554 0.596695 0.0299572
681 0.840554 0.60577 0.0266086
682 0.840554 0.620086 0.0263877
683 0.840554 0.615106 0.0247258
684 0.840554 0.615244 0.0260893
685 0.840554 0.628169 0.0248405
686 0.840554 0.609202 0.0263118
687 0.840554 0.63146 0.027136
688 0.840554 0.630286 0.0269817
689 0.840554 0.637246 0.0260319
690 0.840554 0.625343 0.0229859
691 0.840554 0.653059 0.0212695
692 0.840554 0.656061 0.0181302
693 0.840554 0.666314 0.0185262
694 0.840554 0.644693 0.0225339
695 0.840554 0.640303 0.0206204
696 0.840554 0.637784 0.0203469
697 0.840554 0.645934 0.0215673
698 0.840554 0.644307 0.024173
699 0.840554 0.628682 0.0260527
700 0.840554 0.612572 0.0260167
701 0.840554 0.591761 0.0282201
702 0.840554 0.607678 0.0299986
703 0.840554 0.62895 0.0265351
704 0.840554 0.635688 0.0242972
705 0.840554 0.642413 0.0235374
706 0.840554 0.62995 0.02174
707 0.840554 0.63822 0.0219879
708 0.840554 0.620783 0.0278352
709 0.840554 0.628772 0.0268756
710 0.840554 0.625011 0.0221001
711 0.840554 0.637315 0.0248486
712 0.840554 0.628116 0.0277801
713 0.840554 0.638097 0.0290685
714 0.840554 0.618862 0.0250633
715 0.840554 0.622955 0.0238634
716 0.840554 0.629509 0.0286717
717 0.840554 0.649265 0.0257489
718 0.840554 0.631072 0.0284744
719 0.840554 0.621583 0.0225529
720 0.840554 0.620713 0.0245733
721 0.840554 0.634575 0.0231368
722 0.840554 0.626033 0.0240093
723 0.840554 0.640569 0.0208335
724 0.840554 0.635627 0.0209128
725 0.840554 0.637658 0.0195292
726 0.840554 0.64992 0.0214022
727 0.840554 0.626789 0.0252049
728 0.840554 0.633493 0.0260973
729 0.840554 0.626508 0.0262496
730 0.840554 0.622507 0.0261929
731 0.840554 0.617548 0.0278202
732 0.840554 0.600936 0.0293161
733 0.840554 0.607855 0.0323559
734 0.840554 0.619741 0.0293655
735 0.840554 0.614709 0.0300805
736 0.840554 0.622353 0.030581
737 0.840554 0.632677 0.0293421
738 0.840554 0.615796 0.0309885
739 0.840554 0.627472 0.0244951
740 0.840554 0.645265 0.0239522
741 0.840554 0.632907 0.0268866
742 0.840554 0.660632 0.02211
743 0.840554 0.661077 0.0213367
744 0.840554 0.636144 0.0278026
745 0.840554 0.635655 0.025312
746 0.840554 0.638488 0.0259126
747 0.840554 0.633743 0.0244
748 0.840554 0.632072 0.0243379
749 0.840554 0.649313 0.0217651
750 0.840554 0.631693 0.0258206
751 0.840554 0.637085 0.0266945
752 0.840554 0.646596 0.0227252
753 0.840554 0.660761 0.0285612
754 0.840554 0.646031 0.026159
755 0.840554 0.637382 0.0241661
756 0.840554 0.631399 0.0248459
757 0.840554 0.652452 0.0237653
758 0.840554 0.613153 0.0273234
759 0.840554 0.64167 0.0238601
760 0.840554 0.627554 0.0248792
761 0.840554 0.630005 0.0242351
762 0.840554 0.628257 0.026017
763 0.840554 0.615194 0.0272179
764 0.840554 0.616735 0.0306427
765 0.840554 0.609105 0.0319605
766 0.840554 0.612701 0.0267415
767 0.840554 0.64549 0.0236016
768 0.840554 0.652559 0.0198807
769 0.840554 0.647565 0.0183604
770 0.840554 0.646957 0.0201002
771 0.840554 0.618753 0.0246146
772 0.840554 0.604558 0.0276942
773 0.840554 0.597099 0.0267214
774 0.840554 0.610467 0.0269447
775 0.840554 0.60557 0.0261946
776 0.840554 0.628927 0.0231492
777 0.840554 0.623485 0.0279405
778 0.840554 0.642975 0.0207129
779 0.840554 0.653802 0.020579
780 0.840554 0.651363 0.0232884
781 0.840554 0.690953 0.018703
782 0.840554 0.664283 0.0208738
783 0.840554 0.643261 0.0254113
784 0.840554 0.64511 0.0291269
785 0.840554 0.609906 0.0301058
786 0.840554 0.60987 0.0255467
787 0.840554 0.604521 0.0284397
788 0.840554 0.601854 0.0317006
789 0.840554 0.59721 0.0326373
790 0.840554 0.610855 0.0294849
791 0.840554 0.619462 0.0278217
792 0.840554 0.626221 0.0234509
793 0.840554 0.647866 0.0231344
794 0.840554 0.643661 0.0217927
795 0.840554 0.649036 0.022931
796 0.840554 0.648339 0.0263349
797 0.840554 0.623162 0.0251883
798 0.840554 0.622604 0.0284765
799 0.840554 0.642827 0.0283592
800 0.840554 0.636908 0.0261965
801 0.840554 0.627641 0.0274044
802 0.840554 0.622991 0.0322144
803 0.840554 0.632617 0.0286267
804 0.840554 0.626081 0.0285251
805 0.840554 0.648448 0.0253025
806 0.840554 0.643174 0.0253738
807 0.840554 0.643395 0.0254781
808 0.840554 0.644598 0.0249307
809 0.840554 0.639233 0.0242202
810 0.840554 0.644889 0.0238969
811 0.840554 0.644039 0.0212583
812 0.840554 0.635857 0.0243799
813 0.840554 0.644065 0.0227384
814 0.840554 0.640956 0.0228127
815 0.840554 0.634531 0.0304068
816 0.840554 0.622774 0.0349432
817 0.840554 0.616924 0.035066
818 0.840554 0.609234 0.0402813
819 0.840554 0.61379 0.0366958
820 0.840554 0.624152 0.0321121
821 0.840554 0.615375 0.0357862
822 0.840554 0.613896 0.0357654
823 0.840554 0.627197 0.0293463
824 0.840554 0.642781 0.0290255
825 0.840554 0.648497 0.0294338
826 0.840554 0.656116 0.0204064
827 0.840554 0.643496 0.0273731
828 0.840554 0.623884 0.0303717
829 0.840554 0.61018 0.0336297
830 0.840554 0.61736 0.0340618
831 0.840554 0.606625 0.035818
832 0.840554 0.645197 0.025945
833 0.840554 0.620981 0.0267788
834 0.840554 0.615237 0.0297038
835 0.840554 0.626083 0.0315666
836 0.840554 0.629255 0.0300241
837 0.840554 0.629269 0.0229072
838 0.840554 0.626455 0.0272015
839 0.840554 0.647325 0.0239496
840 0.840554 0.623844 0.0266107
841 0.840554 0.640658 0.0236077
842 0.840554 0.632828 0.0260582
843 0.840554 0.60581 0.0293495
844 0.84075 0.611731 0.0316458
845 0.84075 0.607026 0.0358761
846 0.84075 0.606625 0.0324261
847 0.84075 0.605599 0.0337772
848 0.84075 0.608296 0.0304568
849 0.84075 0.612142 0.0305664
850 0.84075 0.609349 0.0257127
851 0.84075 0.605382 0.0267166
852 0.84075 0.624425 0.0287858
853 0.84075 0.630293 0.0223691
854 0.84075 0.612869 0.0280896
855 0.84075 0.625754 0.0280063
856 0.84075 0.629308 0.026318
857 0.84075 0.646016 0.0259385
858 0.84075 0.643443 0.0259804
859 0.84075 0.647578 0.0268961
860 0.84075 0.64347 0.0234812
861 0.841538 0.648453 0.0220353
862 0.841538 0.644129 0.0227059
863 0.841538 0.634011 0.0261379
864 0.841538 0.640034 0.024374
865 0.841538 0.628367 0.0307005
866 0.841538 0.63559 0.0307863
867 0.841538 0.647172 0.0226405
868 0.841538 0.654506 0.0248931
869 0.841538 0.665477 0.0201922
870 0.841538 0.646145 0.0220946
871 0.841538 0.622831 0.0252306
872 0.841538 0.625742 0.029519
873 0.841538 0.626805 0.0246608
874 0.841538 0.618976 0.0278081
875 0.841538 0.617578 0.0241246
876 0.841538 0.612891 0.0249265
877 0.841538 0.633177 0.0238905
878 0.841538 0.627928 0.021191
879 0.841538 0.625024 0.0298108
880 0.841538 0.633983 0.028335
881 0.841538 0.634292 0.0288202
882 0.841538 0.623555 0.0255089
883 0.841538 0.625026 0.0273714
884 0.841538 0.635987 0.0245801
885 0.841538 0.618944 0.0300316
886 0.841538 0.601975 0.0287177
887 0.841538 0.614351 0.0309816
888 0.841538 0.595349 0.0310211
889 0.841538 0.587723 0.0339471
890 0.841538 0.589538 0.030485
891 0.841538 0.590019 0.0304218
892 0.841538 0.592052 0.028398
893 0.841538 0.613979 0.0256302
894 0.841538 0.631109 0.0291589
895 0.841538 0.626285 0.028917
896 0.841538 0.625605 0.0282032
897 0.841538 0.624878 0.0263163
898 0.841538 0.626076 0.0268152
899 0.84154 0.608944 0.0306323
900 0.84154 0.644469 0.0246415
901 0.84154 0.642548 0.0263283
902 0.841542 0.657579 0.0194511
903 0.841542 0.639495 0.0234378
904 0.841542 0.654547 0.0196381
905 0.841542 0.636089 0.0206771
906 0.841542 0.635198 0.0252272
907 0.842479 0.641256 0.0232565
908 0.842479 0.638309 0.0204083
909 0.842479 0.633356 0.0255229
910 0.842479 0.638734 0.0260507
911 0.842479 0.626318 0.0251169
912 0.842479 0.634619 0.0286769
913 0.842479 0.645568 0.0281099
914 0.842479 0.608671 0.030271
915 0.842479 0.60599 0.0294929
916 0.842479 0.645782 0.0259111
917 0.842479 0.625902 0.028929
918 0.842479 0.623327 0.0281804
919 0.842479 0.619591 0.0293323
920 0.842479 0.594336 0.035248
921 0.842479 0.620602 0.0279527
922 0.842479 0.615426 0.0250454
923 0.842479 0.626774 0.0230947
924 0.842479 0.642053 0.0190597
925 0.842479 0.609456 0.0253838
926 0.842479 0.639298 0.025234
927 0.842479 0.640148 0.0247406
928 0.842479 0.652571 0.0202497
929 0.842479 0.649312 0.023004
930 0.842479 0.614362 0.0274866
931 0.842479 0.593073 0.0329914
932 0.842479 0.606226 0.0297642
933 0.842667 0.597918 0.0338981
934 0.842667 0.600706 0.0301337
935 0.842667 0.57007 0.0283668
936 0.842667 0.56389 0.0315701
937 0.842667 0.559564 0.032084
938 0.842667 0.578899 0.0310099
939 0.842667 0.579305 0.0292182
940 0.842667 0.583346 0.02927
941 0.842667 0.576954 0.0320695
942 0.842667 0.594844 0.03006
943 0.842667 0.606445 0.0299949
944 0.842667 0.600868 0.0284349
945 0.842667 0.586585 0.0336689
946 0.842667 0.601001 0.0305239
947 0.842667 0.608601 0.0309089
948 0.842667 0.611728 0.0278489
949 0.842667 0.608386 0.0281434
950 0.842667 0.63046 0.0242627
951 0.842667 0.636464 0.0192195
952 0.842667 0.629322 0.0251416
953 0.842667 0.631701 0.0224846
954 0.842667 0.65177 0.0226394
955 0.843012 0.635661 0.0292532
956 0.843012 0.653244 0.0262493
957 0.843012 0.631239 0.0260065
958 0.843012 0.625888 0.0276611
959 0.843012 0.621761 0.0334986
960 0.843012 0.613161 0.0322055
961 0.843012 0.61887 0.027439
962 0.843012 0.617897 0.0280693
963 0.843012 0.64861 0.0236201
964 0.843012 0.627114 0.0275319
965 0.843012 0.60419 0.0271443
966 0.843012 0.616971 0.023206
967 0.843012 0.612357 0.0277729
968 0.843012 0.612486 0.0292536
969 0.843012 0.587782 0.0334212
970 0.843012 0.596665 0.0328501
971 0.843012 0.623034 0.0313471
972 0.843012 0.619818 0.026454
973 0.843012 0.635022 0.0252601
974 0.843012 0.638864 0.023442
975 0.843012 0.630147 0.0287459
976 0.843012 0.614738 0.0303634
977 0.843012 0.615547 0.0256358
978 0.843012 0.632809 0.0275413
979 0.843012 0.652086 0.023395
980 0.843012 0.636396 0.0285249
981 0.843012 0.650348 0.0206335
982 0.843012 0.65085 0.0224824
983 0.843012 0.649375 0.0287625
984 0.843012 0.61962 0.0298207
985 0.843012 0.628561 0.0309086
986 0.843012 0.642626 0.0280331
987 0.843012 0.630607 0.0273859
988 0.843012 0.636905 0.0244521
989 0.843012 0.62577 0.0246224
990 0.843012 0.613108 0.0273874
991 0.843012 0.618401 0.0271976
992 0.843012 0.621399 0.0252526
993 0.843012 0.616692 0.0207155
994 0.843012 0.625816 0.0212924
995 0.843012 0.640847 0.0207424
996 0.843012 0.632618 0.0224881
997 0.843012 0.632491 0.0286714
998 0.843012 0.616772 0.0271126
999 0.843012 0.597463 0.0266213
1000 0.843012 0.618093 0.0263226
