0 0.360265 0.251339 0.000340787
1 0.372018 0.25804 0.000600347
2 0.389096 0.262229 0.00133684
3 0.390323 0.26647 0.00218766
4 0.390323 0.269417 0.00309097
5 0.410033 0.275074 0.00271456
6 0.410033 0.280331 0.00302223
7 0.507259 0.28216 0.00455624
8 0.517197 0.288813 0.00523392
9 0.517197 0.290823 0.00765753
10 0.517197 0.297475 0.00714876
11 0.591662 0.308147 0.00970441
12 0.591662 0.304438 0.00953082
13 0.591662 0.292952 0.0097274
14 0.591662 0.29498 0.0107418
15 0.591662 0.305747 0.0124927
16 0.591662 0.300908 0.012949
17 0.591662 0.321411 0.0150154
18 0.591662 0.320195 0.015094
19 0.591662 0.327547 0.017839
20 0.591662 0.329765 0.0164791
21 0.591662 0.336392 0.0187399
22 0.591662 0.334814 0.0179544
23 0.591737 0.352259 0.0183544
24 0.594797 0.366827 0.0189318
25 0.606118 0.37151 0.0169962
26 0.606118 0.364584 0.0186401
27 0.629537 0.364617 0.0204792
28 0.629537 0.351765 0.018601
29 0.629537 0.356023 0.0173025
30 0.629537 0.349503 0.0172903
31 0.647953 0.334377 0.0188261
32 0.647953 0.332603 0.019881
33 0.647953 0.359253 0.0207168
34 0.652361 0.356917 0.0227923
35 0.652361 0.350607 0.0211964
36 0.652361 0.351823 0.0231365
37 0.652361 0.347436 0.0212373
38 0.673613 0.339693 0.0232045
39 0.676285 0.351676 0.0269778
40 0.676285 0.356176 0.0248348
41 0.676285 0.33993 0.0265419
42 0.676285 0.34858 0.0238347
43 0.681834 0.35994 0.028536
44 0.690293 0.363987 0.0270641
45 0.721143 0.361944 0.0300158
46 0.721143 0.35154 0.0337889
47 0.721143 0.360076 0.0351008
48 0.721143 0.358567 0.0314085
49 0.721143 0.374168 0.0344226
50 0.725403 0.364328 0.0322776
51 0.779869 0.373987 0.0355126
52 0.779869 0.381518 0.0315396
53 0.781398 0.416234 0.0399114
54 0.781398 0.436662 0.0392443
55 0.781398 0.436737 0.039562
56 0.798086 0.474314 0.0465504
57 0.80884 0.496791 0.0460655
58 0.80884 0.479612 0.0413802
59 0.80884 0.494985 0.0426283
60 0.80884 0.476693 0.0431431
61 0.811909 0.48957 0.0431175
62 0.811909 0.534317 0.0425531
63 0.814814 0.538257 0.0462818
64 0.814814 0.566045 0.0421086
65 0.815201 0.589277 0.0386896
66 0.815201 0.594707 0.0327869
67 0.815201 0.643705 0.0276748
68 0.815201 0.658996 0.0209432
69 0.819697 0.667391 0.021778
70 0.819697 0.681732 0.0181481
71 0.819697 0.691515 0.0154973
72 0.823695 0.695975 0.0155199
73 0.823695 0.694501 0.0165865
74 0.823695 0.719316 0.0126426
75 0.823695 0.713274 0.0115242
76 0.823695 0.718098 0.0112351
77 0.828464 0.724933 0.00945431
78 0.828464 0.734457 0.0087075
79 0.828464 0.723317 0.010321
80 0.828464 0.735819 0.00832964
81 0.829864 0.747328 0.00723496
82 0.829864 0.733733 0.0106208
83 0.829864 0.736731 0.00680158
84 0.829864 0.726074 0.00932386
85 0.829864 0.723801 0.0105324
86 0.829864 0.732412 0.00862207
87 0.829864 0.729389 0.00837278
88 0.833811 0.730872 0.0092761
89 0.833811 0.738266 0.00683945
90 0.833811 0.741031 0.00563393
91 0.833811 0.745756 0.00695029
92 0.833811 0.7464 0.00584699
93 0.833811 0.73523 0.00762926
94 0.836385 0.731787 0.00699879
95 0.836385 0.739623 0.00522454
96 0.836385 0.737899 0.00586644
97 0.836385 0.745734 0.00632782
98 0.836385 0.73504 0.00943705
99 0.836385 0.747029 0.00704892
100 0.836385 0.750594 0.0068026
101 0.836385 0.748656 0.00626221
102 0.836385 0.749619 0.00524575
103 0.836385 0.735839 0.00831498
104 0.836385 0.753661 0.00557805
105 0.836385 0.76323 0.00396623
106 0.836385 0.760797 0.00621848
107 0.836385 0.760059 0.00530867
108 0.836385 0.759744 0.00420561
109 0.836385 0.758525 0.00639722
110 0.836385 0.764313 0.00541873
111 0.836385 0.765219 0.00572568
112 0.836385 0.772699 0.00472775
113 0.836385 0.769997 0.00500089
114 0.836385 0.769433 0.0048643
115 0.836385 0.767561 0.00504361
116 0.843273 0.775615 0.00327976
117 0.843273 0.774907 0.00288395
118 0.843273 0.770352 0.00466476
119 0.843273 0.770306 0.00553683
120 0.843273 0.761239 0.00758109
121 0.843273 0.761945 0.00755284
122 0.843273 0.756838 0.00708217
123 0.843273 0.758866 0.00701758
124 0.843392 0.757948 0.00744215
125 0.8435 0.743796 0.00904244
126 0.843526 0.763138 0.00588091
127 0.843526 0.755558 0.00860203
128 0.843526 0.75638 0.00799134
129 0.843526 0.752574 0.00859597
130 0.843526 0.743716 0.00817992
131 0.843526 0.754262 0.00740055
132 0.843526 0.763677 0.0048918
133 0.843526 0.759029 0.00703739
134 0.843526 0.766723 0.00495915
135 0.843526 0.769055 0.00424777
136 0.843526 0.764506 0.00569668
137 0.843526 0.758054 0.00587852
138 0.843526 0.74592 0.00917003
139 0.843526 0.769089 0.00442508
140 0.843526 0.767763 0.0042612
141 0.843578 0.765989 0.00488612
142 0.843578 0.754812 0.00600559
143 0.843942 0.757791 0.00481834
144 0.843942 0.768653 0.00433646
145 0.843942 0.764569 0.00474526
146 0.843942 0.753537 0.0065291
147 0.843942 0.753937 0.00785261
148 0.843942 0.751587 0.00903623
149 0.843942 0.747338 0.00969904
150 0.843942 0.750836 0.00957695
151 0.843942 0.748655 0.00911468
152 0.843942 0.759321 0.00823143
153 0.843942 0.752988 0.00787539
154 0.843942 0.740536 0.0108862
155 0.843942 0.743465 0.00932054
156 0.843942 0.734255 0.00984809
157 0.843942 0.715336 0.0137035
158 0.843942 0.738155 0.00994075
159 0.843942 0.716738 0.0150236
160 0.843942 0.718463 0.0139287
161 0.843942 0.730645 0.0138727
162 0.843942 0.722951 0.0172908
163 0.843942 0.734825 0.0143812
164 0.843942 0.747549 0.012137
165 0.844044 0.743779 0.0124022
166 0.844044 0.748166 0.0132562
167 0.844044 0.734794 0.0112243
168 0.844044 0.728542 0.0106815
169 0.847868 0.735514 0.0131445
170 0.847876 0.728432 0.0114802
171 0.847876 0.729377 0.0129251
172 0.847876 0.741194 0.00994365
173 0.847876 0.751135 0.0083036
174 0.847876 0.770186 0.00551623
175 0.847876 0.763737 0.00694061
176 0.847889 0.766498 0.00773737
177 0.847889 0.749886 0.00852774
178 0.847889 0.752209 0.0074341
179 0.847889 0.769921 0.00607875
180 0.847889 0.764433 0.00649195
181 0.847889 0.754975 0.00881152
182 0.847889 0.77329 0.00490878
183 0.847889 0.764597 0.00649109
184 0.847889 0.760155 0.00750243
185 0.847889 0.765901 0.00614263
186 0.847889 0.767486 0.00639645
187 0.847889 0.76789 0.00555763
188 0.847889 0.760578 0.00643332
189 0.847889 0.769497 0.00529064
190 0.848234 0.759093 0.00753744
191 0.848371 0.758812 0.007319
192 0.848371 0.754255 0.00781867
193 0.848371 0.757073 0.00702386
194 0.848371 0.757138 0.00811402
195 0.848371 0.749763 0.00821333
196 0.848371 0.751933 0.00845902
197 0.848371 0.75496 0.00723878
198 0.848371 0.752029 0.00457675
199 0.848371 0.76106 0.00511456
200 0.848371 0.755294 0.0067016
201 0.848371 0.757749 0.00490764
202 0.848371 0.750491 0.00609274
203 0.848371 0.752 0.00652911
204 0.848371 0.761118 0.00585498
205 0.848371 0.764845 0.00535872
206 0.848371 0.765614 0.0055114
207 0.848371 0.76583 0.00431792
208 0.848371 0.762602 0.00569769
209 0.848371 0.766131 0.00526175
210 0.848371 0.748832 0.00692784
211 0.848371 0.750886 0.0073036
212 0.848371 0.745267 0.00833241
213 0.848371 0.746837 0.00839868
214 0.848371 0.742172 0.00912987
215 0.848371 0.744116 0.0109004
216 0.848566 0.767882 0.00646133
217 0.849225 0.756071 0.00843794
218 0.849225 0.76315 0.00786217
219 0.849225 0.753623 0.00808536
220 0.849225 0.755789 0.00911112
221 0.849225 0.762151 0.00662453
222 0.849225 0.764355 0.00562856
223 0.849225 0.759813 0.00679324
224 0.849225 0.74899 0.00848417
225 0.849225 0.744833 0.00764215
226 0.849225 0.747147 0.00750793
227 0.849225 0.749034 0.00822902
228 0.849225 0.745399 0.00620061
229 0.849539 0.740642 0.00692867
230 0.849539 0.734173 0.00922514
231 0.849539 0.744748 0.00819882
232 0.849539 0.741917 0.0082673
233 0.849539 0.740933 0.00945414
234 0.849539 0.749175 0.00833881
235 0.849539 0.761504 0.00608195
236 0.849539 0.771478 0.00490292
237 0.849539 0.770729 0.00500634
238 0.849539 0.765822 0.00701639
239 0.849539 0.765601 0.00554294
240 0.849539 0.756504 0.0100492
241 0.849539 0.758019 0.00920006
242 0.849539 0.763658 0.00606195
243 0.849539 0.761371 0.00809106
244 0.849539 0.756212 0.00836455
245 0.849539 0.752912 0.00790174
246 0.849539 0.764912 0.00638382
247 0.849539 0.75707 0.00638975
248 0.849539 0.760654 0.0053641
249 0.849539 0.751985 0.00604329
250 0.849539 0.754986 0.00766287
251 0.849539 0.751974 0.00637158
252 0.849539 0.749105 0.00867709
253 0.849539 0.751836 0.00842495
254 0.849539 0.754187 0.0067641
255 0.849539 0.752963 0.00832422
256 0.849539 0.74788 0.0088475
257 0.849539 0.74147 0.0109348
258 0.849539 0.746795 0.0109237
259 0.849539 0.748337 0.0108447
260 0.849539 0.750986 0.00834453
261 0.849539 0.749029 0.00952402
262 0.849539 0.745703 0.0106609
263 0.849539 0.758353 0.00771846
264 0.849539 0.755087 0.00860747
265 0.849539 0.757172 0.00807425
266 0.849539 0.765185 0.00672228
267 0.849539 0.762693 0.0052324
268 0.849539 0.761001 0.00522349
269 0.849539 0.755367 0.0083799
270 0.849539 0.758106 0.00779825
271 0.849539 0.75147 0.00890887
272 0.849539 0.758622 0.00946237
273 0.849539 0.761588 0.00761664
274 0.849539 0.756802 0.007882
275 0.849539 0.752508 0.0106499
276 0.849539 0.758529 0.0108502
277 0.849539 0.767448 0.00868746
278 0.849539 0.765235 0.00861042
279 0.849539 0.750248 0.0110279
280 0.849539 0.741146 0.0132029
281 0.849539 0.735684 0.0132012
282 0.849677 0.732059 0.0176591
283 0.849677 0.734158 0.0161785
284 0.849677 0.728584 0.0150208
285 0.849771 0.726813 0.0148896
286 0.849771 0.723532 0.0135527
287 0.849771 0.733507 0.0129999
288 0.849771 0.733247 0.0119428
289 0.849771 0.738943 0.00959971
290 0.849771 0.748086 0.00921871
291 0.849771 0.738698 0.0106128
292 0.849771 0.739631 0.00964708
293 0.849771 0.746305 0.0078686
294 0.850192 0.740595 0.00761903
295 0.850192 0.735165 0.00903811
296 0.850192 0.743879 0.0101545
297 0.850192 0.739885 0.010411
298 0.850192 0.747325 0.00974228
299 0.850315 0.751721 0.00945944
300 0.850315 0.754948 0.00884181
301 0.850795 0.760949 0.00701441
302 0.850795 0.763843 0.00529015
303 0.850795 0.772492 0.00462445
304 0.850795 0.771372 0.00515279
305 0.850795 0.772387 0.00438157
306 0.850795 0.767389 0.00466647
307 0.850795 0.762195 0.00575601
308 0.850795 0.765625 0.006465
309 0.850795 0.763075 0.00582092
310 0.850795 0.76486 0.00595828
311 0.850795 0.762982 0.00603336
312 0.850795 0.74358 0.00972571
313 0.850795 0.756167 0.00750339
314 0.850795 0.760332 0.00852382
315 0.850795 0.762481 0.0077901
316 0.850795 0.759615 0.00702384
317 0.853688 0.762577 0.00656344
318 0.85472 0.765528 0.00468428
319 0.85472 0.748516 0.00712822
320 0.85472 0.750637 0.00728498
321 0.85472 0.751287 0.0085581
322 0.85472 0.741414 0.00878967
323 0.85472 0.748128 0.00948601
324 0.85472 0.756497 0.00822704
325 0.85472 0.753944 0.00854343
326 0.85472 0.758328 0.00820214
327 0.85472 0.763393 0.00554494
328 0.85472 0.761514 0.00632688
329 0.85472 0.76136 0.00693153
330 0.85472 0.770726 0.00580001
331 0.85472 0.758145 0.00637606
332 0.85472 0.752188 0.00776327
333 0.85472 0.737752 0.00902284
334 0.85472 0.739055 0.00944474
335 0.85472 0.744001 0.00769134
336 0.85472 0.748101 0.00894786
337 0.85472 0.730114 0.0106657
338 0.85472 0.734827 0.010312
339 0.85472 0.737402 0.0107307
340 0.85472 0.742015 0.010858
341 0.85472 0.747374 0.0111528
342 0.85472 0.731371 0.011045
343 0.85472 0.720695 0.0120178
344 0.85472 0.72198 0.0126255
345 0.85472 0.739326 0.0100444
346 0.85472 0.736035 0.00897347
347 0.85472 0.739473 0.00778774
348 0.85472 0.751048 0.00783232
349 0.85472 0.754064 0.00690779
350 0.85472 0.759009 0.00708983
351 0.85472 0.762952 0.00572744
352 0.85472 0.759935 0.00626782
353 0.85472 0.762955 0.0072654
354 0.85472 0.766951 0.00563592
355 0.85472 0.76494 0.0069081
356 0.855065 0.761549 0.00790552
357 0.855065 0.758304 0.00623003
358 0.855065 0.752279 0.00920699
359 0.855065 0.748913 0.00949062
360 0.855065 0.73792 0.00913441
361 0.855065 0.743143 0.00823877
362 0.855065 0.750189 0.00911669
363 0.855065 0.74493 0.00974081
364 0.855065 0.748238 0.0089407
365 0.855065 0.752071 0.00753822
366 0.855065 0.744592 0.00989579
367 0.855065 0.750135 0.00687556
368 0.855065 0.749312 0.00726265
369 0.855065 0.756425 0.00724903
370 0.855065 0.742347 0.00900286
371 0.855065 0.748323 0.00728058
372 0.855065 0.762741 0.00551969
373 0.855065 0.754322 0.00674438
374 0.855065 0.764361 0.00473204
375 0.855065 0.765546 0.0055922
376 0.855065 0.760184 0.00520128
377 0.855065 0.754283 0.00699217
378 0.855065 0.756185 0.007356
379 0.855065 0.757887 0.00757323
380 0.855065 0.744989 0.00880409
381 0.855065 0.735918 0.00985391
382 0.856619 0.753255 0.00752815
383 0.856619 0.760996 0.0077741
384 0.856619 0.765034 0.00547848
385 0.856619 0.758568 0.00728677
386 0.857306 0.764665 0.00724544
387 0.857306 0.765952 0.00698149
388 0.857306 0.755507 0.0067832
389 0.857542 0.753671 0.00675477
390 0.857542 0.771658 0.00572753
391 0.857542 0.763814 0.00711544
392 0.857542 0.761586 0.00624669
393 0.857542 0.771226 0.00612058
394 0.857542 0.77763 0.00449962
395 0.857542 0.771279 0.00453623
396 0.857542 0.763282 0.00628951
397 0.857542 0.775228 0.00538001
398 0.857542 0.764483 0.0085905
399 0.857542 0.771581 0.00726008
400 0.857542 0.748471 0.0130617
401 0.858001 0.751407 0.0107016
402 0.858001 0.759706 0.0087013
403 0.858001 0.753822 0.00854734
404 0.858001 0.757276 0.00786206
405 0.860399 0.761594 0.0070742
406 0.860399 0.768186 0.00576861
407 0.860399 0.76887 0.00442461
408 0.860399 0.77039 0.00572791
409 0.860399 0.768764 0.00561021
410 0.860399 0.76982 0.00652443
411 0.860399 0.772566 0.00650051
412 0.860399 0.762919 0.00801531
413 0.860399 0.756366 0.0096045
414 0.860399 0.75589 0.00811933
415 0.860399 0.762454 0.00711441
416 0.860399 0.757809 0.00791749
417 0.860399 0.758389 0.00772462
418 0.860399 0.75753 0.00814457
419 0.860399 0.764101 0.00671128
420 0.860399 0.763172 0.00654476
421 0.860399 0.769174 0.00660188
422 0.860399 0.758463 0.00739088
423 0.860399 0.771209 0.00684487
424 0.860399 0.778067 0.00517034
425 0.860399 0.774819 0.00484239
426 0.860399 0.765766 0.00619141
427 0.862391 0.763059 0.00610818
428 0.862391 0.770358 0.00566673
429 0.862391 0.776262 0.00412249
430 0.862391 0.770437 0.00495745
431 0.862391 0.758302 0.00764016
432 0.862391 0.758286 0.00765166
433 0.862391 0.753552 0.00739135
434 0.862391 0.761832 0.00805337
435 0.862391 0.759073 0.00923992
436 0.862391 0.759657 0.00740015
437 0.862391 0.763645 0.00728002
438 0.862391 0.761068 0.00925184
439 0.862391 0.751876 0.0121798
440 0.862391 0.740552 0.0144017
441 0.862391 0.746263 0.0124224
442 0.862391 0.747443 0.0129067
443 0.862391 0.746518 0.0111048
444 0.862391 0.738728 0.0137935
445 0.862391 0.745797 0.0129646
446 0.862391 0.738184 0.0129679
447 0.862391 0.735201 0.0122743
448 0.862391 0.727345 0.0125443
449 0.862391 0.738246 0.0112208
450 0.862391 0.743703 0.00801658
451 0.862391 0.75553 0.00811054
452 0.862391 0.748659 0.0119797
453 0.862391 0.75641 0.00922533
454 0.862391 0.756574 0.00832834
455 0.862391 0.763606 0.00713062
456 0.862391 0.759243 0.00960962
457 0.862391 0.752799 0.0115539
458 0.862391 0.754149 0.00998745
459 0.862391 0.753434 0.00914237
460 0.862391 0.755775 0.00902795
461 0.862391 0.75029 0.00964331
462 0.862391 0.747058 0.0117149
463 0.862391 0.756897 0.00938705
464 0.862391 0.753309 0.00943548
465 0.862391 0.754787 0.00769735
466 0.862391 0.759201 0.00726585
467 0.862391 0.772561 0.00567793
468 0.862553 0.772176 0.00608753
469 0.862553 0.768324 0.00631776
470 0.862553 0.767549 0.0065522
471 0.862553 0.764144 0.00638159
472 0.862553 0.757705 0.00973741
473 0.862553 0.751888 0.0107128
474 0.862553 0.756533 0.00824398
475 0.862553 0.755204 0.00846984
476 0.862553 0.755989 0.00838618
477 0.862553 0.752087 0.0103364
478 0.862553 0.76296 0.00802624
479 0.862553 0.763211 0.0076421
480 0.862553 0.767601 0.00712362
481 0.862553 0.774876 0.00496365
482 0.862553 0.776015 0.00526511
483 0.862553 0.762728 0.00789702
484 0.862553 0.765364 0.00815904
485 0.862553 0.767134 0.00807663
486 0.864498 0.764033 0.00835209
487 0.864498 0.773554 0.00837082
488 0.864498 0.776839 0.00699056
489 0.864498 0.767996 0.00972722
490 0.864498 0.759201 0.00970489
491 0.864498 0.770045 0.00802698
492 0.864498 0.75958 0.00859347
493 0.864498 0.754801 0.0100018
494 0.864498 0.756809 0.00892264
495 0.864498 0.762398 0.00848603
496 0.864498 0.764166 0.00860572
497 0.864498 0.762305 0.00906268
498 0.864498 0.759737 0.00992087
499 0.864498 0.755597 0.00972727
500 0.864498 0.748983 0.0140678
501 0.864498 0.744658 0.0135354
502 0.864498 0.743769 0.0103576
503 0.864498 0.736636 0.011182
504 0.864498 0.738152 0.0105255
505 0.864498 0.739918 0.0115942
506 0.864498 0.741517 0.0102493
507 0.864498 0.754883 0.00846113
508 0.864498 0.749587 0.0097302
509 0.864498 0.75955 0.00804511
510 0.864498 0.764077 0.00612847
511 0.864498 0.777299 0.00473408
512 0.864498 0.771168 0.00521668
513 0.864498 0.772189 0.00559333
514 0.864498 0.781965 0.00403979
515 0.864498 0.782029 0.00407394
516 0.864498 0.779975 0.00382471
517 0.864498 0.771436 0.00719454
518 0.864498 0.768738 0.00934525
519 0.864498 0.761726 0.00927001
520 0.864498 0.774334 0.00794589
521 0.864498 0.774822 0.0061651
522 0.864498 0.7715 0.00589005
523 0.864498 0.772885 0.00518417
524 0.864498 0.761225 0.00832472
525 0.864498 0.759861 0.00681649
526 0.864498 0.75457 0.00864464
527 0.864498 0.754515 0.00758815
528 0.864498 0.75111 0.0103289
529 0.864498 0.757593 0.00768352
530 0.864498 0.755147 0.0094508
531 0.864498 0.756429 0.00831095
532 0.864498 0.753745 0.0114452
533 0.864498 0.75221 0.0103565
534 0.864498 0.757518 0.0101216
535 0.864498 0.769728 0.00575471
536 0.864498 0.76553 0.00674862
537 0.864498 0.759656 0.00732621
538 0.864498 0.758804 0.0078687
539 0.864498 0.759938 0.00688046
540 0.864498 0.758246 0.00646877
541 0.864498 0.761231 0.00618465
542 0.864498 0.753935 0.00769853
543 0.864498 0.749676 0.00683884
544 0.864498 0.753868 0.00753146
545 0.864498 0.76245 0.00633282
546 0.864498 0.775726 0.00457928
547 0.864498 0.772592 0.00431958
548 0.864498 0.758092 0.00915036
549 0.864498 0.75761 0.00819528
550 0.864498 0.745555 0.00857695
551 0.864498 0.745742 0.0101133
552 0.864498 0.740371 0.0130109
553 0.864498 0.762162 0.00721156
554 0.864498 0.761596 0.0085745
555 0.864498 0.763069 0.00756783
556 0.864498 0.767181 0.00807038
557 0.864498 0.764937 0.00665282
558 0.864498 0.747894 0.00957395
559 0.864498 0.748567 0.0080807
560 0.864498 0.756912 0.00710279
561 0.864498 0.759836 0.0068715
562 0.864498 0.757936 0.00571876
563 0.864498 0.764452 0.00552719
564 0.864498 0.764816 0.00697134
565 0.864498 0.753706 0.00830123
566 0.864498 0.754787 0.00942213
567 0.864498 0.764177 0.00874308
568 0.864498 0.768788 0.00976003
569 0.864498 0.762554 0.0102217
570 0.864498 0.764962 0.00712134
571 0.864498 0.76659 0.00648943
572 0.864498 0.774997 0.00560548
573 0.864498 0.77046 0.0065902
574 0.864498 0.761915 0.00761297
575 0.864498 0.764294 0.0089173
576 0.864498 0.750654 0.00936399
577 0.864498 0.757704 0.00904705
578 0.864498 0.767394 0.00749908
579 0.864498 0.766234 0.00578195
580 0.864498 0.769312 0.00502539
581 0.864498 0.777889 0.00426218
582 0.864498 0.760154 0.00741294
583 0.864498 0.764555 0.00557046
584 0.864498 0.769254 0.0058734
585 0.864498 0.76338 0.00549613
586 0.864498 0.763892 0.00582647
587 0.864498 0.766491 0.00543918
588 0.864498 0.754408 0.00721621
589 0.864498 0.753513 0.00807849
590 0.864498 0.761184 0.0069143
591 0.864498 0.76999 0.00652382
592 0.864498 0.768543 0.00613398
593 0.864498 0.767147 0.00518169
594 0.864498 0.764441 0.00632128
595 0.864498 0.768223 0.00492293
596 0.864498 0.761266 0.00728112
597 0.864498 0.753173 0.0113372
598 0.864498 0.751815 0.0113926
599 0.864498 0.759677 0.00907129
600 0.864498 0.761833 0.00712671
601 0.864498 0.770677 0.00577974
602 0.864498 0.775292 0.00374893
603 0.864498 0.773737 0.00506455
604 0.864498 0.774505 0.00425756
605 0.864498 0.77629 0.00526832
606 0.864498 0.771338 0.00549623
607 0.864498 0.770407 0.00682865
608 0.864498 0.765779 0.00617529
609 0.864498 0.770625 0.00473617
610 0.864498 0.765142 0.00898184
611 0.864498 0.756338 0.0102073
612 0.864498 0.748038 0.0110354
613 0.864498 0.754831 0.00848971
614 0.864498 0.76262 0.00814302
615 0.864498 0.774429 0.00676133
616 0.864498 0.772959 0.00577431
617 0.864498 0.771526 0.00757091
618 0.864498 0.774936 0.00586988
619 0.864498 0.767245 0.0052941
620 0.864498 0.76536 0.00669024
621 0.864498 0.7698 0.00470424
622 0.864498 0.769681 0.00506064
623 0.864498 0.769454 0.00559407
624 0.864498 0.777047 0.00453351
625 0.864498 0.766721 0.00679707
626 0.864498 0.759955 0.00717365
627 0.864498 0.755886 0.00684212
628 0.864498 0.774898 0.00429857
629 0.864498 0.763487 0.00753716
630 0.864498 0.757434 0.00652888
631 0.864498 0.745732 0.00809307
632 0.864498 0.74713 0.0105768
633 0.864498 0.758892 0.00918218
634 0.864498 0.761217 0.00776304
635 0.864498 0.766352 0.00818672
636 0.864498 0.764781 0.00867091
637 0.864498 0.758859 0.00993245
638 0.865902 0.766058 0.00881887
639 0.865902 0.766833 0.00796136
640 0.865902 0.770982 0.00758035
641 0.865902 0.772841 0.00640268
642 0.865902 0.766831 0.00725775
643 0.865902 0.765001 0.00690691
644 0.865902 0.755605 0.00711023
645 0.865902 0.753243 0.00656305
646 0.865902 0.746234 0.0085628
647 0.865902 0.740338 0.00968347
648 0.865902 0.743816 0.00894837
649 0.865902 0.753765 0.00868643
650 0.865902 0.756272 0.00896262
651 0.865902 0.759042 0.00980431
652 0.865902 0.758297 0.00904062
653 0.865902 0.757659 0.00913214
654 0.865902 0.751093 0.0119057
655 0.865902 0.762018 0.00785705
656 0.865902 0.771492 0.00730876
657 0.865902 0.775776 0.00755669
658 0.865902 0.768767 0.00760583
659 0.865902 0.761403 0.0087362
660 0.865902 0.751752 0.00938189
661 0.865902 0.754515 0.0105398
662 0.865902 0.756483 0.010097
663 0.865902 0.755959 0.00697596
664 0.865902 0.741836 0.00887568
665 0.866147 0.7468 0.0106047
666 0.866147 0.75225 0.00835709
667 0.866147 0.759319 0.00703443
668 0.866147 0.759733 0.00784337
669 0.866147 0.750842 0.00905998
670 0.866147 0.761816 0.00811652
671 0.866147 0.762351 0.00711985
672 0.866147 0.760907 0.0081364
673 0.866147 0.760728 0.00606659
674 0.866147 0.762648 0.00599453
675 0.866147 0.753527 0.00750551
676 0.866147 0.746555 0.0105579
677 0.866147 0.739815 0.0119875
678 0.866147 0.741364 0.0134724
679 0.866147 0.737479 0.015122
680 0.866147 0.737734 0.0156656
681 0.866147 0.737928 0.0140869
682 0.866147 0.727051 0.0156744
683 0.866147 0.74316 0.0131717
684 0.866147 0.754954 0.00940864
685 0.866147 0.758709 0.00898343
686 0.866147 0.751998 0.00923757
687 0.866147 0.749192 0.0118177
688 0.866147 0.763533 0.00953402
689 0.866147 0.759771 0.00946864
690 0.866147 0.782124 0.00701864
691 0.866147 0.786135 0.00378448
692 0.866147 0.776455 0.00707331
693 0.866147 0.779152 0.00487877
694 0.866147 0.774708 0.006991
695 0.866147 0.752373 0.00966012
696 0.866147 0.747401 0.012684
697 0.866147 0.750635 0.0104742
698 0.866147 0.752392 0.0108499
699 0.866147 0.751428 0.0103883
700 0.866147 0.746259 0.00921883
701 0.866147 0.760582 0.00796213
702 0.866147 0.740261 0.00932345
703 0.866147 0.739801 0.00968681
704 0.866147 0.75589 0.0077898
705 0.866147 0.760598 0.00728037
706 0.866147 0.761099 0.00946357
707 0.866147 0.750665 0.0125544
708 0.866147 0.759366 0.00908958
709 0.866147 0.771085 0.00624473
710 0.866147 0.759504 0.00757364
711 0.866147 0.753348 0.00973599
712 0.866406 0.7449 0.0135011
713 0.866406 0.754038 0.00888816
714 0.866406 0.751636 0.00826583
715 0.866406 0.748884 0.00883983
716 0.866406 0.754267 0.00857498
717 0.866406 0.762954 0.00866817
718 0.866406 0.756798 0.00928596
719 0.866406 0.749768 0.00960358
720 0.866406 0.754478 0.00970787
721 0.866406 0.759107 0.00907452
722 0.866406 0.760416 0.00936762
723 0.866406 0.750617 0.0120382
724 0.866406 0.772855 0.00734539
725 0.866406 0.751985 0.00989224
726 0.866406 0.753397 0.0101066
727 0.866406 0.755918 0.00896814
728 0.866406 0.758366 0.00668058
729 0.866406 0.759787 0.00870047
730 0.866406 0.753407 0.00939856
731 0.866406 0.773536 0.00611441
732 0.866406 0.768015 0.00597259
733 0.866406 0.771835 0.00534447
734 0.866406 0.766052 0.0064068
735 0.866406 0.767363 0.00760093
736 0.866406 0.766918 0.00726079
737 0.866406 0.769233 0.00688824
738 0.866406 0.765424 0.00745668
739 0.866406 0.757415 0.00910094
740 0.866406 0.765204 0.00774283
741 0.866406 0.765289 0.00827521
742 0.866406 0.753679 0.00794657
743 0.866406 0.75492 0.00792694
744 0.866406 0.758128 0.00869375
745 0.866406 0.754491 0.00893193
746 0.866406 0.740806 0.010837
747 0.866406 0.750975 0.0092952
748 0.866406 0.747607 0.00937488
749 0.866406 0.74721 0.0104513
750 0.866406 0.741711 0.0106604
751 0.866406 0.747976 0.0106625
752 0.866406 0.763516 0.00874564
753 0.866406 0.780246 0.00500236
754 0.866406 0.776368 0.00554649
755 0.866406 0.776371 0.00596872
756 0.866406 0.772253 0.0061992
757 0.866406 0.76355 0.00665796
758 0.866406 0.763691 0.00676222
759 0.86655 0.760997 0.00845922
760 0.86655 0.773471 0.00661502
761 0.86655 0.760321 0.00750287
762 0.86655 0.757325 0.00795838
763 0.86655 0.749641 0.008302
764 0.86655 0.7555 0.00699419
765 0.86655 0.75205 0.00756729
766 0.86655 0.758086 0.00731049
767 0.86655 0.759376 0.00655396
768 0.86655 0.764195 0.00604824
769 0.86655 0.766775 0.00577176
770 0.86655 0.757454 0.00768775
771 0.86655 0.760579 0.00747462
772 0.86655 0.754703 0.00791895
773 0.86655 0.75883 0.00810367
774 0.86655 0.74533 0.00854813
775 0.86655 0.75203 0.00914182
776 0.86655 0.748557 0.0108306
777 0.86655 0.76255 0.00810171
778 0.86655 0.761677 0.00715534
779 0.86655 0.760367 0.00733541
780 0.86655 0.738398 0.00982505
781 0.86655 0.737115 0.0126576
782 0.86655 0.731525 0.0139942
783 0.86655 0.725586 0.0163019
784 0.86655 0.7351 0.0106342
785 0.86655 0.750772 0.00927029
786 0.86655 0.73829 0.0120735
787 0.86655 0.743856 0.00993225
788 0.86655 0.743902 0.0111382
789 0.86655 0.735103 0.0120782
790 0.86655 0.737404 0.0108589
791 0.86655 0.737232 0.00983847
792 0.86655 0.733707 0.00926153
793 0.86655 0.735103 0.0105218
794 0.86655 0.73939 0.00932553
795 0.86655 0.74759 0.00930968
796 0.86655 0.749866 0.0108873
797 0.86655 0.744722 0.0108331
798 0.86655 0.747562 0.0107682
799 0.86655 0.756168 0.0101449
800 0.86655 0.757254 0.00876053
801 0.86655 0.759395 0.00925335
802 0.86655 0.750128 0.0119521
803 0.86655 0.762175 0.0105265
804 0.86655 0.764503 0.00974105
805 0.86655 0.766208 0.00797067
806 0.86655 0.758284 0.0101294
807 0.86655 0.748487 0.0114906
808 0.86655 0.752814 0.0105494
809 0.86655 0.751307 0.012889
810 0.86655 0.726671 0.0186905
811 0.86655 0.730581 0.0214593
812 0.86655 0.747648 0.0137608
813 0.86655 0.750888 0.0148971
814 0.86655 0.740282 0.0189936
815 0.86655 0.765981 0.00866227
816 0.866831 0.761014 0.008819
817 0.866831 0.760972 0.00869691
818 0.866831 0.759761 0.00936166
819 0.866831 0.761175 0.00862891
820 0.866831 0.755366 0.00828115
821 0.866831 0.745615 0.00891695
822 0.866831 0.763636 0.00613818
823 0.866831 0.762834 0.00803768
824 0.866831 0.759142 0.0080439
825 0.867265 0.760587 0.00756372
826 0.867265 0.762085 0.00740496
827 0.867265 0.763372 0.00840348
828 0.867265 0.771251 0.00609069
829 0.867265 0.774339 0.00813373
830 0.867265 0.770718 0.00953066
831 0.867265 0.768964 0.00928225
832 0.867265 0.773716 0.00816719
833 0.867265 0.77279 0.00741718
834 0.867265 0.766344 0.00760545
835 0.8691 0.755415 0.00847085
836 0.8691 0.762607 0.0083891
837 0.8691 0.762156 0.00729759
838 0.8691 0.766438 0.00662339
839 0.8691 0.764227 0.00599503
840 0.8691 0.770977 0.00611036
841 0.8691 0.776713 0.00618809
842 0.8691 0.776341 0.00694628
843 0.8691 0.767439 0.00719396
844 0.8691 0.760962 0.00891851
845 0.8691 0.75636 0.00966868
846 0.8691 0.7555 0.00861449
847 0.8691 0.768701 0.00915294
848 0.86937 0.762025 0.00806311
849 0.86937 0.76838 0.00775708
850 0.86937 0.763289 0.0077182
851 0.86937 0.753875 0.00838298
852 0.86937 0.75444 0.00942489
853 0.86937 0.757667 0.00886719
854 0.86937 0.769503 0.00585961
855 0.86937 0.764437 0.0102517
856 0.86937 0.756001 0.0108768
857 0.86937 0.751373 0.0128476
858 0.86937 0.751684 0.0124753
859 0.86937 0.745387 0.0115476
860 0.86937 0.734659 0.0128789
861 0.86937 0.7443 0.0108307
862 0.86937 0.749915 0.0113698
863 0.86937 0.765507 0.0102489
864 0.86937 0.759244 0.0126869
865 0.86937 0.776001 0.00863111
866 0.86937 0.777452 0.00745042
867 0.86937 0.777139 0.00774907
868 0.86937 0.772093 0.00857389
869 0.86937 0.756449 0.0110513
870 0.86937 0.750093 0.012885
871 0.869568 0.768198 0.010849
872 0.869568 0.756441 0.0124882
873 0.869568 0.764218 0.00803165
874 0.869568 0.751994 0.00930495
875 0.869568 0.759818 0.0094563
876 0.86966 0.741616 0.0107217
877 0.86966 0.757505 0.00947628
878 0.870703 0.7453 0.0121604
879 0.870703 0.754623 0.0094355
880 0.870703 0.748945 0.0123654
881 0.870703 0.762749 0.00970244
882 0.870703 0.771034 0.00819744
883 0.870703 0.781716 0.00556261
884 0.870703 0.76143 0.00907349
885 0.870703 0.765187 0.00757866
886 0.870703 0.764446 0.00720285
887 0.870703 0.762059 0.00833792
888 0.870703 0.756636 0.0102408
889 0.870703 0.748288 0.0114954
890 0.870703 0.743547 0.0141446
891 0.870703 0.755195 0.00944952
892 0.870703 0.753855 0.00927538
893 0.870703 0.741947 0.0108785
894 0.870703 0.754648 0.00845474
895 0.870703 0.765328 0.0084477
896 0.870703 0.763018 0.00710294
897 0.870703 0.772424 0.00693908
898 0.870703 0.766402 0.00697476
899 0.870703 0.774624 0.00734872
900 0.870703 0.769835 0.0073114
901 0.870703 0.76189 0.00842873
902 0.870703 0.751106 0.00829237
903 0.870703 0.758286 0.00667237
904 0.871671 0.762197 0.00692957
905 0.871671 0.769724 0.00603821
906 0.871671 0.773355 0.00607513
907 0.871671 0.774968 0.00678568
908 0.871671 0.771313 0.00679304
909 0.871671 0.77974 0.00535962
910 0.871671 0.775826 0.00619753
911 0.871671 0.767232 0.00705846
912 0.871671 0.767619 0.00650896
913 0.871671 0.761261 0.00781546
914 0.871671 0.763548 0.00978269
915 0.871671 0.762263 0.00957882
916 0.871671 0.76312 0.00851861
917 0.871671 0.767603 0.00701283
918 0.871671 0.762445 0.00870304
919 0.871671 0.751578 0.0113002
920 0.871671 0.747101 0.010261
921 0.871671 0.744287 0.00967305
922 0.871671 0.741816 0.0100983
923 0.871671 0.752966 0.00989722
924 0.871671 0.759448 0.00842192
925 0.871671 0.769972 0.00781789
926 0.871671 0.7691 0.00867583
927 0.871671 0.765616 0.00932712
928 0.874939 0.761325 0.00829708
929 0.874939 0.750034 0.0107634
930 0.874939 0.750935 0.00845352
931 0.874939 0.752504 0.0101355
932 0.874939 0.750778 0.0106764
933 0.874939 0.744874 0.0116524
934 0.874939 0.746358 0.0111559
935 0.874939 0.747672 0.0133392
936 0.874939 0.744748 0.0103177
937 0.874939 0.746999 0.011123
938 0.874939 0.745454 0.0106231
939 0.874939 0.768044 0.00851992
940 0.874939 0.764547 0.00773943
941 0.874939 0.760428 0.0108333
942 0.874939 0.762493 0.0104217
943 0.874939 0.77017 0.00868673
944 0.874939 0.761428 0.00937729
945 0.874939 0.762338 0.0112441
946 0.874939 0.758102 0.0120041
947 0.874939 0.744424 0.013678
948 0.874939 0.745787 0.0154055
949 0.874939 0.753804 0.0112794
950 0.874939 0.748308 0.0114791
951 0.874939 0.760226 0.0121116
952 0.874939 0.754672 0.00909767
953 0.875447 0.753897 0.0114141
954 0.875447 0.770519 0.0079929
955 0.875447 0.761841 0.00937143
956 0.875447 0.754503 0.0094526
957 0.875447 0.761662 0.0107822
958 0.875447 0.755758 0.0103532
959 0.875447 0.75618 0.0093551
960 0.875447 0.750005 0.0106752
961 0.875447 0.753144 0.0110192
962 0.875447 0.763441 0.00872022
963 0.875447 0.77468 0.00830145
964 0.875447 0.765101 0.00791619
965 0.875447 0.768652 0.00886631
966 0.87547 0.764997 0.00881025
967 0.87547 0.759662 0.0107271
968 0.87547 0.755348 0.0141774
969 0.87547 0.762507 0.00947374
970 0.87547 0.767741 0.00808486
971 0.87547 0.762221 0.00862264
972 0.87547 0.758819 0.00989598
973 0.87547 0.779158 0.00609267
974 0.87547 0.772431 0.00778213
975 0.87547 0.762559 0.00904063
976 0.87547 0.769471 0.00760971
977 0.87547 0.77206 0.00704215
978 0.87547 0.7629 0.00909239
979 0.87547 0.768581 0.00871075
980 0.87547 0.752803 0.0100949
981 0.87547 0.759497 0.010304
982 0.87547 0.761648 0.00995989
983 0.87547 0.774118 0.00763565
984 0.87547 0.763965 0.00718116
985 0.87547 0.767686 0.00895279
986 0.87547 0.77087 0.00855107
987 0.87547 0.783759 0.00658722
988 0.87547 0.768971 0.00771881
989 0.87547 0.776737 0.00652978
990 0.87547 0.771616 0.00738754
991 0.87547 0.774537 0.00715966
992 0.87547 0.780191 0.00651672
993 0.87547 0.773746 0.00655981
994 0.87547 0.770869 0.00882069
995 0.87547 0.77518 0.00707023
996 0.87547 0.786608 0.0043091
997 0.87547 0.782546 0.00521149
998 0.87547 0.775298 0.00881701
999 0.87547 0.775176 0.00700075
1000 0.87547 0.778215 0.00626189
